19790101
6.112
3.185
4.398
8.676
7.021
0.204
6.935
9.551
3.936
3.531
2.574
0.515
0.536
0.129
1.360
2.118
0.288
0.165
2.347
11.970
2.081
5.519
11.584
5.709
3.953
6.080
7.347
1.394
0.228
11.487
14.696
3.505
15.680
30.151
1.120
4.957
10.299
5.026
1.892
7.729
8.120
4.458
10.547
6.703
13.972
2.075
0.984
9.927
6.171
6.034
0.929
5.874
5.880
2.855
4.060
9.857
11.309
20.414
3.825
6.127
16.888
11.876
16.675
67.954
2.613
16.903
12.377
10.169
7.088
5.672
0.927
10.032
0.439
17.630
7.833
14.104
19.298
30.415
22.345
22.848
8.820
7.203
20.306
13.074
41.964
0.810
6.812
6.391
7.333
7.763
1.909
8.147
10.265
8.001
7.018
9.392
1.799
0.010
0.000
3.782
0.000
11.778
12.054
11.985
11.563
11.714
11.563
8.823
13.565
1.277
18.315
31.860
19.408
2.983
0.103
0.000
0.000
2.808
3.466
9.671
3.457
10.073
3.241
7.028
2.642
8.648
3.444
1.658
8.995
2.410
3.759
5.644
5.613
4.048
3.880
8.770
1.281
4.000
8.041
6.255
7.474
4.199
10.684
7.742
0.419
3.794
6.295
0.278
6.262
9.572
7.447
0.000
0.000
0.000
0.000
0.000
1.093
1.133
0.000
0.086
0.125
0.000
0.000
3.919
0.536
0.436
0.000
0.000
0.000
0.000
0.000
0.000
0.000
0.000
0.000
0.000
0.000
0.000
0.000
0.000
0.000
0.000
0.000
0.000
1.258
0.357
0.000
0.000
0.000
0.000
0.000
0.000
0.000
0.000
0.000
0.000
0.000
0.041
0.000
0.000
0.687
0.000
0.000
2.197
4.398
0.000
0.000
0.007
5.392
0.000
0.000
0.000
0.000
0.000
0.000
0.000
1.044
0.000
0.000
0.498
0.137
0.000
0.000
0.760
0.000
0.893
12.311
0.000
3.212
0.000
3.567
0.000
7.616
0.000
0.000
0.000
0.000
0.000
0.618
0.000
0.491
0.355
0.000
0.000
0.000
5.457
0.124
0.010
0.000
0.000
0.034
0.000
3.787
2.688
0.688
0.000
3.720
0.000
0.000
0.842
0.024
0.192
0.000
0.000
0.000
0.000
0.000
1.145
0.245
3.253
0.927
0.000
0.000
0.000
0.000
0.041
0.014
0.031
3.691
3.557
0.000
0.999
0.886
0.082
0.000
0.714
0.003
3.842
2.772
0.000
0.000
0.069
0.022
0.000
0.000
0.000
0.000
0.282
2.753
6.303
0.093
1.016
0.299
0.021
0.000
1.451
6.403
0.084
2.264
3.152
4.840
10.076
11.256
0.989
2.812
0.000
0.280
66.862
27.332
1.697
0.470
0.000
5.219
4.213
14.797
5.071
8.532
7.323
3.001
0.609
0.000
0.000
0.000
0.069
8.655
0.021
0.000
6.662
6.370
23.284
0.419
5.624
0.003
1.062
15.295
0.431
1.452
8.847
15.166
9.431
4.291
1.735
6.580
8.823
2.752
2.110
3.482
7.469
3.405
0.860
5.543
13.505
7.116
6.406
13.513
35.757
1.270
5.991
2.812
0.120
9.980
1.672
6.545
4.625
6.894
4.601
0.048
0.498
21.027
11.455
3.483
11.196
8.964
6.863
0.172
14.432
14.938
15.910
5.885
2.740
4.661
0.948
6.324
9.665
3.701
8.696
8.296
8.758
10.018
2.359
0.373
0.039
2.679
8.156
0.275
0.096
0.745
6.036
3.739
0.956
0.129
0.065
46.167
19.945
4.927
2.527
1.095
0.000
0.000
0.000
0.122
0.062
0.000
0.000
0.000
0.027
0.041
12.298
3.066
5.048
0.000
16.107
25.988
0.302
7.539
2.046
6.496
16.534
6.874
114.935
10.266
2.779
15.096
21.181
18.352
11.682
7.600
2.779
8.705
13.010
4.873
37.704
1.451
8.492
28.699
12.308
1.260
3.742
5.637
9.812
2.115
4.491
8.779
11.798
7.622
0.810
6.715
7.028
13.232
0.453
11.429
34.682
2.046
4.849
7.859
3.976
0.929
0.000
0.731
1.727
5.133
3.941
5.871
9.606
4.896
11.398
1.405
3.224
0.987
0.000
0.000
0.815
9.936
10.959
2.510
3.099
5.818
2.465
4.151
10.468
4.652
9.816
7.361
6.464
0.385
8.102
6.048
11.022
10.290
0.245
0.000
0.000
0.000
0.000
2.106
1.495
9.017
6.420
8.132
2.977
2.522
0.007
0.000
1.107
0.000
0.300
0.000
0.000
0.000
0.276
12.277
7.627
0.000
0.110
0.000
0.000
0.548
0.783
0.048
0.000
1.243
0.506
2.105
1.638
0.084
2.983
0.000
0.000
2.791
1.037
0.000
0.000
0.000
0.000
0.003
0.014
0.221
5.952
0.000
0.017
0.000
0.144
0.000
0.000
0.000
0.000
0.000
0.530
0.064
0.014
0.000
0.000
0.000
0.000
0.000
0.144
9.165
4.806
0.000
0.000
0.000
0.000
0.000
0.000
0.000
1.112
3.437
0.031
0.000
0.292
0.257
0.007
0.010
0.000
0.000
0.347
0.000
0.000
0.000
0.000
7.052
10.554
0.034
0.027
0.079
0.000
0.000
0.000
0.000
0.000
0.000
0.000
0.206
0.027
0.000
0.000
0.000
0.367
3.567
0.000
0.000
0.000
0.000
0.000
7.464
0.000
0.000
0.000
0.000
0.017
0.003
0.000
0.000
0.000
0.498
0.082
0.240
0.000
0.000
0.621
2.328
0.062
8.054
13.740
0.769
0.000
1.401
2.393
0.235
0.000
0.000
7.711
0.000
0.000
26.896
2.252
1.243
7.417
12.933
0.110
0.089
2.853
3.547
0.000
6.561
10.001
0.000
4.195
0.776
4.815
0.985
0.187
0.328
0.154
0.000
0.000
0.000
0.120
0.000
2.874
19.217
1.298
0.091
0.172
0.000
0.048
1.917
15.161
1.468
17.111
9.213
0.549
2.505
13.484
15.365
15.453
89.151
5.795
7.062
3.236
7.514
10.372
18.497
24.242
2.759
2.328
0.292
0.000
2.506
9.699
0.309
0.453
5.751
3.924
4.999
16.610
16.727
10.559
0.000
0.000
13.709
0.505
0.000
10.770
2.235
23.452
19.806
14.602
6.866
0.014
0.017
5.404
1.411
14.931
10.482
11.556
14.054
13.197
11.144
7.095
0.409
3.660
5.988
35.639
7.907
10.186
12.435
10.399
12.833
11.402
3.008
0.000
0.065
0.503
0.000
7.433
10.372
3.512
2.038
9.047
9.850
12.106
3.049
19.822
10.583
3.928
1.360
3.299
4.801
8.295
21.331
7.314
13.618
7.232
15.216
10.080
9.615
15.398
17.413
28.060
1.909
2.163
14.255
3.454
12.875
14.583
11.594
11.536
10.427
9.011
36.653
4.609
1.617
8.865
29.368
25.142
1.856
12.808
17.224
9.363
12.603
0.633
0.443
1.032
0.104
4.504
16.730
8.391
3.868
2.839
14.397
9.255
0.688
2.580
13.743
1.626
8.413
0.244
16.728
5.687
5.696
7.618
5.249
12.936
19.611
9.702
4.518
10.382
5.491
8.691
11.251
7.999
20.180
7.560
0.429
15.680
21.804
4.988
4.419
0.347
1.590
4.940
1.720
2.074
0.494
1.476
10.643
6.314
2.911
4.360
1.016
1.131
1.432
0.000
8.966
6.882
4.875
3.203
6.875
4.568
4.259
2.678
7.723
6.355
2.824
4.068
7.364
0.300
3.188
7.567
7.393
1.384
0.000
0.003
0.003
4.895
2.553
1.952
2.498
2.089
0.024
0.000
2.166
2.232
6.242
0.237
6.135
1.500
6.557
0.944
0.000
0.295
9.191
4.154
7.670
6.602
2.235
4.717
6.049
0.288
0.000
0.000
0.000
1.662
0.000
0.862
0.000
0.000
0.000
0.000
0.000
0.000
0.433
4.999
3.001
0.553
0.027
0.000
0.000
0.000
0.000
0.000
1.430
0.000
0.000
0.000
0.000
0.072
6.324
0.206
0.000
0.000
0.000
0.000
0.000
0.000
0.000
0.000
0.000
0.000
0.000
0.000
0.000
0.000
0.000
0.000
0.079
8.758
0.048
0.000
1.682
8.751
0.175
0.000
0.000
0.000
0.000
0.007
0.045
0.000
0.148
0.000
0.000
0.000
0.000
0.000
0.000
0.000
0.000
6.619
31.843
0.000
0.137
1.686
0.000
0.041
0.000
0.302
2.654
0.000
0.000
0.000
0.103
0.609
1.672
0.611
0.120
0.014
0.000
1.473
0.000
0.134
0.024
0.000
8.072
22.845
0.076
0.076
0.048
0.010
0.000
0.000
1.013
0.158
0.000
0.000
0.000
0.000
0.000
2.781
0.596
14.131
15.748
0.101
0.000
0.000
0.000
0.168
5.352
0.577
0.910
4.120
0.000
0.000
0.000
0.000
0.395
11.628
0.000
0.000
0.175
4.875
1.744
0.000
1.397
0.000
0.000
0.000
0.041
0.089
0.309
0.000
0.000
0.000
0.889
0.103
7.776
20.539
10.664
15.281
29.766
5.807
0.697
3.749
22.065
29.179
0.312
9.812
7.927
2.585
8.664
4.855
0.021
8.820
5.043
21.489
2.204
49.900
6.441
9.270
9.589
17.468
43.516
5.116
0.027
6.334
24.187
12.322
4.463
2.321
9.608
16.282
6.945
0.374
12.658
11.625
11.546
10.605
26.923
10.622
11.203
3.634
8.106
3.253
16.713
3.098
20.433
5.910
5.287
8.041
8.113
0.391
7.776
2.005
5.335
16.222
12.954
6.592
5.782
16.150
5.830
1.978
1.645
7.175
7.464
2.290
3.444
20.026
25.907
6.427
1.960
0.055
0.266
8.882
8.459
16.785
9.278
3.728
2.009
0.651
2.549
9.349
20.132
9.781
10.174
11.386
8.763
14.916
9.282
2.953
4.393
3.636
0.282
12.469
7.354
5.981
46.227
0.637
15.254
10.909
19.884
14.523
14.639
24.085
40.339
1.540
3.526
18.034
20.402
0.391
7.939
3.050
10.459
6.715
12.531
31.237
4.234
0.566
4.992
9.646
7.031
7.498
9.477
5.685
15.268
13.585
7.682
9.077
11.303
5.320
5.721
12.056
9.519
5.799
3.244
6.563
2.946
12.433
18.751
10.598
67.966
24.879
21.746
4.971
12.483
3.426
5.608
3.991
7.450
8.132
11.003
15.916
7.673
0.946
1.823
8.696
9.773
12.960
8.590
7.606
7.145
7.732
18.301
0.065
2.899
0.745
2.026
4.813
0.213
1.277
0.024
2.149
2.096
7.320
7.526
0.869
7.999
9.606
2.812
12.959
20.294
6.709
3.111
0.467
3.303
4.199
6.527
4.257
1.875
7.735
12.765
0.086
0.000
0.000
0.000
0.000
0.000
0.681
2.202
4.197
0.048
0.108
0.508
0.000
0.000
5.845
1.504
3.613
0.689
3.831
6.281
3.109
5.359
0.103
0.000
0.000
0.000
6.453
7.893
2.891
1.660
1.838
0.000
0.000
1.816
5.977
0.007
0.706
0.000
0.000
0.000
0.000
0.333
4.146
8.127
0.422
1.959
0.920
6.321
7.713
10.246
11.335
4.140
0.000
0.000
0.000
0.000
0.000
0.000
2.386
0.735
0.687
3.543
5.320
0.546
8.569
12.500
0.673
0.000
0.978
0.127
3.203
1.809
0.000
0.000
0.000
15.429
8.194
3.356
0.400
0.007
0.373
4.183
2.057
1.483
5.529
0.067
0.014
0.000
2.640
0.000
0.000
0.000
0.074
0.045
0.003
0.000
0.072
0.061
0.041
0.000
0.000
0.000
0.000
7.534
0.000
0.000
0.000
0.000
0.000
0.000
0.010
0.000
0.000
0.000
1.444
2.824
4.613
8.006
7.526
30.643
27.253
0.045
2.608
0.762
5.386
1.929
12.633
8.255
2.910
0.000
0.105
0.524
0.000
0.120
0.058
0.831
5.800
6.160
0.000
0.000
0.065
2.248
7.182
0.000
0.000
0.081
0.007
0.014
2.271
6.597
0.017
4.437
0.038
1.566
6.026
0.101
0.215
0.079
0.014
0.000
0.000
0.000
8.624
5.617
0.488
15.513
6.001
17.712
2.891
0.000
3.001
32.732
55.227
3.296
7.067
1.178
8.820
0.000
0.000
0.000
1.394
0.525
0.100
0.000
0.000
0.000
0.000
6.516
8.592
0.000
5.344
11.891
12.435
12.277
7.944
21.976
56.079
0.216
0.000
0.184
15.210
5.199
13.299
2.353
9.562
8.253
0.441
11.340
8.356
2.502
5.098
6.149
28.976
1.550
0.402
0.683
5.334
10.665
33.843
51.730
9.816
3.770
11.881
199.050
10.121
3.593
16.491
14.766
6.992
0.505
9.610
2.616
6.369
12.969
8.456
11.937
3.783
1.332
0.985
4.889
15.379
2.729
0.213
1.778
0.010
0.024
5.727
0.000
0.000
0.000
0.278
31.651
4.532
0.048
10.782
18.696
15.219
10.798
3.375
0.086
41.033
36.625
0.000
0.000
0.014
0.218
3.524
6.456
16.753
4.281
15.577
19.641
14.626
0.812
2.878
6.243
6.971
6.384
0.571
0.288
0.824
0.000
0.000
0.120
0.127
0.000
5.497
7.701
12.432
7.026
1.756
0.223
3.021
18.323
0.421
0.000
4.410
10.787
1.905
0.000
0.000
0.000
0.000
0.000
0.000
1.727
1.662
0.141
6.863
6.607
12.796
14.602
6.290
8.590
10.667
15.233
18.550
3.533
4.494
12.404
5.637
3.535
6.226
3.922
3.577
8.672
2.891
6.173
9.970
6.410
2.757
30.909
29.419
2.784
9.119
12.416
5.909
7.756
5.256
6.743
0.494
8.284
5.143
0.192
4.250
12.360
0.151
3.231
1.940
7.059
3.464
6.949
5.023
5.816
0.742
2.674
16.074
6.465
0.553
13.033
7.316
0.034
3.296
11.131
7.040
0.470
3.330
0.316
2.537
5.225
14.251
7.206
0.055
0.000
0.000
4.123
0.000
1.102
2.482
0.024
1.353
1.291
0.000
0.999
0.824
0.000
0.000
0.000
0.000
0.000
0.000
0.000
0.000
3.869
23.478
0.000
0.000
0.000
0.000
0.000
0.000
0.000
0.113
0.000
1.787
0.000
0.000
0.000
0.021
3.522
0.000
0.000
0.000
0.000
0.000
0.000
0.000
0.831
0.000
0.000
2.341
0.000
0.000
0.000
0.000
0.000
0.817
0.000
0.000
0.000
0.000
0.000
0.000
0.000
0.000
0.000
0.000
0.000
0.000
0.000
0.000
0.000
0.000
0.000
0.000
0.086
2.856
0.000
0.000
0.000
0.000
0.000
0.000
0.000
0.000
0.000
0.000
0.000
0.062
3.509
0.007
0.127
0.021
0.022
7.244
6.854
3.400
0.000
0.000
2.920
1.214
8.760
1.370
0.021
0.000
0.000
0.000
0.000
0.000
0.067
0.007
0.000
0.537
0.000
0.000
0.000
0.194
1.382
0.007
0.378
0.211
0.367
0.172
0.000
27.868
6.252
0.136
5.306
4.820
0.292
0.000
0.000
0.000
0.094
4.056
0.000
0.000
0.072
2.905
0.000
2.995
6.872
0.014
0.683
0.000
0.185
8.587
0.000
0.000
0.031
0.007
8.724
0.431
0.000
6.209
7.623
7.491
0.254
0.000
1.073
0.343
3.903
11.307
0.127
0.913
1.729
0.000
6.223
3.588
1.554
0.254
12.946
0.132
2.774
1.042
11.476
17.595
0.603
3.419
0.000
3.323
4.154
7.692
0.058
15.041
0.354
6.798
1.693
0.000
10.674
13.702
23.384
1.360
0.659
0.000
0.000
0.070
2.156
61.862
3.323
0.062
11.189
7.066
8.686
0.256
10.272
3.092
5.545
2.723
4.551
12.816
1.943
6.039
3.522
11.604
79.713
0.378
9.450
2.441
11.321
13.230
13.592
12.878
19.350
2.465
3.873
9.313
3.725
5.740
9.706
8.130
6.050
5.090
4.227
6.925
37.010
4.439
2.424
6.494
14.717
9.646
4.249
0.187
2.527
5.385
1.397
11.273
11.553
19.727
88.721
0.958
10.190
9.634
6.008
0.252
9.949
17.451
5.572
6.063
5.019
13.729
25.035
4.807
1.366
1.459
0.117
0.055
5.215
4.223
18.079
2.256
6.338
26.347
8.542
6.382
2.135
5.419
17.736
7.416
18.117
7.385
8.368
11.268
9.441
14.176
8.944
4.717
0.182
1.411
0.467
0.309
4.621
5.153
3.213
3.565
11.532
15.731
7.347
0.463
0.261
0.484
8.027
43.715
5.445
20.812
10.688
1.620
1.730
3.557
5.740
6.506
15.762
3.454
2.338
6.664
7.059
22.481
15.113
4.082
7.910
3.598
5.431
10.001
8.631
5.273
6.218
5.579
16.946
15.820
13.527
13.503
0.106
0.251
5.033
3.035
10.554
1.092
4.029
0.805
3.842
5.189
2.551
8.350
6.149
8.937
10.231
4.222
5.354
9.131
0.597
3.730
3.550
7.582
2.711
0.177
2.179
7.047
8.849
1.983
0.098
4.278
4.575
7.807
9.558
4.707
10.777
21.737
1.528
5.194
6.042
6.001
10.616
12.164
1.081
1.778
3.842
7.405
0.924
1.835
8.257
5.620
8.923
5.909
10.305
3.287
0.000
1.396
0.000
9.668
6.990
0.529
0.000
0.350
8.487
2.429
0.419
0.000
0.000
0.000
0.014
6.163
4.408
4.329
12.655
22.264
0.058
0.000
1.205
4.254
9.275
3.105
5.253
2.372
0.014
0.000
0.000
0.000
0.000
0.000
0.000
0.000
0.000
0.000
0.000
0.000
0.000
0.000
0.000
0.000
0.000
0.000
0.003
6.950
3.440
0.000
0.003
0.000
0.000
0.000
0.000
0.000
0.027
0.000
0.000
0.000
0.000
0.000
0.045
9.492
2.176
13.046
8.894
13.022
1.576
0.000
0.000
0.000
0.000
0.000
0.000
0.000
0.656
0.659
7.795
0.000
4.860
4.637
27.636
1.638
0.010
0.142
2.487
0.180
5.915
0.149
1.679
0.000
0.010
0.000
0.000
5.768
2.326
0.112
0.000
4.434
12.524
5.363
0.000
0.000
5.844
0.000
0.000
0.000
0.000
0.000
0.000
3.014
0.551
0.000
0.000
0.125
0.044
0.003
3.152
11.082
0.323
0.014
21.935
6.489
0.000
0.000
0.000
0.000
0.000
7.158
10.631
0.000
11.676
19.320
19.571
18.442
0.093
0.165
0.000
9.589
4.372
2.858
6.779
0.136
4.594
10.147
18.747
14.033
18.975
6.527
4.748
0.096
6.166
19.535
0.031
6.410
0.400
19.041
11.350
8.720
0.664
1.423
10.322
10.852
35.560
9.250
0.448
11.143
1.478
2.179
16.358
5.624
0.000
1.966
0.292
8.956
15.464
11.694
25.887
1.605
14.255
12.322
7.737
9.294
4.656
1.579
6.738
0.045
12.187
11.359
15.369
10.758
10.967
1.447
7.308
19.189
12.772
14.643
1.686
5.445
1.868
18.972
40.859
1.009
0.158
5.864
10.554
0.891
9.337
3.052
4.619
3.062
0.802
0.000
11.184
7.488
3.522
0.275
0.021
9.186
5.814
1.497
9.455
1.071
22.319
40.066
4.130
8.120
19.868
4.782
2.541
5.471
2.184
3.217
1.720
14.121
2.958
7.383
3.428
24.077
4.089
15.247
6.235
4.740
3.675
9.991
0.132
8.667
4.952
0.451
3.456
13.431
3.570
8.108
15.812
5.692
8.786
5.909
0.457
16.734
3.368
6.355
25.114
8.041
2.414
2.695
8.638
8.810
13.441
3.395
2.705
9.644
16.852
3.135
6.080
3.595
1.868
34.281
6.108
3.715
8.133
22.115
23.803
5.437
10.640
11.491
8.549
3.375
12.861
17.976
48.568
5.263
11.453
12.988
4.171
11.419
2.101
2.908
10.451
3.862
7.079
0.615
0.058
20.047
14.117
7.673
5.363
5.696
5.459
2.688
69.760
16.936
5.253
3.711
8.315
8.511
2.995
3.064
0.972
2.032
4.473
10.004
12.013
5.658
9.429
9.004
7.579
5.759
7.924
2.216
2.530
8.051
4.583
20.181
3.752
6.496
3.782
4.159
7.031
0.007
5.961
3.965
8.992
8.319
8.480
4.478
3.387
2.479
11.989
2.199
0.709
0.000
0.000
0.000
0.000
0.000
0.000
0.000
0.000
0.000
0.000
0.000
0.000
0.910
0.000
0.000
0.000
1.911
2.850
4.337
2.422
0.877
3.605
0.000
0.000
0.058
0.000
0.223
4.906
0.007
14.825
13.204
69.274
0.707
0.000
0.000
2.225
2.963
0.000
0.000
0.000
0.000
0.000
0.000
0.000
0.000
0.112
0.000
0.000
0.000
0.000
0.000
0.000
3.179
1.150
9.071
1.294
1.710
16.387
2.386
0.326
0.000
0.000
0.000
0.000
0.000
0.000
0.000
0.000
0.000
0.000
0.000
0.000
0.000
0.000
0.069
0.000
0.000
0.000
0.669
0.000
0.000
0.000
0.000
0.127
3.262
7.577
0.000
0.000
13.197
6.600
0.223
0.000
0.000
0.256
0.046
0.000
0.000
0.083
0.000
0.000
0.010
0.007
1.554
0.000
0.615
1.443
0.000
0.241
51.061
0.000
0.000
0.000
0.000
0.000
0.003
9.665
1.926
0.261
0.000
1.112
0.154
5.182
0.088
0.027
0.000
2.021
1.375
10.271
1.569
5.007
1.075
0.342
0.000
0.000
0.067
0.927
3.341
3.916
0.065
2.650
1.174
89.607
0.518
0.544
7.527
0.168
0.000
6.245
4.710
0.566
10.516
0.000
0.000
6.194
12.088
1.542
1.507
0.508
0.000
2.462
4.398
12.621
10.087
5.064
1.351
0.508
2.280
1.363
0.803
2.266
12.270
5.754
0.257
6.619
0.397
13.132
8.291
0.500
0.034
0.443
2.201
0.000
0.000
0.014
4.388
3.660
0.058
9.235
14.430
6.592
7.457
90.270
53.418
23.871
9.356
0.285
1.978
2.266
8.099
0.137
0.000
18.704
7.012
2.338
1.682
0.694
0.000
4.580
0.000
3.866
6.084
0.079
0.000
0.021
7.474
9.575
0.549
4.788
8.132
52.405
10.825
40.102
0.700
11.076
1.226
0.000
4.817
1.140
7.905
4.808
3.615
10.729
5.339
9.126
25.093
1.107
8.264
9.697
4.151
6.987
3.124
9.630
27.826
2.317
4.165
18.587
11.069
13.572
4.820
11.460
11.876
38.775
2.242
12.088
7.327
7.282
7.278
5.229
5.991
15.237
6.647
11.838
16.050
11.565
2.805
27.267
8.744
4.422
3.021
0.306
2.995
25.416
33.422
14.109
1.823
4.922
2.343
1.837
5.598
8.257
8.550
4.328
6.749
12.222
12.880
7.735
10.451
11.046
5.110
15.422
12.068
28.813
20.781
15.163
10.578
11.227
27.730
10.919
13.587
3.663
1.167
5.352
6.925
10.921
7.927
10.777
12.950
94.029
8.274
29.612
0.999
0.611
7.725
8.628
23.820
4.240
0.014
1.487
0.021
1.617
6.993
13.946
7.745
10.265
10.722
7.381
10.358
9.208
6.533
5.819
7.653
8.775
0.776
12.401
4.357
3.069
0.958
5.716
2.359
10.410
1.713
6.624
2.115
6.341
5.885
3.147
6.297
3.880
3.241
6.787
4.631
4.336
3.449
4.467
8.758
6.286
1.694
3.725
3.009
-99.000
0.117
4.446
0.000
0.000
0.000
0.124
1.974
4.175
0.482
2.400
2.458
0.088
4.736
0.491
0.060
0.000
0.000
0.000
0.000
0.000
0.000
0.000
0.000
0.000
0.158
0.000
0.000
0.000
0.000
0.000
0.038
0.714
0.000
0.000
0.000
0.000
0.975
0.000
0.000
0.000
0.000
0.000
0.000
2.091
2.937
2.738
2.137
0.000
0.000
0.000
0.000
0.045
0.000
0.000
0.000
0.000
0.000
0.000
0.000
0.000
0.000
0.000
0.000
0.793
0.021
0.000
0.000
0.000
0.000
0.000
0.000
0.546
1.063
3.244
4.352
2.324
0.076
0.000
6.022
3.162
0.340
0.007
0.000
1.291
0.000
0.000
0.000
0.877
0.434
1.267
11.512
0.000
0.000
0.007
1.586
0.000
0.000
87.750
0.759
0.014
0.256
0.000
0.010
0.007
0.342
2.946
7.840
8.986
0.501
4.248
0.000
0.240
0.039
0.000
0.113
0.000
0.000
0.000
0.000
0.000
0.000
0.000
0.010
1.782
0.000
1.081
0.220
1.564
5.136
0.000
0.000
0.000
0.345
1.669
3.749
0.000
0.000
0.000
0.065
0.014
1.699
11.300
3.423
0.000
9.809
38.040
1.057
0.000
0.007
5.447
8.175
0.000
0.000
0.000
0.000
0.000
7.811
10.778
17.465
8.068
15.650
3.827
0.000
1.643
15.417
0.007
0.000
0.000
0.000
0.027
0.081
1.773
0.000
11.704
0.000
10.092
48.159
7.379
0.977
5.501
4.152
8.726
8.923
15.063
4.571
12.881
22.256
0.058
1.030
8.269
11.119
16.543
25.856
13.809
4.068
4.647
4.281
0.021
2.373
6.666
17.780
7.978
27.760
8.099
14.941
1.004
2.062
-99.000
-99.000
-99.000
-99.000
-99.000
-99.000
-99.000
-99.000
11.594
6.200
9.119
13.268
10.815
3.512
6.333
10.986
14.656
6.702
3.818
0.268
1.003
1.634
18.855
18.184
23.844
3.272
0.378
4.851
8.006
8.132
21.458
3.746
5.545
11.855
2.067
5.073
12.648
0.584
6.187
0.238
23.876
19.628
7.941
0.833
0.534
10.748
7.004
14.924
0.982
0.000
0.000
0.000
0.000
0.000
3.995
2.649
10.728
13.532
55.566
8.500
8.201
18.194
1.212
13.661
2.582
12.186
7.109
2.668
1.327
28.017
34.198
2.721
17.009
7.843
6.351
3.053
9.253
17.224
0.718
0.000
0.000
0.000
0.000
0.000
0.000
6.171
22.416
12.075
16.650
15.120
13.297
3.938
5.172
5.914
12.028
11.172
0.251
7.496
15.910
12.118
3.754
0.120
0.711
5.543
10.969
9.187
10.943
1.274
0.845
0.000
7.031
3.192
13.268
10.763
15.226
10.370
3.797
0.872
6.551
5.768
5.728
3.694
3.904
8.820
7.584
4.652
5.085
8.202
0.972
1.445
1.366
3.732
2.005
14.996
4.800
7.917
9.678
0.948
0.000
0.000
0.154
1.267
6.290
6.132
10.276
9.519
2.218
1.929
1.741
4.473
0.766
0.446
0.137
0.000
0.000
0.000
0.000
0.000
2.328
5.387
4.748
2.826
5.019
1.191
2.238
6.427
4.522
1.105
2.214
0.000
4.480
1.051
1.195
6.678
9.453
2.105
0.000
0.000
0.000
0.000
0.000
0.000
7.938
0.007
0.000
0.000
0.000
0.000
1.881
4.928
8.808
2.350
0.127
0.000
0.000
0.000
1.394
2.925
7.402
5.752
2.326
0.129
0.024
0.000
0.000
0.000
0.000
6.596
3.107
0.000
0.000
0.000
0.000
0.048
2.261
0.086
0.000
0.000
4.297
0.388
0.000
0.000
0.053
0.000
0.000
0.000
0.089
0.000
0.000
0.064
0.000
0.000
0.007
0.045
0.000
0.000
0.000
0.139
0.000
0.000
0.000
0.000
0.000
0.000
0.000
0.000
0.000
0.000
0.000
0.000
9.211
0.000
0.000
0.000
0.000
0.000
0.000
0.333
0.850
0.000
0.000
0.000
0.003
0.000
0.000
0.000
0.000
0.000
0.000
0.032
0.000
0.000
0.041
0.632
0.003
0.153
0.000
0.000
0.556
1.245
0.000
0.000
17.745
0.000
0.017
0.070
0.422
3.579
0.000
0.000
0.000
0.000
0.000
0.000
2.568
0.848
2.364
11.683
0.010
3.662
18.625
0.041
4.219
8.525
0.000
0.125
7.678
15.635
4.817
0.000
0.095
0.014
0.982
0.536
12.466
1.912
1.483
0.783
0.285
1.253
0.000
0.000
15.281
2.280
10.334
0.165
5.342
28.637
81.549
0.000
9.218
9.953
8.023
19.755
0.000
2.664
5.033
10.476
9.146
7.553
5.569
0.865
5.119
12.828
1.600
4.250
5.322
14.236
0.707
0.237
0.000
17.588
0.879
4.765
4.267
0.000
6.849
0.247
0.000
14.993
1.425
2.462
5.236
8.923
7.531
10.959
3.121
0.000
0.000
2.645
4.065
0.354
10.089
14.360
0.433
0.007
0.021
0.000
0.098
10.464
3.961
8.641
2.458
0.850
5.373
0.220
0.954
0.755
14.550
4.418
9.072
2.246
6.738
4.853
6.411
10.395
35.158
6.187
14.971
8.695
5.254
9.677
4.475
15.506
2.209
0.010
1.694
6.915
9.968
3.023
4.219
4.566
9.987
12.966
21.227
20.021
0.833
7.697
16.280
8.565
9.510
13.309
8.248
9.756
9.738
21.569
1.203
10.690
10.403
9.429
10.883
5.701
11.839
0.922
23.140
10.152
8.432
0.000
3.433
9.589
6.939
4.563
0.206
10.931
5.136
1.469
11.017
6.197
5.706
0.027
5.812
8.487
14.567
7.100
3.050
8.674
7.419
0.877
1.682
59.508
10.949
1.332
8.350
0.306
12.341
5.222
3.926
17.774
10.092
15.671
4.013
6.351
19.216
31.836
5.649
6.533
2.685
18.153
6.516
3.811
8.935
8.808
0.000
3.021
6.219
25.531
1.411
6.812
4.211
8.591
12.986
13.790
0.666
0.642
1.459
5.682
2.098
0.024
15.793
26.274
2.949
10.380
9.589
6.008
4.508
5.133
3.677
0.134
3.428
1.473
8.023
9.956
7.529
13.572
4.844
7.787
5.605
6.779
11.374
2.911
4.532
3.203
3.275
1.463
58.746
1.402
0.247
0.000
7.943
2.903
0.000
0.077
1.650
3.093
0.007
0.000
0.000
0.000
0.000
0.000
0.000
0.251
2.348
8.398
0.120
2.678
1.717
0.000
7.835
3.610
1.732
2.447
3.771
2.659
9.285
2.692
0.812
0.130
0.000
7.587
5.157
6.822
0.644
0.000
0.000
0.000
0.000
0.000
0.000
0.000
0.000
0.000
0.000
0.000
0.000
0.000
0.000
0.580
0.000
0.000
0.000
0.000
0.000
0.000
0.000
0.000
0.000
0.000
0.171
0.000
0.000
0.000
0.000
0.000
0.000
0.000
0.000
0.000
0.000
0.000
0.000
0.000
0.000
0.000
0.000
0.000
0.000
0.000
0.000
0.000
0.000
0.000
0.000
0.000
0.000
0.237
0.000
0.000
0.000
0.000
0.000
0.000
0.000
0.000
0.000
0.000
0.000
0.051
0.000
0.000
0.031
15.520
20.146
85.020
0.007
0.000
1.658
0.000
0.000
0.529
2.781
0.618
0.000
0.007
0.027
0.000
0.007
0.000
0.027
0.333
0.000
8.534
5.469
0.216
0.000
47.230
0.103
0.000
3.140
0.568
0.731
0.046
0.065
5.997
0.000
0.572
43.760
3.670
19.029
0.000
0.000
0.000
0.000
0.134
0.445
0.000
0.000
2.506
3.777
3.682
0.000
0.024
0.057
0.647
0.481
8.492
4.731
4.793
4.334
5.581
0.450
11.912
2.415
9.666
2.704
1.155
6.860
3.617
8.887
24.194
178.392
6.157
0.232
0.000
3.274
15.872
15.309
11.769
27.284
15.111
20.953
0.221
1.221
11.915
4.269
0.331
14.959
24.101
6.643
1.964
5.425
13.028
14.837
8.948
4.391
0.000
7.702
2.740
8.099
4.309
0.000
1.395
9.086
9.378
20.708
6.458
64.420
1.021
9.424
7.646
2.707
10.749
4.065
5.824
7.960
12.118
8.950
2.729
0.657
0.999
7.484
2.439
8.729
0.144
9.244
20.761
25.011
10.308
65.794
8.070
8.832
8.559
4.956
4.861
5.050
10.531
3.234
8.180
4.384
13.843
5.768
1.634
9.939
7.278
0.474
1.160
2.130
9.105
2.633
2.506
9.472
8.130
0.625
8.126
0.086
0.000
13.819
39.779
5.838
2.220
3.993
10.387
14.989
19.662
193.126
13.908
0.594
26.508
13.369
1.535
0.604
6.611
5.459
13.451
4.865
8.497
8.755
0.721
10.712
25.354
9.392
8.339
17.774
22.052
6.626
3.478
52.707
25.711
6.681
6.468
4.072
4.940
3.062
6.557
14.646
5.675
13.228
6.676
10.827
3.310
14.852
3.725
5.428
3.811
41.501
7.079
6.997
8.645
1.792
7.241
13.503
0.879
1.727
14.375
17.245
58.176
3.117
5.994
2.424
1.202
1.765
4.422
4.216
13.252
7.079
12.408
10.475
20.589
17.049
25.730
8.830
9.459
11.769
11.088
31.709
0.086
0.000
0.000
0.014
0.000
3.251
1.341
5.457
15.132
3.830
8.068
0.457
0.051
0.000
0.070
2.812
1.826
0.738
3.116
1.078
3.045
2.775
4.704
5.955
9.544
7.696
2.390
9.654
4.163
4.719
2.403
5.023
5.685
4.846
7.342
9.756
0.608
0.000
0.000
2.934
4.910
3.698
7.118
0.283
0.263
0.000
0.130
1.796
0.132
1.881
3.849
0.249
0.124
3.174
13.422
5.315
4.170
8.623
0.266
0.000
0.088
0.000
0.000
0.000
0.000
0.000
0.000
0.427
0.000
0.000
0.000
0.000
0.000
0.000
0.000
0.132
0.000
0.000
0.000
4.820
12.831
15.328
0.362
0.000
0.000
5.011
3.214
4.693
0.000
0.000
0.000
0.209
0.000
0.000
0.000
0.100
0.288
0.000
0.000
0.000
0.000
0.000
0.003
1.356
0.000
0.333
0.000
0.000
1.710
0.079
0.000
0.000
0.000
0.000
0.000
0.000
0.000
1.921
6.269
0.000
0.000
0.000
0.290
0.000
0.000
0.000
0.000
0.000
0.000
0.000
0.000
2.995
0.000
0.000
0.000
0.000
0.000
0.000
0.069
0.000
0.077
0.062
0.000
0.000
0.038
0.340
2.923
1.638
0.041
0.000
5.321
5.030
0.089
2.705
0.000
2.743
5.116
0.179
0.841
117.145
0.402
0.000
0.014
4.655
0.800
6.111
0.007
0.512
5.514
12.621
3.751
3.964
14.499
10.063
0.179
0.000
0.268
39.458
2.235
3.308
3.145
73.577
31.603
4.292
0.115
9.165
15.452
14.819
5.694
0.000
16.289
5.699
0.000
0.000
1.703
0.000
3.040
12.973
10.428
28.379
13.894
4.321
1.278
0.000
5.029
12.420
12.294
0.000
0.000
0.168
0.000
0.029
9.357
1.641
10.487
56.715
5.287
0.000
9.872
10.777
0.585
11.548
13.663
0.488
0.027
18.303
20.015
1.555
0.500
4.035
4.472
0.500
11.232
10.598
0.802
1.655
0.167
11.814
10.473
7.321
2.542
1.052
11.724
9.524
10.044
12.049
10.772
0.364
9.273
17.056
14.684
2.193
11.137
1.211
4.484
1.148
21.219
89.631
10.698
10.689
11.812
30.678
2.870
9.093
12.516
4.794
11.355
11.977
15.089
9.023
0.606
9.690
1.670
14.148
13.519
5.764
5.189
20.855
10.245
12.238
11.145
17.824
10.497
13.615
3.235
7.184
17.426
13.848
55.424
17.300
3.885
5.953
0.294
0.000
1.911
7.282
0.244
3.904
7.199
11.852
17.901
14.701
15.357
4.185
19.858
11.093
10.355
2.472
4.844
10.269
16.500
14.941
2.482
8.937
9.582
21.315
8.413
2.803
10.798
11.100
16.976
7.076
13.448
4.549
1.699
7.855
7.313
11.132
15.309
6.096
5.689
11.522
8.305
6.317
6.551
14.461
9.996
4.007
16.064
21.595
6.144
7.478
2.448
10.049
5.122
12.198
5.469
5.222
0.096
4.697
6.829
9.716
10.025
12.308
4.896
10.856
0.484
2.623
11.506
9.462
3.251
8.305
7.405
4.693
3.531
3.062
14.244
21.650
2.026
4.834
18.388
4.068
6.142
3.557
0.000
7.141
6.695
0.058
0.000
0.000
0.000
0.000
0.000
3.111
5.816
0.000
10.612
7.244
11.781
11.553
10.928
9.124
9.584
1.662
6.672
5.083
9.568
0.216
2.812
15.159
7.658
0.465
0.000
0.088
0.000
0.000
0.000
0.000
1.351
3.167
0.000
0.000
0.191
3.407
10.238
4.891
0.520
0.000
0.000
0.000
0.000
0.833
3.323
0.333
0.000
0.000
0.000
0.000
2.271
11.811
53.256
0.041
0.000
0.000
0.000
3.131
0.000
0.000
0.000
0.000
7.955
0.690
0.000
0.000
0.000
0.000
0.000
0.359
0.000
0.000
0.000
0.000
0.000
0.000
0.000
0.000
0.000
0.000
0.000
0.000
0.000
0.000
0.000
0.000
0.058
0.069
0.000
0.999
9.551
1.626
0.000
0.000
0.000
0.000
0.000
0.000
0.000
0.000
0.000
0.096
3.320
0.450
0.000
0.072
0.000
2.214
0.000
0.245
0.654
6.386
0.317
0.443
0.000
0.000
0.000
0.635
0.000
0.000
0.000
0.000
0.000
0.000
0.110
0.003
0.472
0.000
0.000
0.000
0.000
0.214
0.000
0.038
0.000
0.000
1.064
0.000
0.000
0.014
0.000
0.000
0.048
0.000
0.000
0.000
2.935
0.000
0.000
5.953
7.562
0.357
6.657
2.729
2.644
0.000
0.203
2.458
5.122
0.548
0.000
0.062
0.000
0.652
3.890
0.017
0.133
0.968
2.050
0.687
6.417
9.104
0.000
7.991
8.506
0.106
0.381
0.010
1.154
0.000
1.521
0.412
0.276
0.000
6.710
0.000
4.908
12.308
11.817
8.727
18.946
7.177
2.069
0.000
8.205
15.350
1.737
13.465
12.617
19.995
11.625
1.099
0.000
0.512
0.000
0.645
1.023
0.000
5.806
8.418
6.197
92.089
8.161
9.929
0.038
14.612
12.572
9.682
8.662
28.547
5.977
0.127
5.610
34.947
21.901
2.094
4.564
1.572
8.822
14.668
14.993
12.914
7.883
4.750
17.987
15.597
5.158
4.976
0.293
9.538
9.809
7.613
16.807
1.385
0.651
0.614
5.297
0.889
10.253
17.439
4.113
11.688
1.433
16.510
5.141
6.619
7.896
1.923
6.939
1.308
2.259
1.672
5.236
0.275
6.812
12.449
19.274
5.244
17.087
6.269
3.423
2.032
0.463
12.602
4.477
0.182
2.379
1.342
15.492
17.092
6.925
17.897
4.314
3.873
3.883
0.513
0.261
7.443
14.344
13.257
11.427
10.641
4.288
6.231
11.716
85.680
110.991
0.941
1.761
1.631
5.953
7.623
8.614
9.821
9.710
69.101
6.030
2.467
0.673
1.006
5.680
3.529
1.452
0.922
0.000
5.381
4.199
13.582
9.623
10.899
12.047
8.525
0.807
9.822
10.701
17.822
0.446
1.768
5.201
13.520
10.986
2.925
9.639
1.414
12.768
12.984
0.426
0.412
3.952
1.212
4.628
5.634
8.217
5.569
16.562
10.329
4.312
8.916
18.742
3.485
10.863
12.140
1.277
3.419
0.076
0.968
7.114
0.000
2.170
0.124
10.396
5.050
1.837
0.034
0.034
2.496
3.416
5.232
2.293
7.196
0.458
0.000
1.947
6.475
7.720
5.466
2.874
0.433
0.000
0.285
3.468
7.436
7.409
15.862
4.219
0.000
0.000
0.000
0.000
2.063
0.000
0.433
3.838
2.508
0.069
4.398
3.799
2.032
5.330
3.625
4.669
0.000
0.000
6.630
0.000
0.031
0.014
0.000
0.000
0.000
0.000
0.000
0.000
4.534
0.000
0.000
2.814
4.601
9.630
12.208
1.008
0.000
0.000
0.000
0.000
0.058
0.108
0.000
0.000
0.000
0.000
0.000
0.000
0.000
0.000
0.000
0.000
0.072
6.604
6.830
0.000
0.000
0.000
0.000
0.000
0.000
0.000
0.000
0.137
0.000
0.000
0.000
0.000
0.000
0.000
0.000
0.000
0.000
0.000
0.000
0.000
0.000
0.000
0.000
0.003
0.000
0.126
0.100
0.000
0.000
0.000
0.000
0.000
0.000
0.000
0.000
5.567
0.000
0.000
0.017
0.014
0.000
0.000
0.000
0.000
0.048
6.204
7.859
2.012
0.000
0.000
0.000
0.000
0.000
0.000
0.000
0.000
0.000
0.124
0.000
0.000
0.000
0.017
0.000
0.086
0.000
0.000
0.000
0.000
0.000
0.000
0.007
0.000
0.000
0.000
0.000
1.645
0.245
1.327
0.017
0.096
0.000
0.031
0.292
4.554
26.807
0.364
0.192
9.656
0.000
9.587
0.179
0.367
0.271
2.843
7.098
10.204
8.348
2.190
0.000
0.000
0.000
0.000
0.017
0.755
9.934
0.000
0.003
13.570
12.119
6.214
5.531
0.000
3.097
9.199
10.763
82.585
0.185
2.252
1.687
0.875
2.029
0.000
0.000
0.000
12.100
1.001
0.000
1.763
5.200
0.271
0.949
10.309
2.184
0.000
0.010
12.766
3.000
2.406
2.119
7.466
2.891
12.361
14.059
0.007
7.054
13.263
3.898
8.946
6.964
5.402
0.715
7.213
11.267
0.034
1.809
8.332
0.057
3.438
9.756
10.583
1.433
9.106
0.031
0.000
0.000
12.915
0.373
12.588
7.581
10.864
1.149
1.397
10.998
0.082
0.000
0.000
0.058
12.069
0.302
0.398
0.106
0.367
0.024
0.858
0.000
0.000
0.000
0.000
5.624
0.014
0.000
0.000
1.016
10.320
36.715
12.305
11.273
5.646
1.195
0.089
25.818
0.288
3.929
2.139
9.489
8.847
12.073
7.175
10.066
3.904
2.983
1.584
3.054
12.200
5.471
20.327
7.467
11.129
6.686
6.540
11.282
14.691
10.726
11.546
0.328
10.034
9.449
10.929
3.265
3.656
4.103
2.923
27.004
3.430
0.381
0.000
0.027
9.156
4.316
9.141
0.784
4.872
5.449
10.598
15.237
7.055
7.196
9.332
6.018
16.651
15.359
3.965
6.643
9.340
11.587
6.054
0.271
0.189
0.069
6.338
4.995
0.000
4.913
16.850
15.288
19.333
3.704
7.896
1.418
0.170
0.000
6.602
9.562
4.379
7.174
6.525
2.269
7.924
6.861
7.514
3.536
2.123
2.444
7.622
2.810
4.752
0.000
8.981
1.595
17.312
14.347
0.000
3.783
2.477
11.582
3.723
0.000
0.000
0.000
3.373
5.888
10.044
7.254
0.872
0.295
3.271
3.722
0.007
0.000
0.000
2.621
0.034
0.106
0.017
0.000
0.017
1.519
0.000
0.000
0.000
0.000
0.000
0.021
0.000
0.185
0.000
0.000
0.000
0.000
7.666
1.660
7.982
4.480
0.460
0.000
2.002
0.021
7.241
1.035
0.000
0.000
0.000
0.000
0.000
0.000
3.361
0.000
2.791
6.894
2.527
4.147
0.000
0.000
0.000
0.000
0.000
0.000
0.000
0.000
0.000
0.000
0.000
0.000
0.000
0.000
0.000
0.000
0.000
0.000
0.000
0.000
0.000
0.000
0.000
0.000
0.000
0.000
0.000
0.000
4.266
0.000
0.137
1.794
1.792
0.014
9.098
4.676
0.000
0.000
0.000
0.028
0.000
0.051
0.223
5.174
0.657
0.718
5.442
0.736
0.875
0.666
0.136
1.729
0.000
0.208
4.580
0.017
0.294
22.153
82.894
0.000
0.000
0.088
7.687
0.000
0.000
0.901
0.113
0.014
29.715
0.714
0.977
0.134
0.000
0.000
0.000
0.000
0.694
0.000
0.160
0.014
0.867
14.035
0.351
0.628
12.017
0.687
0.000
0.000
0.000
0.000
0.203
0.000
4.544
13.142
5.291
0.000
0.000
2.305
0.000
0.000
0.000
0.000
0.270
1.195
5.740
0.079
0.000
1.531
0.007
0.000
0.000
0.096
0.968
0.527
4.326
0.529
5.452
2.901
0.000
0.381
15.923
9.846
25.540
12.631
8.983
10.142
23.808
1.555
3.574
11.321
9.829
0.000
0.000
0.000
0.398
14.514
3.447
20.630
3.073
3.464
1.552
13.342
7.392
2.908
6.602
21.976
12.760
0.062
0.124
3.873
7.457
16.775
10.032
5.672
4.288
0.409
9.599
14.268
9.040
13.202
2.867
0.010
0.010
4.123
8.236
29.605
7.562
5.213
8.976
7.919
8.621
12.133
10.399
2.822
9.852
5.639
5.304
6.248
6.774
6.499
1.246
15.214
3.097
8.920
3.045
8.827
0.457
7.799
14.378
5.977
9.637
1.957
2.499
14.193
11.361
10.942
13.765
55.330
2.077
24.590
8.945
5.712
12.614
13.626
10.720
16.258
0.311
0.664
6.745
5.972
19.652
26.348
4.692
1.452
57.218
10.082
7.301
11.033
0.402
11.106
1.725
5.316
11.165
12.265
5.733
16.740
8.092
19.688
7.617
8.053
9.368
62.532
18.339
0.439
17.885
17.629
3.916
10.377
3.320
3.573
2.326
25.651
14.541
14.859
15.860
15.551
91.425
5.428
2.991
26.259
73.612
8.381
2.599
3.768
7.654
14.508
9.122
13.832
5.809
9.759
13.778
7.876
2.844
4.767
104.017
0.371
1.166
9.709
5.251
9.076
3.940
5.735
9.962
91.999
5.193
34.864
5.222
3.555
3.006
4.698
4.995
14.585
12.021
17.927
1.001
8.508
1.847
9.778
0.817
3.746
3.804
16.667
14.365
5.747
0.494
0.000
0.000
1.377
8.405
3.433
0.058
0.000
2.740
0.000
0.000
4.824
0.608
2.050
2.774
7.210
13.204
10.392
0.797
0.000
0.086
0.000
3.425
3.136
3.222
1.198
3.742
1.852
6.346
4.177
12.420
1.902
0.405
0.000
0.000
0.000
0.771
9.572
21.044
3.553
0.203
0.000
0.000
0.000
7.314
3.392
1.758
2.340
4.288
0.000
2.232
6.439
0.000
2.043
7.363
5.479
0.000
0.003
6.020
0.584
0.000
0.000
0.031
0.000
4.074
0.318
0.000
0.000
0.000
0.000
0.000
0.000
0.000
0.000
0.000
0.000
0.000
0.000
0.000
0.000
0.000
0.681
0.003
0.000
0.000
0.000
0.000
0.000
0.000
0.000
0.000
0.000
4.086
0.119
0.000
0.000
0.000
0.000
0.017
0.007
2.015
0.079
0.000
0.180
0.496
0.031
0.000
0.100
0.010
0.000
7.399
0.000
0.000
0.000
0.000
0.000
0.000
0.000
0.000
0.000
0.000
0.103
2.994
1.016
0.120
0.299
0.000
0.000
0.000
5.771
0.000
0.051
0.000
0.000
1.109
0.954
0.000
0.000
0.010
0.735
0.000
0.000
0.007
0.268
1.572
1.143
0.000
0.000
0.000
0.433
0.000
0.000
0.587
0.189
0.106
1.634
0.532
0.000
0.000
0.000
0.515
16.902
2.709
7.563
0.000
9.768
1.560
5.352
2.951
1.390
11.954
9.253
1.325
7.896
19.830
124.791
6.159
5.569
4.559
0.000
0.000
0.457
21.938
5.768
4.230
6.585
12.526
3.964
3.176
1.164
4.695
1.354
13.022
3.042
0.000
2.839
5.270
0.055
10.743
15.388
58.267
59.567
4.522
0.134
0.000
8.669
1.311
4.539
8.802
1.859
4.898
103.412
7.084
5.758
5.258
16.988
0.268
0.100
16.195
1.804
16.510
31.067
11.489
11.167
17.772
9.569
15.326
0.603
3.373
5.807
10.686
8.364
1.246
0.000
0.814
0.362
0.280
0.000
0.000
0.130
11.319
18.797
7.304
4.631
13.151
15.862
2.338
4.511
8.841
2.602
10.090
9.929
8.734
1.033
7.007
5.402
17.889
11.402
5.979
7.773
9.627
16.528
4.776
2.060
7.466
17.139
12.054
8.861
6.549
19.013
7.797
7.910
3.485
11.762
10.241
16.294
11.491
15.515
19.937
19.164
2.752
1.900
8.326
12.653
11.956
20.258
2.015
11.244
3.025
15.369
12.425
4.087
9.692
16.061
17.679
0.405
12.761
4.892
18.931
0.295
0.089
0.522
0.120
0.000
0.000
3.310
7.841
6.266
2.283
6.053
4.532
9.520
17.976
57.695
15.209
8.453
13.166
1.926
12.782
14.066
5.926
10.089
9.944
7.062
9.754
2.345
5.922
11.764
3.571
10.979
4.741
6.540
19.999
21.666
0.462
6.034
24.774
6.504
8.762
1.483
13.817
7.507
0.779
14.705
6.709
6.556
7.848
3.830
6.935
5.967
3.813
8.998
13.822
14.325
5.213
15.307
7.241
6.575
2.185
7.720
7.592
9.287
7.131
4.858
11.771
10.146
5.351
20.859
10.811
0.007
0.010
0.000
0.851
1.584
1.223
15.083
7.555
0.989
8.964
5.766
12.098
6.094
0.134
6.370
5.395
5.627
4.487
7.042
3.749
5.126
7.371
0.058
0.220
0.920
5.534
0.508
0.000
0.000
2.002
5.119
5.018
4.879
0.484
2.237
8.621
0.278
0.185
7.327
2.489
0.000
6.190
3.529
1.974
0.000
0.000
0.000
0.000
0.742
0.970
5.721
4.826
0.079
0.000
0.000
8.995
0.000
0.000
0.000
0.000
0.000
0.000
0.000
1.267
0.000
0.000
0.000
0.000
0.000
0.488
6.557
1.408
6.557
0.000
0.673
0.000
0.000
0.000
0.000
0.000
0.000
0.000
0.000
0.000
0.000
0.000
0.000
0.000
3.742
0.575
0.000
0.000
0.053
0.007
0.000
0.000
0.000
0.000
0.000
0.000
0.000
0.000
0.000
0.000
0.000
0.003
0.000
0.041
0.000
0.000
0.000
0.000
0.000
0.045
0.000
0.000
0.000
0.007
0.000
0.000
0.118
0.021
0.000
0.000
0.000
21.610
12.603
6.197
1.610
0.414
0.038
0.000
0.000
0.010
0.000
0.000
16.430
0.000
0.000
0.153
11.608
30.197
10.697
0.000
6.228
1.433
0.788
3.912
0.000
0.045
0.525
3.593
45.834
44.536
32.857
0.191
0.000
0.000
0.014
0.007
2.870
6.303
0.062
0.188
0.021
0.000
0.000
0.000
6.662
8.286
8.066
10.053
12.514
11.346
0.000
0.192
12.342
0.951
0.512
0.000
1.902
0.000
2.497
0.000
0.046
14.006
0.000
0.000
0.000
0.000
2.051
63.244
2.311
0.034
2.608
1.164
0.644
0.294
8.612
13.134
22.988
17.146
29.356
6.654
14.615
17.118
16.595
6.856
4.240
17.789
4.413
8.538
11.285
13.496
1.516
12.020
13.458
7.718
3.148
1.229
0.954
3.244
3.989
10.106
22.076
38.881
10.990
2.462
3.615
2.831
10.291
5.744
3.592
3.014
11.129
1.384
9.181
1.735
3.573
0.000
0.000
0.000
0.000
0.072
6.863
6.863
0.286
7.657
14.931
2.747
12.645
5.855
6.468
3.852
5.634
9.836
3.511
7.064
3.502
10.549
5.081
8.233
4.849
0.093
5.524
21.355
0.103
1.904
14.244
4.185
0.288
3.818
2.726
16.792
0.292
4.062
9.888
44.809
57.285
11.711
2.621
5.335
0.388
1.047
0.429
8.976
2.784
16.687
16.579
9.283
6.968
11.041
19.920
23.221
4.475
5.344
3.777
13.326
4.486
15.642
0.259
6.592
11.306
14.686
42.177
17.308
8.258
9.851
9.582
1.016
2.157
10.288
21.998
2.038
1.054
11.953
4.305
4.004
2.680
7.351
0.400
1.243
9.417
0.429
3.148
32.799
5.479
11.972
2.160
0.769
3.866
10.355
22.944
15.322
0.000
0.000
1.579
4.721
8.978
2.554
1.548
12.329
2.870
0.350
0.000
0.051
2.571
1.215
4.298
4.261
4.539
12.202
7.508
8.072
11.934
5.974
5.043
1.645
6.715
4.322
0.000
0.615
0.003
6.684
1.837
3.893
14.941
6.451
12.868
13.554
13.942
1.542
7.611
1.483
2.228
5.582
3.244
0.000
0.000
0.000
0.429
0.772
8.892
6.231
1.603
3.294
1.614
2.781
6.842
11.348
1.792
7.031
2.444
7.023
0.000
0.000
0.000
0.000
0.000
0.191
0.417
4.659
0.000
0.000
0.000
0.000
0.000
5.414
12.716
3.718
4.527
0.910
3.675
0.093
2.633
4.003
4.007
0.175
0.000
0.505
3.433
1.885
1.071
1.808
1.548
0.108
0.000
2.499
0.230
0.000
0.055
0.000
2.082
0.000
0.000
0.000
0.000
0.000
2.218
0.000
0.031
0.045
0.494
0.924
0.117
0.039
0.000
0.038
0.000
0.000
0.000
0.000
0.000
0.000
0.000
0.306
0.031
1.818
0.000
0.000
0.000
0.000
0.000
0.000
0.000
0.000
0.000
0.000
0.000
0.000
0.000
0.000
0.000
0.000
0.000
0.000
0.000
0.007
0.000
0.000
0.000
0.000
0.000
1.009
49.878
4.999
0.000
0.450
1.394
5.874
4.110
0.000
0.000
0.000
4.800
0.069
0.000
0.000
0.065
0.000
1.689
0.000
0.000
0.000
0.058
0.000
0.000
0.276
0.041
0.000
0.000
0.000
1.572
2.192
8.650
1.112
8.511
4.225
0.709
0.451
0.165
1.064
2.245
0.000
0.000
0.000
0.021
0.000
0.000
0.210
0.000
3.152
35.044
6.147
8.473
2.884
0.000
0.000
0.000
5.625
0.076
0.000
0.000
0.000
0.021
5.412
0.038
2.738
11.716
2.608
11.979
3.052
2.043
0.889
18.170
5.520
6.068
0.223
0.000
0.096
8.698
0.000
0.242
7.500
0.089
0.041
0.000
18.195
16.246
20.987
8.727
9.302
3.245
9.317
19.053
17.713
4.479
6.575
7.875
16.916
6.880
4.904
11.903
17.099
9.258
7.079
0.076
0.218
0.690
14.833
13.561
35.666
10.873
17.723
8.569
19.250
7.550
7.969
8.346
13.572
6.890
4.515
3.426
4.734
6.063
4.321
13.441
7.189
13.565
4.525
14.124
4.927
12.648
8.698
14.921
14.512
20.647
27.009
7.162
2.343
9.033
16.322
20.908
2.563
0.824
12.945
13.057
3.890
10.876
2.307
2.069
0.048
3.500
6.712
3.413
5.553
22.437
3.280
11.935
26.994
103.615
4.195
7.457
25.345
51.353
2.103
8.762
9.821
3.207
16.909
12.422
7.915
12.888
15.693
6.612
10.720
9.416
19.817
6.709
2.310
10.847
11.414
10.796
33.144
4.985
10.057
15.238
2.106
7.726
5.549
5.646
4.645
15.530
18.241
3.553
2.499
1.423
7.355
16.043
39.161
5.759
2.391
2.753
18.452
20.716
32.492
15.959
1.532
13.891
22.182
9.713
30.533
5.212
4.207
15.686
9.383
1.715
0.973
6.999
8.094
18.910
10.169
10.864
7.883
1.672
8.827
0.278
0.058
0.000
2.431
0.076
12.868
8.409
8.295
13.525
2.194
7.000
29.922
2.065
0.618
0.778
0.000
0.094
0.000
7.177
5.021
8.883
2.317
8.322
0.534
6.721
43.732
16.007
2.649
8.384
4.122
9.646
0.354
6.324
5.381
9.273
10.152
0.027
8.985
1.126
0.427
1.196
5.440
3.030
21.066
0.027
0.000
0.000
0.000
0.000
0.000
0.000
0.000
0.000
0.000
3.466
1.663
1.267
7.814
8.863
0.292
0.000
0.007
0.130
1.996
0.000
0.000
0.000
1.675
4.051
5.023
10.198
1.306
0.000
0.000
0.000
0.000
0.000
0.000
3.454
0.000
0.000
0.000
0.000
0.000
0.000
0.000
0.000
0.000
0.000
0.000
0.000
0.000
0.000
0.000
0.000
0.000
0.000
0.000
0.000
0.000
0.000
0.000
0.000
0.000
0.000
0.000
0.000
0.000
0.000
0.000
3.008
4.099
0.000
3.162
6.592
0.000
0.000
0.000
0.010
0.422
1.181
2.750
0.733
0.000
1.035
0.000
0.000
0.000
0.000
0.670
4.366
2.414
0.591
0.000
0.000
1.439
0.000
0.000
0.057
0.177
19.496
4.265
0.000
1.318
0.172
0.000
0.000
0.000
0.000
0.000
0.114
0.000
0.000
0.000
0.000
2.322
2.047
4.399
0.000
3.806
0.000
0.000
0.000
0.235
0.000
0.000
0.000
0.694
0.189
0.637
0.257
2.618
0.000
0.419
0.045
0.000
0.261
0.177
5.685
20.774
0.000
0.000
4.906
0.000
0.034
2.947
9.474
2.590
7.042
5.203
75.972
3.589
7.117
8.854
24.920
1.562
0.000
5.376
1.785
2.753
0.834
6.812
0.003
42.239
0.000
0.000
11.731
4.585
0.000
0.000
0.903
13.980
76.654
0.007
0.299
13.239
0.106
6.235
6.448
4.055
17.822
5.013
0.000
0.714
9.330
16.488
6.236
0.189
7.431
23.349
12.141
2.120
0.291
4.407
4.457
6.382
0.960
13.569
10.185
12.485
4.025
1.626
0.000
0.000
2.728
0.000
0.000
0.000
0.417
11.024
7.531
4.566
9.459
11.391
8.725
3.486
9.624
2.554
10.471
3.989
7.399
0.134
0.194
1.603
5.076
5.078
11.388
9.665
4.062
4.510
3.907
6.980
17.358
20.548
0.378
0.007
2.376
12.119
7.728
4.690
7.725
4.219
10.670
3.183
7.524
2.032
3.433
0.446
2.456
0.000
2.983
6.386
19.882
5.806
6.812
2.929
13.400
13.954
6.479
10.353
12.116
16.567
8.944
2.244
1.246
6.733
61.558
2.963
13.843
155.431
12.710
8.233
0.833
4.140
4.571
3.243
6.056
7.181
6.724
15.278
6.061
1.804
13.488
12.181
13.584
10.851
8.580
6.113
31.325
8.770
6.760
13.357
8.781
5.467
10.377
8.798
7.642
11.319
6.259
8.387
15.534
10.844
7.738
11.664
1.615
0.513
1.499
0.000
0.000
0.000
0.000
4.515
7.864
2.575
0.973
9.721
5.232
13.649
15.884
5.879
8.165
6.437
17.063
34.933
10.042
19.803
8.468
13.669
14.419
12.933
2.487
2.147
1.677
8.520
2.012
6.810
7.242
11.621
8.174
6.729
5.898
0.055
0.000
3.967
3.723
2.400
3.251
1.869
7.526
0.405
1.311
0.247
10.480
10.878
12.915
8.150
0.076
0.000
4.046
9.941
0.017
0.064
0.000
0.230
2.273
4.075
1.252
9.186
14.183
4.549
7.345
3.402
2.970
11.172
7.366
3.442
13.496
0.975
0.079
0.347
4.607
2.592
0.172
4.666
2.929
0.000
3.325
0.288
0.000
0.000
0.000
0.000
0.000
0.000
0.371
3.306
0.000
0.000
0.000
0.000
0.000
0.000
0.000
0.000
0.000
0.000
0.000
0.000
0.000
0.000
0.000
0.000
0.000
0.007
1.112
0.645
0.000
0.000
0.000
0.000
0.000
0.000
0.000
0.000
0.000
0.000
0.000
0.000
16.517
3.196
0.053
4.651
33.907
34.135
0.041
0.951
0.000
0.000
0.000
0.000
0.000
0.000
0.000
0.000
9.771
0.051
7.969
7.506
0.000
3.107
0.754
0.000
0.158
0.000
0.000
0.000
0.000
0.000
0.000
0.000
0.000
0.000
0.096
0.000
0.000
0.003
0.000
0.000
0.000
0.021
0.206
1.071
0.014
1.713
16.462
3.128
0.283
0.093
0.000
0.000
0.378
6.206
0.000
0.000
0.783
19.552
12.397
5.407
10.420
0.000
0.000
0.000
0.000
0.000
0.882
21.542
0.336
0.000
0.000
0.000
0.000
2.418
0.041
0.000
0.000
0.000
0.098
0.577
0.094
1.588
1.336
1.341
10.761
0.051
0.000
0.000
0.000
0.342
2.535
6.831
0.010
3.015
0.105
0.000
0.848
0.453
13.825
0.213
0.000
0.000
0.000
0.000
1.125
0.007
17.637
74.410
0.400
2.498
0.021
11.307
4.243
18.287
3.924
8.950
7.091
10.588
11.141
8.489
3.229
2.662
13.944
0.239
6.447
17.245
4.914
0.167
17.698
5.009
8.372
0.038
0.000
0.000
0.426
0.185
0.141
12.859
8.200
15.125
5.361
16.183
12.190
14.756
12.131
13.317
44.543
76.253
12.003
2.238
0.139
0.017
4.254
6.403
5.064
7.772
15.686
8.801
1.396
0.572
13.141
3.008
5.800
7.594
24.036
1.634
6.087
14.584
15.865
1.974
2.905
1.028
6.746
14.069
2.886
7.316
6.004
7.306
3.897
1.480
1.643
1.531
0.026
6.679
13.755
7.347
1.455
5.126
0.948
11.829
14.562
3.272
8.363
20.105
2.065
24.132
11.177
0.326
0.010
4.208
10.218
5.867
0.700
11.276
10.288
3.742
4.956
4.465
0.815
1.334
5.986
24.062
5.426
12.564
17.983
4.192
12.770
38.486
13.395
9.304
13.491
3.663
1.897
12.675
5.994
20.301
14.907
1.677
4.225
1.057
3.792
2.288
9.423
5.304
3.189
6.447
12.687
0.276
0.203
4.626
7.709
4.568
11.184
11.493
12.198
21.482
3.859
0.240
1.905
19.078
2.331
5.407
3.547
2.877
1.912
1.926
0.038
8.401
11.831
18.048
4.583
5.682
1.723
7.096
8.013
40.594
1.198
1.782
7.883
5.061
4.583
6.657
7.811
8.703
0.196
1.830
6.362
4.202
2.884
0.010
0.000
0.000
1.885
1.725
3.354
24.105
3.409
8.906
11.714
1.071
0.000
0.000
0.000
0.000
0.000
0.000
0.000
0.000
10.732
8.518
14.148
2.877
3.941
14.258
1.741
0.010
0.623
0.000
0.000
0.000
0.062
0.172
5.304
1.236
2.514
3.419
8.813
0.287
0.000
0.000
0.000
1.257
0.282
1.552
2.111
4.027
1.962
0.000
4.110
8.690
0.000
0.000
0.000
0.000
0.000
0.000
0.000
0.000
0.000
0.000
0.000
0.000
0.000
2.880
0.000
0.000
0.000
0.000
0.000
0.000
0.000
0.000
2.304
5.133
0.992
0.388
0.051
1.833
0.003
3.986
1.658
0.000
0.000
0.000
0.000
0.000
0.000
0.000
0.000
0.000
0.000
1.069
0.050
5.002
18.117
0.000
0.000
0.000
0.000
0.000
0.000
0.000
0.000
6.787
0.924
0.000
0.112
0.000
0.000
0.000
0.000
0.149
0.153
0.000
0.000
0.000
0.000
0.000
0.000
0.000
0.000
0.268
0.668
0.000
0.000
1.650
6.367
0.422
0.000
0.282
0.000
0.000
0.000
0.000
0.000
0.101
0.738
0.000
0.000
0.000
0.000
0.000
0.000
0.292
0.055
1.381
1.766
0.000
0.101
0.000
0.000
0.000
0.000
0.000
0.000
0.000
0.010
0.240
0.000
0.000
0.000
1.214
0.000
0.786
14.514
4.943
6.832
0.000
0.000
0.000
0.045
2.350
16.455
0.563
10.077
3.370
10.138
22.031
0.968
9.864
11.409
14.222
5.325
74.298
4.283
9.546
1.856
0.000
12.104
8.904
0.563
6.642
17.003
10.477
0.017
27.031
3.274
0.724
5.382
3.599
6.266
1.599
0.591
24.621
21.120
7.109
2.293
0.130
3.674
3.531
11.857
16.342
20.768
27.698
9.594
7.320
2.604
4.355
10.616
0.465
7.448
85.597
3.861
0.412
0.000
0.000
9.718
0.000
0.584
2.019
27.395
0.010
0.000
2.901
7.759
1.315
10.890
16.964
11.621
16.792
0.542
0.900
3.622
0.165
10.313
7.121
8.566
10.526
22.924
56.109
1.511
59.336
127.462
9.297
1.305
10.725
16.922
26.398
16.758
20.162
22.666
59.862
17.770
9.606
6.805
9.119
6.489
21.832
8.126
3.658
15.546
10.602
12.827
9.307
5.854
3.945
9.211
17.547
12.621
4.671
14.581
10.413
12.528
14.244
24.826
13.266
14.117
111.769
7.172
25.718
24.812
22.989
12.933
4.595
2.122
0.142
21.070
3.200
12.322
5.234
9.186
12.394
0.371
2.264
0.256
0.206
0.134
0.623
7.886
11.615
14.294
56.518
3.445
0.972
4.446
0.386
6.063
9.242
2.249
3.564
9.270
6.720
10.870
11.462
3.922
5.308
0.822
7.158
2.238
8.878
8.830
12.521
15.565
5.170
16.303
11.862
3.152
8.518
6.398
10.238
15.693
7.086
5.706
8.332
7.170
54.657
23.875
0.051
0.103
0.309
4.999
3.560
2.822
2.290
11.666
9.949
11.549
16.270
24.700
22.835
7.454
9.565
6.039
4.187
3.507
7.430
8.157
7.012
8.071
8.662
6.360
5.624
4.766
2.803
32.592
4.317
4.338
4.441
0.158
0.000
0.000
0.153
0.000
7.215
2.638
2.150
4.371
0.500
4.508
0.489
0.254
5.482
7.619
0.936
0.256
4.223
0.096
0.000
2.654
5.823
0.312
1.666
2.615
0.000
1.162
3.188
2.472
4.151
6.726
11.697
0.304
1.020
11.991
0.321
0.328
2.614
3.147
10.202
7.266
2.542
4.676
0.000
4.410
3.421
1.871
0.161
0.000
0.000
0.000
0.000
0.000
0.000
0.000
0.000
2.321
2.980
7.079
0.333
0.000
0.000
0.000
0.000
0.000
0.000
0.000
0.000
0.000
0.000
0.000
0.000
0.000
0.000
0.000
0.000
0.000
0.000
0.000
0.295
1.593
0.000
0.000
0.000
0.000
0.000
0.230
0.000
0.000
0.000
0.000
0.000
0.000
0.000
0.000
0.000
0.000
0.000
0.000
0.000
0.000
0.326
0.027
0.203
0.014
0.000
0.000
0.000
0.000
0.000
0.000
0.266
0.000
0.000
0.000
0.000
0.000
0.000
0.028
0.632
0.046
0.000
6.487
1.427
0.065
0.000
0.000
0.000
0.110
0.000
0.000
11.493
0.173
2.562
0.000
0.125
0.000
0.021
0.000
0.000
0.000
0.000
0.709
0.000
0.000
1.126
0.127
0.065
0.000
0.000
0.000
0.407
0.187
0.388
0.309
0.000
0.014
0.014
0.034
0.000
0.000
0.000
0.000
1.493
0.000
0.000
0.000
0.172
0.000
0.041
5.713
0.000
0.000
13.805
21.635
0.450
0.000
0.137
0.824
0.357
0.076
1.808
1.954
0.000
2.051
12.404
103.872
0.570
10.664
12.408
2.632
1.844
2.815
1.643
0.100
13.493
15.007
0.196
6.527
0.336
0.326
44.431
53.026
8.669
47.549
4.587
0.000
5.085
9.898
12.868
28.740
9.356
6.770
4.204
19.811
14.619
3.313
0.355
1.493
0.000
1.236
0.621
0.000
0.000
2.120
0.299
0.000
0.000
0.168
0.000
0.000
0.000
0.412
0.041
0.000
3.643
11.398
0.172
6.166
2.204
0.000
12.734
7.941
28.887
11.555
22.855
0.124
2.268
3.541
3.076
5.088
5.091
5.419
22.937
3.955
6.441
62.186
14.117
6.870
12.634
1.838
1.734
19.353
4.130
3.883
2.132
10.056
3.934
0.000
0.014
7.330
24.357
5.124
3.069
2.036
2.644
13.125
7.732
0.034
10.344
14.361
138.977
8.123
3.565
2.050
5.411
20.424
5.071
5.847
9.507
10.386
15.668
4.539
11.316
2.788
2.747
1.978
0.010
4.195
10.080
0.968
37.848
0.014
0.000
7.320
20.059
16.546
2.994
16.473
11.972
5.634
5.711
4.364
8.986
2.276
13.665
8.138
11.726
14.241
6.897
17.661
15.117
16.141
6.310
6.067
10.564
5.430
9.270
3.843
2.472
7.523
16.916
4.692
7.275
2.524
18.143
20.634
0.992
10.590
7.351
24.712
4.473
9.004
3.629
0.510
10.535
4.777
10.128
9.237
9.956
7.079
1.796
8.494
1.480
4.868
5.459
6.925
2.808
6.079
6.042
9.319
8.030
6.733
5.679
7.309
0.079
0.000
0.000
0.000
0.433
0.000
1.051
1.778
11.234
0.000
0.000
0.017
0.000
2.870
2.032
0.834
0.309
2.846
3.862
2.688
0.278
0.045
0.000
0.000
0.000
0.000
2.647
6.163
6.420
4.389
8.236
3.380
3.111
0.000
0.007
0.000
0.000
0.000
0.007
7.369
0.915
0.000
0.000
0.000
0.542
4.563
2.923
0.000
0.000
0.000
0.000
0.742
3.632
11.871
0.922
0.076
0.000
0.000
0.000
0.000
0.000
0.000
0.000
0.000
0.000
4.766
2.141
0.000
0.000
0.000
0.000
0.000
0.000
0.000
0.000
0.000
0.000
0.360
0.003
0.000
0.000
3.631
0.000
0.000
1.970
0.021
0.000
0.000
0.000
0.000
0.000
0.041
0.000
0.000
0.000
0.000
0.000
0.000
0.000
0.000
0.000
0.000
0.000
0.000
0.000
0.000
0.000
0.000
0.000
0.000
0.000
0.000
0.000
0.000
0.000
0.000
0.000
0.000
0.172
1.872
2.057
0.069
0.000
0.000
0.000
0.000
0.242
0.000
0.000
0.809
0.000
0.000
0.000
0.000
0.000
0.000
0.000
0.000
0.000
2.026
3.402
0.000
15.535
0.000
0.670
0.000
0.000
0.000
0.000
0.000
0.000
0.000
0.094
0.251
0.331
0.048
0.000
0.000
0.000
1.092
0.302
0.000
0.060
3.094
1.332
0.000
0.261
0.237
0.776
0.000
0.635
0.021
3.265
0.268
0.000
0.003
0.000
0.065
0.000
0.000
0.000
0.719
0.457
0.000
0.000
0.000
0.779
12.016
5.917
0.171
1.100
4.888
0.000
0.000
0.000
0.000
0.000
0.000
0.000
0.000
0.000
0.017
2.372
0.591
23.878
0.000
0.000
0.666
1.861
0.000
0.000
0.000
0.017
0.000
0.000
0.477
0.151
6.911
0.000
0.000
0.000
0.120
1.480
78.022
5.121
0.748
7.811
3.916
8.509
0.385
0.000
0.000
2.345
1.823
1.936
0.376
32.346
6.461
8.635
2.750
6.666
47.608
5.112
42.263
4.237
32.164
13.045
31.656
1.142
5.807
5.553
8.516
6.432
0.187
9.057
0.065
0.000
1.693
4.832
0.000
0.000
1.272
0.920
3.024
0.379
12.929
4.532
4.262
7.021
12.732
5.917
6.738
5.007
4.702
5.540
0.149
7.716
1.207
6.096
0.089
1.568
10.700
5.914
9.378
6.887
9.286
24.029
23.540
79.024
50.867
13.363
3.286
6.545
5.445
5.831
0.824
0.173
0.000
0.199
3.531
9.490
1.205
1.739
7.284
13.288
43.147
36.559
6.466
11.481
1.020
33.701
25.509
2.324
0.388
9.901
40.778
11.857
12.851
5.749
16.021
3.413
5.991
7.108
5.649
5.123
1.559
6.826
8.361
4.174
7.165
3.459
3.316
1.011
0.000
2.571
0.283
5.761
0.000
5.615
8.647
3.116
3.744
0.922
1.207
2.204
5.375
4.168
6.540
9.931
2.482
9.350
6.054
0.007
1.433
1.272
3.802
16.462
3.856
10.464
29.155
1.876
0.000
2.449
6.513
0.393
6.997
0.017
12.366
7.189
1.390
0.045
0.283
7.189
0.391
10.204
5.708
2.173
0.000
1.921
0.031
2.759
1.844
1.087
1.676
1.796
2.887
2.172
2.867
0.000
0.000
0.000
0.000
0.000
0.000
3.165
13.972
0.173
0.034
0.000
0.000
0.000
0.000
0.000
0.000
0.000
0.000
0.000
0.000
0.000
0.000
4.655
0.000
0.000
0.031
1.758
0.312
1.140
0.000
0.000
4.647
0.680
0.000
0.000
0.000
3.165
3.042
3.008
2.096
0.000
0.498
0.000
0.580
1.121
0.038
0.021
0.000
0.000
0.000
0.000
0.000
0.000
0.000
0.000
0.000
0.000
0.000
0.000
0.000
0.000
0.000
0.000
0.000
0.000
1.521
0.000
0.069
0.000
0.000
0.045
0.189
0.000
0.000
0.034
0.000
0.000
0.000
0.936
0.364
0.034
0.000
0.000
0.000
0.000
0.000
0.000
1.710
0.000
0.000
0.000
13.468
1.198
5.806
0.900
3.670
2.654
0.347
3.801
0.027
0.000
0.000
0.000
0.299
0.154
0.000
0.000
0.000
0.000
0.112
2.688
0.474
0.000
0.031
0.220
1.583
3.818
3.205
0.142
1.704
0.021
0.000
0.000
0.000
3.097
0.748
0.636
3.650
5.594
10.700
13.775
5.438
0.082
0.000
0.000
1.155
14.612
0.069
0.142
0.039
5.941
4.729
24.130
19.508
7.055
4.738
2.118
62.371
0.673
10.090
7.402
0.000
0.436
8.223
39.767
1.030
0.000
1.943
14.320
2.451
14.354
18.581
94.077
2.510
1.390
3.651
0.000
5.129
0.601
4.707
8.506
5.902
6.187
11.235
40.902
2.426
16.864
10.842
20.880
0.364
17.063
12.912
0.573
12.586
5.536
9.483
13.655
17.494
2.338
15.448
9.999
7.498
14.059
7.182
4.927
3.153
1.693
0.316
0.014
11.692
3.310
6.557
16.413
17.856
3.528
3.529
0.000
0.038
0.000
0.000
0.000
2.220
6.427
2.371
1.040
0.003
0.000
0.000
0.033
6.758
10.217
4.007
1.432
0.730
12.142
6.288
4.144
14.521
4.211
10.119
5.342
2.472
7.952
4.218
12.588
19.226
8.959
6.326
2.225
7.965
2.649
4.467
5.469
14.326
15.206
7.914
23.857
19.049
13.778
7.719
10.298
5.316
22.551
3.761
11.266
8.744
8.957
21.702
11.333
5.974
0.000
13.671
36.768
35.213
3.799
14.955
5.706
13.906
6.959
11.826
8.599
13.208
5.942
3.428
18.315
6.686
10.817
3.461
2.918
16.675
22.107
24.719
19.082
18.062
6.934
18.558
4.084
11.412
10.217
12.875
13.403
4.144
1.233
12.005
8.724
1.452
2.523
11.845
7.162
11.649
6.283
7.035
5.469
1.806
1.782
10.712
9.833
106.609
15.171
4.848
5.802
12.075
13.455
7.944
12.864
8.762
25.797
9.359
12.205
11.172
9.211
0.165
9.376
7.052
4.978
0.433
7.138
7.812
8.882
1.682
7.962
3.962
6.987
1.675
0.474
0.584
1.806
3.698
0.000
0.000
0.985
8.085
0.793
9.208
3.437
3.953
0.254
1.978
2.160
0.000
0.000
0.240
8.187
5.879
1.572
0.748
0.786
0.834
2.214
2.135
3.533
1.497
2.178
3.001
1.346
2.537
2.915
0.000
1.160
0.000
0.000
0.000
0.000
13.881
0.000
0.000
0.000
0.000
0.000
0.000
0.000
0.000
0.000
0.196
0.948
1.407
0.000
0.000
0.195
0.021
0.000
0.021
2.139
0.000
0.000
0.000
0.000
0.108
1.210
0.000
0.000
3.512
0.460
6.739
0.000
0.000
0.151
0.065
0.360
3.143
0.062
0.000
0.132
0.010
0.000
0.000
1.257
2.685
0.038
0.000
0.000
0.000
0.000
0.000
0.000
0.000
0.000
0.024
0.000
0.000
0.975
0.271
0.000
0.985
0.000
0.003
0.000
0.000
0.027
0.014
0.000
0.000
0.000
4.580
0.007
0.065
1.758
1.393
0.130
0.000
0.000
0.000
0.000
0.000
0.222
1.085
0.000
0.000
0.000
1.114
0.000
0.990
0.000
0.000
1.061
11.488
0.000
0.038
0.089
0.000
0.000
0.000
0.575
1.092
4.973
0.599
0.007
4.503
1.645
8.391
0.754
0.000
0.077
0.014
2.604
2.663
0.776
13.084
7.910
8.496
0.000
0.130
20.711
7.454
9.353
8.028
0.007
17.750
122.274
11.403
8.346
0.069
3.015
9.071
9.658
9.332
11.314
59.232
42.994
52.175
8.154
9.453
10.279
0.244
0.017
6.880
14.521
7.993
10.277
41.995
81.577
7.841
1.226
5.394
6.890
3.845
5.311
13.778
11.853
9.139
0.209
2.329
0.000
1.799
1.811
9.798
14.648
2.474
1.290
3.931
8.047
0.395
2.827
4.106
0.326
1.294
4.281
7.426
11.055
15.504
6.360
0.065
0.031
30.415
20.005
10.193
20.510
5.675
21.286
78.405
13.970
13.232
1.634
10.077
3.694
10.499
0.089
0.093
0.718
0.000
3.201
0.000
0.917
1.596
1.428
1.740
0.000
0.069
0.240
3.320
2.089
1.828
0.000
5.243
6.300
6.381
0.192
3.011
13.582
3.553
6.070
0.000
16.490
6.523
1.305
2.269
9.658
9.859
2.129
3.577
2.666
5.806
1.075
2.716
1.346
12.040
22.342
15.443
12.727
2.415
8.528
10.540
11.251
7.879
17.352
1.075
21.283
7.014
7.378
3.509
13.506
6.873
4.892
5.256
11.010
3.547
8.451
11.948
27.682
1.840
8.532
5.186
14.035
20.335
8.624
4.398
15.274
2.326
9.977
8.837
3.275
1.662
4.103
15.099
23.215
27.088
0.501
2.757
4.683
10.650
8.628
0.673
3.334
7.872
7.982
11.167
17.434
1.720
0.144
14.687
25.554
4.468
5.304
19.405
14.771
12.116
2.520
3.665
23.809
4.896
0.512
0.000
0.000
0.649
2.235
0.000
6.005
10.925
10.890
2.867
13.640
8.020
9.012
6.973
6.063
0.415
1.892
7.069
12.004
123.814
2.216
7.721
12.111
5.265
29.878
10.027
0.130
1.409
3.500
8.283
2.924
5.085
1.978
0.821
0.000
3.378
2.000
0.379
0.000
0.448
4.812
0.584
4.082
5.236
11.575
2.626
8.372
3.493
10.343
4.800
2.671
7.368
4.127
3.073
9.716
10.588
0.082
0.992
0.803
0.429
0.000
0.000
1.257
0.000
0.000
2.791
0.360
0.000
6.612
6.719
7.673
0.000
0.103
17.770
0.000
1.274
0.295
3.440
0.889
0.000
0.000
0.000
0.000
0.000
0.000
0.000
5.577
0.000
0.216
0.000
0.177
0.000
0.000
0.000
0.000
0.000
0.000
0.000
0.000
0.000
0.000
0.000
0.000
0.000
0.000
0.000
0.000
0.000
0.000
0.000
0.000
0.000
0.000
0.000
0.000
0.000
2.094
1.384
2.987
5.253
1.037
0.000
0.000
0.000
0.000
0.000
0.000
0.000
0.000
0.000
0.000
0.000
0.000
14.614
0.256
1.425
0.000
0.000
0.000
0.000
0.000
0.000
0.000
0.000
0.007
0.132
0.000
0.045
0.094
5.319
1.875
1.711
0.024
0.000
0.000
0.007
0.000
0.000
0.180
1.845
0.000
6.631
2.395
36.598
0.000
0.101
1.068
0.676
7.594
6.037
19.217
3.102
4.467
1.075
11.687
0.927
3.234
0.793
16.572
3.026
11.240
3.866
4.336
0.433
0.137
4.326
0.731
0.000
0.000
0.062
0.000
5.297
1.614
0.180
0.000
0.000
0.000
0.000
0.000
29.227
0.779
5.888
4.463
15.821
136.565
10.701
0.393
1.057
42.024
1.892
6.726
0.000
8.861
5.160
9.337
3.399
6.045
7.098
8.276
1.155
0.000
7.903
15.136
7.353
0.884
14.775
0.275
0.409
10.525
1.459
2.674
6.547
0.549
6.424
9.124
2.244
10.125
0.954
14.775
2.470
4.329
3.603
5.898
11.941
18.764
2.680
1.219
4.563
19.706
43.008
13.645
26.916
0.858
1.402
0.472
1.952
3.411
7.723
3.270
1.542
0.000
2.700
12.257
2.396
2.367
6.063
1.133
4.661
6.278
9.251
8.387
16.107
26.619
7.306
0.632
3.524
9.374
0.304
13.390
22.699
2.716
2.170
2.989
9.253
0.930
0.748
6.988
2.233
5.882
8.126
5.854
1.983
0.000
9.223
0.014
0.220
0.481
0.055
9.266
11.378
0.591
5.984
22.635
1.009
0.611
0.357
0.992
3.574
8.772
8.205
10.650
14.100
18.951
15.161
17.406
9.816
0.697
0.000
0.000
0.000
8.724
7.376
2.499
6.444
6.688
14.236
0.142
11.251
100.408
7.254
1.150
3.298
2.393
11.860
9.953
8.817
6.488
5.976
12.463
13.379
4.393
9.507
11.557
8.866
3.761
10.286
18.355
7.479
3.632
12.126
25.377
11.865
12.097
13.293
15.856
5.225
11.336
10.530
12.538
20.421
1.665
10.168
0.107
14.456
14.458
8.162
9.428
12.048
3.703
10.775
0.948
8.607
9.967
18.252
16.272
2.017
20.211
2.166
6.877
2.523
0.918
8.288
6.081
0.378
5.134
11.082
2.930
0.930
14.371
0.762
0.498
0.199
0.010
0.597
0.721
0.000
0.000
0.930
5.294
0.498
0.000
0.000
3.498
1.631
3.440
2.654
1.631
4.305
11.220
7.981
8.611
0.745
0.000
0.000
4.865
1.315
8.319
10.492
1.102
0.000
0.000
5.095
6.552
1.469
3.840
1.130
0.000
1.493
0.522
0.000
0.000
0.000
0.000
0.000
1.178
2.853
0.079
4.867
2.582
0.223
2.268
0.027
0.031
0.000
0.000
0.000
4.106
0.441
0.151
0.076
5.237
0.692
0.000
0.245
0.000
0.000
0.252
0.094
0.088
0.000
13.426
0.457
0.783
0.021
4.204
0.596
0.000
0.826
0.050
3.354
1.634
0.000
0.000
0.000
0.000
0.000
0.000
0.000
0.000
0.000
0.007
0.000
0.079
4.566
0.000
0.000
0.000
0.000
0.000
0.003
0.034
0.000
1.140
3.505
0.915
0.000
0.000
0.043
2.870
1.758
0.055
0.000
4.949
0.561
0.000
4.214
0.932
0.000
0.115
0.000
14.417
0.093
2.743
4.358
0.000
4.470
16.073
0.975
0.000
0.822
0.000
0.000
0.000
0.287
0.058
0.000
0.000
0.000
0.003
1.971
0.000
3.268
6.753
1.583
8.690
5.028
0.000
5.054
0.000
10.398
2.378
6.024
20.726
9.560
13.414
0.038
50.433
10.652
16.425
6.551
0.000
8.774
3.210
6.085
0.000
1.543
0.000
11.865
4.071
0.196
6.410
7.078
0.000
0.000
0.431
20.713
2.911
3.585
7.660
7.144
19.521
2.905
4.294
15.426
9.261
41.455
0.376
0.000
0.000
2.114
2.644
11.368
3.952
7.415
6.118
1.003
9.719
11.968
0.427
5.208
5.945
2.983
0.319
14.782
8.580
0.014
7.749
0.000
13.694
9.381
5.568
6.068
11.804
72.247
1.516
0.180
7.545
10.210
1.824
7.025
4.904
5.210
2.117
0.736
7.461
0.206
4.364
13.972
16.218
11.528
15.032
8.027
1.332
11.058
61.848
64.716
5.847
2.880
4.623
12.244
9.498
4.710
4.343
1.947
12.528
5.778
1.878
2.060
0.000
0.000
6.932
3.220
4.092
0.371
0.000
5.967
18.285
9.943
9.419
0.694
9.515
5.692
1.706
0.714
4.978
7.646
9.809
13.736
15.117
14.893
19.410
11.567
33.718
0.199
0.041
0.158
10.913
10.386
2.788
2.997
2.417
3.934
88.941
12.833
7.900
10.126
0.812
4.628
5.804
5.291
2.513
3.588
8.729
3.512
0.206
7.265
0.477
0.309
9.654
7.323
20.551
47.399
6.327
27.874
28.815
5.201
11.481
2.578
6.025
0.532
12.590
0.446
2.098
13.479
3.835
10.646
0.536
2.283
5.359
17.482
1.940
21.135
2.211
3.375
4.060
7.066
1.329
5.181
14.380
6.379
0.211
5.709
5.926
34.059
9.392
2.930
12.888
1.311
7.850
2.812
6.029
5.622
5.131
1.360
7.224
10.488
5.972
9.376
4.353
9.889
8.298
3.874
11.503
9.829
15.573
5.706
0.164
0.000
0.910
0.216
0.000
0.000
0.000
0.851
8.430
6.319
8.123
7.761
0.966
4.310
2.135
1.787
0.088
0.000
1.768
0.031
5.950
0.062
3.957
2.729
4.384
4.700
1.739
0.000
2.544
7.570
2.347
3.378
1.967
0.951
0.000
0.858
1.536
4.347
7.181
0.903
0.031
0.000
0.000
0.319
2.846
0.154
0.000
3.107
10.708
0.443
0.000
0.000
0.055
0.000
12.073
8.085
0.217
0.460
0.000
0.000
0.309
0.000
2.609
3.668
4.206
0.000
3.528
0.000
0.000
0.000
1.771
0.000
0.000
0.000
0.000
0.000
0.000
0.000
0.000
0.000
0.000
0.021
0.364
0.592
0.000
0.000
0.000
0.000
0.000
0.000
0.000
0.000
0.000
0.000
0.000
0.000
0.000
0.000
0.000
0.000
0.000
0.000
0.000
0.000
0.000
0.000
0.000
0.000
0.000
0.000
0.000
0.000
0.000
3.145
16.476
0.021
0.615
0.000
0.000
0.000
0.051
0.000
0.000
0.000
0.000
0.000
0.000
0.000
1.083
0.000
0.021
0.000
0.000
0.089
0.262
3.054
2.068
0.000
0.851
0.419
0.000
0.000
0.137
0.007
0.034
0.000
0.000
0.000
0.000
0.000
0.000
0.000
0.000
0.110
0.000
0.058
0.346
0.494
0.103
0.000
0.000
0.000
1.500
0.072
0.800
7.196
7.876
0.072
0.010
0.144
0.021
5.850
18.725
5.346
5.219
10.349
1.061
0.000
0.000
0.117
0.336
21.010
4.607
14.334
1.315
0.187
17.873
22.385
5.845
2.355
1.583
1.618
12.068
8.570
5.658
69.319
5.605
39.936
0.000
23.459
4.535
21.681
0.326
17.274
10.538
18.429
28.702
5.641
7.697
10.679
3.246
0.027
3.419
6.203
1.572
0.000
0.000
0.000
4.309
36.303
4.779
1.044
6.743
4.525
3.344
5.078
11.740
1.885
5.177
3.341
8.329
12.978
4.079
10.296
23.329
8.030
11.841
6.041
24.503
5.112
2.372
6.077
29.505
18.637
4.039
0.065
0.000
1.274
0.752
0.000
0.000
0.000
0.474
16.991
22.752
8.679
5.878
0.000
3.665
9.613
5.751
18.412
83.833
69.667
8.954
36.372
139.248
10.107
10.315
27.318
17.305
5.685
17.327
7.641
10.818
25.959
13.929
27.531
78.535
2.087
13.520
10.454
11.107
17.507
10.566
10.810
1.130
1.141
1.633
11.858
5.602
1.879
3.730
1.636
12.372
2.189
5.061
6.795
20.977
15.165
3.838
8.419
1.667
13.812
4.176
11.279
8.997
23.498
14.917
28.918
9.455
25.581
6.993
20.167
12.401
4.590
10.509
14.286
23.737
5.026
14.296
6.547
9.004
9.407
18.158
11.354
14.354
17.836
16.517
30.405
50.959
1.167
11.175
11.762
66.299
8.676
2.376
5.679
5.400
9.323
2.589
11.790
11.256
8.173
8.430
18.955
10.961
3.101
3.329
6.394
7.661
11.205
13.214
11.077
55.277
3.486
0.240
0.065
0.014
4.405
5.301
3.698
14.706
0.754
3.828
1.526
4.233
1.626
1.377
3.444
0.027
0.000
0.000
0.000
6.940
2.749
0.000
0.000
0.000
0.000
0.000
0.000
0.000
0.000
0.000
0.000
0.288
2.932
6.740
7.039
0.307
0.972
0.089
0.000
0.000
0.127
0.000
4.455
2.990
1.087
5.445
0.106
0.982
0.000
1.638
3.845
1.981
0.000
0.196
0.000
3.993
5.002
1.104
2.355
0.000
0.000
0.000
0.414
0.192
0.093
0.283
0.069
0.000
0.000
0.000
0.000
0.000
0.000
0.137
0.000
0.000
0.000
0.000
0.000
0.000
0.000
0.000
0.000
0.000
0.000
0.000
0.000
1.495
7.222
2.135
0.000
0.000
0.000
0.000
0.000
0.000
3.689
0.896
0.283
1.799
0.000
0.000
0.010
1.239
0.000
0.007
0.000
0.048
0.223
0.000
0.000
0.000
0.000
0.000
0.000
0.048
0.003
0.000
0.000
0.000
0.000
0.151
0.007
0.249
0.015
8.144
3.212
0.000
0.000
0.000
0.000
0.000
0.055
0.702
0.000
0.021
3.639
0.000
0.000
0.000
1.070
0.300
0.000
0.000
0.000
0.000
1.941
6.298
0.010
2.424
0.081
0.000
0.000
0.000
0.539
19.767
0.000
0.000
0.326
3.716
0.251
1.893
0.215
0.110
0.000
1.085
4.091
4.017
1.945
3.892
2.901
3.604
4.355
2.628
0.678
6.491
0.065
10.193
18.148
9.369
12.954
9.809
12.808
19.296
8.449
0.500
16.414
4.732
0.474
1.818
0.000
0.000
0.651
0.000
0.000
5.570
11.393
11.761
0.000
17.673
1.469
23.562
3.066
13.299
22.199
11.479
6.600
12.473
22.151
2.288
0.010
0.548
0.000
1.276
15.597
10.971
8.700
8.159
1.045
0.000
1.155
12.332
4.084
22.297
23.406
12.616
9.097
16.064
16.095
8.854
16.994
7.704
7.378
95.147
1.212
1.092
12.854
14.605
14.282
20.675
4.487
9.033
2.472
11.364
25.172
5.579
14.680
24.441
23.418
1.517
1.847
0.354
0.213
4.017
2.506
1.339
21.180
4.999
8.803
10.643
17.669
4.915
0.812
1.708
2.264
1.576
0.676
4.776
2.439
3.553
5.497
3.304
12.327
4.168
18.746
8.015
5.743
2.218
6.592
10.662
6.976
5.743
1.744
5.018
0.252
9.877
0.031
9.538
0.225
0.530
1.303
6.280
7.012
4.417
2.586
0.065
0.000
15.010
22.721
7.704
5.548
11.917
4.700
15.331
0.000
0.000
0.000
0.000
15.513
9.598
1.626
2.227
28.123
17.929
60.507
4.534
4.213
8.389
6.439
3.464
18.891
10.435
115.691
5.416
4.146
4.168
4.834
8.441
14.948
19.593
28.942
3.037
1.495
17.418
25.614
5.138
5.565
1.090
4.631
10.271
31.357
20.205
9.180
8.384
11.156
66.781
8.971
12.301
22.018
141.004
7.456
4.116
2.274
8.126
11.587
12.686
15.863
11.065
1.857
2.004
1.530
2.041
3.706
13.188
6.243
10.635
7.760
7.563
8.266
5.475
8.702
7.155
12.723
16.784
7.841
17.969
2.122
0.000
0.011
7.557
0.724
5.304
6.372
9.088
0.312
4.695
1.562
5.332
1.641
0.000
0.302
0.000
1.950
1.758
7.012
10.979
0.055
7.763
6.918
6.959
1.088
3.354
1.167
0.003
0.000
0.000
0.051
0.000
0.415
0.000
0.233
0.251
2.726
1.092
0.000
0.000
0.000
0.652
0.000
0.000
0.000
0.175
5.383
1.641
0.069
0.000
0.203
2.087
0.000
0.106
1.919
0.000
0.069
1.346
0.000
0.000
0.000
0.000
0.000
0.000
0.000
0.000
0.000
3.389
0.017
21.229
0.000
0.506
6.745
0.134
7.460
9.065
3.361
0.324
3.680
9.126
0.906
0.858
13.479
0.000
1.883
0.000
0.000
6.963
0.000
4.094
0.000
0.000
0.000
0.000
0.000
0.000
0.000
0.000
0.000
0.000
0.000
0.000
0.000
0.000
1.828
4.522
0.127
0.000
0.000
0.000
0.724
0.082
0.000
0.000
0.000
0.000
0.000
0.000
0.000
0.000
0.072
12.976
4.782
11.125
3.100
0.000
0.003
0.017
0.003
0.000
9.381
2.762
0.175
0.069
0.151
0.000
0.000
0.000
0.000
0.201
0.779
0.223
2.189
0.000
0.294
0.070
30.253
0.000
0.000
0.759
0.925
0.000
0.000
0.000
0.608
0.000
0.539
0.000
0.000
0.659
0.000
0.800
11.323
18.368
3.179
4.961
0.869
1.428
27.895
12.243
20.634
14.828
14.665
16.734
14.643
15.752
15.412
0.120
1.851
18.711
88.272
3.866
4.235
8.995
1.792
7.045
0.014
0.000
6.330
7.368
109.299
2.170
7.759
9.318
8.391
1.660
1.615
0.599
20.035
11.244
1.751
9.915
5.667
10.852
0.257
0.027
7.059
5.428
8.861
1.418
3.727
1.715
1.130
1.155
4.413
6.333
11.238
15.141
17.432
15.965
11.604
9.436
4.214
1.137
0.000
0.000
21.416
11.383
2.879
9.067
8.362
26.733
24.515
35.307
12.756
7.778
3.068
10.288
1.281
8.574
21.367
5.836
9.761
8.182
13.134
8.305
20.266
17.274
17.729
6.884
6.918
0.591
4.240
4.285
4.547
0.807
9.369
4.017
13.276
6.945
18.395
92.141
5.009
4.728
13.573
7.567
12.281
3.126
13.400
4.942
5.545
6.042
12.057
22.283
0.148
12.064
0.319
20.785
10.578
5.351
3.104
11.576
3.249
4.035
4.934
17.744
23.976
12.423
15.885
16.765
29.048
13.290
8.185
12.276
7.949
15.072
19.827
15.927
12.799
11.530
9.680
8.197
14.071
1.854
2.817
8.688
16.723
6.701
0.314
3.560
8.375
17.458
4.377
6.432
5.186
11.194
26.044
15.593
18.399
136.551
17.125
0.970
16.316
14.342
8.755
24.254
20.462
21.531
12.494
10.634
13.441
5.927
16.578
18.124
8.518
1.672
7.492
6.077
0.573
41.031
35.010
4.494
10.756
0.177
3.711
7.994
8.801
2.365
8.588
2.182
9.126
2.760
6.101
15.886
12.415
5.921
2.129
7.314
6.693
13.451
13.342
11.288
6.054
13.762
17.639
21.477
13.491
4.860
2.977
13.156
3.722
0.158
0.000
0.000
0.000
0.000
0.673
14.766
13.666
5.370
11.647
0.453
0.100
0.467
0.000
9.380
18.478
2.496
6.674
10.753
2.795
3.145
5.970
4.765
0.858
3.612
6.688
23.938
133.628
1.629
0.024
0.000
0.000
0.000
0.000
0.000
0.707
7.594
0.113
6.733
6.655
9.208
4.813
6.571
0.292
8.384
0.268
0.000
0.000
0.000
4.013
4.820
0.597
0.000
0.000
0.000
0.000
0.000
0.000
0.000
0.000
0.000
0.000
0.000
0.000
0.000
1.076
0.000
0.000
8.724
5.730
0.021
1.071
3.014
2.805
0.000
0.000
0.000
0.000
2.779
1.401
5.606
2.941
1.622
4.758
0.000
1.511
0.000
3.116
9.101
0.551
0.206
0.688
3.444
1.571
2.853
0.000
0.375
0.110
2.089
0.000
1.094
0.051
0.000
0.000
1.054
0.000
0.000
0.000
0.000
6.995
5.155
0.046
0.000
0.000
0.000
0.386
0.003
0.000
0.000
0.000
0.000
0.000
0.000
3.131
4.206
7.354
31.435
12.572
0.563
0.000
0.017
0.233
0.000
0.000
11.182
1.912
1.105
0.113
0.663
0.072
0.192
55.052
1.957
0.000
0.000
0.000
18.855
2.029
0.000
2.160
8.676
0.618
0.000
0.000
0.089
1.279
59.446
1.972
0.048
0.007
2.129
0.048
1.299
17.683
2.129
19.264
2.551
5.771
8.609
9.986
34.727
10.432
9.362
2.894
9.023
0.000
18.591
24.453
10.573
7.071
1.596
3.543
10.272
9.273
15.324
12.334
0.120
0.021
1.998
0.412
2.556
7.423
3.423
9.239
9.570
15.153
6.940
6.030
8.962
0.563
5.780
2.650
0.148
20.713
23.936
17.705
16.116
11.723
18.852
16.586
16.021
16.461
14.713
10.181
5.665
4.370
6.808
5.577
11.072
4.728
12.710
15.631
16.799
21.674
17.345
13.608
6.774
3.227
5.809
11.886
7.721
15.446
6.509
15.748
25.481
14.378
3.866
1.847
13.851
3.011
0.168
18.622
24.860
16.493
17.216
21.195
93.128
23.399
3.875
9.343
11.268
12.952
23.442
26.792
2.743
5.596
16.513
10.830
13.051
9.253
13.932
14.159
8.571
4.008
1.092
4.633
4.477
1.842
14.035
16.890
10.878
54.180
6.103
9.638
15.240
3.873
7.368
10.200
8.468
8.770
11.773
4.717
4.676
22.889
21.863
27.510
7.829
0.621
0.985
9.445
14.107
29.490
7.100
13.235
13.946
3.742
12.373
9.610
8.789
10.245
35.457
19.628
18.690
13.984
16.304
13.554
12.895
10.808
13.120
4.978
10.468
6.925
16.225
67.715
24.805
7.069
3.770
9.671
12.413
7.931
18.749
19.693
20.263
14.886
2.087
6.765
65.043
13.959
14.650
7.072
18.975
13.836
1.375
0.371
11.740
1.490
3.845
14.131
6.044
12.933
17.825
44.951
11.285
19.518
11.124
6.209
11.457
23.806
3.248
10.842
1.116
4.144
17.678
23.562
12.658
0.179
1.861
4.721
34.645
28.753
3.316
7.491
7.119
3.777
7.110
13.237
6.053
16.183
16.263
26.714
23.339
1.641
1.579
6.334
2.115
5.102
10.341
5.960
11.457
1.322
3.248
5.370
1.823
4.134
8.435
8.538
8.229
0.786
6.866
7.756
4.473
9.342
6.897
2.903
4.059
5.344
5.856
0.000
0.000
0.970
0.000
0.185
3.826
5.821
5.323
1.371
0.014
0.000
1.995
0.760
3.955
10.022
0.333
5.206
1.950
4.386
7.060
1.752
12.064
1.548
2.466
0.051
0.000
4.015
1.857
0.903
4.843
4.127
0.566
6.753
0.470
2.008
0.982
0.522
2.273
2.645
5.450
0.062
0.000
0.000
0.000
0.000
0.000
0.000
0.201
2.549
3.248
7.423
7.554
0.182
1.250
0.072
0.259
2.189
0.000
0.996
1.169
5.371
0.309
0.000
0.000
0.000
0.000
2.372
8.206
0.024
0.000
0.000
0.000
0.000
0.000
0.065
6.489
0.000
0.000
3.263
0.943
0.062
0.659
9.520
15.142
5.593
1.112
0.048
0.000
0.000
0.000
0.000
6.966
3.025
6.194
0.000
0.000
0.000
0.000
3.744
0.168
0.000
0.000
0.000
0.467
2.063
15.316
2.523
9.781
0.000
0.137
4.336
3.177
11.084
1.905
0.275
0.000
13.441
0.700
0.474
0.000
0.000
0.093
11.258
5.740
1.250
7.570
2.740
14.869
0.086
0.000
13.554
1.088
4.827
14.279
14.543
10.705
187.118
0.865
7.423
10.492
12.174
14.164
17.259
9.108
11.680
7.553
0.759
28.328
0.869
0.697
2.429
2.415
7.579
2.607
9.398
7.575
5.287
4.625
8.157
5.758
11.558
10.061
7.314
0.021
0.031
2.570
80.578
10.957
3.598
0.506
15.190
6.793
27.325
5.546
7.907
4.044
9.646
10.013
41.237
6.557
17.343
13.826
9.745
3.694
6.094
2.081
1.579
2.836
3.572
12.978
18.031
6.235
4.927
5.562
1.552
1.576
3.337
16.819
11.951
6.959
3.818
14.332
18.811
32.125
17.406
11.096
11.093
20.840
10.955
0.467
0.000
0.076
0.718
0.975
21.041
47.452
7.946
2.058
8.520
11.443
9.230
9.575
1.167
0.556
0.481
0.645
3.162
2.005
17.087
1.955
4.019
13.091
67.859
8.988
7.946
2.293
18.347
3.279
15.345
19.501
0.608
2.053
4.534
9.361
19.489
4.139
9.213
20.157
8.718
11.060
21.478
16.556
7.291
4.970
4.055
7.663
13.601
62.632
12.137
13.092
7.760
11.855
15.604
36.845
20.028
14.322
12.871
9.069
38.483
6.489
96.663
9.105
11.625
13.585
18.514
15.024
20.853
3.945
20.730
20.871
28.540
4.286
11.367
13.788
9.704
20.170
0.642
2.891
11.865
14.049
16.617
10.770
8.998
5.392
8.619
2.712
13.970
26.992
31.878
43.166
82.343
5.965
0.168
9.683
9.067
10.780
0.954
0.021
0.000
0.000
0.000
0.000
0.000
6.612
13.099
8.743
6.067
8.046
11.775
14.370
11.503
8.925
7.381
0.385
0.014
8.166
8.765
7.606
3.535
11.604
34.470
13.043
0.137
6.636
12.748
8.336
1.548
10.370
8.545
11.021
0.124
0.000
0.000
0.000
0.000
0.000
0.000
1.193
10.039
12.720
2.273
4.257
0.000
0.306
1.662
13.336
70.000
9.167
1.408
0.213
3.787
6.460
0.093
0.167
0.570
1.837
17.001
0.347
0.834
0.000
0.524
0.393
0.000
0.000
0.000
0.000
0.000
0.000
2.983
4.946
0.179
3.062
2.892
2.281
0.000
0.190
5.505
0.021
0.000
0.000
0.000
0.000
0.000
0.000
0.000
0.000
0.024
3.272
0.355
5.534
3.551
5.346
6.672
0.997
0.081
14.670
1.634
2.242
0.299
0.815
0.000
0.000
0.000
0.000
1.608
0.000
0.899
5.800
0.100
0.000
0.000
0.000
0.000
1.109
6.032
1.569
0.000
0.000
0.000
0.000
0.000
0.000
0.000
0.000
0.000
0.000
0.000
0.000
0.000
0.000
0.000
0.000
0.000
0.031
0.000
0.000
0.000
0.000
0.072
0.941
2.898
0.007
0.597
13.324
7.958
9.005
0.450
8.504
8.844
0.814
0.000
0.000
0.000
0.268
0.000
0.000
0.137
3.059
12.370
0.010
0.165
0.000
0.790
0.000
1.792
1.124
0.721
0.937
3.289
0.000
0.000
0.000
0.000
0.000
0.000
1.612
2.293
0.000
0.704
0.544
3.703
5.473
12.423
8.346
30.509
0.623
0.297
2.098
12.560
15.868
0.736
10.811
0.877
4.255
0.000
2.486
28.668
10.743
11.546
6.240
0.086
23.277
2.930
16.006
14.708
9.829
0.014
0.000
0.208
1.696
12.298
41.669
4.518
8.518
21.550
19.487
0.474
4.254
7.783
7.519
13.307
4.803
5.454
6.762
13.190
3.876
7.369
0.000
14.368
8.851
9.301
7.697
5.933
24.283
24.156
16.061
11.137
28.815
141.518
1.658
13.935
0.000
3.008
70.151
15.377
2.846
6.674
0.000
7.066
9.960
0.003
0.014
7.038
8.535
7.903
23.343
85.618
11.383
12.796
3.438
17.139
6.279
17.539
19.518
7.944
0.137
0.508
6.139
9.048
3.579
7.447
8.837
5.555
19.569
8.758
17.070
5.655
0.034
3.337
7.302
10.959
17.533
3.900
13.106
6.861
0.051
9.531
6.763
4.473
2.396
18.416
18.227
27.785
9.072
11.100
14.540
6.983
17.046
16.830
0.633
1.566
2.620
2.939
14.299
14.275
9.359
13.048
24.578
89.497
13.987
20.407
2.740
2.134
11.608
12.555
8.913
19.370
4.987
3.433
1.571
13.877
38.801
25.138
5.641
3.852
9.065
7.121
17.053
5.558
3.001
3.753
8.743
2.384
12.813
1.732
7.811
10.506
26.915
22.498
12.926
13.033
4.376
13.081
17.480
16.292
1.665
5.500
18.146
44.486
10.207
16.376
44.400
3.210
8.538
10.636
7.325
7.414
2.256
7.670
20.756
11.603
2.211
3.842
23.102
6.067
0.524
0.838
13.681
12.183
3.986
16.608
19.741
6.654
10.250
7.845
1.875
13.414
8.205
4.815
6.552
7.735
5.857
5.177
11.901
7.620
12.663
9.386
153.819
0.089
0.000
0.000
0.000
0.273
6.808
5.371
27.995
0.010
4.827
19.707
13.922
1.380
0.000
0.000
0.000
3.526
12.202
5.126
2.455
10.258
5.019
0.851
6.303
0.419
0.000
0.000
0.000
0.000
0.000
2.190
1.308
19.494
3.279
0.542
0.057
0.978
3.972
4.480
9.323
0.182
0.000
3.519
6.800
2.530
5.366
1.579
2.063
2.798
0.000
2.855
1.463
1.909
6.915
5.945
0.000
0.645
0.474
0.225
2.146
3.694
11.391
8.360
0.000
0.000
0.000
1.212
1.813
5.469
0.000
4.633
2.868
3.934
1.607
3.268
12.548
3.584
0.498
0.000
0.000
0.000
0.249
0.000
0.000
0.089
0.000
0.168
0.000
7.517
7.756
12.257
14.141
2.057
4.293
0.014
0.467
0.484
2.836
0.987
0.000
0.632
0.000
0.000
0.182
4.099
0.000
4.449
0.017
0.000
0.527
2.146
0.007
0.000
0.000
0.000
0.185
0.003
0.000
3.983
0.003
0.000
2.070
0.000
0.041
0.376
0.031
5.181
0.050
8.403
7.426
14.157
38.751
25.073
0.553
4.796
3.862
4.498
1.476
16.277
24.750
2.063
0.093
9.259
0.542
17.056
0.220
5.795
10.681
8.178
7.042
19.868
12.893
9.184
11.455
16.644
11.034
15.652
6.255
7.055
9.512
3.224
0.735
18.471
17.508
12.008
7.210
14.741
12.322
1.830
5.167
7.811
19.913
6.956
12.483
14.701
2.369
9.062
14.713
2.777
11.500
7.584
16.249
2.281
2.329
5.639
5.687
6.866
13.410
10.839
1.365
0.252
0.000
6.880
14.832
5.893
7.692
13.312
136.891
3.268
27.346
7.000
7.570
7.508
24.323
7.551
0.486
0.000
2.838
11.173
10.042
10.993
8.162
15.268
5.270
15.460
10.324
8.257
15.925
17.638
10.293
25.657
8.023
11.307
9.862
32.058
17.139
7.520
0.920
5.546
18.848
33.352
1.923
4.820
3.859
1.751
0.000
4.637
17.479
91.296
5.061
12.349
11.045
12.494
24.139
23.875
1.919
4.183
8.861
7.177
14.849
9.280
0.738
1.524
0.512
9.920
23.986
20.805
7.376
10.950
17.599
3.337
9.012
10.566
0.745
0.594
17.231
12.251
13.795
5.380
2.036
13.688
2.843
7.282
31.816
18.323
81.021
24.487
10.955
12.475
15.185
10.476
5.162
7.234
8.748
17.496
12.538
3.756
5.229
13.434
3.205
13.929
37.767
3.066
2.702
4.831
10.997
9.627
5.088
0.592
9.297
4.922
15.642
2.050
13.923
82.109
19.072
21.748
6.734
2.415
15.168
12.226
6.427
1.729
12.147
2.376
0.154
7.119
3.612
22.980
4.249
2.709
6.176
26.336
8.168
6.957
2.824
13.963
19.906
2.129
3.399
19.834
0.148
8.602
2.369
12.023
9.227
13.616
19.061
11.271
2.307
7.519
12.497
21.842
20.208
2.129
7.677
11.781
2.805
9.737
26.424
12.404
9.589
9.536
1.456
1.785
17.618
68.792
9.460
13.311
0.834
6.297
0.336
6.159
3.921
0.992
0.000
0.000
0.220
4.520
0.512
0.017
0.000
0.000
0.002
1.092
8.569
2.250
14.948
11.807
12.761
0.532
5.169
9.678
15.347
6.997
8.312
13.111
0.093
10.664
8.974
1.016
4.235
7.399
8.432
8.106
1.504
3.383
0.000
4.813
2.039
13.932
19.868
0.491
0.000
0.000
0.000
0.000
0.288
2.304
2.383
0.182
4.518
4.161
6.736
0.007
9.919
4.463
2.929
5.953
1.741
8.693
1.837
5.177
2.721
7.704
0.154
1.088
0.584
0.000
0.007
0.002
8.356
1.679
0.003
0.000
0.000
0.000
0.000
0.148
0.051
5.100
2.585
0.000
0.000
0.000
0.000
0.000
0.010
0.000
5.493
0.656
0.069
0.000
0.010
0.209
0.000
0.000
0.000
0.000
0.000
0.000
0.565
0.000
0.000
0.000
0.000
0.000
0.000
21.921
3.251
2.953
10.926
5.414
2.705
6.097
0.141
0.415
3.969
0.031
0.542
11.484
1.102
0.014
0.000
0.002
0.000
0.000
0.038
8.408
4.123
0.412
1.085
3.722
0.247
3.704
27.747
0.244
0.000
0.000
0.045
5.181
4.178
0.000
0.268
0.924
2.424
0.002
0.000
0.118
8.707
0.412
4.374
65.767
3.399
0.000
0.486
2.757
1.068
0.003
0.714
5.122
4.156
21.408
19.118
22.910
10.612
8.374
17.434
1.559
1.401
9.584
10.787
8.617
18.819
15.803
10.842
5.555
14.780
0.920
10.758
24.475
1.178
4.285
3.306
7.581
18.581
0.326
0.506
0.628
0.000
6.034
8.842
21.406
18.497
14.157
1.287
0.093
2.697
19.010
5.019
4.432
14.759
29.194
13.960
10.955
14.286
9.362
14.361
22.766
22.287
2.776
18.931
11.440
21.142
8.617
0.012
11.460
13.589
10.588
3.141
13.884
23.942
37.573
9.740
17.810
31.297
5.174
2.748
1.754
1.547
21.152
6.763
6.461
17.228
33.622
13.795
26.848
21.157
5.699
18.574
19.478
7.024
9.661
21.926
20.836
18.775
7.560
3.591
1.696
2.547
67.344
9.764
1.263
6.002
3.268
12.477
19.418
1.593
1.665
4.831
0.578
8.273
16.155
4.178
7.474
13.729
7.958
11.258
19.054
110.493
59.010
11.510
0.158
5.447
10.195
3.619
2.481
0.094
5.989
15.758
14.814
13.481
5.229
15.824
1.608
11.134
17.178
5.819
4.401
19.923
4.788
35.556
17.571
15.934
36.756
2.580
4.178
5.280
10.990
13.522
16.840
114.922
11.476
8.326
14.775
33.937
11.869
11.436
160.987
6.458
5.323
20.036
22.170
20.678
27.069
13.798
107.309
12.895
15.425
3.526
1.277
15.875
16.746
98.623
4.130
1.221
10.756
12.366
18.460
57.199
3.262
15.163
5.538
27.675
15.583
12.845
1.672
2.472
2.158
7.787
4.377
20.112
55.838
11.424
6.166
13.712
4.128
5.342
1.401
18.790
14.294
4.103
3.159
0.467
6.787
6.224
0.460
0.000
3.883
0.000
0.000
0.000
0.000
0.000
0.642
0.000
1.075
8.411
10.782
18.162
7.409
2.245
4.858
6.884
13.534
0.350
0.333
0.072
8.902
4.765
14.044
7.018
9.558
3.244
15.439
8.906
10.049
1.093
4.443
0.039
0.000
6.576
2.022
4.995
0.488
1.045
8.521
19.492
14.897
15.606
13.774
1.205
1.202
5.256
0.488
1.471
35.240
7.915
2.788
0.743
2.256
2.426
0.657
0.000
0.000
0.235
1.821
1.596
4.214
2.317
2.643
0.704
1.293
3.469
1.705
7.054
6.092
5.026
10.422
2.543
3.715
9.654
0.676
7.016
2.750
9.589
12.375
0.860
0.000
0.000
0.000
4.467
5.773
2.640
0.000
0.000
1.191
0.000
2.216
0.718
0.000
0.000
4.752
3.268
0.191
0.002
0.000
0.000
0.000
1.459
0.000
0.501
15.965
3.656
2.170
0.038
4.010
0.003
0.079
4.716
22.232
1.236
0.000
2.091
19.106
0.989
0.000
0.000
0.000
0.000
3.286
1.191
2.862
7.289
5.761
6.415
0.512
0.000
0.000
0.000
0.000
0.000
0.002
0.000
0.000
0.003
0.005
0.179
2.166
6.873
8.025
5.497
1.435
3.715
9.023
199.620
75.967
3.842
0.000
7.852
6.087
0.584
0.000
0.000
2.681
10.870
0.017
0.000
0.000
0.747
0.206
0.124
0.000
0.003
0.439
9.974
18.500
9.622
0.000
11.608
1.535
3.028
7.732
25.066
18.478
6.812
7.999
23.167
18.560
0.000
0.000
0.378
0.364
15.309
24.067
9.445
152.914
8.339
6.437
6.475
7.321
11.124
13.798
25.711
45.872
26.728
2.934
0.912
1.195
0.000
0.905
7.285
3.423
9.168
20.551
34.228
1.205
6.532
14.035
14.569
18.684
6.465
15.721
4.292
24.105
6.342
1.113
12.300
10.646
7.385
6.626
7.812
14.011
10.145
6.889
89.988
10.719
0.446
7.850
12.068
13.316
19.430
18.929
0.400
6.276
0.872
12.128
17.697
13.963
15.903
9.714
7.428
11.311
5.651
25.021
14.461
17.820
1.620
17.408
7.943
2.994
0.151
0.316
11.498
13.214
1.720
3.979
14.866
9.721
63.446
20.678
28.216
14.454
2.271
30.583
17.527
9.785
9.259
24.467
23.459
20.907
9.654
2.398
11.155
3.256
5.660
14.287
10.341
12.188
15.285
16.610
13.942
12.942
53.045
82.051
9.917
79.864
5.402
19.484
6.180
18.727
29.318
8.767
29.766
34.090
101.491
14.943
1.239
6.537
3.272
0.659
3.313
13.125
16.685
16.684
17.697
46.189
17.813
13.206
1.578
10.145
12.833
19.918
8.159
5.946
3.847
21.949
22.196
2.228
5.098
13.671
2.211
0.451
3.979
24.948
12.030
5.776
2.717
14.432
8.686
162.999
6.973
7.828
1.040
13.678
4.807
1.260
1.816
8.096
13.534
10.827
4.861
19.726
16.323
30.075
11.642
5.584
18.984
13.826
2.953
5.109
6.382
1.861
13.778
3.981
5.531
2.297
5.708
0.240
1.226
6.530
4.377
3.258
11.429
10.973
6.997
8.950
9.778
9.635
4.219
1.754
20.548
2.489
1.899
6.338
0.249
4.927
5.232
3.454
5.876
11.422
16.085
46.575
7.378
7.038
26.726
12.857
14.543
1.184
14.083
6.571
17.006
6.094
8.813
14.047
6.959
14.238
6.578
0.463
0.192
0.879
3.162
0.130
0.429
5.256
6.623
4.158
6.283
0.199
3.583
10.131
0.000
0.354
12.090
13.462
3.660
3.557
1.392
4.843
10.928
2.345
0.000
0.000
0.000
0.000
0.000
0.000
1.487
7.467
2.173
0.000
2.791
18.958
2.525
0.000
0.010
2.493
4.669
3.507
3.488
6.877
4.243
2.499
0.601
0.299
0.064
0.039
0.000
0.000
0.000
3.516
1.837
11.185
3.938
0.409
0.000
0.021
3.584
5.267
8.466
1.909
5.907
5.776
0.000
0.000
3.413
