19790101
1.556
4.224
5.502
9.045
11.048
1.112
6.672
11.742
4.106
4.446
6.433
1.047
0.000
1.909
1.581
4.015
1.723
0.539
9.303
17.897
1.984
6.020
10.643
7.394
4.299
5.284
10.526
1.449
0.055
11.030
16.773
4.855
12.773
19.605
0.563
1.091
10.374
5.704
5.925
10.683
3.962
6.863
7.907
15.630
21.575
6.686
2.412
8.302
7.735
5.229
1.291
8.425
7.948
0.946
9.177
9.752
12.328
15.834
6.347
5.229
21.269
19.899
15.875
82.397
1.600
18.910
12.104
8.580
6.545
6.549
1.861
10.499
0.439
13.297
8.035
12.612
23.324
23.332
23.329
21.554
8.844
4.576
18.581
14.595
40.625
0.731
7.790
8.398
9.582
8.569
6.472
11.158
10.925
18.896
8.889
15.585
1.899
0.024
0.000
4.740
0.000
17.305
9.654
11.441
12.724
15.769
13.070
8.394
17.722
1.318
13.003
26.374
17.170
3.262
0.137
0.000
0.000
0.628
4.863
8.614
2.812
10.077
2.259
5.823
2.683
10.015
4.154
3.761
10.763
2.273
4.388
6.204
5.964
5.074
4.954
9.028
2.355
3.416
5.455
8.027
8.305
6.389
9.424
8.130
0.512
3.409
7.701
0.333
5.833
14.413
5.253
0.000
0.000
0.000
0.000
0.711
1.348
3.516
0.000
0.158
0.173
0.000
0.000
3.874
1.164
0.558
0.000
0.000
0.000
0.000
0.000
0.000
0.000
0.000
0.000
0.000
0.000
0.000
0.000
0.000
0.000
0.000
0.000
0.000
0.000
0.000
0.000
0.000
0.000
0.000
0.000
0.000
0.000
0.000
0.000
0.000
0.000
0.055
0.000
0.000
1.782
0.000
0.000
1.995
5.390
0.000
0.000
0.153
6.108
0.000
0.000
0.000
0.000
0.000
0.000
0.000
0.182
0.000
0.000
0.407
0.081
0.000
0.000
0.865
0.000
1.696
3.984
0.000
6.657
0.000
3.529
0.000
5.862
0.003
0.000
0.000
0.000
0.000
0.058
0.000
0.249
0.062
0.000
0.000
0.000
9.398
3.650
0.113
0.000
0.000
0.045
0.000
3.535
0.247
0.951
0.000
7.148
0.000
0.000
0.136
0.017
0.093
0.000
0.000
0.000
0.000
0.000
0.426
0.086
3.454
1.461
0.000
0.000
0.000
0.000
0.409
0.017
0.172
6.849
4.183
0.000
3.038
3.413
0.419
0.000
0.477
0.000
3.196
4.642
0.000
0.000
0.103
0.000
0.000
0.000
0.000
0.000
0.968
2.575
18.423
0.165
0.676
0.409
0.055
0.000
0.000
10.245
0.745
12.152
2.415
5.208
12.456
18.625
1.775
5.854
0.000
2.367
100.024
27.250
2.076
2.225
0.000
2.323
3.538
12.621
6.750
8.863
6.741
9.469
0.791
0.000
0.000
0.000
0.683
4.839
0.000
0.000
6.339
4.724
24.465
0.621
10.219
0.021
1.420
15.772
0.469
1.932
12.144
14.808
8.331
6.155
0.878
7.180
10.329
3.754
1.398
0.779
10.377
3.365
0.886
7.466
13.769
8.393
5.943
20.131
33.587
5.376
7.828
3.076
0.058
14.931
3.128
5.756
4.971
4.298
4.240
0.055
0.209
27.504
16.220
6.037
10.722
9.023
9.362
0.278
18.426
17.406
16.950
4.343
1.521
4.384
1.236
6.969
8.789
2.966
8.693
5.473
8.117
9.953
2.565
0.467
0.086
4.000
7.821
0.333
0.000
1.118
5.519
3.080
1.695
1.590
0.833
52.884
19.969
2.402
3.771
0.014
0.151
0.203
0.000
0.148
0.129
0.000
0.000
0.000
0.031
0.714
4.918
0.214
3.062
0.000
8.317
13.247
0.185
7.550
3.660
8.363
19.892
7.030
132.971
13.788
2.360
15.271
21.416
23.197
16.261
6.528
5.402
9.038
13.779
4.259
57.500
1.935
17.240
35.464
4.638
0.711
1.816
3.615
13.843
4.168
5.256
7.749
12.490
8.501
0.913
6.757
6.355
13.630
0.405
14.656
39.413
2.149
7.091
10.331
5.414
0.834
0.010
0.680
1.360
4.123
3.485
5.637
11.055
3.639
12.013
0.955
4.479
0.941
0.000
0.000
4.307
10.616
10.664
1.016
3.208
4.437
2.311
2.711
14.844
4.257
12.535
7.103
5.453
1.924
5.105
7.397
11.033
10.091
0.352
0.108
0.069
0.027
0.000
1.524
3.466
8.513
8.113
8.034
6.367
3.738
0.024
0.000
0.124
0.000
0.532
0.000
0.000
0.000
0.395
6.012
14.490
0.007
0.027
0.191
0.088
1.535
0.671
0.039
0.000
2.228
0.058
4.791
4.331
0.084
7.340
0.000
0.000
1.274
0.311
0.000
0.000
0.000
0.000
0.014
0.007
0.304
4.558
0.000
0.108
0.000
0.000
0.000
0.000
0.000
0.000
0.000
0.524
0.000
0.010
0.000
0.000
0.000
0.000
0.000
0.027
6.154
4.733
0.000
0.000
0.000
0.000
0.000
0.000
0.000
0.958
2.269
0.000
0.000
0.082
0.505
0.000
0.000
0.000
0.000
2.534
0.000
0.000
0.000
0.089
11.450
13.166
0.309
0.000
0.137
0.000
0.000
0.000
0.000
0.000
0.000
0.000
0.512
0.041
0.000
0.000
0.045
0.240
0.096
0.000
0.000
0.000
0.000
0.000
5.205
0.000
0.000
0.000
0.141
0.021
0.007
0.000
0.000
0.000
0.948
0.007
0.014
0.000
0.000
0.714
3.811
0.000
3.600
14.265
0.141
0.000
1.401
1.414
0.730
0.000
0.000
9.699
0.000
0.055
8.116
1.699
0.900
8.643
9.047
0.089
1.935
6.391
0.642
0.000
5.334
10.918
0.000
6.046
1.248
0.875
0.247
0.985
1.495
0.379
1.397
3.353
0.942
0.220
0.014
7.239
51.789
2.103
0.069
0.263
0.000
1.959
1.363
9.774
0.688
13.990
3.888
0.904
3.021
14.730
14.282
17.494
53.582
5.538
7.435
3.466
5.315
7.150
18.888
15.580
4.522
5.200
0.110
0.000
3.869
11.151
1.645
0.038
4.544
2.451
7.522
16.651
17.046
11.949
0.000
0.000
13.560
0.419
0.000
10.183
2.808
22.575
17.475
7.696
6.113
0.041
0.965
7.708
4.473
18.383
7.766
25.732
12.943
16.833
17.928
7.239
0.343
2.379
8.478
48.477
8.937
15.625
7.138
12.243
15.923
11.882
4.062
0.000
0.158
0.038
0.014
7.557
12.445
1.157
3.215
13.712
12.627
8.916
4.841
26.616
13.841
5.061
1.294
1.837
2.757
5.373
26.106
11.790
12.183
6.079
18.636
11.264
10.665
20.543
16.215
24.774
1.734
1.344
12.892
7.879
13.342
19.796
14.756
10.952
12.210
13.620
38.713
6.714
1.516
10.107
34.296
23.950
2.771
15.244
15.165
17.298
15.891
3.092
0.699
1.998
1.006
2.095
14.277
6.269
4.827
6.235
14.619
6.829
0.558
6.714
14.904
1.647
8.212
0.179
14.588
6.588
4.946
5.758
8.470
15.508
23.064
7.601
7.515
7.721
10.283
10.394
12.318
6.537
25.804
6.530
1.102
14.165
23.645
3.677
9.555
1.195
2.812
4.487
3.921
1.844
0.000
3.080
10.241
5.871
3.155
7.400
1.294
1.778
1.169
0.000
10.085
7.479
5.515
4.178
9.134
4.860
5.836
2.994
7.514
7.166
0.772
5.776
5.727
0.925
4.427
9.912
6.336
1.348
0.000
0.474
0.220
3.184
3.509
5.751
3.540
3.715
0.000
0.000
1.511
4.559
8.532
0.295
7.790
3.028
8.332
1.085
0.000
1.397
7.100
2.941
6.376
10.018
1.892
5.582
6.259
0.295
0.000
0.000
0.000
2.589
0.158
1.789
0.000
0.000
0.000
0.000
0.000
0.000
2.448
6.067
0.862
0.062
0.000
0.000
0.000
0.000
0.000
0.058
0.122
0.000
0.034
0.027
0.000
0.024
4.968
0.415
0.000
0.000
0.000
0.000
0.000
0.000
0.000
0.000
0.000
0.000
0.000
0.000
0.000
0.000
0.000
0.000
0.144
9.781
0.000
0.000
0.079
9.359
0.062
0.000
0.000
0.000
0.000
2.510
0.944
0.000
0.003
0.003
0.000
0.000
0.000
0.000
0.000
0.000
0.000
8.792
24.551
0.000
0.041
0.189
0.000
0.120
0.000
0.014
2.982
0.000
0.000
0.000
0.000
0.017
1.020
1.246
0.278
0.045
0.000
0.968
0.000
0.800
0.000
0.079
29.430
36.887
0.017
0.000
0.203
0.000
0.000
0.000
0.161
0.067
0.000
0.000
0.000
0.000
0.175
7.934
0.843
27.213
16.473
0.172
0.000
0.000
0.000
0.257
5.109
0.893
2.693
4.743
0.000
0.000
0.000
0.000
0.295
5.347
0.000
0.000
0.213
0.934
6.139
0.000
0.141
0.000
0.000
0.000
0.141
0.027
0.034
0.000
0.000
0.000
0.000
0.608
17.194
15.714
12.082
17.609
18.478
8.753
5.500
6.091
15.504
17.695
0.573
17.472
8.974
3.941
9.443
6.506
0.690
8.895
7.927
29.277
2.716
58.758
5.600
6.381
10.588
15.123
37.934
4.872
0.017
5.373
23.219
12.854
4.460
1.092
8.750
16.042
8.274
0.807
8.331
14.193
12.943
12.329
22.481
9.620
11.659
2.774
6.048
3.900
16.861
3.509
21.688
3.926
4.144
8.374
7.957
0.336
6.551
2.475
1.782
20.797
12.722
7.127
8.356
18.828
4.844
2.307
1.837
8.497
4.027
0.309
4.484
14.955
30.954
11.481
3.316
0.048
0.172
9.277
5.239
19.569
10.806
4.293
1.515
1.003
2.257
10.794
21.391
9.122
8.477
7.115
8.283
12.737
10.914
8.020
15.704
2.817
0.204
16.514
7.862
8.355
36.447
0.930
17.015
13.642
22.484
13.041
14.869
23.042
42.428
1.107
6.892
21.582
18.006
0.397
10.648
3.299
6.642
1.504
9.702
26.535
1.295
0.843
4.395
11.925
7.108
10.236
9.925
6.769
13.857
14.971
7.955
10.319
11.459
6.569
6.506
13.242
7.689
3.450
4.328
9.026
6.901
17.001
23.909
12.792
79.313
30.930
17.427
5.744
11.335
4.027
7.381
5.112
8.796
6.652
9.797
17.614
6.549
1.955
2.005
8.600
10.990
11.003
8.914
9.539
8.248
11.855
15.736
0.106
2.065
0.736
2.160
6.503
0.000
1.425
0.154
2.094
1.904
6.283
9.016
0.786
6.194
10.037
9.768
7.421
19.123
9.160
3.632
0.834
2.987
4.885
5.512
3.900
2.880
9.737
17.997
0.165
0.000
0.000
0.000
0.000
0.000
2.065
0.000
5.079
0.086
0.191
0.000
0.000
0.000
4.843
1.468
4.800
0.587
3.888
6.803
7.371
8.223
0.110
0.000
0.000
0.003
8.018
5.703
3.200
1.595
1.169
0.017
0.000
0.371
3.769
0.215
0.750
0.000
0.000
0.000
0.000
0.527
5.747
8.113
0.941
2.918
2.094
4.690
6.654
10.035
10.949
2.725
0.000
0.000
0.000
0.000
0.000
0.007
2.041
2.283
0.393
3.153
3.571
0.774
3.045
10.277
0.694
0.000
1.651
0.206
2.729
2.034
0.000
0.000
0.000
3.904
5.629
4.764
0.637
0.000
0.570
4.252
2.539
3.284
3.445
0.000
0.000
0.000
3.934
0.343
0.151
0.000
0.160
0.100
0.000
0.051
0.021
0.396
0.000
0.797
0.000
0.000
0.000
8.969
0.000
0.000
0.000
0.017
0.000
0.003
0.355
0.180
0.000
0.000
0.633
0.017
5.958
7.787
8.682
25.276
11.670
0.180
1.226
1.617
0.977
3.807
10.791
3.765
0.616
0.000
0.010
0.694
0.000
0.465
0.034
0.436
6.058
10.949
0.000
0.000
0.106
3.380
0.755
0.000
0.000
0.000
0.180
0.185
1.332
7.455
0.000
4.130
0.203
0.079
5.764
0.233
0.318
0.000
0.000
0.000
0.003
0.010
4.807
2.108
0.604
13.925
4.137
18.148
1.497
0.000
3.953
35.922
44.917
2.983
9.337
2.180
8.089
0.000
0.189
0.486
1.308
1.040
0.484
0.124
0.000
0.000
0.175
2.111
7.661
0.000
3.073
6.400
12.861
10.728
6.923
21.545
100.233
0.294
0.000
0.031
15.199
6.437
13.304
1.602
9.295
10.771
0.881
14.128
7.639
4.331
3.886
3.742
24.685
1.382
0.688
4.102
9.270
7.877
57.124
77.266
9.665
3.474
13.994
208.292
10.657
4.510
16.453
14.196
7.761
0.524
9.222
3.004
8.391
14.270
11.158
8.906
5.019
0.347
0.106
6.180
11.376
2.309
0.156
4.942
1.967
0.000
5.222
0.003
0.357
0.000
0.982
46.670
4.692
0.069
8.803
23.266
12.550
13.809
2.280
0.010
18.957
48.125
0.000
3.984
0.494
0.027
3.444
8.674
20.322
5.037
20.675
18.632
13.068
0.256
5.382
1.887
9.550
7.205
0.048
0.000
0.673
0.051
0.000
0.003
1.068
0.000
14.924
6.197
10.111
4.559
2.293
0.699
4.655
26.199
0.695
0.000
9.084
8.497
9.658
0.000
0.000
0.000
0.000
0.000
0.000
2.432
3.378
0.240
12.682
4.923
18.756
16.840
9.925
10.866
10.677
15.659
19.624
6.300
3.440
12.054
5.085
3.758
6.109
6.849
4.576
10.598
5.579
5.459
8.566
4.848
3.131
31.850
36.976
3.086
6.863
11.338
10.547
10.233
6.097
4.673
0.879
11.560
7.375
1.751
2.444
16.898
0.254
2.173
0.927
7.316
5.339
10.598
4.745
7.182
0.834
2.939
11.594
10.307
1.734
11.621
10.966
0.024
4.192
11.419
8.811
0.347
3.921
0.587
5.208
4.618
10.856
2.160
0.069
0.000
0.000
3.056
0.000
2.074
0.941
0.103
3.797
1.006
0.000
1.475
1.593
0.000
0.000
0.000
0.000
0.000
0.000
0.000
0.000
6.923
17.691
0.000
0.000
0.000
0.316
0.000
0.000
0.000
0.000
0.000
10.909
0.000
0.000
0.000
0.007
3.873
0.000
0.000
0.000
0.000
0.000
0.000
0.106
1.003
0.000
0.000
0.000
0.000
0.000
0.000
0.000
1.748
3.097
0.000
0.000
0.000
0.000
0.000
0.000
0.000
0.000
0.000
0.000
0.000
0.000
0.014
0.000
0.000
0.000
0.000
0.000
0.532
0.427
0.000
0.000
0.000
0.000
0.000
0.000
0.000
0.000
0.000
0.000
0.000
0.007
5.061
0.065
0.089
0.014
0.003
7.957
1.025
4.352
0.000
0.000
6.127
1.270
7.666
0.553
0.007
0.000
0.000
0.000
0.000
0.000
0.275
0.000
0.000
0.989
0.209
0.141
0.000
0.161
1.239
0.000
2.281
0.000
1.003
0.215
0.003
23.008
11.000
0.000
15.389
5.798
0.306
0.000
0.000
1.039
2.201
4.935
0.101
0.064
0.021
3.270
0.000
0.088
3.407
0.038
0.572
0.000
0.554
6.462
0.000
0.000
0.000
0.000
9.086
5.382
0.000
2.348
11.690
9.764
0.566
0.039
2.819
0.220
3.039
13.331
0.120
0.443
3.189
0.000
3.390
2.091
0.421
3.105
14.141
0.136
1.190
0.402
1.789
41.206
0.661
3.732
0.158
4.000
1.890
22.143
0.096
14.674
0.481
3.674
1.480
0.573
11.683
19.144
20.570
1.559
1.051
0.000
0.000
0.101
3.698
63.288
3.735
0.120
14.021
8.734
9.204
0.953
12.354
2.865
10.851
6.606
9.874
13.683
3.801
6.873
5.967
8.861
76.405
0.460
9.141
3.002
19.830
12.893
11.815
12.655
24.422
1.675
2.225
6.563
5.706
9.579
2.542
11.119
7.487
7.385
5.824
7.606
22.038
4.086
1.612
6.351
10.705
5.191
3.706
0.154
1.830
4.254
0.709
12.706
12.305
16.145
65.128
1.538
10.368
8.827
4.370
1.387
8.075
15.089
5.037
5.812
4.494
15.985
19.456
8.008
1.960
0.913
0.182
0.021
0.824
4.480
14.828
4.120
8.703
22.797
12.583
4.947
2.589
2.920
19.906
8.827
16.380
7.519
7.502
13.173
8.120
15.539
15.412
2.081
0.082
3.756
0.100
0.130
4.807
5.376
5.050
2.693
8.281
21.118
7.079
0.000
1.033
7.678
17.688
69.171
4.559
18.351
11.052
1.885
5.397
4.202
4.982
3.176
18.227
1.772
2.935
7.862
6.310
22.924
15.329
6.439
6.976
4.528
6.269
8.391
11.711
6.729
9.047
2.620
12.205
15.182
25.310
17.146
0.096
0.268
6.254
6.575
12.377
2.865
4.630
0.429
1.941
5.921
0.578
9.127
4.834
8.314
7.833
4.600
8.281
9.869
0.620
5.249
4.134
6.290
3.390
0.644
5.051
11.050
6.655
1.715
0.558
3.406
7.323
11.213
6.206
3.989
10.284
22.170
1.596
5.751
5.878
2.620
9.174
10.018
2.184
1.875
4.528
9.263
0.886
3.914
6.406
7.591
10.149
4.528
5.938
5.095
0.000
1.562
0.000
4.676
6.470
0.910
0.000
0.875
7.426
2.441
0.525
0.000
0.000
0.000
0.021
7.440
3.874
7.193
19.068
25.262
0.100
0.007
3.238
8.089
8.001
2.106
4.638
2.187
0.048
0.000
0.000
0.000
0.000
0.000
0.000
0.000
0.000
0.000
0.000
0.000
0.000
0.000
0.000
0.000
0.000
0.000
0.058
4.900
4.944
0.000
0.142
0.000
0.000
0.000
0.000
0.000
0.061
0.000
0.000
0.000
0.000
0.000
0.007
4.496
2.568
4.755
9.735
19.291
1.536
0.000
0.000
0.000
0.000
0.000
0.000
0.000
0.275
0.644
5.795
0.669
8.858
6.260
31.812
1.353
0.336
3.174
8.468
0.769
8.001
0.000
0.860
0.000
0.010
0.000
1.281
4.592
0.455
0.532
0.000
5.244
13.933
3.314
0.000
0.000
4.836
0.000
0.000
0.000
0.000
0.010
0.017
4.032
1.030
0.000
0.076
0.124
0.161
0.000
14.848
7.803
0.316
0.151
13.513
6.010
0.000
0.000
0.000
0.106
0.283
4.047
17.322
0.000
8.978
17.027
13.441
20.651
0.318
0.076
0.000
7.466
7.093
3.383
8.599
0.336
5.437
11.824
18.279
19.921
16.699
6.178
7.431
0.000
14.083
17.898
0.196
6.760
0.345
16.969
14.111
6.151
0.000
1.500
5.847
13.686
9.778
7.440
0.510
10.137
1.132
2.522
13.423
5.802
0.000
3.960
0.388
10.869
15.510
10.099
7.526
0.328
9.685
22.841
5.845
6.219
5.470
4.623
5.558
0.175
8.531
11.355
19.211
9.769
10.241
1.464
6.164
17.095
13.094
15.745
1.411
4.865
7.261
15.889
44.299
2.400
0.227
6.163
11.678
0.910
9.908
2.664
3.421
4.322
2.625
0.034
10.456
12.689
6.109
0.652
0.010
10.034
5.945
3.485
9.771
0.817
29.742
58.128
3.828
10.063
32.192
11.803
4.695
5.794
2.175
2.011
2.034
19.407
3.629
8.381
4.863
18.672
5.062
14.832
7.711
3.346
3.514
12.008
0.173
11.409
5.073
2.281
5.354
17.352
9.708
10.961
20.714
5.919
9.922
7.079
1.377
17.891
7.888
6.209
24.609
10.516
2.753
2.949
5.709
13.434
19.841
4.140
2.705
11.124
20.982
7.478
6.822
2.668
0.566
17.818
6.413
2.935
9.716
18.977
12.593
7.824
19.449
13.802
3.238
4.477
6.609
15.810
32.338
9.146
11.560
11.374
7.474
14.577
1.847
3.167
11.659
3.296
7.131
1.095
0.360
10.303
18.512
6.739
5.521
4.556
5.222
5.064
94.840
15.292
7.848
11.745
10.519
5.138
4.571
4.686
0.838
3.517
6.549
13.523
13.024
4.770
10.567
13.745
9.268
7.611
8.496
3.339
2.321
10.919
5.744
14.952
3.317
4.817
3.354
3.414
5.708
0.003
8.375
5.128
11.458
8.008
6.391
3.701
3.584
1.505
16.219
2.819
0.992
0.000
0.000
0.000
0.000
0.000
0.000
0.000
0.000
0.000
0.000
0.000
0.000
0.000
0.316
0.000
0.000
6.393
4.837
4.424
3.389
0.482
2.223
0.000
0.000
0.218
0.031
1.748
6.159
0.055
15.465
14.107
68.259
0.834
0.000
0.000
1.421
7.100
0.000
0.000
0.000
0.000
0.000
0.000
0.000
0.142
0.003
0.000
0.000
0.000
0.000
0.000
0.000
4.566
3.440
7.381
2.053
1.885
21.974
7.227
0.295
0.000
0.000
0.000
0.000
0.000
0.000
0.000
0.000
0.000
0.000
0.000
0.000
0.000
0.000
0.000
0.000
0.000
0.000
1.063
0.000
0.000
0.000
0.000
0.173
2.781
3.790
0.000
0.000
15.831
7.958
0.206
0.000
0.000
0.021
0.007
0.000
0.000
0.010
0.000
0.000
1.133
0.045
2.305
0.000
2.570
2.716
0.000
0.434
55.932
0.000
0.000
0.203
0.000
0.000
0.112
9.301
1.044
0.000
0.000
1.368
0.024
6.535
0.031
0.010
0.000
1.935
5.485
11.033
1.576
5.138
0.556
0.439
0.000
0.021
0.144
0.469
0.003
4.925
0.446
3.362
2.484
107.604
0.154
0.503
6.813
0.199
0.000
5.416
3.370
0.467
5.679
0.000
0.000
5.404
9.108
2.211
1.730
0.206
0.010
4.764
4.721
12.154
8.985
4.734
0.482
1.526
0.093
2.578
0.264
0.731
11.846
4.930
1.808
7.339
0.857
13.657
10.657
0.544
0.051
0.869
6.626
0.000
0.000
0.010
5.201
5.775
0.093
8.648
15.896
5.143
9.472
86.177
49.294
18.618
4.855
0.330
1.995
2.565
10.616
0.082
0.000
13.352
12.294
6.458
4.346
0.944
0.000
2.587
0.000
5.232
6.121
0.072
0.124
0.072
8.264
11.364
3.385
9.445
9.373
48.542
10.650
36.224
1.483
13.043
2.479
0.000
6.588
0.359
3.138
7.258
4.027
12.130
7.684
12.682
26.027
0.958
4.055
11.016
4.001
11.031
3.214
4.226
20.503
1.432
4.250
23.700
11.807
12.485
1.262
8.847
8.051
41.975
3.032
11.975
9.263
6.022
6.324
15.831
3.474
15.072
4.992
7.804
14.643
9.534
4.319
30.336
10.986
8.470
2.613
2.180
3.541
27.533
33.476
17.253
0.788
5.376
3.519
2.338
5.509
9.498
12.231
5.229
9.512
6.523
12.100
22.002
8.001
11.052
5.021
24.451
8.883
18.193
22.646
18.875
15.594
10.325
30.207
12.407
12.280
8.368
1.651
9.465
7.237
6.077
11.900
13.915
13.523
66.910
7.430
33.138
1.009
1.651
8.138
8.538
18.186
5.946
0.007
0.522
0.110
1.875
8.435
14.268
9.071
12.318
9.448
6.365
14.773
17.997
5.957
10.784
9.757
8.865
1.469
9.744
6.142
0.000
0.230
5.198
2.633
8.643
3.553
6.116
5.414
6.142
7.735
4.194
4.654
3.821
3.622
9.932
7.107
5.924
4.187
3.974
9.505
6.345
3.653
5.596
6.333
-99.000
0.319
5.507
0.000
0.000
0.000
0.611
4.463
5.243
0.482
2.300
3.825
1.339
11.089
0.347
0.017
0.000
0.000
0.000
0.000
0.000
0.000
0.000
0.000
0.000
0.041
0.000
0.000
0.000
0.000
0.000
0.000
0.893
0.000
0.000
0.000
0.024
1.514
0.000
0.000
0.000
0.000
0.000
0.000
4.473
6.442
3.672
0.831
0.000
0.000
0.000
0.000
0.082
0.034
0.000
0.000
0.000
0.000
0.000
0.000
0.000
0.000
0.000
0.000
4.614
0.014
0.000
0.000
0.000
0.000
0.000
0.045
0.457
1.651
4.343
2.620
0.869
1.669
0.000
7.591
6.544
0.618
0.000
0.000
1.444
0.000
0.000
0.000
1.679
1.481
2.410
13.839
0.000
0.000
0.021
2.115
0.000
0.919
87.309
0.996
0.055
0.925
0.007
0.017
0.000
0.302
2.793
11.724
4.163
1.754
6.210
0.065
0.266
0.007
0.000
0.633
0.000
0.000
0.000
0.034
0.024
0.021
0.000
0.000
0.759
0.000
0.134
1.782
0.539
0.477
0.000
0.000
0.000
0.038
0.900
5.874
0.000
0.000
0.886
0.817
0.079
0.704
7.436
4.020
0.000
8.192
55.247
0.886
0.000
0.553
8.935
7.169
0.000
0.000
0.000
0.000
0.000
6.890
14.672
22.125
5.109
11.680
6.564
0.000
3.651
15.710
0.007
0.000
0.000
0.000
1.775
0.187
0.220
0.000
8.847
0.000
8.887
40.130
7.632
1.313
4.327
5.600
6.880
5.271
15.118
7.898
7.883
60.632
0.378
0.645
7.864
8.262
14.222
19.135
12.372
2.100
3.252
1.521
0.015
9.538
9.912
21.598
7.108
31.206
9.054
22.134
2.453
1.860
-99.000
-99.000
-99.000
-99.000
-99.000
-99.000
-99.000
-99.000
10.993
6.588
10.468
4.779
4.966
3.069
5.665
8.696
14.763
4.673
16.246
0.237
0.632
3.066
22.556
21.010
46.239
2.908
0.659
5.507
9.503
8.796
24.685
4.958
6.774
13.297
4.697
4.206
7.268
1.078
8.010
1.242
23.355
25.770
6.702
1.373
0.486
11.385
6.551
12.004
0.766
0.000
0.651
0.000
0.308
0.000
3.526
2.110
13.619
14.232
16.329
9.059
7.786
24.105
4.682
13.700
2.468
11.711
14.589
5.728
1.614
31.560
24.843
4.154
18.239
8.902
7.218
3.068
9.457
21.583
0.797
0.000
0.000
0.000
0.000
0.000
0.000
7.305
23.614
20.970
16.255
7.720
17.218
7.400
5.553
7.055
11.137
4.958
0.401
9.429
14.622
18.448
4.118
0.227
0.711
5.239
11.014
10.657
9.864
1.427
0.505
0.000
10.682
3.525
15.161
10.226
12.869
8.403
4.041
0.676
5.400
4.831
1.437
4.664
4.743
8.858
6.453
5.107
5.643
9.503
1.311
0.309
1.572
3.756
4.861
10.907
4.844
10.605
11.872
1.013
0.000
0.089
0.154
0.443
8.569
6.454
10.131
12.042
3.536
1.102
1.473
4.758
0.515
1.336
0.089
0.000
0.000
0.000
0.000
0.000
3.354
7.330
3.330
2.396
5.771
0.951
3.303
6.592
6.247
1.912
2.941
0.000
6.403
2.942
2.146
7.217
10.032
3.196
0.000
0.000
0.000
0.000
0.000
0.010
11.405
0.007
0.000
0.000
0.000
0.000
2.314
5.680
8.823
4.782
0.158
0.000
0.000
0.000
1.296
1.988
4.851
7.629
2.180
0.021
0.007
0.000
0.000
0.000
0.046
6.322
3.123
0.000
0.000
0.000
0.000
0.000
4.602
0.168
0.000
0.000
2.026
0.113
0.000
0.000
0.000
0.000
0.000
0.000
0.041
0.000
0.000
0.094
0.000
0.000
0.084
0.309
0.000
0.000
0.000
0.280
0.000
0.000
0.000
0.000
0.000
0.000
0.000
0.000
0.000
0.000
0.000
0.000
10.361
1.283
0.000
0.000
0.000
0.000
0.000
0.812
0.482
0.000
0.066
0.000
0.057
0.000
0.000
0.000
0.000
0.000
0.000
1.046
0.000
0.000
0.312
0.007
0.017
0.000
0.000
0.000
1.380
0.572
0.000
0.000
16.040
0.000
0.024
0.069
0.127
3.505
0.000
0.539
0.000
0.000
0.000
0.000
5.347
1.133
1.150
9.141
0.000
6.755
14.962
0.003
4.309
20.483
0.000
0.278
6.628
11.306
4.204
0.000
0.000
0.034
0.597
0.203
14.396
2.372
1.277
0.240
0.117
2.613
0.000
0.031
11.766
0.079
10.550
0.242
5.778
28.884
45.343
0.000
10.863
13.949
11.112
27.531
0.690
4.837
5.840
5.364
8.803
6.547
6.039
2.805
1.851
5.588
0.316
8.659
12.555
13.853
2.053
0.711
0.673
8.702
0.718
10.904
7.958
1.030
10.396
0.367
0.000
16.112
1.044
2.499
4.779
5.850
6.491
16.689
6.827
0.027
0.000
1.179
3.601
0.513
12.361
13.512
0.419
0.192
0.899
0.000
0.029
5.603
3.554
8.789
4.585
0.352
7.848
3.214
1.603
1.196
13.980
3.679
9.781
1.683
9.570
7.435
4.246
23.448
32.185
10.592
18.452
13.240
7.108
2.429
5.412
15.003
2.630
0.184
4.611
8.032
12.475
5.576
4.707
4.104
11.254
18.862
19.890
24.907
0.862
6.032
15.103
7.999
6.408
14.591
10.432
7.720
11.656
24.849
1.637
9.488
10.918
8.009
13.118
4.152
11.779
1.346
22.412
8.545
7.646
0.000
2.386
10.863
12.542
4.333
0.110
8.480
3.698
0.381
10.973
10.200
7.024
0.790
1.936
6.492
17.036
10.492
1.336
10.398
5.610
0.709
0.237
63.484
10.820
1.145
7.804
0.917
13.664
6.345
5.531
23.638
12.515
11.321
6.331
9.716
17.673
15.316
8.731
3.600
4.146
12.651
7.368
2.645
6.745
7.512
0.000
4.431
8.580
39.865
0.906
9.000
4.210
11.608
14.462
15.958
0.666
0.570
1.796
6.691
2.767
0.072
15.374
25.624
2.925
9.771
8.760
7.557
6.791
5.050
9.153
0.100
2.434
2.074
9.527
12.535
7.199
13.005
10.238
9.901
7.174
5.605
11.450
4.528
6.633
3.248
1.984
1.658
48.580
1.145
0.271
0.000
10.842
3.785
0.000
0.038
1.387
4.280
0.010
0.000
0.000
0.000
0.000
0.000
0.000
0.184
4.132
8.120
0.041
4.482
2.300
0.000
8.971
3.593
6.207
3.656
5.933
3.141
7.570
1.888
0.276
0.048
0.007
7.443
2.929
16.720
0.688
0.000
0.000
0.000
0.000
0.000
0.000
0.000
0.000
0.000
0.000
0.000
0.000
0.000
0.000
0.958
0.000
0.000
0.000
0.000
0.000
0.000
0.000
0.000
0.000
0.000
0.010
0.000
0.000
0.000
0.000
0.000
0.000
0.000
0.000
0.000
0.000
0.000
0.000
0.000
0.000
0.000
0.000
0.000
0.000
0.000
0.000
0.000
0.000
0.000
0.000
0.000
0.000
0.292
0.000
0.000
0.000
0.000
0.000
0.000
0.000
0.000
0.000
0.000
0.000
0.003
0.000
0.000
0.000
15.666
19.542
64.469
0.021
0.000
1.068
0.000
0.000
0.000
4.175
0.264
0.000
0.014
0.007
0.000
0.007
0.000
0.000
0.237
0.000
7.774
5.010
0.112
1.366
25.849
0.367
0.039
3.783
0.846
0.093
0.057
0.167
3.375
0.024
0.460
63.001
2.489
14.286
0.010
0.000
0.000
0.000
1.040
0.616
0.000
0.045
1.238
0.977
2.941
0.000
0.000
0.082
3.488
0.409
10.049
4.831
8.305
1.880
5.711
2.154
13.194
0.259
7.057
2.302
1.167
6.840
0.501
7.407
28.072
129.055
3.674
0.228
0.000
2.724
15.959
22.136
7.289
26.999
13.324
11.532
0.371
2.264
10.280
4.144
0.421
10.873
31.562
13.479
2.180
4.958
13.589
14.719
11.595
7.611
0.000
7.995
6.727
6.262
5.931
0.000
2.093
5.766
5.474
20.711
11.263
27.448
2.148
7.988
13.304
4.322
8.817
4.573
6.106
6.887
10.931
16.754
3.098
1.378
2.589
8.599
2.757
10.087
0.390
11.519
19.147
25.863
13.498
67.367
13.879
9.050
6.448
3.984
5.177
11.548
14.519
4.994
10.456
2.987
11.675
5.352
3.524
5.328
9.289
0.398
1.267
2.561
13.767
4.940
2.101
12.071
7.876
0.848
7.186
0.089
0.000
23.940
36.835
5.989
3.543
3.162
9.362
17.540
23.603
211.130
19.841
1.093
31.447
18.666
0.628
1.099
8.435
6.297
19.284
6.894
10.217
10.485
0.261
8.865
24.331
6.358
9.191
15.161
64.140
6.022
4.110
41.727
19.181
7.127
8.250
6.001
4.357
2.911
14.646
15.568
10.022
15.254
7.314
8.647
5.806
19.525
2.987
6.441
4.758
50.561
8.638
7.412
9.390
1.332
5.751
15.491
0.340
3.447
14.426
21.468
46.898
5.349
6.434
1.713
0.446
2.396
4.175
6.564
13.499
18.138
17.008
7.677
24.750
19.212
32.235
11.838
8.260
8.336
8.223
28.755
0.088
0.000
0.000
0.000
0.000
3.651
2.537
6.298
12.773
5.766
7.345
0.439
0.098
0.000
0.299
0.388
1.275
0.604
3.583
1.258
3.311
4.383
4.278
6.508
8.111
7.942
4.480
13.268
5.538
6.116
2.927
3.282
5.301
3.068
5.443
10.628
2.122
0.000
0.000
4.041
6.949
3.793
8.696
0.273
0.244
0.000
0.177
4.803
0.235
3.008
4.302
0.204
0.144
4.774
4.096
0.491
4.944
9.199
0.124
0.000
0.213
0.000
0.000
0.000
0.000
0.000
0.000
0.417
0.000
0.000
0.000
0.000
0.000
0.000
0.000
0.000
0.000
0.000
0.733
6.472
16.642
19.465
0.403
0.000
0.000
0.707
3.876
5.574
0.045
0.000
0.000
0.350
0.000
0.000
0.021
0.268
0.134
0.000
0.000
0.000
0.000
0.000
0.000
0.766
0.034
0.587
0.000
0.000
0.848
0.010
0.000
0.000
0.000
0.000
0.000
0.000
0.038
8.487
9.493
0.000
0.000
0.000
0.584
0.000
0.000
0.000
0.000
0.000
0.000
0.000
0.000
4.140
0.000
0.000
0.000
0.000
0.000
0.000
0.000
0.000
0.000
0.065
0.000
0.000
0.000
0.874
2.678
1.263
0.048
0.041
5.939
4.209
0.027
2.745
0.007
3.684
0.278
0.000
1.054
99.732
0.618
0.000
0.003
13.256
3.121
7.169
0.275
0.336
9.105
11.546
6.750
8.420
17.777
14.293
0.158
0.000
0.941
54.053
2.204
4.853
10.760
76.123
28.283
4.728
0.017
5.331
19.707
13.408
6.845
0.000
12.449
6.285
0.000
0.000
2.280
0.000
3.056
12.683
7.807
32.348
17.283
5.373
1.374
0.000
4.266
7.545
9.946
0.000
0.000
0.098
0.000
0.017
9.512
2.120
2.123
22.485
4.540
0.000
6.983
7.414
1.124
11.182
15.795
0.790
0.414
17.374
24.249
4.951
0.850
1.681
4.264
2.113
6.212
14.962
1.097
1.366
0.108
9.531
16.068
6.854
1.246
3.452
19.372
14.660
7.610
11.131
14.430
0.367
7.526
13.993
20.501
2.398
9.573
1.639
5.373
1.516
28.080
66.917
11.594
10.653
11.793
14.528
3.148
9.886
14.181
1.524
5.335
11.524
14.351
15.759
0.738
9.388
7.660
14.833
13.408
7.520
6.077
23.114
14.117
10.075
9.878
21.174
11.101
16.583
4.111
4.679
13.855
11.821
59.750
28.681
2.601
7.357
0.448
0.000
1.682
7.994
0.290
4.894
7.639
19.504
25.588
11.951
19.563
5.237
21.437
17.712
12.789
3.148
4.844
9.134
13.961
13.757
1.837
8.508
12.408
16.492
8.811
2.247
9.407
14.847
15.499
11.170
12.593
3.625
1.868
7.261
8.545
18.285
13.836
9.467
5.593
13.214
12.102
8.384
8.981
16.866
11.276
4.556
18.907
18.958
4.465
10.489
0.954
10.307
4.432
13.822
4.353
8.817
0.055
4.377
4.882
10.629
7.433
11.381
3.080
10.183
2.575
2.338
9.728
13.386
6.475
6.636
7.635
4.470
5.790
4.065
14.468
19.106
3.138
3.131
17.091
3.996
6.973
3.608
0.003
6.300
7.248
0.134
0.000
0.000
0.000
0.000
0.000
3.512
5.620
0.024
9.156
8.240
12.857
10.598
4.895
10.413
9.694
1.596
8.123
2.674
9.659
0.342
2.867
12.212
9.766
0.410
0.000
0.000
0.000
0.000
0.000
0.017
0.184
3.258
0.000
0.000
0.053
3.500
8.633
10.452
0.668
0.000
0.000
0.000
0.000
0.007
2.736
0.637
0.000
0.000
0.000
0.000
4.709
11.982
36.229
0.007
0.000
0.000
0.000
3.759
0.000
0.000
0.000
0.000
8.128
0.817
0.000
0.000
0.000
0.000
0.031
0.910
0.000
0.000
0.000
0.000
0.000
0.000
0.000
0.000
0.000
0.000
0.000
0.000
0.000
0.000
0.000
0.000
0.398
0.560
0.007
0.587
4.432
2.915
0.000
0.000
0.000
0.000
0.000
0.000
0.000
0.000
0.000
0.450
2.647
0.000
0.000
0.000
0.000
5.023
0.951
0.249
0.942
2.882
0.007
0.407
0.195
0.000
0.000
0.481
0.000
0.000
0.000
0.000
0.000
0.000
0.235
0.000
0.086
0.220
0.000
0.000
0.000
0.007
0.000
0.041
0.051
0.000
2.307
0.000
0.000
0.000
0.113
0.000
2.118
0.000
0.000
0.000
3.433
0.000
0.000
3.258
5.469
0.659
6.022
1.030
0.707
0.000
0.000
1.943
7.445
0.573
0.000
0.000
0.000
0.498
1.387
0.084
0.105
0.000
0.194
0.409
5.936
11.353
0.208
10.733
10.358
0.192
0.379
0.050
0.638
0.637
2.273
1.614
0.427
0.000
8.216
0.000
5.346
14.526
10.767
10.121
17.789
10.749
0.091
0.000
5.672
16.957
0.000
12.157
6.846
16.710
10.094
1.366
0.003
0.649
0.000
0.968
0.158
0.000
11.323
13.963
4.298
64.236
5.497
8.535
0.048
13.345
12.875
16.081
8.144
30.271
7.376
0.010
6.053
42.682
26.769
2.760
8.102
2.901
10.313
13.513
20.346
8.302
8.717
7.083
18.440
11.290
11.129
7.543
2.212
12.056
12.904
8.125
9.867
0.336
1.054
1.999
3.105
1.533
6.566
13.894
12.701
13.654
1.104
16.938
3.758
6.504
9.023
6.207
4.683
0.000
2.832
3.880
3.522
0.151
7.694
11.505
11.917
14.030
20.011
7.601
5.503
1.514
1.215
14.294
6.183
0.223
2.668
0.628
11.132
14.636
4.995
14.339
7.201
2.994
7.738
0.790
0.474
8.544
14.559
10.966
5.562
12.725
4.288
5.861
21.387
80.506
138.196
1.667
2.927
2.007
6.985
13.151
7.122
14.250
11.322
37.927
7.018
2.007
0.530
0.942
8.904
4.716
1.068
1.825
0.000
4.502
2.527
13.451
10.413
15.707
13.819
10.070
1.365
12.758
11.460
18.752
0.096
2.623
4.820
12.463
11.790
2.328
8.506
3.303
13.390
11.041
0.323
0.000
3.625
0.515
5.795
5.799
6.904
7.512
16.620
9.901
4.360
7.399
16.483
5.644
11.721
11.072
0.556
3.186
0.106
1.394
6.942
0.669
4.324
0.014
8.600
8.418
2.070
0.007
0.326
2.177
5.799
5.792
3.193
5.157
0.596
0.941
2.829
7.488
8.968
2.259
4.978
0.360
0.000
0.000
3.498
8.508
8.353
14.162
2.681
0.000
0.000
0.000
0.000
2.664
0.000
0.000
3.571
2.503
0.000
5.624
3.263
2.015
9.295
8.631
5.706
0.000
0.000
5.538
0.189
0.347
0.027
0.000
0.000
0.000
0.000
0.089
0.000
2.669
0.000
0.000
2.091
5.737
9.114
12.843
0.719
0.000
0.000
0.000
0.000
0.694
0.124
0.000
0.000
0.000
0.000
0.000
0.000
0.000
0.000
0.000
0.000
0.000
6.710
10.602
0.000
0.000
0.000
0.000
0.000
0.000
0.000
0.000
0.017
0.000
0.000
0.000
0.000
0.000
0.000
0.000
0.000
0.000
0.000
0.000
0.000
0.000
0.000
0.000
0.017
0.000
0.180
0.647
0.000
0.000
0.000
0.000
0.000
0.000
0.000
0.014
6.762
1.147
0.060
0.000
0.021
0.000
0.000
0.000
0.000
0.615
15.594
4.748
0.824
0.000
0.000
0.000
0.000
0.000
0.000
0.295
0.000
0.000
0.553
0.000
0.000
0.000
0.000
0.000
0.000
0.000
0.000
0.000
0.017
0.000
0.000
0.000
0.000
0.000
0.000
0.000
2.547
0.118
1.042
0.896
0.024
0.000
0.233
0.158
8.954
23.088
0.529
0.415
13.196
0.000
7.769
0.251
0.405
0.058
2.867
6.609
5.078
6.494
3.893
0.000
0.000
0.000
0.000
0.000
0.362
12.236
0.000
0.055
9.555
12.591
4.707
9.848
0.000
2.280
11.319
11.326
63.594
0.429
3.097
0.585
0.851
0.022
0.000
1.797
0.021
4.460
2.530
0.000
1.006
3.303
0.007
0.738
10.907
2.553
0.000
0.017
7.603
2.141
1.441
1.156
7.189
9.546
8.395
13.724
0.017
2.753
11.407
4.992
11.443
8.665
5.297
2.525
3.773
11.355
1.114
1.591
1.603
1.184
0.541
7.347
5.491
1.789
9.549
0.129
0.000
0.000
10.939
0.386
11.678
8.795
12.678
3.691
1.820
10.851
1.250
0.000
0.000
0.017
12.086
0.664
0.385
0.309
0.663
0.000
6.036
0.000
0.000
0.000
0.000
8.906
0.003
0.000
0.000
0.000
20.254
14.914
12.349
13.891
3.339
2.194
1.372
16.668
0.597
0.939
6.674
8.047
8.504
11.127
3.989
11.206
11.045
3.143
4.820
4.371
12.030
2.997
12.940
5.514
9.684
8.150
12.809
12.576
12.931
10.133
11.390
0.465
9.453
9.690
14.216
2.312
2.290
6.149
2.649
21.562
2.281
0.288
0.000
0.477
8.688
4.165
16.467
1.546
8.628
6.248
12.919
15.189
10.166
9.771
9.335
8.161
14.471
13.961
5.249
6.959
9.733
13.530
2.911
0.371
0.330
1.147
9.088
6.475
0.458
4.405
19.267
12.931
20.829
4.894
8.593
0.467
0.153
0.000
5.025
11.978
7.399
8.106
7.761
4.875
7.780
7.270
5.993
4.571
2.702
3.916
5.383
2.053
3.680
0.000
8.839
4.740
23.993
7.452
0.000
2.870
5.651
11.323
9.601
0.000
0.000
0.064
3.670
5.104
8.696
11.512
1.509
0.620
3.928
4.017
0.112
0.000
0.000
0.000
0.079
0.000
0.000
0.000
0.017
3.073
0.000
0.000
0.000
0.000
0.000
0.340
0.213
2.104
1.808
0.000
0.000
0.000
15.302
6.084
6.501
7.136
0.900
0.000
4.848
0.000
4.281
0.905
0.000
0.000
0.000
0.000
0.000
0.000
3.382
0.082
1.854
11.985
3.550
0.501
0.000
0.000
0.000
0.000
0.000
0.000
0.000
0.000
0.000
0.000
0.000
0.000
0.000
0.000
0.000
0.000
0.000
0.000
0.000
0.000
0.000
0.000
0.000
0.000
0.000
0.000
0.000
0.000
9.944
0.000
0.069
2.228
0.180
0.055
2.547
2.420
0.000
0.000
0.000
0.000
0.000
0.000
0.153
6.672
0.367
0.366
3.941
0.642
0.112
1.045
0.151
3.201
0.000
0.838
6.663
0.321
0.476
24.273
51.682
0.000
0.007
0.000
6.400
0.000
0.000
0.000
0.098
0.000
17.791
0.591
1.766
0.089
0.000
0.000
0.000
0.000
0.522
0.161
0.000
0.024
0.573
17.492
1.510
0.711
13.881
0.189
0.000
0.000
0.000
0.000
0.185
0.000
0.531
18.317
5.299
0.007
0.000
1.639
0.000
0.000
0.000
0.000
0.089
0.149
3.413
0.072
0.000
1.596
0.000
0.000
0.000
0.264
0.285
3.020
0.546
0.137
5.449
2.709
0.062
0.924
19.233
12.068
25.083
8.422
7.000
14.126
32.980
1.274
2.156
14.196
16.885
0.000
0.834
0.000
0.536
16.478
5.157
20.208
3.704
3.313
1.899
15.590
13.008
2.129
7.969
22.009
13.189
0.271
1.023
5.165
6.700
17.540
12.948
9.740
2.829
0.508
8.281
10.557
5.957
17.252
3.234
0.027
0.003
6.484
14.962
26.137
10.519
5.258
7.775
9.513
12.336
6.128
10.392
4.662
12.835
5.998
5.543
3.845
3.522
7.955
1.130
11.112
4.820
9.249
3.107
7.498
2.012
7.872
15.546
6.885
12.981
3.536
4.504
11.261
11.503
12.504
13.022
52.661
3.490
19.727
17.222
11.475
15.233
15.607
8.374
17.782
0.954
0.640
8.171
6.317
18.206
52.185
4.040
1.888
41.123
5.958
7.237
17.037
2.134
12.933
4.209
7.996
11.688
13.901
4.650
18.535
4.186
13.584
5.916
7.959
10.891
30.195
31.073
0.894
17.089
16.990
3.184
13.990
2.752
3.108
2.481
23.633
15.798
16.879
14.478
18.342
103.771
6.633
4.144
29.122
86.862
8.858
3.158
2.075
13.319
13.617
7.713
11.581
8.932
17.310
5.759
9.038
3.833
5.285
88.442
0.609
0.027
10.497
7.632
11.438
3.339
3.418
20.972
111.104
6.813
48.301
4.465
5.790
3.816
5.141
6.544
16.488
11.812
19.123
2.122
10.351
1.085
9.445
0.663
4.958
6.880
13.008
15.999
5.912
0.711
0.000
0.000
2.142
8.435
3.571
0.076
0.000
0.141
0.000
0.000
5.445
0.997
1.363
4.216
12.037
13.393
12.675
0.779
0.000
0.124
0.000
5.554
3.962
2.608
0.539
6.176
3.759
6.724
6.307
18.874
3.363
0.651
0.000
0.000
0.000
4.046
12.971
13.892
6.187
0.474
0.000
0.000
0.271
6.072
3.886
4.532
3.545
5.555
0.000
3.068
7.917
0.000
2.182
4.091
5.225
0.000
0.000
2.688
0.338
0.000
0.000
0.129
0.000
3.691
0.403
0.000
0.000
0.000
0.000
0.082
0.000
0.000
0.000
0.000
0.000
0.000
0.000
0.000
0.000
0.024
0.891
0.000
0.000
0.000
0.000
0.000
0.000
0.000
0.000
0.000
0.000
3.012
0.116
0.000
0.000
0.000
0.000
0.000
0.007
1.638
0.027
0.000
0.225
0.773
0.100
0.000
0.021
0.886
0.000
16.318
0.000
0.000
0.000
0.000
0.000
0.000
0.000
0.000
0.000
0.010
0.350
3.972
0.000
0.069
0.282
0.000
0.000
0.000
4.988
0.000
0.045
0.000
0.000
0.498
0.669
0.062
0.014
0.944
1.315
0.000
0.000
0.021
0.000
1.720
3.794
0.000
0.000
0.062
1.449
0.000
0.000
0.772
0.182
0.065
2.002
0.082
0.000
0.566
1.178
0.034
17.039
0.841
4.655
0.000
4.587
4.364
1.854
3.559
4.144
15.745
9.249
3.080
10.626
17.386
179.942
5.054
11.058
6.087
0.000
0.000
0.189
21.588
10.447
6.836
9.932
8.399
4.152
3.651
2.386
6.125
0.045
15.274
2.281
0.000
8.351
4.897
4.484
11.718
16.703
33.651
49.993
11.367
0.151
0.000
7.922
5.297
2.173
3.363
2.407
8.343
85.268
4.288
4.158
7.560
12.975
1.287
0.169
29.996
2.053
13.372
25.394
6.350
4.849
12.078
10.290
11.003
2.149
4.321
4.159
11.203
6.553
1.003
0.189
0.843
0.544
0.168
0.000
0.120
0.076
12.176
21.914
10.622
6.722
17.122
19.985
8.609
5.576
11.385
2.939
10.490
13.307
8.435
1.150
3.289
4.104
14.600
5.655
7.457
8.537
7.290
13.046
3.639
2.475
5.321
19.144
10.794
8.377
6.851
16.982
11.340
10.080
2.949
14.588
7.095
17.149
13.335
10.856
21.173
15.759
4.048
2.918
9.357
10.293
14.505
21.410
2.420
12.797
2.644
16.641
10.842
6.223
9.400
21.029
19.257
0.515
12.408
6.674
18.364
0.645
0.000
0.000
0.209
0.000
2.067
5.301
9.383
11.462
0.254
6.561
4.693
10.856
27.049
106.025
12.198
13.348
19.715
2.994
9.407
13.822
8.326
13.894
10.113
9.057
7.694
2.158
3.373
11.663
6.563
12.519
3.292
5.618
18.680
20.389
0.391
9.900
20.235
7.759
10.551
7.147
13.067
7.704
1.045
12.708
6.924
10.137
9.939
4.420
6.995
10.046
3.136
8.882
13.886
13.862
6.170
15.216
13.477
7.526
3.310
6.245
4.378
11.151
10.925
5.246
10.753
11.868
5.733
15.743
11.467
0.072
0.278
0.000
1.887
1.789
1.314
11.146
4.350
0.137
7.754
9.067
11.747
5.253
4.504
7.920
5.864
5.435
3.085
6.592
5.449
9.925
9.541
0.082
0.000
0.117
8.710
0.594
0.000
0.000
3.801
1.260
6.887
3.680
0.172
2.297
4.556
0.003
0.117
5.500
2.860
0.000
5.806
4.425
1.974
0.000
0.000
0.000
0.122
1.687
1.651
5.042
5.500
0.151
0.000
0.000
8.003
0.000
0.000
0.000
0.000
0.000
0.000
0.007
0.007
0.000
0.000
0.000
0.000
0.000
0.536
3.867
1.308
7.849
0.000
0.561
0.000
0.000
0.000
0.000
0.000
0.000
0.000
0.000
0.000
0.000
0.000
0.000
0.000
3.088
0.857
0.000
0.000
0.050
0.010
0.000
0.000
0.000
0.000
0.000
0.000
0.000
0.000
0.000
0.000
0.000
0.021
0.003
0.000
0.000
0.086
0.000
0.000
0.000
0.038
0.000
0.000
0.000
0.000
0.000
0.000
0.089
0.014
0.000
0.000
0.000
24.343
14.985
16.916
2.365
0.379
0.774
0.000
0.000
1.499
0.000
0.000
20.592
0.000
0.000
0.230
9.853
41.588
13.704
1.710
5.560
0.627
0.212
5.746
0.000
0.010
0.000
1.572
44.074
87.746
37.973
0.118
0.000
0.057
0.065
0.000
2.664
6.444
0.072
0.007
0.010
0.000
0.000
0.000
4.419
8.434
0.445
5.319
13.019
8.616
0.000
0.767
15.383
1.056
0.587
0.003
1.826
0.000
4.817
0.000
0.039
5.620
0.999
0.000
0.039
0.000
0.547
25.021
2.594
0.024
2.639
1.076
0.000
0.384
9.289
7.804
19.705
15.082
27.910
5.733
16.795
13.446
18.907
9.970
7.783
16.725
5.711
8.978
9.840
10.209
1.147
13.379
10.279
8.935
4.077
2.252
1.576
3.229
3.498
7.661
26.489
26.827
6.115
2.855
3.286
2.161
9.229
6.235
3.179
4.919
12.057
0.663
9.017
0.956
5.330
0.051
0.000
0.000
0.000
0.021
6.715
12.133
1.659
5.915
11.724
5.321
14.490
6.053
4.215
5.325
6.430
11.448
6.374
7.528
3.389
16.066
5.339
5.623
3.463
0.137
2.551
15.347
0.048
1.222
17.966
7.175
0.347
5.552
4.065
6.247
0.069
2.613
12.263
19.518
28.032
8.264
0.925
3.121
0.103
0.185
2.908
5.335
1.919
5.651
13.417
6.420
8.312
9.608
22.345
15.053
4.707
2.766
4.669
12.392
7.351
20.747
0.306
10.118
10.822
16.116
83.311
16.825
13.077
10.084
9.359
0.690
2.872
11.874
21.099
2.565
2.135
18.460
4.144
3.446
2.977
6.969
0.304
2.570
6.911
10.557
6.073
39.769
6.561
11.930
3.550
2.273
6.248
10.238
31.524
11.934
0.000
0.000
0.244
6.753
8.312
4.765
1.112
19.441
4.573
0.422
0.000
0.010
3.117
2.003
4.377
7.182
5.273
11.086
9.180
7.728
16.610
3.516
5.346
2.283
6.111
8.360
0.000
0.336
0.041
6.139
1.432
3.316
8.240
4.044
15.934
12.945
12.631
2.558
15.618
1.075
0.920
3.430
3.777
0.000
0.000
0.000
0.003
0.299
10.423
4.705
1.409
4.592
1.475
2.463
6.561
7.764
2.809
4.247
2.180
5.780
0.000
0.000
0.000
0.000
0.000
0.010
0.657
3.728
0.000
0.000
0.000
0.000
0.000
3.658
12.790
3.056
4.019
1.727
3.528
0.426
3.650
5.830
3.275
0.106
0.000
0.666
9.699
3.601
2.630
1.710
1.538
0.129
0.000
2.190
0.031
0.000
0.340
0.000
1.567
0.000
0.000
0.000
0.000
0.000
3.533
0.000
0.326
0.124
0.367
0.755
0.158
0.086
0.000
0.148
0.000
0.000
0.000
0.000
0.000
0.000
0.000
0.280
0.000
3.559
0.000
0.000
0.000
0.000
0.000
0.000
0.000
0.000
0.000
0.000
0.000
0.000
0.000
0.000
0.000
0.079
0.000
0.000
0.000
0.113
0.000
0.000
0.000
0.000
0.000
3.327
41.827
3.159
0.000
0.014
1.463
6.839
7.018
0.000
0.000
0.000
5.459
0.007
0.000
0.000
0.000
2.753
0.666
0.000
0.000
0.076
0.336
0.000
0.027
0.350
0.247
0.000
0.000
0.000
0.612
2.929
11.953
1.351
4.604
13.238
1.842
0.651
0.062
2.172
3.021
0.000
0.000
0.010
0.055
0.000
0.000
0.339
0.414
2.554
35.827
5.974
6.822
4.217
0.079
0.000
0.000
6.137
0.089
0.021
0.000
0.000
0.014
2.535
0.076
5.969
12.912
4.122
6.475
3.893
1.885
1.107
24.718
0.743
9.661
0.671
0.007
0.167
6.774
0.000
7.376
11.869
0.257
0.517
0.010
15.711
15.383
18.409
8.135
6.190
1.850
11.437
9.594
8.799
7.845
7.805
2.396
20.986
6.806
4.704
11.908
16.912
8.386
11.069
0.192
0.139
1.972
17.686
17.231
33.029
8.032
13.959
8.629
28.290
7.805
12.250
15.278
9.095
6.259
4.075
2.297
4.159
4.690
3.559
8.080
8.420
13.148
4.228
22.299
5.625
15.168
5.938
12.672
12.893
22.072
25.220
5.569
4.592
12.298
11.694
17.654
3.917
0.654
14.898
8.398
2.798
14.033
4.786
1.802
0.130
4.111
7.699
8.677
7.675
19.077
4.192
16.043
20.774
139.866
2.213
9.517
22.360
71.495
5.412
4.115
11.096
3.655
10.503
11.756
5.479
16.104
19.719
8.192
11.532
12.842
19.827
6.578
2.450
13.063
14.382
14.265
27.996
9.996
11.283
15.669
1.591
12.327
4.177
3.710
3.852
21.425
20.735
2.472
3.545
7.479
5.264
19.835
41.106
8.722
4.934
2.776
12.408
25.219
12.787
16.370
0.657
14.759
21.648
11.460
23.209
3.653
3.950
13.784
11.258
2.607
0.229
5.162
6.135
15.089
10.756
7.814
5.299
6.729
14.409
0.252
0.000
0.312
1.420
1.142
13.407
8.544
8.138
14.790
5.295
6.827
33.109
1.914
0.633
1.080
0.000
0.041
0.024
9.860
5.320
5.957
3.342
8.780
0.642
7.699
66.236
17.927
2.925
8.604
5.515
9.898
0.312
6.929
6.036
7.819
8.669
0.529
9.426
1.181
0.340
2.228
9.550
6.469
16.893
0.048
0.000
0.000
0.000
0.000
0.000
0.000
0.000
0.000
0.000
2.324
0.285
1.068
7.855
7.031
0.318
0.000
0.093
0.122
1.571
0.000
0.000
0.000
1.505
5.076
7.546
12.440
1.057
0.000
0.000
0.000
0.000
0.000
0.000
0.324
0.000
0.000
0.000
0.000
0.000
0.000
0.000
0.000
0.000
0.000
0.000
0.000
0.000
0.000
0.058
0.000
0.000
0.000
0.000
0.000
0.000
0.000
0.000
0.000
0.000
0.000
0.000
0.000
0.000
0.000
0.000
3.313
4.663
0.000
3.069
10.121
0.000
0.000
0.000
0.072
0.266
1.193
2.992
0.055
1.530
1.172
0.000
0.000
0.000
0.179
2.132
6.695
4.346
1.212
0.000
0.000
1.542
0.000
0.021
0.256
0.209
9.804
0.434
0.000
0.396
0.093
0.000
0.000
0.000
0.000
1.235
0.331
0.000
0.000
0.000
0.003
2.765
9.820
16.012
0.000
3.147
0.000
0.270
0.000
0.287
0.000
0.000
0.000
0.958
0.230
1.066
2.741
2.608
0.000
0.784
0.034
0.000
1.105
0.132
7.237
17.527
0.000
0.000
0.000
0.000
0.256
3.062
11.858
3.160
4.940
5.186
81.889
2.067
6.236
8.920
21.574
1.287
0.000
4.892
4.127
2.987
1.397
11.498
0.062
24.812
0.000
1.195
22.083
8.166
0.000
0.000
2.098
5.225
62.653
0.096
1.329
7.711
0.203
5.176
3.770
6.503
13.257
6.163
0.003
2.374
7.490
15.098
4.910
0.261
9.443
26.577
19.425
1.226
1.047
5.949
3.111
6.344
0.445
12.300
10.704
15.283
6.902
1.670
0.007
0.014
1.845
0.000
0.000
0.000
0.092
9.225
7.193
4.753
8.911
13.215
7.499
7.674
7.742
2.959
8.796
3.419
7.419
1.469
0.233
0.845
13.005
5.572
11.930
11.137
4.710
5.182
4.096
10.557
15.944
24.651
0.395
0.700
5.122
12.542
11.361
4.273
1.768
4.165
11.845
4.398
4.679
1.823
4.522
8.078
7.236
0.000
2.606
8.109
30.799
6.025
6.362
1.778
17.444
15.875
7.119
14.075
12.033
16.447
12.682
1.492
0.800
7.127
64.885
0.512
12.428
162.970
11.103
7.821
0.833
6.925
2.999
5.927
7.977
9.987
7.292
18.668
13.908
2.616
13.760
3.025
18.406
12.044
9.575
9.896
32.526
11.101
8.677
11.623
8.487
4.271
11.606
10.446
6.635
12.597
4.355
12.260
15.724
8.793
7.333
9.078
3.093
0.716
1.624
0.000
0.000
0.000
0.000
5.176
6.959
3.969
1.657
14.737
5.131
14.274
27.712
5.569
8.936
3.121
16.074
29.071
9.821
21.047
6.834
11.830
10.815
13.366
1.811
1.343
1.931
5.454
1.784
7.273
6.082
12.219
9.271
6.654
5.514
0.058
0.000
1.203
3.301
3.037
3.989
2.620
12.337
0.388
2.772
2.880
7.922
10.131
10.163
7.036
0.031
0.000
5.026
9.735
0.021
0.010
0.000
1.723
3.835
7.716
0.000
8.779
12.209
1.428
6.247
3.856
1.382
8.456
7.890
4.549
5.861
0.412
0.577
0.237
5.883
4.025
1.105
5.438
2.462
0.003
3.394
0.482
0.000
0.000
0.000
0.000
0.000
0.000
0.017
2.890
0.000
0.000
0.000
0.000
0.000
0.000
0.000
0.000
0.000
0.000
0.000
0.000
0.000
0.000
0.000
0.000
0.000
0.000
1.071
0.453
0.014
0.010
0.000
0.000
0.000
0.000
0.000
0.000
0.000
0.000
0.000
0.000
15.398
2.819
0.100
6.160
26.297
22.116
0.000
1.057
0.000
0.000
0.000
0.000
0.000
0.000
0.000
0.000
4.353
0.501
11.174
4.815
0.045
0.024
0.706
0.000
0.014
0.000
0.000
0.000
0.000
0.000
0.000
0.000
0.000
0.000
0.460
0.000
0.000
0.079
0.000
0.000
0.000
0.031
0.237
0.869
0.027
2.719
19.834
2.266
0.417
0.027
0.000
0.000
0.632
4.425
0.000
0.000
0.216
17.602
7.035
2.726
16.569
0.000
0.000
0.000
0.048
0.003
1.895
20.922
0.256
0.000
0.000
0.000
0.000
2.944
0.076
0.000
0.000
0.113
0.036
0.103
0.022
0.925
1.681
1.713
21.695
0.204
0.000
0.000
1.789
0.055
0.055
3.607
0.000
1.869
0.027
0.000
0.637
3.399
9.234
0.184
0.000
0.000
0.000
0.000
0.365
0.007
3.086
50.005
0.223
0.079
1.049
9.766
2.264
13.663
2.683
13.259
7.512
8.192
16.878
8.710
3.798
1.344
16.747
0.093
4.176
21.923
6.582
0.163
16.155
6.945
8.811
0.055
0.000
0.000
0.934
0.082
1.159
14.529
12.732
17.731
9.955
41.233
15.809
12.689
12.684
13.649
25.814
33.902
17.595
4.283
0.251
0.149
7.404
8.120
4.043
12.851
23.708
10.133
2.507
0.737
14.159
3.021
6.981
7.248
24.187
3.471
10.367
15.503
21.566
6.410
5.862
1.442
11.742
16.622
3.719
2.887
5.488
7.660
4.556
1.250
4.020
1.378
0.043
8.446
13.149
10.783
2.359
7.553
1.246
15.268
12.375
1.847
8.255
13.961
2.702
19.393
7.926
0.230
0.003
5.952
8.883
4.698
1.888
8.810
12.698
7.831
1.967
4.304
0.055
0.017
9.191
25.528
5.555
12.051
18.347
4.128
15.867
40.570
11.393
10.854
5.891
2.975
2.118
10.155
5.493
21.683
16.004
1.578
8.393
0.572
2.513
3.483
11.183
3.227
6.032
7.208
16.449
1.100
1.233
6.590
6.890
4.060
10.470
16.249
13.388
24.397
4.257
0.051
1.126
16.761
1.078
5.328
1.991
3.856
3.207
1.370
1.792
7.615
10.207
16.620
16.318
6.228
3.111
11.470
8.113
78.865
1.311
2.726
6.015
4.911
4.024
8.123
7.828
10.598
0.141
0.611
5.150
3.728
2.201
0.058
0.000
0.000
1.562
3.071
3.917
13.060
3.873
7.224
14.176
1.428
0.000
0.000
0.000
0.000
0.000
0.000
0.457
0.000
11.573
8.830
14.715
3.450
3.395
14.025
1.504
0.106
0.649
0.000
0.000
0.000
0.007
0.089
7.251
1.722
2.625
3.486
9.184
0.385
0.000
0.000
0.048
0.771
0.216
1.893
1.967
4.796
2.427
0.000
0.706
5.210
0.000
0.000
0.000
0.000
0.000
0.000
0.000
0.000
0.000
0.000
0.000
0.000
0.000
3.787
0.000
0.000
0.000
0.000
0.000
0.000
0.000
0.000
3.351
4.161
1.590
0.000
0.000
1.047
0.000
4.642
1.988
0.000
0.000
0.000
0.000
0.000
0.000
0.000
0.000
0.000
0.000
1.135
0.043
4.494
10.221
0.000
0.000
0.000
0.000
0.000
0.000
0.000
0.000
16.691
6.297
0.000
0.079
0.000
0.000
0.000
0.000
0.637
0.458
0.000
0.000
0.000
0.000
0.000
0.000
0.000
0.000
1.239
1.243
0.000
0.000
0.007
3.581
0.000
0.000
0.307
0.000
0.000
0.000
0.000
0.000
4.803
0.324
0.000
0.000
0.000
0.000
0.000
0.000
0.422
0.027
0.650
2.221
0.000
0.508
0.000
0.000
0.000
0.000
0.000
0.151
0.395
0.000
0.014
0.007
0.000
0.000
1.650
0.000
0.453
11.534
5.297
16.450
0.000
0.000
0.000
0.256
5.145
17.080
0.546
8.188
12.193
7.962
10.492
2.846
8.283
13.111
15.496
5.225
82.672
4.027
10.509
2.419
0.000
10.142
8.562
1.799
12.221
10.037
7.477
0.429
14.631
5.685
0.709
3.952
6.410
6.389
1.414
0.369
25.964
20.460
8.799
2.640
0.158
3.073
1.679
16.807
26.827
18.440
27.473
9.762
10.501
0.630
4.772
15.645
2.467
6.135
48.628
4.139
0.357
0.000
0.000
6.396
0.000
1.864
9.194
54.092
0.010
0.000
1.658
9.840
1.838
10.825
27.258
17.875
22.745
2.843
1.463
3.083
0.282
11.000
8.590
8.902
11.788
20.788
63.014
2.252
50.903
113.595
9.126
1.521
11.292
23.818
26.944
16.936
21.037
23.521
65.372
20.055
8.229
9.373
16.328
11.251
23.892
6.376
4.187
10.061
12.452
9.665
8.672
2.050
5.328
8.192
17.588
14.145
3.854
18.443
9.397
12.827
17.978
34.590
16.665
14.904
108.013
6.525
24.407
23.930
22.433
14.801
6.362
2.218
1.112
16.260
5.322
12.875
3.052
17.367
7.557
0.460
2.635
0.328
0.187
0.161
0.738
9.031
18.625
21.832
56.720
6.947
0.711
9.587
3.363
4.255
8.211
1.953
0.223
4.769
10.507
11.624
6.890
10.324
4.087
1.533
6.000
3.888
2.750
8.099
22.676
19.856
7.474
19.872
10.758
4.254
8.569
8.338
5.100
18.660
5.177
10.581
10.842
5.586
51.141
25.897
0.086
0.374
0.563
5.133
4.257
5.170
4.106
9.520
11.467
12.658
17.654
38.967
23.594
8.375
4.597
8.947
6.866
4.784
7.898
7.460
4.674
6.108
9.160
6.175
6.604
5.754
3.646
21.380
4.842
4.709
4.564
0.108
0.000
0.318
0.331
0.000
8.368
2.626
6.625
5.322
2.101
2.177
0.378
0.838
4.763
7.282
0.906
1.826
5.555
0.230
0.000
2.907
6.956
0.707
2.622
1.543
1.542
0.817
1.581
0.712
2.352
6.180
13.010
0.244
1.205
9.323
0.285
0.240
3.883
3.947
8.067
8.533
2.620
6.166
0.000
2.147
3.274
2.803
0.137
0.000
0.000
0.000
0.000
0.000
0.000
0.000
0.000
0.841
3.430
10.715
0.323
0.000
0.000
0.000
0.000
0.000
0.000
0.000
0.000
0.000
0.000
0.000
0.000
0.000
0.000
0.000
0.000
0.000
0.000
0.000
0.824
5.843
0.000
0.000
0.000
0.000
0.000
0.024
0.000
0.000
0.000
0.000
0.000
0.000
0.000
0.000
0.000
0.000
0.000
0.000
0.000
0.000
1.614
0.168
0.117
0.076
0.000
0.000
0.000
0.000
0.000
0.000
0.027
0.000
0.000
0.000
0.000
0.000
0.000
0.239
1.003
0.000
0.003
13.651
0.434
0.122
0.031
0.000
0.007
0.017
0.000
0.000
14.147
0.330
2.183
0.000
0.203
0.000
0.000
0.000
0.000
0.000
0.000
0.644
0.000
0.592
1.572
0.000
0.112
0.000
0.000
0.000
0.591
0.062
0.221
0.058
0.000
0.000
0.724
0.242
0.000
0.000
0.000
0.000
1.856
0.000
0.000
0.000
0.137
0.000
0.115
9.283
0.000
0.096
15.481
18.063
0.181
0.000
0.302
1.315
0.524
0.105
2.808
3.223
0.000
1.229
8.156
107.201
0.082
15.863
11.221
1.634
1.260
0.268
1.461
0.144
10.087
14.792
0.106
7.879
0.367
0.275
28.930
23.952
6.557
65.231
7.048
0.141
2.352
9.774
11.865
24.530
8.027
7.759
4.092
14.488
17.032
2.575
0.120
1.303
0.000
0.302
0.453
0.000
0.000
0.237
0.000
0.000
0.000
0.000
0.000
0.000
0.000
0.038
1.772
0.010
5.287
1.665
0.378
7.354
3.189
2.592
11.264
3.739
19.446
18.347
17.782
0.079
0.961
5.138
2.786
5.249
12.279
7.944
10.885
5.174
8.374
70.996
12.346
7.800
17.430
0.999
3.691
36.073
8.868
6.207
4.669
16.658
3.220
0.031
0.251
4.072
14.462
7.363
5.102
1.627
3.993
12.288
6.729
0.364
10.846
16.548
84.952
6.787
7.066
4.755
5.727
23.459
11.664
7.371
8.710
10.331
14.244
7.412
13.719
1.514
3.715
2.372
0.419
4.985
11.793
6.008
21.392
0.017
0.288
7.095
19.925
27.272
4.549
16.366
16.122
13.573
9.460
3.986
11.797
2.352
15.415
9.833
11.033
16.546
10.176
16.867
13.742
13.556
7.731
6.449
11.387
8.715
10.116
2.752
6.427
17.681
18.170
5.285
7.874
5.973
18.091
24.645
1.868
11.948
10.071
25.426
3.926
10.345
3.198
0.518
10.870
5.148
7.560
9.872
11.810
3.756
3.502
9.208
1.445
5.471
7.107
9.364
1.566
6.202
9.864
9.908
7.934
7.701
5.153
4.889
0.079
0.000
0.000
0.000
0.000
0.000
1.603
0.690
10.300
0.000
0.000
0.000
0.000
2.970
1.620
0.803
0.254
1.778
4.379
3.881
0.271
0.062
0.000
0.000
0.000
0.000
2.990
7.632
7.035
5.011
7.272
3.383
1.981
0.000
0.000
0.000
0.000
0.000
0.017
6.161
0.237
0.000
0.000
0.000
0.985
4.384
4.642
0.000
0.000
0.000
0.738
0.209
3.269
9.460
0.942
0.000
0.000
0.000
0.000
0.000
0.000
0.000
0.000
0.000
0.000
2.014
1.353
0.000
0.000
0.000
0.000
0.000
0.000
0.000
0.000
0.000
0.000
0.379
0.003
0.000
0.000
1.696
0.000
0.000
3.797
0.014
0.000
0.000
0.000
0.000
0.000
0.108
0.000
0.000
0.000
0.003
0.000
0.000
0.000
0.000
0.000
0.000
0.000
0.000
0.000
0.000
0.000
0.000
0.000
0.000
0.021
0.000
0.000
0.000
0.000
0.000
0.000
0.000
0.651
4.511
3.765
0.024
0.000
0.000
0.000
0.000
0.127
0.000
0.000
0.397
0.625
0.000
0.000
0.000
0.000
0.000
0.000
0.000
0.064
0.057
4.243
0.003
10.058
0.000
1.112
0.000
0.000
0.000
0.000
0.034
0.000
0.000
0.050
0.058
0.877
0.137
0.000
0.000
0.000
0.802
0.169
0.000
0.000
1.981
0.857
0.000
0.304
1.107
0.184
0.000
0.496
0.105
4.655
0.198
0.000
0.000
0.172
0.342
0.000
0.000
0.000
1.878
0.293
0.000
0.000
0.000
0.726
11.076
5.735
0.418
0.848
3.480
0.000
0.000
0.000
0.000
0.000
0.000
0.000
0.000
0.000
0.680
1.054
1.703
24.889
0.000
0.000
0.467
0.553
0.000
0.000
0.000
0.069
0.000
0.027
0.127
1.023
8.768
0.003
0.000
0.000
0.216
9.143
66.011
3.907
0.096
6.983
4.189
10.174
0.506
0.000
0.000
4.366
1.911
0.904
1.368
17.329
7.715
8.483
2.577
7.996
81.202
8.669
60.644
4.927
26.307
13.604
11.494
2.239
11.115
4.384
6.529
7.399
0.285
8.775
0.098
0.021
1.354
4.906
0.000
0.000
1.281
1.674
4.707
0.456
11.465
3.215
5.970
13.360
15.603
6.880
4.501
4.938
6.273
7.648
0.565
8.574
0.685
5.740
0.101
4.261
13.390
6.434
20.024
5.334
13.818
26.741
28.204
65.702
97.907
14.196
2.034
3.457
5.941
1.557
2.192
0.240
0.000
0.161
0.021
5.810
1.378
2.966
4.587
14.517
34.875
30.491
9.285
11.022
1.524
32.562
28.053
3.593
0.522
6.628
41.175
13.099
9.083
6.612
11.822
5.859
1.773
11.661
8.315
6.233
1.397
10.976
6.319
2.844
5.685
2.997
3.284
0.944
0.050
5.234
0.381
5.697
0.000
6.073
7.478
4.528
4.266
1.100
1.753
1.883
8.877
6.334
5.412
9.079
2.772
8.992
7.660
0.481
2.436
0.803
6.427
18.818
3.964
10.633
27.030
2.331
0.007
2.236
5.708
0.416
5.941
0.760
15.860
6.777
1.093
0.014
0.388
5.792
2.814
12.869
7.630
2.008
0.000
3.452
0.391
2.843
2.283
1.864
2.051
4.587
3.770
2.870
0.652
0.000
0.000
0.000
0.000
0.000
0.000
1.294
21.055
0.443
0.100
0.000
0.000
0.000
0.000
0.000
0.000
0.000
0.000
0.000
0.000
0.000
0.000
2.000
0.000
0.000
0.000
2.084
0.882
3.893
0.000
0.000
2.983
0.484
0.000
0.000
0.000
4.298
6.890
2.764
2.103
0.000
1.301
0.017
2.547
0.992
0.340
0.072
0.000
0.000
0.000
0.000
0.000
0.000
0.000
0.000
0.000
0.000
0.000
0.000
0.000
0.000
0.000
0.000
0.000
0.000
2.120
0.000
0.151
0.000
0.043
0.017
0.628
0.000
0.000
0.000
0.000
0.000
0.000
0.742
0.505
0.017
0.034
0.000
0.000
0.000
0.000
0.000
1.766
0.000
0.000
0.000
13.652
2.420
7.619
0.476
4.516
13.676
0.367
0.778
0.000
0.000
0.000
0.000
0.115
0.072
0.058
0.027
0.060
0.000
0.151
2.170
2.870
0.000
0.041
0.367
3.953
0.997
1.384
0.203
0.000
0.051
0.000
0.000
0.000
1.100
0.799
1.514
5.086
6.815
8.741
9.095
4.694
0.245
0.000
0.025
1.665
31.596
0.000
1.033
0.209
4.262
7.740
24.728
16.710
2.232
7.460
3.286
60.957
2.692
21.695
12.490
0.000
0.477
8.006
23.597
2.479
0.000
0.323
11.295
3.831
14.557
20.455
164.766
6.020
0.010
3.650
1.687
4.970
0.814
1.160
9.141
9.273
12.639
14.651
50.894
2.895
17.516
22.618
21.301
1.598
15.719
8.558
1.411
19.144
8.365
9.985
13.821
13.226
3.478
21.583
13.283
10.597
17.303
7.763
2.826
10.598
3.232
0.336
0.007
12.312
4.606
9.628
11.767
15.460
4.950
5.157
0.105
0.168
0.000
0.000
0.125
0.000
4.867
2.958
1.832
0.000
0.000
0.000
0.029
8.949
10.034
2.387
2.945
0.390
14.557
8.471
4.414
11.824
6.820
9.459
5.980
1.475
10.931
7.165
13.754
32.998
8.945
5.581
2.304
8.496
5.988
4.068
4.221
10.533
11.890
4.891
23.748
14.544
12.700
12.282
5.852
2.134
18.406
6.981
11.718
6.933
10.028
23.147
14.114
7.726
0.000
9.922
12.613
11.594
4.163
15.008
8.516
16.680
10.600
19.985
8.585
13.132
1.819
2.051
29.757
4.401
12.761
7.713
5.862
13.343
24.220
22.762
20.730
20.680
9.610
21.078
5.946
13.669
17.580
9.750
14.686
7.900
1.785
19.397
11.014
2.795
2.359
15.274
10.864
10.368
1.250
8.477
4.333
2.479
1.480
9.915
14.389
85.845
14.832
7.454
2.977
13.342
18.248
7.117
11.810
9.531
39.235
9.280
12.540
10.252
8.456
0.862
7.306
7.155
5.967
2.244
8.559
4.728
6.904
7.076
4.528
4.601
8.363
1.198
0.941
0.795
1.816
6.149
0.000
0.000
1.270
9.819
0.481
11.807
6.746
3.960
0.237
3.450
2.860
0.000
0.000
0.000
11.168
7.932
1.054
1.253
0.161
0.014
3.577
3.358
4.580
1.555
9.065
2.726
1.064
0.196
1.176
0.000
1.241
0.000
0.000
0.000
0.000
17.585
0.000
0.000
0.000
0.000
0.000
0.000
0.000
0.000
0.000
0.560
3.933
3.022
0.000
0.000
0.539
0.064
0.000
0.268
2.499
0.000
0.000
0.000
0.000
0.357
2.177
0.000
0.000
3.773
2.414
5.469
0.000
0.000
0.311
0.203
0.421
3.881
0.000
0.000
0.007
0.000
0.000
0.000
1.088
1.517
0.000
0.000
0.000
0.000
0.000
0.000
0.000
0.000
0.000
0.034
0.000
0.000
1.253
0.027
0.000
1.940
0.000
0.000
0.000
0.017
0.017
0.117
0.000
0.000
0.000
4.161
0.086
0.851
1.881
5.518
0.203
0.000
0.007
0.000
0.000
0.000
0.692
1.132
0.000
0.000
0.000
0.994
0.000
1.287
0.000
0.003
3.535
12.573
0.223
0.079
0.240
0.000
0.000
0.000
0.633
2.269
6.721
1.792
0.038
5.074
4.796
23.169
0.180
0.103
0.134
0.021
7.045
8.910
3.176
14.116
6.703
10.361
0.000
2.297
10.205
10.284
17.568
7.002
0.278
13.776
88.435
17.281
10.839
0.153
4.095
5.818
9.932
14.596
6.733
78.823
44.893
64.411
3.732
9.591
12.597
0.330
0.000
10.183
13.867
9.268
8.060
68.891
89.607
10.258
1.119
6.430
8.126
5.390
4.007
15.269
11.915
10.897
0.179
3.066
0.000
1.294
2.668
3.716
11.680
4.602
1.536
5.038
11.548
1.140
2.613
5.521
0.055
5.761
3.049
6.942
12.957
13.956
8.995
0.079
0.446
26.099
13.434
9.218
13.060
5.589
15.079
51.217
22.275
10.998
2.606
15.051
6.200
7.426
0.110
0.163
0.790
0.000
2.240
0.000
2.256
1.054
5.624
2.612
0.010
0.106
0.295
2.760
7.423
1.504
0.000
1.778
6.152
5.643
0.457
4.542
8.336
3.131
5.984
0.100
18.440
6.676
1.069
2.699
14.145
12.464
3.536
5.370
3.818
1.068
0.189
5.455
0.395
13.197
13.012
14.464
17.549
2.649
12.638
11.654
7.944
9.970
13.505
0.192
18.666
4.178
7.469
4.679
13.671
6.726
6.015
6.727
12.964
3.502
8.789
8.398
26.353
2.262
5.988
9.158
17.321
19.102
9.263
4.357
17.558
4.939
5.461
6.396
4.206
1.090
9.019
9.699
28.485
12.123
0.910
3.778
3.598
13.039
9.829
0.360
4.048
6.479
12.415
11.355
15.329
1.040
0.209
12.712
23.998
7.575
9.386
25.948
12.700
8.010
3.481
5.828
20.428
5.191
0.230
0.000
0.003
0.385
1.854
0.000
2.620
12.909
10.962
7.165
11.910
10.636
13.778
10.746
5.984
0.481
1.974
12.744
15.700
100.249
3.658
5.456
13.961
3.217
14.165
2.357
0.058
0.968
3.922
9.632
5.048
5.385
2.923
0.566
0.000
1.985
2.088
0.000
0.000
0.149
4.697
0.280
2.944
0.982
9.587
1.118
9.404
4.062
13.748
7.960
6.029
2.367
3.416
3.759
10.131
4.391
0.481
3.062
0.501
0.783
0.000
0.000
0.216
0.000
0.000
3.025
0.185
0.010
8.841
4.954
5.696
0.000
0.000
14.344
0.000
1.281
0.570
6.036
1.524
0.000
0.000
0.000
0.000
0.000
0.003
0.000
4.743
0.000
0.929
0.000
0.000
0.000
0.000
0.000
0.000
0.000
0.000
0.000
0.000
0.000
0.000
0.000
0.000
0.000
0.000
0.000
0.000
0.000
0.000
0.000
0.000
0.000
0.000
0.000
0.000
0.120
3.842
1.126
0.003
3.718
0.982
0.000
0.000
0.000
0.000
0.000
0.000
0.000
0.000
0.000
0.000
0.000
0.000
22.289
0.172
0.759
0.000
0.000
0.000
0.000
0.000
0.000
0.000
0.000
0.000
0.096
0.000
1.737
0.233
4.622
2.783
1.911
0.051
0.000
0.000
0.000
0.000
0.048
0.948
2.704
0.000
4.108
1.785
26.880
0.000
0.191
1.586
1.837
10.619
4.201
20.127
4.491
3.904
0.124
12.260
4.144
2.880
3.361
15.628
1.935
11.278
2.568
8.937
0.807
1.531
6.042
0.422
0.113
0.000
0.062
0.000
5.273
2.482
0.038
0.000
0.058
0.000
0.000
0.000
70.814
0.639
6.540
5.356
23.494
85.917
10.933
0.336
1.857
59.398
2.729
7.857
0.000
13.586
11.585
6.044
3.695
10.268
0.187
1.586
0.170
0.000
5.795
13.795
11.125
1.363
12.277
0.903
0.654
11.161
3.279
3.806
5.488
1.642
6.693
1.722
4.983
12.842
0.663
8.118
3.124
6.623
6.496
7.332
12.617
20.502
4.174
1.397
2.612
16.894
22.803
6.120
26.108
1.844
2.583
0.556
1.882
5.903
8.117
6.173
3.589
0.000
2.951
18.356
2.326
2.198
6.077
1.028
6.119
6.612
6.700
7.903
13.340
18.376
12.102
0.553
3.378
8.617
0.771
13.317
17.851
3.430
1.917
3.318
13.802
2.125
0.160
11.153
2.675
8.671
10.277
6.061
2.432
0.003
3.874
0.833
0.275
1.411
0.014
8.597
7.852
0.457
1.421
20.874
1.430
0.627
0.790
1.003
3.972
9.211
8.381
7.031
21.286
20.486
16.282
21.214
9.912
1.109
0.000
0.000
0.000
8.786
9.074
3.888
10.365
7.622
16.242
0.199
13.239
167.469
13.390
0.879
4.280
2.862
7.696
10.193
7.635
10.061
7.257
10.567
15.738
7.265
9.295
12.833
12.769
9.129
18.087
21.168
5.581
1.289
13.474
24.565
10.303
12.435
12.879
18.028
8.173
18.477
14.437
12.143
21.058
0.786
12.650
0.059
18.111
21.414
5.552
10.028
11.436
4.253
9.253
0.515
10.624
8.518
13.325
19.468
4.332
25.178
1.441
3.651
3.126
1.190
9.972
9.163
2.129
4.570
11.124
4.748
0.972
19.085
0.762
0.405
0.233
0.027
0.879
0.000
0.000
0.000
1.579
5.534
1.020
0.000
0.027
3.018
3.193
4.728
2.094
2.194
5.356
13.057
7.210
9.925
0.680
0.000
0.000
3.866
1.538
4.408
8.988
0.357
0.027
0.000
6.427
8.104
2.015
5.407
1.349
0.168
3.430
0.457
0.000
0.000
0.000
0.000
0.003
2.426
3.559
0.611
3.189
2.475
2.190
2.597
0.295
0.474
0.038
0.611
0.031
5.376
0.814
0.073
1.414
2.106
1.447
0.000
0.000
0.000
0.000
0.635
0.179
0.894
0.007
15.328
2.297
2.014
0.010
7.213
0.010
0.000
1.078
1.808
5.751
2.587
0.000
0.000
0.000
0.000
0.000
0.000
0.000
0.000
0.024
0.000
0.000
0.676
5.953
0.000
0.000
0.000
0.000
0.000
0.000
0.069
0.010
1.632
2.486
3.262
0.000
0.000
1.660
3.481
2.802
0.256
0.000
3.409
0.220
0.000
8.343
0.949
0.000
0.381
0.000
12.438
0.167
4.716
1.442
0.000
0.000
10.509
1.087
0.000
1.179
0.000
0.000
0.000
0.505
0.105
0.000
0.000
0.021
0.000
1.853
0.000
8.104
2.942
2.273
11.892
8.525
0.000
7.917
0.024
10.258
2.132
6.540
15.144
14.444
13.733
0.069
62.204
7.697
16.752
2.024
1.228
11.184
3.306
4.012
0.000
2.082
0.000
18.301
5.766
0.572
3.335
5.459
0.000
0.000
0.197
11.956
2.363
2.891
5.768
6.018
20.919
2.609
4.620
15.183
13.154
72.003
0.446
0.000
0.000
4.457
3.692
10.440
6.837
6.876
3.564
2.968
14.141
1.849
0.977
3.727
7.545
2.108
0.980
15.760
12.504
0.069
4.950
0.000
18.054
9.325
6.067
7.408
19.363
57.685
1.310
0.154
5.241
7.757
4.473
10.046
8.165
5.728
7.610
2.400
7.234
0.781
4.642
15.516
18.706
14.546
17.130
10.518
1.622
17.595
68.771
60.777
5.639
4.414
6.382
9.143
7.869
4.247
3.437
0.805
12.276
8.205
1.964
3.536
0.000
0.522
9.050
4.031
4.453
0.299
0.000
5.043
20.153
11.968
7.553
0.491
12.904
12.648
3.890
0.436
6.259
5.454
11.364
14.787
15.357
12.167
17.041
7.694
32.959
0.093
0.003
1.064
9.304
6.487
3.299
4.065
2.791
3.028
53.761
8.645
9.215
15.647
1.749
6.969
8.494
9.278
4.971
6.633
11.843
2.959
0.896
8.868
0.673
0.776
11.337
13.729
8.089
46.129
7.670
46.661
34.507
7.292
17.614
2.060
10.176
0.608
16.040
0.697
3.145
14.818
2.880
10.107
0.409
1.325
5.222
12.672
1.504
35.469
0.700
3.148
4.292
5.593
1.775
5.033
13.340
11.841
0.373
6.274
4.556
18.612
8.157
3.814
18.982
1.960
8.494
3.255
6.451
4.520
4.796
1.811
8.046
11.085
13.146
16.059
10.636
9.987
10.856
4.592
11.860
12.210
13.638
8.271
0.128
0.000
1.222
0.395
0.000
0.000
0.000
2.395
9.014
7.787
4.983
5.752
0.834
4.278
1.869
3.414
0.379
0.000
7.344
0.000
6.151
0.240
4.582
2.166
5.943
4.582
1.612
0.000
2.316
8.852
1.962
1.570
1.080
2.656
0.003
1.291
1.533
3.739
9.769
0.256
0.014
0.000
0.000
0.802
3.397
0.745
0.000
4.752
11.139
0.302
0.000
0.000
0.297
0.000
7.139
8.477
0.112
0.158
0.000
0.000
0.501
0.893
1.488
5.837
0.572
0.000
1.416
0.000
0.000
0.000
1.038
0.000
0.000
0.000
0.000
0.000
0.000
0.000
0.000
0.000
0.000
0.000
0.220
0.386
0.000
0.000
0.000
0.000
0.000
0.000
0.000
0.000
0.000
0.000
0.000
0.000
0.000
0.000
0.000
0.000
0.000
0.000
0.000
0.000
0.000
0.000
0.000
0.000
0.000
0.000
0.000
0.000
0.000
5.150
23.562
0.848
0.268
0.000
0.000
0.010
0.086
0.010
0.000
0.000
0.000
0.000
0.000
0.000
1.947
0.000
0.021
0.000
0.000
0.360
0.254
2.129
2.679
1.353
1.212
0.233
0.000
0.000
0.379
0.007
0.014
0.000
0.000
0.000
0.000
0.000
0.000
0.000
0.000
0.098
0.000
1.650
0.560
0.227
2.405
0.000
0.000
0.000
2.290
0.089
0.038
0.041
11.652
0.003
0.000
0.134
0.017
0.714
11.719
3.433
5.751
8.700
1.305
0.021
0.199
0.518
1.394
19.897
5.555
11.148
0.352
0.048
15.954
21.976
5.158
4.661
3.873
1.508
2.343
3.625
22.613
64.069
11.896
32.785
0.000
25.445
4.425
29.465
0.306
16.172
7.757
20.717
19.638
8.655
12.124
7.998
1.200
0.017
4.575
6.809
1.723
0.000
0.000
0.000
0.924
29.279
8.030
1.919
14.035
6.441
3.279
5.373
18.409
4.882
5.445
2.414
7.948
11.759
3.619
10.966
18.526
3.547
10.981
7.644
30.528
6.092
1.682
7.962
54.585
19.616
3.557
0.110
0.010
1.040
0.755
0.000
0.000
0.000
5.280
19.281
25.059
10.451
6.427
0.000
5.049
11.433
7.018
19.559
77.732
53.462
9.084
27.603
115.113
12.267
8.451
24.012
27.560
5.002
14.248
4.115
11.608
23.851
15.405
24.695
78.528
5.335
13.827
10.580
12.891
18.005
8.234
11.627
0.485
1.886
3.364
9.730
6.137
4.267
4.165
2.983
8.716
1.797
4.886
6.237
24.648
13.505
4.212
8.289
1.781
13.307
3.953
11.987
11.649
23.888
12.212
20.766
7.553
25.801
8.854
21.760
11.714
5.854
10.595
15.868
24.623
5.476
15.130
2.465
8.693
12.763
21.945
11.446
13.434
12.792
19.933
30.020
45.518
2.046
9.318
12.243
86.212
11.745
1.948
8.065
4.405
7.593
4.389
11.464
14.667
7.182
8.862
18.673
10.542
1.944
3.613
5.399
4.099
12.685
11.179
13.154
67.221
4.225
0.237
0.038
0.010
3.428
7.289
3.802
9.182
2.250
6.353
1.090
3.040
3.729
4.961
2.333
0.249
0.000
0.000
0.000
9.908
2.630
0.000
0.000
0.000
0.000
0.000
0.000
0.000
0.000
0.000
0.000
2.077
0.594
6.409
7.944
0.159
0.865
0.072
0.000
0.000
0.414
0.000
4.281
0.771
3.919
4.204
0.433
0.827
0.000
2.180
4.364
1.991
0.000
0.045
0.000
4.927
16.181
2.012
2.650
0.000
0.000
0.000
0.639
0.082
0.038
1.040
0.069
0.034
0.014
0.000
0.793
0.196
0.000
2.929
0.000
0.000
0.000
0.000
0.000
0.000
0.000
0.000
0.000
0.000
0.000
0.000
0.000
2.097
7.908
1.484
0.000
0.000
0.000
0.000
0.000
0.000
2.307
0.137
0.082
2.393
0.000
0.000
0.000
2.477
0.007
0.014
0.000
0.944
0.486
0.000
0.000
0.000
0.000
0.000
0.000
0.024
0.000
0.000
0.000
0.237
0.000
0.845
0.067
0.100
0.000
8.247
3.112
0.000
0.000
0.000
0.000
0.017
0.712
2.050
0.007
0.000
6.079
0.000
0.000
0.000
1.045
0.539
0.000
0.000
0.000
0.058
3.365
3.999
0.112
0.007
0.304
0.000
0.000
0.000
0.062
22.321
0.000
0.000
0.118
2.743
1.172
1.469
0.105
0.017
0.086
1.011
2.014
8.372
3.121
8.197
1.231
2.202
4.166
0.436
0.383
13.542
0.160
7.122
17.630
1.984
17.108
8.847
14.789
17.053
13.007
0.575
14.045
5.877
0.453
2.209
0.000
0.000
3.385
0.000
0.000
11.192
21.008
6.527
0.242
18.831
1.773
22.068
1.701
11.340
27.571
12.852
11.057
11.647
21.485
0.680
0.010
0.139
0.000
0.227
15.578
13.906
7.910
9.541
1.093
0.058
0.299
20.414
10.030
20.979
19.135
11.982
7.731
17.710
17.156
5.624
10.842
10.852
8.417
91.063
2.410
1.875
13.747
14.169
21.598
23.885
5.325
10.035
2.554
9.773
19.391
6.303
13.541
27.198
62.981
1.027
1.411
0.292
0.165
4.669
2.510
2.180
22.074
6.698
6.468
11.249
19.906
9.647
0.371
2.103
2.414
2.920
0.869
4.136
2.141
2.695
5.400
5.450
10.847
5.579
19.502
10.823
5.263
5.938
5.565
10.823
9.616
24.720
3.040
5.977
1.059
10.015
0.355
9.686
0.841
0.615
1.959
5.935
3.411
3.100
1.337
1.052
0.014
15.108
18.105
6.403
8.667
15.978
6.142
12.068
0.000
0.336
0.000
0.014
14.382
7.680
3.351
3.116
21.835
22.370
92.790
3.814
0.546
7.054
5.790
4.056
20.610
8.957
126.060
2.759
7.581
5.440
6.830
9.647
9.780
21.729
35.203
2.855
2.364
15.020
20.914
4.949
8.465
1.102
6.660
9.153
21.954
8.842
13.113
8.957
8.765
84.239
12.219
15.182
33.679
140.688
11.715
4.263
2.662
9.276
14.568
14.409
18.434
15.083
3.304
3.798
0.497
0.954
0.670
11.819
10.426
9.241
7.454
8.529
8.548
8.101
6.265
7.131
11.793
6.028
10.185
15.972
1.368
0.007
0.154
10.379
0.797
5.205
7.186
7.553
0.093
3.792
0.216
8.751
3.567
0.000
0.227
0.000
2.438
1.178
7.205
10.180
0.062
8.885
6.015
7.696
0.906
3.313
1.291
0.014
0.000
0.000
0.137
0.000
0.412
0.000
0.000
0.065
5.177
2.463
0.000
0.000
0.082
0.326
0.000
0.000
0.000
0.772
3.553
3.210
0.247
0.000
0.412
1.974
0.000
0.275
2.391
0.000
0.051
0.055
0.000
0.000
0.000
0.000
0.000
0.000
0.000
0.000
0.000
2.582
0.000
6.959
0.010
0.031
9.562
1.018
8.221
8.401
3.338
0.846
6.008
11.822
0.901
0.106
12.536
0.000
2.765
0.000
0.000
9.258
0.000
1.495
0.000
0.000
0.000
0.000
0.000
0.000
0.000
0.000
0.000
0.000
0.000
0.000
0.000
0.000
0.602
4.944
0.206
0.000
0.000
0.000
0.120
0.010
0.000
0.000
0.000
0.000
0.000
0.000
0.000
0.000
0.120
15.870
4.364
12.269
4.740
0.000
0.000
0.031
0.007
0.106
9.620
0.561
0.130
0.129
0.227
0.120
0.000
0.000
0.000
1.003
1.382
0.343
1.771
0.000
0.316
0.980
32.229
0.000
0.000
0.172
1.236
0.000
0.000
0.000
0.607
0.000
0.563
0.000
0.000
0.584
0.350
1.277
13.149
19.453
5.304
6.351
2.032
2.074
16.607
13.616
16.212
12.787
21.135
16.957
16.737
12.830
7.608
0.278
2.005
19.068
42.867
4.839
4.947
9.654
3.214
16.922
0.000
0.000
5.242
9.239
104.083
0.201
18.268
8.624
13.946
1.560
1.885
0.633
23.904
10.415
1.296
9.510
6.398
14.589
0.500
0.392
10.240
8.458
8.813
2.182
5.984
2.840
4.887
3.962
2.268
12.016
2.217
16.443
26.620
21.253
10.763
9.361
7.265
0.450
0.000
0.003
21.835
21.974
0.542
9.946
11.817
22.547
32.691
39.779
19.338
12.056
4.360
7.258
2.656
7.427
23.154
4.472
11.134
8.923
11.918
9.810
25.940
17.916
9.229
17.048
7.587
0.604
2.089
4.401
3.414
0.347
11.067
4.851
11.714
16.164
21.519
119.449
4.305
3.392
20.495
10.530
10.540
3.452
13.245
6.199
5.479
7.361
19.109
24.603
0.306
12.136
0.687
16.977
15.096
7.081
3.277
14.320
3.695
4.159
10.919
25.547
12.847
10.057
21.102
13.699
40.691
20.853
6.613
16.588
11.164
14.715
23.442
20.484
15.308
13.290
11.883
11.566
15.881
1.405
3.312
9.337
15.510
3.885
0.474
3.732
10.777
18.277
2.783
11.498
7.490
12.857
20.240
17.475
19.856
142.345
19.894
0.340
24.050
9.099
9.218
17.212
13.127
19.981
11.975
11.687
11.436
6.872
19.808
20.670
13.019
2.008
11.179
7.965
0.833
39.406
34.130
5.809
8.899
0.230
3.944
7.359
7.922
2.120
6.108
0.415
6.468
4.788
4.644
11.347
15.056
5.431
2.632
6.084
7.157
11.143
19.624
10.986
8.942
12.490
14.682
25.601
5.583
4.906
1.936
13.293
4.504
0.148
0.000
0.000
0.000
0.000
0.364
19.243
13.697
9.314
13.340
0.748
0.333
0.000
0.010
5.552
14.107
2.287
10.420
5.895
4.001
5.751
6.681
5.939
0.645
4.920
3.818
27.425
172.506
2.144
0.031
0.000
0.000
0.000
0.000
0.000
0.896
7.577
0.096
4.518
9.498
9.634
5.184
3.880
0.336
8.762
0.306
0.000
0.000
0.000
3.667
5.613
0.594
0.000
0.000
0.000
0.000
0.000
0.000
0.000
0.000
0.000
0.000
0.000
0.000
0.000
2.523
0.000
0.000
7.635
9.185
0.055
2.803
1.051
1.866
0.000
0.000
0.000
0.000
3.080
0.760
5.497
2.317
0.577
4.540
0.000
5.086
0.206
2.134
10.068
0.271
0.165
0.268
4.503
0.274
2.111
0.000
0.235
2.069
2.482
0.000
1.182
0.103
0.000
0.000
1.363
0.000
0.000
0.000
0.034
5.852
5.380
0.100
0.021
0.000
0.024
0.577
0.000
0.000
0.000
0.000
0.089
0.000
0.000
2.204
5.830
8.281
22.709
9.232
0.608
0.000
0.000
0.103
0.010
0.000
10.149
3.886
0.003
0.470
0.237
0.000
0.666
64.256
2.863
0.000
0.000
0.000
17.417
1.030
0.000
1.411
9.191
0.031
0.000
0.000
0.064
1.215
80.204
2.214
0.754
0.127
5.955
0.000
2.127
12.698
3.653
15.886
1.334
8.020
13.184
11.528
4.883
8.734
8.152
4.510
15.740
0.000
5.504
24.237
13.163
3.910
3.739
6.932
7.294
6.865
14.037
10.557
0.175
0.000
3.002
0.920
5.201
6.394
3.856
5.104
12.420
14.936
4.168
5.198
8.980
0.585
9.426
1.676
0.199
12.920
16.601
12.660
18.718
11.680
18.436
29.449
19.326
20.709
16.267
12.011
9.778
5.280
7.011
6.791
13.953
6.219
8.700
16.569
17.249
20.414
19.865
9.886
7.193
7.738
2.111
12.768
8.525
14.406
7.975
15.944
25.317
16.703
1.806
2.448
12.511
2.390
0.275
23.998
31.033
40.519
9.706
25.001
90.436
32.461
2.924
9.950
19.456
13.281
26.961
22.020
4.149
6.312
15.861
10.193
14.183
8.168
9.639
13.137
9.759
1.838
4.016
5.720
4.999
1.263
11.876
21.719
9.081
52.743
13.506
12.560
17.125
7.090
15.195
10.698
8.003
8.813
12.772
3.660
7.773
26.917
20.325
34.806
8.200
1.078
1.308
14.783
16.198
17.254
9.915
17.305
12.854
14.787
17.872
11.155
2.808
9.445
19.396
21.070
21.542
19.085
20.955
13.805
11.913
8.319
17.010
3.450
9.551
10.760
14.090
105.537
17.626
4.655
3.553
12.655
15.952
13.791
22.924
22.251
19.408
13.324
1.991
4.772
76.739
13.750
21.981
8.327
22.024
13.069
0.488
0.690
13.237
2.170
8.906
12.590
5.265
5.495
40.162
63.298
8.137
20.744
6.763
8.106
14.670
26.978
2.956
11.518
1.754
8.504
17.595
18.237
13.451
0.151
1.281
8.223
42.284
24.043
2.795
9.373
5.582
3.866
10.293
12.888
6.908
10.600
12.763
25.904
10.983
2.012
1.377
5.366
1.140
6.887
5.102
1.085
13.963
1.572
3.674
7.440
2.032
2.225
10.145
9.998
8.166
0.415
7.035
9.453
8.173
10.324
8.552
0.663
3.086
6.415
4.432
0.000
0.000
4.146
0.000
0.527
4.087
5.912
10.485
2.845
0.017
0.000
1.717
2.880
6.935
7.592
1.452
5.632
4.758
4.997
6.365
3.128
16.264
0.946
2.943
1.135
0.003
4.018
2.269
2.329
5.334
4.546
0.528
5.831
4.020
1.715
0.575
0.352
0.217
4.209
4.971
0.106
0.000
0.000
0.000
0.000
0.000
0.000
0.000
3.540
5.102
7.993
7.829
0.342
0.723
0.045
1.409
2.189
0.000
0.589
2.767
7.083
0.433
0.000
0.000
0.000
0.000
4.762
10.495
0.079
0.000
0.000
0.000
0.000
0.000
0.038
6.164
0.024
0.000
5.304
1.232
0.014
0.058
12.645
12.128
6.882
1.574
0.261
0.000
0.000
0.000
0.000
5.067
1.655
2.561
0.000
0.000
0.000
0.000
3.819
0.573
0.000
0.000
0.000
0.017
8.782
17.043
0.906
7.093
0.000
0.223
3.831
5.086
15.843
0.223
0.130
0.000
37.426
2.365
0.549
0.000
0.000
0.494
10.801
5.854
0.223
0.409
1.439
13.149
0.154
0.000
10.025
0.615
5.088
21.226
8.772
12.500
133.872
1.250
5.538
14.378
12.085
14.107
13.764
9.229
9.987
3.914
0.604
13.084
0.463
0.875
1.931
2.408
10.004
5.467
6.971
8.645
5.965
1.512
8.966
5.158
13.630
10.578
9.146
0.247
3.093
3.969
52.966
10.741
3.150
4.242
13.287
13.063
27.368
6.061
13.526
7.598
13.414
28.971
41.352
7.234
25.298
15.590
8.358
3.577
6.612
1.717
1.414
2.359
1.596
8.072
15.700
3.972
3.656
6.156
2.153
2.571
11.527
19.360
4.583
10.949
2.517
12.548
22.484
31.816
19.882
7.059
9.527
14.069
11.661
0.508
0.000
0.000
0.848
0.069
24.227
43.980
9.021
2.498
8.789
12.145
7.850
9.280
1.241
3.485
3.562
0.996
7.316
5.814
13.887
10.154
6.329
15.480
83.994
10.204
12.586
1.545
12.542
2.791
15.424
15.590
0.769
2.493
2.523
9.625
13.117
7.038
9.495
13.153
10.411
14.497
20.261
15.661
11.486
3.217
8.157
17.195
14.816
99.244
8.632
13.632
8.900
13.398
19.669
45.444
17.245
24.391
12.610
11.369
79.677
13.422
104.528
10.185
11.179
11.915
16.720
11.886
17.262
5.637
19.514
16.311
26.010
8.944
10.959
11.848
6.187
19.092
1.023
2.891
19.264
9.771
15.347
8.497
6.599
4.937
11.603
3.807
12.730
27.665
30.415
46.984
61.280
9.512
0.474
12.361
10.909
14.931
1.651
0.024
0.000
0.000
0.000
0.000
0.000
4.341
7.442
8.293
3.893
17.623
12.463
15.677
9.659
13.767
7.677
0.989
0.489
10.926
7.833
10.044
3.193
12.075
33.055
10.440
0.182
6.386
17.173
10.365
2.832
11.158
13.149
18.303
0.082
0.000
0.000
0.000
0.000
0.000
0.000
0.048
11.594
11.937
2.884
3.928
0.000
0.742
6.897
13.390
59.398
13.908
1.123
0.292
5.400
6.751
0.127
0.206
0.000
2.160
13.662
0.273
0.472
0.556
0.338
0.735
0.000
0.000
0.000
0.000
0.000
0.000
1.296
7.005
0.062
5.292
2.697
3.813
0.000
0.065
4.350
0.000
0.000
0.000
0.000
0.000
0.000
0.000
0.000
0.000
0.091
4.020
0.100
6.619
4.213
0.996
8.078
0.733
0.529
15.904
1.591
2.237
0.082
0.457
0.000
0.000
0.000
0.000
1.864
0.000
1.733
7.031
1.147
0.000
0.000
0.000
0.000
0.669
14.165
1.809
0.000
0.000
0.000
0.000
0.000
0.000
0.000
0.000
0.000
0.000
0.000
0.000
0.000
0.000
0.000
0.000
0.000
0.000
0.003
0.000
0.000
0.000
0.103
0.319
6.358
0.000
2.345
12.796
7.557
7.989
0.312
3.890
4.092
0.402
0.000
0.000
0.000
0.076
0.000
0.000
0.000
2.922
32.520
0.024
0.360
0.000
0.000
0.045
4.961
2.371
0.618
0.821
2.606
0.000
0.000
0.000
0.000
0.000
0.000
0.000
4.501
0.000
5.455
1.342
4.283
1.245
3.888
12.962
23.756
1.243
0.750
0.697
9.002
18.048
2.640
8.688
3.452
3.457
0.000
1.027
46.293
13.678
11.311
4.558
0.407
25.385
3.737
19.417
20.924
11.450
0.000
0.000
0.477
1.430
17.606
32.907
7.735
5.572
22.364
34.123
0.110
4.625
12.802
7.522
16.394
6.173
4.168
9.237
16.133
3.124
12.715
0.038
10.300
7.062
9.843
10.210
5.730
25.447
27.428
16.651
7.275
33.728
126.449
1.991
37.498
1.377
5.356
47.471
12.511
3.389
5.974
0.000
5.407
6.382
0.000
0.048
5.905
13.702
13.455
25.689
150.949
6.836
14.217
2.287
17.990
8.772
20.895
24.112
24.664
0.433
0.172
5.198
7.277
5.941
8.490
8.405
5.181
25.155
11.769
16.988
7.275
0.000
3.493
7.141
12.178
18.842
4.824
17.815
17.863
0.077
7.024
6.049
3.093
2.067
15.820
21.032
26.093
8.851
18.507
14.607
4.894
19.818
16.158
0.822
1.435
3.595
6.248
14.948
17.329
12.497
15.141
19.853
104.054
16.330
19.676
2.300
1.919
12.672
11.388
9.187
16.795
5.655
4.178
1.718
13.448
23.679
26.027
6.504
3.251
8.353
5.596
22.141
12.597
3.306
3.303
6.034
5.447
10.828
1.454
5.416
14.289
23.200
22.824
12.406
17.216
11.769
12.176
13.136
16.723
3.287
9.510
15.783
38.169
16.229
16.383
46.106
7.917
5.376
14.183
11.924
8.449
1.620
5.455
19.564
10.763
4.401
6.691
31.399
6.410
0.373
1.579
12.281
10.210
5.718
19.494
15.415
8.484
10.549
7.958
0.917
12.219
7.998
5.697
9.112
10.701
4.934
4.020
10.216
5.581
12.339
10.547
155.340
0.045
0.000
0.000
0.000
0.266
6.884
5.946
31.905
0.000
3.169
16.239
10.667
1.981
0.007
0.000
0.000
3.071
11.462
8.054
5.998
7.148
4.183
0.034
4.329
0.244
0.000
0.000
0.000
0.000
0.041
0.851
2.297
17.297
4.834
0.580
0.000
2.702
3.996
2.863
7.854
0.100
0.000
1.978
6.532
1.976
6.259
0.331
1.351
2.489
0.000
0.311
0.755
2.029
8.863
1.919
0.000
0.566
0.151
0.072
7.007
4.522
11.062
4.233
0.000
0.000
0.000
0.580
2.740
5.143
0.000
2.990
0.503
2.983
1.610
2.468
10.193
3.739
0.546
0.000
0.000
0.000
1.397
0.000
0.000
0.021
0.000
0.076
0.000
6.564
7.460
12.284
11.216
1.068
1.797
0.117
0.302
0.144
2.602
0.203
0.000
0.261
0.000
0.000
1.315
1.650
0.000
2.836
0.010
0.000
0.187
1.363
0.010
0.000
0.000
0.000
0.031
0.000
0.000
5.236
0.082
0.154
2.129
0.000
0.010
0.189
0.003
4.419
0.000
5.454
7.536
13.148
35.118
12.494
1.954
7.340
3.413
6.085
0.611
11.797
23.718
1.705
2.640
6.969
0.319
19.497
0.151
4.013
7.828
7.581
5.620
21.224
11.579
4.226
8.918
22.632
12.049
15.233
9.445
6.070
10.696
2.398
0.062
16.627
14.296
11.539
6.997
16.162
18.086
2.335
5.188
6.513
19.799
7.018
13.245
14.492
3.169
4.062
10.085
1.689
10.459
7.986
13.053
1.789
2.470
4.662
9.148
7.066
12.312
7.399
4.086
0.242
0.000
7.155
8.762
4.079
9.582
15.685
112.945
2.683
25.052
6.221
5.140
7.079
21.684
5.617
0.379
0.000
3.517
12.116
10.083
11.625
10.530
19.872
9.527
13.496
6.695
10.090
13.496
19.051
15.328
31.407
13.180
9.275
13.379
34.844
19.075
7.996
0.834
6.537
12.936
72.367
2.762
4.161
3.474
0.439
0.000
4.796
46.369
97.073
6.317
11.467
9.778
14.148
20.047
39.650
1.439
4.589
13.843
6.700
17.218
6.853
0.745
0.580
0.580
7.198
16.557
31.814
8.314
11.007
17.901
1.382
10.981
5.400
0.690
1.514
18.818
7.510
12.974
11.185
1.665
18.509
5.493
7.920
32.804
20.222
61.918
18.205
11.287
8.202
14.104
7.302
6.290
5.929
3.598
15.264
12.497
4.611
5.861
9.568
2.003
11.309
49.971
2.547
6.376
4.860
12.478
6.824
6.295
0.415
11.910
5.425
16.632
1.988
14.782
57.994
17.650
12.730
6.145
0.966
14.155
20.994
5.888
1.996
15.350
2.072
0.106
2.602
1.693
38.773
4.551
4.080
5.483
24.182
7.869
6.041
4.511
11.937
25.109
2.549
7.649
18.364
0.034
10.724
2.125
12.301
11.494
13.026
13.908
11.357
3.200
9.836
15.141
19.288
19.724
3.897
6.988
12.686
3.423
8.429
20.400
18.392
10.677
9.012
2.196
1.245
15.122
30.353
11.900
15.120
1.126
6.396
1.044
7.234
11.148
0.982
0.000
0.000
1.377
4.695
0.364
0.010
0.000
0.000
0.002
1.226
4.189
4.082
14.632
11.738
15.120
0.319
4.973
11.678
27.086
3.845
14.117
11.273
0.065
10.114
10.801
0.350
4.520
4.793
7.131
8.902
1.823
3.363
0.000
5.527
4.710
12.373
14.945
0.426
0.000
0.017
0.000
0.000
0.117
1.047
0.711
0.354
3.674
4.707
5.225
0.000
9.455
2.211
2.599
6.091
3.179
7.824
3.842
4.837
3.938
8.240
0.730
0.000
0.261
0.000
0.003
0.005
8.490
1.734
0.000
0.000
0.000
0.000
0.000
0.007
0.010
4.837
3.001
0.000
0.000
0.000
0.000
0.000
0.038
0.000
4.855
0.580
0.024
0.000
0.003
0.021
0.000
0.000
0.000
0.000
0.000
0.000
0.348
0.000
0.000
0.000
0.000
0.000
0.000
21.842
4.041
3.567
10.126
4.755
1.734
5.129
0.027
0.154
4.274
0.003
0.379
11.992
1.147
0.007
0.000
0.002
0.000
0.000
0.093
13.994
7.711
2.084
1.497
2.341
0.045
2.094
23.796
0.302
0.000
0.000
0.021
7.117
2.235
0.000
0.491
1.497
3.632
0.002
0.000
0.270
2.736
0.371
5.867
86.607
4.666
0.570
0.764
6.609
2.796
0.000
1.954
8.731
3.442
14.701
20.910
21.559
12.967
5.184
18.893
2.764
2.237
9.608
5.081
9.884
15.216
18.289
9.222
5.416
17.444
1.517
7.352
24.094
1.660
6.956
3.831
7.845
9.936
1.991
0.912
0.791
0.000
11.960
9.476
41.480
15.458
8.659
1.138
3.179
3.263
18.890
4.573
6.382
13.541
28.899
9.168
11.446
13.556
4.982
12.667
22.968
19.693
2.874
19.202
14.140
17.813
10.140
0.168
13.438
21.974
9.053
5.349
12.748
24.149
28.702
10.768
16.670
30.017
6.485
4.094
2.204
2.656
27.188
6.547
6.132
13.855
27.593
11.292
27.370
24.033
7.553
13.357
31.043
7.661
5.672
16.802
17.928
17.061
6.101
3.759
1.099
3.780
31.212
9.931
1.648
6.503
3.221
10.949
14.976
1.476
2.966
4.218
0.553
6.836
8.887
5.297
6.342
13.299
10.119
2.360
19.597
142.546
51.117
16.620
0.321
3.116
9.931
5.382
1.928
0.300
6.228
13.067
15.573
7.759
2.427
26.899
1.976
7.557
18.833
6.738
5.212
25.639
6.884
32.097
8.432
19.398
33.440
4.643
5.273
6.032
14.282
11.530
17.544
43.236
5.371
8.590
12.785
25.396
12.758
16.898
185.727
5.713
3.064
18.062
18.462
19.643
16.598
15.752
143.433
8.957
13.208
2.173
3.595
13.527
53.503
129.604
4.837
0.946
12.511
14.066
18.900
42.677
2.544
17.721
6.571
21.949
15.096
12.152
1.626
3.883
3.337
14.214
6.070
15.117
20.637
13.045
6.073
5.891
3.689
10.913
0.851
15.458
7.520
4.717
3.365
1.590
3.691
5.644
0.402
0.000
3.553
0.010
0.000
0.000
0.000
0.000
0.556
0.000
2.537
7.684
6.223
11.079
7.182
2.922
4.376
5.287
10.670
0.403
0.062
0.014
8.013
5.352
14.979
8.641
10.633
1.308
12.930
5.531
8.552
1.591
4.511
0.297
0.000
5.182
0.419
3.409
0.446
0.385
7.711
63.207
9.271
8.434
18.191
1.598
0.839
3.295
0.038
2.175
34.089
5.007
2.458
0.345
2.445
2.470
0.330
0.000
0.000
0.254
0.733
4.017
4.516
3.758
1.676
1.119
1.899
2.936
1.931
7.060
1.943
3.720
9.927
3.107
3.426
7.551
0.513
5.507
1.274
9.716
13.685
1.253
0.000
0.000
0.000
4.031
5.914
0.409
0.000
0.000
1.233
0.003
1.420
0.168
0.000
0.000
7.021
2.690
0.151
0.002
0.000
0.000
0.000
0.000
0.000
0.158
11.247
2.475
2.245
0.000
4.302
0.003
0.069
2.075
21.386
1.243
0.000
1.851
17.249
0.714
0.000
0.000
0.000
0.000
3.514
1.226
2.750
6.197
4.312
8.556
0.762
0.000
0.010
0.000
0.000
0.000
0.002
0.000
0.000
0.003
0.000
0.403
4.484
7.754
10.233
5.630
0.295
2.561
6.001
119.210
44.615
3.172
0.057
15.690
3.761
0.694
0.000
0.000
0.755
10.598
0.014
0.000
0.000
0.105
0.000
0.014
0.000
2.412
0.347
5.421
17.182
19.973
0.000
11.460
1.651
3.807
6.197
21.382
15.916
16.631
10.037
19.954
17.987
0.000
0.000
0.319
0.000
15.982
13.290
3.207
148.068
5.685
0.948
7.335
6.753
7.742
14.238
24.085
53.348
28.959
2.142
0.663
1.214
0.002
0.781
11.939
2.166
10.295
25.493
84.181
1.902
4.767
15.338
14.744
18.043
8.947
14.787
4.243
18.567
4.864
0.297
10.403
11.294
3.212
6.232
9.848
17.973
9.510
9.065
99.828
15.863
0.481
8.617
9.857
14.608
16.598
21.051
0.455
7.735
0.496
12.282
16.296
22.749
16.335
5.414
6.906
13.484
6.204
22.464
14.505
22.158
5.970
12.859
7.184
2.626
0.594
0.124
12.830
16.002
1.892
6.897
12.621
9.321
65.156
16.653
23.761
17.712
0.833
20.968
22.416
10.650
8.628
24.980
22.295
25.308
6.812
3.595
9.246
2.803
2.005
14.536
9.180
11.326
11.165
20.553
51.976
19.504
52.614
43.894
18.110
110.814
2.434
18.625
8.264
13.853
19.894
10.919
41.291
97.238
175.496
15.408
1.833
5.521
1.875
0.371
0.924
15.213
25.138
16.203
11.682
21.525
20.936
12.138
2.650
8.696
14.778
20.544
10.018
4.338
4.501
10.578
30.981
2.410
7.277
10.609
0.477
0.395
2.769
25.919
11.934
15.892
1.624
12.773
7.883
174.477
9.397
7.237
1.071
13.994
5.222
1.408
1.054
6.794
14.471
11.333
4.269
14.166
14.325
19.178
15.068
4.717
21.243
12.851
2.685
6.111
3.904
11.446
20.414
2.462
4.803
3.238
3.203
0.381
0.913
3.090
2.709
3.914
15.182
13.877
9.160
8.487
23.368
17.200
1.219
1.845
17.362
3.238
3.299
5.716
2.278
4.432
5.854
3.014
5.263
14.203
19.003
35.026
6.063
6.736
43.173
22.549
13.094
1.301
9.229
16.062
29.637
5.881
8.920
10.851
6.928
9.998
6.763
0.355
0.151
0.199
2.688
0.089
0.694
4.513
2.266
3.303
6.588
0.213
2.977
7.965
0.000
0.271
10.676
11.048
2.132
3.069
1.744
4.942
9.213
2.602
0.000
0.000
0.000
0.000
0.003
0.127
0.323
6.815
3.138
0.014
2.959
16.361
2.182
0.000
0.021
0.992
3.818
2.549
2.819
8.260
2.424
5.888
1.119
0.360
0.000
0.005
0.000
0.000
0.000
3.952
1.837
11.076
2.726
0.409
0.000
0.000
3.382
3.564
8.626
0.422
3.838
5.103
0.000
0.000
3.313
