19790101
4.991
3.589
6.046
10.246
5.322
0.659
4.978
7.636
4.564
3.081
5.082
3.549
2.693
6.504
3.725
3.837
2.923
2.877
9.028
13.602
5.386
9.558
10.047
8.504
5.734
5.164
4.152
3.615
9.326
4.837
10.514
3.952
20.680
21.836
13.620
0.098
6.436
6.118
8.442
10.178
5.540
8.005
14.160
9.715
15.823
2.695
8.464
17.437
7.249
9.828
2.329
3.500
16.661
15.884
3.816
12.265
3.282
10.672
4.953
9.785
9.050
7.862
9.452
33.186
2.012
8.755
11.762
10.125
4.834
8.173
6.606
8.858
1.030
11.937
10.454
16.128
16.720
16.119
29.182
17.163
2.695
9.321
13.937
19.405
23.363
6.358
2.081
7.751
14.219
11.172
12.202
3.756
8.679
14.018
2.973
4.530
0.759
0.000
0.000
1.933
0.000
5.751
10.983
12.533
11.642
11.817
11.563
7.107
11.364
4.477
11.422
31.507
31.641
2.331
0.158
0.175
0.000
0.000
2.633
4.216
9.150
8.343
4.209
9.249
2.098
6.097
5.205
2.429
7.817
1.133
6.691
5.153
5.380
4.484
9.713
4.923
3.275
0.055
9.778
9.956
8.236
0.628
4.803
5.483
0.117
1.823
4.724
0.148
6.204
11.213
2.757
0.000
0.000
0.000
0.000
0.000
0.000
0.855
0.000
0.161
0.136
0.000
0.000
0.355
5.358
0.465
0.000
0.000
0.000
0.000
0.000
0.000
0.000
0.000
0.000
0.000
0.000
0.000
0.000
0.000
0.000
0.000
0.000
0.000
0.069
0.027
0.000
0.000
0.000
0.000
0.000
0.000
0.000
0.000
0.000
0.000
0.632
0.000
0.000
0.000
0.153
0.000
0.000
0.093
4.350
0.000
0.000
0.000
1.360
0.000
0.000
0.000
0.000
0.000
0.000
0.000
2.204
0.000
0.000
0.007
2.294
0.096
0.000
0.000
0.000
0.003
3.153
0.000
2.642
0.000
0.769
0.106
4.295
0.000
0.000
0.000
0.000
0.000
0.000
0.000
0.584
0.108
0.000
0.000
0.000
3.912
6.736
1.054
0.000
0.000
0.000
0.000
1.202
2.293
1.624
0.000
1.241
0.000
0.000
0.350
2.714
0.000
0.000
0.000
0.000
0.000
0.000
0.609
0.086
0.966
0.247
0.000
0.000
0.000
0.031
0.000
0.197
0.000
1.820
3.466
1.511
1.511
2.345
2.633
0.309
0.000
0.000
0.141
0.415
0.000
0.000
0.000
0.051
0.000
0.000
0.069
0.718
0.000
1.600
5.891
0.446
3.361
0.000
0.007
2.925
5.635
7.656
6.063
3.716
2.132
17.439
20.214
8.023
0.699
0.333
0.000
1.940
79.536
46.819
1.462
5.407
0.000
6.659
8.665
8.576
6.503
2.412
17.638
5.275
4.424
0.000
0.000
0.000
0.112
2.283
0.000
0.218
5.794
4.425
49.396
0.000
0.395
0.010
0.570
11.841
0.225
0.086
7.915
13.062
13.002
0.103
4.982
10.847
16.292
17.817
2.918
5.015
6.935
2.512
0.706
6.199
14.370
5.117
5.133
30.319
67.689
1.857
0.230
1.631
0.470
11.391
6.200
7.091
2.451
7.450
1.435
1.861
21.574
15.027
4.388
0.360
6.204
6.039
3.457
0.975
14.169
15.745
9.424
3.169
0.312
1.924
2.190
7.599
5.133
18.806
20.881
12.736
5.946
7.665
0.675
0.065
6.279
3.613
15.144
0.481
2.521
2.534
3.420
0.079
2.747
0.000
1.097
16.428
6.264
5.008
0.645
4.712
1.593
0.551
0.184
0.283
0.048
0.010
0.000
0.000
0.000
0.000
20.678
5.510
0.397
1.267
0.980
27.672
1.839
9.985
2.632
5.644
1.845
6.400
9.306
5.428
3.838
9.150
6.006
7.158
4.197
6.685
3.797
10.588
11.113
1.504
31.109
3.960
5.834
65.325
25.492
0.251
9.764
9.874
7.986
1.222
3.584
1.308
8.532
3.231
2.753
11.834
10.633
7.405
0.254
15.580
126.157
2.115
4.089
5.792
4.453
0.038
0.000
0.082
2.946
8.655
3.893
12.360
9.678
2.956
11.869
1.123
3.323
0.465
0.000
0.000
0.000
2.887
5.366
4.532
4.536
3.459
5.275
4.503
3.085
13.881
10.430
9.416
9.361
5.509
17.959
6.822
2.808
10.493
0.106
0.067
0.000
0.000
0.000
0.000
0.858
9.126
6.515
6.569
1.650
2.127
0.000
0.000
0.000
0.000
0.000
0.000
0.000
0.000
0.000
1.936
3.402
0.000
0.132
0.000
0.000
0.076
0.034
0.000
0.000
0.000
4.041
3.825
1.272
0.000
0.599
0.000
0.000
2.481
0.500
0.000
0.000
0.000
0.000
0.000
0.000
0.000
0.086
0.007
0.000
0.000
0.096
0.000
0.000
0.000
0.000
0.000
0.000
0.000
0.058
0.000
0.000
0.000
0.000
0.000
0.003
9.138
2.729
0.000
0.000
0.000
0.000
0.000
0.000
0.000
0.000
1.136
0.086
0.096
0.089
0.000
0.000
0.000
0.000
0.000
0.000
0.000
0.000
0.000
0.000
0.000
2.867
0.000
0.872
0.316
0.000
0.000
0.000
0.000
0.000
0.000
0.000
1.099
0.000
0.000
0.000
0.000
0.000
6.228
0.034
0.000
0.000
0.000
0.055
9.951
0.000
0.000
0.000
0.000
0.566
0.542
0.130
0.000
0.000
0.010
0.000
0.000
0.000
0.000
0.000
0.669
0.000
15.686
12.555
0.007
0.007
0.000
0.772
0.278
0.000
0.000
3.498
0.000
0.120
14.670
3.953
0.992
14.184
7.804
2.465
0.000
1.085
4.695
5.424
1.389
4.776
0.130
0.031
0.000
3.150
0.570
0.014
0.000
0.000
0.046
0.000
0.474
0.242
6.822
12.729
6.446
0.158
0.000
0.142
0.000
0.972
5.414
11.843
4.486
11.379
0.115
1.842
3.993
9.522
24.350
4.461
45.940
5.476
9.987
2.535
8.128
15.729
22.319
24.431
7.797
0.992
0.740
3.155
4.724
6.338
0.051
0.652
10.559
0.000
9.007
17.688
1.531
8.707
0.000
1.208
13.654
2.149
0.000
10.537
7.642
10.131
12.657
12.526
10.863
0.371
1.044
9.400
10.921
17.655
8.957
7.944
10.253
27.339
1.727
5.170
0.525
0.735
10.068
14.056
10.293
17.434
2.218
12.868
19.803
8.889
10.454
2.201
0.000
0.000
0.000
7.711
14.708
1.428
0.764
9.239
7.917
30.027
2.214
15.662
18.852
3.224
0.161
4.302
12.770
12.528
2.424
9.088
11.261
16.516
13.012
7.289
15.010
9.421
3.351
14.691
0.501
11.979
9.743
6.851
5.624
11.371
8.854
3.625
9.910
4.525
46.507
8.490
7.721
19.925
22.297
19.472
4.273
5.893
16.397
13.561
36.637
0.366
0.894
1.061
0.630
5.875
21.451
9.048
4.544
5.394
101.821
33.282
1.332
6.518
13.185
0.794
5.792
2.326
12.262
4.328
10.918
6.660
8.691
16.593
12.456
4.479
6.116
10.883
23.624
7.648
4.484
1.373
9.314
1.411
3.162
12.665
14.893
3.402
9.520
0.110
0.875
5.462
1.936
0.402
3.365
1.255
5.205
2.369
6.091
15.686
2.362
1.742
0.000
0.000
8.974
3.368
5.534
2.935
11.328
3.038
2.309
2.817
6.618
4.955
3.597
3.097
7.642
2.546
2.264
8.535
10.155
0.676
0.000
0.000
0.227
2.983
2.139
3.214
4.218
0.760
0.000
0.000
0.326
2.496
5.253
0.611
1.559
2.202
6.365
0.855
0.000
0.000
4.405
4.413
4.652
3.687
0.628
3.454
5.009
0.457
0.000
0.000
0.000
0.014
0.027
0.144
0.000
0.000
0.000
0.000
0.000
0.000
0.000
5.857
0.659
4.343
0.000
0.000
0.000
0.000
0.000
0.000
0.000
0.000
0.034
0.014
0.000
0.000
0.961
0.000
0.000
0.000
0.000
0.000
0.000
0.000
0.000
0.000
0.000
0.000
0.000
0.000
0.000
0.000
0.000
0.000
0.089
4.163
0.518
0.000
5.473
8.233
0.330
0.000
0.000
0.000
0.000
0.000
0.000
0.000
0.003
0.000
0.000
0.000
0.000
0.810
0.000
0.000
0.000
6.430
26.903
0.000
0.474
0.000
0.000
0.000
0.000
1.775
0.894
0.000
0.000
0.000
0.000
0.072
0.237
0.038
0.100
0.659
0.000
0.106
0.000
0.000
0.000
0.000
2.789
43.817
1.483
0.779
0.041
0.199
0.000
0.000
0.014
0.364
0.000
0.000
0.000
0.000
0.034
2.915
0.000
4.405
6.925
0.000
0.000
0.000
0.000
0.244
0.755
11.223
9.156
0.769
0.000
0.000
0.000
0.000
0.000
0.000
0.000
0.000
0.000
9.628
0.027
0.000
0.000
0.000
0.000
0.000
0.000
0.144
1.308
0.000
0.360
0.110
0.975
7.254
9.153
28.084
6.115
0.930
9.232
20.975
0.973
2.716
90.380
12.837
0.405
10.173
8.672
5.675
6.410
5.503
0.000
8.140
9.088
19.633
4.189
98.724
8.092
9.810
10.732
2.328
108.215
3.416
0.045
6.472
11.810
11.851
1.092
8.341
23.579
12.188
7.680
2.002
10.059
1.868
12.572
8.923
41.298
7.227
11.000
3.881
11.017
6.266
16.795
5.210
21.406
9.855
12.984
10.499
14.426
0.470
10.090
6.853
11.052
14.085
9.846
7.014
6.602
7.955
13.651
13.870
9.469
3.035
3.814
8.068
7.347
13.067
11.707
13.012
3.141
0.326
3.504
11.501
9.778
3.461
13.470
9.620
5.921
0.721
0.311
14.473
19.708
37.814
15.767
22.680
13.206
13.158
12.686
15.219
13.209
10.339
0.664
17.322
3.777
5.182
99.881
0.378
11.620
18.273
10.307
17.853
24.877
17.982
34.030
2.750
6.118
18.215
19.547
9.258
2.244
1.863
8.478
21.252
23.823
112.827
2.493
9.716
2.589
10.609
12.675
5.527
10.913
11.652
5.388
18.543
3.148
12.068
9.514
5.589
4.870
8.085
21.090
1.562
3.258
4.992
3.629
4.755
10.205
15.657
15.946
42.625
91.077
5.189
20.948
6.715
2.828
0.484
10.205
11.821
18.474
12.959
11.857
0.572
1.677
6.806
7.675
19.001
6.319
7.769
8.700
8.798
7.157
0.000
0.659
0.024
0.103
0.494
0.000
0.000
0.000
0.000
0.000
7.368
4.522
2.702
6.513
6.686
1.418
6.192
11.333
7.474
7.227
2.417
10.825
7.605
10.830
14.148
3.289
5.037
3.783
0.230
0.000
0.000
0.000
0.000
0.000
0.120
0.681
1.756
4.302
1.207
0.000
0.000
0.000
4.491
6.825
2.671
4.591
0.453
6.170
5.794
3.461
0.323
0.000
0.024
0.000
9.845
3.040
1.619
0.529
1.047
0.089
0.347
0.000
1.306
0.000
0.000
0.000
0.000
0.000
0.000
0.000
11.337
6.670
3.117
1.972
0.882
3.924
11.642
10.638
2.611
0.053
0.000
0.000
0.000
0.000
0.000
0.000
0.000
0.717
1.655
1.686
0.031
0.000
2.208
8.833
0.712
0.000
0.542
1.184
0.822
0.604
0.000
0.000
2.323
15.534
8.654
0.249
0.024
0.000
0.041
0.776
2.961
0.208
7.895
0.000
0.000
0.000
0.326
0.027
0.000
0.000
0.000
0.818
0.223
0.265
0.148
0.000
0.364
0.072
0.000
0.000
1.281
2.069
0.000
0.000
0.000
0.000
0.000
0.000
0.000
0.000
0.000
0.000
0.196
0.915
3.062
8.988
11.175
1.083
16.335
0.410
7.823
10.133
1.440
3.247
7.687
0.000
0.000
0.000
0.000
2.355
0.695
0.529
0.000
6.721
9.249
3.357
0.000
0.000
0.031
0.000
2.395
0.127
0.000
1.246
4.884
12.490
1.257
6.025
0.024
3.228
0.522
2.553
0.259
0.146
0.123
0.007
0.003
0.000
0.000
0.958
6.973
3.989
3.425
13.922
5.706
9.912
0.185
0.000
3.638
2.390
9.400
2.184
6.199
4.189
32.166
0.000
0.134
1.131
8.348
0.412
0.000
0.000
0.000
0.000
0.000
4.571
10.446
1.608
4.388
7.462
14.054
18.067
11.518
16.558
20.313
0.664
0.000
2.209
10.495
12.770
4.997
6.111
11.835
12.104
3.751
10.586
3.706
1.024
9.366
2.060
9.592
0.668
0.021
0.223
0.314
7.898
6.041
92.119
8.566
6.317
14.984
28.619
7.203
4.832
5.870
3.759
10.461
0.041
7.409
2.008
12.143
11.094
10.360
4.486
3.239
1.765
0.453
7.773
11.319
4.075
6.825
12.394
4.216
2.204
8.454
3.356
0.072
0.000
0.000
13.307
0.146
0.000
5.461
2.547
5.764
12.108
13.326
0.409
18.854
23.080
0.000
4.899
0.010
7.302
36.360
15.920
4.711
1.650
1.511
11.209
18.521
0.869
1.212
1.845
8.762
6.817
8.573
0.065
0.000
0.021
1.571
0.069
2.482
0.000
5.291
36.344
20.486
9.350
1.904
0.958
0.652
11.862
0.000
0.000
0.649
11.440
17.640
0.000
0.000
0.000
0.000
0.000
0.000
0.000
0.213
0.172
9.654
2.899
11.676
13.321
1.751
11.587
9.410
17.427
15.082
2.393
8.320
9.314
6.214
1.729
5.210
3.402
2.592
5.088
3.334
3.069
8.700
8.566
6.087
68.833
116.795
0.776
11.491
6.837
7.138
6.880
3.426
16.916
4.525
5.201
1.682
0.000
2.963
5.984
0.189
0.951
8.964
8.303
1.380
6.932
5.194
4.803
0.515
5.174
7.605
3.684
0.924
13.307
14.862
0.106
1.236
9.417
1.734
2.973
2.431
0.010
5.013
5.699
14.030
29.260
0.120
0.000
0.000
2.057
0.000
1.493
0.000
0.158
4.516
0.415
0.340
0.000
5.009
0.000
0.000
0.000
0.000
0.000
0.000
0.000
0.000
0.000
0.882
0.000
0.031
0.027
0.120
0.021
0.000
0.000
0.069
0.000
0.000
0.000
0.000
0.000
0.007
1.325
0.179
0.000
0.000
0.000
0.000
0.017
0.024
0.666
0.000
0.000
0.000
0.000
0.000
0.000
0.371
0.021
0.151
0.110
0.000
0.000
0.000
0.000
0.000
0.000
0.000
0.000
0.000
0.000
0.000
0.000
0.000
0.000
0.000
0.000
0.000
0.051
0.000
0.000
0.000
0.000
0.000
0.000
0.000
0.000
0.000
0.000
0.000
0.000
0.051
0.498
0.000
0.000
0.548
0.000
8.756
0.122
0.080
0.000
0.000
0.381
0.848
1.018
0.000
0.055
0.000
0.000
0.000
0.000
0.000
0.000
0.000
0.000
0.014
0.000
0.000
0.000
0.302
0.000
0.000
0.000
0.180
0.051
0.036
0.000
10.303
0.209
0.000
3.147
2.498
7.428
0.000
0.163
0.000
0.354
2.906
0.021
0.000
0.115
0.021
0.000
0.913
5.608
3.337
0.700
0.000
4.152
12.233
0.000
0.000
0.000
0.661
7.361
5.354
0.050
16.023
54.585
1.534
0.031
0.318
0.302
0.000
7.338
8.956
0.292
0.227
0.879
0.264
10.437
8.811
0.000
4.784
13.822
0.321
4.501
13.815
3.178
13.087
0.357
3.002
0.124
2.527
4.769
13.877
6.465
14.756
1.171
8.274
0.367
2.431
10.131
9.359
48.608
2.022
0.000
0.000
0.113
0.644
0.045
24.958
1.878
0.343
5.322
10.554
5.325
4.302
10.875
4.928
3.172
13.661
5.636
16.976
3.794
2.262
8.916
12.785
77.812
0.007
4.879
6.825
13.151
14.971
41.547
11.532
14.409
8.945
12.018
9.551
8.677
8.025
14.818
15.438
0.548
0.007
6.491
10.710
16.682
1.531
13.927
10.252
9.371
6.202
7.241
3.837
2.391
5.771
2.348
13.058
7.605
7.378
44.900
0.426
3.159
0.477
12.861
8.648
13.067
21.190
22.155
2.781
4.535
22.814
43.753
22.110
0.203
1.377
0.048
2.156
3.725
5.325
10.828
12.600
5.788
20.826
11.323
3.419
0.261
4.384
15.254
7.280
65.956
9.129
7.644
8.497
11.972
13.472
15.680
2.812
4.202
0.364
0.000
9.325
7.248
2.238
6.887
7.483
1.236
0.755
8.020
0.000
0.151
0.000
12.851
1.703
2.304
20.730
7.378
0.676
0.412
1.672
3.351
6.695
11.731
0.927
9.036
2.565
1.287
11.093
8.789
14.430
22.570
2.383
4.055
16.890
11.646
0.848
8.144
7.306
15.439
5.854
26.484
23.373
0.072
0.110
2.613
4.652
6.458
2.578
5.306
0.501
1.952
6.343
9.714
6.681
5.661
9.893
7.660
4.557
5.637
3.323
0.216
4.568
4.091
0.913
3.009
0.711
3.227
6.521
5.922
4.238
0.000
7.641
1.483
8.847
15.400
2.072
8.590
3.909
0.072
2.887
8.332
0.529
10.059
7.972
5.208
1.926
2.293
4.388
0.639
6.726
5.394
6.973
7.879
5.455
15.041
2.752
0.000
0.180
0.000
3.498
4.570
0.898
0.000
0.000
4.007
2.558
0.117
0.000
0.000
0.000
2.747
4.381
1.109
6.722
4.110
2.266
0.000
0.110
1.792
5.790
10.016
2.613
4.583
3.577
0.000
0.000
0.000
0.000
0.000
0.000
0.000
0.000
0.000
0.000
0.000
0.000
0.000
0.000
0.000
0.000
0.000
0.000
0.027
7.217
0.330
0.000
0.058
0.000
0.103
0.000
0.000
0.000
1.589
0.000
0.274
0.000
0.000
0.000
0.000
8.221
1.648
16.888
9.568
56.915
21.895
0.000
0.000
0.000
0.000
0.000
0.000
0.000
0.000
0.000
2.407
0.017
2.513
0.463
0.434
0.130
0.000
0.051
2.750
0.000
2.264
0.000
0.000
0.000
0.000
0.000
1.620
17.388
1.753
0.599
0.060
9.528
20.582
1.523
0.000
0.000
0.000
0.000
0.000
0.000
0.000
0.000
3.006
2.000
0.134
2.333
0.000
0.053
0.000
0.204
1.887
19.966
0.469
1.006
7.193
0.877
0.000
0.233
0.000
3.828
6.124
11.092
14.576
0.460
17.387
23.167
31.563
41.007
0.887
0.354
0.477
12.712
18.224
10.125
7.404
0.000
9.409
9.833
15.010
19.791
15.357
3.823
0.287
0.000
5.936
21.858
0.156
4.765
0.000
10.586
6.434
9.909
0.680
0.264
5.747
7.825
14.868
5.659
0.360
9.440
1.601
8.629
18.399
3.674
1.044
9.036
1.157
5.799
16.810
12.329
4.362
2.044
6.918
14.998
6.954
6.937
2.082
0.000
2.531
0.930
16.358
12.492
8.159
20.560
14.771
5.351
6.414
15.804
27.559
2.527
4.140
12.689
2.613
55.419
8.617
1.888
5.591
7.438
12.996
1.737
10.636
0.385
12.979
5.064
4.525
0.130
7.684
13.438
10.900
0.570
5.191
8.253
12.648
4.405
4.810
12.483
15.158
34.854
14.073
14.364
16.402
4.106
6.716
4.554
0.882
6.527
0.268
5.506
8.065
0.638
9.304
31.575
17.600
13.034
11.043
6.274
12.409
1.708
0.652
52.230
5.316
1.917
3.388
6.804
23.997
14.931
21.552
10.052
4.930
26.920
1.809
13.808
11.954
17.389
15.498
1.099
4.745
4.154
7.447
10.705
16.510
9.877
7.896
5.541
15.431
3.244
14.378
6.269
4.216
10.667
6.190
0.106
4.209
14.692
16.459
1.356
6.736
11.501
20.603
1.466
16.322
12.112
62.931
3.157
16.462
12.930
6.623
1.586
1.548
4.693
9.551
11.906
4.700
8.092
0.000
9.987
34.298
37.031
12.524
14.866
1.672
2.197
58.427
12.339
5.091
1.902
8.659
5.404
3.668
0.772
0.084
0.999
4.460
6.509
3.548
2.383
10.916
9.901
6.264
1.832
7.251
3.753
4.182
1.457
7.575
21.197
0.348
5.196
0.424
3.238
2.098
0.088
2.693
2.398
5.247
2.247
7.293
1.376
1.857
1.456
13.406
5.085
0.288
0.000
0.000
0.000
0.000
0.000
0.000
0.000
0.000
0.000
0.000
0.000
0.000
0.000
9.333
0.000
0.000
1.341
7.599
5.609
1.624
0.010
2.172
0.000
0.000
0.000
3.131
0.007
7.526
0.000
7.625
6.709
125.488
0.391
0.000
0.000
0.443
0.206
0.000
0.000
0.000
0.000
0.000
0.000
0.000
0.000
0.240
0.000
0.000
0.000
0.000
0.000
0.000
0.038
3.152
7.502
0.130
12.112
10.670
7.678
0.055
0.000
0.000
0.000
0.000
0.000
0.000
0.000
0.000
0.000
0.000
0.000
0.000
0.000
0.000
0.867
0.477
0.031
0.017
1.055
0.000
0.000
0.000
0.000
0.412
1.427
7.237
0.860
0.225
5.991
8.514
0.213
0.000
0.000
0.000
0.000
0.000
0.000
0.000
0.000
0.000
0.000
0.227
3.263
0.000
2.242
17.315
0.699
2.387
4.565
0.000
0.000
0.045
0.000
0.000
0.000
6.080
1.785
0.000
0.000
0.007
0.000
1.715
0.112
0.000
0.000
0.045
0.000
8.576
0.089
2.463
0.000
0.000
0.000
0.000
0.045
0.393
0.000
0.000
0.000
0.039
0.034
14.430
0.000
3.201
13.732
0.421
0.000
6.360
21.672
0.536
10.955
0.000
0.000
1.366
9.871
1.971
0.436
0.120
0.000
3.876
4.453
10.313
6.338
1.054
5.617
0.319
0.000
0.034
0.510
0.494
0.179
2.664
1.964
9.229
4.111
14.732
1.645
0.065
0.000
0.021
0.000
3.914
0.007
0.000
5.426
3.203
0.055
10.109
14.488
12.160
1.699
5.878
16.212
8.494
4.741
0.096
0.000
0.182
3.255
0.154
0.000
18.539
8.408
4.978
2.915
0.000
0.000
1.955
0.000
2.949
6.024
5.146
0.000
0.010
14.705
2.953
5.449
7.912
7.062
1.208
12.770
10.480
0.041
9.575
2.417
0.731
12.494
5.030
6.999
3.038
5.758
6.376
9.774
18.162
34.264
0.048
21.557
5.790
8.834
4.041
3.976
10.777
31.019
10.224
6.125
18.124
2.719
17.976
10.476
4.827
6.269
79.716
1.126
8.022
13.482
1.421
2.211
6.015
5.479
6.097
0.069
3.066
23.473
10.348
0.422
39.819
5.682
14.351
1.741
10.559
22.628
2.587
34.940
17.556
0.628
4.408
6.733
4.336
3.498
17.630
27.341
10.736
1.584
3.557
6.417
8.887
8.312
12.566
18.280
90.282
7.669
5.035
23.425
16.745
9.204
8.830
10.265
8.429
7.318
6.875
2.637
11.474
8.775
9.469
1.246
2.736
10.447
5.922
11.120
16.665
1.864
2.044
13.844
11.230
24.719
1.645
0.203
3.179
0.000
4.295
11.934
12.816
4.292
4.697
9.459
13.063
4.240
1.291
4.762
5.373
3.244
3.416
3.358
6.733
6.939
5.174
2.101
4.486
1.341
1.993
4.618
4.932
1.466
6.949
2.081
3.057
5.294
3.653
4.096
7.419
5.778
4.824
6.714
2.475
9.076
10.880
1.451
6.396
5.830
-99.000
0.041
1.315
0.000
0.000
0.000
0.000
2.656
2.165
0.323
2.860
0.172
0.041
6.544
6.527
0.000
0.000
0.000
0.000
0.000
0.000
0.000
0.000
0.000
0.000
0.000
0.000
0.000
0.000
0.000
0.000
0.000
0.000
0.000
0.000
0.000
0.000
0.000
0.000
0.000
0.000
0.000
0.000
0.000
0.261
0.076
5.086
0.151
0.000
0.000
0.000
0.000
2.015
0.165
0.000
0.000
0.000
0.000
0.000
0.000
0.000
0.000
0.000
0.000
0.000
0.003
0.000
0.000
0.306
0.000
0.000
0.100
0.000
0.486
0.000
5.890
1.857
0.000
0.000
5.981
2.568
1.325
0.000
0.000
2.262
0.000
0.000
0.007
0.467
0.000
0.000
2.836
0.007
0.031
0.000
0.000
0.000
0.483
9.750
0.146
0.000
0.000
0.000
0.065
0.039
0.245
0.079
18.431
1.188
1.444
3.573
0.024
0.000
0.088
0.000
0.000
0.000
0.000
0.000
0.000
0.139
0.000
0.000
0.000
0.000
0.000
0.000
0.031
0.189
0.000
0.000
0.000
0.000
1.732
0.851
0.326
0.000
0.000
0.000
0.062
0.506
4.635
7.840
1.459
0.422
7.314
12.638
0.034
0.000
0.000
0.000
2.898
0.000
0.000
0.184
0.000
0.000
9.459
11.400
12.988
1.708
40.220
2.943
0.681
0.134
10.066
0.000
0.000
0.000
0.000
0.091
5.967
0.968
0.000
3.591
0.113
12.954
24.863
3.788
4.949
10.199
12.622
15.456
18.079
15.669
7.878
14.172
89.739
2.014
0.000
0.695
8.441
10.257
80.763
5.224
1.348
1.182
1.960
0.021
2.281
4.259
18.467
8.134
23.350
23.643
12.067
0.319
4.685
-99.000
-99.000
-99.000
-99.000
-99.000
-99.000
-99.000
-99.000
14.955
5.291
8.978
7.993
12.088
4.841
3.490
10.099
22.055
3.409
3.059
5.747
2.249
1.840
16.672
15.446
29.021
1.033
0.948
0.827
9.208
13.093
9.555
7.234
6.688
13.915
9.421
12.864
1.586
1.051
3.557
0.094
12.112
66.206
3.286
0.000
0.160
7.052
14.354
8.314
0.038
0.000
0.000
0.000
0.000
0.000
2.891
1.751
18.912
10.567
47.114
1.152
8.469
12.749
16.109
8.454
8.714
8.199
7.738
0.930
1.844
15.070
42.242
1.339
17.077
6.966
1.717
5.564
9.596
20.875
0.017
0.000
0.000
0.000
0.000
0.000
0.000
2.661
18.160
8.320
9.865
14.675
5.052
6.319
0.954
3.783
8.641
3.972
3.860
9.582
18.157
5.344
3.370
0.561
0.216
6.076
3.454
6.437
12.004
9.781
3.426
0.000
1.192
4.158
9.774
5.758
17.061
15.710
0.973
1.003
9.421
8.659
2.503
1.049
2.324
7.062
7.742
4.613
5.555
5.659
0.522
6.533
2.475
3.838
2.008
8.410
10.061
2.166
10.804
0.055
0.000
0.000
0.000
0.103
3.186
6.527
5.637
6.293
1.375
2.434
3.825
4.875
0.518
0.007
0.137
0.000
0.000
0.000
0.000
0.000
0.000
2.616
0.261
0.000
5.658
0.082
4.089
5.150
3.028
0.886
0.000
0.000
0.302
6.516
0.597
2.238
12.931
2.111
0.000
0.000
0.000
0.000
0.000
0.000
10.842
0.007
0.000
0.000
0.000
0.000
1.112
3.656
8.340
4.954
0.069
0.000
0.000
0.000
0.000
0.740
2.302
3.219
4.013
0.000
0.000
0.000
0.000
0.000
0.244
0.952
3.924
0.000
0.000
0.000
0.000
0.000
0.117
0.000
0.000
0.000
3.330
0.000
0.000
0.000
0.000
0.000
0.000
0.021
0.148
0.000
0.000
0.000
0.000
0.000
0.003
0.591
0.000
0.000
0.003
1.066
0.000
0.000
0.000
0.000
0.000
0.000
0.000
0.000
0.000
0.000
0.000
0.082
0.046
0.000
0.000
0.021
0.000
0.000
0.000
0.000
3.644
0.270
0.000
0.081
0.202
0.000
0.000
0.000
0.000
1.701
0.047
0.000
0.000
0.110
0.048
0.726
0.469
2.206
0.000
0.000
0.736
0.324
0.000
0.000
13.266
0.000
0.000
0.000
0.331
3.150
0.000
0.077
0.000
0.000
0.000
0.584
0.000
0.000
0.580
8.053
0.000
7.205
44.041
5.452
1.554
0.402
0.000
0.000
7.289
42.368
5.481
0.000
0.077
0.014
0.587
0.007
7.024
4.041
0.000
0.113
0.017
0.007
0.000
0.000
20.455
3.704
6.290
0.041
12.871
21.574
27.081
0.017
10.452
13.142
4.470
14.615
0.038
0.000
12.281
16.316
4.043
11.306
4.597
0.415
5.943
5.067
0.003
13.994
4.820
13.966
0.481
0.220
0.110
14.020
0.498
4.322
4.116
1.071
4.752
0.051
0.086
14.176
0.642
0.542
6.269
13.537
5.625
5.826
3.311
0.027
0.000
7.718
13.345
1.828
7.958
8.178
1.032
0.000
0.645
0.000
22.996
39.291
5.043
7.678
3.737
3.296
9.673
5.407
8.559
5.347
4.348
2.166
4.269
12.441
14.401
9.757
2.744
5.251
29.265
2.856
2.194
8.264
8.667
1.584
4.452
11.266
3.933
0.010
0.170
9.759
5.206
3.344
1.224
4.714
10.696
17.351
18.108
8.631
0.965
8.054
23.360
13.904
0.698
13.769
11.438
12.269
5.297
8.064
5.382
9.430
12.602
13.296
13.980
9.294
4.652
0.189
7.059
9.733
7.399
0.000
3.763
1.940
11.199
8.511
0.069
10.801
5.747
6.211
2.383
4.068
5.778
0.007
0.875
12.432
17.576
6.915
3.720
3.643
13.139
0.558
7.182
3.711
13.812
7.515
5.424
4.082
19.024
8.648
2.714
25.624
2.641
10.866
14.749
5.091
10.490
6.592
2.719
15.960
0.572
9.270
3.674
4.065
8.532
13.439
1.749
11.905
2.117
21.695
0.577
13.220
3.686
6.593
7.836
7.320
0.263
0.096
0.000
2.929
0.388
2.544
5.651
2.542
0.127
8.478
4.237
8.621
4.360
2.740
5.507
0.000
7.167
1.236
5.273
2.863
2.953
8.542
8.120
6.077
5.292
3.373
8.875
0.402
0.010
1.799
2.980
2.242
67.044
4.934
0.117
0.000
4.873
0.469
0.000
0.000
3.326
1.370
0.031
0.000
0.000
0.000
0.017
0.000
0.000
5.057
3.684
4.226
0.067
2.202
1.732
0.000
6.420
1.148
4.808
2.427
1.777
0.000
1.444
3.454
0.352
0.014
0.000
3.553
2.499
8.471
0.405
0.003
0.000
0.000
0.000
0.000
0.000
0.000
0.000
0.000
0.000
0.000
0.000
0.000
0.000
0.000
0.000
0.000
0.000
0.000
0.000
0.000
0.000
0.000
0.000
0.000
0.000
0.000
0.000
0.000
0.000
0.000
0.000
0.000
0.000
0.000
0.000
0.000
0.000
0.003
0.003
0.007
0.000
0.000
0.000
0.000
0.000
0.000
0.000
0.000
0.000
0.000
0.000
0.010
0.000
1.305
0.000
0.000
0.000
0.000
0.000
0.000
0.000
0.000
0.000
0.470
0.000
0.000
0.000
13.546
9.270
23.298
0.076
0.000
0.000
0.000
0.000
0.000
0.985
5.816
0.134
0.096
0.357
0.000
0.000
0.000
3.320
0.000
0.000
7.661
2.287
0.000
2.075
2.784
5.325
0.000
0.498
1.665
0.000
0.000
0.000
5.393
0.000
6.741
17.015
3.147
16.964
0.000
0.000
0.000
0.000
0.000
0.000
0.000
0.000
0.290
2.511
4.307
0.000
0.136
0.000
0.285
0.115
7.831
9.432
4.631
0.522
0.003
0.048
2.281
2.414
7.733
3.280
2.527
5.404
6.779
8.248
31.781
141.516
0.606
0.201
0.204
6.465
19.504
7.960
37.772
9.271
5.485
9.594
0.299
8.529
17.152
12.147
0.506
14.571
62.795
15.726
1.208
10.645
8.148
46.151
9.474
2.954
2.347
7.052
28.458
4.827
12.032
0.161
7.502
8.334
7.318
15.589
5.387
12.239
2.385
1.968
3.983
15.171
5.265
0.055
11.227
2.367
8.267
9.531
1.018
0.584
1.799
3.675
1.789
8.302
4.094
6.923
16.122
29.608
39.219
44.687
17.053
2.237
4.954
1.360
7.169
5.309
8.058
2.465
15.479
1.971
9.520
22.127
12.981
4.353
5.634
0.460
0.924
2.491
8.861
3.601
8.470
9.606
7.484
0.106
6.575
0.031
0.000
13.723
16.334
0.984
4.319
4.621
20.069
10.993
12.713
106.595
4.171
0.175
4.949
9.726
2.836
0.978
13.125
1.892
11.124
2.486
6.400
1.772
0.838
5.318
17.101
4.407
0.556
14.711
13.822
7.330
4.899
21.640
29.498
5.421
3.625
3.334
6.049
3.804
7.230
11.228
3.557
23.109
1.603
4.757
1.693
7.763
4.243
9.689
6.149
15.916
9.929
8.030
9.479
5.651
4.449
5.847
1.768
0.680
15.776
19.353
25.636
7.910
1.813
0.175
1.449
12.219
1.837
1.833
17.554
6.602
15.477
12.727
9.798
23.446
33.548
8.193
8.442
8.029
7.673
52.372
0.014
0.000
0.000
0.000
0.000
0.263
7.045
6.520
11.486
5.380
5.679
0.252
0.086
0.000
0.000
0.000
0.000
0.100
0.247
1.964
0.999
9.018
2.597
7.632
9.254
10.500
0.069
4.489
1.263
7.977
0.427
2.383
3.447
1.564
4.896
6.183
0.386
0.000
0.000
0.800
2.940
5.297
7.253
0.392
0.000
0.000
0.000
2.741
0.863
1.919
2.422
0.034
0.021
2.226
10.703
2.134
7.328
7.456
0.017
1.251
0.000
0.000
0.000
0.000
0.000
0.000
0.000
0.000
0.000
0.000
0.000
0.000
0.000
0.000
0.000
0.000
0.000
0.000
0.000
8.957
7.706
1.859
1.210
0.098
1.035
7.259
4.013
3.483
0.007
0.000
0.446
0.831
0.000
0.000
0.003
0.000
0.000
0.000
0.000
0.000
0.000
0.000
0.017
0.395
0.000
0.000
0.000
8.792
0.958
0.072
0.000
0.000
0.000
0.000
0.000
0.000
0.185
3.886
2.402
0.000
0.000
0.000
0.129
0.000
0.142
0.027
0.000
0.000
0.000
0.000
0.000
1.441
0.000
0.000
0.000
0.000
0.000
0.041
0.000
0.000
0.748
0.134
0.000
0.000
0.003
0.000
0.726
0.656
0.000
0.000
0.000
4.089
0.000
0.000
0.000
1.016
0.021
0.000
1.658
11.350
0.045
0.000
0.000
8.722
0.000
0.000
0.000
0.230
2.010
8.236
3.444
4.079
15.772
1.325
0.000
0.000
0.402
67.865
0.321
1.796
8.412
120.244
34.700
7.852
4.264
9.825
16.819
12.938
1.207
0.000
2.408
2.014
0.000
0.000
0.000
0.295
2.343
11.651
6.276
17.247
8.341
5.582
0.117
0.000
4.070
7.184
6.139
0.000
0.000
0.161
0.000
0.151
6.892
0.958
3.473
21.798
3.301
0.007
7.965
12.645
3.904
24.398
22.944
0.096
0.000
6.757
8.007
1.351
4.841
15.450
5.499
0.999
22.783
11.453
6.762
6.877
3.610
15.022
13.105
5.929
28.149
1.665
20.215
11.168
10.192
7.965
6.170
6.190
8.777
7.805
68.711
7.157
1.315
6.291
5.491
10.212
26.163
102.983
4.841
7.402
2.012
13.676
7.678
11.297
8.635
6.271
8.375
14.190
11.345
27.121
6.085
7.529
6.238
9.721
10.933
5.188
10.588
15.729
20.689
6.240
13.751
23.702
13.102
20.956
6.277
3.732
15.452
20.608
24.992
8.255
5.647
1.105
5.915
4.129
0.306
15.613
1.943
3.040
9.404
3.121
18.797
23.785
14.275
4.128
15.810
6.722
8.514
1.205
2.534
9.390
14.353
1.384
0.065
10.501
9.871
9.841
14.888
0.510
10.880
10.202
10.387
5.344
10.986
5.255
2.558
8.494
7.639
15.980
14.804
0.704
8.878
6.866
4.094
8.528
2.578
15.038
0.355
3.505
10.018
14.327
10.634
2.599
1.888
8.319
4.700
9.359
0.652
7.546
0.127
0.151
3.354
12.892
5.593
10.420
7.069
8.339
0.680
1.579
13.019
16.874
2.194
5.627
13.970
6.887
2.486
9.304
13.105
11.944
0.350
11.347
5.922
5.229
11.316
4.515
0.062
3.522
6.729
0.000
0.000
0.000
0.000
0.000
0.000
0.000
1.847
0.000
6.746
1.713
10.707
14.557
22.216
6.700
4.369
4.966
1.778
7.944
7.461
0.312
0.000
4.441
2.120
0.055
0.000
0.000
0.000
0.000
0.000
0.000
0.000
0.000
0.031
0.000
3.689
10.521
7.146
4.274
0.520
0.000
0.000
0.000
0.000
0.000
0.144
0.000
0.000
0.000
0.000
0.000
0.000
5.255
3.365
0.302
0.000
0.000
0.000
0.000
0.010
0.000
0.000
0.000
2.946
0.014
0.000
0.000
0.000
0.000
0.000
0.000
0.000
0.000
0.000
0.000
0.000
0.000
0.000
0.000
0.000
0.000
0.000
0.000
0.000
0.000
0.000
0.000
0.000
0.450
0.000
5.943
4.782
4.159
1.516
0.076
0.000
0.000
0.000
0.000
0.000
0.000
0.237
0.000
1.720
0.027
0.000
0.000
0.379
1.163
0.000
0.014
0.386
3.397
0.051
2.899
0.000
0.000
10.083
0.031
0.000
0.000
0.000
0.000
0.000
0.000
0.046
0.000
0.668
1.627
0.000
0.000
0.000
0.879
0.000
0.000
0.223
0.000
1.943
0.000
0.000
1.246
0.505
0.000
0.000
0.000
0.000
0.000
0.127
0.000
1.281
5.579
12.756
0.000
17.104
10.090
7.907
0.546
6.636
12.907
6.866
0.000
0.000
0.000
0.000
0.000
0.165
0.053
0.000
1.239
0.000
4.684
0.836
2.849
0.000
9.856
7.203
0.469
0.676
0.000
0.000
0.064
2.415
0.259
0.158
0.137
9.506
0.165
1.274
8.331
7.852
4.513
14.869
0.985
1.925
0.000
3.614
14.567
0.000
12.202
12.009
18.055
8.875
3.045
0.642
0.364
0.000
8.346
17.382
2.863
7.811
8.029
1.425
151.464
4.219
5.854
0.632
6.798
6.880
17.233
7.951
12.964
21.798
0.230
3.255
24.616
76.324
1.809
7.018
4.451
13.125
19.140
10.636
11.884
9.062
4.123
12.621
6.518
7.244
4.829
1.929
6.480
11.985
19.805
13.166
2.216
1.286
8.574
3.112
0.539
13.366
13.510
6.642
3.071
0.311
14.497
2.032
6.115
0.771
0.896
9.510
1.250
3.248
4.861
3.852
0.072
4.295
12.277
7.821
7.926
29.758
1.174
6.746
1.703
0.000
16.758
15.443
0.494
13.891
8.837
12.284
9.035
4.297
13.832
1.490
3.346
1.016
1.657
1.792
7.423
12.303
11.451
5.891
16.497
10.715
11.417
13.041
12.204
68.162
0.910
8.090
1.105
6.525
11.048
8.267
6.351
15.470
40.603
4.846
5.570
0.566
0.625
9.086
1.943
1.322
0.498
0.000
2.427
8.906
3.972
4.137
9.306
8.954
1.693
1.634
12.703
7.048
13.287
0.271
3.452
6.365
8.003
10.231
2.644
11.793
1.301
5.689
21.677
0.010
0.316
0.628
5.545
4.879
6.561
1.875
6.135
10.540
3.828
3.049
10.945
10.279
11.484
16.524
12.830
0.179
1.559
1.006
0.680
1.717
0.000
0.946
1.717
12.469
2.002
3.502
0.000
0.000
0.151
7.340
8.535
1.123
3.433
0.086
0.076
3.801
2.348
3.474
7.119
3.265
4.027
0.031
2.949
1.569
4.230
8.058
14.718
3.502
0.000
0.000
0.000
0.000
0.014
0.000
0.409
0.000
5.658
1.092
5.140
2.273
5.040
4.576
4.614
2.709
0.000
0.000
1.723
0.000
0.014
0.017
0.000
0.000
0.000
0.000
0.000
0.000
0.024
0.000
0.000
0.000
0.000
4.142
7.649
0.824
0.000
0.000
0.000
0.000
0.594
0.094
0.000
0.000
0.045
0.000
0.000
0.000
0.000
0.000
0.000
0.000
0.000
2.779
5.428
0.000
0.000
0.000
0.000
0.000
0.000
0.000
0.000
1.045
0.175
0.000
0.000
0.000
0.000
0.000
0.000
0.000
0.000
0.000
0.000
0.000
0.000
0.000
0.000
2.370
0.000
0.000
0.000
0.000
0.000
0.000
0.000
0.000
0.000
0.000
0.014
0.443
0.669
0.000
0.264
0.038
0.000
0.000
0.048
0.000
0.065
0.900
5.112
0.611
0.000
0.000
0.000
0.000
0.000
0.000
0.000
0.151
0.000
0.000
0.000
0.000
0.463
0.426
0.007
0.048
0.000
0.000
0.000
0.000
0.000
0.000
0.021
0.000
0.000
0.000
0.034
0.649
0.338
0.247
0.570
1.682
0.014
7.457
0.400
3.217
20.242
1.682
0.051
3.691
0.079
9.029
3.787
0.000
0.000
0.227
3.241
0.189
5.955
0.000
0.000
0.000
0.017
2.616
9.105
1.844
3.699
0.072
1.662
14.490
13.614
0.082
4.125
0.000
1.960
3.595
5.229
52.070
0.821
0.364
0.000
1.878
10.751
6.775
0.000
0.857
4.810
0.728
0.000
0.000
1.051
0.287
0.815
13.981
12.955
2.630
2.390
5.011
6.591
1.033
4.402
18.696
1.620
8.420
12.365
0.233
0.673
11.709
0.196
19.899
2.491
0.747
5.495
4.410
10.782
3.804
0.275
3.882
0.000
3.601
8.587
4.786
1.027
2.777
0.189
0.000
0.000
11.573
0.412
9.455
8.947
11.711
0.950
15.420
11.129
0.144
0.000
2.941
0.021
2.465
0.280
0.283
0.618
0.000
0.000
0.117
0.000
0.000
0.000
0.000
2.211
0.110
0.755
0.481
2.728
48.978
4.975
13.604
33.366
8.240
9.733
0.017
12.085
2.836
10.202
0.573
5.926
10.513
10.307
17.130
9.616
2.139
3.813
4.080
6.884
13.331
3.601
13.231
9.694
2.725
3.020
11.000
11.975
11.970
9.417
14.758
4.618
6.933
3.890
5.658
16.670
0.014
6.468
8.217
23.406
0.556
0.000
0.000
0.000
9.340
1.540
11.316
3.819
8.264
1.198
4.292
17.685
3.492
7.797
15.477
9.675
10.643
12.430
7.979
8.944
12.396
20.072
31.026
0.893
0.082
1.744
6.832
5.438
7.139
11.700
15.834
11.984
27.874
2.110
11.199
2.506
0.000
0.000
4.997
11.548
5.236
2.146
6.947
0.894
7.436
14.715
6.161
1.215
1.880
0.144
4.673
1.929
4.504
0.000
6.628
4.316
4.635
4.352
0.010
3.964
4.776
7.265
1.801
0.000
0.000
0.000
2.458
9.636
7.066
6.887
2.242
0.354
1.845
0.465
0.000
0.000
0.000
3.837
3.365
0.120
0.000
0.000
0.000
0.003
0.000
0.000
0.000
0.000
0.000
0.000
0.415
0.000
0.000
0.000
0.000
0.000
1.128
4.230
5.756
5.505
2.369
0.676
0.762
0.000
2.620
0.306
0.000
0.000
0.000
0.000
0.000
0.000
0.000
0.000
7.124
11.124
2.256
4.168
0.000
0.000
0.000
0.000
0.000
0.000
0.000
0.000
0.000
0.000
0.000
0.000
0.000
0.490
0.000
0.000
0.000
0.000
0.000
0.000
0.000
0.000
0.000
0.000
0.000
0.000
0.000
0.000
0.084
0.000
0.257
2.043
0.191
0.000
3.152
6.113
0.000
0.017
0.003
0.104
0.000
0.003
0.256
8.315
1.324
3.315
0.786
6.300
2.824
0.206
0.343
0.513
0.000
0.000
6.884
0.104
2.759
18.114
65.527
0.000
0.187
2.313
5.929
0.000
0.000
1.208
0.000
0.000
1.083
0.007
0.000
0.000
0.024
0.000
0.469
1.847
0.584
0.000
0.039
0.261
2.786
6.635
2.065
5.733
3.243
0.000
0.000
0.000
0.000
0.033
0.283
0.000
3.564
9.826
0.027
0.000
0.000
0.639
0.000
0.000
0.000
0.003
0.915
0.456
0.000
0.000
0.000
0.117
0.161
0.000
0.000
0.594
1.545
0.000
2.884
0.014
3.934
6.853
0.000
0.000
8.741
6.211
12.796
6.890
47.054
5.668
9.694
9.239
2.997
19.205
39.314
0.470
0.082
1.373
0.196
18.953
12.741
15.975
1.140
8.655
5.486
16.390
7.460
2.880
8.047
16.849
12.839
0.000
0.299
19.140
9.074
15.365
2.642
1.984
0.639
5.982
8.786
7.725
8.236
4.686
0.027
0.000
1.109
0.790
4.865
26.237
30.472
2.390
3.807
11.304
6.484
6.592
6.506
3.694
13.362
5.962
4.958
15.542
16.241
4.700
3.323
13.935
5.122
5.291
14.756
7.704
17.695
10.083
11.958
5.323
28.592
2.026
8.992
10.612
13.491
9.565
9.184
10.935
0.455
23.475
21.325
7.569
21.149
9.464
7.732
3.672
0.394
13.609
10.633
8.779
21.353
13.699
2.488
5.133
17.233
5.601
2.027
0.975
0.984
7.421
4.142
6.185
5.097
18.333
5.412
3.703
1.115
9.155
6.500
4.360
16.500
101.676
11.162
8.674
4.480
15.810
14.191
9.338
7.948
11.579
1.083
16.996
8.909
10.605
15.290
19.667
208.368
3.907
8.756
15.293
59.620
15.741
11.786
6.005
28.462
7.109
9.350
6.568
13.565
16.155
15.422
4.092
0.810
3.516
23.137
6.492
0.154
7.478
6.705
5.824
1.203
7.060
7.460
77.781
8.360
12.313
12.018
1.092
1.933
2.891
2.122
12.953
6.475
5.883
3.442
4.305
1.528
4.824
0.632
7.697
6.935
12.469
8.175
7.368
7.690
0.000
0.388
0.584
3.904
16.644
0.000
0.000
0.000
0.000
0.000
0.103
0.539
3.814
9.596
3.069
8.583
28.794
5.201
0.000
0.007
0.000
2.545
1.844
1.694
0.000
0.972
0.000
5.883
4.503
8.506
0.687
0.010
0.000
0.000
0.000
5.014
5.213
5.334
0.414
0.110
0.000
0.000
0.000
0.000
2.225
2.530
0.312
0.251
0.000
0.913
1.179
0.700
2.911
5.538
4.478
0.000
0.000
4.461
0.290
0.000
0.000
0.000
0.000
1.265
0.000
0.000
0.000
0.000
0.000
0.000
0.000
0.000
0.000
0.000
0.000
0.000
0.000
0.000
0.000
0.000
9.139
0.422
0.000
0.000
0.000
0.000
0.000
0.000
0.000
0.000
0.000
2.584
2.646
0.000
0.000
0.692
0.000
0.316
0.064
12.547
0.441
0.000
0.000
1.451
0.170
0.000
0.000
0.000
0.000
0.000
0.000
0.239
0.000
0.000
0.000
0.000
0.000
0.000
0.000
0.062
0.000
0.656
0.000
0.027
0.354
0.000
0.000
0.000
0.014
0.000
0.000
0.000
0.000
0.000
0.405
0.007
0.137
0.360
0.082
0.000
0.000
0.000
0.161
0.079
3.804
0.000
0.000
1.308
1.682
0.000
0.000
0.000
0.000
0.000
0.776
0.000
0.058
0.000
0.000
0.457
8.926
4.158
9.689
0.076
9.136
1.466
3.457
6.283
1.102
17.551
4.731
4.336
15.583
12.274
96.426
6.266
3.904
4.298
0.151
0.000
1.799
7.927
6.509
9.266
6.046
13.769
11.283
11.853
1.150
11.005
3.074
16.768
6.556
0.024
0.185
0.000
0.000
4.988
3.519
18.938
23.782
1.081
1.336
0.000
13.168
1.893
7.855
2.006
8.959
4.758
17.491
7.445
5.711
8.422
10.785
0.227
0.000
4.477
1.366
12.878
52.231
4.231
0.211
21.080
8.875
9.646
3.238
8.149
8.853
6.200
6.626
1.468
0.000
0.378
3.919
5.989
0.000
0.000
2.317
14.723
28.046
9.457
7.309
10.458
35.359
10.339
1.473
11.433
3.948
8.370
10.015
2.565
1.130
5.074
3.250
56.607
22.311
3.636
8.765
12.239
9.108
4.728
1.291
4.044
25.499
3.701
10.214
7.565
12.114
2.609
3.639
7.646
18.529
50.973
14.680
5.548
15.319
9.483
12.222
2.486
7.639
7.582
13.070
12.687
5.601
4.786
8.703
7.841
12.445
8.370
8.216
10.327
21.338
42.646
1.172
7.488
9.510
20.047
0.261
0.027
0.007
1.531
0.000
0.333
0.106
2.674
10.557
1.459
12.078
5.164
10.004
17.491
69.440
11.731
9.744
4.310
2.613
9.053
8.322
6.303
12.643
3.136
5.246
5.150
1.607
3.540
4.127
10.871
6.200
5.874
12.080
16.754
37.619
0.318
7.203
12.588
1.924
3.634
4.922
20.503
6.030
1.147
12.664
9.227
4.936
4.013
7.944
11.337
0.527
3.699
7.133
13.620
9.129
4.269
12.439
3.907
3.795
3.042
5.936
3.646
10.471
3.474
4.527
8.882
6.291
2.312
5.608
0.982
0.000
0.000
0.000
0.000
0.000
0.299
3.621
2.815
4.274
14.219
3.617
12.918
4.304
0.103
8.191
6.800
4.683
1.708
5.126
4.834
3.801
9.871
0.000
0.371
3.042
9.548
0.937
0.000
0.000
0.000
0.412
7.163
1.792
0.141
0.491
5.637
1.301
4.607
7.469
0.000
0.000
8.315
5.718
1.418
0.000
0.000
0.000
0.000
0.476
0.000
6.276
2.820
0.000
0.000
0.000
5.265
0.000
0.000
0.000
0.000
0.000
0.000
0.000
0.000
0.000
0.000
0.000
0.000
0.000
0.769
12.274
4.992
2.991
0.000
0.000
0.000
0.000
0.000
0.000
0.000
0.000
0.000
0.000
0.000
0.000
0.000
0.000
0.000
1.784
0.300
0.000
0.000
0.000
0.000
0.000
0.000
0.000
0.000
0.000
0.000
0.000
0.000
0.000
0.000
0.000
0.076
0.000
0.003
0.000
0.022
0.000
0.000
0.000
0.000
0.000
0.000
0.000
0.000
0.000
0.000
0.412
0.003
0.000
0.000
0.000
9.677
2.263
3.823
0.093
0.031
0.398
0.000
0.010
0.376
0.000
0.000
0.264
0.003
1.057
5.703
1.531
1.653
8.612
0.184
0.000
0.604
0.407
0.000
0.000
0.000
1.996
0.062
69.561
7.086
0.458
0.000
0.000
0.000
0.091
1.342
4.920
3.912
0.000
0.098
0.395
0.000
0.000
0.000
13.928
1.140
0.678
16.702
18.922
2.760
0.089
0.000
3.849
0.373
0.068
0.000
0.000
0.007
2.123
0.000
0.050
5.278
0.000
0.038
0.312
0.000
0.000
78.413
0.197
0.000
1.076
1.208
0.295
0.403
15.680
9.826
20.402
3.952
13.256
4.707
16.751
25.329
10.051
11.733
5.957
4.932
7.179
4.058
18.838
12.178
5.390
11.850
6.372
9.278
3.895
0.206
0.000
3.124
0.714
9.141
44.584
14.437
5.332
1.524
2.839
15.127
14.995
4.425
2.872
1.530
12.985
1.239
14.462
5.764
0.839
0.025
0.129
0.000
0.000
0.031
5.346
7.469
0.881
9.659
18.296
2.286
12.936
13.680
3.696
11.321
0.723
10.719
2.678
4.082
9.292
11.472
14.219
8.298
0.274
0.000
5.191
4.710
0.079
4.297
14.577
2.966
1.782
9.768
3.897
52.146
2.094
6.702
11.898
4.534
29.275
18.028
8.660
4.364
0.627
26.645
12.802
3.747
1.662
12.003
2.482
2.887
2.422
2.137
16.971
9.833
13.292
12.561
8.724
7.035
3.104
17.321
1.880
10.034
11.129
11.910
51.661
20.095
2.339
4.826
11.379
1.083
5.079
7.127
5.984
0.189
5.591
10.047
4.837
2.651
4.964
5.885
0.340
0.000
11.038
20.119
9.182
18.103
7.934
11.807
9.211
4.024
8.621
12.415
3.598
1.342
0.000
0.000
1.463
3.193
7.227
6.911
7.982
3.716
3.169
0.000
0.000
0.232
0.000
0.774
4.439
3.169
5.957
9.520
9.414
6.118
12.411
13.417
9.572
6.365
4.700
6.890
0.000
0.000
0.000
5.668
1.027
1.723
14.011
15.772
5.579
9.824
2.939
0.058
14.169
1.318
0.031
0.014
0.168
0.000
0.000
0.000
0.000
0.014
7.605
1.119
1.306
1.950
0.821
0.000
2.060
6.761
4.529
7.493
3.766
3.555
0.000
0.000
0.000
0.000
0.000
0.003
0.627
2.642
0.000
0.000
0.000
0.000
0.000
3.986
13.778
5.632
6.463
0.000
0.003
0.000
1.538
2.795
2.043
0.045
0.000
0.000
5.006
1.789
1.868
4.343
0.863
0.000
0.000
0.000
1.152
0.024
0.000
0.000
0.024
0.000
0.000
0.000
0.000
0.031
0.000
0.000
0.000
0.000
0.230
3.323
0.000
0.000
0.053
0.000
0.000
0.000
0.000
0.000
0.000
0.000
0.000
0.000
0.000
0.017
0.000
0.000
0.010
0.000
0.000
0.000
0.000
0.000
0.000
0.000
0.000
0.000
0.000
0.000
0.000
0.000
0.000
0.000
0.000
0.000
0.000
0.000
0.000
0.000
0.000
0.000
0.779
5.682
0.000
0.477
0.467
1.871
0.196
0.000
0.000
0.000
0.000
0.000
0.000
0.014
0.244
0.000
0.000
0.127
0.532
0.014
0.683
0.000
0.000
0.000
0.000
0.000
0.000
0.000
0.107
2.768
6.508
0.525
3.739
8.723
14.133
0.319
0.427
0.017
3.584
0.014
0.000
0.022
0.000
0.000
0.067
0.062
0.000
5.775
9.999
25.763
9.895
0.000
0.000
0.000
0.010
1.679
0.000
0.000
0.000
0.000
0.000
9.919
0.196
13.367
2.950
3.643
6.975
4.625
0.077
2.153
71.523
3.756
0.906
3.633
1.176
3.845
7.045
5.411
12.296
17.674
0.072
0.000
0.300
19.406
14.371
12.978
20.817
9.754
8.941
15.331
9.493
19.152
5.850
6.040
1.097
18.860
2.735
7.756
9.946
9.666
13.221
5.617
0.034
1.869
1.627
3.650
18.011
8.545
6.501
12.332
12.222
9.493
4.999
2.640
22.076
5.014
9.088
5.658
2.880
5.740
6.176
6.436
9.910
10.624
18.055
15.001
5.088
17.357
7.783
17.013
20.043
11.199
17.108
19.775
2.044
3.674
14.320
16.553
12.500
2.520
0.237
4.570
7.162
30.487
11.778
0.930
2.101
0.034
3.818
5.783
18.333
11.125
30.733
1.080
21.259
31.292
45.945
2.319
7.577
4.736
31.835
15.894
5.455
9.156
3.969
8.597
11.991
6.049
11.201
12.145
1.792
4.185
4.841
9.055
6.875
1.282
7.199
13.132
6.645
7.345
1.399
8.358
16.837
0.826
8.058
6.052
9.129
5.181
18.924
11.515
9.568
11.743
3.250
4.256
8.652
14.552
4.820
1.859
9.126
21.025
63.683
13.156
4.253
1.614
1.245
17.276
10.527
24.342
51.950
1.360
11.252
5.277
1.880
1.507
5.014
9.670
33.531
5.618
16.272
4.994
9.356
9.416
0.182
0.000
0.000
0.007
1.114
0.424
5.853
9.126
8.938
3.722
9.690
28.010
1.738
1.473
0.000
0.000
0.000
0.000
0.257
1.116
4.039
6.012
10.664
0.469
5.931
19.624
31.633
4.420
9.639
4.127
5.545
0.115
6.557
7.880
5.440
5.951
0.057
10.598
0.508
0.094
2.463
6.777
7.115
18.381
0.318
0.000
0.000
0.000
0.000
0.000
0.000
0.000
0.000
0.000
0.000
0.934
0.000
8.616
10.444
0.225
0.362
0.000
0.000
0.000
0.000
0.000
0.000
0.000
0.905
4.927
18.436
0.405
0.000
0.000
0.000
0.000
0.000
0.000
0.000
0.000
0.000
0.000
0.000
0.000
0.000
0.000
0.000
0.000
0.000
0.000
0.000
0.000
0.000
0.000
0.000
0.000
0.000
0.000
0.000
0.000
0.000
0.000
0.000
0.000
0.000
0.000
0.000
0.000
0.000
0.000
5.559
0.014
0.034
3.370
1.991
0.000
0.000
0.000
0.014
1.684
1.933
0.168
2.426
0.014
0.000
0.000
3.109
0.000
0.007
0.393
3.856
4.376
0.503
0.000
0.000
0.000
0.000
0.000
0.000
0.947
4.575
0.083
0.000
1.071
0.007
0.000
0.000
0.000
0.000
0.031
0.017
0.000
0.000
0.000
0.000
0.000
0.033
1.400
0.162
0.010
0.017
0.000
0.503
0.000
0.000
0.000
0.000
0.227
0.294
0.342
3.125
2.710
0.072
0.000
0.000
0.000
0.453
0.000
10.185
5.328
0.000
0.000
5.215
0.000
1.334
0.458
8.319
0.781
3.330
3.940
40.320
1.469
8.150
4.279
4.510
0.000
0.000
3.639
0.742
6.925
0.944
51.931
0.000
2.843
0.007
0.230
5.407
2.892
0.000
0.000
1.116
13.125
36.588
0.563
1.411
16.054
0.426
1.974
16.318
39.383
1.816
1.023
0.031
0.000
5.363
13.477
13.115
7.953
7.459
24.405
3.804
2.570
0.369
8.029
5.512
7.670
0.568
7.355
13.243
15.759
0.690
0.494
0.000
0.000
0.000
0.000
0.000
0.000
2.732
10.233
4.084
5.033
10.122
12.696
3.559
6.981
37.892
7.526
9.908
16.582
3.327
0.288
10.779
3.989
11.462
9.136
11.989
19.834
6.595
13.747
16.813
15.178
11.721
3.001
0.700
5.419
3.294
18.852
12.816
11.199
6.286
4.130
7.663
4.590
21.303
0.124
0.333
10.942
7.006
1.413
7.193
4.343
10.066
4.432
29.608
1.332
5.263
8.017
8.135
7.450
7.697
13.005
3.196
3.821
6.527
3.086
1.957
0.405
5.768
124.441
9.690
4.477
2.565
1.473
2.156
10.907
2.800
13.251
10.952
20.543
22.318
5.253
13.974
10.677
9.380
15.890
17.900
9.314
15.317
2.544
2.597
11.354
7.162
7.816
27.809
11.864
7.510
8.274
5.064
13.689
12.329
7.505
11.584
4.345
1.962
0.000
1.584
0.000
0.000
0.000
0.000
2.216
9.177
6.072
6.446
4.458
6.190
3.243
0.814
0.779
12.488
0.970
0.672
15.650
4.422
9.091
2.930
7.560
8.958
6.236
0.148
4.172
3.392
10.276
3.459
5.919
5.074
13.405
6.691
3.974
5.376
0.034
0.000
3.032
1.828
1.940
0.542
0.204
6.291
0.822
1.948
2.139
6.142
8.616
23.696
3.957
0.072
0.000
2.824
10.619
0.000
0.000
0.000
0.000
0.874
3.287
0.201
0.000
13.311
1.834
7.263
3.413
6.245
11.060
11.160
15.544
0.601
0.257
1.796
4.486
3.869
2.365
3.873
4.285
14.160
0.003
3.797
0.270
0.000
0.000
0.000
0.000
2.929
0.000
0.000
7.541
0.034
0.031
0.000
0.000
0.000
0.000
0.000
0.000
0.000
0.000
0.000
0.000
0.000
0.000
0.000
0.000
0.000
0.000
1.442
0.000
0.000
0.000
0.000
0.000
0.000
0.000
0.000
0.000
0.000
0.000
0.000
0.000
28.750
2.752
1.447
4.201
22.283
50.435
0.000
0.249
0.000
0.000
0.000
0.000
0.000
0.000
0.000
0.000
2.824
0.797
0.395
4.009
0.373
6.063
4.856
0.000
0.000
0.000
0.010
0.007
0.000
0.000
0.000
0.000
0.000
0.106
0.000
0.000
0.000
0.347
0.000
0.000
0.003
0.010
12.662
0.474
0.048
0.512
11.185
24.386
0.000
0.000
0.000
0.000
0.728
2.872
0.000
0.000
1.277
12.638
0.604
0.343
0.082
0.000
0.000
0.000
0.000
0.000
0.192
1.150
0.053
2.153
0.000
0.000
0.010
2.423
0.398
0.137
0.000
0.000
2.793
1.725
0.036
0.094
2.977
0.031
10.375
5.239
0.044
0.000
0.000
0.000
3.703
6.049
0.000
0.400
0.034
0.185
6.570
0.000
0.092
0.100
0.000
0.000
0.000
0.000
0.007
0.137
7.797
7.689
0.096
2.460
1.749
60.950
0.446
5.529
8.743
11.228
7.752
4.927
2.790
10.576
10.605
1.844
11.469
0.000
10.812
10.966
2.757
2.237
15.151
3.711
3.251
0.055
0.000
0.000
1.511
0.292
0.453
9.120
3.583
13.844
22.103
32.015
16.196
7.476
15.525
9.274
13.077
77.620
0.661
2.211
0.422
0.000
2.010
2.467
4.700
24.780
13.683
3.303
2.363
7.563
5.830
3.679
0.312
4.116
7.325
16.118
2.403
35.251
9.919
12.725
7.033
2.204
20.349
14.017
6.970
8.923
10.375
15.094
1.789
0.742
4.899
7.749
0.000
0.000
50.740
6.479
4.812
1.442
0.144
11.412
5.366
6.454
2.089
18.752
10.245
27.953
4.432
0.218
0.000
2.656
6.133
10.016
1.962
14.486
13.008
0.237
2.468
1.646
1.984
7.344
8.573
16.356
0.429
2.596
7.486
5.016
14.524
31.663
23.700
3.349
9.948
13.972
0.141
18.036
9.101
14.516
8.635
3.174
7.459
3.083
12.227
2.923
5.376
8.417
1.001
2.506
6.445
1.109
4.482
0.924
10.073
3.294
10.109
14.991
9.057
15.487
0.275
0.041
1.765
5.912
5.157
1.905
2.149
4.868
2.894
1.669
1.871
13.029
5.476
21.210
0.831
3.773
3.450
4.079
13.939
79.538
1.102
1.844
4.209
4.836
2.994
3.279
5.836
12.775
0.021
0.031
9.610
6.492
2.880
4.195
0.000
0.000
0.227
1.020
1.748
11.326
5.054
6.993
19.789
1.971
0.000
0.000
0.000
0.000
0.000
0.000
0.021
0.000
10.835
6.853
9.925
2.321
6.163
8.559
0.457
0.000
0.000
0.000
0.000
0.000
0.000
0.000
0.000
0.302
2.880
6.695
9.666
0.000
0.000
0.000
0.000
0.000
0.034
0.000
0.000
3.299
1.488
0.000
0.067
1.468
0.000
0.000
0.000
0.000
0.000
0.000
0.000
0.000
0.000
0.000
0.000
0.000
0.000
2.149
0.000
0.000
0.000
0.000
0.000
0.000
0.000
0.000
0.000
4.451
2.084
0.000
0.034
0.000
0.000
7.546
0.000
0.000
0.000
0.000
0.000
0.000
0.000
0.000
0.000
0.000
0.000
0.000
0.000
2.391
4.135
0.000
0.000
0.000
0.000
0.000
0.000
0.000
0.000
0.000
0.000
0.000
0.094
0.000
0.000
0.000
0.000
0.000
0.000
0.000
0.000
0.000
0.000
0.000
0.000
0.000
0.000
0.000
0.776
0.000
0.636
1.241
0.385
0.000
0.000
0.000
0.000
0.000
0.000
0.000
0.000
0.690
0.733
0.000
0.000
0.000
0.000
0.000
0.000
0.587
1.342
2.402
3.830
0.000
0.033
0.000
0.000
0.000
0.000
0.000
0.000
0.421
1.962
3.620
0.000
0.000
0.041
0.142
0.000
1.593
25.064
4.332
31.694
0.000
0.000
0.000
1.425
31.637
13.623
0.455
4.899
13.899
10.518
6.044
0.477
16.040
19.535
4.370
6.350
24.627
1.451
9.704
2.364
0.000
8.889
5.548
11.701
5.641
12.866
12.065
0.000
10.561
2.487
0.082
4.972
2.432
4.078
0.240
7.543
34.466
18.709
3.265
0.409
2.649
2.668
8.281
25.425
21.089
27.311
63.522
12.701
8.315
7.750
4.492
12.823
1.044
18.624
8.683
6.036
0.489
0.000
0.000
3.919
0.055
2.832
13.656
32.547
0.000
0.000
3.229
1.636
4.910
2.297
10.555
15.280
8.192
2.640
1.566
5.857
0.704
10.440
5.857
5.569
5.905
30.037
22.302
3.217
26.048
144.893
6.733
1.864
4.954
4.522
12.258
16.102
12.025
13.561
16.140
3.625
3.255
23.439
13.881
11.790
11.838
8.312
0.965
11.288
13.757
4.964
12.871
3.038
1.984
9.139
23.140
7.920
1.772
11.570
6.152
12.253
21.605
24.899
15.827
8.729
73.042
1.172
15.697
27.462
24.108
11.539
7.452
6.897
8.717
19.161
2.836
11.639
0.558
8.624
6.564
1.464
0.954
0.000
0.884
0.278
3.994
13.688
7.962
11.585
42.186
0.819
0.146
4.709
0.000
5.577
11.877
4.805
2.220
10.583
9.230
21.824
4.683
5.267
3.747
2.575
5.692
3.330
15.666
10.986
18.766
6.168
3.553
16.177
7.275
10.835
3.787
6.472
14.859
13.613
7.639
3.759
9.929
2.093
24.585
14.893
0.439
0.000
0.398
2.997
9.163
1.535
4.985
4.776
8.556
16.761
9.103
11.486
25.785
8.502
15.130
18.766
5.102
6.612
5.921
8.796
1.865
8.577
6.866
7.440
3.165
3.183
0.839
10.313
5.637
9.570
2.213
0.144
0.000
0.000
2.455
0.010
7.986
0.417
7.339
3.632
3.280
3.557
0.510
0.000
1.755
3.921
0.541
0.094
3.856
0.151
0.000
0.476
7.242
0.675
0.653
3.331
0.616
0.932
3.584
1.085
1.396
12.803
3.636
0.196
0.017
5.879
0.014
0.000
0.946
1.619
8.420
2.897
0.180
0.779
0.687
2.819
6.915
9.002
0.031
0.000
0.000
0.000
0.000
0.000
0.000
0.000
0.000
1.480
1.785
2.930
2.135
0.000
0.000
0.000
0.000
0.000
0.000
0.000
0.000
0.000
0.000
0.000
0.000
0.000
0.000
0.000
0.000
0.000
0.000
0.000
0.477
0.525
0.000
0.000
0.000
0.000
0.000
3.955
0.000
0.000
0.000
0.000
0.000
0.000
0.000
0.000
0.000
0.000
0.000
0.000
0.000
0.000
2.462
0.000
0.213
0.007
0.000
0.000
0.000
0.000
0.000
0.007
0.017
0.000
0.000
0.000
0.339
0.000
0.007
0.185
0.161
0.168
0.000
0.000
0.367
0.069
0.069
0.000
0.000
0.000
0.000
0.000
1.533
0.220
0.264
0.000
0.283
0.077
0.048
0.000
0.000
0.000
0.000
0.323
0.000
0.069
0.000
0.374
0.054
0.000
0.000
0.000
2.084
0.000
0.388
0.100
0.000
0.000
0.010
2.585
0.000
0.000
0.000
0.000
16.486
0.017
0.000
0.000
0.130
0.000
11.288
25.914
0.000
0.202
9.215
1.548
1.665
0.000
0.043
2.063
0.000
0.045
1.847
0.010
2.713
1.691
8.668
28.954
0.369
8.446
11.943
1.867
0.184
3.819
4.758
0.065
0.000
14.651
1.768
10.317
0.415
0.089
27.196
18.909
5.716
8.228
2.008
11.851
4.556
19.240
13.894
2.671
10.128
6.853
3.964
12.219
12.322
5.263
4.216
5.006
0.000
1.339
6.890
2.590
0.000
0.007
0.000
0.000
0.038
0.000
0.000
1.864
0.000
0.000
0.615
0.000
6.949
2.175
8.508
0.941
2.043
1.741
20.967
19.576
11.155
9.500
21.198
0.467
4.056
4.468
1.396
8.339
22.937
12.082
18.975
2.201
7.656
29.272
9.143
3.619
2.781
0.972
6.400
3.670
0.845
1.456
3.840
18.289
5.692
0.038
0.000
13.112
14.172
2.674
7.416
7.443
4.113
12.106
17.606
2.517
9.627
13.881
15.470
8.308
0.975
3.200
4.262
20.380
5.630
0.113
6.928
7.478
2.515
11.378
6.506
4.552
7.745
1.943
1.837
1.215
9.318
11.738
4.048
0.000
0.000
7.064
12.253
27.795
3.904
17.441
5.349
7.682
4.573
0.577
4.267
2.304
17.352
7.871
9.471
7.601
11.033
9.378
14.505
0.752
4.106
12.548
7.681
8.101
4.158
3.328
2.644
2.112
10.149
3.744
2.336
8.069
12.276
18.948
1.651
10.383
7.887
15.171
4.413
2.941
2.271
0.324
8.250
2.163
3.540
6.899
9.349
0.491
2.400
8.099
0.326
1.607
5.479
4.537
1.823
3.718
9.105
5.677
0.604
2.891
2.702
10.533
0.299
0.000
0.000
0.000
0.000
0.000
0.000
1.912
0.625
0.000
0.000
0.000
0.000
1.167
6.691
0.180
0.048
0.460
0.594
0.323
0.000
0.000
0.000
0.000
0.000
0.000
0.000
0.000
11.604
2.333
4.448
4.213
1.675
1.672
0.027
0.000
0.000
0.000
0.000
0.000
0.309
0.000
0.000
0.000
0.000
1.011
2.911
0.000
0.000
0.000
0.000
0.906
0.510
0.394
0.735
0.132
0.000
0.000
0.000
0.000
0.000
0.000
0.000
0.000
0.000
9.590
1.663
0.000
0.000
0.000
0.000
0.000
0.000
0.000
0.000
0.000
0.007
0.062
0.000
0.000
0.000
0.000
0.000
0.000
4.673
0.000
0.050
0.000
0.000
0.000
0.000
0.000
0.000
0.000
0.000
0.000
0.000
0.000
0.000
0.187
0.000
0.000
0.000
0.000
0.000
0.000
0.000
0.000
0.000
0.000
0.000
0.000
0.000
0.007
0.000
0.000
0.000
0.000
0.000
0.000
0.000
0.000
0.000
0.000
0.000
0.000
0.139
0.060
0.000
0.141
0.000
0.000
0.000
0.000
0.000
0.000
0.000
0.000
0.000
1.361
0.475
0.122
2.292
0.000
0.966
0.000
0.000
0.000
0.124
0.007
0.003
0.000
0.088
0.457
0.208
0.165
0.000
0.090
0.018
0.390
0.069
0.000
0.187
0.031
0.000
0.000
0.000
0.000
2.723
1.226
1.646
0.000
3.128
0.160
0.000
0.000
0.000
0.064
0.000
0.000
0.000
0.045
0.000
0.000
0.000
0.000
4.690
11.234
20.278
0.018
5.747
0.215
0.231
0.007
0.220
0.072
0.000
0.000
0.000
0.000
0.000
0.014
0.896
1.909
0.716
0.000
0.000
0.007
0.288
0.000
0.000
0.003
1.377
0.470
0.000
0.003
1.243
0.961
0.000
0.000
0.000
0.364
0.021
22.805
5.160
0.048
2.635
0.072
2.210
0.150
0.000
0.000
1.363
0.081
0.003
0.000
36.864
3.335
13.055
6.037
3.918
78.168
33.259
30.098
10.428
14.995
13.446
2.496
0.496
5.036
3.662
2.764
0.655
0.000
0.082
0.915
0.088
0.022
0.659
0.048
0.000
0.609
0.553
2.256
0.272
8.215
5.876
7.355
1.420
14.398
2.803
5.536
0.730
2.053
2.867
0.312
9.211
10.670
11.337
4.321
1.001
17.204
11.340
5.134
8.058
17.088
8.710
14.859
46.997
100.420
7.600
1.330
2.127
6.161
11.827
11.240
1.342
0.000
0.027
1.600
7.799
0.596
1.215
18.720
15.395
8.933
22.919
2.534
5.546
3.428
8.200
23.119
13.556
0.668
14.984
15.154
5.131
5.515
11.736
77.524
0.649
11.596
7.742
11.968
5.642
2.247
8.236
8.664
3.632
4.832
2.613
1.686
0.848
0.673
0.101
0.458
1.751
0.000
4.629
7.050
13.973
5.237
0.666
0.000
0.039
2.596
10.447
4.580
6.147
4.940
9.673
2.487
0.000
0.893
2.486
1.548
6.487
12.724
9.460
15.395
1.016
0.108
0.000
5.436
0.469
3.692
3.756
4.201
4.135
0.381
0.134
0.142
7.237
0.709
8.197
1.536
2.970
0.069
0.615
1.844
1.866
0.476
1.241
0.000
3.850
3.636
1.033
0.000
0.000
0.000
0.000
0.000
0.000
0.000
1.248
2.247
0.309
0.000
0.000
0.000
0.000
0.000
0.000
0.000
0.000
0.000
0.000
0.000
0.000
0.000
0.000
0.014
0.000
0.179
1.507
3.111
0.000
0.000
0.000
2.750
0.000
0.000
0.000
0.000
0.000
0.069
0.017
0.000
0.000
0.000
0.000
0.000
1.131
0.007
2.554
0.179
0.000
0.000
0.000
0.000
0.000
0.000
0.000
0.000
0.000
0.000
0.000
0.000
0.000
0.000
0.000
0.000
0.000
0.000
0.072
0.000
0.000
0.843
0.182
0.676
0.000
0.000
0.000
0.000
0.000
0.000
0.000
0.031
0.007
0.000
0.088
0.000
0.031
0.000
0.007
0.000
0.000
0.031
1.720
0.530
0.160
0.148
0.000
0.000
0.687
3.842
53.050
0.000
0.000
0.000
0.094
0.073
0.578
0.000
0.000
0.000
0.393
0.663
0.206
0.000
0.000
0.094
0.000
1.018
0.031
0.292
4.947
0.876
0.010
0.000
0.000
0.998
1.892
2.668
0.000
14.265
2.391
6.074
7.394
1.863
0.191
0.000
0.000
2.385
13.348
0.000
0.088
0.072
4.640
12.919
9.883
7.217
9.366
10.047
7.282
21.986
0.505
61.527
1.929
0.000
1.373
12.016
6.805
1.370
0.000
0.000
11.807
3.601
12.136
13.731
49.912
1.167
3.605
1.650
1.085
13.295
2.810
9.958
1.107
6.636
18.838
6.734
22.386
3.321
11.735
10.365
1.669
0.014
16.433
5.414
0.161
10.991
4.597
9.208
13.373
8.238
11.065
10.561
10.451
7.884
8.803
11.422
18.093
22.534
5.129
0.294
0.000
12.897
13.438
8.271
9.823
17.037
8.499
10.598
0.402
0.024
0.007
0.000
0.000
3.804
4.700
3.172
0.199
0.000
0.000
0.000
0.000
8.008
12.274
16.043
0.165
0.870
10.869
6.032
1.838
11.827
3.943
7.812
6.500
3.734
6.662
7.990
8.367
9.519
11.343
1.869
0.057
4.707
3.171
1.754
2.470
12.288
32.393
29.304
19.692
16.291
6.454
16.611
34.502
49.938
19.272
0.997
15.094
5.667
1.207
4.834
3.821
5.553
0.000
6.324
9.235
77.462
3.076
17.113
10.248
7.658
9.160
2.810
21.064
36.724
16.179
2.880
14.735
25.953
18.093
0.558
8.724
10.022
31.728
28.170
6.127
8.437
13.372
19.305
13.730
9.895
2.149
16.272
8.987
8.870
1.382
11.032
4.443
1.140
1.579
5.836
4.795
5.538
10.265
6.214
2.596
0.954
1.377
10.798
16.957
53.363
0.965
5.682
0.213
4.144
12.377
17.777
18.914
6.214
5.322
2.959
5.107
8.363
4.037
2.414
6.472
3.849
10.114
0.051
3.111
10.729
7.502
1.940
3.804
3.687
1.016
0.185
0.000
1.571
0.422
5.945
3.354
2.654
0.000
7.028
0.082
1.040
8.092
3.135
0.000
1.648
1.387
0.000
0.230
3.804
6.877
7.596
7.920
2.211
1.432
0.312
0.306
1.202
0.566
0.247
0.443
5.404
0.089
4.298
1.305
0.000
0.000
0.268
0.014
0.000
0.000
1.802
0.000
0.000
0.000
0.000
0.000
0.000
0.000
0.000
0.000
0.034
0.656
0.000
0.000
0.000
0.000
0.591
0.000
0.126
1.292
0.000
0.000
0.000
0.000
0.000
0.000
0.000
0.000
0.336
3.732
0.755
0.000
0.000
0.000
0.000
0.007
1.578
0.024
0.000
0.058
0.000
0.000
0.000
0.000
0.014
0.000
0.000
0.000
0.000
0.000
0.000
0.000
0.000
0.000
0.000
0.000
0.014
0.062
0.000
0.000
1.219
0.000
0.000
0.000
0.000
0.034
0.000
0.000
0.000
0.000
0.654
0.000
0.233
0.230
7.121
0.099
0.000
0.000
0.476
0.000
0.000
0.309
0.382
0.132
0.000
0.000
0.278
0.000
0.855
0.000
0.038
1.488
7.089
0.000
0.000
0.633
0.000
0.000
0.000
0.060
0.117
3.818
2.352
0.251
2.154
0.233
2.465
0.316
0.000
0.000
0.017
0.163
0.017
0.003
19.037
0.613
19.714
0.000
0.177
24.045
0.671
18.074
0.175
0.045
6.769
149.854
3.512
6.116
0.014
4.107
0.179
4.587
2.323
3.749
21.725
9.932
9.172
1.706
3.296
2.328
0.089
0.000
0.014
4.420
6.393
10.916
20.258
12.878
6.430
4.420
13.881
4.099
0.491
1.253
12.672
17.839
7.690
0.649
0.302
0.000
0.000
4.096
6.298
11.457
2.474
4.264
2.834
0.642
0.185
0.180
9.762
0.853
0.000
0.342
8.662
12.566
11.412
13.532
3.174
0.810
28.669
57.912
6.870
20.126
8.813
14.296
13.729
11.913
2.144
2.043
7.512
0.683
6.386
0.000
1.914
0.257
0.000
0.117
0.000
0.000
5.297
0.954
0.108
0.000
0.000
0.024
2.472
2.290
1.100
0.000
0.000
3.650
6.853
0.086
9.153
14.952
2.805
5.564
0.007
5.311
5.785
0.391
1.370
10.272
18.380
4.261
1.432
3.131
22.158
14.547
1.202
2.393
16.215
20.630
73.907
7.483
4.084
16.229
16.196
16.734
8.044
15.309
2.482
14.763
13.887
9.522
5.816
14.505
8.611
0.436
4.913
14.186
9.998
18.993
19.185
56.188
1.693
4.587
11.016
11.052
8.638
12.346
0.755
16.867
1.131
3.476
8.260
3.509
4.355
9.088
5.977
25.080
5.709
3.735
8.417
19.806
3.574
7.958
0.082
0.388
0.154
1.538
4.412
24.599
6.259
2.561
11.999
19.693
5.950
9.520
7.883
12.160
3.179
2.599
2.601
10.624
2.228
2.273
0.000
0.000
0.038
0.000
0.021
2.242
13.493
9.562
5.297
12.887
6.657
1.713
2.994
0.446
0.051
0.687
4.673
16.030
29.979
2.831
2.637
15.637
13.609
80.238
1.112
0.184
0.014
0.091
8.506
2.295
6.351
0.681
0.515
0.000
0.000
1.980
0.000
0.000
0.791
2.498
0.017
11.723
0.807
14.387
9.507
4.449
0.537
9.086
6.182
1.957
2.575
3.756
4.010
12.572
5.146
0.203
6.557
1.188
0.058
0.113
0.000
0.302
0.000
0.000
1.761
0.051
0.179
4.882
2.939
6.839
0.007
2.252
0.563
0.000
0.000
0.062
1.329
4.377
0.000
0.000
0.017
0.000
0.000
0.000
0.000
4.455
0.000
0.000
2.407
2.393
0.000
0.000
0.000
0.000
0.000
0.000
0.000
0.000
0.000
0.000
0.000
0.000
0.000
0.000
0.000
0.000
0.000
0.000
0.000
0.000
0.000
0.000
0.024
0.000
0.000
2.905
4.906
0.000
11.546
1.106
0.000
0.000
0.000
0.000
0.000
0.000
0.000
0.000
0.000
0.000
0.000
0.000
16.155
0.323
9.500
0.000
0.000
0.000
0.000
0.000
0.000
0.000
0.000
0.041
0.000
0.000
0.000
0.926
6.809
4.771
3.193
0.000
0.000
0.000
0.000
0.000
0.142
0.035
0.168
0.000
0.824
3.675
56.949
0.007
0.000
0.000
0.297
7.653
8.969
17.235
3.492
1.892
2.568
11.489
0.000
12.564
2.063
10.966
1.960
8.161
5.713
1.936
0.288
0.549
3.461
0.000
0.000
0.000
0.000
0.000
0.000
0.000
0.256
1.971
0.000
0.000
0.000
0.000
11.058
0.021
0.886
5.982
28.275
104.593
5.340
0.323
0.505
11.860
3.639
0.064
0.000
14.697
3.841
3.524
6.302
4.103
4.215
3.172
1.056
0.000
7.635
15.745
3.177
0.793
12.595
0.435
4.008
10.703
1.147
2.474
3.541
0.872
18.151
8.717
7.716
14.222
5.783
9.476
1.691
6.999
0.661
4.642
8.640
17.558
8.227
4.070
5.985
17.000
26.508
9.450
23.954
1.742
0.781
0.510
2.267
2.689
10.687
3.718
0.235
1.306
17.618
18.998
6.654
5.723
9.617
0.766
7.319
3.028
18.045
10.387
8.736
19.168
12.206
3.169
9.160
15.540
0.221
9.386
31.268
1.420
5.584
2.238
13.121
1.418
0.014
11.845
1.768
3.251
2.131
3.720
0.369
0.666
1.044
0.678
0.055
0.604
3.111
2.867
10.310
0.645
17.911
142.760
3.445
2.015
0.985
0.203
4.140
7.687
16.565
24.105
15.343
36.655
4.331
16.734
2.015
0.034
0.000
0.000
0.000
2.414
2.118
1.854
5.253
3.061
12.243
0.045
3.440
74.013
22.199
0.326
3.654
1.348
11.958
2.535
13.756
11.281
12.771
8.180
14.909
15.767
7.147
1.023
15.652
9.440
5.857
18.860
9.893
4.585
13.010
14.838
9.962
0.850
7.790
7.155
15.661
8.361
7.932
10.452
20.534
1.459
5.457
2.299
10.024
31.074
5.204
6.527
9.224
5.959
8.717
4.441
2.220
12.069
10.028
14.665
0.518
13.654
5.815
1.015
8.197
0.594
7.800
2.697
0.515
8.293
13.651
2.252
3.601
7.999
0.573
0.436
0.144
0.034
0.000
1.064
0.000
0.000
0.645
7.103
0.529
0.000
0.000
0.010
0.038
0.106
0.024
0.254
3.358
7.512
1.361
13.489
0.748
0.000
0.000
1.655
1.126
8.490
3.301
0.206
0.000
0.000
2.877
4.896
1.349
2.841
4.211
0.079
1.195
0.172
0.000
0.000
0.000
0.000
0.000
11.664
1.923
0.137
2.657
2.338
0.797
0.000
0.007
0.203
0.000
0.096
0.000
1.734
0.343
0.000
0.014
0.549
0.560
0.000
0.000
0.076
0.000
0.021
0.324
2.451
0.000
8.506
2.537
5.672
0.208
0.000
0.000
0.000
1.260
0.000
2.359
0.676
0.000
0.000
0.000
0.000
0.000
0.000
0.000
0.000
0.000
0.000
0.000
0.000
2.355
0.000
0.000
0.000
0.000
0.810
0.000
0.003
0.345
1.677
0.836
0.771
1.190
0.000
0.000
0.542
21.643
0.280
0.000
4.705
3.917
0.000
8.760
0.045
0.000
0.206
0.000
5.123
0.000
0.000
4.373
0.000
4.427
4.949
1.876
0.000
0.000
0.000
0.000
0.000
0.381
0.076
0.000
1.216
0.141
0.118
0.463
0.000
0.154
3.194
2.596
11.583
0.144
0.268
3.138
4.458
17.150
10.373
3.625
7.790
2.338
0.573
0.108
12.390
4.642
14.499
14.845
0.000
2.002
0.069
3.263
0.000
1.505
0.000
45.169
0.069
0.045
3.840
3.320
0.000
0.000
0.184
23.801
2.480
1.914
15.456
4.393
14.832
8.782
2.325
26.655
29.097
64.620
3.802
0.000
0.000
1.998
13.543
6.080
6.968
7.672
10.773
6.346
7.217
5.071
4.393
3.950
3.873
6.339
1.538
16.675
2.096
0.000
1.442
0.000
5.555
7.460
1.680
5.721
17.432
7.740
0.879
0.000
1.105
2.949
3.378
13.108
6.064
7.710
7.580
2.003
5.605
15.341
3.013
20.457
13.644
6.054
3.650
8.930
2.642
4.894
133.554
19.497
9.627
4.207
1.281
12.588
3.627
9.798
12.281
3.469
9.719
8.051
1.703
4.357
0.007
5.461
6.533
0.697
2.826
0.462
0.000
11.072
18.399
0.558
6.108
0.827
6.170
11.103
2.530
1.221
3.310
5.486
10.228
11.941
14.629
8.624
11.821
18.028
8.693
0.027
0.003
0.079
8.902
2.819
1.761
10.258
2.565
3.965
16.775
25.602
6.753
5.212
0.908
15.631
2.185
0.788
6.382
2.462
5.474
1.988
2.942
4.401
6.396
2.812
15.395
15.295
26.257
32.221
0.185
1.257
16.009
1.463
7.244
1.260
2.836
6.688
1.397
0.563
1.562
4.089
17.448
12.415
2.719
3.299
6.825
19.621
1.957
2.946
5.236
5.376
1.059
13.022
2.880
5.320
17.786
8.631
1.598
3.090
6.290
12.959
1.560
0.127
8.722
5.124
9.045
4.817
1.217
5.215
4.451
0.908
4.407
5.591
3.008
4.566
5.517
7.299
11.065
1.801
12.459
21.693
16.243
11.963
0.109
0.055
2.824
0.139
0.000
0.000
0.000
1.250
2.805
8.501
5.296
6.878
0.230
0.335
0.021
0.259
0.000
0.000
0.000
1.097
3.881
0.000
1.648
4.658
4.561
8.947
0.041
0.000
1.057
7.135
2.297
6.573
2.470
0.000
0.784
3.490
0.000
3.768
7.297
0.920
0.000
0.000
0.000
0.000
0.003
0.270
0.000
0.000
4.930
0.093
0.000
0.000
0.000
0.206
0.000
4.269
0.024
0.000
0.010
0.000
0.000
0.017
5.527
5.024
0.000
0.000
1.099
0.000
0.000
0.000
3.195
0.000
0.000
0.000
0.000
0.000
0.000
0.000
0.000
0.000
0.000
0.032
0.010
0.034
0.000
0.000
0.000
0.000
0.000
0.000
0.000
0.000
0.000
0.000
0.000
0.000
0.000
0.000
0.000
0.000
0.000
0.000
0.000
0.000
0.000
0.000
0.000
0.000
0.000
0.000
0.000
0.000
0.000
1.950
13.712
7.141
10.434
0.000
0.000
5.153
0.014
0.742
1.378
0.000
0.000
0.000
0.000
0.000
0.412
0.000
0.000
0.000
0.000
0.436
0.138
1.274
6.104
0.033
3.044
0.772
0.000
0.118
0.058
0.000
0.000
0.000
0.000
0.000
0.000
0.000
0.000
0.000
0.000
0.000
0.000
0.000
0.052
1.837
0.031
0.000
0.000
0.000
0.124
0.000
7.306
3.461
12.861
0.079
0.000
0.000
0.736
3.866
9.594
4.607
2.417
12.622
0.021
0.003
0.896
0.000
0.034
8.487
5.497
13.712
0.244
3.734
37.851
68.342
0.374
1.548
0.273
3.664
8.209
2.619
3.274
13.846
1.928
7.064
0.021
24.633
6.555
6.590
0.460
19.691
4.916
13.797
14.143
12.749
1.688
7.091
9.096
8.692
4.752
13.070
1.009
0.000
0.000
2.943
8.305
67.281
4.154
5.074
14.217
1.816
13.997
13.750
18.246
2.403
0.093
3.577
5.373
2.826
1.274
11.903
23.133
28.819
4.165
16.768
18.879
4.288
2.544
6.204
37.450
29.119
2.276
0.340
0.000
0.027
0.000
0.000
0.000
0.000
8.078
35.966
11.220
6.290
2.486
0.937
2.304
8.614
8.583
17.352
23.672
41.415
7.955
38.514
98.839
5.576
9.326
14.323
21.598
12.607
5.335
6.829
8.923
28.496
17.393
23.761
37.257
6.496
7.367
17.001
11.915
3.280
17.054
9.626
1.231
5.071
9.071
17.466
28.134
1.758
4.613
16.351
17.217
3.126
7.931
10.753
5.876
14.901
7.455
2.057
1.259
19.794
9.449
11.475
5.369
25.211
9.050
20.917
28.867
14.808
1.246
10.406
7.938
8.696
10.585
15.202
21.303
2.283
10.633
16.013
15.602
14.203
16.994
7.948
7.989
13.963
21.966
21.918
44.035
0.958
12.514
9.898
13.791
24.376
4.714
2.077
9.479
14.145
0.261
19.750
10.679
12.106
4.779
10.954
14.164
2.456
7.997
6.530
7.332
2.505
5.006
14.998
33.287
10.281
0.021
0.120
0.000
0.843
3.946
1.804
6.218
2.345
5.591
0.263
4.903
0.017
2.455
0.379
0.000
0.000
0.000
0.000
3.416
5.575
0.000
0.000
0.000
0.000
0.000
0.000
0.000
0.000
0.000
0.000
0.000
1.339
7.821
5.201
13.039
8.249
0.048
0.000
0.000
0.003
0.000
1.037
4.683
0.767
7.047
0.086
0.154
0.000
1.727
5.047
0.841
0.000
0.127
1.373
5.212
1.263
0.000
1.171
0.000
0.000
0.000
0.010
0.000
0.000
0.227
0.000
0.000
0.000
0.000
0.000
0.000
0.000
0.000
0.000
0.000
0.000
0.000
0.000
0.000
0.000
0.000
0.000
0.000
0.000
0.000
0.000
0.000
0.000
0.315
0.000
0.000
0.000
0.000
0.000
0.000
0.906
0.000
0.000
1.600
0.000
0.000
0.000
0.000
0.523
0.000
0.000
1.111
0.000
0.000
0.000
0.000
0.000
0.000
0.000
2.163
0.043
0.055
0.000
0.000
0.000
0.000
0.024
0.074
0.000
0.211
0.120
0.000
0.000
0.000
0.000
0.000
0.000
8.398
0.000
0.000
0.192
0.027
0.000
0.014
0.620
0.148
0.000
0.000
0.000
0.202
0.000
6.386
2.947
0.010
0.117
0.000
0.038
1.035
4.135
9.325
0.000
0.000
0.000
0.599
0.233
1.381
0.127
0.000
0.069
0.391
0.000
3.819
8.540
0.822
5.040
14.889
7.804
3.825
0.451
9.810
0.518
7.388
18.763
11.685
5.545
4.219
16.117
10.035
5.718
1.502
14.562
7.902
0.601
0.359
0.000
0.000
0.031
0.000
0.137
15.525
5.112
5.861
0.172
28.498
8.097
9.343
1.427
0.498
10.035
2.992
1.450
9.998
26.764
1.222
0.000
0.433
0.000
5.182
13.922
11.383
3.207
37.364
0.319
0.233
0.218
14.631
88.758
13.156
16.469
5.278
4.397
7.435
20.956
13.479
10.193
3.605
17.144
36.885
7.955
10.070
8.336
15.999
3.292
15.748
4.305
7.574
1.711
12.885
8.683
6.327
24.730
114.392
37.748
17.606
2.187
1.154
0.034
8.047
4.827
4.961
13.913
5.737
6.568
10.947
7.627
6.013
0.889
1.234
3.843
2.494
1.677
1.246
3.667
9.076
12.193
9.448
10.579
12.391
5.210
2.434
1.596
10.964
8.811
14.670
40.543
0.668
2.518
4.000
0.427
0.850
0.637
2.772
2.165
0.151
0.007
6.576
16.007
2.053
3.161
0.000
0.000
16.535
43.470
6.091
10.375
17.340
1.873
17.961
10.472
10.921
10.296
1.520
14.953
6.458
12.197
3.614
18.321
8.295
67.142
15.801
5.152
7.574
9.330
4.398
11.709
14.689
104.314
5.182
8.571
8.001
11.024
5.440
11.342
26.321
22.858
0.875
8.248
12.466
28.506
2.621
10.703
0.010
1.329
9.005
27.045
31.651
4.841
15.314
7.321
16.181
15.554
2.393
20.926
215.032
14.262
0.836
4.984
8.271
6.209
3.950
19.960
7.100
2.240
2.607
11.175
0.596
4.640
13.209
4.780
5.554
4.326
7.387
5.546
3.689
1.920
10.423
5.042
23.019
6.854
8.797
1.070
0.000
0.000
0.639
2.355
0.752
8.123
11.646
0.127
8.751
5.459
3.804
0.374
0.000
0.000
0.000
0.000
0.645
3.859
14.275
0.584
11.711
10.492
3.665
4.968
0.865
9.002
0.000
0.000
0.000
2.341
0.292
0.470
0.000
0.034
0.632
2.276
1.445
0.000
0.000
0.000
0.000
0.000
0.000
0.000
0.027
2.527
0.000
2.956
0.000
0.000
0.642
0.357
0.213
0.491
0.021
0.000
1.071
0.000
0.000
0.000
0.000
0.000
0.000
0.000
0.000
0.000
0.000
0.000
2.978
0.000
0.000
2.214
6.617
7.541
4.753
0.180
0.000
0.357
5.836
3.062
1.888
4.364
0.000
0.007
0.007
0.007
3.722
0.027
1.569
0.000
0.000
0.000
0.000
0.000
0.000
0.000
0.000
0.000
0.000
0.000
0.000
0.000
0.000
0.303
0.027
0.000
0.000
0.000
0.000
0.994
2.018
0.000
0.000
0.000
0.000
0.000
0.000
0.000
0.000
0.000
6.164
12.639
0.942
0.747
0.000
0.000
0.000
0.000
0.000
2.199
6.973
1.088
3.124
1.684
0.000
0.000
0.000
0.003
0.288
0.374
0.003
0.524
0.000
0.000
1.063
4.169
0.000
0.000
0.197
5.217
0.000
0.000
0.000
0.609
0.000
0.385
0.000
0.000
0.034
0.041
0.106
4.302
11.714
8.930
2.898
1.445
0.000
11.196
4.274
33.546
13.808
9.531
22.690
16.143
16.126
14.461
2.081
4.573
7.323
8.933
5.100
11.022
11.410
2.379
21.684
0.089
0.000
0.869
4.288
89.755
0.944
1.440
3.734
14.002
0.397
0.003
3.452
16.907
10.485
1.166
12.875
3.893
9.653
0.397
1.483
11.894
4.949
3.988
2.643
3.794
13.320
1.150
10.284
0.000
13.857
10.164
11.900
12.996
10.245
5.923
9.242
3.996
1.058
0.000
0.034
22.767
15.420
10.884
9.864
18.388
22.430
17.992
93.089
15.110
6.975
0.676
6.168
5.535
2.765
23.253
5.713
4.441
7.448
14.085
6.036
6.451
11.335
13.822
4.970
4.621
1.088
11.857
5.792
12.373
4.467
10.641
18.536
23.926
13.544
18.227
33.755
10.272
3.807
14.547
10.650
15.190
3.818
6.805
4.388
9.488
2.307
7.042
11.613
1.212
16.431
10.931
15.999
18.314
3.365
4.019
11.007
2.538
0.734
10.022
8.544
16.336
11.765
10.334
12.657
28.028
12.467
3.985
11.862
2.584
13.259
8.491
12.946
24.006
8.417
10.549
7.866
5.084
2.158
7.330
6.272
17.545
3.174
7.367
15.899
2.331
9.256
2.637
6.798
11.757
8.909
25.090
8.555
9.215
117.878
13.132
1.847
2.309
1.002
3.219
13.548
13.701
25.935
16.797
10.741
19.070
7.539
21.293
27.078
20.414
0.640
4.110
6.992
3.095
14.203
9.919
5.061
7.599
0.146
1.556
1.808
6.324
2.429
4.080
0.999
4.245
12.185
4.141
11.202
2.103
5.416
0.369
1.974
8.195
14.950
12.018
6.218
2.429
17.952
14.637
21.757
10.010
5.924
4.855
6.614
1.418
0.027
0.000
0.000
0.000
0.000
2.894
15.429
4.113
2.482
2.496
0.175
0.374
0.635
0.000
1.638
17.307
0.227
8.411
5.019
2.652
3.859
5.524
6.121
4.927
3.279
20.170
7.689
67.277
1.699
0.000
0.000
0.000
0.000
0.000
0.000
0.000
1.445
0.426
7.704
10.439
3.052
4.539
5.761
6.307
6.032
0.007
0.000
0.000
0.000
0.000
8.650
0.814
0.000
0.000
0.000
0.000
0.000
0.000
0.000
0.000
0.000
0.000
0.000
0.000
0.000
5.080
0.000
0.000
1.559
3.586
0.000
2.002
3.390
0.000
0.000
0.000
0.000
0.000
0.000
0.000
6.624
0.000
1.310
3.448
0.000
2.635
1.025
0.000
2.086
4.731
1.476
0.063
0.767
2.659
0.024
2.196
3.188
0.281
18.078
0.000
0.724
0.000
0.000
0.000
1.739
0.000
0.000
0.000
0.000
0.082
8.423
0.000
0.000
0.000
0.000
0.000
0.000
0.000
0.000
0.000
0.000
0.000
0.000
0.000
1.047
13.263
23.322
15.793
0.306
0.000
0.103
0.000
1.277
0.168
7.591
0.652
0.206
2.654
0.271
0.000
0.683
64.339
0.439
0.000
0.000
0.254
8.181
0.357
0.000
3.598
4.800
0.000
0.000
0.000
2.511
10.147
18.102
4.424
0.045
0.000
0.000
0.000
1.620
7.883
1.256
15.316
8.616
6.084
10.087
26.190
4.473
4.279
2.214
5.467
3.866
1.384
31.476
19.587
11.072
3.864
0.376
0.000
7.000
17.983
19.274
14.053
0.000
0.204
0.082
5.804
0.045
6.425
0.000
8.528
15.906
7.826
5.148
8.602
16.332
0.129
0.819
4.301
0.000
14.093
25.203
20.610
23.248
9.939
11.405
14.049
21.693
13.151
3.902
6.848
13.189
2.135
2.390
2.910
5.758
7.948
17.788
3.248
14.176
18.344
16.215
25.921
33.800
6.520
12.978
9.510
8.497
11.275
1.552
19.662
54.403
8.906
2.293
11.144
2.791
11.252
9.249
19.504
25.045
1.866
17.237
9.059
8.209
9.065
0.921
11.267
9.220
7.102
24.489
30.397
3.440
3.744
9.796
5.102
10.004
9.374
14.038
13.774
6.801
10.542
1.485
0.043
2.726
6.545
17.374
21.801
23.911
51.533
5.054
2.816
24.530
2.520
9.647
2.269
5.694
7.287
15.549
7.124
3.828
25.505
66.756
1.830
4.525
0.402
13.887
17.908
22.979
44.259
5.332
10.070
1.387
1.809
5.102
10.643
2.417
5.088
7.165
4.333
14.957
20.817
14.742
7.014
3.069
16.040
11.764
6.818
2.571
14.365
20.198
28.206
15.916
16.634
0.687
1.936
2.800
14.131
7.756
59.985
13.977
15.123
3.203
5.850
13.177
8.284
21.459
13.390
20.695
22.007
0.968
10.770
11.494
9.362
7.557
12.978
4.025
7.151
2.802
11.886
7.704
6.125
12.511
18.922
18.412
4.865
0.388
17.458
1.277
14.234
13.218
15.192
14.327
0.292
11.934
5.277
15.089
10.011
6.530
13.153
13.079
8.823
5.871
8.125
8.720
13.206
15.652
9.568
70.992
2.798
1.006
9.692
5.002
11.731
3.062
10.708
11.924
2.427
1.191
5.490
1.751
0.069
4.024
3.694
19.935
0.791
2.558
7.327
4.619
13.266
9.572
1.550
8.369
1.836
1.043
0.000
0.000
0.000
0.000
0.000
5.340
1.643
7.879
3.499
0.000
0.000
0.000
0.467
0.326
7.008
1.299
4.726
2.719
2.750
7.323
3.234
14.839
1.284
0.051
0.439
0.000
0.526
0.287
1.902
5.843
5.656
0.027
6.662
0.000
1.456
0.826
0.201
0.026
6.004
2.221
0.240
0.000
0.000
0.000
0.000
0.000
0.000
0.309
1.681
2.558
10.571
5.258
0.000
0.010
0.000
1.919
2.335
0.000
0.000
3.507
4.626
0.232
0.000
0.000
0.000
0.000
1.492
6.394
0.000
0.000
0.000
0.000
0.000
0.000
0.000
3.279
0.000
0.000
2.992
1.198
0.000
0.244
5.255
5.406
2.517
0.539
0.000
0.000
0.000
0.000
0.045
16.462
2.959
3.742
0.086
0.000
0.000
0.000
8.032
0.017
0.000
0.000
0.000
0.223
2.499
9.754
0.065
4.724
0.000
9.768
11.388
4.908
11.529
0.930
0.082
0.069
7.237
2.070
1.257
0.000
1.473
0.041
5.534
0.034
0.185
8.085
14.941
10.137
0.000
0.000
6.561
0.649
5.977
19.535
16.785
92.718
81.697
0.168
6.420
16.806
4.841
24.941
9.692
9.057
8.978
3.904
2.383
20.802
0.937
0.663
2.434
0.146
9.363
8.700
29.967
9.671
10.571
3.919
14.421
6.188
11.378
13.575
5.069
0.089
0.000
14.602
24.306
10.137
0.757
0.024
9.069
7.275
26.544
2.660
6.664
6.496
11.481
6.511
80.927
12.042
9.256
15.673
14.353
0.711
3.516
3.366
7.522
16.658
7.479
12.085
12.576
3.540
16.462
4.920
0.841
9.984
8.820
48.700
81.625
2.407
6.489
10.272
17.825
30.645
13.942
10.801
11.889
17.286
6.985
2.678
0.000
0.000
0.000
0.000
19.120
48.228
3.457
0.000
6.576
13.196
7.407
26.953
0.920
0.374
8.312
21.181
3.444
5.883
12.092
10.131
3.298
6.372
11.239
2.575
3.229
15.474
7.817
9.883
18.627
21.420
7.220
12.315
0.168
9.725
5.222
15.211
6.321
11.211
1.856
4.020
25.011
20.153
12.090
4.028
8.973
9.134
17.413
81.582
11.966
6.420
14.586
16.596
9.744
30.357
13.427
16.857
14.787
9.258
10.734
96.903
95.485
3.056
5.836
21.873
26.154
9.850
8.216
3.181
11.240
15.012
33.790
3.660
8.216
20.342
8.732
15.312
1.480
6.001
9.901
13.678
10.478
7.920
5.078
5.649
10.906
3.845
7.553
20.994
8.940
11.316
39.843
3.711
0.192
17.041
13.894
2.905
0.062
0.000
0.000
0.000
0.000
0.000
0.000
3.018
9.453
5.265
5.225
6.000
10.921
10.044
6.034
4.269
1.334
0.160
0.100
3.801
7.266
11.740
0.515
12.173
11.663
6.041
0.000
4.899
11.556
3.698
0.491
9.857
6.499
11.567
0.014
0.000
0.000
0.000
0.000
0.000
0.000
3.730
2.793
13.376
1.878
2.455
0.161
0.113
0.474
16.811
23.030
27.002
0.680
0.021
0.525
8.971
0.113
0.136
0.000
0.323
14.164
0.616
0.000
0.000
0.000
0.000
0.000
0.000
0.000
0.000
0.003
0.082
0.069
2.666
5.145
0.834
2.245
0.000
0.000
0.257
0.045
0.000
0.000
0.000
0.000
0.000
0.000
0.000
0.000
0.000
0.000
0.745
5.370
6.748
8.338
3.401
1.478
0.645
0.230
15.595
1.203
1.001
0.863
0.414
0.000
0.000
0.000
0.000
0.000
0.000
0.000
2.592
0.209
0.000
0.000
0.000
0.000
1.325
3.674
0.000
0.000
0.000
0.000
0.000
0.000
0.000
0.000
0.000
0.000
0.000
0.000
0.000
0.000
0.000
0.000
0.000
0.000
0.017
0.000
0.000
0.000
0.000
0.000
3.804
2.977
0.007
1.044
21.849
9.198
10.713
0.000
4.686
12.428
0.264
0.000
0.000
0.000
0.000
0.000
0.000
0.000
0.360
13.383
0.058
0.498
0.117
2.630
0.000
0.034
0.065
0.000
0.000
2.455
0.065
0.000
0.000
0.000
1.463
0.000
1.071
1.610
0.000
0.045
0.857
2.563
14.919
5.602
2.838
8.421
0.034
0.000
0.000
3.310
9.424
5.189
14.655
2.405
3.972
0.000
2.311
5.103
16.861
12.555
22.147
0.788
18.637
5.210
23.681
23.215
11.455
0.000
0.000
0.094
1.466
11.759
11.615
1.109
5.850
42.593
7.072
1.140
0.072
5.140
14.378
11.749
18.999
5.196
0.520
14.435
5.273
7.646
0.422
13.973
25.061
8.470
6.770
8.909
37.999
19.892
16.826
19.370
15.992
119.123
6.351
0.477
0.000
3.672
31.029
14.241
2.942
1.054
0.110
3.083
14.243
0.058
0.000
10.180
17.139
8.810
21.063
32.034
2.465
10.440
6.393
12.246
9.798
12.835
18.296
5.905
0.206
2.723
15.017
6.005
3.347
10.811
23.322
3.880
18.200
10.355
10.279
9.754
0.791
4.755
4.822
3.588
14.293
7.237
2.424
9.646
3.859
2.189
12.579
3.200
0.917
15.419
11.120
17.667
8.398
3.962
9.426
11.189
11.285
11.010
0.318
4.508
11.649
16.116
0.848
9.831
4.075
17.612
10.873
31.781
13.659
16.239
2.856
1.658
15.079
10.303
14.996
5.435
1.969
1.648
3.112
9.397
25.890
11.738
5.402
4.451
5.129
20.064
17.547
8.133
8.552
68.998
5.366
4.839
5.352
6.408
15.659
8.008
14.078
19.920
23.076
11.125
3.371
0.755
23.753
7.962
1.207
8.367
14.680
17.700
12.799
38.363
20.302
6.005
12.572
12.142
0.752
1.832
5.630
8.659
21.808
7.428
0.841
4.480
3.646
95.756
0.079
0.206
5.339
11.197
14.536
14.299
16.164
5.146
6.583
4.679
0.690
10.873
19.530
0.917
23.140
2.532
3.897
2.424
10.537
3.916
16.112
9.009
93.775
0.374
0.000
0.000
0.000
0.000
0.539
0.453
5.026
0.000
3.629
13.637
11.076
1.325
0.137
0.000
0.000
0.132
2.287
9.819
2.228
33.998
0.942
1.212
3.282
1.270
0.000
0.000
0.000
0.000
0.000
0.058
0.209
50.365
2.026
0.597
0.457
0.000
1.991
7.210
5.141
0.309
0.000
2.146
2.868
0.014
3.711
10.212
0.939
2.055
0.000
0.333
10.042
1.222
6.648
1.984
0.000
0.000
0.158
0.077
0.570
3.845
6.952
3.632
0.000
0.000
0.542
0.000
0.000
0.000
0.000
1.590
2.163
2.166
1.960
2.448
8.089
4.566
0.851
0.000
0.000
0.000
0.247
0.000
0.000
0.000
0.000
0.038
0.000
3.117
19.089
8.947
7.601
8.933
1.409
0.000
0.000
0.161
0.165
0.630
0.000
0.233
0.000
0.000
0.027
1.490
0.000
0.443
0.003
0.000
1.296
0.422
0.000
0.000
0.000
0.000
0.031
0.000
0.000
4.865
0.434
0.088
3.773
0.000
0.000
0.003
0.076
4.068
1.354
4.820
13.506
32.011
10.451
1.593
0.010
1.390
3.615
1.669
13.324
5.105
17.216
0.592
0.017
4.587
6.805
13.438
0.649
1.092
0.271
15.395
6.187
14.598
6.034
26.041
12.602
27.857
11.046
29.728
12.202
16.401
4.357
1.003
0.958
31.857
17.607
16.958
10.142
20.220
9.362
5.716
4.776
8.508
8.195
9.314
4.635
21.839
6.636
45.741
2.671
17.183
6.722
3.862
20.222
1.114
0.089
7.483
10.331
8.607
13.654
17.324
3.251
0.299
0.412
9.898
13.077
7.778
6.612
11.501
6.453
2.654
4.952
6.036
10.799
8.703
20.706
12.391
0.603
0.000
5.406
16.840
4.525
4.820
8.547
13.225
4.618
13.997
11.354
10.701
10.506
17.305
12.143
20.395
7.443
14.521
2.910
27.607
18.119
41.686
0.882
22.694
6.121
6.120
3.466
0.352
2.125
1.620
0.000
9.295
29.498
6.636
5.373
15.844
14.614
2.922
20.088
15.007
1.737
4.451
3.238
3.296
16.902
1.102
2.494
2.067
8.648
16.728
20.766
102.228
8.058
7.881
16.507
0.474
7.016
47.624
0.769
7.004
13.973
16.255
10.502
17.235
17.128
81.234
0.985
5.287
13.033
16.222
33.965
9.756
95.224
13.522
25.948
0.700
7.962
3.349
11.017
18.303
12.439
1.126
4.710
17.262
3.306
14.320
23.051
7.351
2.678
5.668
9.834
13.745
2.875
1.753
11.596
20.064
3.934
4.077
13.826
26.446
11.312
8.988
7.126
5.404
3.701
1.136
7.069
10.154
9.529
2.973
0.027
3.395
7.165
70.946
7.498
7.248
10.681
16.244
7.903
5.330
3.476
5.006
23.330
1.576
3.663
89.525
0.007
7.117
0.601
14.097
18.069
8.144
10.876
15.827
0.889
6.070
13.922
21.178
36.751
17.952
5.054
17.913
1.655
7.486
14.641
24.898
1.514
5.608
0.668
14.480
20.007
9.931
2.970
4.206
0.491
23.784
13.819
8.473
4.195
0.271
0.000
0.000
0.000
1.808
0.965
1.421
0.000
0.000
0.002
0.203
5.878
6.585
17.044
9.551
4.487
0.127
6.341
13.330
15.338
8.425
9.864
12.849
4.690
12.212
2.482
5.301
2.779
7.677
3.282
4.769
1.301
3.310
0.824
6.176
4.281
7.704
15.772
0.141
0.000
0.000
0.000
0.000
0.000
0.000
0.000
0.124
2.774
6.341
9.297
1.562
14.155
7.931
2.383
2.441
0.800
11.216
0.415
0.858
4.175
6.530
0.446
0.000
0.515
0.000
0.000
0.002
0.460
2.764
0.007
0.000
0.000
0.000
0.000
0.000
0.000
5.594
1.905
0.000
0.000
0.000
0.000
0.000
0.000
0.000
2.494
2.613
0.000
0.000
0.000
0.000
0.000
0.000
0.000
0.000
0.007
0.000
0.002
0.000
0.000
0.000
0.000
0.000
0.000
10.065
0.958
1.061
7.960
0.010
3.773
6.564
0.271
0.584
5.073
0.106
0.003
8.305
0.450
0.000
0.000
0.002
0.000
0.000
0.000
0.000
1.717
0.233
0.034
1.360
0.000
1.315
18.704
0.000
0.106
0.309
0.841
0.518
1.411
0.000
0.254
5.651
1.487
0.015
1.631
8.995
7.617
0.003
7.869
12.847
0.687
0.000
0.433
1.030
0.000
8.741
2.544
9.716
16.526
31.927
9.857
16.097
12.160
4.233
20.476
0.306
0.721
15.226
8.614
14.550
25.112
19.319
14.248
4.721
13.249
0.177
8.550
10.822
1.669
4.679
5.368
8.363
6.521
0.463
6.623
3.983
0.000
10.023
8.286
14.533
17.158
11.764
1.004
0.000
2.685
20.023
0.848
6.248
3.557
22.833
25.878
14.897
10.008
6.200
8.017
22.865
7.545
7.941
13.153
26.892
13.101
14.148
0.010
17.952
13.705
18.402
5.497
5.867
27.905
30.844
7.162
11.546
7.848
2.832
3.274
10.502
17.303
21.813
14.718
17.894
41.844
24.166
10.283
12.844
18.467
8.597
45.271
42.630
1.121
17.992
17.815
55.289
11.474
5.617
5.661
5.912
4.048
12.709
6.406
1.961
8.510
12.620
4.016
5.885
0.352
0.496
5.028
0.311
10.947
27.546
1.243
4.144
14.798
3.505
8.490
18.138
99.982
30.707
5.596
0.000
5.672
15.495
3.607
25.385
1.267
1.639
11.003
8.892
13.649
11.773
9.132
8.236
7.557
11.362
2.352
5.939
6.702
8.806
24.565
6.283
13.039
70.519
2.791
3.124
8.806
7.637
6.018
13.520
8.259
8.269
11.007
14.153
15.312
8.356
4.233
51.152
6.660
13.510
14.306
15.389
15.104
35.371
13.843
7.227
8.171
10.413
1.263
2.481
10.581
43.587
61.187
12.099
1.172
9.062
32.130
24.647
33.881
1.414
19.032
4.721
17.022
19.020
7.642
1.964
2.400
1.473
4.896
8.755
15.631
14.735
9.857
5.146
8.562
39.901
7.805
3.406
13.776
20.665
9.678
9.301
0.223
0.000
0.443
0.000
0.000
0.079
0.000
0.000
0.000
0.000
0.000
0.000
0.000
0.000
3.656
6.242
24.853
5.879
4.848
2.563
7.265
3.536
3.009
0.045
0.000
3.334
5.488
14.766
3.873
13.572
10.142
17.650
7.517
1.954
0.769
0.091
0.285
0.000
0.805
11.539
4.003
0.103
2.295
7.436
13.244
10.638
8.569
6.836
1.970
0.000
1.846
0.000
1.123
45.463
3.526
7.191
0.098
0.827
0.000
0.112
0.000
0.000
0.051
3.701
9.949
3.136
1.330
0.461
0.257
0.089
7.248
6.357
9.138
3.583
2.178
5.749
10.929
0.364
10.083
0.580
15.570
3.876
3.746
4.345
2.079
0.021
0.000
0.000
0.000
4.268
0.129
0.024
0.000
0.000
0.000
4.285
2.901
0.000
0.000
2.788
4.032
0.062
0.002
0.000
0.000
0.000
0.051
0.000
0.048
9.750
1.500
1.796
0.027
0.003
0.003
0.000
0.292
14.622
0.082
0.000
0.196
17.877
0.086
0.000
0.000
0.000
0.000
0.000
5.116
4.187
11.436
29.411
25.873
0.385
0.072
0.000
0.000
0.000
0.000
0.002
0.000
0.000
1.500
0.000
0.549
6.734
1.943
6.899
7.423
2.180
8.054
3.680
17.614
17.480
4.777
0.000
6.329
3.869
0.251
0.000
0.000
1.772
12.710
0.165
0.000
0.117
0.000
0.000
0.000
0.000
0.172
0.367
5.019
11.031
79.522
0.000
12.583
2.789
3.742
12.523
19.892
22.395
7.769
16.732
25.159
4.319
0.000
0.000
0.216
4.855
13.534
44.028
26.649
30.420
9.920
17.891
13.800
5.200
11.065
23.137
29.893
69.616
55.261
1.540
7.237
0.000
0.000
0.000
2.923
5.193
16.573
13.184
78.427
2.443
6.012
10.324
20.538
9.186
14.202
16.608
7.277
16.699
0.962
2.889
11.120
5.308
8.516
3.140
2.978
9.110
5.867
9.380
5.503
30.375
11.131
4.743
6.461
18.364
17.513
23.629
0.348
2.074
4.019
14.735
3.732
1.023
15.161
11.096
17.321
19.022
7.660
18.745
14.840
20.565
17.115
5.613
3.188
1.555
2.534
4.913
6.980
13.980
7.162
4.570
20.567
9.802
3.540
6.475
23.988
5.236
8.861
19.187
26.884
17.741
6.121
7.263
11.862
5.802
0.718
9.045
5.637
1.998
18.438
10.398
5.809
14.385
19.049
22.767
1.881
10.904
167.214
50.508
10.295
22.470
9.467
5.629
20.495
11.441
25.576
4.873
7.268
10.423
41.609
5.768
13.572
4.242
11.323
4.134
1.878
15.810
25.641
18.035
19.269
46.522
13.608
11.225
2.403
13.012
16.315
6.065
19.760
15.389
10.739
63.168
20.658
6.503
0.966
31.328
2.249
0.206
1.447
16.704
16.299
2.810
4.305
11.465
6.705
39.503
3.550
16.603
10.875
8.454
28.334
0.573
9.019
18.121
32.008
3.176
14.977
24.809
16.855
27.665
4.968
3.476
24.343
1.409
2.805
1.068
2.565
4.676
3.965
2.872
1.926
6.077
6.274
0.055
0.192
3.533
6.042
2.506
7.227
7.445
6.413
16.514
13.668
34.844
2.287
5.442
27.765
3.334
1.027
2.493
5.531
9.105
8.205
2.571
6.192
16.016
13.517
4.693
7.169
3.773
42.109
38.651
10.773
8.446
8.689
20.050
55.260
1.729
6.039
3.395
8.954
13.295
65.915
0.220
1.593
0.051
0.233
0.000
0.148
5.388
7.982
2.705
11.055
8.765
2.513
10.077
0.412
0.086
7.666
6.187
6.441
2.458
1.777
4.559
2.050
1.051
0.003
0.196
0.000
0.000
0.000
0.000
0.227
5.359
13.558
5.552
0.216
10.566
0.498
0.000
0.000
2.311
4.110
0.383
3.461
5.205
5.205
5.486
0.735
3.433
0.584
0.000
0.000
0.000
0.000
0.000
0.587
8.068
0.930
0.000
0.000
0.000
2.005
8.195
14.454
0.179
7.859
2.596
0.000
0.000
0.000
