19790101
3.092
7.834
5.493
10.145
5.352
0.520
4.606
6.161
4.496
2.513
4.622
2.663
2.329
5.047
3.413
4.025
3.020
1.442
7.684
14.686
4.842
6.513
4.243
7.892
3.155
3.196
4.276
3.232
5.170
2.517
12.681
4.463
17.896
21.731
6.084
0.031
6.726
4.427
4.541
6.561
7.402
4.964
13.826
6.447
21.171
2.436
10.678
9.033
3.315
8.417
2.438
3.450
12.398
5.303
4.395
9.155
4.563
15.029
4.137
9.524
5.239
6.173
13.139
70.319
2.135
9.354
6.123
9.122
4.776
7.866
5.380
3.140
0.333
13.098
10.320
13.719
14.667
19.861
21.679
11.563
3.886
5.723
20.187
19.250
15.185
5.843
2.146
9.747
10.947
10.183
7.742
2.297
8.470
11.106
2.956
5.828
0.463
0.000
0.000
1.773
0.000
6.957
9.956
11.900
7.004
14.262
8.377
6.434
11.220
1.720
11.335
17.956
27.188
2.510
0.120
0.148
0.000
0.000
2.800
4.762
7.505
6.983
3.557
5.531
1.725
6.657
1.669
1.969
9.486
1.099
6.812
4.051
4.570
3.543
5.562
4.728
2.520
0.364
12.710
13.053
6.818
0.858
4.782
6.969
0.106
2.262
6.321
0.213
5.984
10.066
1.548
0.000
0.000
0.000
0.000
0.000
0.000
0.470
0.000
0.199
0.156
0.000
0.000
0.000
4.959
0.321
0.000
0.000
0.000
0.000
0.000
0.000
0.000
0.000
0.000
0.000
0.000
0.000
0.000
0.000
0.000
0.000
0.000
0.000
0.117
0.024
0.000
0.000
0.000
0.000
0.000
0.000
0.000
0.000
0.000
0.000
0.208
0.000
0.000
0.000
0.348
0.000
0.000
0.323
2.836
0.000
0.000
0.000
1.114
0.000
0.000
0.000
0.000
0.000
0.000
0.000
0.000
0.000
0.000
0.666
2.346
0.000
0.000
0.000
0.000
0.000
0.663
0.000
0.508
0.007
0.347
0.024
0.257
0.000
0.000
0.000
0.000
0.000
0.000
0.000
0.843
0.130
0.000
0.000
0.721
4.738
2.898
0.371
0.000
0.000
0.000
0.000
0.680
3.080
1.195
0.000
0.065
0.000
0.000
0.571
2.814
0.000
0.000
0.000
0.000
0.000
0.000
0.082
0.017
1.789
0.158
0.000
0.000
0.000
0.000
0.000
0.000
0.000
2.173
2.530
1.754
1.730
0.117
2.184
0.196
0.000
0.000
0.501
0.769
0.000
0.000
0.000
0.003
0.000
0.000
0.103
0.838
0.000
1.274
6.001
0.312
3.718
0.185
0.031
0.093
6.304
4.575
4.249
4.060
0.987
19.754
14.371
6.333
0.800
0.000
0.000
0.300
62.462
57.780
1.469
4.161
0.000
6.857
8.925
6.343
5.601
2.702
11.735
8.683
4.796
0.000
0.000
0.000
0.000
0.000
0.000
0.333
5.409
7.107
77.158
0.076
0.288
0.003
0.257
8.421
0.197
0.003
11.738
8.768
14.159
0.024
1.707
8.743
13.903
14.840
3.577
3.377
6.218
1.871
0.695
11.906
16.981
5.334
4.551
30.312
58.355
4.206
0.257
2.249
0.000
12.140
4.731
10.092
3.437
6.763
0.937
2.427
14.093
13.295
3.739
0.748
3.959
2.932
1.325
0.786
15.171
15.571
7.072
3.533
0.165
1.948
2.633
8.486
4.343
14.959
20.895
13.530
5.790
9.338
0.731
0.027
7.321
6.054
13.462
0.381
0.692
3.136
2.833
0.048
2.570
0.000
5.560
25.528
5.946
4.539
1.221
2.259
1.157
1.155
0.285
1.099
0.297
0.000
0.000
0.000
0.000
2.007
11.240
5.626
0.597
3.196
0.872
17.741
0.842
7.276
1.528
4.106
1.260
6.716
8.137
6.841
2.880
7.531
5.059
2.951
2.477
6.561
5.502
10.583
9.187
1.768
50.410
4.319
5.060
50.413
14.287
0.275
9.088
7.158
9.555
1.023
2.184
3.797
7.996
2.784
2.777
10.808
8.617
6.197
0.371
12.703
156.596
1.281
4.137
4.652
2.788
0.014
0.000
0.038
3.141
5.655
4.498
10.732
8.768
2.417
12.998
1.208
8.121
0.568
0.000
0.000
0.000
2.360
4.570
4.295
5.117
4.463
2.731
1.717
6.008
5.577
8.647
6.571
8.645
3.504
10.811
6.285
2.374
11.477
0.218
0.024
0.000
0.000
0.000
0.021
1.909
10.919
6.880
6.497
0.530
1.439
0.000
0.000
0.000
0.000
0.000
0.000
0.000
0.000
0.000
3.838
2.367
0.113
0.000
0.280
0.000
0.076
0.000
0.000
0.000
0.000
4.874
3.274
2.031
0.000
0.434
0.000
0.000
1.885
0.376
0.000
0.000
0.000
0.000
0.000
0.021
0.000
0.000
0.000
0.000
0.000
0.000
0.000
0.000
0.000
0.000
0.000
0.000
0.000
0.000
0.000
0.000
0.000
0.000
0.000
0.027
8.932
3.250
0.000
0.000
0.000
0.000
0.000
0.076
0.000
0.000
2.692
0.402
0.079
0.130
0.021
0.000
0.000
0.000
0.000
0.000
0.000
0.010
0.000
0.000
0.000
0.841
0.000
0.621
0.179
0.000
0.000
0.000
0.000
0.000
0.000
0.000
0.402
0.000
0.000
0.000
0.000
0.000
6.698
0.007
0.000
0.000
0.000
0.014
2.908
0.000
0.000
0.000
0.000
0.422
0.385
0.027
0.000
0.000
0.079
0.000
0.000
0.000
0.000
0.000
0.312
0.000
13.565
10.543
0.021
0.014
0.000
0.000
0.251
0.000
0.000
5.606
0.000
0.000
7.896
4.274
0.302
16.097
17.537
0.254
0.541
4.053
3.323
2.139
4.389
4.655
0.463
0.000
0.021
0.687
0.673
0.000
0.000
0.000
0.010
0.000
0.000
0.000
7.663
11.470
12.284
0.304
0.007
0.084
0.000
1.943
4.429
15.266
4.252
12.938
0.086
2.220
4.169
12.382
27.923
10.054
13.017
3.811
12.070
2.005
7.395
15.235
16.655
14.183
0.556
0.985
0.000
6.784
2.898
7.728
0.069
0.000
6.314
0.000
8.497
11.278
2.918
8.700
0.000
0.000
15.015
4.199
0.168
12.435
6.564
13.925
10.042
15.745
13.784
0.951
1.047
7.000
9.500
15.086
4.089
7.622
5.766
23.439
3.004
7.514
0.429
0.350
12.631
18.394
9.077
13.221
1.552
10.808
12.387
5.720
10.190
2.139
0.000
0.000
0.257
7.107
15.329
1.164
1.289
10.485
7.941
22.120
1.033
13.745
22.522
3.529
0.213
4.721
10.456
7.574
7.323
13.431
12.411
16.057
11.144
6.897
12.229
11.022
5.637
14.766
0.278
10.777
8.786
8.156
4.501
13.626
6.657
2.589
12.112
5.373
51.306
4.398
6.566
18.955
20.702
16.572
2.285
2.026
15.235
9.787
47.845
0.597
1.193
1.496
0.031
5.966
19.434
12.499
6.410
3.607
111.192
42.490
0.525
3.437
10.028
1.070
2.918
2.204
8.923
3.334
11.141
7.186
7.696
18.848
12.799
3.615
5.986
9.663
19.374
4.655
6.008
4.834
8.267
1.171
3.045
15.697
12.191
2.918
3.368
0.106
0.845
2.743
1.675
0.120
2.479
1.248
5.524
2.472
5.373
16.447
2.129
1.533
0.000
0.000
6.769
3.670
9.601
2.374
8.470
2.753
2.142
2.865
3.701
4.795
4.047
2.235
7.651
1.471
1.842
10.159
7.422
0.659
0.000
0.000
0.098
2.181
1.490
2.002
3.335
1.370
0.000
0.000
0.477
1.741
7.883
0.934
1.164
2.350
6.609
0.824
0.000
0.000
3.787
5.759
4.782
2.365
0.556
3.100
4.449
0.360
0.000
0.000
0.000
0.000
0.000
1.051
0.000
0.000
0.000
0.000
0.000
0.000
0.000
4.274
0.055
0.065
0.000
0.000
0.000
0.000
0.000
0.000
0.000
0.000
0.000
0.000
0.000
0.000
0.601
0.000
0.000
0.000
0.000
0.000
0.000
0.000
0.000
0.000
0.000
0.000
0.000
0.000
0.000
0.000
0.000
0.000
0.563
2.987
0.436
0.000
1.009
4.213
0.017
0.000
0.000
0.000
0.000
0.000
0.000
0.000
0.000
0.000
0.000
0.000
0.000
0.041
0.000
0.000
0.017
10.056
12.133
0.000
0.261
0.000
0.000
0.000
0.000
1.229
1.184
0.000
0.000
0.000
0.000
0.129
0.680
0.024
0.024
0.045
0.261
0.309
0.000
0.000
0.000
0.000
3.818
32.597
1.071
0.336
0.003
0.189
0.000
0.000
0.031
0.271
0.000
0.000
0.000
0.000
0.076
0.797
0.000
2.626
7.574
0.000
0.000
0.000
0.014
0.759
1.607
13.383
9.778
0.742
0.000
0.000
0.000
0.000
0.000
0.055
0.000
0.000
0.000
1.620
0.048
0.000
0.000
0.000
0.000
0.041
0.017
0.000
0.069
0.000
0.000
0.021
0.532
7.876
3.111
14.682
9.421
0.659
9.764
18.773
2.635
5.198
58.042
6.633
0.330
13.688
8.384
4.831
3.881
1.926
0.175
9.383
9.081
26.795
2.850
116.658
5.026
5.572
10.979
2.613
101.730
3.577
0.017
8.164
11.282
11.515
1.174
3.960
16.521
14.856
7.055
1.758
7.030
2.015
16.170
11.222
44.189
4.728
11.323
2.805
13.403
10.526
16.171
4.434
26.650
11.851
8.950
9.345
9.780
0.350
4.110
4.216
7.052
11.659
8.590
5.720
7.721
13.668
9.905
8.617
6.932
1.480
1.452
6.595
4.992
13.544
18.121
16.696
3.375
0.463
0.529
11.089
11.264
4.515
17.636
9.893
2.102
0.932
1.409
18.637
22.579
21.835
12.301
15.626
12.076
11.766
15.892
13.433
7.460
10.641
0.486
14.797
3.100
4.286
110.500
0.436
9.883
11.110
9.035
17.539
15.762
18.654
37.630
2.465
3.795
18.215
11.591
7.007
2.376
3.256
9.035
13.050
31.335
103.076
1.329
6.250
2.645
10.373
10.942
9.570
11.050
13.985
7.661
18.340
2.688
10.518
9.323
5.670
2.709
9.632
18.635
0.797
3.349
4.604
3.277
4.240
10.269
10.150
16.117
55.932
93.719
2.563
20.211
5.419
4.262
0.355
10.894
8.137
13.457
17.286
10.214
0.548
0.431
7.435
8.150
11.848
8.853
7.819
6.154
9.088
6.506
0.000
0.402
0.512
0.034
0.275
0.223
0.000
0.000
0.000
0.000
7.062
4.724
2.372
6.118
6.339
1.109
4.891
13.139
6.571
4.185
2.668
12.373
8.683
11.553
11.409
3.231
5.445
4.855
0.106
0.000
0.000
0.000
0.000
0.000
0.017
0.077
2.110
4.218
0.678
0.000
0.000
0.000
4.985
7.018
2.556
4.606
0.742
5.668
2.858
3.831
0.271
0.000
0.000
0.000
10.296
3.816
0.697
0.184
0.505
0.120
0.209
0.000
1.940
0.000
0.000
0.000
0.000
0.000
0.000
0.000
8.366
7.124
1.569
6.120
0.800
4.027
10.931
10.698
2.915
0.058
0.000
0.000
0.000
0.000
0.000
0.000
0.000
1.426
2.341
1.245
0.000
0.000
4.853
9.699
0.639
0.000
0.124
3.238
1.517
0.465
0.000
0.000
3.136
8.392
6.606
0.127
0.000
0.000
0.065
1.085
11.589
0.664
8.540
0.014
0.000
0.000
0.453
0.076
0.048
0.000
0.000
0.000
0.000
0.000
0.034
0.050
0.000
0.177
0.000
0.000
1.423
2.644
0.000
0.000
0.010
0.000
0.446
0.000
0.000
0.000
0.000
0.000
0.416
1.499
6.393
8.331
10.730
0.522
9.038
0.410
1.399
6.815
0.029
3.305
11.893
0.024
0.000
0.000
0.000
2.619
1.509
0.118
0.000
4.681
9.694
1.210
0.000
0.000
7.660
0.010
1.481
0.000
0.000
0.819
5.045
4.400
0.822
6.207
0.010
2.882
0.287
1.547
0.524
0.347
0.007
0.000
0.000
0.000
0.000
3.100
10.722
4.137
2.407
10.234
4.872
10.815
0.621
0.000
3.411
5.950
5.919
1.387
5.653
7.395
28.029
0.000
1.442
3.172
9.210
0.282
0.000
0.000
0.000
0.000
0.000
6.394
10.283
2.758
2.108
4.559
15.556
10.876
14.220
17.049
27.694
0.443
0.000
3.145
5.261
12.274
4.003
10.277
15.722
10.038
2.432
8.738
4.226
0.811
10.888
2.115
6.710
0.862
0.079
0.110
0.561
7.930
3.552
119.943
7.454
3.011
16.284
58.410
5.383
2.831
5.146
1.631
10.135
0.106
11.436
2.407
13.142
7.191
7.831
5.134
8.235
1.957
0.704
7.093
13.220
2.184
4.254
13.316
2.664
3.509
13.060
6.386
0.079
0.000
0.000
14.265
0.227
0.136
7.150
5.187
3.742
14.049
15.623
0.278
12.039
19.133
0.000
6.707
0.669
10.427
34.772
10.933
3.019
1.040
1.947
14.373
17.066
0.736
0.625
0.323
6.847
7.211
5.162
0.058
0.000
0.000
0.055
0.089
0.316
0.000
4.841
34.205
21.406
5.612
1.416
0.383
0.690
9.479
0.072
0.000
0.930
19.896
54.636
0.000
0.000
0.000
0.000
0.000
0.000
0.000
0.498
0.264
8.473
1.293
11.385
18.793
4.937
11.000
8.415
14.111
15.642
3.620
6.121
8.367
4.889
1.890
4.067
4.077
2.407
3.282
4.247
3.749
6.413
4.614
7.285
46.160
129.093
1.394
9.987
7.124
9.606
7.495
4.522
13.712
3.474
5.057
3.159
0.000
3.591
7.553
0.000
0.144
7.021
8.188
0.958
7.745
2.922
4.556
0.597
4.491
6.310
5.881
0.910
11.924
12.229
0.158
1.531
8.889
1.741
1.713
1.772
0.065
8.648
8.477
12.176
10.089
0.034
0.000
0.000
1.538
0.000
0.731
0.000
0.000
3.378
0.069
0.062
0.000
4.659
0.000
0.000
0.000
0.000
0.000
0.000
0.000
0.007
0.077
1.265
0.000
0.000
0.000
0.014
0.000
0.000
0.000
0.000
0.000
0.000
0.000
0.000
0.000
0.007
0.333
0.003
0.000
0.000
0.000
0.000
0.000
0.014
0.611
0.000
0.000
0.000
0.000
0.000
0.000
0.285
0.000
0.062
0.130
0.000
0.000
0.000
0.000
0.000
0.000
0.000
0.000
0.000
0.000
0.000
0.000
0.000
0.000
0.000
0.000
0.000
0.007
0.003
0.000
0.000
0.000
0.000
0.000
0.000
0.000
0.000
0.000
0.000
0.000
0.000
0.347
0.000
0.000
0.172
0.000
4.650
0.000
0.000
0.000
0.000
0.378
0.640
0.784
0.017
0.079
0.000
0.000
0.000
0.000
0.000
0.000
0.000
0.000
0.032
0.000
0.000
0.000
0.184
0.000
0.000
0.038
0.299
0.000
0.192
0.000
10.909
1.409
0.000
4.134
1.631
5.142
0.000
0.088
0.000
1.229
2.104
0.003
0.007
0.118
0.000
0.000
0.450
4.678
4.020
1.088
0.000
5.677
8.815
0.000
0.000
0.000
0.017
7.495
5.588
0.000
17.091
81.750
3.341
0.086
0.025
0.553
0.000
8.159
6.392
0.791
0.209
4.530
0.212
13.366
6.678
0.000
3.631
12.164
0.261
5.040
5.067
3.115
28.528
0.251
0.388
0.112
3.395
3.625
3.217
3.298
13.867
0.683
3.907
0.330
1.974
16.493
11.481
51.263
0.690
0.000
0.000
0.374
0.743
0.000
23.955
2.434
0.333
4.655
12.229
7.388
3.117
7.934
3.140
5.891
9.143
5.704
15.204
3.440
2.081
6.221
12.782
57.137
0.000
5.198
9.453
11.956
14.099
39.010
8.377
14.401
11.716
9.369
8.497
11.357
6.085
10.597
8.750
1.309
0.021
11.301
9.919
10.578
3.047
12.827
9.191
8.557
5.461
4.595
2.939
1.730
5.888
2.546
15.026
8.216
5.387
25.646
0.522
5.088
1.844
3.426
5.086
10.296
14.141
19.641
1.751
3.413
22.062
51.522
14.447
0.213
0.793
0.038
2.063
0.652
7.581
10.719
14.684
4.717
15.384
7.938
2.856
0.264
1.684
14.214
7.519
60.147
8.013
5.982
7.958
10.990
12.799
15.103
1.270
3.354
0.014
0.000
6.815
10.715
3.468
6.139
7.143
1.645
0.457
8.284
0.000
0.000
0.014
12.061
1.061
3.667
18.313
6.449
0.591
0.515
1.916
2.283
6.520
10.283
1.267
8.281
3.196
2.599
15.759
7.714
13.740
18.241
5.346
3.495
18.771
15.456
1.789
9.029
9.541
14.347
5.253
31.102
19.861
0.041
0.000
2.764
2.942
6.633
2.070
5.593
0.529
2.043
8.348
3.080
9.606
6.312
7.241
7.242
2.743
4.046
3.662
0.191
5.830
2.616
1.342
4.939
0.064
1.660
8.583
5.866
3.916
0.000
4.724
0.215
9.508
10.969
1.926
8.341
5.275
0.433
2.311
5.737
0.096
6.063
10.440
5.593
1.030
2.661
5.318
0.621
2.108
6.523
4.865
5.991
5.630
7.632
1.195
0.000
0.017
0.000
3.660
5.322
0.779
0.000
0.000
2.942
2.427
0.130
0.000
0.000
0.206
0.687
4.415
1.538
6.094
5.297
6.427
0.000
1.085
0.930
5.809
3.430
3.074
2.314
2.496
0.000
0.000
0.000
0.000
0.000
0.000
0.000
0.000
0.000
0.000
0.000
0.000
0.000
0.000
0.000
0.000
0.000
0.000
0.014
4.160
2.081
0.000
0.592
0.000
0.062
0.000
0.000
0.000
1.248
0.000
0.112
0.000
0.000
0.000
0.000
6.362
3.332
16.531
6.616
36.088
9.817
0.000
0.000
0.000
0.000
0.000
0.000
0.000
0.000
0.000
3.880
0.000
0.946
1.089
0.014
0.000
0.000
0.000
3.512
0.086
1.178
0.000
0.000
0.000
0.000
0.000
1.178
12.696
0.439
0.051
0.211
13.239
21.871
0.792
0.000
0.000
0.000
0.000
0.000
0.000
0.000
0.000
1.291
1.552
0.000
0.000
0.000
0.024
0.000
0.000
1.222
15.668
0.369
0.661
7.109
0.000
0.000
0.000
0.000
2.671
2.518
9.466
16.205
0.173
16.522
18.218
23.114
60.782
0.697
0.082
0.740
8.799
14.464
6.030
4.104
0.007
14.274
9.790
16.893
19.645
19.496
4.055
0.314
0.000
7.036
20.216
0.203
5.766
0.000
12.645
7.294
1.830
0.000
1.064
3.021
5.508
29.409
6.033
0.285
6.482
1.687
6.418
9.702
3.127
0.548
11.362
0.441
11.143
16.401
10.245
4.597
0.211
7.692
15.067
4.249
8.070
1.615
0.000
1.863
2.249
16.284
14.171
14.790
16.521
12.562
3.377
3.167
15.770
19.333
3.708
6.496
11.082
4.810
59.855
11.426
1.511
4.951
6.388
13.153
0.518
9.156
0.199
12.276
3.787
2.245
0.038
7.922
12.353
8.562
0.316
0.484
9.052
10.545
3.921
9.146
15.333
12.418
47.787
7.931
9.591
24.179
2.165
6.714
5.011
0.742
1.682
3.716
8.412
5.212
0.622
6.608
22.723
13.657
9.702
9.963
5.531
11.688
3.378
0.850
49.399
2.688
1.744
2.887
16.193
18.012
14.850
19.379
14.159
3.770
21.458
2.829
16.857
7.203
10.574
9.579
1.648
4.408
1.892
10.372
7.491
9.970
8.265
5.991
6.121
19.120
6.327
11.484
4.817
2.431
11.443
4.202
0.179
4.010
14.420
17.654
2.168
10.252
9.531
18.533
0.875
12.696
11.635
29.062
3.522
12.078
9.297
6.022
1.579
2.050
3.208
9.737
10.756
3.056
7.910
0.151
8.566
24.728
28.738
9.908
12.906
0.965
1.483
73.931
8.741
5.953
1.233
9.987
3.831
2.541
0.421
0.757
0.719
4.005
9.335
3.147
3.457
11.161
7.277
6.187
1.888
5.423
4.223
3.325
2.673
6.945
23.974
0.584
4.139
0.417
2.475
1.579
0.024
3.708
1.901
5.510
1.957
6.435
0.952
1.621
2.029
15.050
3.838
0.326
0.000
0.000
0.000
0.000
0.000
0.000
0.000
0.000
0.000
0.000
0.000
0.000
0.000
7.191
0.000
0.000
1.703
7.993
4.555
2.026
0.000
0.000
0.000
0.000
0.000
2.884
0.021
29.025
0.000
13.798
5.838
128.885
0.357
0.000
0.000
2.000
0.206
0.000
0.000
0.000
0.000
0.000
0.000
0.000
0.000
0.000
0.000
0.000
0.000
0.000
0.000
0.000
0.000
3.395
5.847
0.110
13.853
16.244
5.435
0.017
0.000
0.000
0.000
0.000
0.000
0.000
0.000
0.000
0.000
0.000
0.000
0.000
0.000
0.000
0.814
0.084
0.000
0.041
0.208
0.000
0.000
0.000
0.000
0.577
1.233
4.540
0.376
0.000
1.186
8.633
0.165
0.000
0.000
0.000
0.000
0.000
0.000
0.000
0.000
0.000
0.000
0.007
2.025
0.000
4.257
16.428
0.271
0.904
3.371
0.000
0.000
0.126
0.000
0.000
0.000
5.286
1.548
0.045
0.000
0.000
0.000
2.352
0.038
0.000
0.000
0.000
0.793
7.390
0.021
4.389
0.000
0.000
0.000
0.000
0.031
0.311
2.585
0.000
0.318
0.017
0.041
6.422
0.000
7.314
14.977
0.645
0.000
6.061
28.817
0.089
6.197
0.000
0.058
0.687
1.044
0.103
1.160
0.000
0.069
3.145
3.711
12.439
7.007
1.502
6.695
0.055
0.000
0.014
0.489
0.536
0.244
1.991
0.994
7.601
5.730
9.320
1.370
0.045
0.000
0.000
0.278
3.516
0.000
0.000
5.019
7.615
0.395
26.273
13.482
10.210
1.269
6.695
11.306
12.435
1.648
0.106
0.000
1.545
5.342
0.175
0.000
16.328
5.601
8.665
2.008
0.062
0.000
1.875
0.000
2.880
1.825
2.311
0.031
0.711
8.878
0.841
5.527
8.193
7.584
0.826
11.005
10.622
0.367
9.586
1.373
0.227
10.248
3.498
8.899
5.579
5.589
8.384
9.901
24.101
39.300
0.021
18.739
5.795
1.717
4.817
3.217
10.283
17.372
13.922
7.419
14.759
2.520
16.613
11.034
5.994
4.552
42.963
1.329
5.232
14.509
1.188
1.294
16.579
2.355
3.310
0.069
1.954
20.210
8.272
0.632
44.275
6.187
17.551
1.253
8.459
28.685
2.431
30.787
15.323
0.580
3.277
3.823
5.057
6.017
16.361
27.655
12.209
1.286
2.903
7.756
11.920
7.071
10.597
25.578
122.618
3.837
6.963
27.303
18.379
10.289
8.926
9.680
6.291
4.280
6.376
3.059
7.069
7.563
5.459
1.013
3.433
7.577
8.995
10.749
18.217
0.999
0.736
9.857
5.939
27.064
2.015
0.182
3.838
0.000
3.835
10.530
13.671
4.199
4.171
10.578
13.925
5.833
1.706
5.157
5.328
2.063
3.952
1.188
9.809
2.517
4.556
2.534
1.993
0.371
3.052
3.787
3.447
1.954
4.346
2.098
2.628
7.567
4.503
4.968
8.013
5.064
3.540
5.206
2.117
3.540
7.982
0.826
9.369
5.134
-99.000
0.038
0.875
0.000
0.000
0.000
0.024
2.566
3.165
0.397
2.884
0.196
0.000
8.394
2.716
0.000
0.000
0.000
0.000
0.000
0.000
0.000
0.000
0.000
0.000
0.000
0.000
0.000
0.000
0.000
0.000
0.000
0.000
0.000
0.000
0.000
0.000
0.000
0.000
0.000
0.000
0.000
0.000
0.000
0.000
0.093
3.747
0.165
0.000
0.000
0.000
0.000
2.245
0.189
0.000
0.000
0.000
0.000
0.000
0.000
0.000
0.000
0.000
0.000
0.055
0.000
0.000
0.000
0.014
0.000
0.000
1.215
0.000
1.221
0.003
4.209
1.490
0.000
0.000
4.268
2.115
1.909
0.000
0.000
0.000
0.000
0.000
0.000
1.334
0.003
0.000
3.560
0.034
0.170
0.000
0.000
0.000
0.569
9.900
0.125
0.000
0.000
0.000
0.000
0.000
1.402
0.113
40.119
1.533
4.978
2.603
0.024
0.000
0.000
0.000
0.003
0.000
0.000
0.000
0.000
0.000
0.000
0.000
0.000
0.000
0.000
0.000
0.000
0.000
0.000
0.000
0.000
0.000
1.214
1.009
0.216
0.000
0.000
0.000
0.412
0.687
0.185
3.385
0.779
0.268
8.638
12.174
0.055
0.000
0.000
0.038
2.918
0.000
0.000
0.010
0.000
0.000
15.297
7.188
12.312
5.387
19.243
1.303
1.502
0.168
10.495
0.000
0.000
0.000
0.000
0.297
0.905
0.731
0.000
4.302
0.144
15.324
27.951
4.782
4.341
11.365
10.530
14.759
4.524
17.618
3.500
13.343
105.810
0.287
0.010
1.478
10.015
4.788
31.735
6.954
1.230
1.256
0.407
0.003
3.686
4.279
18.401
5.165
21.253
18.087
13.293
0.357
4.295
-99.000
-99.000
-99.000
-99.000
-99.000
-99.000
-99.000
-99.000
15.295
5.181
6.777
6.350
11.802
6.945
2.937
7.639
15.460
2.108
4.185
2.335
1.648
3.519
18.131
15.685
37.889
0.910
0.261
1.020
9.881
11.692
11.474
2.729
4.999
14.317
12.421
13.033
1.459
0.591
5.960
0.025
13.982
120.354
7.081
0.014
0.065
11.280
9.011
7.086
0.038
0.000
0.000
0.000
0.000
0.000
3.965
1.941
16.182
5.842
13.296
0.487
9.147
20.914
19.332
6.233
8.398
10.991
6.942
2.474
1.164
17.779
21.650
1.045
16.775
6.875
2.341
4.508
12.071
22.585
0.091
0.000
0.000
0.000
0.000
0.000
0.000
4.634
18.479
6.298
5.080
8.470
5.306
8.259
0.615
2.142
10.717
5.014
4.932
8.984
15.050
6.650
4.190
0.252
0.391
5.564
3.385
6.391
11.065
6.273
2.190
0.000
2.446
3.607
13.621
10.569
16.107
14.238
0.771
0.000
9.944
2.254
2.020
0.784
1.960
8.466
8.547
3.823
5.609
5.168
0.484
5.950
2.699
4.412
1.332
7.819
6.839
2.626
10.238
0.069
0.000
0.000
0.000
0.065
3.486
5.644
4.268
6.969
3.912
1.950
4.913
5.483
0.439
0.000
0.179
0.000
0.000
0.000
0.000
0.000
0.000
2.609
0.735
0.000
2.915
0.048
4.597
5.823
1.893
0.439
0.000
0.000
0.021
2.630
1.377
2.304
13.642
1.387
0.000
0.000
0.000
0.000
0.000
0.000
15.899
0.000
0.000
0.000
0.000
0.000
1.044
5.261
5.531
3.280
0.000
0.000
0.000
0.000
0.000
0.360
4.049
2.583
4.685
0.000
0.000
0.000
0.000
0.034
0.086
1.354
3.219
0.000
0.000
0.000
0.000
0.000
2.863
0.000
0.000
0.000
2.517
0.000
0.000
0.000
0.000
0.000
0.000
0.036
0.125
0.000
0.000
0.000
0.000
0.000
0.007
0.046
0.000
0.000
0.003
0.968
0.000
0.000
0.000
0.000
0.000
0.000
0.000
0.000
0.000
0.000
0.000
0.082
0.290
0.000
0.000
0.000
0.000
0.000
0.000
0.014
1.408
0.000
0.000
0.031
0.170
0.000
0.000
0.000
0.029
3.165
0.878
0.000
0.000
0.112
0.024
0.506
0.436
2.020
0.000
0.000
0.592
0.216
0.000
0.000
12.154
0.000
0.000
0.000
0.017
3.358
0.000
0.000
0.000
0.000
0.000
0.003
0.000
0.000
0.000
1.861
0.000
8.356
28.934
2.425
4.587
7.071
0.000
0.000
6.829
23.928
3.004
0.000
0.010
0.003
0.172
0.354
4.199
3.976
0.000
0.000
0.000
0.086
0.000
0.154
20.496
1.081
3.395
0.151
3.983
18.505
19.937
0.010
4.752
10.258
2.776
22.920
0.007
0.000
3.286
12.506
7.569
6.252
2.407
0.295
2.338
1.852
0.000
16.184
4.470
13.178
0.340
0.062
0.079
17.580
0.381
5.624
3.159
0.735
1.538
0.100
5.557
15.353
3.454
0.996
3.255
9.366
5.927
7.182
9.634
0.089
0.000
8.829
7.344
0.978
4.923
10.033
0.182
0.000
0.024
0.000
26.716
40.294
5.102
7.618
5.179
0.014
5.941
3.277
9.103
5.406
3.500
1.730
3.952
7.268
9.855
8.010
0.925
5.577
21.235
3.650
7.570
9.050
9.472
1.674
5.429
10.531
2.290
0.000
0.072
8.324
4.130
4.841
1.282
6.703
12.483
16.244
20.052
6.588
1.917
4.532
19.967
13.532
0.805
13.659
11.402
11.941
6.594
5.983
0.573
10.758
11.805
9.902
12.957
8.835
6.379
0.240
1.998
5.878
7.529
0.000
2.901
3.883
13.438
9.108
0.041
9.881
7.790
7.340
2.733
7.224
3.845
0.038
1.730
10.791
14.837
6.413
2.335
3.605
5.486
0.373
2.424
3.121
12.614
5.055
8.253
2.983
17.824
7.409
2.475
26.923
3.548
10.162
11.699
5.133
12.591
5.570
5.419
10.626
0.513
10.677
3.490
2.707
7.778
11.184
0.927
10.061
0.422
41.182
0.000
8.315
1.754
8.678
4.113
5.991
0.294
0.072
0.000
1.610
0.481
0.791
3.859
1.945
0.003
7.969
4.952
9.496
3.615
2.513
4.552
0.000
8.368
1.480
3.172
3.849
2.887
7.587
9.448
5.871
4.717
3.049
10.701
0.306
0.536
1.490
1.538
2.070
66.244
3.691
0.086
0.000
5.533
0.403
0.000
0.000
1.027
1.284
0.010
0.000
0.000
0.000
0.000
0.000
0.000
6.793
6.513
3.871
0.017
3.011
1.830
0.000
5.088
4.851
0.797
0.807
0.951
0.000
2.038
2.297
0.551
0.000
0.000
4.439
2.046
10.049
0.364
0.000
0.000
0.000
0.000
0.000
0.000
0.000
0.000
0.000
0.000
0.000
0.000
0.000
0.000
0.000
0.000
0.000
0.000
0.000
0.000
0.000
0.000
0.000
0.000
0.000
0.000
0.000
0.000
0.000
0.000
0.000
0.000
0.000
0.000
0.000
0.000
0.000
0.000
0.055
0.051
0.000
0.000
0.000
0.000
0.000
0.000
0.000
0.000
0.000
0.000
0.000
0.000
0.000
0.000
0.577
0.000
0.000
0.000
0.000
0.000
0.000
0.000
0.000
0.000
0.580
0.000
0.000
0.000
14.365
18.670
34.456
0.045
0.000
0.000
0.000
0.000
0.000
3.474
2.348
0.000
0.124
0.151
0.000
0.000
0.000
2.331
0.000
0.000
6.727
0.217
0.000
0.827
7.849
5.219
0.000
0.912
0.314
0.000
0.000
0.889
4.384
0.000
3.971
17.425
0.622
15.899
0.000
0.000
0.000
0.000
0.000
0.000
0.000
0.000
0.795
0.887
7.581
0.000
0.017
0.007
0.129
0.136
5.941
7.881
4.178
1.756
0.027
0.003
2.759
0.038
6.681
1.311
1.926
3.107
8.458
11.016
30.520
108.602
0.762
0.167
0.000
12.408
19.624
11.750
29.212
18.043
5.699
6.130
0.508
6.369
14.364
11.781
0.664
13.287
81.053
18.843
0.577
8.557
8.002
18.237
10.167
2.793
0.417
8.568
32.808
2.177
10.411
0.027
4.365
9.364
8.787
11.734
5.624
13.032
2.232
3.283
6.557
12.334
2.901
0.027
11.288
4.704
7.852
12.617
1.619
1.847
1.735
3.900
1.603
7.857
1.425
6.073
11.692
28.904
41.309
76.709
24.704
3.579
1.548
1.056
5.929
11.330
7.678
1.068
14.699
1.133
6.255
19.449
12.001
2.939
2.920
0.333
0.704
3.030
7.605
4.473
2.547
5.685
7.454
0.096
6.595
0.003
0.000
17.839
21.171
1.485
1.449
4.250
9.568
12.562
13.177
91.945
6.063
0.185
3.586
5.280
1.847
4.642
13.692
2.348
14.684
6.434
7.615
1.442
0.422
3.025
10.022
4.518
0.000
9.802
14.911
5.771
4.920
17.925
24.438
5.682
2.142
3.622
4.868
2.613
6.194
8.248
0.721
19.061
1.620
3.272
1.202
15.551
3.382
10.090
3.725
13.417
11.527
5.445
9.270
4.875
4.758
4.590
0.800
2.293
14.979
20.184
25.591
10.767
1.267
0.165
0.742
15.223
0.522
1.658
15.673
8.209
12.160
12.294
14.268
18.622
42.072
3.703
7.297
7.222
4.570
41.521
0.017
0.000
0.000
0.000
0.000
0.879
9.972
6.111
10.116
7.819
5.208
0.259
0.003
0.000
0.000
0.000
0.000
0.676
0.582
0.972
0.146
6.972
2.977
5.744
9.496
9.934
0.432
3.837
2.367
4.784
0.285
2.723
3.262
1.751
5.148
7.912
0.302
0.000
0.000
1.917
6.758
4.769
7.969
0.368
0.000
0.000
0.000
3.613
0.119
1.686
1.859
0.043
0.014
2.753
10.286
2.688
6.417
4.326
0.000
0.930
0.000
0.000
0.000
0.000
0.000
0.000
0.000
0.000
0.000
0.000
0.000
0.000
0.000
0.000
0.000
0.000
0.000
0.000
0.000
7.404
7.630
2.462
0.336
0.000
0.130
2.038
3.035
3.789
0.000
0.000
0.000
0.041
0.000
0.000
0.010
0.000
0.000
0.000
0.000
0.003
0.000
0.000
0.000
0.000
0.000
0.000
0.000
0.477
3.512
0.000
0.000
0.000
0.000
0.000
0.000
0.000
0.000
3.650
0.112
0.000
0.000
0.000
0.237
0.000
0.088
0.045
0.000
0.000
0.000
0.000
0.000
0.895
0.000
0.000
0.000
0.000
0.000
0.000
0.000
0.000
1.045
0.197
0.062
0.000
0.000
0.000
2.800
1.116
0.000
0.000
0.021
4.645
0.000
0.000
0.000
0.299
0.051
0.000
0.154
11.017
0.065
0.000
0.000
4.700
0.000
0.000
0.021
0.707
1.851
6.022
2.057
8.453
16.119
1.167
0.000
0.000
0.649
53.091
0.144
2.499
6.734
88.677
44.555
11.414
3.045
6.390
16.164
14.011
2.000
0.000
2.791
1.236
0.000
0.000
0.000
0.163
3.583
13.536
5.625
21.787
6.588
5.781
0.243
0.000
4.478
5.361
4.458
0.000
0.000
0.000
0.000
0.017
4.160
1.241
4.015
10.743
2.453
0.000
7.187
9.455
8.693
24.158
18.472
0.045
0.000
6.464
8.166
0.958
3.109
8.828
3.136
1.289
14.117
5.535
9.371
8.784
8.617
13.285
13.469
6.842
8.430
3.373
18.450
14.071
5.655
9.127
8.525
4.113
5.699
7.193
84.214
3.741
2.702
5.310
6.638
8.211
18.636
103.500
3.454
4.230
1.178
14.464
8.417
12.054
9.979
8.139
10.991
14.123
12.265
32.480
5.821
7.809
6.920
6.654
8.846
5.897
8.854
15.755
18.435
7.907
13.429
10.125
10.961
18.136
5.823
4.231
18.321
19.169
11.143
8.597
3.316
3.418
4.327
1.893
0.151
19.549
6.037
1.660
4.659
5.706
18.910
19.851
12.741
8.935
16.023
7.254
5.407
1.051
1.442
8.602
14.548
2.633
0.024
10.317
10.454
13.189
20.205
0.582
12.027
11.362
11.743
7.054
8.398
3.893
4.254
9.112
8.806
17.628
10.743
1.033
6.581
6.170
0.644
11.161
1.909
14.294
0.345
1.641
8.885
13.410
9.028
3.601
1.593
4.219
4.436
9.328
0.374
7.828
0.089
0.007
3.189
13.057
7.639
8.559
2.623
10.272
0.652
2.204
11.074
10.938
1.483
3.818
13.407
5.122
6.787
9.737
12.288
12.552
1.590
9.204
6.911
5.761
9.101
4.268
0.041
5.074
5.517
0.000
0.000
0.000
0.000
0.000
0.000
0.196
2.355
0.615
7.514
0.920
9.924
14.384
18.112
6.338
3.740
3.356
0.685
7.227
6.611
0.319
0.000
7.807
0.645
0.000
0.000
0.000
0.000
0.000
0.000
0.000
0.000
0.000
0.000
0.000
4.710
4.491
7.496
6.155
0.843
0.000
0.000
0.436
0.000
0.000
0.017
0.000
0.000
0.000
0.000
0.000
0.000
6.381
3.214
0.130
0.000
0.000
0.000
0.000
0.000
0.000
0.000
0.000
0.706
0.043
0.000
0.000
0.000
0.000
0.000
0.000
0.000
0.000
0.000
0.000
0.000
0.000
0.000
0.000
0.000
0.000
0.000
0.000
0.000
0.000
0.000
0.000
0.000
0.494
0.000
6.945
6.393
5.553
2.963
0.069
0.000
0.000
0.000
0.000
0.000
0.000
0.082
0.000
1.466
0.367
0.000
0.388
0.000
1.196
0.000
0.014
0.213
1.051
0.221
3.238
0.000
0.000
3.346
0.000
0.000
0.000
0.000
0.000
0.000
0.000
0.348
0.000
0.637
0.264
0.000
0.000
0.000
0.309
0.000
0.000
0.113
0.000
1.179
0.000
0.000
2.139
0.982
0.000
0.000
0.000
0.000
0.000
0.000
0.000
0.034
2.863
8.798
0.000
8.089
4.851
9.067
2.314
4.686
9.332
6.175
0.000
0.000
0.000
0.000
0.000
0.045
0.000
0.000
0.000
1.116
1.657
1.226
1.984
0.000
5.872
10.871
0.053
0.064
0.000
0.000
0.000
3.723
0.385
0.127
0.597
7.016
0.000
1.880
9.311
6.532
3.768
14.651
2.848
0.819
0.000
3.210
15.202
0.000
11.137
9.386
14.341
6.630
2.644
1.857
0.862
0.000
5.514
10.574
3.157
6.427
13.903
0.385
122.079
1.972
4.364
1.116
7.567
10.667
12.432
6.973
10.382
13.673
0.113
2.190
15.450
85.477
0.906
5.924
3.373
13.094
18.793
13.453
7.512
6.865
3.818
13.784
7.438
7.248
6.753
3.801
12.306
17.022
14.304
11.802
2.216
2.317
6.519
2.122
0.124
12.538
13.621
3.775
5.883
0.021
13.844
1.617
7.850
2.891
0.439
9.747
0.130
2.115
4.285
5.133
0.120
4.346
10.430
6.432
19.684
26.510
1.088
7.134
0.865
0.000
15.619
12.641
0.460
11.182
8.542
11.034
11.613
3.243
12.837
0.920
3.402
0.769
0.858
0.900
6.341
11.589
11.684
2.738
12.032
2.606
7.920
10.022
12.272
74.283
0.335
5.409
0.767
6.491
14.394
6.039
7.084
15.110
23.372
3.694
6.693
0.395
1.069
6.798
2.426
0.606
0.251
0.000
3.595
7.780
7.028
0.906
8.865
7.454
1.469
4.350
13.063
8.480
14.200
0.388
2.594
4.717
7.433
8.858
2.184
10.513
1.720
3.900
14.821
0.000
0.000
0.227
5.019
3.852
6.784
1.820
5.668
5.761
4.322
2.489
10.701
10.753
9.795
20.074
11.886
0.467
0.783
0.017
0.189
1.895
0.041
0.534
1.579
9.963
2.403
1.950
0.000
0.000
1.003
7.035
5.229
1.806
2.740
0.173
0.158
2.702
3.897
4.079
7.290
3.066
5.510
0.000
1.624
1.397
4.810
8.387
14.780
2.740
0.000
0.000
0.000
0.000
0.000
0.000
0.257
0.007
6.357
1.167
7.100
2.254
6.341
4.350
2.650
1.336
0.000
0.000
1.723
0.000
0.065
0.000
0.000
0.000
0.000
0.000
0.000
0.000
0.000
0.000
0.000
0.000
0.000
4.041
9.059
1.023
0.000
0.000
0.000
0.000
0.965
0.088
0.000
0.000
0.000
0.000
0.000
0.000
0.000
0.000
0.000
0.000
0.000
4.448
1.938
0.000
0.000
0.000
0.000
0.000
0.000
0.000
0.000
0.064
0.000
0.000
0.000
0.000
0.000
0.000
0.000
0.000
0.000
0.000
0.000
0.000
0.000
0.000
0.000
9.248
0.000
0.000
0.000
0.000
0.000
0.000
0.000
0.000
0.000
0.000
0.051
0.465
0.642
0.000
0.000
0.000
0.000
0.000
0.031
0.000
0.000
1.452
3.086
0.343
0.000
0.000
0.000
0.000
0.000
0.000
0.000
0.412
0.096
0.017
0.007
0.000
1.003
0.477
0.038
0.000
0.000
0.000
0.000
0.000
0.000
0.000
0.000
0.000
0.000
0.034
0.000
1.861
0.477
0.266
0.319
0.731
0.055
6.925
0.199
3.952
28.293
1.631
0.007
3.251
0.024
16.459
8.916
0.000
0.000
0.113
2.338
0.185
4.340
0.244
0.000
0.003
0.474
0.302
7.297
1.686
7.369
0.000
0.415
13.462
14.600
0.017
3.959
0.000
2.971
4.242
6.825
53.287
0.908
0.172
0.261
1.007
21.667
13.109
0.000
0.000
2.280
0.000
0.000
0.000
0.410
1.270
0.815
12.153
1.892
1.080
2.383
3.535
9.752
1.403
2.828
11.656
0.831
9.307
13.050
0.003
5.234
12.382
0.306
19.748
2.092
0.479
7.606
3.418
8.990
3.056
0.096
0.132
0.197
0.000
7.058
1.236
0.602
2.835
0.280
0.000
0.000
10.896
0.403
11.872
5.324
14.904
3.137
6.980
10.104
0.079
0.000
2.300
0.024
1.278
0.261
0.850
0.469
0.000
0.000
0.106
0.000
0.000
0.000
0.000
2.699
0.103
0.676
0.824
11.855
103.584
4.178
14.492
62.385
6.048
6.657
0.000
10.880
0.951
5.253
0.312
2.448
8.123
7.829
16.167
8.902
2.977
5.349
2.765
6.339
15.755
3.806
8.276
3.909
2.753
2.319
11.534
8.600
12.475
8.864
12.712
5.265
5.873
2.967
4.854
11.781
0.058
7.299
2.917
25.325
0.575
0.000
0.000
0.000
5.198
1.118
9.744
2.760
7.210
0.323
5.888
14.976
1.899
5.109
12.984
11.422
11.913
10.562
6.712
7.474
12.045
32.269
17.571
0.522
0.041
0.999
8.638
5.799
7.905
7.807
15.463
8.446
30.144
1.045
13.812
1.820
0.000
0.000
4.254
10.317
6.585
7.775
5.481
0.515
9.809
11.045
4.487
1.435
1.001
0.130
3.984
0.788
3.123
0.000
9.306
5.833
8.707
3.722
0.000
3.535
3.737
3.828
2.341
0.000
0.000
0.000
1.696
7.795
5.830
9.089
1.921
0.100
2.620
0.324
0.000
0.000
0.000
0.191
3.165
0.106
0.000
0.000
0.000
0.573
0.000
0.000
0.000
0.000
0.000
0.000
0.021
0.024
0.000
0.000
0.000
0.000
2.340
2.275
4.415
6.401
1.439
0.000
2.273
0.000
1.971
0.223
0.000
0.000
0.000
0.000
0.000
0.000
0.000
0.000
5.219
9.000
1.064
4.013
0.000
0.000
0.000
0.000
0.000
0.000
0.000
0.000
0.000
0.000
0.000
0.000
0.000
0.000
0.000
0.000
0.000
0.000
0.000
0.000
0.000
0.000
0.000
0.000
0.000
0.000
0.000
0.000
0.167
0.203
0.251
0.815
0.360
0.017
3.596
4.068
0.000
0.000
0.000
0.031
0.000
0.003
0.000
0.000
0.747
1.729
1.950
5.344
0.378
0.096
0.021
0.007
0.000
0.000
4.793
0.403
2.484
16.002
46.862
0.000
0.000
0.000
5.116
0.000
0.000
0.132
0.027
0.000
1.948
0.000
0.000
0.000
0.000
0.222
0.039
0.822
1.057
0.000
0.046
0.051
4.798
7.102
3.122
1.298
3.501
0.000
0.000
0.000
0.000
0.003
0.381
0.000
1.045
5.837
0.154
0.058
0.000
0.549
0.000
0.000
0.000
0.000
0.436
0.237
0.000
0.000
0.000
0.247
0.079
0.000
0.000
0.616
2.918
0.000
3.852
0.257
2.273
9.908
0.000
0.000
7.182
6.003
15.738
5.273
30.731
5.852
14.081
7.021
0.625
1.947
69.523
0.000
0.000
0.000
0.275
14.782
11.491
11.093
3.382
6.860
4.700
16.483
7.862
2.352
4.329
15.129
19.490
0.000
0.402
16.452
10.159
12.476
5.687
1.202
1.116
1.281
9.740
6.856
6.317
4.214
0.062
0.000
1.713
1.547
4.199
20.222
55.847
3.358
5.605
9.761
6.523
6.005
7.927
4.583
8.760
3.756
4.503
15.549
14.425
3.922
2.905
13.005
4.254
7.100
8.792
6.695
14.763
8.856
9.012
6.676
18.763
2.959
8.415
10.317
10.068
15.772
9.864
10.439
0.779
19.739
18.789
5.498
14.666
8.245
4.503
4.988
0.311
7.919
8.470
10.416
24.821
14.663
2.789
3.275
15.487
5.071
2.084
1.440
0.625
10.391
4.482
7.244
12.600
18.768
8.786
7.040
0.692
9.598
3.955
3.015
10.683
31.855
28.167
1.011
3.308
15.613
10.351
9.050
6.861
10.076
0.826
14.679
8.962
9.047
13.268
25.136
230.543
1.916
9.572
12.780
41.503
13.482
7.373
7.864
22.008
7.720
10.708
5.797
11.144
13.005
12.706
4.863
0.491
3.006
22.072
9.289
0.125
6.937
5.414
6.473
1.246
7.361
8.552
46.686
6.775
15.979
11.194
0.863
1.675
3.737
1.960
14.172
13.148
6.087
2.489
3.402
0.742
3.498
0.906
4.807
5.109
10.425
4.518
6.866
7.258
0.000
0.508
0.340
4.158
12.840
0.000
0.000
0.000
0.000
0.000
0.076
0.261
1.181
5.569
3.739
6.475
32.911
4.958
0.000
0.000
0.000
2.643
1.411
1.430
0.000
0.302
0.000
5.061
5.126
4.046
0.606
0.010
0.000
0.000
0.000
5.486
6.290
4.192
1.217
0.051
0.000
0.000
0.000
0.000
0.925
4.740
0.139
0.154
0.000
0.960
1.366
0.300
3.572
9.615
5.663
0.000
0.000
4.846
0.148
0.000
0.000
0.000
0.000
2.328
0.000
0.000
0.000
0.000
0.000
0.000
0.000
0.000
0.000
0.000
0.000
0.000
0.000
0.000
0.000
0.000
7.466
0.197
0.000
0.000
0.000
0.000
0.000
0.000
0.000
0.000
0.000
2.196
1.117
0.000
0.000
0.158
0.000
0.000
0.000
14.009
0.254
0.000
0.000
0.851
0.000
0.000
0.000
0.000
0.000
0.000
0.000
0.297
0.000
0.000
0.000
0.000
0.000
0.000
0.000
0.065
0.000
2.180
0.000
0.000
0.309
0.000
0.000
0.000
0.000
0.000
0.007
0.000
0.000
0.000
0.168
0.027
0.185
0.072
0.233
0.000
0.000
0.000
0.000
1.119
0.944
0.000
0.000
0.766
1.143
0.000
0.000
0.000
0.021
0.000
0.718
0.000
0.110
0.062
0.000
0.704
6.969
2.812
6.379
0.000
6.163
2.199
1.421
6.880
5.943
15.721
3.464
4.271
15.999
6.523
88.708
5.370
1.840
1.092
0.223
0.000
2.149
8.480
7.014
13.815
8.030
11.209
7.606
12.351
1.397
7.927
2.656
10.545
7.673
0.038
0.003
0.000
0.000
3.979
3.049
14.670
18.153
1.414
0.051
0.000
11.761
3.418
2.647
1.285
5.116
5.730
21.585
6.290
5.018
5.505
10.687
0.405
0.000
9.517
0.915
15.377
36.246
4.415
3.337
18.914
9.008
11.074
0.914
11.220
6.571
10.430
6.702
1.191
0.000
0.582
4.597
4.134
0.000
0.000
1.665
17.376
22.065
12.593
7.814
13.848
48.093
14.191
1.439
9.400
3.684
6.171
8.710
3.900
5.569
6.499
4.422
53.030
12.391
4.958
7.775
10.399
10.128
5.902
2.010
5.759
21.382
4.625
9.119
2.314
14.677
1.727
1.895
1.641
15.171
35.165
11.556
7.841
15.975
7.557
14.488
2.468
8.885
8.870
11.005
9.048
9.742
7.903
7.910
1.317
12.531
8.508
3.727
7.914
24.462
38.545
0.433
7.220
8.003
19.999
0.546
0.240
0.041
1.624
0.000
0.642
0.106
3.028
11.658
2.197
7.306
3.931
8.302
14.619
103.254
10.458
13.723
5.395
2.074
7.656
8.782
9.987
27.430
4.484
4.717
7.817
0.999
3.541
3.547
14.193
5.509
2.353
14.001
20.119
28.457
0.336
5.261
14.004
2.846
2.018
3.489
15.616
4.602
1.329
14.292
6.644
3.359
4.146
8.027
6.609
1.277
3.768
6.190
13.635
14.672
5.677
9.083
4.580
1.239
3.116
5.976
4.145
11.177
3.238
4.582
12.262
7.153
1.988
4.720
1.198
0.000
0.000
0.000
0.254
0.000
0.472
5.184
4.745
2.901
14.380
5.435
11.745
2.898
0.000
9.421
6.161
4.976
1.423
3.025
3.169
1.775
6.080
0.000
0.048
5.404
10.636
0.958
0.000
0.000
0.124
0.491
3.993
2.444
0.045
0.137
6.702
1.051
4.336
7.419
0.000
0.000
8.751
4.607
1.109
0.000
0.000
0.000
0.000
0.149
0.000
5.184
6.103
0.000
0.000
0.000
6.838
0.000
0.000
0.000
0.000
0.000
0.000
0.000
0.000
0.000
0.000
0.000
0.000
0.000
0.409
11.935
6.231
2.627
0.000
0.000
0.000
0.000
0.000
0.000
0.000
0.000
0.000
0.000
0.000
0.000
0.000
0.000
0.000
8.684
0.357
0.000
0.000
0.000
0.000
0.000
0.000
0.000
0.000
0.000
0.000
0.000
0.000
0.000
0.000
0.000
0.000
0.000
0.064
0.000
0.000
0.000
0.000
0.000
0.000
0.000
0.000
0.000
0.000
0.000
0.000
0.027
0.000
0.000
0.010
0.000
7.908
3.222
3.377
0.000
0.000
0.627
0.160
0.000
0.335
0.000
0.000
1.336
0.326
0.755
4.530
1.186
2.353
6.842
0.276
0.357
0.525
0.205
0.141
0.000
0.003
2.717
0.003
42.915
6.417
0.142
0.487
0.000
0.000
0.000
0.180
3.432
0.175
0.000
0.000
0.000
0.000
0.000
0.000
12.068
0.510
0.189
6.352
14.835
2.888
0.072
0.000
7.994
0.105
0.000
0.000
0.000
0.000
0.341
0.027
0.064
2.558
0.000
0.039
0.003
0.000
0.000
61.193
0.199
0.000
0.450
1.440
0.000
0.875
15.468
10.695
18.395
3.771
14.959
6.094
9.314
25.538
17.827
4.470
2.005
3.179
6.660
16.684
13.544
11.465
5.150
10.827
1.603
12.306
3.577
0.566
0.000
3.825
0.869
6.317
31.263
17.777
3.547
1.408
3.466
16.775
14.909
5.308
1.624
1.646
11.391
0.474
11.827
2.815
1.410
0.021
0.168
0.000
0.000
0.098
4.110
10.916
1.126
6.022
13.623
4.589
8.459
13.510
1.349
8.655
1.196
8.530
3.371
2.428
10.422
9.804
6.997
6.577
0.322
0.017
3.680
18.179
0.086
3.634
7.361
1.109
0.906
2.692
2.458
30.266
0.134
5.009
7.598
5.001
18.996
16.280
11.450
2.644
0.172
8.875
12.456
3.270
1.353
11.585
4.024
1.634
2.529
0.887
23.261
6.568
15.127
9.746
2.468
7.780
2.290
17.405
1.102
5.660
13.817
11.472
63.745
15.021
7.414
5.686
10.483
0.912
2.817
9.083
3.848
0.958
6.784
14.450
3.203
3.359
3.542
11.096
0.663
0.151
9.792
18.629
2.561
16.735
8.669
6.238
9.483
5.483
6.333
10.485
6.454
1.102
0.000
0.000
1.758
4.473
7.660
7.570
6.485
5.217
4.549
0.000
0.000
0.058
0.000
0.803
3.643
5.802
8.391
9.012
8.861
8.950
19.305
11.948
13.173
5.974
4.484
2.973
0.000
0.000
0.000
4.655
1.157
1.136
10.815
15.237
4.302
8.303
2.032
0.096
12.339
1.875
0.038
0.000
0.100
0.000
0.000
0.000
0.000
0.027
6.441
1.267
0.357
1.035
0.110
0.000
0.282
4.587
6.030
3.813
3.196
4.365
0.000
0.000
0.000
0.000
0.000
0.000
0.081
2.020
0.000
0.000
0.000
0.000
0.000
3.526
13.645
5.098
3.809
0.024
0.055
0.000
3.093
1.102
1.665
0.110
0.000
0.000
1.861
2.345
0.398
5.263
0.863
0.000
0.000
0.000
0.319
0.000
0.000
0.000
0.082
0.000
0.000
0.000
0.000
0.010
0.000
0.000
0.000
0.000
0.017
2.451
0.000
0.000
0.014
0.000
0.003
0.000
0.000
0.000
0.000
0.000
0.000
0.000
0.000
0.118
0.000
0.000
0.000
0.000
0.000
0.000
0.000
0.000
0.000
0.000
0.000
0.000
0.000
0.000
0.000
0.000
0.000
0.000
0.000
0.000
0.000
0.000
0.000
0.000
0.000
0.124
0.100
3.224
0.103
0.505
0.488
1.136
0.120
0.000
0.000
0.000
0.000
0.000
0.000
0.007
0.093
0.000
0.000
0.910
0.419
0.041
0.814
0.000
0.000
0.168
0.144
0.000
0.000
0.000
0.049
0.354
5.105
0.560
3.720
8.721
12.760
0.117
0.101
0.139
1.226
0.051
0.000
0.000
0.000
0.060
0.017
0.024
0.000
4.041
8.448
11.400
5.394
0.000
0.000
0.000
0.000
0.875
0.000
0.000
0.000
0.000
0.000
5.475
0.130
7.175
3.902
2.481
4.573
3.998
0.062
0.769
114.400
5.154
1.602
4.004
0.141
3.342
7.910
7.056
14.119
10.873
0.139
0.051
0.261
19.887
15.561
7.582
15.203
9.568
13.724
15.767
7.558
13.412
7.383
4.923
2.402
16.002
2.105
8.252
8.899
7.268
8.181
7.553
0.089
3.049
4.056
4.075
17.432
8.157
5.378
9.365
9.162
15.326
3.854
6.870
19.410
4.346
7.690
3.090
2.681
0.990
2.451
6.350
8.959
8.130
18.481
14.420
9.004
14.591
7.642
15.043
15.597
13.153
22.234
17.238
0.900
2.014
13.393
18.706
8.185
2.868
0.189
3.049
5.136
10.866
15.940
0.158
0.797
0.038
2.477
7.730
11.966
4.403
23.762
2.690
10.251
17.314
36.290
0.587
6.851
2.880
29.857
29.874
3.765
7.586
4.607
14.672
11.646
3.316
10.106
14.102
1.413
4.716
5.234
9.538
6.509
2.300
11.543
14.996
6.920
7.756
1.524
4.958
17.475
0.707
8.928
4.764
5.019
2.997
15.704
13.517
9.804
13.146
2.553
4.384
6.986
7.165
4.679
4.851
6.873
13.196
86.687
10.626
5.043
2.643
3.784
18.038
7.087
18.028
43.928
1.641
7.939
3.777
2.086
0.999
3.565
10.466
26.439
3.593
8.214
9.477
5.855
13.661
0.129
0.000
0.000
0.031
0.862
0.105
4.304
7.055
9.699
2.130
8.021
26.780
1.113
1.155
0.000
0.000
0.000
0.000
0.582
0.805
4.477
5.606
10.107
0.556
2.870
36.005
55.597
3.589
7.457
6.364
6.318
0.105
3.233
3.221
3.909
7.874
0.010
10.813
0.616
0.051
3.234
8.564
8.543
14.255
0.156
0.000
0.000
0.000
0.000
0.000
0.000
0.000
0.000
0.000
0.000
0.990
0.000
8.015
8.116
0.148
0.022
0.000
0.000
0.000
0.000
0.000
0.000
0.000
1.679
4.975
23.895
0.596
0.000
0.000
0.000
0.000
0.000
0.000
0.000
0.000
0.000
0.000
0.000
0.000
0.000
0.000
0.000
0.000
0.000
0.000
0.000
0.000
0.000
0.000
0.000
0.000
0.000
0.000
0.000
0.000
0.000
0.000
0.000
0.000
0.000
0.000
0.000
0.000
0.000
0.000
4.673
0.000
0.076
7.110
3.104
0.000
0.000
0.000
0.041
1.169
1.190
0.161
0.000
0.007
0.000
0.000
0.000
0.000
0.000
0.082
5.824
3.543
0.822
0.000
0.000
0.000
0.000
0.000
0.000
0.784
5.903
0.000
0.000
0.266
0.003
0.000
0.000
0.000
0.000
0.113
0.025
0.000
0.000
0.000
0.000
0.000
0.234
5.208
0.000
0.087
0.079
0.000
0.565
0.014
0.017
0.000
0.082
0.953
0.439
0.191
0.447
1.265
0.000
0.000
0.000
0.000
0.141
0.000
16.773
0.058
0.000
0.000
0.870
0.000
0.297
0.094
6.303
0.942
0.759
3.056
50.468
0.525
4.458
2.910
4.140
0.000
0.000
2.747
1.353
3.097
0.618
52.734
0.000
3.849
0.000
3.323
9.023
2.995
0.000
0.000
1.212
8.429
14.169
0.000
1.006
20.888
0.460
1.857
9.311
44.762
1.128
0.573
0.117
0.000
4.528
12.730
10.991
8.877
2.055
22.691
3.802
1.678
0.153
8.953
3.619
5.994
0.232
9.513
11.682
14.025
0.455
4.151
0.000
0.000
0.000
0.000
0.000
0.000
2.387
7.886
2.851
3.504
7.643
14.579
4.421
8.297
21.844
5.737
18.114
11.481
1.851
0.203
7.768
1.174
10.876
7.354
10.636
16.438
3.825
10.578
18.443
13.105
8.487
3.234
0.362
7.146
4.513
14.190
15.717
9.939
5.594
3.155
6.118
4.700
15.680
0.069
1.445
10.204
10.348
0.735
2.527
5.455
8.322
3.880
21.283
0.549
3.910
12.018
11.343
5.988
7.186
12.991
2.918
5.596
4.968
3.656
1.267
0.453
11.323
153.211
9.822
5.771
2.300
1.748
1.720
11.185
2.565
14.838
6.904
15.739
33.766
4.597
14.371
9.151
8.043
15.571
22.561
4.570
10.289
5.272
2.602
12.751
3.910
9.515
21.162
10.682
6.880
10.090
2.130
11.450
19.602
11.719
10.835
3.631
0.615
0.215
1.605
0.000
0.000
0.000
0.000
2.304
8.082
9.453
4.492
4.589
5.071
3.972
1.839
0.517
10.996
2.233
0.312
20.191
3.502
7.354
1.828
5.969
10.370
5.086
0.100
3.044
4.762
9.057
2.170
4.758
7.914
14.935
4.649
2.371
4.601
0.017
0.000
1.739
2.604
0.604
0.357
0.578
6.439
1.540
0.949
1.871
5.923
7.042
12.936
3.253
0.058
0.000
1.748
8.480
0.000
0.000
0.000
0.000
0.112
2.247
0.000
0.000
12.300
0.760
6.693
3.186
3.567
10.653
9.701
20.786
0.403
0.120
1.615
3.778
5.668
3.150
3.516
3.735
10.586
0.000
2.750
0.045
0.000
0.000
0.000
0.000
3.329
0.000
0.276
6.059
0.007
0.007
0.000
0.000
0.000
0.000
0.000
0.000
0.000
0.000
0.000
0.000
0.000
0.000
0.000
0.000
0.000
0.000
0.000
0.000
0.000
0.000
0.000
0.000
0.000
0.000
0.000
0.000
0.000
0.000
0.000
0.000
14.286
0.685
1.811
4.522
12.899
27.430
0.000
0.419
0.000
0.000
0.000
0.000
0.000
0.000
0.000
0.000
2.922
0.343
0.386
4.137
0.136
1.578
7.982
0.000
0.000
0.000
0.000
0.000
0.000
0.000
0.000
0.000
0.000
0.000
0.021
0.000
0.000
0.312
0.000
0.000
0.003
0.000
13.170
0.000
0.000
0.261
7.244
33.107
0.000
0.000
0.000
0.000
0.474
5.222
0.000
0.000
0.000
15.535
0.666
0.117
0.996
0.000
0.000
0.000
0.000
0.000
0.137
1.332
0.218
0.240
0.000
0.000
0.000
1.718
0.158
0.079
0.000
0.000
2.513
1.198
0.000
0.839
2.644
0.095
6.236
5.181
0.000
0.000
0.000
0.058
1.720
5.741
0.000
0.096
0.000
0.057
8.629
0.000
0.088
0.117
0.000
0.000
0.000
0.000
0.017
0.000
8.760
6.496
0.031
0.000
3.459
47.169
0.383
3.483
8.980
7.938
7.084
3.892
2.846
9.790
10.577
1.866
14.900
0.000
7.416
17.872
6.064
1.076
13.788
7.359
2.398
0.003
0.000
0.000
0.076
0.058
0.010
11.633
4.619
8.818
16.567
50.244
23.689
12.142
15.966
7.409
12.756
28.522
5.630
3.826
1.025
0.323
2.582
1.651
4.894
22.888
11.294
4.482
3.078
1.689
1.972
5.945
0.424
1.521
6.618
17.184
7.649
58.149
14.256
18.176
3.694
2.144
13.269
13.163
4.913
5.346
8.720
25.701
1.665
0.247
0.984
7.049
0.017
1.178
34.490
8.760
3.095
1.943
0.632
12.066
5.915
3.995
1.075
13.587
15.384
15.335
0.764
0.062
0.000
4.546
4.268
10.835
1.514
13.053
16.596
0.589
1.897
1.219
2.338
5.021
2.942
18.294
0.846
3.243
5.255
3.898
19.339
46.590
18.929
4.537
1.078
10.035
0.863
14.480
9.395
17.592
8.290
0.949
16.210
2.201
8.736
2.317
4.007
10.315
0.664
2.717
13.805
1.354
3.483
0.754
7.960
4.353
9.519
18.064
11.956
14.141
0.429
0.048
1.548
7.804
3.231
2.678
1.936
3.169
1.428
1.016
0.374
11.271
6.293
17.019
0.458
2.932
3.021
3.522
10.234
73.203
1.075
0.566
5.414
2.705
3.814
2.149
6.915
8.312
0.000
0.021
9.304
8.916
3.471
1.950
0.000
0.000
0.000
3.153
1.627
8.181
4.463
5.342
20.510
2.472
0.000
0.000
0.000
0.000
0.000
0.000
1.514
0.000
11.982
9.235
11.254
3.917
4.439
5.503
0.360
0.000
0.000
0.000
0.000
0.000
0.000
0.000
0.000
0.000
2.704
5.404
8.916
0.017
0.000
0.000
0.000
0.007
0.003
0.000
0.000
2.499
1.052
0.000
0.125
1.844
0.000
0.000
0.000
0.000
0.000
0.000
0.000
0.000
0.000
0.000
0.000
0.000
0.000
4.576
0.000
0.000
0.000
0.000
0.000
0.000
0.000
0.000
0.000
3.995
0.321
0.000
0.000
0.000
0.000
6.736
0.000
0.000
0.000
0.000
0.000
0.000
0.000
0.000
0.000
0.000
0.000
0.000
0.000
1.610
3.145
0.000
0.000
0.000
0.000
0.000
0.000
0.000
0.000
0.434
0.103
0.000
0.027
0.000
0.000
0.000
0.000
0.000
0.000
0.000
0.000
0.000
0.000
0.000
0.000
1.066
0.000
0.000
0.017
0.000
0.309
0.912
0.275
0.000
0.000
0.000
0.000
0.000
0.000
0.000
0.000
0.678
1.155
0.000
0.000
0.000
0.000
0.000
0.000
2.345
2.116
3.895
1.406
0.000
0.014
0.000
0.000
0.000
0.000
0.000
0.000
0.203
0.553
1.517
0.000
0.000
0.441
0.194
0.000
0.024
14.727
2.239
36.404
0.003
0.000
0.000
0.851
14.694
11.913
0.517
8.547
12.540
7.862
3.780
0.900
8.327
19.303
2.821
5.129
27.734
0.756
8.542
4.630
0.000
8.638
5.260
13.311
7.644
10.291
5.988
0.000
11.106
0.324
0.070
2.828
0.663
2.846
0.213
10.902
30.964
12.210
4.491
0.326
4.192
3.941
6.990
10.870
17.758
13.862
53.673
13.494
12.181
8.021
5.893
13.141
1.006
15.498
9.311
6.163
0.491
0.000
0.000
3.253
0.311
0.591
19.829
42.742
0.000
0.000
1.893
2.570
5.061
6.357
11.203
11.862
11.402
2.802
3.766
4.758
3.176
7.814
4.089
4.580
7.433
13.589
12.658
2.774
34.118
158.763
6.707
1.245
5.346
4.710
18.309
18.543
9.860
9.277
24.503
1.761
4.700
21.736
12.809
5.830
11.924
6.441
0.395
4.163
9.974
3.395
11.773
2.225
2.177
4.789
18.062
6.276
1.797
7.742
1.981
5.019
15.067
28.475
14.244
9.543
72.905
1.907
14.258
27.651
17.056
12.631
10.054
5.194
5.527
16.497
3.337
11.484
0.045
9.563
9.057
1.263
1.174
0.014
2.386
0.659
0.007
10.919
11.440
10.971
26.412
1.554
0.058
4.317
0.000
4.885
6.940
4.067
2.087
3.737
9.481
20.805
2.489
6.616
2.309
3.171
7.423
7.182
12.476
12.164
20.956
5.945
4.666
16.965
6.005
11.316
5.816
5.694
12.988
11.532
5.562
5.836
9.218
6.449
25.145
17.087
0.247
0.000
0.316
1.785
5.033
1.408
3.876
5.984
7.169
17.544
8.985
13.369
17.301
7.396
12.943
11.306
5.730
8.899
8.446
8.020
1.793
9.127
7.304
6.175
3.152
2.737
1.330
10.510
4.615
8.037
1.229
0.191
0.000
0.094
1.758
0.073
7.751
0.328
8.527
1.353
2.187
2.530
0.330
0.000
1.512
2.856
0.257
0.079
1.511
0.089
0.000
0.723
6.164
0.623
0.539
5.537
0.300
0.309
2.462
0.000
1.281
13.045
5.330
0.142
0.000
3.279
0.000
0.077
1.121
1.128
7.316
2.935
0.161
1.164
0.518
4.075
5.567
5.454
0.017
0.000
0.000
0.000
0.000
0.000
0.000
0.000
0.000
2.711
2.002
0.568
2.094
0.000
0.000
0.000
0.000
0.000
0.000
0.000
0.000
0.000
0.000
0.000
0.000
0.000
0.000
0.000
0.000
0.000
0.000
0.000
0.127
0.906
0.000
0.000
0.000
0.000
0.000
0.278
0.000
0.000
0.000
0.000
0.000
0.000
0.000
0.000
0.000
0.000
0.000
0.000
0.000
0.000
5.785
0.000
0.185
0.355
0.000
0.000
0.000
0.000
0.000
0.000
0.007
0.000
0.000
0.000
0.000
0.000
0.003
1.353
0.415
0.000
0.000
0.000
0.038
0.481
0.209
0.000
0.000
0.000
0.000
0.000
1.396
0.230
0.361
0.014
0.041
0.000
0.000
0.000
0.000
0.000
0.000
0.525
0.000
0.470
0.031
0.287
0.681
0.000
0.000
0.000
2.883
0.000
0.566
0.139
0.000
0.035
0.038
1.042
0.000
0.000
0.000
0.000
21.774
0.051
0.000
0.000
0.051
0.208
10.391
35.762
0.000
0.241
12.363
2.297
1.739
0.000
0.115
1.547
0.000
0.039
6.684
0.714
2.634
0.985
6.073
29.878
1.435
14.286
11.892
0.967
0.045
3.394
4.420
0.027
0.027
11.522
1.627
9.105
0.378
0.295
27.227
13.192
8.123
10.145
2.983
8.679
2.877
11.604
10.052
6.362
4.350
6.317
2.791
11.714
10.698
2.767
1.842
4.189
0.000
0.402
1.174
0.058
0.000
0.093
0.000
0.000
0.045
0.000
0.003
0.491
0.000
0.000
0.295
0.000
9.345
2.125
7.766
1.899
2.874
0.901
13.527
9.798
10.307
11.158
13.822
0.263
1.849
5.830
0.182
8.477
21.118
11.750
19.151
1.524
6.376
29.787
10.883
2.929
6.334
1.648
13.503
3.698
0.875
2.400
4.640
19.587
5.993
0.017
0.000
16.922
5.763
1.990
7.708
6.245
4.099
12.675
10.725
1.809
7.381
17.465
11.137
7.635
1.785
3.262
3.078
18.347
8.822
0.161
6.842
3.286
3.107
15.374
7.093
2.606
6.413
1.689
1.859
0.968
9.613
10.846
6.132
0.000
0.000
5.347
13.065
48.367
4.158
12.085
14.262
5.812
3.708
0.560
5.330
2.462
15.050
7.438
6.666
7.194
17.017
6.594
14.544
0.544
3.334
11.387
6.499
7.951
3.109
2.444
2.850
3.374
10.930
2.022
5.423
5.292
11.851
17.606
1.171
9.488
5.727
18.079
3.838
2.446
2.338
0.489
9.232
1.760
5.641
5.457
9.222
0.570
2.475
8.964
0.385
0.711
3.395
4.007
1.178
4.704
7.502
3.864
0.628
3.667
1.871
9.184
0.072
0.000
0.000
0.000
0.000
0.000
0.000
0.446
0.436
0.000
0.000
0.000
0.000
0.233
4.027
0.184
0.024
1.511
0.896
0.076
0.000
0.000
0.000
0.000
0.000
0.000
0.000
0.233
4.872
3.492
4.731
4.091
0.257
3.299
0.000
0.000
0.000
0.000
0.000
0.000
0.000
0.000
0.000
0.000
0.000
1.567
7.014
0.000
0.000
0.000
0.000
0.695
1.042
0.196
0.980
0.055
0.000
0.000
0.000
0.000
0.000
0.000
0.000
0.000
0.000
6.394
0.941
0.000
0.000
0.000
0.000
0.000
0.000
0.000
0.000
0.000
0.014
0.034
0.000
0.000
0.000
0.000
0.000
0.000
1.356
0.000
0.098
0.000
0.000
0.000
0.000
0.000
0.000
0.000
0.000
0.000
0.000
0.000
0.000
0.106
0.000
0.000
0.000
0.000
0.000
0.000
0.000
0.000
0.000
0.000
0.000
0.000
0.000
0.000
0.000
0.000
0.000
0.000
0.000
0.000
0.000
0.000
0.000
0.000
0.000
0.000
0.182
0.000
0.000
0.247
0.060
0.000
0.000
0.000
0.000
0.000
0.024
0.000
0.000
1.100
0.000
0.000
6.281
0.000
1.659
0.187
0.000
0.000
0.027
0.007
0.051
0.000
0.024
0.093
0.007
0.000
0.000
0.000
0.000
0.503
0.050
0.021
0.000
0.367
0.065
0.000
0.000
0.000
3.636
1.085
1.701
0.000
1.754
0.108
0.000
0.000
0.064
1.442
0.000
0.000
0.000
0.010
0.000
0.000
0.000
0.000
4.846
15.779
42.016
0.021
6.976
0.000
0.182
0.000
0.000
0.000
0.000
0.000
0.000
0.000
0.000
0.003
1.753
2.568
0.683
0.000
0.000
0.000
0.010
0.000
0.000
0.244
0.079
0.549
0.000
0.017
0.862
1.154
0.000
0.000
0.000
0.491
0.010
13.915
0.707
0.120
1.226
0.027
1.338
0.154
0.000
0.000
2.063
0.007
0.000
0.000
24.846
11.546
15.677
2.455
6.176
87.547
23.875
30.297
1.984
5.091
16.450
3.794
1.827
6.109
4.128
3.604
1.899
0.010
0.182
1.258
0.191
0.029
1.021
0.024
0.000
3.504
0.848
1.668
0.172
9.306
0.855
2.314
1.569
19.400
2.463
5.831
0.366
1.928
2.288
0.925
13.602
5.212
11.203
1.542
0.934
16.655
5.105
4.583
7.472
15.912
6.525
17.331
79.853
87.908
6.044
1.160
1.912
4.333
7.809
10.954
0.740
0.000
0.017
0.000
9.290
0.917
1.300
12.624
14.394
12.396
16.119
2.695
6.630
8.101
6.866
21.775
20.721
0.603
19.177
12.574
4.916
7.064
9.536
76.674
0.319
6.898
4.425
10.670
8.335
1.454
7.445
5.411
2.564
6.363
2.477
1.991
0.477
0.000
0.187
0.628
1.421
0.000
4.996
4.601
14.892
3.207
0.537
0.000
0.000
3.516
10.106
4.262
4.623
2.295
9.771
2.069
0.000
0.645
1.409
2.024
8.192
12.056
12.150
21.902
1.837
0.077
0.000
4.226
0.493
3.922
2.008
7.078
3.512
0.371
0.000
0.618
7.294
0.101
3.708
1.452
2.855
0.062
0.421
1.344
1.183
0.055
0.512
0.000
0.196
2.525
0.534
0.000
0.000
0.000
0.000
0.000
0.000
0.000
1.126
6.639
0.518
0.000
0.000
0.000
0.000
0.000
0.000
0.000
0.000
0.000
0.000
0.000
0.000
0.000
0.000
0.031
0.000
0.031
2.146
4.896
0.000
0.000
0.000
1.706
0.000
0.000
0.000
0.000
0.000
0.103
0.360
0.000
0.000
0.000
0.000
0.000
2.139
0.000
2.575
0.010
0.000
0.000
0.000
0.000
0.000
0.000
0.000
0.000
0.000
0.000
0.000
0.000
0.000
0.000
0.000
0.000
0.000
0.000
0.429
0.000
0.000
0.351
0.017
0.491
0.000
0.000
0.000
0.000
0.000
0.000
0.000
0.048
0.000
0.000
0.000
0.010
0.000
0.000
0.000
0.000
0.000
0.000
0.453
0.454
0.249
0.237
0.050
0.000
0.477
1.873
31.059
0.000
0.000
0.000
0.014
0.007
0.105
0.000
0.000
0.000
0.247
2.774
0.853
0.220
0.000
0.151
0.000
2.568
0.027
0.189
2.245
0.780
0.058
0.000
0.007
1.051
2.218
3.216
0.000
5.964
2.577
7.595
7.372
5.301
0.338
0.000
0.000
1.881
18.490
0.000
0.000
0.082
7.920
7.184
6.266
6.273
9.215
8.063
8.964
23.751
1.418
27.098
4.535
0.000
2.142
7.965
5.380
6.492
0.000
0.000
10.131
1.033
18.382
20.313
52.834
2.884
1.212
0.606
0.000
4.717
0.484
0.635
1.536
6.025
15.671
7.136
20.122
1.420
11.870
5.330
5.264
0.021
10.246
10.653
0.348
8.485
4.165
9.287
8.239
0.771
11.084
12.545
12.133
10.646
7.232
8.664
16.632
18.962
4.944
0.103
0.000
6.279
16.940
7.897
9.795
19.557
7.432
10.847
0.330
0.010
0.003
0.000
0.000
3.344
4.832
2.355
0.542
0.000
0.000
0.000
0.000
5.905
13.597
9.524
0.229
0.398
8.773
4.810
1.748
12.907
3.767
5.933
7.767
3.804
7.007
5.291
6.054
8.628
14.157
1.734
0.156
5.308
5.212
2.796
2.285
12.131
34.188
30.700
12.989
12.881
8.490
19.278
26.491
26.674
19.562
3.198
16.268
2.020
0.415
6.256
4.626
4.947
0.000
6.288
12.634
36.037
7.417
12.152
7.220
15.056
4.913
4.417
5.889
24.037
10.288
5.792
13.381
16.095
13.271
0.699
11.556
12.542
33.148
17.473
1.717
8.665
7.224
16.014
16.719
7.054
3.191
19.664
5.203
5.109
1.864
9.252
4.309
1.329
1.215
4.346
5.009
4.000
6.152
7.460
1.445
0.563
1.463
11.072
21.825
36.104
0.759
6.657
0.233
5.328
13.469
12.638
17.837
6.918
6.825
4.810
5.030
5.050
1.947
1.624
6.527
3.265
10.193
0.045
2.582
3.919
5.775
2.249
3.220
4.140
1.548
0.240
0.000
0.748
0.146
6.327
2.994
0.113
0.000
7.958
0.158
0.412
6.218
3.492
0.000
1.456
1.253
0.000
0.031
1.521
4.777
7.435
2.762
3.595
1.171
2.105
0.185
1.390
0.748
0.247
3.559
8.968
0.079
3.327
2.953
0.000
0.000
0.000
0.017
0.000
0.000
1.875
0.000
0.000
0.000
0.000
0.000
0.000
0.000
0.000
0.000
0.288
1.360
0.000
0.000
0.000
0.000
0.790
0.000
0.515
1.932
0.000
0.000
0.000
0.000
0.000
0.000
0.000
0.000
0.445
3.655
0.402
0.000
0.000
0.000
0.000
0.000
1.098
0.000
0.000
0.041
0.000
0.000
0.000
0.000
0.000
0.000
0.000
0.000
0.000
0.000
0.000
0.000
0.000
0.000
0.000
0.000
0.000
0.051
0.000
0.000
0.982
0.000
0.000
0.000
0.000
0.014
0.000
0.000
0.000
0.000
2.276
0.000
0.333
0.515
7.602
0.000
0.000
0.038
0.000
0.000
0.000
0.049
0.404
0.276
0.000
0.000
0.354
0.000
0.510
0.000
0.000
2.189
7.113
0.000
0.000
0.525
0.000
0.000
0.000
0.055
0.288
1.061
13.115
0.312
0.534
5.131
7.505
2.331
0.007
0.000
0.103
0.084
0.155
0.036
10.463
0.723
17.888
0.000
0.393
24.946
1.260
19.599
0.237
0.055
0.675
124.269
2.412
8.314
0.017
8.708
0.491
4.508
2.535
4.228
38.717
11.635
14.117
3.718
5.461
2.214
0.048
0.000
0.306
3.135
8.957
9.536
26.850
8.662
4.920
1.008
10.949
3.698
1.734
0.079
6.935
13.717
4.405
0.117
0.168
0.000
0.000
1.991
7.855
7.999
2.374
3.123
4.024
0.748
0.467
0.058
8.154
0.292
0.024
0.676
6.509
20.040
10.567
11.525
0.996
0.000
14.196
29.388
8.806
14.268
4.930
15.765
13.300
11.779
1.917
5.871
7.866
0.666
6.012
0.000
4.686
0.069
0.000
0.179
0.000
0.000
2.802
1.517
0.063
0.000
0.000
0.100
1.789
3.279
0.748
0.000
0.302
4.848
3.028
0.076
9.555
16.093
3.045
5.289
0.007
4.621
4.697
0.257
1.037
11.694
16.428
3.203
1.184
5.524
20.754
10.358
0.707
1.277
12.768
18.270
48.551
8.995
2.209
17.983
13.014
14.414
5.301
10.954
1.439
16.313
7.965
6.338
4.693
4.820
7.512
0.220
3.445
16.184
9.476
11.125
16.661
33.525
0.556
6.465
8.980
13.736
7.934
8.614
2.287
12.881
0.764
3.445
12.106
3.660
5.289
10.856
7.536
26.522
3.845
3.680
7.927
17.908
5.706
6.722
0.161
0.426
0.402
0.766
5.411
27.819
4.844
2.458
9.086
23.277
6.527
7.086
7.605
10.516
3.183
3.045
4.135
17.087
2.115
1.816
0.000
0.000
0.000
0.000
0.000
2.156
12.538
10.447
3.897
16.037
5.600
3.529
2.953
0.426
0.130
1.071
3.347
13.314
17.942
3.239
2.911
12.101
5.380
40.284
0.204
0.254
0.000
0.072
13.184
3.732
4.575
2.287
0.451
0.000
0.000
0.697
0.000
0.000
1.951
1.475
0.000
2.477
2.942
13.738
9.359
5.447
0.654
11.338
7.448
0.498
2.793
1.075
2.884
8.655
4.892
0.409
5.462
1.284
0.038
0.000
0.000
0.209
0.000
0.000
2.468
0.079
0.491
3.155
2.383
8.607
0.000
2.417
0.913
0.000
0.000
0.158
0.941
2.400
0.000
0.000
0.000
0.000
0.000
0.000
0.000
3.437
0.000
0.000
3.238
0.130
0.000
0.000
0.000
0.000
0.000
0.000
0.000
0.000
0.000
0.000
0.000
0.000
0.000
0.000
0.000
0.000
0.000
0.000
0.000
0.000
0.000
0.000
0.000
0.000
0.003
1.449
4.477
0.251
8.363
0.632
0.000
0.000
0.000
0.000
0.000
0.000
0.000
0.000
0.000
0.000
0.000
0.000
19.793
0.235
5.019
0.000
0.000
0.000
0.000
0.000
0.000
0.000
0.000
0.031
0.034
0.000
0.000
0.745
19.565
1.714
7.131
0.000
0.000
0.000
0.000
0.000
0.153
0.000
0.000
0.000
4.219
5.994
42.150
0.000
0.053
0.000
0.584
6.410
3.084
21.578
3.696
1.425
1.387
12.234
0.062
14.268
4.803
10.372
1.761
4.082
4.278
2.146
0.117
0.213
3.502
0.000
0.000
0.000
0.000
0.000
0.000
0.041
0.110
0.000
0.000
0.000
0.000
0.000
10.602
0.021
0.652
8.650
24.331
105.934
4.288
0.323
1.085
5.579
7.656
0.101
0.000
13.153
3.137
1.502
3.436
4.312
0.927
2.244
0.680
0.000
7.814
14.965
0.374
0.000
14.334
0.519
1.614
12.221
1.540
1.957
0.958
3.644
21.700
4.031
9.771
9.268
11.089
9.810
1.061
6.533
0.383
3.378
8.535
23.816
8.582
3.129
2.774
15.350
19.434
10.253
22.977
0.784
0.693
0.000
2.606
3.237
8.519
3.089
0.196
1.615
17.966
12.972
5.150
5.327
7.260
0.688
11.066
1.941
16.438
9.543
6.676
14.159
12.959
7.127
9.333
18.745
0.264
6.406
65.152
1.267
4.920
0.656
9.621
1.754
0.000
10.320
1.796
4.010
3.082
4.760
0.038
1.310
1.782
2.393
0.041
0.288
2.738
4.487
8.466
0.484
20.706
117.499
3.301
1.960
0.376
0.233
3.375
8.803
14.777
20.816
16.387
34.212
5.239
15.360
1.768
0.034
0.000
0.000
0.000
3.509
1.215
1.389
8.265
2.223
12.152
0.069
1.588
50.034
32.085
0.237
1.124
0.115
8.597
3.713
10.670
9.192
10.111
8.561
11.151
10.264
3.532
1.047
13.054
11.077
4.346
14.985
11.069
2.656
14.178
9.153
8.583
0.530
6.924
8.554
17.777
8.602
9.242
9.242
22.949
0.750
5.794
2.520
8.749
27.623
6.430
5.562
7.745
8.930
7.835
4.329
2.647
11.864
13.563
15.577
0.954
4.329
1.767
2.547
10.918
0.415
8.390
4.575
0.175
5.938
9.603
2.771
2.606
8.248
0.512
0.498
0.141
0.000
0.113
0.821
0.000
0.000
0.821
6.897
0.597
0.000
0.000
0.000
0.000
0.000
0.051
0.354
2.032
10.135
6.640
13.541
0.673
0.000
0.000
1.929
1.404
7.096
3.068
0.065
0.000
0.000
4.662
7.131
1.603
3.418
2.978
0.051
0.656
0.154
0.000
0.000
0.000
0.000
0.000
9.771
1.442
0.000
0.378
1.020
0.781
0.467
0.000
0.302
0.000
0.027
0.000
1.586
0.942
0.000
0.000
0.340
0.130
0.000
0.000
1.008
0.000
0.239
0.390
1.365
0.000
2.800
1.421
7.201
0.191
0.000
0.000
0.000
0.809
0.000
3.189
1.131
0.000
0.000
0.000
0.000
0.000
0.000
0.000
0.000
0.000
0.000
0.000
0.000
2.573
0.000
0.000
0.000
0.000
0.616
0.000
0.007
0.620
0.985
0.621
0.867
1.742
0.000
0.024
0.192
26.647
0.385
0.000
2.668
5.625
0.014
9.824
0.017
0.000
0.086
0.000
7.730
0.000
0.000
3.749
0.000
2.072
2.803
0.616
0.000
0.000
0.000
0.000
0.000
1.210
0.350
0.000
0.000
0.060
0.003
0.233
0.000
0.069
2.816
2.122
4.473
0.149
0.045
6.199
2.129
15.563
8.441
7.431
6.285
1.378
1.825
0.137
8.727
3.200
17.724
9.745
0.027
2.027
0.000
2.472
0.000
0.736
0.000
57.376
0.010
0.021
1.416
0.072
0.000
0.000
0.618
15.674
0.681
1.440
12.360
3.705
10.095
4.072
2.283
23.600
43.243
80.269
1.837
0.000
0.000
1.234
14.251
4.558
8.320
7.792
10.468
5.370
5.895
3.656
4.726
3.377
5.546
5.788
1.646
12.627
0.750
0.187
2.505
0.000
3.286
7.630
3.623
8.786
13.016
4.587
0.556
0.000
0.730
5.351
3.981
11.312
1.595
5.701
10.367
2.692
4.852
20.217
3.742
8.719
12.384
2.897
4.132
7.471
3.044
9.886
150.092
21.777
9.879
6.291
1.420
10.139
2.889
9.551
8.662
2.304
7.481
7.618
1.785
4.861
0.000
4.964
7.668
1.099
1.782
0.700
0.000
6.001
26.158
0.385
2.934
0.062
7.163
10.073
2.802
0.697
3.921
2.580
7.086
11.632
12.638
10.176
13.275
18.756
17.609
0.027
0.010
0.076
8.149
1.294
1.030
9.513
4.906
1.960
22.797
16.445
6.750
2.208
1.420
8.590
2.980
0.560
9.812
3.155
3.226
1.370
6.333
2.795
8.315
1.119
12.820
8.356
7.448
22.532
0.388
1.356
19.068
2.407
4.535
0.930
3.783
8.490
2.153
0.282
0.374
9.222
19.906
9.407
1.861
3.193
8.278
11.103
2.307
1.758
3.492
3.873
1.003
7.522
2.017
4.922
16.389
9.651
0.706
2.182
3.644
6.252
1.833
0.688
11.515
3.222
6.336
4.518
1.198
3.464
2.693
0.695
6.682
5.175
3.155
6.259
8.508
7.333
8.159
2.692
12.607
14.924
17.290
13.391
0.038
0.045
0.443
0.100
0.000
0.000
0.000
0.591
3.826
8.307
5.770
6.494
0.419
0.419
0.000
0.525
0.021
0.000
0.323
0.421
3.559
0.000
1.114
2.582
4.304
8.178
0.062
0.000
2.465
8.076
2.907
5.231
0.191
0.072
0.000
3.414
0.000
2.867
7.277
0.338
0.000
0.000
0.000
0.000
0.134
0.441
0.000
0.000
3.303
0.180
0.000
0.000
0.000
0.027
0.000
5.373
0.158
0.000
0.000
0.000
0.000
0.014
4.395
5.107
0.000
0.000
0.000
0.000
0.000
0.000
1.261
0.000
0.000
0.000
0.000
0.000
0.000
0.000
0.000
0.000
0.000
0.034
0.000
0.038
0.000
0.000
0.000
0.000
0.000
0.000
0.000
0.000
0.000
0.000
0.000
0.000
0.000
0.000
0.007
0.000
0.000
0.000
0.000
0.000
0.000
0.000
0.000
0.000
0.000
0.000
0.000
0.000
0.000
3.433
8.889
8.724
5.991
0.000
0.000
3.299
0.027
0.000
0.671
0.000
0.000
0.000
0.000
0.000
1.093
0.000
0.000
0.000
0.000
0.330
0.058
1.080
1.002
0.000
0.553
0.242
0.000
0.027
0.021
0.000
0.000
0.000
0.000
0.000
0.000
0.000
0.000
0.000
0.100
0.027
0.000
0.486
0.640
1.092
0.000
0.000
0.000
0.000
0.694
0.000
4.829
4.209
0.652
0.096
0.000
0.000
0.427
2.929
10.581
2.458
5.864
7.357
0.000
0.048
0.594
0.000
0.282
12.263
2.661
11.282
0.323
2.918
41.195
44.182
0.474
0.017
0.000
2.463
3.790
2.765
5.056
17.037
1.330
7.406
0.010
25.899
6.250
8.564
0.404
16.529
6.916
15.371
11.199
8.961
1.393
5.414
8.811
6.941
5.128
13.273
1.199
0.028
0.000
0.376
11.491
66.618
4.855
3.962
11.419
2.053
13.046
16.613
18.074
8.209
0.034
3.083
3.708
3.251
0.817
11.577
17.338
11.831
4.592
17.927
18.309
5.217
1.562
8.168
58.073
40.414
2.158
0.237
0.000
0.105
0.000
0.000
0.000
0.000
7.124
25.080
9.338
5.205
2.163
0.494
2.115
7.701
9.740
18.031
20.259
25.928
11.453
31.981
96.450
5.095
10.835
18.975
52.218
8.126
6.224
6.226
6.269
33.488
15.786
21.145
47.746
4.760
7.125
19.734
11.785
2.136
14.317
8.285
1.756
9.244
10.531
15.639
35.459
0.471
6.393
9.519
15.086
1.384
3.713
10.508
3.432
15.290
6.773
3.028
1.996
14.397
10.747
8.642
6.438
23.549
12.384
15.940
17.238
20.548
1.366
11.213
8.154
6.935
7.282
12.521
25.715
0.755
12.456
15.848
11.402
12.530
14.904
7.738
6.841
13.323
19.847
20.675
31.651
1.013
10.145
6.077
11.271
16.885
5.354
2.650
6.581
10.375
0.751
13.316
12.808
15.103
4.893
16.143
12.406
5.380
6.375
7.584
5.412
3.268
5.098
9.826
38.102
12.162
0.051
0.127
0.000
1.105
1.505
2.254
5.165
1.847
4.177
0.503
1.787
0.220
0.578
0.041
0.000
0.000
0.000
0.000
3.389
0.944
0.000
0.000
0.000
0.000
0.000
0.000
0.000
0.000
0.000
0.000
0.000
1.832
8.789
6.611
7.606
2.698
0.007
0.000
0.000
0.043
0.000
0.889
4.384
1.478
5.799
0.158
1.517
0.000
1.439
5.811
0.821
0.000
0.199
0.179
4.360
1.233
0.003
2.805
0.000
0.000
0.000
0.062
0.000
0.000
0.736
0.000
0.000
0.000
0.000
0.003
0.000
0.000
0.000
0.000
0.000
0.000
0.000
0.000
0.000
0.000
0.000
0.000
0.000
0.000
0.000
0.000
0.000
0.535
0.671
0.000
0.000
0.000
0.000
0.000
0.000
1.435
0.000
0.000
2.317
0.000
0.000
0.000
0.000
0.014
0.000
0.000
0.402
0.000
0.000
0.000
0.000
0.000
0.000
0.000
0.347
0.000
0.043
0.000
0.051
0.000
0.000
0.000
0.060
0.000
0.014
0.000
0.000
0.000
0.000
0.000
0.000
0.070
6.164
0.000
0.003
0.151
0.017
0.000
0.000
0.591
0.587
0.000
0.000
0.000
0.348
0.227
7.950
1.671
0.032
0.230
0.000
0.000
0.874
2.221
9.198
0.000
0.000
0.000
0.651
0.031
0.450
0.021
0.000
0.257
0.472
0.000
3.428
8.590
2.935
12.389
17.487
9.074
0.865
0.096
10.715
0.000
7.380
17.437
11.179
12.713
4.916
15.376
10.748
7.381
2.846
13.297
8.690
0.512
0.249
0.000
0.000
0.000
0.000
0.000
8.758
1.849
2.281
0.031
27.198
8.799
9.286
0.750
0.223
6.882
5.347
2.364
13.541
30.192
1.356
0.000
1.181
0.000
0.731
9.187
6.813
4.012
20.007
0.407
0.129
0.989
21.852
44.468
16.955
14.674
3.341
3.755
10.900
19.408
17.791
10.015
4.518
15.082
38.746
2.853
14.804
5.085
18.423
1.336
12.682
9.747
10.004
1.737
7.198
8.899
4.528
21.468
95.650
51.495
15.745
1.552
0.961
0.027
5.469
4.906
1.212
11.925
5.043
3.601
8.236
18.274
6.020
0.906
1.924
2.947
1.778
1.875
1.772
5.213
9.416
7.680
8.441
12.469
11.694
8.581
3.655
2.848
11.340
4.132
12.729
30.054
3.210
2.118
2.831
0.360
1.948
0.098
2.356
1.069
0.230
1.533
4.049
13.051
1.650
3.362
0.000
0.000
18.197
32.945
4.453
7.048
12.675
1.548
18.824
0.010
2.549
6.439
0.000
13.053
7.527
11.536
2.560
22.343
8.956
57.191
13.626
1.783
7.432
10.949
3.474
13.461
24.187
65.487
6.854
4.700
9.630
10.277
7.024
13.292
21.786
24.376
1.123
4.319
6.151
16.644
2.099
10.241
0.007
8.025
11.281
20.869
23.272
4.964
15.266
5.953
45.126
13.134
1.444
17.285
216.321
8.739
0.881
6.269
8.739
5.406
3.702
15.666
7.335
3.780
3.308
7.900
0.315
3.287
10.910
3.625
5.423
3.350
4.267
5.835
4.564
2.067
7.930
8.985
16.314
9.517
4.042
0.644
0.000
0.000
0.793
2.147
5.836
5.909
6.465
0.058
7.249
2.777
3.945
0.347
0.000
0.000
0.000
0.000
0.814
3.984
10.791
0.385
12.342
6.626
4.353
4.515
0.295
4.611
0.000
0.000
0.000
0.453
0.000
0.532
0.000
0.000
0.021
2.287
2.225
0.000
0.000
0.000
0.000
0.000
0.000
0.000
0.000
2.568
0.000
1.500
0.000
0.000
0.237
0.251
0.000
0.010
0.007
0.000
0.185
0.000
0.000
0.000
0.000
0.000
0.000
0.000
0.000
0.000
0.000
0.000
0.386
0.000
0.000
2.403
7.305
5.743
3.641
0.003
0.000
0.788
4.908
2.508
0.096
7.248
0.000
0.103
0.000
0.000
3.442
0.000
1.655
0.000
0.000
0.000
0.000
0.000
0.000
0.000
0.000
0.000
0.000
0.000
0.000
0.000
0.000
0.879
0.129
0.000
0.000
0.000
0.000
1.004
1.620
0.000
0.000
0.000
0.000
0.000
0.000
0.000
0.000
0.000
4.516
4.789
1.045
0.319
0.000
0.000
0.000
0.000
0.000
2.111
5.962
0.469
2.479
0.973
0.000
0.000
0.000
0.229
0.034
0.275
0.065
0.611
0.000
0.000
1.794
7.942
0.000
0.151
0.850
6.884
0.000
0.000
0.000
0.241
0.000
0.645
0.000
0.000
0.000
0.055
0.810
5.572
12.665
4.425
0.721
4.206
1.009
16.411
6.520
27.401
9.417
10.226
14.653
15.618
13.675
17.410
0.058
8.484
5.586
0.851
4.307
9.570
10.168
7.718
39.582
0.000
0.000
0.725
3.677
93.293
0.062
2.925
7.265
9.476
0.257
0.007
4.657
23.226
11.711
1.663
12.166
4.983
12.819
0.356
0.943
19.187
7.436
4.314
1.376
4.657
11.467
0.802
9.828
0.000
17.462
7.237
8.334
22.888
11.417
6.189
9.618
8.023
0.821
0.000
0.070
21.549
6.788
11.680
6.674
12.780
23.870
23.068
139.346
12.739
4.947
2.250
3.145
5.754
1.737
11.973
8.567
5.685
2.840
13.554
6.204
5.814
13.345
4.734
7.431
2.987
1.195
11.785
3.763
13.968
4.583
7.793
8.940
19.017
12.274
30.552
60.009
8.566
2.599
17.789
11.834
11.568
3.746
8.377
6.226
6.626
1.387
6.250
6.672
1.181
18.660
8.696
13.534
23.440
2.808
4.143
8.011
2.767
1.562
7.122
9.902
14.638
12.168
10.627
10.520
32.329
10.792
5.946
11.050
2.635
12.920
9.011
14.796
26.097
9.259
8.135
9.204
4.348
2.060
8.619
7.629
12.875
1.586
6.751
7.496
2.069
8.326
1.851
5.596
10.622
9.678
24.244
12.457
7.464
90.853
13.680
1.281
2.307
1.842
1.540
13.598
11.767
20.764
14.658
9.857
18.848
8.799
19.254
23.721
13.070
0.603
3.188
5.629
1.782
9.283
19.120
8.573
6.621
0.156
0.774
1.888
6.173
2.266
2.880
0.642
2.844
13.689
2.691
6.842
2.724
2.577
0.295
4.357
7.708
8.945
7.042
2.750
4.745
13.687
17.920
17.724
11.962
6.858
1.955
4.274
1.205
0.048
0.000
0.000
0.000
0.000
3.708
16.431
1.971
4.834
3.656
0.165
0.124
0.000
0.069
1.579
14.674
0.790
5.881
7.900
3.941
4.542
3.595
6.042
4.398
3.804
15.913
7.857
97.813
2.050
0.007
0.000
0.000
0.000
0.000
0.000
0.000
1.579
0.343
7.790
5.399
3.746
5.737
6.633
6.142
5.661
0.007
0.000
0.000
0.000
0.209
5.340
0.409
0.000
0.000
0.000
0.000
0.000
0.000
0.000
0.000
0.000
0.000
0.000
0.000
0.000
3.818
0.000
0.000
5.289
4.354
0.000
0.259
3.694
0.007
0.000
0.000
0.000
0.000
0.000
0.000
6.755
0.000
0.276
3.905
0.000
0.000
0.000
0.000
3.638
5.634
1.327
0.000
0.728
4.161
0.000
1.854
1.557
0.000
21.859
0.000
2.384
0.000
0.000
0.000
0.851
0.000
0.000
0.000
0.000
0.146
8.073
0.000
0.000
0.000
0.000
0.000
0.000
0.000
0.000
0.000
0.000
0.000
0.000
0.000
2.149
12.583
23.253
15.652
0.278
0.000
0.113
0.021
1.466
0.148
0.103
0.656
0.000
1.068
0.000
0.000
1.257
71.421
0.508
0.000
0.000
0.501
14.162
0.326
0.000
3.207
5.194
0.000
0.000
0.000
1.768
8.241
20.362
2.982
0.017
0.000
0.000
0.000
2.058
11.671
1.352
9.889
9.129
0.817
7.596
21.144
7.749
6.170
2.172
4.075
1.737
1.097
27.422
34.983
11.203
3.886
0.848
0.000
7.112
13.719
24.676
9.166
0.000
0.292
0.137
3.524
0.237
5.038
0.000
6.364
22.237
11.347
4.885
3.239
9.582
0.204
0.560
2.146
0.000
12.514
18.639
20.491
11.309
7.860
12.150
13.437
14.095
15.151
3.512
7.878
15.558
2.544
2.791
2.724
5.819
5.976
12.816
7.251
16.397
22.810
25.519
14.615
26.178
3.083
8.868
8.847
9.325
10.722
1.485
18.460
53.188
10.749
2.238
10.767
2.714
10.265
9.637
16.205
29.673
4.070
18.239
8.858
11.580
10.990
0.570
12.076
11.403
4.461
35.922
27.764
3.838
4.103
10.240
5.184
8.562
7.982
17.089
15.393
5.852
5.773
3.296
0.103
1.409
7.393
14.117
24.893
25.912
32.834
6.218
3.147
16.926
6.396
8.439
1.167
5.474
4.884
13.846
3.746
3.921
20.253
76.707
4.065
3.483
0.309
12.466
8.459
14.368
20.953
3.461
10.485
2.170
2.417
2.156
10.138
3.746
2.558
2.098
3.811
14.828
16.656
9.996
7.139
5.232
15.724
14.183
5.596
1.916
15.278
19.058
26.843
8.525
6.571
1.888
2.400
3.373
17.170
9.846
50.070
15.199
13.355
2.712
12.439
11.333
10.444
19.199
7.646
24.826
21.238
0.936
12.480
8.018
7.289
7.684
13.534
1.900
6.817
7.258
15.336
5.490
5.452
12.167
15.400
14.317
4.305
0.669
14.725
1.689
11.079
13.112
10.894
12.744
0.295
6.990
7.344
14.474
6.176
6.022
11.821
8.487
4.587
3.100
9.816
10.319
13.513
14.469
7.333
98.249
3.210
1.037
9.532
3.783
11.934
3.299
12.401
11.155
3.186
0.295
5.606
2.132
0.000
6.135
6.293
15.535
0.467
2.640
2.731
4.268
11.728
14.753
0.513
6.658
2.588
1.531
0.000
0.000
0.000
0.000
0.000
5.256
1.902
6.000
3.653
0.000
0.000
0.000
0.321
0.412
6.466
0.045
5.756
1.612
1.658
4.705
6.580
12.669
0.566
0.017
0.772
0.000
0.305
0.326
1.981
5.095
6.393
0.064
3.167
0.000
1.313
0.441
0.055
0.000
5.485
1.342
0.177
0.000
0.000
0.000
0.000
0.000
0.000
0.136
0.010
1.801
7.342
7.455
0.000
0.069
0.000
2.592
1.706
0.000
0.000
2.503
2.094
0.245
0.000
0.000
0.000
0.000
0.695
8.020
0.000
0.000
0.000
0.000
0.000
0.000
0.000
3.876
0.000
0.000
2.978
0.673
0.000
0.000
3.354
6.156
3.291
0.156
0.000
0.000
0.000
0.000
0.000
13.331
2.592
3.241
0.127
0.000
0.000
0.000
5.347
0.000
0.000
0.000
0.000
0.034
0.934
4.058
0.007
3.474
0.000
4.587
9.616
9.665
9.517
0.034
0.000
0.134
10.695
3.337
1.119
0.000
0.000
0.278
5.442
0.076
0.542
6.097
14.656
7.950
0.000
0.000
4.137
1.761
13.963
21.772
15.532
79.503
45.102
0.144
5.912
14.042
7.213
22.611
14.873
8.463
6.300
4.127
2.393
13.935
0.570
0.594
3.062
0.058
9.380
4.152
28.175
10.767
9.148
2.436
8.152
7.186
10.337
12.221
1.979
0.000
0.151
14.889
11.714
9.429
1.102
0.165
8.856
11.021
25.651
3.013
9.249
3.272
7.163
11.359
118.525
2.704
6.818
18.838
13.784
1.552
4.219
3.378
3.100
14.399
4.848
11.038
15.498
3.248
12.106
6.194
1.614
1.178
5.497
97.129
71.494
2.558
4.642
11.050
14.262
32.626
12.737
11.189
9.843
16.311
3.571
1.593
0.038
0.000
0.000
0.007
27.277
55.694
2.903
0.000
6.870
12.119
6.408
22.771
1.143
3.028
9.992
14.622
3.787
6.405
16.351
8.296
4.237
6.647
12.950
3.835
2.798
13.572
5.370
9.189
15.700
18.409
11.821
16.970
0.472
9.853
7.891
16.533
6.538
4.974
1.075
5.124
11.589
19.684
13.584
6.645
7.850
5.313
18.059
110.389
9.184
6.750
10.928
9.665
10.756
55.354
13.005
9.726
14.656
11.745
9.265
70.151
97.414
2.518
6.564
17.413
18.680
12.016
15.662
3.801
10.822
9.088
22.800
3.741
8.902
13.249
12.257
12.006
2.994
4.549
11.292
9.067
8.758
7.107
5.519
5.146
13.091
5.074
5.143
17.382
6.887
11.076
44.896
4.319
0.259
20.421
16.351
3.433
0.137
0.000
0.000
0.000
0.000
0.000
0.000
4.173
9.126
4.460
2.856
8.417
7.553
14.754
7.259
5.081
6.439
0.343
0.062
5.637
6.781
9.347
0.491
16.298
13.165
4.218
0.000
6.547
13.517
2.788
0.786
11.230
11.034
18.533
0.000
0.000
0.000
0.000
0.000
0.000
0.000
1.439
4.865
11.405
3.341
2.208
0.051
0.058
0.422
12.152
23.137
19.127
0.742
0.007
0.632
3.306
0.093
0.146
0.000
0.189
14.062
0.570
0.000
0.000
0.000
0.000
0.000
0.000
0.000
0.000
0.000
0.364
0.000
2.369
1.643
0.556
1.346
0.000
0.000
0.031
0.003
0.000
0.000
0.000
0.000
0.000
0.000
0.000
0.000
0.000
0.000
0.898
3.668
5.222
5.346
0.969
2.101
0.010
0.017
15.376
0.889
0.728
0.561
0.565
0.000
0.000
0.000
0.000
0.000
0.000
0.000
2.565
0.201
0.000
0.000
0.000
0.000
1.672
2.414
0.000
0.000
0.000
0.000
0.000
0.000
0.000
0.000
0.000
0.000
0.000
0.000
0.000
0.000
0.000
0.000
0.000
0.000
0.014
0.000
0.000
0.000
0.000
0.000
3.886
5.150
0.000
0.728
14.495
6.406
9.810
0.179
4.161
9.222
0.227
0.000
0.000
0.000
0.000
0.000
0.000
0.000
0.694
33.220
0.058
0.505
0.405
0.227
0.000
0.000
0.003
0.000
0.000
3.471
0.010
0.000
0.000
0.000
0.055
0.000
0.759
2.755
0.000
0.000
0.276
2.608
6.042
8.322
6.190
5.567
0.036
0.000
0.000
4.245
4.958
8.276
13.352
2.415
2.604
0.000
1.267
13.717
15.357
12.341
16.048
0.661
12.421
6.602
25.301
23.169
6.533
0.000
0.000
0.000
2.458
7.866
9.235
1.974
6.345
52.940
12.432
0.848
0.069
6.812
13.438
11.955
19.974
5.752
0.282
11.798
5.936
13.384
0.532
14.100
61.822
8.817
5.977
9.991
16.744
22.714
12.239
15.106
21.128
90.898
1.421
0.172
0.000
2.388
19.714
19.243
2.170
2.901
0.000
2.970
6.235
0.051
0.000
11.745
24.829
14.529
19.168
36.936
3.749
10.313
2.923
12.480
8.844
11.400
24.802
1.802
0.072
1.130
13.499
1.813
3.533
10.725
18.744
5.627
23.813
10.077
11.615
7.048
0.505
3.864
4.381
5.212
13.393
6.787
1.993
17.355
2.101
2.089
8.344
2.836
0.711
16.239
10.736
25.526
4.516
4.714
9.659
10.446
20.388
9.785
0.220
7.381
5.579
20.510
1.957
10.670
3.021
15.966
11.773
31.919
10.727
12.487
2.311
1.342
15.657
11.072
16.376
5.606
1.445
1.377
1.645
4.020
40.129
11.046
5.437
2.983
6.453
23.983
18.965
9.337
6.739
47.821
3.770
7.304
4.964
2.738
14.167
4.983
13.434
26.692
19.712
10.010
2.249
2.731
20.668
7.019
1.442
6.097
14.847
17.806
12.751
24.774
20.361
9.318
7.732
6.830
0.177
2.196
3.818
8.660
20.953
9.076
1.737
5.584
17.724
135.331
0.017
0.065
3.725
9.943
15.915
15.980
12.047
5.812
7.805
5.098
0.058
9.476
13.472
0.714
19.744
2.314
4.432
3.045
6.192
1.545
12.631
11.749
105.043
0.721
0.000
0.000
0.000
0.000
2.245
1.047
8.959
0.000
2.287
10.832
2.142
0.673
0.014
0.000
0.000
0.232
4.867
11.749
4.206
37.882
0.306
1.408
2.633
0.845
0.000
0.000
0.000
0.000
0.000
0.000
0.457
47.571
2.015
0.639
0.007
0.010
1.511
7.587
9.127
0.261
0.010
1.785
2.402
0.031
4.649
5.208
0.345
1.732
0.000
0.000
6.303
1.675
3.972
1.605
0.000
0.000
0.282
0.067
3.629
2.122
2.553
1.298
0.000
0.000
0.000
0.000
0.000
0.000
0.000
1.663
1.887
3.476
2.118
1.530
5.174
2.678
0.577
0.000
0.000
0.000
0.003
0.000
0.000
0.000
0.000
0.089
0.000
2.695
13.269
16.363
10.217
6.884
1.614
0.000
0.000
0.007
1.789
0.117
0.000
0.076
0.000
0.000
0.000
1.591
0.000
0.096
0.306
0.000
0.208
0.488
0.000
0.000
0.041
0.000
0.000
0.000
0.000
4.566
0.460
0.002
1.164
0.000
0.000
0.003
0.223
3.718
0.488
5.189
6.279
27.692
10.952
1.085
0.003
0.546
2.520
1.572
12.300
3.368
20.960
1.006
0.309
2.177
5.761
18.230
1.112
0.130
0.707
12.641
5.849
23.830
3.747
23.219
9.165
26.735
9.186
28.187
8.305
14.814
5.708
1.274
0.649
27.061
20.749
12.078
8.054
18.908
5.709
6.836
6.465
6.135
4.700
5.888
2.843
15.137
4.467
13.951
5.849
16.572
3.339
6.444
17.173
0.338
0.010
5.754
9.963
8.241
12.895
13.599
3.897
0.223
0.433
9.877
12.349
5.170
6.424
12.887
7.004
1.512
5.067
8.205
14.995
8.106
19.490
14.152
0.512
0.000
2.522
9.810
5.720
5.610
6.214
12.500
2.671
12.823
11.000
6.149
7.584
11.561
10.595
30.717
14.974
12.476
8.207
29.675
35.019
21.416
0.566
20.999
10.087
5.673
2.168
0.177
1.610
1.504
0.000
7.280
34.638
8.595
3.962
12.936
20.507
5.939
24.290
16.552
9.366
5.854
3.794
4.060
22.361
0.690
1.181
1.576
8.950
14.183
23.799
92.426
8.228
10.317
18.028
0.424
3.329
16.835
0.597
6.945
13.568
16.289
7.567
13.661
9.218
57.105
1.102
3.485
12.909
16.171
27.644
11.149
81.956
11.393
16.778
2.264
5.445
4.503
8.956
17.947
12.401
1.140
1.828
15.642
3.634
10.052
12.099
4.717
1.871
4.449
12.660
14.365
5.332
0.707
13.911
26.099
3.193
3.996
12.959
24.994
8.944
13.202
11.702
6.317
3.004
4.139
5.943
5.780
9.649
0.582
0.086
3.207
4.065
80.925
5.685
3.050
7.543
16.478
7.306
5.828
6.432
9.088
23.667
2.633
4.491
61.633
0.017
5.864
0.522
12.099
23.995
13.537
4.896
11.477
0.824
6.894
11.573
16.653
19.142
10.729
2.922
16.212
2.280
6.389
18.291
20.009
1.353
6.575
1.015
8.336
22.448
8.283
4.844
6.454
0.982
22.934
5.435
7.780
3.241
0.299
0.000
0.000
0.000
2.747
0.000
0.494
0.000
0.000
0.002
1.147
7.121
5.517
12.631
9.960
2.376
1.390
5.701
10.688
10.526
6.753
8.717
10.123
2.777
10.001
7.546
5.400
1.751
4.587
3.430
5.222
1.250
2.043
0.000
3.847
1.895
12.514
14.746
0.154
0.000
0.000
0.000
0.000
0.000
0.000
0.591
0.292
2.300
5.699
7.107
0.525
13.390
6.091
2.458
4.817
0.000
5.843
0.628
0.968
6.005
6.005
0.350
0.000
0.100
0.000
0.003
0.002
1.016
0.546
0.000
0.000
0.000
0.000
0.000
0.165
0.000
4.118
1.311
0.000
0.000
0.000
0.000
0.000
0.000
0.000
3.016
1.154
0.000
0.000
0.000
0.000
0.000
0.000
0.000
0.000
0.000
0.000
0.002
0.000
0.000
0.000
0.000
0.000
0.000
15.499
1.215
0.766
4.674
0.069
5.023
8.621
0.124
0.752
4.031
0.793
0.003
5.198
0.412
0.010
0.000
0.002
0.000
0.000
0.000
0.172
2.609
0.130
0.062
0.941
0.000
0.869
13.057
0.000
0.000
0.038
0.498
0.656
1.566
0.012
0.148
2.771
3.653
0.118
0.141
5.148
7.308
0.330
3.292
7.931
0.515
0.100
0.151
1.579
0.000
6.032
2.355
6.616
10.823
33.448
15.460
17.762
13.609
3.471
19.353
0.374
0.206
10.973
5.624
16.105
21.085
17.657
7.323
3.365
11.543
0.101
5.493
18.121
3.035
3.028
7.478
11.501
6.307
0.735
6.339
3.794
0.000
13.999
6.966
49.270
18.260
9.335
0.941
0.203
5.128
17.746
0.731
3.739
2.685
20.538
30.302
9.826
6.863
5.191
6.108
13.644
10.557
3.931
10.030
25.857
14.687
13.784
0.014
14.090
11.034
23.978
4.834
4.192
19.348
32.375
9.484
8.430
3.986
6.640
3.529
12.037
18.038
17.417
10.125
17.382
29.629
22.989
7.344
14.629
17.552
11.402
39.341
71.624
1.287
17.480
9.747
28.887
9.819
4.820
1.902
3.135
3.241
16.762
2.287
1.669
11.078
13.384
2.320
4.838
3.910
1.221
1.346
0.249
9.089
32.132
2.199
6.632
15.538
5.343
6.750
19.990
136.049
20.714
8.674
0.000
2.863
12.243
4.650
24.384
0.608
4.039
10.289
9.977
12.736
15.910
6.492
9.048
3.801
12.622
3.294
7.754
10.152
6.298
20.448
7.914
13.705
36.794
5.148
3.468
5.912
10.113
9.076
9.500
13.209
6.386
10.537
13.724
23.408
13.146
5.071
38.507
7.402
8.437
15.101
15.825
16.248
30.987
8.003
17.207
5.565
9.816
1.490
3.383
12.095
83.752
84.657
7.162
1.100
7.948
27.737
23.603
38.577
0.992
16.893
7.302
21.420
15.425
5.993
2.206
2.846
1.516
4.034
14.080
12.112
4.467
7.630
2.352
7.189
22.706
6.188
2.664
14.111
16.002
5.812
6.681
0.278
0.000
0.797
0.000
0.000
0.601
0.000
0.000
0.000
0.000
0.000
0.000
0.000
0.003
4.903
5.174
17.595
4.855
3.962
1.617
5.682
1.929
1.310
0.000
0.000
3.265
4.710
14.892
5.061
11.391
9.071
14.090
2.838
5.546
1.226
0.082
0.364
0.000
0.247
10.684
3.265
0.136
1.897
7.893
7.508
10.171
7.375
7.158
0.443
0.000
0.716
0.000
1.380
40.141
3.486
3.952
0.002
0.033
0.000
0.064
0.000
0.000
0.254
1.401
8.665
3.452
1.092
0.000
0.199
0.120
5.721
5.074
9.568
1.923
1.809
5.047
9.897
0.216
7.471
0.517
15.336
2.935
5.208
3.423
2.479
0.000
0.000
0.000
0.051
3.662
0.000
0.000
0.000
0.000
0.000
2.070
0.972
0.000
0.000
5.236
3.677
0.034
0.002
0.000
0.000
0.000
0.000
0.000
0.000
13.987
0.508
1.686
0.048
0.000
0.003
0.000
0.470
15.352
0.117
0.000
0.062
11.587
0.072
0.000
0.000
0.000
0.000
0.000
1.483
4.710
10.004
20.699
11.850
0.216
0.089
0.000
0.000
0.000
0.000
0.002
0.000
0.000
0.355
0.106
0.118
6.312
0.597
7.018
5.974
0.814
6.166
3.262
13.197
15.839
3.004
0.000
5.449
1.564
0.082
0.000
0.000
0.374
12.483
0.096
0.000
0.031
0.000
0.000
0.000
0.000
2.190
0.271
5.833
13.352
160.282
0.000
5.922
2.225
4.875
5.782
17.163
20.919
11.230
4.546
25.869
3.541
0.000
0.000
0.302
6.046
12.377
26.583
17.963
66.220
7.460
13.578
16.529
4.650
11.299
17.410
31.087
112.859
92.524
0.635
0.000
0.000
0.000
0.038
4.365
3.526
9.314
16.479
130.375
2.338
6.003
14.778
23.440
6.405
9.344
17.169
4.851
14.272
1.066
1.949
14.246
4.995
6.854
1.856
2.656
9.550
12.935
2.292
2.283
45.538
11.591
4.664
3.801
18.622
13.781
44.369
0.336
2.927
3.478
11.942
6.813
2.225
16.919
12.413
13.611
17.237
6.904
22.251
13.853
11.500
6.832
4.920
5.064
1.929
2.242
6.012
5.909
11.611
4.697
4.106
15.101
10.916
4.290
8.580
13.075
9.404
6.360
16.656
27.262
12.622
4.422
7.895
15.750
9.599
2.414
10.609
2.235
1.756
9.627
10.425
3.684
10.918
12.948
19.509
3.363
10.840
235.645
39.058
12.430
29.704
8.998
8.894
15.716
14.205
16.809
17.818
16.624
14.327
63.906
6.921
8.985
4.398
5.109
2.932
0.762
16.706
18.282
15.120
17.884
40.775
15.625
13.235
2.280
12.197
13.778
4.978
21.094
16.473
7.649
107.209
23.054
6.176
0.968
16.076
1.421
0.240
0.489
16.100
16.589
3.213
2.108
14.023
8.470
29.879
3.588
17.365
5.433
7.320
34.274
0.306
10.155
18.333
47.887
3.361
13.549
17.609
15.288
22.972
4.679
3.526
16.143
0.748
2.458
0.354
2.551
6.667
4.412
1.897
1.205
6.073
6.468
0.058
0.797
3.625
7.048
3.732
12.212
6.736
3.169
15.487
19.291
39.863
1.126
4.082
27.977
3.577
0.680
1.638
0.989
6.585
6.688
2.211
5.709
9.582
7.577
7.883
4.978
2.245
28.777
70.445
11.213
3.715
16.751
10.346
40.323
1.787
7.862
7.859
10.506
8.265
28.719
0.354
0.934
0.014
0.024
0.000
0.172
5.816
8.875
1.998
9.891
8.037
1.941
6.846
0.247
0.045
7.917
7.066
6.207
1.669
0.920
4.249
2.551
0.515
0.000
0.051
0.000
0.000
0.000
0.000
0.000
4.813
11.879
3.419
1.069
9.647
0.443
0.000
0.000
2.390
2.417
0.654
3.347
3.718
2.177
2.740
0.007
0.443
0.154
0.000
0.000
0.000
0.000
0.000
0.179
4.652
1.912
0.000
0.000
0.000
1.452
5.483
13.263
0.031
6.173
1.796
0.000
0.000
0.000
