19790101
14.284
5.926
7.363
13.342
6.871
2.055
5.057
9.088
8.149
5.574
6.278
4.069
6.439
11.239
2.352
1.593
2.934
2.501
11.368
9.814
11.003
11.671
9.089
8.807
5.383
8.780
4.365
8.324
8.640
7.676
9.762
4.225
14.504
19.361
32.270
0.266
5.364
7.982
7.754
1.270
4.166
6.695
17.564
9.458
12.517
5.035
13.785
22.385
7.462
20.083
2.829
3.421
16.690
8.782
3.378
14.293
2.408
8.865
7.497
11.989
14.540
11.989
7.769
5.630
3.255
10.540
12.269
7.443
6.647
9.834
15.783
12.027
6.365
7.962
7.790
6.664
14.833
18.570
52.480
18.148
3.512
5.812
14.715
25.760
31.442
8.216
1.377
7.587
11.053
11.464
4.185
6.482
14.310
12.064
7.855
9.877
1.167
0.000
0.000
0.041
0.000
4.985
10.351
12.687
20.565
19.508
7.546
8.988
14.512
6.571
16.802
42.541
30.631
3.423
0.385
0.165
0.000
0.000
3.296
3.492
7.052
6.726
3.574
11.694
6.207
5.603
11.199
3.214
8.154
1.778
4.910
6.187
7.594
9.517
9.122
3.265
4.322
0.000
13.685
4.563
4.000
0.731
4.305
4.807
0.069
2.149
3.430
0.216
4.415
18.048
2.613
0.000
0.000
0.000
0.000
0.000
0.000
0.506
0.000
0.072
0.098
0.000
0.000
0.014
1.802
0.247
0.000
0.000
0.000
0.000
0.000
0.000
0.000
0.000
0.000
0.000
0.000
0.000
0.000
0.000
0.000
0.000
0.000
0.000
0.652
0.024
0.000
0.000
0.000
0.000
0.000
0.000
0.000
0.000
0.000
0.003
3.504
0.000
0.000
0.010
0.343
0.000
0.000
0.175
6.907
0.000
0.000
0.000
1.689
0.000
0.000
0.000
0.000
0.000
0.000
0.000
3.589
0.000
0.000
0.000
1.615
0.000
0.000
0.000
0.000
0.007
1.551
0.000
1.260
0.000
0.007
0.000
5.583
0.000
0.295
0.000
0.000
0.000
0.038
0.000
0.199
0.084
0.000
0.000
0.000
4.219
5.931
2.223
0.000
0.000
0.000
0.000
0.862
5.296
4.307
0.000
0.000
0.000
0.649
1.081
3.118
0.000
0.000
0.000
0.000
0.000
0.000
0.184
0.010
1.545
1.962
0.000
0.033
0.034
0.000
0.000
0.951
1.093
0.000
5.546
0.944
0.920
0.419
2.187
0.385
0.000
0.000
0.017
1.267
0.000
0.000
0.000
0.000
0.000
0.000
0.000
0.906
0.000
2.649
5.737
0.488
15.117
0.752
0.000
5.557
3.814
6.267
13.623
2.705
1.648
35.073
25.619
16.153
2.160
3.074
0.000
0.113
60.756
22.422
2.550
2.262
0.000
12.439
10.071
7.536
10.331
5.327
18.584
5.548
8.408
0.000
0.000
0.175
0.407
1.107
0.026
0.051
7.809
0.000
13.420
0.007
0.021
0.062
0.021
13.170
0.268
2.480
12.413
17.770
13.556
0.381
2.359
14.253
16.363
17.820
4.824
11.166
5.174
5.122
0.000
14.945
14.047
2.026
4.652
18.610
58.763
2.891
0.148
5.531
1.524
18.059
6.454
10.427
2.791
3.344
1.964
11.637
23.535
12.351
2.396
0.700
6.729
11.192
0.151
0.443
17.134
20.879
2.795
0.927
5.057
1.717
1.978
6.416
4.298
17.547
13.767
9.153
7.154
14.001
2.493
0.385
3.432
7.473
28.075
1.842
1.256
4.716
0.410
0.048
5.541
0.000
1.119
21.933
12.191
4.867
0.510
3.086
2.151
0.443
6.805
10.808
0.496
0.973
0.000
0.000
0.000
0.151
16.025
15.242
0.156
2.578
2.929
18.327
4.480
9.778
16.928
9.397
4.218
9.652
4.419
3.411
3.316
16.196
9.541
13.077
7.282
9.700
7.404
11.858
13.676
2.638
20.519
3.553
3.730
44.235
46.596
0.525
4.484
15.690
29.333
3.399
3.677
1.988
9.134
4.398
3.612
13.705
15.240
2.218
1.782
8.116
62.663
3.457
4.841
11.003
5.342
0.041
0.203
0.000
1.802
7.436
4.027
9.740
13.204
3.708
9.017
2.007
1.938
0.570
0.000
0.000
0.000
1.267
6.434
12.459
3.111
4.552
7.321
8.037
4.413
14.519
13.790
10.734
8.231
5.874
13.261
6.578
4.310
13.653
0.007
0.003
0.000
0.000
0.000
1.617
0.010
7.974
4.499
7.371
4.969
0.735
0.000
0.000
0.000
0.000
0.000
0.000
0.000
0.000
0.000
1.483
2.838
0.007
0.007
0.000
0.000
0.252
0.158
0.000
0.000
0.000
5.663
3.296
1.485
2.141
1.100
0.000
0.000
2.954
0.651
0.000
0.000
0.000
0.000
0.000
0.000
0.000
0.081
0.795
0.000
0.000
0.000
0.048
0.010
0.000
0.000
0.000
0.000
4.420
0.230
0.000
0.000
0.000
0.000
0.000
0.000
18.176
2.580
0.000
0.000
0.000
0.000
0.000
0.000
0.000
2.934
3.138
3.306
0.450
0.034
0.000
0.251
0.000
0.000
0.000
0.000
0.000
0.000
0.000
0.000
0.000
2.444
0.000
1.164
3.522
0.000
0.000
0.000
0.000
0.058
0.000
0.000
0.000
0.000
0.000
0.000
0.000
0.621
6.681
0.000
0.038
0.000
0.000
0.014
14.923
0.000
0.000
0.000
0.223
1.257
4.576
0.110
0.000
0.000
0.000
0.000
0.000
0.000
0.000
0.000
0.017
0.000
2.736
15.168
0.007
0.000
0.000
0.179
0.007
0.000
0.000
0.055
0.000
0.000
8.459
4.108
0.580
25.528
4.937
6.619
0.010
2.891
10.777
3.303
3.432
3.862
0.141
0.000
0.000
6.116
1.016
0.007
0.000
0.000
0.076
0.007
1.109
3.646
12.521
20.023
5.008
0.405
0.000
0.191
0.000
2.075
12.253
19.332
5.303
3.929
0.206
1.592
3.480
9.505
21.186
3.909
39.453
7.737
8.111
1.063
14.624
13.220
24.879
17.595
17.710
1.210
0.089
2.994
2.074
6.125
0.000
1.130
4.880
0.000
11.556
12.469
0.615
5.586
0.000
2.032
42.495
1.552
0.093
10.389
12.452
8.638
5.023
21.029
9.210
0.529
2.218
9.713
15.068
14.025
11.251
13.596
13.269
29.581
6.159
7.872
0.570
0.000
4.168
12.751
11.738
16.589
9.610
16.591
14.341
6.025
10.183
1.847
0.000
0.318
0.041
9.616
10.557
3.976
1.596
9.081
11.089
28.863
1.500
14.224
11.618
6.564
0.323
4.556
22.244
8.820
2.283
5.121
15.568
14.813
11.072
11.718
13.027
3.231
4.532
18.721
2.700
22.131
9.829
11.119
5.316
6.832
9.599
14.169
17.892
5.749
18.182
6.010
11.494
24.886
24.783
23.234
10.159
12.981
21.530
19.133
18.325
0.216
1.169
1.342
2.933
8.200
17.106
6.238
2.089
8.258
82.600
33.790
2.307
2.695
13.490
1.825
10.864
3.090
9.040
4.844
13.733
13.122
8.566
16.740
26.741
6.516
11.563
13.482
25.541
10.022
1.164
6.691
4.570
0.999
5.655
15.055
10.296
7.364
13.077
0.089
1.435
10.578
1.006
0.000
3.444
3.540
9.321
6.908
7.155
14.550
0.996
0.120
0.021
0.000
4.944
2.178
3.347
4.807
14.543
4.808
2.443
3.193
9.412
5.542
6.265
2.096
9.601
3.663
3.728
7.457
16.001
0.990
0.017
1.452
0.132
3.017
2.783
4.086
4.705
0.802
0.034
0.000
0.000
4.975
4.762
0.790
3.275
1.667
8.593
0.759
0.000
0.000
2.839
5.136
7.031
4.791
0.941
4.439
5.620
0.501
0.000
0.000
0.000
0.000
0.639
0.000
0.000
0.000
0.000
0.000
0.000
0.000
0.000
7.502
0.611
4.748
0.000
0.000
0.000
0.000
0.000
0.000
0.000
0.000
1.057
0.062
0.000
0.000
0.850
0.000
0.000
0.000
0.000
0.000
0.000
0.000
0.000
0.000
0.000
0.000
0.000
0.038
0.000
0.000
0.000
0.000
0.000
11.362
0.000
0.014
5.368
21.471
1.521
0.000
0.000
0.000
0.000
0.000
0.000
0.000
0.000
0.014
0.000
0.000
0.000
0.079
0.000
0.000
0.000
3.018
23.631
0.000
0.470
0.000
0.000
0.000
0.000
0.144
1.485
0.000
0.000
0.000
0.007
0.000
0.175
0.000
0.340
0.505
1.988
0.062
0.000
0.000
0.000
0.000
0.985
20.671
0.000
0.742
0.000
0.007
0.000
0.000
0.930
0.827
0.148
0.000
0.000
0.000
0.000
5.431
0.000
10.478
8.889
0.000
0.000
0.000
0.000
4.923
2.228
16.940
18.493
2.723
0.000
0.000
0.000
0.027
0.000
0.000
0.051
0.069
0.000
5.428
0.014
0.000
0.000
0.000
0.000
0.017
0.000
0.398
6.075
0.000
0.227
0.288
0.034
8.305
10.403
25.900
36.183
0.312
5.871
21.475
1.466
14.392
80.241
10.413
2.777
11.196
8.830
9.314
10.375
8.930
0.000
7.172
15.680
22.556
20.950
82.749
9.953
7.258
17.386
6.873
84.245
1.682
0.158
7.392
12.861
6.046
1.397
11.948
29.548
9.955
6.063
5.304
13.127
0.869
12.864
8.150
23.878
9.132
15.450
8.253
21.106
9.548
17.135
9.522
15.853
10.925
12.099
11.989
15.585
4.178
13.366
6.300
12.583
14.698
10.039
6.056
5.215
9.620
26.995
14.282
11.534
3.382
4.219
15.800
11.350
20.431
7.464
12.185
3.430
0.742
12.130
7.296
4.096
1.542
9.356
3.792
7.839
0.513
0.395
13.925
16.570
61.436
21.665
18.023
9.685
18.919
6.247
9.719
17.171
5.833
0.819
17.158
10.628
4.916
54.034
0.374
13.154
21.032
9.955
12.006
24.635
11.721
10.713
2.256
6.642
16.761
21.573
14.844
2.506
6.327
9.726
18.843
17.737
105.207
6.729
13.463
2.784
7.996
11.427
7.726
8.381
8.094
1.583
11.822
3.207
14.739
3.589
3.744
4.005
6.664
34.903
3.446
4.585
6.264
2.800
6.425
10.353
36.863
23.063
20.563
85.020
6.520
17.834
18.364
2.636
0.669
11.091
18.855
16.755
15.664
11.867
0.388
5.177
9.877
7.224
32.259
3.401
9.692
4.001
9.948
6.377
0.000
0.366
0.000
0.034
0.316
0.000
0.000
0.000
0.000
0.000
9.352
4.274
2.365
5.449
7.670
1.569
12.737
13.218
7.170
7.203
2.118
12.978
6.358
8.423
21.434
8.834
7.714
6.070
0.831
0.000
0.000
0.000
0.000
0.000
0.000
1.952
1.468
5.340
0.348
0.851
0.000
0.000
5.840
9.860
2.966
5.634
1.159
6.080
5.615
4.245
0.422
0.000
0.062
0.038
6.777
9.747
0.978
1.979
2.211
0.208
1.468
0.184
1.207
0.000
0.000
0.000
0.000
0.000
0.000
0.000
11.068
7.496
2.364
2.414
0.000
3.095
12.713
7.898
2.769
0.041
0.000
0.000
0.000
0.000
0.000
0.000
0.000
0.345
0.925
1.123
0.000
0.000
1.699
8.403
0.651
0.000
1.469
1.042
2.400
1.785
0.000
0.000
0.118
12.820
12.808
0.257
0.000
0.000
0.000
0.021
5.093
0.000
4.805
0.000
0.000
0.000
0.000
0.000
0.021
0.000
0.000
0.579
1.368
0.000
0.156
0.010
2.341
1.848
0.000
0.000
0.000
1.706
0.000
0.000
0.000
0.003
0.363
0.000
0.000
0.000
0.000
0.000
0.357
0.264
2.182
8.490
12.108
0.589
20.668
0.127
8.370
12.614
3.711
5.045
11.103
1.921
0.728
0.000
0.000
4.873
1.101
0.000
0.000
3.648
9.323
4.736
0.000
0.000
0.065
0.027
2.909
0.072
0.354
0.302
6.624
12.933
3.619
4.709
0.118
1.396
0.724
1.102
0.614
0.179
0.055
0.010
0.048
0.000
0.000
0.000
7.066
7.735
8.037
16.404
7.574
18.938
0.062
0.000
1.390
0.566
1.442
0.913
8.044
0.642
48.271
0.103
0.554
0.247
10.452
0.745
0.000
0.000
0.000
0.000
0.000
7.550
5.704
1.875
6.522
9.865
9.416
23.785
19.017
29.040
14.553
0.354
0.000
4.695
39.771
11.601
4.322
6.509
10.896
8.594
12.705
10.111
1.272
0.476
13.144
4.451
9.678
0.508
0.000
0.000
0.000
10.398
7.399
21.973
8.995
6.939
19.799
4.522
3.239
8.216
3.624
5.730
12.294
0.007
6.132
1.081
6.242
26.331
14.212
5.637
1.923
0.446
0.089
11.790
14.687
7.352
5.620
9.608
7.364
6.180
15.609
11.125
0.000
0.000
0.048
4.278
0.371
0.000
8.611
8.231
12.020
5.416
17.101
0.770
17.131
12.833
0.000
2.539
0.000
11.960
41.787
16.078
2.459
1.109
12.099
5.122
11.579
3.459
0.122
12.447
7.878
4.940
10.101
0.161
0.000
0.508
0.285
0.000
5.088
0.000
16.397
35.915
21.640
10.226
0.439
4.705
1.775
5.812
0.000
2.702
0.010
12.823
5.909
0.000
0.000
0.000
0.000
0.000
0.000
0.000
0.120
0.130
8.995
4.669
12.157
8.631
0.669
11.865
14.687
19.216
13.719
0.635
7.859
5.071
5.589
1.442
2.860
5.260
3.251
3.179
3.323
3.799
12.070
16.184
9.527
77.416
91.808
1.076
12.185
5.512
8.027
11.771
5.517
12.445
7.251
0.381
1.016
0.010
5.229
8.360
0.433
0.323
11.608
8.377
1.699
5.974
9.613
5.795
0.257
4.734
8.291
4.247
1.246
13.393
8.573
3.825
2.012
12.088
1.037
3.196
1.833
0.038
8.068
9.558
17.461
54.087
0.367
0.000
0.000
0.704
0.000
0.927
0.000
2.939
2.554
0.038
0.158
0.000
9.596
0.000
0.000
0.000
0.000
0.000
0.000
0.000
0.000
0.024
5.737
0.000
0.003
1.452
0.814
0.000
0.000
0.000
0.024
0.000
0.875
0.000
0.000
0.553
0.000
1.033
1.627
1.308
0.000
0.000
0.000
0.000
0.000
0.913
0.000
0.000
0.000
0.000
0.000
0.000
0.199
3.014
0.518
0.007
0.000
0.000
0.000
0.000
0.000
0.000
0.000
0.000
0.000
0.000
0.000
0.000
0.000
0.000
0.000
0.000
0.000
0.000
0.000
0.000
0.000
0.000
0.000
0.000
0.000
0.000
0.000
0.000
0.000
0.000
0.000
0.027
0.000
0.000
0.905
1.619
10.820
0.133
0.191
0.000
0.000
0.254
3.821
3.274
0.000
0.237
0.007
0.000
0.000
0.000
0.000
0.007
0.000
0.000
0.154
0.000
0.000
0.000
0.130
0.010
0.000
0.021
0.285
0.053
0.886
0.000
8.485
0.323
0.000
2.254
1.667
16.025
0.000
0.362
0.000
0.022
4.240
1.172
0.000
0.972
2.086
0.000
1.135
3.068
0.000
0.000
0.000
4.216
6.376
0.000
0.000
0.003
0.560
11.328
1.612
10.497
18.083
26.697
6.395
0.000
0.227
0.000
0.000
9.961
6.714
7.794
0.129
0.096
0.088
12.665
5.728
0.000
4.491
18.487
1.061
2.345
16.993
5.928
2.975
2.039
0.000
0.000
0.000
7.915
15.875
6.892
6.197
0.124
18.031
0.247
2.537
8.738
24.554
47.083
2.551
0.000
0.000
0.000
0.615
0.292
6.520
0.405
0.000
4.360
14.789
4.003
8.327
11.112
3.373
0.340
19.223
7.261
12.241
1.421
1.857
10.753
9.307
87.783
0.285
6.053
7.095
8.023
16.797
33.218
9.714
9.793
12.303
14.356
9.908
11.120
12.492
10.095
14.983
2.312
0.124
5.780
11.362
16.780
1.899
12.250
6.594
5.275
3.263
8.556
1.744
4.259
4.298
5.564
11.790
9.270
4.051
25.354
0.223
6.108
0.477
12.318
6.085
13.026
5.922
18.447
4.007
5.026
22.007
53.606
40.054
0.151
5.627
0.340
2.084
11.251
3.141
7.835
2.898
5.706
16.871
10.348
2.153
1.233
4.199
19.666
6.478
71.102
8.696
5.704
8.693
15.776
19.367
19.411
4.027
0.989
0.587
0.034
13.997
13.623
1.233
12.445
9.867
1.490
0.227
4.473
0.000
0.738
0.000
10.365
11.386
1.778
18.042
5.776
0.288
0.000
4.144
2.166
7.107
6.822
1.504
9.586
1.239
0.501
7.381
8.604
15.813
13.465
2.146
4.855
15.020
7.975
0.508
7.687
7.189
25.207
14.588
24.359
30.339
0.233
0.000
1.583
9.651
3.454
2.156
8.466
0.620
2.645
5.124
7.665
2.807
12.911
12.658
6.875
6.000
5.589
3.148
0.093
0.553
0.831
3.631
4.319
1.832
7.983
9.951
4.740
4.795
0.000
6.904
2.643
5.155
15.201
1.931
11.852
5.093
0.027
2.561
6.606
1.106
14.045
16.799
5.634
3.049
2.065
4.274
0.532
5.679
5.328
7.069
3.955
6.678
16.217
4.748
0.014
2.585
0.000
2.386
9.436
0.299
0.000
0.000
11.906
0.323
0.055
0.000
0.000
0.000
4.312
3.983
1.075
6.376
9.864
1.720
0.000
1.171
3.474
4.425
7.110
2.120
6.427
5.188
0.000
0.000
0.000
0.000
0.000
0.000
0.000
0.000
0.000
0.000
0.000
0.000
0.000
0.000
0.000
0.000
0.000
0.000
0.003
6.158
0.354
0.000
0.000
0.000
0.142
0.000
0.000
0.000
0.000
0.000
0.000
0.000
0.000
0.000
0.000
4.586
3.657
13.170
9.812
65.222
39.449
0.000
0.000
0.000
0.000
0.000
0.000
0.000
0.000
0.469
0.640
0.039
5.914
0.466
0.913
0.000
0.000
0.045
3.821
0.354
3.512
0.000
0.000
0.000
0.000
0.000
1.296
9.491
2.894
0.259
0.000
7.170
13.319
2.710
0.000
1.061
0.000
0.000
0.000
0.007
0.000
0.014
2.352
1.427
0.591
2.352
0.093
0.000
0.000
0.711
2.218
11.829
0.498
5.251
8.636
0.053
0.000
0.248
0.108
4.108
8.869
3.754
18.098
2.686
15.381
26.513
32.763
51.878
0.797
0.745
3.766
10.698
17.223
2.922
6.068
0.000
10.540
12.547
20.333
33.816
15.681
7.629
0.321
0.000
13.065
19.530
0.395
8.882
0.105
13.469
9.414
15.309
3.437
1.414
6.812
14.297
2.561
3.743
1.408
11.256
1.955
6.149
6.028
5.885
4.419
17.106
6.207
5.661
23.158
12.203
8.580
2.520
10.550
13.487
22.725
12.229
3.244
0.000
0.130
0.874
16.692
8.314
17.659
22.997
15.918
5.759
13.163
23.074
28.393
3.619
2.132
10.204
18.158
57.747
4.978
2.250
4.128
5.311
11.385
3.653
7.828
0.937
9.229
10.633
9.153
2.594
9.117
11.656
13.494
0.539
6.283
9.191
15.541
8.683
8.926
16.363
5.747
23.724
13.932
12.965
12.526
5.878
9.243
6.168
0.304
14.414
0.045
4.682
13.280
1.890
8.720
18.577
15.884
14.081
12.337
14.511
13.695
0.419
1.802
91.693
12.284
3.201
2.842
6.408
11.423
12.306
14.169
4.573
15.786
51.028
2.606
16.806
15.528
35.882
22.652
1.377
5.366
4.498
10.234
10.284
10.307
13.041
8.648
4.837
20.093
2.760
16.771
3.897
1.349
3.763
6.448
3.001
7.769
19.585
13.462
1.047
6.638
19.813
27.308
2.180
16.479
11.343
91.272
1.760
13.946
13.149
6.200
0.882
1.538
3.866
12.979
6.956
1.950
5.040
0.003
13.702
21.049
46.634
6.681
21.588
0.611
2.589
46.448
13.949
2.959
2.712
13.153
6.478
2.456
0.171
0.936
0.027
5.782
2.596
4.692
2.264
13.511
9.239
9.653
2.468
6.073
4.027
5.646
1.825
7.716
14.114
0.725
10.822
0.515
5.878
2.453
0.855
1.917
2.801
5.814
3.013
8.037
2.395
2.055
0.719
9.046
8.430
0.369
0.000
0.000
0.000
0.000
0.000
0.000
0.000
0.000
0.000
0.000
0.000
0.000
0.000
3.728
0.000
0.000
2.960
2.154
7.896
2.081
0.000
0.000
0.000
0.000
0.000
2.716
0.038
1.772
0.000
8.741
3.390
54.777
0.275
0.000
0.000
0.405
0.326
0.000
0.000
0.000
0.000
0.000
0.000
0.000
0.000
0.161
0.000
0.000
0.000
0.000
0.000
0.000
0.076
1.009
9.582
0.460
7.828
8.753
5.660
0.031
0.000
0.000
0.000
0.000
0.000
0.010
0.000
0.000
0.000
0.000
0.000
0.000
0.000
0.000
0.110
0.393
0.702
0.000
0.000
0.000
0.000
0.000
0.000
0.146
4.436
1.705
0.045
0.850
8.614
9.266
0.134
0.000
0.000
0.000
0.000
0.000
0.000
0.000
0.000
0.000
0.000
0.247
3.594
0.000
0.000
27.650
2.463
6.125
3.320
0.000
0.256
0.014
0.000
0.000
7.016
7.849
6.290
0.330
0.000
0.003
0.805
0.872
0.000
0.000
0.000
0.027
0.000
4.671
0.652
5.874
0.000
0.000
0.000
0.027
0.000
0.154
0.079
0.812
1.646
0.400
3.826
5.421
0.151
4.928
30.445
1.181
0.007
3.799
13.374
1.075
9.898
0.000
0.000
6.822
8.995
1.476
0.000
0.779
0.000
7.278
8.047
5.823
8.763
3.083
1.658
0.051
0.000
0.000
0.874
0.000
0.354
3.207
0.031
8.247
4.894
20.774
4.707
0.007
0.000
0.110
0.512
7.855
0.800
0.000
7.028
4.693
0.000
10.188
12.418
10.921
0.113
8.144
8.006
5.627
3.615
0.182
0.000
0.385
3.612
2.599
1.658
18.945
12.737
2.465
1.748
0.000
0.000
4.104
1.033
3.934
4.793
5.349
0.000
0.000
5.799
7.100
10.990
7.481
7.155
13.278
11.882
11.038
1.411
9.991
0.927
2.444
8.209
13.520
4.916
0.618
6.350
5.545
12.119
18.265
41.329
0.096
15.038
5.387
12.504
2.115
2.671
5.799
24.637
12.349
6.709
20.510
2.242
12.432
11.609
1.686
12.329
66.797
1.524
5.553
10.973
0.824
2.949
8.442
11.546
7.024
0.144
7.533
29.225
14.210
0.893
23.500
9.661
13.098
3.231
12.655
25.945
3.442
22.819
21.093
0.565
4.316
2.400
1.408
2.922
21.135
28.158
10.470
1.799
13.034
4.853
14.368
7.689
14.202
16.028
89.405
7.498
4.007
23.703
6.291
11.743
6.684
12.713
9.649
9.396
11.079
1.696
9.575
10.856
10.739
0.718
2.905
10.142
9.555
11.361
10.973
4.916
0.451
9.728
9.428
19.151
1.837
0.055
3.028
0.179
6.108
10.595
5.672
8.367
5.641
15.233
21.465
5.737
2.365
4.175
5.043
7.460
5.043
5.558
4.982
11.652
5.552
8.755
3.751
1.027
3.387
12.233
7.783
1.614
5.390
3.399
8.755
5.570
9.953
1.504
5.208
7.557
5.941
8.765
2.283
9.937
7.165
0.778
9.153
6.245
-99.000
0.124
1.003
0.000
0.000
0.000
0.000
2.510
2.029
0.130
0.000
0.021
0.082
8.065
9.513
0.010
0.000
0.000
0.000
0.000
0.000
0.000
0.000
0.000
0.000
0.000
0.000
0.000
0.000
0.000
0.000
0.000
0.460
0.000
0.000
0.000
0.000
0.000
0.000
0.000
0.000
0.000
0.000
0.000
0.148
0.027
3.972
3.595
0.000
0.000
0.000
0.000
3.086
0.137
0.000
0.000
0.000
0.000
0.000
0.000
0.000
0.000
0.000
0.000
0.807
0.000
0.000
0.007
0.048
0.000
0.000
0.161
0.000
0.000
0.000
8.969
2.575
0.000
0.000
7.948
5.606
1.991
0.000
0.000
0.000
0.000
0.000
0.546
6.180
0.024
0.000
2.002
0.021
0.000
0.000
0.000
0.000
0.312
9.829
0.172
0.412
0.000
0.000
0.000
0.051
0.000
0.000
12.976
2.407
1.107
9.630
0.048
0.000
0.077
0.000
0.177
0.000
0.000
0.000
0.003
0.079
0.000
0.288
0.656
0.000
0.000
0.000
0.625
0.014
0.168
0.000
0.000
0.000
6.721
7.371
0.834
0.000
0.000
0.000
0.158
1.660
3.406
15.654
1.037
0.683
8.686
11.776
0.000
0.000
0.000
0.230
2.832
0.065
0.977
0.496
0.000
0.000
0.045
11.788
17.666
0.027
34.204
2.648
0.094
0.391
5.107
0.000
0.000
0.000
0.000
1.589
9.258
0.000
0.000
6.602
0.652
16.886
24.802
7.557
5.253
11.328
15.563
18.364
11.486
12.866
13.516
15.151
58.116
4.815
0.000
0.264
13.501
10.391
137.248
6.080
0.851
0.685
3.622
0.081
0.348
7.602
18.537
18.409
14.573
27.507
10.487
0.142
4.936
-99.000
-99.000
-99.000
-99.000
-99.000
-99.000
-99.000
-99.000
16.751
4.827
9.665
9.589
11.076
2.922
5.656
16.253
34.044
3.347
2.184
5.088
3.365
1.011
16.366
13.942
16.122
2.132
2.657
1.936
11.323
13.366
3.169
9.112
8.034
16.734
11.271
7.198
1.147
0.261
2.345
5.802
10.138
17.873
1.766
0.142
2.209
6.317
15.274
13.314
0.031
0.000
0.000
0.000
0.003
0.000
5.166
3.341
18.841
12.361
33.756
3.617
11.072
6.771
3.505
10.358
13.573
13.469
6.562
0.254
1.258
12.609
51.177
4.895
12.967
11.530
1.009
5.210
12.681
20.159
0.003
0.000
0.000
0.000
0.000
0.000
0.000
2.663
18.205
14.504
10.190
15.602
3.289
11.318
1.243
3.541
11.615
16.890
7.027
9.362
19.399
7.675
2.611
0.168
0.000
9.151
4.837
9.733
10.022
10.646
0.515
3.154
6.073
5.197
3.696
7.126
25.588
20.332
0.913
0.896
9.534
11.877
2.463
2.341
2.024
5.812
8.805
6.384
6.260
3.244
0.529
3.416
4.793
1.895
4.039
7.896
8.338
2.190
12.291
0.027
0.000
0.000
0.000
0.103
0.851
10.852
5.198
13.874
0.745
2.843
6.836
11.079
0.577
0.100
0.041
0.000
0.000
0.000
0.000
0.000
0.000
2.822
0.000
0.831
5.009
0.748
8.054
7.042
1.899
1.208
0.000
0.000
0.831
9.507
0.965
4.151
10.358
3.313
0.000
0.000
0.000
0.000
0.000
0.000
8.590
0.500
0.000
0.000
0.000
0.000
0.920
2.620
4.672
5.239
0.000
0.000
0.000
0.000
0.000
1.796
0.451
3.469
5.873
0.323
0.000
0.000
0.000
0.000
4.341
1.584
8.528
0.000
0.000
0.000
0.000
0.000
0.000
1.905
0.000
0.100
6.858
0.000
0.000
0.000
0.000
0.010
0.003
0.031
0.093
0.000
0.000
0.000
0.000
0.000
0.000
0.000
0.000
0.000
0.000
0.615
0.000
0.000
0.000
0.000
0.000
0.000
0.000
0.000
0.000
0.000
0.000
0.463
0.494
0.669
0.236
0.167
0.031
0.000
0.000
0.000
5.794
0.188
0.569
0.584
0.446
0.000
0.000
0.000
0.000
2.101
0.239
0.000
0.000
0.000
0.172
0.010
0.726
0.863
0.000
0.000
0.285
0.239
0.007
0.000
6.746
0.000
0.288
0.000
0.446
0.525
0.000
0.000
0.067
0.000
0.000
0.108
0.000
0.000
3.955
8.878
0.000
10.895
62.505
18.387
14.806
0.797
0.000
0.000
13.869
48.014
16.059
0.000
0.077
0.000
1.360
0.000
8.099
5.318
0.120
2.427
0.491
0.000
0.000
0.000
14.729
7.447
7.625
2.050
19.353
12.514
3.492
0.082
7.551
12.607
5.018
15.348
0.244
0.000
4.683
20.586
10.499
13.537
1.778
3.454
9.994
3.074
0.089
10.423
5.071
19.360
1.439
0.182
5.891
14.265
1.840
20.414
8.363
0.515
6.616
0.000
1.342
11.464
1.274
0.216
5.912
13.657
6.013
7.254
6.710
2.455
0.000
8.684
10.392
5.565
8.329
10.464
0.925
0.000
0.000
0.000
21.401
32.005
11.363
6.494
1.773
3.765
17.609
14.632
7.972
8.145
2.745
4.704
4.420
11.297
15.420
9.474
10.907
9.350
40.200
2.460
0.881
8.961
10.494
7.278
1.452
11.678
4.964
0.033
1.384
14.298
4.898
1.571
3.414
5.311
3.042
16.128
33.711
11.506
0.570
7.337
28.462
14.801
0.369
14.553
14.032
13.400
10.707
9.634
16.522
8.831
9.077
15.237
9.798
9.356
12.056
1.966
10.204
14.135
5.239
0.000
1.998
3.921
8.820
9.359
0.848
10.928
2.795
8.123
9.108
2.589
4.573
0.127
4.546
9.146
18.103
11.189
1.773
1.442
11.034
6.151
2.980
11.216
13.189
8.911
1.298
5.637
19.681
11.017
4.436
14.794
4.618
7.622
21.092
9.095
7.665
5.222
5.502
11.637
0.348
10.761
1.021
4.647
6.710
12.289
2.437
14.765
3.809
11.673
0.553
12.506
5.424
9.861
8.322
19.631
0.141
0.093
0.687
1.167
0.687
6.214
5.126
0.642
1.710
8.859
0.481
7.169
4.285
2.644
4.896
0.000
6.513
0.645
3.787
2.201
3.059
9.043
15.139
9.352
5.934
8.056
9.314
1.535
0.000
2.032
1.754
3.914
42.757
8.629
0.244
0.000
3.481
0.419
0.000
0.000
1.476
2.208
1.828
0.000
0.000
0.000
0.117
0.000
0.000
0.640
3.191
2.481
0.113
1.456
1.801
0.086
12.238
7.038
3.208
1.373
1.710
0.000
1.363
1.143
0.187
0.165
0.000
5.819
4.185
10.164
0.340
0.007
0.000
0.000
0.000
0.000
0.000
0.000
0.000
0.000
0.000
0.000
0.000
0.000
0.000
0.000
0.000
0.000
0.000
0.000
0.000
0.000
0.000
0.000
0.000
0.000
0.000
0.000
0.000
0.000
0.000
0.000
0.000
0.000
0.000
0.000
0.000
0.000
0.000
0.000
0.518
0.306
0.000
0.000
0.000
0.000
0.000
0.000
0.000
0.000
0.000
0.000
0.000
0.604
0.000
0.038
0.000
0.000
0.000
0.000
0.000
0.000
0.000
0.000
0.077
0.062
0.000
0.000
0.000
12.246
4.508
8.137
0.827
0.000
0.000
0.000
0.000
0.000
0.491
10.485
0.000
0.024
0.927
0.007
0.000
0.045
3.258
0.000
0.328
9.878
2.363
0.000
1.990
4.909
5.989
0.000
1.191
4.572
0.021
0.000
0.913
11.457
0.000
2.117
5.462
5.649
14.905
0.000
0.000
0.000
0.000
0.912
0.041
0.000
0.031
1.595
2.317
3.385
0.000
0.163
0.000
1.181
0.000
0.086
18.383
7.320
0.010
0.000
5.840
5.509
5.340
11.644
7.380
6.935
12.300
10.998
3.435
27.777
127.776
1.699
0.287
1.890
5.270
26.712
12.554
41.518
14.840
6.808
6.777
0.192
11.629
21.673
14.473
2.250
19.332
24.208
26.927
1.768
10.910
11.949
92.114
10.506
2.479
2.659
10.130
17.073
6.602
15.544
4.086
10.378
12.306
6.509
21.574
4.870
20.998
2.492
1.954
3.547
13.070
8.137
0.347
8.895
1.044
8.501
8.109
1.814
1.375
2.918
4.247
7.421
5.241
8.123
6.678
19.250
12.016
35.858
11.790
14.986
2.678
8.315
1.277
9.661
9.531
16.389
20.105
5.455
1.957
3.098
21.025
11.307
7.055
8.520
1.311
1.154
2.889
5.871
10.894
13.513
11.903
23.009
0.336
6.125
0.216
0.000
9.668
13.735
3.193
9.048
4.199
22.058
4.322
17.856
39.619
1.377
0.167
4.728
8.236
7.145
1.760
18.955
10.423
14.577
2.060
2.558
1.500
0.975
4.329
10.276
2.266
1.147
11.625
9.922
7.574
6.681
20.016
17.389
7.134
7.282
1.857
4.594
1.768
3.897
11.110
2.537
22.398
2.983
10.219
8.617
5.964
7.739
10.458
4.453
13.647
9.297
7.780
12.988
12.250
5.030
3.849
3.708
0.388
11.069
9.253
7.972
6.279
2.870
0.175
1.353
12.878
1.713
3.145
8.099
13.472
18.728
10.054
13.211
33.110
49.135
15.201
6.990
9.563
7.685
33.580
0.062
0.000
0.000
0.000
0.000
0.154
3.742
5.909
11.022
5.653
2.661
0.161
0.101
0.000
0.000
0.000
0.000
0.000
0.117
8.070
1.037
11.239
2.807
8.636
4.080
10.466
0.007
6.197
1.632
6.513
0.335
2.836
4.329
0.505
7.387
12.260
1.626
0.000
0.000
0.000
2.854
6.013
4.173
0.312
0.000
0.086
0.000
0.972
1.148
2.395
2.122
0.045
0.007
4.740
10.489
5.816
6.684
10.932
0.000
0.000
0.000
0.000
0.000
0.000
0.000
0.000
0.000
0.000
0.000
0.000
0.000
0.000
0.000
0.000
0.000
0.000
0.000
0.000
0.000
6.276
6.930
5.091
3.274
0.086
0.666
9.053
4.120
3.322
1.658
0.000
1.562
0.199
0.000
0.000
0.000
0.000
0.000
0.000
0.000
0.000
0.000
0.000
0.158
1.923
0.000
0.000
0.000
4.882
1.136
0.172
0.000
0.000
0.000
0.000
0.000
0.000
0.000
0.649
5.485
0.000
0.000
0.000
0.101
0.000
0.000
0.000
0.000
0.000
0.000
0.257
0.038
2.302
0.000
0.000
0.000
0.000
0.000
0.000
0.079
0.645
0.354
0.000
0.101
0.000
0.000
0.000
1.713
0.405
0.000
0.014
0.000
3.492
0.027
0.000
0.000
0.000
0.000
0.000
0.553
10.461
0.223
0.000
0.302
11.352
0.316
0.014
0.000
0.000
1.727
9.949
3.035
6.118
25.248
3.286
0.000
0.000
0.505
28.125
0.254
1.629
11.246
115.211
22.835
9.618
3.850
10.560
15.706
14.610
0.348
0.103
2.891
2.944
0.000
0.000
1.765
3.883
3.474
9.423
8.350
28.798
9.184
7.715
0.000
0.000
5.558
7.014
16.040
1.372
0.000
1.135
0.000
0.000
8.527
0.007
3.028
13.198
0.048
0.000
4.014
12.210
5.174
15.357
24.206
0.288
0.034
6.381
8.053
0.422
0.000
11.885
5.996
1.955
21.042
18.192
10.724
11.680
4.729
15.147
15.532
10.363
63.594
6.170
18.715
13.795
10.372
10.200
2.711
7.601
10.301
10.986
39.187
9.246
1.990
6.978
7.959
11.567
29.981
46.508
3.670
3.483
3.287
20.280
10.732
12.471
3.483
5.792
9.910
16.684
10.581
20.043
5.758
8.205
11.852
8.824
18.408
2.075
14.152
17.719
22.568
4.080
9.591
15.700
11.292
25.851
11.645
2.050
22.093
22.083
48.563
8.993
6.735
0.312
4.026
3.866
0.003
16.605
3.069
4.907
9.694
1.971
17.726
15.003
13.293
6.157
17.921
7.464
15.971
1.198
1.284
11.694
14.293
8.514
0.007
9.493
9.222
11.884
14.989
0.580
10.382
11.628
5.152
7.876
8.181
6.358
0.954
8.020
12.881
21.758
12.404
1.943
13.434
4.467
15.916
8.926
8.889
9.968
0.237
6.733
10.159
8.868
12.049
4.099
4.982
8.477
4.110
9.170
9.520
6.067
0.336
0.275
3.354
17.781
11.625
13.551
6.671
6.451
0.690
2.383
10.959
28.005
3.255
4.988
11.467
6.712
4.645
13.596
14.667
12.710
0.312
7.944
5.593
4.346
12.435
3.224
0.021
3.656
6.410
0.000
0.000
0.000
0.000
0.000
0.000
0.000
2.365
0.110
8.950
3.471
13.472
13.889
21.719
6.961
5.603
3.821
5.050
4.460
2.576
0.278
0.000
3.907
6.830
0.180
0.000
0.000
0.000
0.000
0.000
0.000
0.000
0.000
0.000
0.000
1.059
11.390
7.103
3.930
0.306
0.000
0.000
0.000
0.000
0.000
0.168
0.000
0.045
0.000
0.000
0.000
0.209
9.254
2.963
0.425
0.000
0.000
0.000
0.000
0.000
0.000
0.000
0.000
1.687
0.086
0.000
0.000
0.000
0.000
0.000
2.592
0.000
0.000
0.000
0.000
0.000
0.000
0.000
0.000
0.000
0.000
0.000
0.000
0.000
0.000
0.000
0.000
0.000
0.014
0.007
4.449
0.978
0.316
1.971
0.306
0.148
0.148
0.000
0.000
0.000
0.000
0.213
0.000
2.482
1.109
0.000
0.385
0.676
0.798
0.517
0.045
1.378
1.184
0.000
0.621
0.000
0.000
19.882
1.444
0.000
0.000
0.000
0.000
0.000
0.000
0.000
0.000
1.164
2.154
0.000
0.000
0.000
0.000
0.000
0.000
0.635
0.065
1.251
0.000
0.000
0.261
0.106
0.065
0.000
0.000
0.000
0.000
0.027
0.000
0.594
7.392
10.609
8.051
16.785
10.993
11.879
0.000
1.933
4.824
0.316
4.254
0.000
0.000
0.000
0.000
2.149
0.208
0.000
0.024
0.024
6.925
11.724
0.427
0.000
8.135
6.890
7.169
7.026
0.000
1.155
1.284
0.409
0.014
1.643
3.484
6.246
0.000
1.210
12.197
0.319
2.273
6.120
4.066
2.446
0.027
5.679
12.119
0.000
14.619
8.882
24.414
5.672
3.038
3.378
0.302
0.000
12.123
30.350
4.350
16.195
4.935
2.341
143.457
6.472
7.114
1.796
9.098
4.470
24.548
14.615
17.170
27.574
0.554
0.584
27.740
36.296
1.624
11.393
4.003
22.215
18.246
11.638
8.813
10.822
3.200
11.695
6.590
5.903
2.666
5.293
19.286
1.190
22.743
12.082
5.474
1.308
22.838
1.492
8.693
13.625
8.823
9.762
0.240
0.415
14.366
3.121
3.668
4.410
6.787
14.289
6.231
3.244
2.187
5.174
0.048
6.331
12.569
15.374
2.189
23.902
0.247
4.395
8.405
0.014
11.649
11.838
1.689
18.230
10.008
12.118
18.375
8.226
16.189
0.819
3.250
4.345
2.659
0.965
11.900
13.283
15.262
10.178
19.717
13.347
16.459
12.863
20.896
22.474
2.232
12.938
2.752
5.586
11.398
7.421
12.205
14.828
44.065
6.624
7.213
4.797
5.330
10.571
3.402
0.881
0.445
0.000
2.007
6.128
7.323
13.139
12.349
12.861
0.839
7.440
15.587
5.328
5.370
0.165
6.803
8.923
11.948
9.101
6.273
11.340
3.244
3.807
14.025
0.000
0.257
3.399
6.726
5.064
4.216
1.789
5.909
4.446
2.390
2.475
12.761
10.925
4.855
17.551
12.724
2.431
1.171
2.338
2.328
4.717
0.000
3.014
1.751
9.774
1.054
3.519
0.000
0.076
5.699
3.588
7.725
1.267
0.724
0.003
0.096
5.019
0.525
3.428
2.721
4.340
2.328
0.103
7.879
1.439
4.978
8.109
11.302
3.447
0.000
0.000
0.000
0.000
0.014
0.000
0.000
0.000
5.651
0.268
5.167
2.341
6.149
4.946
5.445
5.709
0.000
0.000
2.160
0.000
0.000
0.000
0.000
0.000
0.000
0.000
0.000
0.000
0.213
0.000
0.000
0.000
0.000
5.452
10.051
1.780
0.000
0.000
0.000
0.000
0.000
0.065
0.000
0.000
0.051
0.000
0.000
0.000
0.000
0.000
0.000
0.000
0.000
3.540
3.030
0.000
0.000
0.000
0.000
0.000
0.000
0.000
0.221
7.948
0.781
0.000
0.000
0.000
0.000
0.000
0.000
0.000
0.000
0.000
0.000
0.000
0.000
0.000
0.000
0.078
0.000
0.000
0.000
0.000
0.000
0.000
0.000
0.000
0.000
0.000
0.000
0.512
0.000
0.000
1.251
0.649
0.000
0.000
0.000
0.000
0.000
2.757
6.654
1.758
0.000
0.021
0.000
0.000
0.539
0.000
0.000
0.000
0.518
0.000
0.000
0.000
0.076
0.875
0.000
0.000
0.027
0.000
0.000
0.000
0.000
0.000
0.017
0.000
0.000
0.000
0.100
0.158
0.118
0.735
0.185
3.056
0.000
5.843
0.117
1.270
17.197
0.937
0.021
8.715
0.237
8.786
6.437
0.072
0.051
0.350
15.101
0.113
5.934
0.113
0.000
0.000
0.000
0.563
14.205
1.239
4.216
3.045
5.229
18.024
13.626
0.900
10.712
0.065
0.014
1.372
10.279
16.284
6.010
1.023
0.038
2.578
10.073
1.651
0.000
4.214
9.444
0.640
5.474
0.000
0.397
1.224
4.671
21.249
16.761
12.111
4.286
6.382
8.566
5.861
4.760
15.295
0.240
9.942
8.791
9.083
10.538
13.029
0.534
28.698
4.586
0.700
4.019
6.293
20.126
6.884
0.295
0.316
5.684
4.455
4.733
8.719
3.022
3.605
1.038
0.000
0.000
9.557
0.366
9.713
9.108
11.848
1.530
18.397
8.175
0.141
0.000
5.852
2.860
1.488
0.014
1.875
0.489
0.000
0.000
0.271
0.038
0.000
0.000
0.000
1.054
0.024
0.518
0.542
2.129
14.886
10.622
10.389
17.976
7.278
9.596
0.077
20.479
1.682
11.163
7.024
5.019
10.698
10.236
17.346
10.025
2.523
3.429
4.243
11.229
24.077
6.551
17.941
17.271
4.153
8.698
11.736
16.124
16.607
11.848
18.448
12.698
7.134
6.738
10.642
26.269
0.081
3.219
7.896
30.254
0.242
0.000
0.000
0.000
17.425
4.396
7.523
4.776
4.566
12.260
6.001
20.005
3.193
17.290
13.420
5.754
13.822
12.571
8.250
4.525
11.144
11.022
24.699
1.150
0.034
6.770
7.876
5.857
13.443
14.432
13.960
15.120
26.024
5.031
10.506
4.916
0.007
0.000
2.870
9.588
9.163
5.217
9.417
0.841
4.896
10.978
8.846
0.742
1.662
0.112
4.770
6.096
5.021
0.000
2.515
4.298
4.589
6.331
0.000
4.635
7.577
4.870
3.342
0.000
0.000
0.000
5.225
16.202
9.841
9.295
6.317
0.512
1.003
0.314
0.158
0.000
0.000
10.379
2.408
2.084
0.000
0.000
0.000
1.136
0.000
0.000
0.000
0.000
0.000
0.000
0.271
0.946
0.000
0.000
0.014
0.000
0.204
1.602
7.208
3.825
4.086
2.609
3.601
0.000
4.494
1.277
0.000
0.000
0.000
0.000
0.000
0.000
0.000
0.000
14.135
13.216
4.738
8.209
0.000
0.000
0.000
0.000
0.000
0.000
0.000
0.000
0.000
0.000
0.000
0.000
0.000
0.263
0.000
0.000
0.000
0.000
0.000
0.000
0.000
0.000
0.000
0.000
0.000
0.000
0.000
0.000
0.000
0.058
3.260
1.559
2.385
0.000
0.757
4.268
0.000
0.057
0.103
0.000
0.034
0.000
1.353
9.611
2.765
3.430
0.101
7.536
2.371
0.676
0.486
0.666
0.060
0.000
2.600
0.158
6.424
20.553
28.879
0.000
0.167
1.606
2.608
0.000
0.000
2.050
1.099
0.196
1.789
0.000
1.245
0.000
0.927
0.000
0.000
0.010
0.235
0.003
0.836
0.110
8.238
6.966
0.215
4.922
4.260
0.000
0.000
0.000
0.045
0.798
5.203
0.000
6.130
13.329
3.885
0.000
0.028
0.326
0.000
0.000
0.000
0.000
0.752
1.090
0.000
0.000
0.000
0.000
1.260
0.000
0.000
0.024
0.031
0.000
2.379
0.000
4.350
6.115
0.000
0.000
10.564
6.453
12.212
11.113
90.869
0.000
7.775
12.318
10.907
56.628
10.001
3.114
0.089
1.511
0.996
20.785
15.985
14.334
0.000
12.346
11.361
13.352
5.459
4.415
13.063
12.308
4.791
0.000
0.038
10.832
3.217
11.307
3.205
10.784
2.218
11.613
6.238
16.504
6.049
5.488
0.000
0.038
2.098
0.659
15.690
34.617
27.711
1.966
6.909
13.051
8.130
4.669
6.511
7.972
12.682
6.812
7.050
14.155
23.715
8.635
4.535
14.220
4.583
5.555
7.721
9.627
17.204
8.717
19.295
5.466
23.715
2.887
5.891
9.292
15.602
6.036
8.956
11.984
1.337
20.563
15.456
8.047
19.457
11.827
13.695
2.070
0.242
15.000
13.576
17.111
28.132
9.479
2.154
9.678
21.610
3.226
3.016
0.412
1.318
8.003
11.158
9.850
9.062
28.482
13.637
3.615
1.461
5.349
9.198
3.758
14.440
94.393
3.801
9.846
3.219
10.676
8.746
7.845
7.332
13.984
10.037
10.450
9.780
11.424
12.037
15.240
119.296
6.460
7.659
19.166
26.292
13.865
13.407
10.229
33.991
3.207
16.258
4.637
9.548
15.827
26.930
14.924
1.287
2.731
17.472
7.146
0.017
7.311
7.483
7.043
9.380
7.884
15.316
90.262
8.132
8.856
10.059
1.354
4.664
1.691
3.794
16.545
7.388
8.178
7.133
6.691
1.809
3.965
0.501
7.131
8.247
13.814
8.157
5.699
3.189
3.392
3.675
0.124
3.996
27.177
0.076
0.000
0.000
0.000
0.000
0.000
1.370
5.212
9.850
4.288
12.809
31.242
8.772
0.000
0.000
0.000
2.049
0.240
3.665
0.000
2.532
0.311
3.040
4.135
8.294
0.927
0.014
0.000
0.000
0.014
4.491
4.719
2.410
1.130
0.000
0.000
0.000
0.000
0.000
13.759
2.230
0.570
0.542
0.000
0.000
0.010
1.823
4.216
6.733
4.355
2.522
0.000
7.103
2.539
0.000
0.000
0.000
0.000
5.067
0.000
0.000
0.000
0.000
0.000
0.000
0.000
0.000
0.000
0.000
0.000
0.000
0.000
0.000
0.000
0.000
4.528
0.117
0.000
0.000
0.000
0.000
0.000
0.000
0.000
0.000
0.000
7.296
13.301
0.000
0.000
1.945
0.000
0.000
0.378
13.515
0.431
0.000
0.000
0.017
1.066
0.000
0.000
0.000
0.000
0.000
0.000
0.321
0.000
0.206
0.213
0.000
0.000
0.000
0.000
0.000
0.348
1.768
0.000
0.000
1.013
0.117
0.000
0.000
0.000
0.000
0.000
0.000
0.000
0.000
0.021
0.000
0.096
0.378
0.024
0.010
0.000
0.024
0.000
0.000
1.892
0.000
0.000
0.130
1.291
0.000
0.000
0.000
0.000
0.199
1.401
0.000
0.137
0.000
0.000
0.079
19.734
1.033
5.143
1.154
10.828
0.362
5.562
4.128
0.457
24.520
4.364
7.021
16.064
12.099
80.664
3.783
2.781
5.335
0.000
0.000
2.889
10.815
7.018
7.323
4.992
12.605
14.227
6.978
1.954
13.120
9.546
15.825
9.213
0.134
0.000
0.000
0.000
4.793
3.993
31.452
14.969
1.023
2.328
0.000
12.480
3.576
9.721
4.377
12.518
5.448
1.176
4.295
5.522
8.423
11.697
0.101
0.000
8.739
4.346
16.507
85.354
4.146
0.184
7.199
7.492
6.875
9.085
6.111
9.912
8.883
5.700
2.145
0.000
0.062
2.513
7.735
0.010
0.000
2.331
17.564
23.713
4.558
6.266
14.214
53.854
9.678
1.136
7.738
2.942
3.893
10.444
1.487
4.357
6.726
9.632
45.082
21.883
1.298
13.834
11.306
3.797
2.307
1.840
6.336
21.993
2.225
8.302
5.301
11.240
2.520
2.331
12.641
13.307
40.677
20.496
11.093
12.967
9.792
15.099
1.401
6.633
8.617
17.254
14.025
4.625
6.901
7.749
14.447
11.632
4.745
10.386
16.040
22.295
34.676
3.148
7.854
12.006
11.594
0.154
0.000
0.144
3.917
0.000
0.000
0.031
4.140
18.740
1.078
8.508
6.791
13.108
20.457
30.590
8.120
15.237
3.282
11.222
12.610
14.063
12.469
12.784
1.375
10.221
6.413
1.167
8.545
8.338
11.697
8.061
6.557
9.929
24.773
32.573
0.318
12.924
14.083
2.731
3.330
5.598
27.825
7.606
1.406
15.196
11.937
2.607
4.214
6.370
15.082
0.137
7.646
8.590
11.795
12.310
8.779
13.317
3.490
4.532
3.804
7.960
8.123
17.638
6.334
5.924
6.439
5.895
7.133
3.203
0.702
0.000
0.000
0.000
0.000
0.000
0.121
2.343
3.749
4.460
12.222
5.220
11.329
2.625
1.239
12.984
7.428
10.425
3.703
6.042
6.877
3.141
6.702
0.000
0.292
2.908
14.378
1.751
0.000
0.000
0.000
0.237
5.191
3.083
1.291
1.528
5.596
0.091
2.283
6.906
0.000
0.000
2.266
9.005
1.171
0.000
0.000
0.000
0.000
0.410
0.000
5.965
2.270
0.000
0.000
0.000
1.068
0.000
0.000
0.000
0.000
0.000
0.000
0.000
0.000
0.000
0.000
0.000
0.000
0.000
0.309
8.737
1.286
4.293
0.000
0.000
0.282
0.000
0.000
0.000
0.000
0.000
0.000
0.000
0.000
0.000
0.000
0.000
0.000
1.708
0.585
0.000
0.000
0.000
0.000
0.000
0.000
0.000
0.000
0.000
0.000
0.000
0.000
0.000
0.000
0.000
0.120
0.000
0.000
0.000
0.000
0.000
0.100
0.000
0.000
0.000
0.000
0.000
0.000
0.000
0.000
0.172
0.017
0.000
0.021
0.000
6.037
0.156
2.096
0.046
0.007
0.436
0.000
0.050
0.065
0.000
0.017
1.653
0.000
0.069
4.158
0.578
6.063
11.318
0.578
0.000
0.881
1.621
0.000
0.000
0.000
0.628
1.272
38.677
14.541
0.467
0.046
0.000
0.000
0.024
2.099
6.327
2.335
0.000
0.054
2.108
0.088
0.168
0.017
17.480
3.718
3.140
16.223
15.403
2.624
0.103
1.093
1.061
0.031
0.000
0.000
0.084
0.309
4.836
0.604
0.525
0.184
0.051
0.923
0.603
0.000
0.000
76.806
0.522
0.000
1.027
0.000
0.576
0.530
13.848
10.107
26.722
4.439
11.819
6.969
12.603
18.752
8.877
14.109
9.778
14.281
11.443
4.470
17.472
16.905
10.717
20.215
13.252
20.215
5.210
1.881
0.000
4.604
2.946
10.428
62.239
17.149
5.452
1.686
3.691
15.202
14.090
4.587
4.252
1.609
19.532
0.481
8.652
5.022
17.406
0.000
0.288
4.453
0.000
2.328
8.063
7.840
5.707
8.909
15.406
4.056
6.626
8.966
3.905
13.505
0.391
10.942
4.985
7.557
5.983
13.036
21.846
7.925
0.350
2.372
7.989
10.361
0.034
6.880
13.352
5.188
3.866
9.565
3.124
60.595
8.030
6.980
8.406
2.081
14.850
5.565
10.691
2.589
0.354
50.280
15.899
5.431
3.481
14.787
6.269
1.912
2.949
2.748
17.521
15.453
11.917
15.038
14.207
12.451
3.330
15.966
12.444
11.192
7.217
21.545
41.760
33.127
0.415
5.657
13.699
0.628
7.963
9.244
12.651
0.288
5.914
12.730
4.810
1.893
6.084
11.773
0.369
0.046
11.958
16.720
9.431
10.930
9.150
6.760
16.891
10.516
9.163
11.827
8.284
1.130
0.000
0.000
0.282
6.156
4.625
12.082
14.272
2.783
5.435
0.000
0.000
0.117
0.000
0.259
5.026
2.496
3.663
14.526
12.356
6.042
8.185
8.199
10.056
9.050
7.711
4.714
0.000
0.000
0.000
7.340
0.103
7.388
12.761
17.077
7.800
10.413
2.475
0.007
6.801
0.556
0.371
0.457
0.148
0.000
0.000
0.000
0.000
0.000
4.885
1.059
1.536
1.754
4.903
0.000
2.633
6.019
8.791
7.493
7.316
2.838
0.000
0.014
0.000
0.000
0.000
0.000
2.065
3.888
0.000
0.000
0.000
0.000
0.000
4.733
11.344
5.093
9.004
0.000
0.000
0.000
0.515
6.248
4.075
0.000
0.000
0.000
2.822
2.908
3.655
8.413
1.059
0.017
0.000
0.000
0.970
0.000
0.000
0.000
0.920
0.206
0.000
0.000
0.000
0.000
0.000
0.000
0.000
0.000
0.525
7.083
0.000
0.000
0.029
0.136
0.000
0.000
0.000
0.000
0.000
0.000
0.000
0.000
0.000
0.295
0.000
0.000
0.000
0.000
0.000
0.000
0.000
0.000
0.000
0.000
0.000
0.000
0.000
0.000
0.000
0.000
0.000
0.000
0.000
0.000
0.000
0.000
0.000
0.000
0.000
0.000
0.024
8.552
0.000
0.003
1.246
1.576
0.000
0.000
0.000
0.000
0.017
0.000
0.000
0.007
0.216
0.000
0.000
0.000
0.742
0.213
1.816
0.000
0.000
0.000
0.062
0.000
0.000
0.000
0.040
2.693
6.961
0.407
4.740
8.205
9.599
2.069
0.635
0.017
3.351
0.000
0.000
0.117
2.657
0.000
0.000
1.263
0.014
4.106
2.503
46.702
18.011
0.000
0.000
0.000
0.000
0.427
0.007
0.000
0.282
0.000
0.003
9.683
0.185
12.391
2.551
9.235
10.066
6.439
0.148
13.398
33.108
1.419
6.377
5.213
5.582
5.799
9.380
7.858
19.276
10.592
0.118
0.000
0.653
21.326
8.676
9.865
16.303
6.690
7.243
13.712
9.225
18.286
10.105
8.756
3.533
16.364
1.760
5.782
11.858
15.487
14.717
11.428
0.097
4.316
7.654
4.534
16.425
8.229
2.130
14.581
13.256
13.628
3.459
7.042
15.987
5.404
21.358
4.264
8.841
5.656
4.274
4.044
11.520
6.712
20.225
13.058
5.773
21.147
9.956
21.362
21.437
13.922
20.407
12.167
1.900
5.375
20.682
15.474
12.751
2.733
0.572
6.619
4.264
73.056
8.466
3.200
4.384
0.070
2.819
2.755
20.330
9.553
26.208
1.588
22.446
47.967
43.373
7.890
9.491
6.653
46.208
15.844
13.099
13.204
3.447
8.102
13.811
16.449
10.804
3.773
1.677
3.466
2.084
5.665
14.804
0.869
3.123
11.082
7.021
0.754
2.553
9.955
21.671
4.903
4.127
6.545
12.227
4.992
15.026
8.516
14.763
13.652
3.754
1.819
6.648
8.329
9.045
1.662
5.344
20.134
34.617
9.354
2.733
3.441
5.119
13.395
11.749
34.967
71.603
0.790
18.141
13.860
4.078
0.095
5.874
5.481
38.085
6.683
9.426
8.623
8.962
3.092
0.233
0.000
0.000
1.270
0.227
0.024
9.649
6.662
16.509
7.020
12.199
22.483
6.895
1.753
0.000
0.000
0.000
0.000
0.694
5.256
5.323
7.182
17.968
0.340
3.751
7.275
13.688
4.817
12.854
3.903
4.898
0.712
1.947
8.842
3.124
8.310
1.202
11.113
0.448
0.187
1.011
6.075
5.263
6.388
0.615
0.000
0.000
0.000
0.000
0.000
0.000
0.000
0.000
0.000
0.000
0.197
0.000
9.527
4.964
0.227
4.235
0.093
0.000
0.000
0.000
0.000
0.000
0.007
0.772
6.171
9.678
0.266
0.000
0.000
0.000
0.000
0.000
0.000
0.000
0.000
0.000
0.000
0.625
0.000
0.000
0.000
0.000
0.000
0.000
0.000
0.000
0.000
0.000
0.000
0.000
0.000
0.000
0.000
0.000
0.000
0.000
0.000
0.000
0.000
0.000
0.000
0.000
0.000
0.000
0.000
2.222
0.000
0.000
0.335
1.492
0.884
0.000
0.000
0.208
0.966
3.111
0.129
0.671
0.000
0.000
0.000
2.848
0.000
0.045
1.667
3.556
5.924
0.324
0.000
0.000
0.000
0.000
0.000
0.000
2.891
0.445
0.000
0.000
1.580
0.010
0.000
0.000
0.000
0.000
0.017
0.000
0.034
0.000
0.000
0.000
0.000
0.179
3.262
1.048
0.745
0.000
0.010
0.424
0.457
0.000
0.000
0.000
1.361
0.117
0.553
0.506
1.735
0.000
0.000
0.000
0.000
0.000
0.106
6.602
3.325
0.000
0.000
2.891
0.000
0.101
0.000
2.109
1.833
4.334
8.398
9.263
1.778
13.683
6.273
1.852
0.048
1.061
5.727
1.552
12.993
0.797
24.445
0.000
2.365
0.000
0.505
8.806
5.603
0.000
0.117
0.824
9.919
51.989
5.371
7.708
19.830
0.498
0.786
22.426
45.332
0.000
0.000
0.000
0.275
9.824
19.851
12.895
7.357
8.111
25.865
8.004
6.619
1.832
5.418
6.489
5.948
1.662
4.133
18.505
10.133
1.561
0.000
0.000
0.149
0.048
0.000
0.000
0.000
3.751
14.624
4.472
8.247
9.272
14.514
6.120
11.283
35.546
12.902
15.697
12.342
1.974
0.354
5.739
5.560
16.158
10.887
14.680
16.682
13.012
11.577
14.622
11.738
17.176
2.462
1.045
3.871
6.557
20.160
16.600
16.438
6.889
1.490
8.508
4.487
17.451
0.024
0.237
11.924
13.757
6.939
5.871
5.795
11.539
2.386
39.774
0.618
7.666
9.905
6.866
9.742
5.473
10.641
5.088
4.628
8.672
2.757
5.043
2.537
4.432
54.556
9.598
6.060
1.404
0.875
3.886
12.178
4.583
11.414
8.835
23.349
19.290
4.901
17.450
11.050
8.988
21.821
12.662
7.706
12.998
5.129
6.094
6.623
2.906
3.638
40.694
7.441
6.666
7.747
3.032
12.824
20.055
12.245
16.450
4.068
2.216
0.000
2.060
0.000
0.000
0.000
3.976
3.425
12.336
2.467
7.328
0.997
2.036
4.719
0.972
0.318
15.036
1.935
0.366
6.963
5.256
5.692
3.074
6.657
4.036
6.338
1.778
7.797
2.129
10.157
5.519
10.372
2.582
9.060
16.509
2.788
6.005
0.000
0.000
1.581
0.357
1.241
4.164
1.636
6.381
0.936
2.146
3.929
7.695
12.058
26.185
3.629
0.261
0.000
3.119
9.891
0.000
0.000
0.000
0.000
3.782
0.300
0.000
0.105
6.461
2.771
9.198
3.323
2.941
11.285
9.529
11.829
0.795
0.086
2.539
7.306
5.160
2.168
3.794
4.498
10.173
1.572
5.941
0.021
0.362
0.000
0.000
0.000
1.511
0.000
0.000
10.502
0.125
1.909
0.000
0.000
0.000
0.000
0.000
0.000
0.000
0.000
0.000
0.000
0.000
0.000
0.000
0.000
0.000
0.000
3.505
0.529
0.625
0.000
0.000
0.000
0.000
0.000
0.000
0.000
0.000
0.000
0.000
0.000
33.824
7.138
1.157
4.477
18.893
34.130
0.000
0.000
0.000
0.000
0.000
0.000
0.000
0.000
0.000
0.000
6.094
1.205
2.702
9.956
0.220
2.815
4.158
0.000
0.000
0.000
0.781
0.264
0.000
0.000
0.000
0.000
0.000
0.196
0.000
0.000
0.000
0.415
0.000
0.000
0.000
0.017
3.210
0.240
0.000
0.422
8.734
16.582
0.000
0.000
0.000
0.000
1.009
1.533
0.000
0.000
3.831
12.432
1.305
0.508
0.000
0.000
0.000
0.000
0.000
0.000
0.375
0.268
0.134
1.976
0.000
0.000
0.024
9.828
0.000
0.000
0.105
0.000
6.379
0.360
0.000
1.916
2.599
0.273
13.355
15.729
0.000
0.000
0.000
3.363
3.342
4.155
0.000
0.817
0.007
0.000
1.749
0.000
0.058
0.285
0.000
0.000
0.000
0.000
0.000
0.706
1.298
6.060
0.055
3.370
3.679
108.799
0.438
5.198
8.741
13.827
13.827
3.238
0.077
10.356
7.815
2.134
11.633
0.276
14.403
8.660
2.578
4.352
14.442
8.394
6.547
0.187
0.000
0.000
0.000
3.686
4.374
3.114
4.828
33.615
17.379
37.827
13.649
7.878
12.507
12.430
16.819
97.008
0.326
1.514
2.299
4.861
7.533
4.096
5.244
27.744
14.087
5.146
5.193
8.939
6.101
12.274
1.837
5.838
14.751
7.111
4.482
11.000
7.939
12.413
8.885
6.681
22.925
5.251
6.336
10.233
5.775
8.065
4.463
1.066
7.121
12.845
0.323
0.072
33.871
4.037
1.176
1.665
4.056
9.797
13.973
12.344
5.109
14.945
7.845
36.229
5.103
0.359
0.000
2.417
6.001
11.863
6.288
14.219
6.887
3.401
2.474
1.219
4.719
7.102
17.533
16.984
0.007
4.180
5.677
0.706
10.861
9.562
22.656
0.601
21.943
9.500
0.436
15.666
7.442
12.974
8.293
9.860
2.324
2.843
14.251
5.855
5.072
4.147
2.553
1.270
3.706
2.475
7.893
1.459
9.242
9.398
11.783
18.613
11.678
20.538
0.154
0.000
2.668
5.043
8.377
4.748
1.765
6.379
3.759
2.997
8.003
11.494
4.570
17.025
2.959
5.939
3.378
6.915
13.901
46.469
1.339
2.496
12.322
4.932
5.205
12.174
5.651
16.328
0.048
0.148
8.484
6.286
3.516
0.625
0.079
0.000
0.000
0.048
1.095
13.129
5.706
7.327
25.025
4.024
0.000
0.000
0.000
0.000
0.000
0.000
0.000
0.000
9.132
10.434
11.769
2.966
8.926
10.592
0.203
0.000
0.149
0.000
0.000
0.000
0.000
0.000
2.186
2.300
2.453
7.771
14.456
0.515
0.000
0.000
0.000
0.000
0.024
0.000
0.000
3.952
2.111
0.000
0.000
0.395
0.000
0.000
0.000
0.000
0.000
0.000
0.000
0.000
0.000
0.000
0.000
0.000
0.000
0.000
0.000
0.000
0.000
0.000
0.000
0.000
0.000
0.000
0.000
5.045
2.383
0.821
0.082
0.000
0.000
1.027
0.000
0.000
0.000
0.000
0.000
0.000
0.000
0.000
0.000
0.000
0.000
0.000
0.000
2.355
6.314
0.835
0.000
0.000
0.000
0.000
0.000
0.000
0.000
0.388
0.000
0.000
0.003
0.000
0.000
0.000
0.000
0.000
0.110
0.000
0.000
0.000
0.000
0.000
0.000
0.000
0.003
0.031
0.031
0.000
0.135
1.476
5.594
0.000
0.000
0.000
0.118
0.000
0.000
0.000
0.000
0.000
0.041
0.000
0.000
0.000
0.000
0.000
0.000
0.367
4.206
1.369
5.546
0.007
0.036
0.000
0.257
0.000
0.000
0.000
0.000
0.429
0.021
3.713
0.000
0.000
0.154
0.242
0.000
5.557
34.078
3.020
46.761
0.000
0.024
0.000
0.803
29.919
5.555
0.846
9.256
10.497
8.961
10.880
0.297
11.330
17.449
5.386
3.983
34.442
6.910
7.548
0.601
0.000
7.843
10.427
11.243
6.121
12.164
15.148
0.083
15.765
7.436
0.000
8.854
1.282
6.334
0.259
9.151
26.606
21.731
3.928
0.209
2.012
2.832
17.690
33.584
16.261
26.848
30.096
18.648
7.211
10.581
5.466
4.180
1.320
18.802
17.848
4.882
0.306
0.000
0.000
2.463
0.010
7.756
19.659
33.867
0.000
0.000
2.642
0.793
3.583
3.873
25.642
18.278
2.685
3.354
3.952
4.697
0.199
16.706
6.269
9.524
9.627
52.154
15.971
5.483
27.583
76.149
4.679
1.693
2.493
3.895
12.360
16.109
11.469
14.087
8.435
7.704
5.473
27.637
14.756
12.617
6.104
9.936
4.422
16.764
11.172
8.549
12.274
2.753
3.691
7.677
22.676
8.514
2.656
6.966
9.956
8.813
30.278
14.217
8.789
6.080
55.543
0.942
14.876
28.056
25.993
17.461
15.087
17.995
10.083
20.452
2.482
12.590
1.006
8.878
5.194
1.368
0.673
0.000
2.884
1.351
6.013
14.215
10.310
16.354
22.086
0.007
0.148
2.417
0.000
4.978
13.767
7.623
5.406
9.598
13.306
18.703
6.846
2.367
6.571
1.849
4.075
1.167
20.847
14.529
18.972
11.002
7.951
15.001
6.321
6.939
9.366
8.480
14.943
17.070
14.334
7.471
7.004
1.717
20.259
14.605
0.027
0.000
0.666
4.831
4.302
1.569
7.608
5.545
12.559
14.488
3.861
4.662
30.333
7.727
17.966
10.131
5.891
3.042
5.562
7.117
2.287
6.671
6.594
6.432
1.799
3.358
0.544
2.455
10.376
5.222
8.719
0.094
0.000
0.000
0.000
0.000
6.171
0.551
8.883
0.633
1.511
8.877
0.690
0.000
1.283
2.039
0.690
0.489
3.042
0.156
0.000
0.201
7.654
0.774
0.653
5.197
0.041
5.419
4.714
1.715
4.231
16.071
7.213
0.103
0.000
4.288
2.599
0.158
0.791
1.207
6.319
7.291
0.709
0.093
0.824
2.511
13.741
13.549
0.007
0.000
0.000
0.000
0.000
0.000
0.000
0.000
0.000
0.010
3.540
3.123
1.301
0.000
0.000
0.000
0.000
0.000
0.000
0.000
0.000
0.000
0.000
0.000
0.000
0.000
0.000
0.000
0.000
0.000
0.000
0.000
0.000
0.065
0.000
0.000
0.000
0.000
0.000
3.296
0.000
0.000
0.000
0.000
0.000
0.000
0.000
0.000
0.000
0.000
0.000
0.000
0.000
0.000
1.686
0.045
4.522
0.000
0.000
0.000
0.000
0.000
0.000
0.000
0.000
0.000
0.014
0.000
4.319
0.000
0.082
0.073
0.158
0.010
0.007
0.000
0.949
3.469
0.869
0.000
0.000
0.000
0.000
0.000
0.238
0.191
0.435
0.000
0.000
0.064
0.041
0.000
0.000
0.000
0.000
0.000
0.000
0.233
0.000
0.738
0.000
0.000
0.000
0.000
4.304
0.000
0.781
0.000
0.184
0.000
0.118
1.378
0.000
0.000
0.007
0.000
4.748
0.000
0.000
0.000
0.127
0.000
13.437
14.478
0.000
0.007
5.274
0.319
4.518
0.000
0.100
0.470
0.000
0.000
0.000
6.149
6.001
3.931
15.482
18.800
0.362
7.002
15.284
3.346
0.520
1.848
8.080
0.024
0.000
16.897
4.731
9.956
0.508
0.048
14.713
12.457
3.028
0.738
6.273
6.118
6.355
7.196
13.719
8.841
21.252
11.975
9.223
17.880
10.660
8.133
3.926
8.029
0.010
10.461
9.146
2.410
0.000
0.000
0.000
0.000
0.252
0.000
0.000
0.333
0.000
0.000
0.738
3.032
5.788
3.153
4.836
3.073
2.118
5.215
14.591
27.184
18.275
7.890
19.899
0.472
4.312
2.474
1.360
9.675
26.889
7.581
4.092
3.663
5.895
43.636
7.749
6.046
1.833
0.000
8.343
4.841
1.703
0.381
4.762
14.619
6.030
0.975
0.000
13.149
13.300
3.280
11.858
11.034
6.410
10.231
26.068
7.217
10.025
17.612
8.315
9.675
0.834
3.214
5.383
15.168
2.867
0.117
8.585
8.406
2.740
5.964
6.386
6.564
6.923
1.521
6.048
1.051
9.270
14.365
4.144
1.181
0.470
8.835
11.513
30.490
6.273
12.167
6.527
14.080
3.217
0.625
5.667
3.234
18.857
9.874
6.331
4.760
12.140
16.747
25.771
1.456
3.687
11.681
11.781
12.033
1.193
6.314
3.639
5.079
13.905
5.440
1.435
7.040
11.944
12.224
0.501
1.968
8.805
6.125
3.227
1.828
6.853
0.237
8.770
1.919
3.385
6.511
7.241
1.088
1.459
10.063
0.257
3.770
3.021
4.098
1.940
5.582
10.822
4.848
0.318
1.799
5.946
10.897
0.810
0.000
0.000
0.000
0.000
0.000
0.000
0.003
0.000
1.974
0.038
0.000
0.000
0.865
4.209
0.652
0.031
1.538
4.800
0.421
0.072
0.000
0.000
0.000
0.000
0.000
0.000
0.000
8.295
4.868
5.524
2.652
0.014
3.485
0.137
0.000
0.000
0.000
0.081
0.000
0.000
0.000
0.000
0.000
0.000
3.802
1.257
0.072
0.000
0.000
0.000
0.000
0.173
0.257
0.295
0.000
0.000
0.000
0.000
0.000
0.000
0.000
0.000
0.000
0.000
11.044
1.739
0.000
0.000
0.000
0.000
0.000
0.000
0.000
0.000
0.000
0.000
0.000
0.000
0.000
0.000
0.000
0.000
0.000
0.198
0.287
0.000
0.000
0.000
0.000
0.000
0.000
0.103
0.000
0.000
0.000
0.000
0.000
0.000
0.439
0.000
0.000
0.000
0.000
0.000
0.000
0.000
0.000
0.000
0.000
0.031
0.000
0.000
0.228
0.000
0.000
0.000
0.000
0.000
0.000
0.000
0.000
0.000
0.136
0.000
0.000
0.251
0.007
0.000
0.041
0.000
0.000
0.000
0.000
0.000
0.000
0.000
0.000
0.024
0.007
0.850
0.201
0.000
0.000
0.806
0.000
0.000
0.000
1.243
0.170
0.000
0.036
0.034
0.548
0.343
0.893
0.000
0.000
0.651
0.007
0.000
0.000
0.074
1.346
0.237
0.000
0.000
0.000
1.584
2.321
1.610
0.000
0.000
0.081
0.003
0.000
0.149
0.000
0.000
0.000
0.000
0.282
0.000
0.000
0.000
0.000
6.046
7.845
7.811
0.000
10.068
0.000
0.135
0.021
0.000
0.031
0.058
0.076
0.000
0.000
0.000
0.103
0.000
1.483
0.034
0.000
0.000
0.000
5.964
0.000
0.000
0.086
3.378
0.000
0.000
0.000
0.312
0.565
0.000
0.000
0.000
0.000
0.000
15.625
1.301
0.000
11.094
0.000
0.000
0.010
0.000
0.000
0.091
0.552
0.000
5.522
28.748
11.962
23.052
17.231
6.109
46.051
42.702
44.919
9.083
18.915
12.919
2.008
3.041
5.865
8.166
1.844
1.359
0.000
0.736
0.875
0.158
0.000
0.041
0.000
0.000
0.010
1.157
4.685
0.393
9.526
9.731
10.188
2.596
6.052
1.739
6.130
0.954
2.496
10.562
4.170
22.139
65.467
10.161
9.165
1.030
10.130
14.682
4.144
13.414
15.718
11.064
15.573
10.307
77.275
5.380
2.287
3.996
5.893
12.052
15.228
3.516
0.000
0.000
4.880
10.730
1.857
0.112
18.282
17.537
7.433
27.332
3.009
2.812
0.683
6.614
26.741
8.506
1.859
14.487
4.637
3.083
14.818
8.636
68.598
1.806
7.497
13.506
15.470
4.680
3.615
4.564
12.203
4.641
5.014
2.204
2.685
0.843
0.000
0.003
0.312
1.957
0.000
4.895
9.469
28.098
5.294
0.797
0.000
0.125
2.784
12.670
3.789
10.495
4.922
5.308
3.974
0.000
0.802
6.315
1.425
11.029
16.567
9.977
11.800
1.517
0.191
0.000
8.404
1.131
0.932
6.695
1.196
0.561
0.663
0.324
0.000
1.990
3.892
10.416
3.579
2.036
0.065
1.710
4.058
3.035
2.360
0.738
0.000
10.552
4.243
1.370
0.000
0.000
0.000
0.000
0.000
0.000
0.000
4.350
3.323
0.041
0.000
0.000
0.000
0.000
0.000
0.000
0.000
0.000
0.000
0.000
0.000
0.000
0.000
0.000
0.076
0.003
0.536
3.080
0.378
0.000
0.000
0.000
0.000
0.000
0.000
0.000
0.000
0.000
0.000
0.000
0.000
0.000
0.000
0.000
0.240
0.082
0.000
0.553
0.776
0.000
0.000
0.000
0.000
0.000
0.000
0.000
0.000
0.000
0.000
0.000
0.000
0.000
0.000
0.000
0.000
0.000
0.000
0.954
0.000
0.007
0.839
0.699
0.532
0.000
0.000
0.000
0.000
0.000
0.000
0.000
0.000
0.000
0.000
0.343
0.000
0.395
0.134
0.043
0.000
0.000
0.036
0.529
1.220
0.177
0.815
0.544
1.004
1.246
4.000
21.159
0.000
0.000
0.000
0.129
0.017
0.822
0.086
0.000
0.000
1.130
5.663
0.000
0.000
0.000
0.034
0.007
0.263
0.048
3.217
4.528
1.947
0.000
0.225
0.000
1.275
0.000
4.201
0.308
15.068
3.356
12.706
9.132
3.304
0.342
0.000
0.000
3.010
9.972
0.000
0.000
2.814
6.408
16.249
12.895
8.195
11.227
14.298
13.400
6.578
1.809
79.211
1.452
0.000
0.000
8.343
12.202
0.051
0.000
0.608
16.637
0.604
14.011
20.181
35.726
0.130
4.642
3.442
4.839
17.415
7.515
17.127
0.719
6.080
12.803
18.062
17.163
3.335
14.806
21.892
0.554
0.010
7.706
6.768
0.034
12.260
3.559
8.318
19.184
6.414
11.706
9.987
10.315
10.482
7.589
12.565
28.207
27.648
19.393
3.950
0.000
6.573
8.035
11.840
8.385
10.997
7.586
12.413
0.647
0.007
0.000
0.000
0.000
3.069
8.262
1.564
0.318
0.000
0.036
0.000
0.000
8.274
8.818
25.621
1.496
4.973
13.019
5.076
2.172
13.645
1.016
11.258
7.743
3.124
4.389
7.552
5.061
15.103
7.682
0.645
0.082
5.639
1.124
1.286
4.994
7.018
36.641
43.053
17.762
9.428
13.074
11.101
32.736
89.930
7.347
1.021
13.927
8.930
0.476
4.855
4.305
4.910
0.000
5.658
9.962
133.163
1.969
16.389
11.621
8.253
12.540
4.053
66.185
74.347
5.803
5.237
19.890
41.935
17.447
2.290
8.195
11.541
20.922
36.739
5.152
5.263
16.855
26.781
17.732
11.642
3.964
11.831
10.567
8.684
1.461
9.701
4.738
1.569
2.417
3.104
5.088
3.931
13.692
8.284
3.584
0.968
2.674
14.770
23.174
29.148
0.694
6.664
3.996
7.381
12.744
22.793
19.298
2.506
3.444
2.427
4.166
6.640
2.386
1.291
4.449
1.445
10.506
0.024
3.461
8.703
10.952
1.583
4.954
8.020
4.305
0.515
0.000
2.432
1.056
10.681
8.526
6.818
0.000
2.057
2.424
0.371
10.063
4.618
1.614
0.797
2.029
0.000
0.323
3.667
7.759
10.097
4.772
3.919
2.846
2.795
1.342
1.298
0.742
0.137
1.092
1.826
0.505
5.902
0.395
0.000
2.348
0.148
0.014
0.000
0.000
0.453
0.000
0.000
0.000
0.000
0.000
0.000
0.000
0.000
0.000
0.000
0.319
1.971
0.000
0.000
0.000
0.292
0.000
0.000
0.127
0.000
0.007
0.000
0.000
0.000
0.000
0.021
0.000
0.007
0.673
1.023
0.000
0.000
0.000
0.000
1.030
3.893
0.266
0.000
0.093
0.000
0.000
0.000
0.000
0.000
0.010
0.000
0.000
0.000
0.000
0.000
0.000
0.000
0.000
0.000
0.000
0.017
0.738
0.000
0.000
0.900
0.000
0.000
0.079
0.000
0.007
0.000
0.000
0.000
0.000
0.627
0.000
0.570
0.316
5.243
0.000
0.000
0.000
0.374
0.000
0.000
0.239
0.619
0.846
0.000
0.000
0.841
1.861
2.498
0.340
0.530
1.864
5.713
0.000
0.003
0.606
0.000
0.000
0.000
0.271
1.586
0.704
0.000
0.000
2.949
0.072
5.528
0.092
0.000
0.000
0.000
0.678
0.033
0.000
48.304
4.278
16.069
0.154
0.151
24.534
0.017
14.182
0.031
0.000
2.496
132.301
6.631
8.116
0.199
2.390
0.223
14.687
3.656
7.459
12.210
10.578
1.397
6.424
0.730
6.015
0.124
0.000
0.230
3.830
3.220
7.517
20.287
12.789
7.557
8.760
9.156
3.468
0.340
2.805
5.076
24.687
27.092
4.978
0.045
0.000
0.000
2.860
2.970
8.410
4.140
5.280
3.897
0.338
0.096
0.534
14.727
3.296
0.000
0.034
13.005
12.288
9.050
13.036
4.719
9.713
11.440
52.690
11.065
16.411
4.752
24.376
12.085
6.890
2.482
4.240
7.237
0.772
6.911
0.069
3.105
0.154
0.488
0.288
2.915
0.000
1.717
0.000
0.021
0.000
0.000
0.000
1.964
3.104
1.363
0.000
0.024
3.732
7.799
2.747
14.608
13.970
3.086
5.526
0.000
7.838
4.043
0.865
2.633
14.293
22.826
6.259
0.536
3.797
23.782
15.834
0.632
8.054
15.371
18.855
145.948
2.592
3.284
15.669
12.291
14.112
1.871
9.812
3.121
16.086
13.355
15.705
3.842
10.760
5.764
0.584
6.108
8.326
13.486
20.271
14.619
65.121
4.029
6.489
15.971
9.043
5.219
11.718
10.238
15.213
0.872
2.350
3.869
5.246
12.662
8.470
6.860
25.907
7.567
6.351
7.936
15.896
1.528
9.390
0.003
0.000
0.206
6.001
2.196
16.555
9.115
2.146
8.120
17.695
5.109
8.518
8.775
11.831
2.650
4.401
9.628
5.158
6.159
1.895
0.000
0.000
0.000
0.000
0.021
0.209
13.362
10.210
5.150
10.961
5.974
3.018
6.606
1.483
0.103
0.642
3.444
16.363
16.284
5.311
2.596
11.234
10.605
125.438
1.492
0.038
0.000
0.000
2.391
2.990
10.892
0.628
0.288
0.058
0.000
3.633
0.000
0.000
0.966
1.608
0.606
6.631
5.756
13.388
13.441
3.346
2.060
11.644
4.614
3.008
2.348
8.679
12.349
10.811
2.019
0.021
6.678
2.451
0.000
0.000
0.000
0.000
0.000
0.000
0.000
0.000
0.000
1.950
4.559
9.531
0.941
0.038
2.578
0.515
0.000
0.144
0.769
0.920
0.000
0.000
0.000
0.000
0.000
0.000
0.000
2.844
0.000
0.014
0.000
5.066
0.000
0.000
0.000
0.000
0.000
0.000
0.000
0.000
0.000
0.000
0.000
0.000
0.014
0.000
0.000
0.000
0.000
0.000
0.000
0.000
0.000
0.000
0.017
0.000
0.000
2.335
4.630
0.000
13.585
1.442
0.000
0.000
0.000
0.000
0.000
0.000
0.000
0.000
0.000
0.000
0.000
0.096
18.085
3.644
7.031
0.000
0.000
0.000
0.000
0.000
0.000
0.000
0.000
0.076
0.000
0.000
0.000
0.000
4.175
12.482
7.977
0.000
0.000
0.000
0.000
0.000
0.000
0.000
5.709
0.000
0.118
0.621
35.323
0.041
0.000
1.279
1.627
8.138
9.253
18.541
5.363
0.542
1.717
11.088
0.000
14.366
4.580
17.091
6.285
5.215
8.899
3.200
0.577
0.652
1.998
0.000
0.000
0.000
0.000
0.000
0.003
0.014
0.294
4.705
1.263
0.000
0.000
0.000
7.165
0.000
4.281
5.189
29.570
48.407
6.733
0.137
1.552
13.320
5.270
1.085
0.000
8.514
1.614
1.471
8.578
4.429
6.353
2.419
0.990
0.000
6.456
17.547
0.893
0.000
5.485
0.374
8.974
11.129
1.548
3.711
6.034
5.919
28.185
11.570
5.251
14.311
12.403
4.396
3.782
7.414
0.000
3.009
10.667
9.919
5.358
2.848
9.283
17.258
6.999
9.735
15.856
2.606
0.138
1.909
2.121
5.079
12.852
3.050
0.122
0.000
54.767
25.265
7.848
6.260
8.508
2.008
11.628
3.442
18.268
7.430
10.301
14.955
10.826
3.852
11.733
8.245
0.458
10.610
7.490
0.537
6.568
2.163
13.925
0.711
0.512
11.845
0.759
0.706
2.468
2.429
0.000
0.000
0.398
0.994
0.082
4.789
2.985
2.475
10.427
5.119
22.428
102.005
1.852
2.276
3.371
0.100
5.919
9.393
11.385
19.813
21.334
88.524
2.096
16.280
1.579
0.089
0.000
0.000
0.000
0.182
4.631
3.303
6.415
0.953
7.869
0.091
13.360
48.295
8.248
2.008
3.970
3.869
16.478
4.202
11.457
9.408
9.339
11.402
26.319
61.513
7.630
1.892
20.548
31.270
4.814
21.399
17.618
11.354
10.487
22.010
6.369
0.802
5.274
13.136
13.494
10.170
4.461
9.615
11.728
3.189
10.913
4.923
11.349
36.507
4.623
4.918
6.533
9.528
6.573
8.868
6.182
9.120
14.051
11.797
0.948
16.009
15.413
4.362
6.842
2.520
6.616
5.196
1.083
8.180
21.416
1.133
6.413
11.620
0.893
0.182
0.062
0.271
0.000
0.831
0.000
0.000
1.435
9.270
0.615
0.000
0.000
0.058
0.175
0.000
0.000
0.000
4.422
12.773
2.892
11.628
0.484
0.000
0.000
2.650
0.055
7.076
6.017
0.309
0.000
0.000
4.807
2.712
2.917
3.804
5.006
0.463
3.509
0.553
0.000
0.000
0.000
0.000
0.000
10.725
0.342
0.000
1.027
3.286
1.176
0.760
0.024
1.243
0.000
0.206
0.000
0.971
0.206
0.000
0.000
2.850
2.495
0.000
0.000
0.084
0.000
1.845
0.199
5.152
1.998
10.104
6.841
10.440
0.385
0.000
0.592
0.000
0.180
0.000
2.614
1.761
0.000
2.388
0.000
0.000
0.000
0.000
0.000
0.000
0.000
0.000
0.000
0.000
1.657
0.000
0.000
0.000
0.000
0.046
0.000
0.036
0.000
3.530
3.881
0.809
2.238
0.000
0.000
0.000
8.992
0.544
0.000
2.304
3.486
0.000
6.024
0.027
0.000
0.421
0.000
2.075
0.000
0.000
5.052
0.666
11.407
9.011
0.706
0.000
0.000
0.000
0.000
0.000
0.014
1.777
0.000
1.124
0.000
0.021
0.000
0.000
0.074
2.804
3.232
7.014
0.000
1.978
4.928
6.279
4.996
14.504
7.675
5.009
4.772
0.000
0.038
14.664
3.231
12.224
11.994
0.659
3.350
2.729
7.761
0.021
0.776
0.027
46.383
0.003
0.445
1.744
1.875
0.000
0.000
6.154
23.148
0.628
4.989
12.871
9.882
12.425
10.875
4.479
25.278
12.126
63.357
6.758
0.000
0.000
1.941
15.277
2.480
6.672
6.941
14.102
16.046
5.397
8.636
10.638
4.178
3.167
9.670
3.478
11.179
1.188
0.000
0.929
0.000
6.932
2.228
1.043
8.077
8.552
5.346
2.419
0.000
3.543
2.481
5.202
17.666
9.976
10.240
10.077
6.564
4.722
4.495
4.005
25.341
9.142
8.193
2.656
4.825
3.313
0.791
107.754
13.273
11.963
6.758
1.365
11.715
1.873
7.052
10.887
9.100
6.183
7.186
4.285
3.454
0.027
14.272
11.079
0.247
6.873
0.364
0.000
14.900
30.786
1.463
6.587
6.336
4.451
10.743
3.389
1.157
2.465
6.017
11.517
16.558
18.570
10.660
6.425
21.722
5.057
0.027
0.457
0.093
11.788
11.302
1.983
13.637
1.514
6.743
20.956
32.145
6.365
8.744
1.035
20.932
2.596
0.927
6.101
5.469
9.198
2.335
1.433
6.012
10.863
8.290
12.844
18.423
36.641
25.447
0.096
1.737
12.078
0.189
10.430
1.308
0.903
8.992
1.408
0.755
3.073
8.683
12.803
13.647
5.050
3.244
6.303
19.329
0.917
10.828
5.552
2.311
2.273
17.894
8.882
6.460
16.112
2.098
3.586
3.898
11.024
13.381
0.898
0.529
5.222
4.508
12.542
2.075
0.647
5.778
7.878
0.566
4.497
4.367
5.170
10.950
9.859
9.527
7.026
6.072
12.761
22.623
12.914
13.158
0.021
0.100
10.197
0.546
0.000
0.000
0.000
0.000
3.071
5.040
12.981
11.625
1.439
0.120
0.000
2.137
0.000
0.033
0.000
3.433
4.549
0.785
2.333
4.314
8.521
6.152
0.000
0.000
0.419
5.988
2.929
3.814
4.935
0.000
3.116
2.553
0.000
2.081
5.596
5.606
0.000
0.000
0.000
0.000
0.000
0.000
0.000
0.000
6.933
0.048
0.000
0.000
0.000
0.000
0.000
5.160
0.003
0.000
0.031
0.000
0.000
0.000
3.226
5.541
0.000
0.000
0.527
0.000
0.000
0.000
6.264
0.000
0.000
0.000
0.000
0.000
0.000
0.000
0.000
0.000
0.000
2.481
0.877
0.086
0.000
0.000
0.000
0.000
0.000
0.000
0.000
0.000
0.000
0.000
0.000
0.000
0.000
0.000
0.000
0.000
0.098
0.000
0.000
0.000
0.000
0.000
0.000
0.000
0.000
0.000
0.000
0.000
0.000
1.892
11.247
1.318
3.131
0.000
0.000
6.856
0.378
0.048
3.378
0.000
0.000
0.000
0.000
0.033
1.717
0.000
0.000
0.000
0.000
0.098
0.027
4.849
9.017
0.000
7.910
0.560
0.000
0.187
0.176
0.000
0.000
0.000
0.000
0.000
0.740
0.000
0.000
0.000
2.359
0.000
0.000
0.000
0.227
3.224
0.148
0.000
0.000
0.000
0.100
0.549
12.136
4.371
9.634
0.000
1.174
0.000
6.978
7.515
18.375
0.024
6.705
48.330
0.031
0.010
0.312
0.000
0.000
3.687
21.235
10.437
2.032
7.028
16.761
67.102
0.781
1.521
3.612
8.401
11.609
2.024
4.190
17.628
0.645
10.938
0.038
13.741
6.332
5.233
0.334
8.372
7.098
10.816
16.795
12.789
5.220
6.848
6.219
7.042
5.512
11.865
0.782
0.000
0.000
4.728
9.733
96.522
2.781
3.814
8.514
4.920
25.217
10.863
10.018
0.580
2.359
9.551
9.273
3.849
1.384
6.918
15.868
22.646
3.380
12.823
5.740
5.533
5.552
4.261
19.538
20.502
3.299
0.968
0.000
0.460
0.000
0.000
0.000
4.269
4.316
31.692
13.530
10.228
3.454
1.765
2.365
9.936
11.604
13.053
21.746
33.261
10.773
39.825
60.421
4.120
9.017
15.793
8.379
15.734
7.646
11.503
8.624
37.539
23.095
21.604
5.950
7.697
8.218
22.082
19.065
2.929
13.380
13.080
1.373
6.317
9.741
23.917
42.131
3.978
5.000
11.173
17.426
5.627
16.283
11.404
9.514
17.313
10.184
2.016
0.501
17.186
8.912
13.916
6.654
15.080
8.710
12.499
26.676
10.894
1.130
4.182
8.044
6.039
8.240
14.138
9.325
4.645
7.841
9.771
14.557
12.839
9.417
8.727
9.417
17.039
18.896
25.179
60.899
1.748
16.754
5.390
6.430
22.055
4.501
4.340
9.812
20.845
4.984
22.870
9.917
12.990
6.915
15.005
9.592
3.269
3.595
5.243
8.712
3.409
1.813
12.828
20.560
10.013
0.000
0.014
0.000
0.474
6.604
1.981
2.791
3.950
10.399
3.977
1.535
0.000
1.735
0.839
0.000
0.000
0.000
0.000
1.526
16.957
0.000
0.000
0.000
0.000
0.000
0.000
0.000
0.000
0.000
0.000
0.000
0.000
5.077
6.128
10.701
41.859
0.031
0.000
0.000
0.000
0.331
0.275
1.988
1.207
11.271
0.117
0.930
0.000
1.847
4.958
3.032
0.000
0.450
2.434
7.045
1.037
1.044
3.993
0.000
0.000
0.000
0.000
0.000
0.000
0.263
2.340
0.000
0.225
0.000
0.000
0.000
0.000
0.000
0.000
0.000
0.000
0.000
0.000
0.000
0.000
0.000
0.000
0.000
0.000
0.000
0.000
0.000
0.000
0.099
0.000
0.000
0.000
0.000
0.000
0.000
0.000
0.052
0.007
0.007
0.000
0.000
0.000
0.000
1.727
0.000
0.000
1.020
0.000
0.000
0.000
0.000
0.000
0.000
0.000
1.053
0.596
0.003
0.000
0.000
0.000
0.000
0.076
2.980
0.000
0.000
0.419
0.000
0.000
0.000
0.000
0.000
0.000
3.976
0.000
0.000
0.106
0.017
0.000
0.079
0.065
0.000
0.000
0.000
0.000
0.398
0.000
5.875
7.589
1.426
0.103
0.000
0.003
2.256
2.182
15.034
0.000
0.000
0.014
3.759
0.280
10.000
0.086
0.000
0.055
0.218
0.158
2.939
13.640
3.111
13.651
14.302
14.586
9.699
2.118
13.836
0.000
5.340
13.486
8.573
2.788
3.510
14.734
10.155
6.309
0.017
15.825
5.978
0.460
0.354
0.000
0.007
5.443
0.000
1.562
17.638
1.578
8.583
0.522
25.772
12.967
3.708
2.081
0.117
17.691
2.271
5.519
5.346
21.198
1.816
0.000
0.000
0.000
4.084
6.678
12.394
10.737
35.621
0.534
2.308
4.492
20.929
137.475
10.157
12.703
5.651
3.874
9.487
18.563
9.215
10.077
1.651
16.358
20.481
8.415
4.789
12.971
26.944
12.171
10.420
2.777
9.778
0.209
13.747
8.593
9.342
13.441
93.755
30.111
26.480
5.651
1.466
0.065
11.052
3.588
13.160
9.673
3.303
12.027
10.111
3.751
6.870
0.494
0.606
2.508
5.589
4.340
11.772
2.488
10.602
7.852
8.609
13.772
18.052
2.213
6.046
3.395
13.754
7.670
13.149
64.926
1.520
5.270
5.380
1.021
1.667
0.644
4.154
2.326
0.000
0.000
5.738
19.822
0.573
2.788
0.000
0.000
8.557
24.076
9.036
7.181
17.724
2.487
19.389
6.077
18.331
5.320
3.541
15.728
11.724
16.768
8.049
21.351
6.951
54.705
18.452
6.281
11.138
14.466
9.831
5.739
20.144
56.708
4.925
11.750
12.085
9.757
9.507
16.093
17.446
9.836
0.776
11.640
14.363
10.111
3.459
7.991
0.010
0.000
4.552
21.071
31.289
6.480
23.063
9.295
11.979
15.755
1.406
22.068
132.486
30.163
0.875
9.833
12.820
5.481
11.964
11.565
10.595
0.795
1.499
5.864
1.920
6.519
10.644
6.488
12.941
1.201
9.587
3.460
5.496
2.288
9.554
13.250
17.944
4.473
4.883
0.922
0.000
0.000
0.312
6.091
5.826
8.199
6.633
2.276
7.575
9.047
2.949
0.168
0.000
0.000
0.000
0.000
0.000
3.407
12.016
3.138
12.167
4.662
1.596
3.615
4.580
12.730
0.127
0.000
0.000
1.878
3.684
0.481
0.000
0.000
0.309
1.837
4.055
0.000
0.000
0.000
0.000
0.000
0.000
0.000
0.000
4.031
0.000
2.829
0.000
0.000
0.076
0.371
0.000
0.158
0.007
0.000
0.220
0.000
0.000
0.000
0.000
0.000
0.000
0.000
0.000
0.000
0.000
0.000
0.843
0.000
0.000
4.405
4.286
5.740
4.915
0.259
0.000
0.124
7.483
2.807
2.630
2.022
0.000
1.804
0.000
0.055
0.481
6.010
2.089
0.000
0.000
0.000
0.000
0.000
0.000
0.000
0.000
0.000
0.000
0.000
0.000
0.000
0.000
0.000
0.401
0.000
0.000
0.000
0.000
0.537
2.462
0.000
0.000
0.000
0.000
0.000
0.000
0.000
0.000
0.000
9.263
9.986
0.984
0.335
0.062
0.000
0.000
0.000
0.000
2.966
9.139
2.422
3.814
0.354
0.000
0.127
0.000
0.034
0.350
0.359
0.000
0.410
0.000
0.000
0.000
1.510
0.000
0.000
0.137
2.515
0.000
0.000
0.000
0.032
0.000
0.000
0.000
0.000
0.113
0.405
0.069
8.926
10.646
6.341
5.716
0.409
0.110
9.658
5.085
30.992
19.281
7.687
27.171
21.375
15.834
6.709
4.298
17.461
17.173
11.961
9.769
5.922
9.400
14.790
1.912
0.000
0.000
0.396
2.802
71.164
7.991
1.710
4.417
7.059
0.335
0.070
3.861
15.027
12.571
4.037
13.482
2.168
8.089
0.518
1.956
5.078
11.043
6.012
1.876
8.526
15.423
4.506
9.318
0.000
4.312
13.742
17.681
6.671
11.658
6.195
4.734
10.368
1.199
0.029
3.905
25.708
15.845
9.196
12.354
18.258
19.007
16.861
25.814
13.362
8.187
0.438
6.920
5.117
2.673
7.800
12.130
6.029
14.455
4.774
6.178
5.560
17.261
42.593
5.265
5.428
2.266
1.524
12.157
15.024
5.325
12.524
20.654
12.531
14.080
17.599
23.610
11.045
2.846
10.763
8.401
8.573
6.733
1.524
9.975
8.260
2.602
4.228
0.707
0.659
14.825
10.097
12.538
17.751
4.816
4.580
11.192
3.777
1.590
9.101
6.242
12.512
11.550
12.676
9.035
18.119
9.553
2.711
14.619
9.253
10.077
6.317
5.603
21.004
6.740
13.812
5.389
6.375
0.966
4.561
4.010
13.611
1.965
3.871
8.933
3.020
6.569
3.138
7.560
12.602
21.363
23.919
2.932
11.505
120.695
6.697
5.517
2.652
0.336
6.417
5.945
13.133
23.966
20.948
8.482
18.867
6.281
16.816
22.146
26.623
0.436
5.117
8.447
12.200
7.407
5.907
4.976
11.515
0.541
1.360
3.871
5.021
4.334
5.782
2.428
7.359
9.253
2.759
14.317
1.445
5.440
0.175
3.066
7.395
10.283
8.777
7.565
4.470
20.500
26.221
18.306
7.831
1.643
0.742
3.117
0.762
0.024
0.000
0.000
0.000
0.000
0.014
12.006
5.749
3.595
6.144
0.237
0.601
0.093
0.973
0.357
22.107
0.134
4.449
5.411
4.580
3.931
7.011
4.662
6.025
2.602
16.720
3.718
25.066
1.130
0.000
0.000
0.000
0.000
0.000
0.000
0.000
0.759
0.652
6.176
4.719
6.283
4.700
2.987
6.626
4.679
0.000
0.000
0.000
0.000
0.148
9.052
2.630
0.000
0.000
0.000
0.000
0.000
0.000
0.000
0.000
0.000
0.000
0.000
0.000
0.000
4.462
0.000
0.486
2.707
6.400
0.000
1.699
0.344
0.000
0.000
0.000
0.000
0.000
0.000
0.000
4.882
0.021
2.951
4.913
0.031
1.658
3.134
0.000
2.844
4.163
2.403
0.000
3.316
7.078
0.810
3.004
3.074
0.000
7.957
0.017
3.649
0.000
0.000
0.000
0.309
0.000
0.000
0.000
0.000
1.617
10.964
0.000
0.000
0.000
0.000
0.000
0.000
0.000
0.000
0.000
0.000
0.000
0.000
0.062
0.745
7.708
12.686
11.354
0.364
0.206
0.134
0.000
0.082
0.206
8.367
3.931
3.560
3.880
0.000
0.738
1.267
55.079
0.728
0.000
0.000
0.000
7.732
0.137
0.000
1.991
4.817
0.601
0.000
0.000
4.571
18.351
12.571
8.892
0.419
0.000
0.000
0.000
3.869
13.429
0.493
12.904
14.636
10.413
14.756
23.020
5.019
3.371
2.190
5.395
4.796
7.074
25.552
9.936
6.636
11.937
3.354
0.668
6.873
15.286
16.624
9.087
0.000
0.185
0.081
7.253
1.119
11.719
0.000
7.601
25.449
7.917
4.473
13.106
19.729
0.021
0.251
5.000
0.113
13.351
28.182
27.188
16.718
7.071
16.488
16.539
23.169
12.663
5.026
6.243
11.361
3.286
4.357
4.012
7.787
12.621
21.269
4.628
14.941
24.252
14.093
26.910
36.914
14.883
15.868
8.655
7.354
9.984
1.435
16.655
40.660
4.576
1.665
12.854
6.274
7.742
9.095
18.004
7.488
1.095
14.668
7.103
4.640
5.910
1.046
10.965
9.613
7.105
39.676
33.511
10.468
6.094
10.133
3.316
10.274
11.567
11.900
7.114
11.390
2.587
0.745
0.000
0.848
7.793
12.916
7.804
21.010
28.506
2.439
1.981
23.367
3.234
9.948
15.541
4.975
2.959
14.160
13.232
8.394
14.389
37.508
1.583
4.259
0.965
12.130
15.340
27.366
18.811
13.534
8.265
1.954
2.946
7.900
12.360
9.685
10.039
5.467
5.891
17.113
24.932
10.617
7.313
2.826
18.083
16.294
10.207
5.902
18.793
16.085
31.783
22.268
27.541
0.515
2.956
5.119
16.150
12.665
76.362
13.712
14.117
4.609
5.792
12.672
8.882
11.443
9.409
5.709
9.186
1.164
10.547
7.096
6.015
4.590
11.803
3.794
6.660
7.498
7.927
4.000
5.140
14.969
25.039
17.739
2.887
0.525
17.877
1.030
23.463
20.167
17.496
9.586
0.441
10.622
1.758
17.043
5.888
7.196
12.905
12.451
14.804
4.690
7.963
12.191
16.093
15.990
10.197
19.226
4.903
1.081
6.697
8.041
17.829
1.662
14.025
6.176
2.379
3.097
5.153
1.514
1.916
7.533
6.664
8.128
2.721
1.171
9.235
3.584
10.495
7.924
1.075
13.708
1.032
0.051
0.000
0.000
0.000
0.000
0.000
2.673
1.454
9.332
4.430
0.000
0.000
0.000
0.869
0.091
6.541
0.625
2.798
3.636
1.478
8.276
6.137
11.155
3.191
0.069
0.175
0.000
0.024
1.066
2.355
6.690
5.303
0.027
24.652
0.007
0.419
0.872
0.910
0.146
5.936
2.486
0.347
0.000
0.000
0.000
0.000
0.000
0.000
0.000
2.265
1.796
9.599
2.250
0.000
5.531
0.000
0.630
2.415
0.007
0.014
1.641
10.576
0.275
0.000
0.000
0.000
0.000
0.812
2.488
0.000
0.000
0.000
0.000
0.000
0.000
0.000
0.807
4.209
0.000
1.114
4.044
0.000
7.534
5.270
6.266
3.593
0.014
0.000
0.000
0.000
0.000
0.996
14.955
5.792
5.349
0.227
0.000
0.000
0.000
10.761
5.885
0.000
0.000
0.000
0.000
1.826
5.586
0.000
7.893
0.034
12.233
12.710
6.861
12.653
0.869
0.010
0.000
5.466
3.080
3.327
0.000
1.967
0.615
4.086
0.000
0.000
10.883
18.426
9.306
0.000
0.000
7.769
5.751
9.774
12.409
9.496
122.515
54.166
0.271
6.224
9.424
3.790
24.427
4.868
14.087
8.435
6.935
2.839
15.666
3.646
0.288
4.211
0.438
8.437
10.186
43.657
14.152
6.254
11.019
21.727
6.051
13.043
13.510
6.872
0.000
0.000
8.951
14.296
7.611
0.488
0.031
9.005
10.579
27.622
2.416
9.968
10.028
12.754
6.065
53.289
12.138
5.709
7.666
14.857
1.164
10.180
5.972
15.027
26.862
11.723
6.609
23.040
14.893
10.022
6.911
0.642
19.384
7.702
12.116
119.325
3.196
8.401
12.559
21.873
30.710
17.369
9.874
12.435
23.665
11.352
3.196
0.000
0.000
0.000
0.000
16.109
39.846
3.407
0.000
7.366
11.925
9.218
23.950
1.770
1.981
5.042
8.035
2.637
5.057
15.994
19.331
4.039
2.884
16.351
4.746
3.045
23.088
10.361
9.337
27.368
18.371
3.189
13.956
0.034
10.216
2.594
10.046
7.946
9.100
3.366
4.092
45.633
15.298
11.995
1.657
9.371
10.652
14.565
51.586
8.409
9.774
19.514
26.771
6.714
8.411
11.187
10.478
11.865
11.728
14.856
89.101
83.355
6.678
8.281
13.249
19.954
12.243
8.566
1.425
13.372
18.165
35.812
4.223
3.684
19.353
7.419
23.967
4.631
12.476
2.777
12.607
3.454
12.099
3.814
8.873
8.623
3.619
7.114
19.683
9.443
13.407
16.253
3.782
0.179
16.831
18.575
2.561
0.055
0.000
0.000
0.000
0.000
0.000
0.000
3.777
5.358
10.039
10.255
9.489
13.217
12.112
6.340
2.959
1.735
0.798
2.235
6.684
10.827
11.517
0.929
12.337
10.030
3.435
0.000
8.865
15.875
4.415
1.233
12.674
9.323
6.386
0.014
0.000
0.000
0.000
0.000
0.000
0.000
1.112
2.496
8.435
2.383
2.383
2.908
0.367
0.003
13.111
23.387
42.455
0.759
0.027
0.103
9.500
0.096
0.021
0.000
2.668
8.632
0.608
0.000
0.000
0.000
0.000
0.000
0.000
0.000
0.000
0.141
0.000
0.117
2.699
11.587
0.441
3.584
0.034
0.000
1.921
0.010
0.000
0.000
0.000
0.000
0.000
0.000
0.000
0.000
0.000
0.000
1.916
3.984
7.529
7.589
4.658
0.903
2.498
6.767
13.484
1.660
1.753
1.100
0.003
0.000
0.000
0.000
0.000
0.000
0.000
0.048
5.213
0.342
0.000
0.000
0.000
0.000
3.155
3.653
0.000
0.000
0.000
0.000
0.000
0.000
0.000
0.000
0.000
0.000
0.000
0.000
0.000
0.000
0.000
0.000
0.000
0.000
0.065
0.000
0.000
0.000
0.000
0.000
3.845
2.802
0.000
3.553
17.588
12.294
29.143
0.676
4.988
11.213
0.089
0.000
0.000
0.000
0.000
0.000
0.000
0.000
0.570
6.873
0.000
0.216
0.000
4.058
0.014
0.000
0.000
0.000
0.385
5.438
0.106
0.000
0.000
0.299
3.838
0.000
0.204
1.075
0.000
0.697
1.336
1.519
19.559
7.113
0.331
4.445
0.426
0.335
0.565
6.489
13.589
14.511
21.008
3.948
7.840
0.000
0.347
6.575
11.721
10.997
33.974
1.540
8.211
11.718
24.264
20.962
14.873
0.034
0.000
0.167
0.415
12.548
9.702
1.133
9.685
50.918
4.841
1.027
0.024
4.982
7.508
19.243
12.881
4.640
1.887
14.370
4.484
12.564
1.353
12.257
26.305
8.720
5.253
17.345
35.414
15.463
17.053
18.969
8.278
69.928
37.807
0.934
0.000
2.674
20.301
17.781
3.378
0.206
0.845
4.844
2.613
0.295
0.000
11.172
14.680
17.499
16.169
22.846
3.165
8.871
8.557
10.420
14.533
20.551
7.539
11.731
4.432
8.689
8.779
3.605
9.215
16.984
24.369
6.379
22.141
8.271
5.074
7.524
1.032
3.006
7.550
5.205
18.900
14.210
2.481
3.589
7.951
5.016
18.066
6.077
0.000
7.766
10.128
12.940
16.418
8.173
6.228
5.067
13.874
6.963
0.151
6.345
10.279
17.104
1.016
2.942
1.940
11.398
9.180
32.619
8.339
22.086
3.344
0.306
13.741
11.446
13.043
3.227
5.069
0.680
4.654
11.491
24.110
13.319
6.523
1.823
3.377
20.304
18.898
5.447
5.414
127.167
6.116
7.314
5.871
12.931
7.745
17.916
16.195
10.461
14.064
6.851
8.693
0.427
22.354
35.680
1.694
7.800
13.661
26.091
19.228
14.715
13.233
2.922
4.322
9.582
2.927
2.892
6.087
17.853
19.422
5.510
0.062
2.906
6.170
61.487
0.103
0.173
4.793
16.425
19.430
13.693
18.587
7.783
7.788
6.698
0.223
6.259
13.264
1.547
41.492
3.469
4.959
2.264
10.010
3.291
6.331
12.940
16.517
0.048
0.000
0.000
0.000
0.000
0.000
0.000
0.462
0.000
0.573
10.245
10.715
0.673
0.141
0.000
0.000
0.076
0.132
10.595
8.590
22.446
0.706
1.620
2.812
0.930
0.000
0.000
0.000
0.000
0.000
0.000
0.230
66.505
2.558
0.288
0.350
0.000
0.017
4.268
3.816
0.179
0.141
1.751
1.880
0.003
2.446
19.533
0.481
4.204
0.000
0.014
5.442
1.336
1.478
1.928
0.000
0.000
0.021
0.000
2.753
3.502
15.614
0.457
0.000
0.000
1.658
0.000
0.000
0.000
0.000
1.519
0.003
2.498
2.894
2.039
4.388
1.947
1.596
0.000
0.000
0.000
0.003
0.000
0.000
0.000
0.000
0.000
0.000
1.171
14.588
10.904
8.514
13.300
4.048
0.000
0.000
0.010
0.000
0.503
0.003
0.264
0.000
0.000
0.100
0.896
0.000
0.100
0.003
0.000
1.689
0.354
0.000
0.000
0.007
0.000
0.086
0.000
0.000
1.528
0.098
0.158
7.114
0.000
0.000
0.007
0.463
0.604
5.170
3.696
20.053
22.519
8.758
3.354
0.000
0.213
2.606
3.547
13.160
6.437
6.851
0.009
0.285
4.237
3.780
11.395
0.034
3.258
0.161
10.152
2.026
10.478
4.379
18.124
14.282
19.460
9.980
17.561
10.485
16.462
2.072
0.333
1.432
33.821
15.963
13.127
9.572
23.523
8.782
7.649
7.193
14.818
4.975
9.429
12.305
17.547
6.527
59.956
7.582
9.462
9.517
3.595
9.342
0.316
0.002
8.957
10.727
8.173
12.634
11.652
2.740
0.053
2.729
9.586
21.101
7.249
10.169
10.574
9.659
5.811
14.936
5.215
16.840
8.308
17.659
8.751
2.917
0.374
4.080
11.716
6.382
2.218
12.888
16.929
7.076
12.971
8.971
7.756
12.027
11.676
11.366
25.566
13.010
9.694
0.304
26.099
12.710
47.468
0.096
27.459
2.307
2.311
2.716
0.196
2.616
3.406
0.000
5.830
31.438
8.422
2.383
15.995
18.740
2.077
12.483
15.535
0.958
5.615
5.682
1.514
10.708
1.880
4.396
1.638
7.759
19.211
8.018
80.621
8.556
2.463
14.813
0.582
5.265
20.934
2.625
6.971
13.592
15.458
14.190
15.405
21.042
42.720
1.792
6.736
15.872
16.346
34.325
4.726
66.617
14.535
23.789
0.477
6.595
8.822
15.110
17.738
9.345
2.774
7.201
22.783
4.230
14.220
41.303
10.612
2.336
9.659
16.073
17.353
4.975
3.009
11.429
22.898
5.503
12.169
14.377
25.536
20.244
6.211
8.307
6.537
7.242
1.758
8.439
10.835
19.882
3.706
0.000
1.538
3.831
41.911
8.391
12.440
11.876
14.205
9.208
4.372
5.670
5.177
22.216
2.101
2.331
70.707
0.000
3.746
1.397
18.107
21.444
0.699
3.701
28.801
1.596
1.380
15.010
16.904
38.512
40.706
4.877
13.075
1.655
11.417
18.787
18.811
1.044
5.866
0.747
12.971
19.284
1.838
0.257
3.397
0.251
19.175
12.133
16.624
2.678
0.189
0.000
0.000
0.000
0.005
0.000
0.470
0.000
0.000
0.002
0.027
5.143
12.572
10.535
8.707
1.456
0.065
3.346
7.079
14.284
3.433
17.872
7.170
0.659
6.386
4.412
3.639
5.232
6.389
1.016
3.358
0.505
0.609
0.045
3.133
6.709
5.459
4.728
0.065
0.000
0.000
0.000
0.000
0.000
0.000
0.000
0.000
1.311
6.499
7.174
1.311
14.976
6.739
0.203
0.096
4.384
9.019
0.000
0.134
2.187
3.952
0.491
0.003
0.797
0.000
0.000
0.002
0.299
14.238
0.003
0.000
0.000
0.000
0.000
0.000
0.000
1.401
0.429
0.000
0.000
0.000
0.000
0.000
0.000
0.000
1.428
0.515
0.000
0.000
0.000
0.000
0.000
0.000
0.000
0.000
0.724
0.824
0.002
0.000
0.000
0.000
0.000
0.000
0.000
10.281
0.965
0.003
6.739
0.000
5.243
7.189
0.254
0.858
1.517
0.034
0.012
7.327
0.000
0.000
0.000
0.002
0.000
0.000
0.000
0.000
4.103
1.178
0.100
0.587
0.072
0.755
11.141
0.000
0.000
0.673
0.518
1.651
0.745
0.017
0.000
7.035
0.000
0.338
9.476
6.769
8.180
0.000
3.622
10.828
0.347
0.000
0.000
0.000
0.000
8.240
1.102
5.418
17.909
27.397
7.854
8.368
8.058
4.611
9.455
0.278
0.003
10.986
12.112
10.138
40.018
20.242
7.835
7.213
18.397
1.548
6.544
19.020
1.387
5.126
3.028
9.792
16.006
0.051
3.977
5.948
0.000
5.703
6.612
14.392
15.214
15.338
0.220
0.000
1.746
26.559
1.013
8.885
12.737
11.532
15.029
12.748
7.972
2.376
5.600
14.114
4.503
7.673
10.157
31.028
8.875
10.058
4.872
13.448
13.379
21.629
8.360
8.116
20.028
15.288
4.468
21.846
33.275
14.008
2.578
8.511
27.483
45.655
16.648
20.167
47.100
30.988
11.965
15.017
17.429
13.795
32.197
21.358
5.684
20.757
18.632
108.205
6.880
4.381
9.325
2.898
4.221
10.293
7.138
0.907
18.178
3.930
6.551
5.967
0.010
0.098
8.762
0.154
10.560
15.173
0.932
4.545
12.864
3.780
9.261
21.453
30.046
18.519
1.773
0.194
5.751
17.401
9.035
4.899
2.994
0.115
3.462
6.894
14.567
25.437
19.099
17.719
5.517
6.461
2.803
0.259
4.879
13.884
18.960
7.773
19.920
37.041
3.461
10.622
11.604
12.251
6.408
21.684
5.155
2.647
16.225
10.526
12.418
16.589
3.093
27.819
3.018
19.856
19.312
7.965
6.377
21.995
14.210
0.405
2.784
6.990
7.253
15.760
13.424
25.439
36.753
36.691
1.600
3.758
29.469
17.207
36.157
1.195
20.005
6.492
12.758
14.190
1.694
0.465
0.244
8.777
6.403
19.387
20.045
24.273
22.460
3.739
8.137
52.734
7.771
3.117
15.977
22.754
7.905
9.373
0.051
0.000
0.010
0.000
0.000
0.230
0.000
0.000
0.000
0.000
0.000
0.000
0.000
0.000
2.159
4.922
13.699
4.486
9.953
1.576
5.505
6.908
0.012
0.000
0.000
0.000
3.979
14.838
1.301
6.413
5.939
16.040
4.599
0.124
0.055
0.187
0.096
0.000
0.505
7.955
1.844
0.021
0.079
8.137
5.236
12.095
18.618
0.869
2.050
0.000
1.174
0.000
0.414
44.687
1.711
10.082
0.000
0.000
0.000
0.000
0.000
0.000
0.000
4.520
7.090
1.348
0.036
2.336
0.824
0.002
5.936
4.508
4.014
0.827
0.501
3.212
9.622
1.212
6.060
0.546
10.880
4.328
4.140
4.635
4.856
0.000
0.000
0.000
0.000
1.878
1.069
0.817
0.000
0.000
0.000
1.765
4.268
0.000
0.072
0.089
3.286
0.034
0.002
0.000
0.000
0.000
0.010
0.000
0.000
8.281
0.079
0.251
0.556
0.000
0.003
0.000
0.045
9.604
0.007
0.000
0.003
6.341
0.051
0.000
0.000
0.000
0.000
0.000
0.124
1.052
6.825
17.976
15.611
0.402
0.072
0.000
0.000
0.000
0.000
0.002
0.000
0.000
1.329
0.050
0.096
2.257
2.132
6.042
4.686
1.420
9.630
4.731
7.637
8.120
5.558
0.000
2.700
8.243
0.292
0.000
0.000
0.045
14.581
0.388
0.000
0.003
0.000
0.000
0.003
0.043
0.000
4.024
15.425
13.690
30.906
0.000
4.721
5.213
5.191
5.517
15.693
14.049
11.979
9.326
20.129
2.855
0.000
0.000
0.340
9.541
13.376
10.454
27.157
9.579
11.903
14.104
17.602
1.907
16.603
21.806
41.939
45.095
21.667
1.905
0.003
0.000
0.000
0.000
2.824
7.867
12.964
16.045
29.105
3.378
5.019
5.546
20.658
8.775
21.451
31.929
7.587
20.951
0.288
5.702
18.366
3.615
6.618
2.166
4.063
10.766
11.747
32.219
5.069
12.847
16.898
5.869
10.375
14.342
20.091
27.370
0.081
2.537
3.251
12.813
1.366
5.807
5.720
5.905
14.365
15.417
8.614
10.701
17.698
11.893
7.254
3.780
2.060
1.610
1.552
4.463
4.175
15.834
6.729
4.031
17.714
7.785
3.886
4.231
7.946
1.380
7.656
6.001
8.604
18.145
9.023
4.305
7.723
3.214
0.457
8.671
2.832
1.849
22.458
22.167
5.836
11.848
19.286
18.539
1.075
11.010
22.306
13.640
13.863
3.983
9.251
15.166
33.330
5.490
29.533
0.115
7.498
6.908
13.716
1.811
15.168
16.380
29.897
1.411
1.562
10.701
27.229
16.497
18.392
58.377
4.817
9.465
3.265
14.660
12.246
8.750
24.680
15.216
14.892
26.965
10.434
9.469
0.299
44.936
5.486
0.076
0.371
19.046
14.325
6.597
5.174
15.350
11.007
36.557
3.464
9.991
12.126
9.850
23.058
0.371
7.096
20.143
20.744
4.431
18.134
28.201
14.993
15.862
8.456
3.560
15.693
2.396
2.527
0.985
2.589
4.182
1.318
3.098
1.878
5.606
23.346
0.027
0.007
5.308
10.526
2.839
8.518
4.690
7.790
18.948
10.348
16.663
1.435
0.118
33.072
12.288
0.103
3.217
4.594
8.525
3.141
1.130
9.584
7.364
17.128
7.474
4.628
3.423
14.675
14.370
5.653
9.115
10.427
19.581
90.496
2.086
4.439
0.082
18.969
13.783
114.706
0.948
1.806
0.141
0.007
0.000
0.000
4.678
7.666
1.188
10.461
3.983
3.538
5.610
0.000
0.000
1.607
3.172
7.241
2.204
3.559
1.226
1.313
1.748
0.007
0.000
0.000
0.000
0.000
0.000
1.978
3.282
12.473
2.733
0.000
7.155
0.460
0.000
0.000
1.322
2.733
0.009
1.267
2.805
4.209
5.325
0.556
2.894
0.427
0.000
0.000
0.000
0.000
0.000
0.007
5.294
0.742
0.000
0.000
0.000
2.281
7.938
14.626
0.309
5.490
1.245
0.000
0.000
0.000
