19790101
0.929
0.914
0.921
0.966
0.962
0.851
0.880
0.868
0.865
0.867
0.809
0.812
0.825
0.833
0.855
0.808
0.798
0.703
0.669
0.924
0.918
0.935
0.929
0.890
0.844
0.918
0.881
0.945
0.854
0.936
0.954
0.896
0.903
0.962
0.915
0.882
0.906
0.868
0.851
0.809
0.914
0.892
0.911
0.933
0.927
0.855
0.864
0.936
0.920
0.954
0.911
0.848
0.969
0.919
0.797
0.931
0.958
0.980
0.873
0.941
0.970
0.975
0.960
0.980
0.922
0.963
0.961
0.941
0.902
0.914
0.859
0.903
0.857
0.959
0.912
0.957
0.965
0.971
0.980
0.978
0.878
0.874
0.970
0.964
0.978
0.873
0.877
0.915
0.904
0.964
0.876
0.884
0.960
0.903
0.966
0.961
0.927
0.798
0.769
0.832
0.741
0.887
0.963
0.969
0.968
0.970
0.928
0.936
0.970
0.875
0.938
0.968
0.961
0.959
0.856
0.795
0.785
0.852
0.874
0.891
0.946
0.953
0.941
0.875
0.921
0.917
0.946
0.846
0.947
0.958
0.920
0.925
0.927
0.934
0.929
0.954
0.897
0.839
0.952
0.965
0.951
0.925
0.928
0.961
0.867
0.851
0.942
0.846
0.895
0.912
0.901
0.757
0.755
0.781
0.732
0.717
0.783
0.799
0.730
0.739
0.786
0.775
0.760
0.792
0.862
0.790
0.726
0.691
0.673
0.704
0.713
0.702
0.633
0.589
0.651
0.648
0.749
0.701
0.645
0.651
0.636
0.663
0.638
0.714
0.807
0.759
0.665
0.676
0.704
0.616
0.642
0.676
0.606
0.683
0.682
0.668
0.749
0.673
0.622
0.635
0.798
0.708
0.760
0.662
0.876
0.803
0.577
0.685
0.786
0.714
0.632
0.431
0.577
0.478
0.575
0.556
0.839
0.728
0.702
0.669
0.707
0.659
0.578
0.623
0.606
0.671
0.877
0.770
0.852
0.664
0.791
0.674
0.823
0.659
0.711
0.599
0.608
0.630
0.649
0.626
0.668
0.684
0.611
0.577
0.559
0.844
0.706
0.692
0.656
0.537
0.621
0.580
0.786
0.772
0.643
0.589
0.758
0.622
0.525
0.677
0.664
0.627
0.519
0.500
0.530
0.488
0.469
0.570
0.719
0.741
0.703
0.451
0.408
0.458
0.482
0.567
0.657
0.551
0.664
0.907
0.644
0.674
0.721
0.686
0.595
0.510
0.493
0.573
0.878
0.625
0.570
0.546
0.645
0.427
0.480
0.418
0.626
0.590
0.723
0.846
0.707
0.632
0.639
0.589
0.692
0.864
0.792
0.818
0.894
0.779
0.909
0.850
0.866
0.813
0.728
0.600
0.529
0.898
0.968
0.832
0.718
0.647
0.768
0.899
0.931
0.873
0.789
0.893
0.876
0.779
0.612
0.555
0.629
0.619
0.726
0.726
0.713
0.857
0.735
0.957
0.692
0.819
0.620
0.695
0.940
0.845
0.798
0.939
0.963
0.979
0.956
0.841
0.889
0.877
0.878
0.890
0.852
0.951
0.944
0.807
0.855
0.961
0.923
0.815
0.897
0.979
0.859
0.921
0.840
0.732
0.844
0.867
0.898
0.821
0.860
0.825
0.732
0.685
0.926
0.894
0.910
0.817
0.944
0.844
0.714
0.892
0.925
0.942
0.957
0.935
0.851
0.896
0.887
0.866
0.871
0.901
0.858
0.922
0.965
0.886
0.803
0.724
0.778
0.967
0.772
0.774
0.850
0.821
0.783
0.919
0.749
0.713
0.921
0.967
0.923
0.834
0.786
0.635
0.593
0.641
0.598
0.575
0.576
0.469
0.447
0.467
0.499
0.773
0.865
0.821
0.693
0.743
0.946
0.822
0.765
0.847
0.864
0.955
0.903
0.947
0.888
0.927
0.956
0.977
0.942
0.942
0.971
0.900
0.910
0.965
0.909
0.976
0.944
0.909
0.967
0.945
0.873
0.851
0.879
0.969
0.901
0.924
0.931
0.955
0.912
0.839
0.904
0.929
0.935
0.841
0.851
0.979
0.887
0.857
0.931
0.950
0.829
0.751
0.776
0.813
0.954
0.926
0.929
0.938
0.926
0.968
0.977
0.961
0.871
0.737
0.779
0.710
0.860
0.943
0.909
0.888
0.930
0.860
0.916
0.919
0.910
0.947
0.926
0.936
0.870
0.950
0.952
0.920
0.951
0.765
0.786
0.784
0.705
0.774
0.908
0.788
0.901
0.954
0.945
0.926
0.928
0.771
0.718
0.880
0.718
0.803
0.700
0.695
0.682
0.757
0.936
0.946
0.839
0.798
0.735
0.705
0.659
0.767
0.725
0.695
0.711
0.848
0.839
0.896
0.808
0.875
0.664
0.708
0.819
0.739
0.628
0.611
0.583
0.686
0.707
0.779
0.671
0.898
0.725
0.681
0.664
0.788
0.727
0.664
0.641
0.577
0.680
0.767
0.845
0.699
0.601
0.516
0.522
0.773
0.669
0.679
0.900
0.837
0.638
0.543
0.458
0.488
0.527
0.557
0.540
0.688
0.762
0.684
0.555
0.596
0.658
0.584
0.617
0.562
0.482
0.583
0.574
0.640
0.588
0.570
0.639
0.903
0.655
0.565
0.611
0.592
0.541
0.429
0.643
0.533
0.555
0.529
0.610
0.538
0.457
0.379
0.549
0.639
0.837
0.701
0.538
0.423
0.436
0.475
0.843
0.449
0.457
0.504
0.553
0.562
0.651
0.553
0.617
0.538
0.597
0.612
0.586
0.480
0.489
0.617
0.758
0.785
0.747
0.952
0.679
0.623
0.731
0.754
0.673
0.623
0.591
0.830
0.702
0.647
0.916
0.782
0.685
0.944
0.942
0.781
0.705
0.873
0.909
0.708
0.716
0.865
0.773
0.687
0.661
0.855
0.732
0.616
0.652
0.576
0.624
0.587
0.597
0.650
0.672
0.809
0.888
0.828
0.721
0.693
0.599
0.703
0.769
0.922
0.929
0.967
0.906
0.817
0.832
0.897
0.959
0.927
0.902
0.945
0.945
0.847
0.898
0.957
0.967
0.940
0.935
0.788
0.848
0.806
0.745
0.896
0.717
0.636
0.861
0.792
0.854
0.948
0.944
0.840
0.674
0.664
0.879
0.772
0.634
0.898
0.904
0.939
0.913
0.849
0.879
0.717
0.698
0.866
0.793
0.933
0.925
0.862
0.883
0.979
0.959
0.928
0.757
0.730
0.757
0.900
0.891
0.919
0.896
0.905
0.954
0.902
0.922
0.838
0.799
0.845
0.642
0.792
0.919
0.927
0.737
0.929
0.964
0.981
0.917
0.938
0.960
0.969
0.959
0.909
0.948
0.949
0.973
0.887
0.950
0.896
0.898
0.976
0.960
0.947
0.924
0.966
0.897
0.948
0.965
0.932
0.917
0.977
0.964
0.953
0.962
0.901
0.978
0.916
0.874
0.916
0.955
0.957
0.906
0.952
0.964
0.953
0.976
0.906
0.883
0.770
0.814
0.872
0.940
0.916
0.892
0.882
0.944
0.970
0.894
0.772
0.949
0.882
0.946
0.807
0.937
0.920
0.905
0.936
0.923
0.949
0.975
0.968
0.944
0.970
0.970
0.966
0.957
0.962
0.978
0.912
0.924
0.918
0.973
0.974
0.969
0.854
0.876
0.930
0.862
0.901
0.838
0.876
0.943
0.876
0.869
0.925
0.914
0.842
0.827
0.763
0.885
0.967
0.962
0.923
0.952
0.898
0.892
0.868
0.858
0.892
0.928
0.949
0.897
0.873
0.875
0.938
0.932
0.923
0.781
0.804
0.795
0.870
0.829
0.909
0.846
0.831
0.779
0.676
0.777
0.863
0.913
0.898
0.902
0.885
0.906
0.926
0.774
0.795
0.881
0.947
0.942
0.956
0.879
0.880
0.937
0.879
0.741
0.752
0.715
0.760
0.774
0.818
0.761
0.716
0.768
0.738
0.670
0.636
0.720
0.916
0.851
0.878
0.675
0.634
0.554
0.677
0.619
0.697
0.708
0.761
0.757
0.796
0.652
0.775
0.864
0.668
0.507
0.478
0.506
0.643
0.534
0.464
0.500
0.534
0.603
0.559
0.563
0.621
0.628
0.524
0.625
0.573
0.634
0.904
0.761
0.679
0.715
0.934
0.754
0.640
0.579
0.635
0.558
0.506
0.741
0.661
0.511
0.435
0.433
0.484
0.495
0.505
0.560
0.566
0.593
0.820
0.965
0.706
0.667
0.546
0.448
0.517
0.542
0.773
0.774
0.655
0.518
0.466
0.557
0.594
0.580
0.680
0.615
0.674
0.698
0.548
0.471
0.588
0.587
0.522
0.698
0.908
0.846
0.614
0.526
0.507
0.483
0.460
0.570
0.713
0.540
0.542
0.476
0.503
0.515
0.740
0.641
0.870
0.914
0.707
0.546
0.550
0.512
0.612
0.739
0.817
0.905
0.860
0.609
0.509
0.584
0.631
0.584
0.822
0.672
0.708
0.549
0.729
0.675
0.510
0.674
0.509
0.436
0.497
0.596
0.513
0.646
0.506
0.532
0.526
0.624
0.589
0.910
0.980
0.922
0.932
0.973
0.861
0.752
0.716
0.967
0.856
0.768
0.813
0.865
0.867
0.969
0.915
0.681
0.731
0.748
0.951
0.800
0.976
0.843
0.858
0.887
0.970
0.982
0.932
0.719
0.875
0.954
0.963
0.815
0.811
0.933
0.969
0.929
0.864
0.939
0.806
0.941
0.945
0.974
0.979
0.960
0.901
0.918
0.814
0.903
0.834
0.955
0.972
0.913
0.936
0.926
0.882
0.858
0.889
0.876
0.927
0.898
0.878
0.873
0.963
0.902
0.847
0.940
0.944
0.932
0.877
0.873
0.972
0.975
0.955
0.924
0.870
0.879
0.942
0.955
0.952
0.977
0.920
0.920
0.925
0.882
0.924
0.962
0.970
0.886
0.908
0.935
0.942
0.952
0.893
0.972
0.964
0.922
0.929
0.932
0.958
0.982
0.866
0.959
0.951
0.935
0.940
0.963
0.972
0.982
0.859
0.887
0.953
0.982
0.929
0.897
0.890
0.878
0.869
0.811
0.975
0.950
0.896
0.879
0.959
0.965
0.943
0.950
0.901
0.980
0.952
0.915
0.961
0.956
0.907
0.901
0.967
0.975
0.964
0.847
0.968
0.915
0.969
0.971
0.947
0.980
0.979
0.980
0.924
0.973
0.949
0.963
0.842
0.928
0.918
0.940
0.959
0.975
0.916
0.834
0.952
0.973
0.978
0.982
0.937
0.966
0.975
0.932
0.803
0.849
0.855
0.849
0.880
0.807
0.851
0.766
0.800
0.847
0.962
0.966
0.929
0.951
0.924
0.934
0.924
0.974
0.966
0.964
0.869
0.923
0.959
0.935
0.976
0.946
0.968
0.980
0.826
0.765
0.740
0.725
0.711
0.716
0.775
0.906
0.912
0.799
0.821
0.813
0.779
0.718
0.875
0.905
0.909
0.935
0.898
0.945
0.933
0.914
0.869
0.783
0.750
0.739
0.952
0.975
0.955
0.875
0.860
0.803
0.730
0.842
0.925
0.810
0.857
0.792
0.765
0.680
0.741
0.765
0.895
0.938
0.845
0.846
0.848
0.862
0.966
0.966
0.950
0.925
0.750
0.650
0.643
0.656
0.717
0.683
0.792
0.823
0.821
0.949
0.844
0.837
0.860
0.964
0.890
0.752
0.822
0.806
0.843
0.876
0.729
0.595
0.744
0.948
0.973
0.881
0.775
0.664
0.609
0.863
0.943
0.746
0.970
0.708
0.645
0.614
0.743
0.762
0.779
0.667
0.649
0.662
0.746
0.676
0.575
0.698
0.745
0.715
0.505
0.546
0.605
0.833
0.709
0.604
0.583
0.547
0.547
0.661
0.515
0.651
0.665
0.676
0.642
0.760
0.836
0.900
0.889
0.834
0.886
0.740
0.826
0.796
0.880
0.834
0.873
0.760
0.735
0.640
0.579
0.682
0.643
0.612
0.588
0.717
0.853
0.769
0.751
0.622
0.633
0.721
0.940
0.668
0.596
0.629
0.670
0.850
0.844
0.846
0.699
0.819
0.658
0.630
0.832
0.605
0.569
0.495
0.585
0.617
0.524
0.515
0.856
0.864
0.719
0.961
0.836
0.955
0.775
0.653
0.811
0.823
0.945
0.795
0.862
0.669
0.852
0.670
0.628
0.607
0.606
0.685
0.624
0.605
0.598
0.513
0.568
0.726
0.837
0.676
0.859
0.890
0.930
0.960
0.953
0.976
0.964
0.816
0.697
0.775
0.946
0.825
0.902
0.823
0.888
0.910
0.791
0.887
0.969
0.817
0.864
0.778
0.963
0.855
0.728
0.683
0.815
0.945
0.866
0.873
0.915
0.864
0.859
0.926
0.887
0.900
0.954
0.958
0.964
0.766
0.903
0.810
0.844
0.976
0.884
0.968
0.916
0.903
0.771
0.775
0.944
0.814
0.721
0.813
0.729
0.664
0.778
0.677
0.634
0.487
0.516
0.885
0.797
0.700
0.814
0.930
0.923
0.859
0.895
0.771
0.874
0.921
0.694
0.669
0.637
0.665
0.804
0.865
0.903
0.870
0.935
0.946
0.935
0.893
0.763
0.959
0.911
0.861
0.772
0.789
0.724
0.591
0.595
0.619
0.662
0.646
0.782
0.914
0.888
0.912
0.820
0.810
0.746
0.974
0.840
0.735
0.809
0.836
0.882
0.661
0.613
0.506
0.529
0.570
0.636
0.708
0.833
0.704
0.754
0.901
0.887
0.968
0.854
0.942
0.954
0.961
0.967
0.871
0.933
0.956
0.920
0.855
0.867
0.920
0.873
0.933
0.808
0.909
0.926
0.890
0.942
0.965
0.955
0.885
0.935
0.950
0.871
0.942
0.897
0.937
0.865
0.869
0.826
0.836
0.884
0.918
0.745
0.776
0.789
0.933
0.883
0.906
0.886
0.922
0.755
0.780
0.908
0.953
0.889
0.944
0.937
0.809
0.778
0.907
0.909
0.818
0.832
0.738
0.801
0.883
0.931
0.977
0.846
0.793
0.666
0.790
0.720
0.793
0.845
0.729
0.782
0.765
0.647
0.645
0.868
0.695
0.647
0.557
0.550
0.717
0.693
0.677
0.647
0.664
0.849
0.707
0.653
0.639
0.693
0.654
0.670
0.585
0.872
0.874
0.763
0.710
0.611
0.684
0.653
0.870
0.761
0.692
0.590
0.665
0.524
0.536
0.601
0.795
0.642
0.518
0.748
0.614
0.537
0.585
0.679
0.828
0.717
0.667
0.628
0.475
0.509
0.512
0.433
0.431
0.421
0.380
0.389
0.381
0.476
0.471
0.589
0.483
0.510
0.543
0.530
0.509
0.666
0.505
0.355
0.323
0.331
0.381
0.280
0.384
0.483
0.513
0.548
0.689
0.684
0.751
0.598
0.586
0.652
0.636
0.814
0.828
0.890
0.601
0.503
0.639
0.700
0.846
0.673
0.624
0.587
0.435
0.473
0.456
0.481
0.526
0.525
0.453
0.573
0.555
0.420
0.576
0.491
0.531
0.472
0.461
0.455
0.460
0.489
0.565
0.903
0.773
0.668
0.841
0.875
0.745
0.547
0.545
0.552
0.663
0.754
0.511
0.515
0.532
0.636
0.522
0.769
0.812
0.652
0.600
0.572
0.629
0.761
0.592
0.480
0.378
0.541
0.787
0.694
0.628
0.878
0.950
0.948
0.744
0.622
0.580
0.588
0.634
0.852
0.756
0.647
0.624
0.636
0.846
0.856
0.803
0.768
0.913
0.720
0.781
0.836
0.808
0.977
0.838
0.875
0.723
0.765
0.795
0.918
0.763
0.946
0.702
0.949
0.795
0.703
0.700
0.930
0.979
0.879
0.770
0.643
0.627
0.599
0.664
0.974
0.723
0.625
0.742
0.903
0.918
0.844
0.915
0.826
0.728
0.950
0.847
0.937
0.876
0.821
0.841
0.890
0.971
0.729
0.892
0.957
0.899
0.911
0.957
0.945
0.952
0.871
0.962
0.944
0.931
0.870
0.902
0.880
0.846
0.820
0.856
0.938
0.974
0.940
0.869
0.921
0.849
0.862
0.843
0.839
0.823
0.850
0.821
0.856
0.931
0.864
0.964
0.867
0.911
0.927
0.950
0.848
0.956
0.882
0.924
0.905
0.922
0.932
0.974
0.966
0.842
0.815
0.735
0.753
0.817
0.832
0.967
0.882
0.815
0.952
0.927
0.970
0.804
0.790
0.960
0.949
0.972
0.947
0.926
0.897
0.906
0.941
0.977
0.903
0.781
0.841
0.674
0.748
0.915
0.894
0.959
0.866
0.952
0.902
0.969
0.818
0.792
0.704
0.824
0.918
0.825
0.972
0.958
0.970
0.830
0.836
0.850
0.956
0.954
0.910
0.975
0.956
0.908
0.948
0.965
0.964
0.836
0.864
0.822
0.938
0.933
0.846
0.962
0.898
0.960
0.970
0.949
0.973
0.864
0.793
0.914
0.898
0.953
0.905
0.932
0.888
0.827
0.870
0.887
0.907
0.918
0.951
0.959
0.929
0.908
0.937
0.885
0.943
0.885
0.902
0.933
0.864
0.904
0.950
0.921
0.932
0.766
0.914
0.915
0.948
0.953
0.911
0.945
0.977
0.870
0.907
0.929
0.790
0.949
0.958
0.886
0.884
0.904
0.890
0.925
0.897
0.874
0.953
0.919
0.939
0.964
0.914
0.750
0.927
0.816
0.938
0.921
0.785
0.765
0.754
0.956
0.873
0.846
0.716
0.680
0.767
0.726
0.939
0.876
0.948
0.926
0.913
0.756
0.840
0.830
0.832
0.942
0.914
0.923
0.886
0.782
0.727
0.725
0.599
0.692
0.636
0.577
0.564
0.542
0.535
0.566
0.617
0.571
0.512
0.547
0.626
0.542
0.611
0.812
0.905
0.767
0.669
0.682
0.650
0.679
0.606
0.575
0.634
0.705
0.663
0.573
0.614
0.507
0.614
0.620
0.834
0.712
0.920
0.894
0.927
0.786
0.563
0.478
0.378
0.384
0.481
0.399
0.516
0.664
0.722
0.830
0.681
0.902
0.859
0.898
0.760
0.671
0.644
0.840
0.701
0.749
0.712
0.705
0.644
0.599
0.511
0.628
0.887
0.891
0.647
0.532
0.724
0.898
0.903
0.605
0.535
0.732
0.662
0.557
0.554
0.593
0.648
0.607
0.666
0.809
0.713
0.631
0.715
0.595
0.624
0.762
0.920
0.692
0.601
0.926
0.884
0.664
0.637
0.616
0.710
0.751
0.837
0.844
0.680
0.749
0.940
0.958
0.957
0.757
0.611
0.516
0.901
0.770
0.793
0.832
0.630
0.819
0.894
0.948
0.951
0.970
0.908
0.895
0.711
0.910
0.963
0.806
0.890
0.631
0.918
0.857
0.906
0.821
0.710
0.897
0.904
0.927
0.884
0.816
0.883
0.901
0.863
0.956
0.873
0.698
0.896
0.832
0.698
0.928
0.907
0.943
0.821
0.786
0.867
0.975
0.960
0.855
0.743
0.756
0.684
0.820
0.954
0.962
0.916
0.981
0.857
0.928
0.950
0.917
0.940
0.900
0.834
0.913
0.925
0.966
0.823
0.791
0.780
0.931
0.911
0.952
0.901
0.958
0.968
0.932
0.880
0.922
0.893
0.915
0.831
0.724
0.905
0.862
0.789
0.742
0.865
0.852
0.894
0.934
0.937
0.971
0.918
0.878
0.923
0.862
0.879
0.842
0.968
0.961
0.926
0.904
0.945
0.939
0.918
0.854
0.930
0.892
0.930
0.881
0.942
0.915
0.793
0.759
0.922
0.924
0.966
0.970
0.947
0.933
0.971
0.888
0.943
0.929
0.972
0.983
0.946
0.889
0.866
0.870
0.893
0.972
0.904
0.858
0.873
0.965
0.964
0.932
0.876
0.844
0.952
0.890
0.930
0.858
0.970
0.965
0.904
0.959
0.969
0.945
0.941
0.950
0.819
0.928
0.882
0.955
0.954
0.872
0.892
0.854
0.921
0.958
0.959
0.899
0.928
0.745
0.967
0.975
0.964
0.922
0.962
0.931
0.884
0.979
0.977
0.921
0.914
0.958
0.958
0.953
0.916
0.854
0.850
0.946
0.917
0.918
0.929
0.955
0.967
0.973
0.917
0.905
0.931
0.930
0.939
0.905
0.981
0.875
0.936
0.895
0.880
0.939
0.780
0.926
0.950
0.946
0.918
0.940
0.870
0.886
0.813
0.947
0.936
0.882
0.732
0.691
0.610
0.564
0.568
0.525
0.642
0.693
0.755
0.708
0.626
0.673
0.796
0.856
0.739
0.649
0.941
0.963
0.940
0.926
0.778
0.858
0.787
0.765
0.714
0.728
0.697
0.937
0.847
0.947
0.903
0.973
0.870
0.737
0.740
0.846
0.788
0.629
0.603
0.675
0.585
0.563
0.658
0.653
0.692
0.751
0.694
0.749
0.556
0.453
0.548
0.590
0.740
0.792
0.934
0.779
0.972
0.961
0.907
0.746
0.713
0.593
0.630
0.560
0.717
0.618
0.489
0.655
0.671
0.633
0.522
0.533
0.617
0.685
0.709
0.654
0.677
0.615
0.708
0.516
0.538
0.477
0.512
0.542
0.838
0.873
0.694
0.588
0.836
0.902
0.706
0.656
0.535
0.488
0.577
0.519
0.478
0.426
0.586
0.453
0.462
0.599
0.839
0.727
0.672
0.743
0.735
0.826
0.869
0.594
0.587
0.665
0.587
0.493
0.703
0.787
0.854
0.722
0.544
0.605
0.687
0.853
0.680
0.576
0.537
0.746
0.814
0.872
0.730
0.816
0.695
0.621
0.583
0.489
0.573
0.622
0.669
0.779
0.640
0.727
0.822
0.876
0.639
0.669
0.922
0.847
0.700
0.811
0.842
0.740
0.871
0.606
0.524
0.662
0.926
0.802
0.780
0.659
0.624
0.816
0.904
0.949
0.970
0.925
0.818
0.649
0.689
0.788
0.725
0.588
0.805
0.887
0.749
0.932
0.806
0.923
0.870
0.720
0.632
0.617
0.655
0.673
0.621
0.551
0.865
0.813
0.716
0.895
0.913
0.891
0.867
0.981
0.982
0.976
0.972
0.882
0.806
0.833
0.917
0.737
0.747
0.885
0.961
0.773
0.676
0.725
0.660
0.915
0.815
0.879
0.895
0.688
0.573
0.612
0.869
0.897
0.879
0.751
0.834
0.978
0.895
0.971
0.838
0.915
0.857
0.799
0.941
0.781
0.919
0.918
0.894
0.854
0.895
0.969
0.965
0.882
0.948
0.955
0.927
0.952
0.811
0.827
0.946
0.964
0.825
0.952
0.947
0.913
0.934
0.941
0.924
0.970
0.927
0.958
0.902
0.845
0.876
0.918
0.981
0.978
0.881
0.970
0.973
0.968
0.911
0.945
0.938
0.938
0.917
0.891
0.915
0.953
0.976
0.963
0.899
0.877
0.891
0.762
0.913
0.910
0.933
0.946
0.812
0.862
0.962
0.959
0.939
0.945
0.973
0.943
0.867
0.978
0.983
0.978
0.966
0.975
0.982
0.931
0.977
0.965
0.847
0.886
0.882
0.968
0.919
0.950
0.969
0.981
0.973
0.984
0.873
0.741
0.885
0.938
0.977
0.933
0.842
0.834
0.782
0.789
0.942
0.967
0.947
0.945
0.920
0.921
0.973
0.951
0.960
0.931
0.910
0.948
0.903
0.920
0.950
0.902
0.913
0.962
0.877
0.912
0.922
0.889
0.872
0.934
0.899
0.869
0.938
0.937
0.884
0.940
0.930
0.930
0.906
0.871
0.950
0.967
0.886
0.942
0.849
-99.000
0.978
0.902
0.655
0.727
0.670
0.777
0.889
0.957
0.871
0.882
0.868
0.801
0.937
0.920
0.777
0.737
0.690
0.705
0.675
0.713
0.640
0.656
0.702
0.675
0.871
0.778
0.731
0.614
0.691
0.613
0.652
0.806
0.532
0.538
0.633
0.714
0.776
0.680
0.615
0.586
0.525
0.646
0.750
0.810
0.824
0.904
0.903
0.759
0.690
0.741
0.777
0.792
0.628
0.535
0.492
0.574
0.696
0.603
0.672
0.635
0.743
0.710
0.730
0.762
0.858
0.796
0.757
0.719
0.665
0.623
0.741
0.722
0.931
0.804
0.905
0.870
0.743
0.673
0.840
0.857
0.840
0.718
0.612
0.767
0.611
0.613
0.565
0.719
0.718
0.766
0.916
0.792
0.635
0.636
0.695
0.592
0.651
0.951
0.842
0.869
0.763
0.582
0.510
0.607
0.636
0.639
0.924
0.939
0.888
0.836
0.630
0.685
0.642
0.567
0.581
0.605
0.500
0.519
0.620
0.607
0.630
0.548
0.678
0.737
0.713
0.621
0.676
0.722
0.790
0.655
0.531
0.564
0.611
0.857
0.755
0.572
0.553
0.594
0.590
0.618
0.763
0.853
0.848
0.675
0.799
0.964
0.627
0.603
0.626
0.817
0.885
0.646
0.519
0.554
0.563
0.575
0.812
0.877
0.944
0.793
0.891
0.863
0.760
0.646
0.958
0.656
0.602
0.635
0.535
0.611
0.762
0.708
0.594
0.843
0.704
0.849
0.966
0.968
0.813
0.905
0.870
0.920
0.842
0.935
0.940
0.929
0.967
0.831
0.698
0.704
0.900
0.859
0.969
0.936
0.834
0.842
0.764
0.635
0.643
0.836
0.901
0.927
0.972
0.950
0.913
0.754
0.903
-99.000
-99.000
-99.000
-99.000
-99.000
-99.000
-99.000
-99.000
0.923
0.922
0.942
0.910
0.956
0.889
0.867
0.891
0.962
0.960
0.971
0.917
0.869
0.911
0.963
0.957
0.961
0.975
0.860
0.853
0.933
0.890
0.898
0.890
0.878
0.941
0.909
0.966
0.940
0.805
0.872
0.812
0.897
0.894
0.946
0.857
0.774
0.881
0.856
0.922
0.784
0.647
0.702
0.686
0.690
0.718
0.877
0.795
0.899
0.915
0.971
0.929
0.951
0.957
0.936
0.932
0.962
0.930
0.943
0.927
0.877
0.947
0.978
0.904
0.959
0.963
0.840
0.804
0.862
0.965
0.847
0.714
0.610
0.682
0.685
0.691
0.645
0.803
0.939
0.919
0.964
0.953
0.941
0.922
0.841
0.876
0.965
0.939
0.863
0.924
0.966
0.965
0.973
0.822
0.795
0.916
0.913
0.927
0.959
0.956
0.850
0.767
0.963
0.829
0.947
0.868
0.960
0.940
0.894
0.861
0.934
0.959
0.973
0.918
0.880
0.897
0.955
0.955
0.936
0.963
0.875
0.893
0.837
0.830
0.860
0.895
0.934
0.948
0.966
0.787
0.755
0.753
0.716
0.741
0.858
0.914
0.857
0.933
0.904
0.859
0.798
0.898
0.852
0.767
0.736
0.666
0.679
0.745
0.645
0.700
0.791
0.925
0.889
0.875
0.883
0.807
0.874
0.898
0.884
0.859
0.810
0.781
0.789
0.905
0.886
0.937
0.933
0.904
0.740
0.679
0.622
0.730
0.631
0.761
0.961
0.675
0.654
0.657
0.614
0.829
0.811
0.868
0.961
0.914
0.747
0.647
0.593
0.681
0.736
0.831
0.879
0.930
0.883
0.745
0.736
0.670
0.668
0.629
0.697
0.866
0.899
0.763
0.590
0.632
0.645
0.780
0.783
0.753
0.632
0.589
0.776
0.573
0.514
0.535
0.692
0.641
0.631
0.635
0.692
0.585
0.652
0.665
0.589
0.661
0.602
0.602
0.709
0.650
0.581
0.654
0.535
0.480
0.536
0.458
0.543
0.473
0.487
0.525
0.502
0.576
0.534
0.535
0.857
0.648
0.639
0.560
0.573
0.564
0.525
0.610
0.626
0.527
0.529
0.602
0.502
0.479
0.475
0.478
0.540
0.668
0.644
0.555
0.536
0.502
0.575
0.640
0.560
0.649
0.620
0.560
0.500
0.722
0.570
0.550
0.852
0.671
0.638
0.576
0.635
0.763
0.623
0.586
0.669
0.552
0.485
0.517
0.667
0.616
0.729
0.905
0.865
0.856
0.956
0.791
0.902
0.839
0.697
0.572
0.819
0.919
0.877
0.601
0.580
0.569
0.827
0.739
0.902
0.848
0.732
0.685
0.617
0.644
0.565
0.570
0.924
0.800
0.943
0.670
0.770
0.912
0.972
0.665
0.850
0.962
0.875
0.961
0.810
0.816
0.816
0.922
0.906
0.873
0.903
0.803
0.922
0.922
0.778
0.832
0.689
0.928
0.820
0.754
0.740
0.900
0.723
0.811
0.873
0.767
0.923
0.731
0.603
0.870
0.844
0.745
0.834
0.898
0.893
0.851
0.871
0.710
0.637
0.809
0.928
0.872
0.830
0.932
0.827
0.678
0.641
0.694
0.669
0.837
0.920
0.851
0.756
0.669
0.818
0.876
0.813
0.768
0.869
0.873
0.879
0.910
0.889
0.945
0.963
0.929
0.960
0.904
0.904
0.919
0.918
0.946
0.923
0.951
0.899
0.749
0.732
0.837
0.951
0.911
0.867
0.922
0.925
0.896
0.966
0.980
0.815
0.888
0.941
0.889
0.940
0.823
0.929
0.922
0.928
0.931
0.943
0.916
0.898
0.923
0.959
0.914
0.936
0.792
0.895
0.938
0.942
0.762
0.764
0.863
0.927
0.917
0.783
0.957
0.828
0.860
0.930
0.917
0.810
0.743
0.757
0.905
0.953
0.948
0.869
0.890
0.911
0.915
0.869
0.953
0.860
0.927
0.927
0.848
0.955
0.933
0.916
0.938
0.856
0.965
0.924
0.895
0.944
0.977
0.939
0.960
0.872
0.926
0.875
0.908
0.879
0.920
0.789
0.900
0.829
0.968
0.920
0.891
0.858
0.915
0.958
0.970
0.866
0.835
0.838
0.923
0.934
0.859
0.969
0.954
0.899
0.959
0.975
0.921
0.910
0.944
0.901
0.845
0.879
0.834
0.897
0.937
0.878
0.921
0.922
0.915
0.851
0.950
0.973
0.925
0.903
0.888
0.886
0.863
0.982
0.950
0.865
0.815
0.883
0.900
0.740
0.797
0.871
0.860
0.756
0.737
0.724
0.686
0.760
0.699
0.749
0.859
0.844
0.952
0.867
0.823
0.827
0.753
0.920
0.903
0.933
0.860
0.855
0.824
0.908
0.865
0.838
0.737
0.719
0.919
0.899
0.921
0.874
0.732
0.640
0.602
0.590
0.583
0.631
0.581
0.689
0.571
0.526
0.573
0.535
0.573
0.685
0.582
0.661
0.563
0.540
0.635
0.710
0.609
0.533
0.602
0.608
0.649
0.645
0.524
0.489
0.459
0.460
0.455
0.512
0.504
0.523
0.471
0.549
0.574
0.590
0.532
0.653
0.560
0.512
0.470
0.496
0.479
0.433
0.516
0.399
0.344
0.504
0.595
0.607
0.675
0.537
0.598
0.568
0.530
0.456
0.497
0.424
0.439
0.480
0.549
0.515
0.546
0.482
0.593
0.593
0.842
0.749
0.972
0.702
0.554
0.507
0.479
0.526
0.538
0.769
0.769
0.563
0.485
0.484
0.486
0.456
0.422
0.644
0.563
0.594
0.752
0.884
0.775
0.805
0.977
0.751
0.657
0.751
0.684
0.589
0.563
0.662
0.911
0.689
0.719
0.922
0.847
0.899
0.673
0.484
0.479
0.538
0.547
0.711
0.495
0.515
0.939
0.796
0.866
0.638
0.662
0.525
0.613
0.680
0.856
0.821
0.877
0.874
0.742
0.719
0.905
0.874
0.938
0.866
0.780
0.907
0.816
0.896
0.944
0.979
0.971
0.713
0.799
0.882
0.918
0.970
0.962
0.969
0.961
0.980
0.798
0.842
0.931
0.942
0.709
0.924
0.940
0.950
0.916
0.899
0.965
0.928
0.965
0.882
0.742
0.847
0.936
0.874
0.918
0.695
0.793
0.892
0.853
0.964
0.881
0.983
0.920
0.887
0.858
0.910
0.891
0.824
0.942
0.941
0.901
0.897
0.964
0.916
0.782
0.969
0.879
0.913
0.802
0.851
0.935
0.970
0.950
0.980
0.982
0.946
0.952
0.906
0.889
0.930
0.971
0.956
0.966
0.967
0.893
0.983
0.962
0.979
0.949
0.897
0.826
0.817
0.912
0.956
0.962
0.906
0.951
0.868
0.882
0.811
0.677
0.783
0.981
0.872
0.912
0.842
0.932
0.943
0.951
0.981
0.958
0.901
0.976
0.938
0.865
0.846
0.916
0.859
0.960
0.867
0.961
0.921
0.938
0.840
0.977
0.943
0.834
0.972
0.943
0.980
0.914
0.984
0.979
0.941
0.914
0.963
0.971
0.960
0.938
0.931
0.939
0.965
0.954
0.972
0.949
0.958
0.911
0.945
0.926
0.981
0.962
0.907
0.924
0.961
0.944
0.974
0.893
0.795
0.920
0.973
0.983
0.882
0.970
0.881
0.834
0.918
0.983
0.858
0.953
0.950
0.964
0.968
0.965
0.967
0.974
0.938
0.966
0.965
0.963
0.983
0.794
0.705
0.712
0.778
0.737
0.861
0.865
0.968
0.973
0.955
0.975
0.919
0.747
0.706
0.770
0.838
0.820
0.819
0.875
0.920
0.913
0.907
0.858
0.940
0.958
0.964
0.906
0.958
0.915
0.961
0.929
0.888
0.904
0.864
0.933
0.960
0.915
0.823
0.815
0.891
0.955
0.962
0.982
0.886
0.793
0.789
0.731
0.893
0.887
0.878
0.861
0.817
0.813
0.850
0.967
0.921
0.917
0.975
0.850
0.769
0.640
0.551
0.543
0.662
0.736
0.690
0.738
0.738
0.799
0.656
0.693
0.670
0.688
0.615
0.706
0.676
0.688
0.593
0.678
0.849
0.931
0.965
0.854
0.747
0.714
0.882
0.887
0.845
0.745
0.691
0.684
0.770
0.699
0.658
0.693
0.659
0.552
0.574
0.550
0.738
0.612
0.571
0.659
0.793
0.686
0.739
0.669
0.778
0.759
0.697
0.573
0.570
0.588
0.556
0.549
0.660
0.722
0.764
0.925
0.672
0.547
0.506
0.685
0.594
0.587
0.592
0.592
0.727
0.606
0.634
0.670
0.778
0.473
0.351
0.476
0.375
0.399
0.485
0.584
0.582
0.580
0.699
0.666
0.583
0.620
0.662
0.961
0.764
0.637
0.616
0.731
0.875
0.668
0.670
0.569
0.748
0.747
0.643
0.700
0.957
0.734
0.637
0.753
0.847
0.674
0.748
0.670
0.612
0.753
0.842
0.762
0.836
0.943
0.903
0.631
0.629
0.689
0.974
0.717
0.729
0.753
0.971
0.966
0.774
0.788
0.931
0.953
0.953
0.813
0.678
0.925
0.847
0.641
0.572
0.588
0.722
0.728
0.919
0.889
0.953
0.968
0.836
0.708
0.677
0.850
0.847
0.902
0.665
0.567
0.622
0.624
0.633
0.875
0.795
0.934
0.925
0.839
0.659
0.835
0.885
0.795
0.897
0.929
0.688
0.601
0.884
0.910
0.913
0.764
0.821
0.832
0.766
0.902
0.918
0.775
0.889
0.811
0.912
0.907
0.868
0.915
0.886
0.915
0.948
0.868
0.907
0.915
0.806
0.845
0.929
0.936
0.949
0.925
0.862
0.867
0.848
0.957
0.980
0.978
0.939
0.944
0.982
0.949
0.962
0.955
0.889
0.978
0.936
0.945
0.965
0.926
0.922
0.866
0.902
0.947
0.853
0.942
0.958
0.942
0.949
0.941
0.954
0.960
0.964
0.901
0.930
0.959
0.926
0.944
0.948
0.981
0.881
0.763
0.743
0.824
0.863
0.915
0.858
0.873
0.868
0.968
0.968
0.919
0.897
0.960
0.963
0.973
0.947
0.903
0.924
0.970
0.981
0.866
0.865
0.935
0.969
0.980
0.941
0.944
0.895
0.959
0.936
0.953
0.906
0.861
0.900
0.948
0.946
0.976
0.861
0.949
0.930
0.963
0.977
0.960
0.969
0.938
0.957
0.941
0.964
0.954
0.937
0.891
0.917
0.871
0.963
0.875
0.937
0.793
0.800
0.929
0.940
0.965
0.970
0.958
0.961
0.819
0.839
0.908
0.952
0.854
0.875
0.933
0.934
0.917
0.955
0.941
0.980
0.933
0.866
0.957
0.919
0.948
0.926
0.829
0.888
0.918
0.775
0.651
0.647
0.576
0.544
0.638
0.697
0.854
0.770
0.881
0.916
0.965
0.962
0.980
0.948
0.951
0.934
0.952
0.878
0.964
0.876
0.764
0.927
0.926
0.861
0.764
0.773
0.733
0.711
0.604
0.642
0.730
0.870
0.764
0.760
0.824
0.832
0.969
0.976
0.934
0.731
0.798
0.762
0.765
0.817
0.857
0.725
0.698
0.682
0.580
0.665
0.735
0.920
0.957
0.713
0.702
0.714
0.699
0.757
0.841
0.771
0.703
0.707
0.886
0.723
0.668
0.656
0.643
0.596
0.643
0.755
0.583
0.445
0.448
0.586
0.698
0.529
0.587
0.682
0.582
0.528
0.537
0.622
0.637
0.471
0.475
0.599
0.687
0.568
0.668
0.867
0.861
0.876
0.778
0.694
0.652
0.407
0.478
0.464
0.529
0.557
0.628
0.674
0.830
0.658
0.600
0.733
0.729
0.694
0.627
0.752
0.681
0.875
0.687
0.596
0.625
0.541
0.715
0.586
0.495
0.444
0.476
0.452
0.465
0.465
0.730
0.573
0.710
0.598
0.465
0.401
0.425
0.471
0.552
0.626
0.622
0.634
0.648
0.616
0.584
0.566
0.536
0.549
0.482
0.447
0.386
0.457
0.546
0.519
0.561
0.703
0.798
0.680
0.804
0.869
0.818
0.685
0.662
0.860
0.811
0.702
0.559
0.532
0.557
0.548
0.695
0.581
0.580
0.786
0.569
0.643
0.773
0.820
0.553
0.671
0.910
0.725
0.851
0.641
0.728
0.670
0.700
0.639
0.726
0.693
0.858
0.675
0.810
0.930
0.896
0.912
0.950
0.930
0.853
0.789
0.885
0.941
0.821
0.897
0.958
0.970
0.903
0.767
0.647
0.647
0.642
0.674
0.836
0.786
0.831
0.846
0.869
0.979
0.931
0.877
0.765
0.913
0.951
0.879
0.895
0.974
0.895
0.847
0.819
0.925
0.885
0.765
0.847
0.780
0.895
0.946
0.957
0.951
0.933
0.885
0.972
0.918
0.909
0.882
0.798
0.855
0.900
0.917
0.956
0.894
0.860
0.826
0.784
0.903
0.932
0.913
0.926
0.907
0.760
0.929
0.891
0.913
0.900
0.792
0.856
0.802
0.705
0.742
0.791
0.779
0.854
0.889
0.943
0.893
0.970
0.953
0.831
0.874
0.786
0.933
0.952
0.792
0.873
0.924
0.951
0.896
0.906
0.963
0.864
0.831
0.936
0.853
0.812
0.815
0.928
0.964
0.951
0.955
0.969
0.974
0.968
0.981
0.978
0.953
0.847
0.847
0.850
0.941
0.897
0.923
0.926
0.976
0.880
0.909
0.841
0.847
0.976
0.894
0.788
0.814
0.727
0.819
0.872
0.932
0.914
0.932
0.974
0.921
0.898
0.925
0.961
0.959
0.822
0.820
0.848
0.927
0.950
0.919
0.951
0.874
0.931
0.978
0.854
0.836
0.878
0.931
0.854
0.898
0.868
0.961
0.974
0.955
0.891
0.934
0.967
0.921
0.942
0.979
0.926
0.977
0.879
0.837
0.943
0.783
0.900
0.822
0.951
0.964
0.897
0.788
0.732
0.812
0.902
0.955
0.922
0.969
0.833
0.740
0.854
0.868
0.919
0.928
0.928
0.866
0.808
0.849
0.907
0.941
0.944
0.956
0.912
0.785
0.740
0.713
0.630
0.858
0.721
0.862
0.768
0.954
0.879
0.928
0.864
0.885
0.896
0.917
0.969
0.804
0.732
0.864
0.719
0.749
0.663
0.576
0.647
0.656
0.695
0.708
0.640
0.725
0.829
0.772
0.740
0.790
0.954
0.961
0.890
0.680
0.693
0.651
0.661
0.796
0.727
0.615
0.606
0.610
0.663
0.552
0.599
0.613
0.622
0.580
0.575
0.648
0.835
0.931
0.543
0.510
0.522
0.624
0.660
0.642
0.604
0.718
0.787
0.752
0.622
0.445
0.365
0.376
0.364
0.406
0.465
0.462
0.445
0.540
0.536
0.486
0.477
0.456
0.643
0.581
0.570
0.636
0.498
0.374
0.367
0.362
0.381
0.516
0.720
0.687
0.744
0.711
0.564
0.587
0.633
0.577
0.466
0.428
0.445
0.618
0.742
0.753
0.710
0.611
0.582
0.568
0.611
0.644
0.548
0.579
0.627
0.605
0.475
0.518
0.528
0.498
0.533
0.412
0.405
0.451
0.454
0.507
0.490
0.441
0.345
0.468
0.436
0.435
0.457
0.556
0.578
0.626
0.784
0.713
0.705
0.537
0.640
0.747
0.689
0.975
0.738
0.687
0.849
0.674
0.905
0.715
0.577
0.576
0.737
0.841
0.872
0.919
0.691
0.600
0.502
0.472
0.538
0.689
0.758
0.850
0.722
0.715
0.927
0.928
0.822
0.870
0.748
0.712
0.827
0.787
0.973
0.726
0.796
0.669
0.746
0.697
0.626
0.562
0.704
0.913
0.806
0.697
0.675
0.756
0.780
0.817
0.879
0.830
0.718
0.626
0.819
0.865
0.845
0.787
0.909
0.738
0.866
0.925
0.786
0.758
0.927
0.802
0.827
0.908
0.878
0.723
0.810
0.919
0.762
0.824
0.964
0.734
0.740
0.764
0.938
0.776
0.873
0.754
0.622
0.589
0.869
0.702
0.869
0.917
0.929
0.854
0.798
0.888
0.745
0.583
0.588
0.811
0.820
0.713
0.685
0.701
0.596
0.613
0.675
0.642
0.599
0.553
0.586
0.724
0.589
0.527
0.473
0.539
0.866
0.917
0.884
0.951
0.940
0.937
0.736
0.916
0.705
0.793
0.775
0.862
0.934
0.949
0.931
0.960
0.966
0.865
0.911
0.865
0.937
0.905
0.934
0.969
0.920
0.937
0.904
0.919
0.958
0.966
0.970
0.884
0.901
0.909
0.901
0.936
0.845
0.864
0.845
0.955
0.848
0.734
0.625
0.597
0.889
0.868
0.849
0.941
0.891
0.904
0.894
0.958
0.915
0.908
0.918
0.931
0.933
0.960
0.913
0.909
0.918
0.974
0.969
0.897
0.758
0.762
0.876
0.892
0.803
0.877
0.958
0.955
0.970
0.935
0.936
0.878
0.761
0.651
0.796
0.932
0.901
0.870
0.918
0.901
0.915
0.958
0.887
0.915
0.856
0.774
0.846
0.855
0.871
0.762
0.889
0.886
0.938
0.923
0.722
0.857
0.857
0.909
0.888
0.730
0.716
0.685
0.781
0.925
0.964
0.960
0.914
0.831
0.802
0.925
0.782
0.632
0.609
0.882
0.767
0.711
0.665
0.713
0.834
0.976
0.866
0.747
0.618
0.544
0.638
0.722
0.687
0.824
0.724
0.723
0.717
0.677
0.874
0.824
0.956
0.904
0.810
0.744
0.850
0.723
0.881
0.817
0.670
0.619
0.598
0.617
0.551
0.611
0.699
0.676
0.820
0.883
0.856
0.883
0.755
0.628
0.610
0.635
0.502
0.546
0.510
0.539
0.596
0.601
0.621
0.616
0.545
0.561
0.619
0.557
0.605
0.519
0.560
0.489
0.538
0.544
0.686
0.608
0.524
0.607
0.571
0.588
0.835
0.701
0.714
0.833
0.969
0.685
0.721
0.893
0.661
0.557
0.497
0.467
0.546
0.497
0.686
0.854
0.752
0.849
0.879
0.635
0.638
0.627
0.674
0.723
0.611
0.614
0.895
0.672
0.769
0.950
0.956
0.630
0.720
0.692
0.844
0.630
0.541
0.649
0.626
0.656
0.919
0.844
0.788
0.648
0.622
0.672
0.548
0.550
0.601
0.540
0.460
0.464
0.809
0.947
0.749
0.874
0.934
0.865
0.570
0.594
0.586
0.479
0.629
0.564
0.848
0.909
0.723
0.569
0.548
0.694
0.535
0.478
0.420
0.397
0.423
0.588
0.789
0.629
0.550
0.774
0.652
0.486
0.454
0.560
0.766
0.691
0.891
0.689
0.755
0.634
0.622
0.516
0.912
0.967
0.959
0.903
0.937
0.926
0.936
0.846
0.855
0.916
0.796
0.816
0.738
0.638
0.602
0.948
0.914
0.883
0.794
0.850
0.775
0.946
0.868
0.836
0.925
0.906
0.938
0.718
0.684
0.906
0.890
0.887
0.898
0.949
0.879
0.880
0.909
0.962
0.971
0.937
0.834
0.748
0.685
0.695
0.907
0.957
0.933
0.868
0.902
0.924
0.882
0.927
0.924
0.859
0.922
0.828
0.871
0.878
0.981
0.918
0.841
0.912
0.823
0.870
0.913
0.891
0.914
0.899
0.957
0.947
0.965
0.913
0.876
0.904
0.934
0.929
0.946
0.979
0.857
0.961
0.896
0.881
0.933
0.929
0.972
0.975
0.861
0.876
0.905
0.924
0.950
0.981
0.876
0.826
0.980
0.933
0.922
0.969
0.833
0.907
0.918
0.944
0.951
0.940
0.877
0.974
0.934
0.981
0.977
0.962
0.911
0.983
0.859
0.803
0.893
0.967
0.916
0.920
0.905
0.915
0.967
0.969
0.975
0.930
0.979
0.901
0.982
0.891
0.882
0.924
0.968
0.866
0.872
0.883
0.967
0.960
0.924
0.945
0.896
0.963
0.942
0.952
0.918
0.883
0.983
0.905
0.866
0.909
0.901
0.953
0.966
0.952
0.950
0.979
0.937
0.951
0.923
0.946
0.902
0.896
0.840
0.958
0.971
0.980
0.937
0.963
0.875
0.900
0.796
0.910
0.890
0.961
0.967
0.959
0.881
0.820
0.724
0.798
0.906
0.942
0.792
0.761
0.754
0.760
0.735
0.865
0.836
0.881
0.903
0.953
0.975
0.975
0.958
0.768
0.847
0.726
0.831
0.844
0.875
0.798
0.843
0.847
0.884
0.922
0.961
0.941
0.825
0.730
0.664
0.671
0.943
0.947
0.977
0.944
0.764
0.700
0.623
0.750
0.831
0.966
0.918
0.859
0.889
0.734
0.825
0.854
0.750
0.832
0.901
0.869
0.794
0.733
0.748
0.798
0.730
0.710
0.847
0.698
0.954
0.721
0.653
0.742
0.694
0.584
0.636
0.595
0.622
0.551
0.537
0.576
0.592
0.605
0.664
0.620
0.683
0.938
0.770
0.662
0.686
0.576
0.508
0.475
0.499
0.534
0.603
0.672
0.919
0.764
0.677
0.649
0.601
0.583
0.591
0.800
0.970
0.732
0.676
0.675
0.845
0.706
0.642
0.609
0.695
0.688
0.806
0.723
0.639
0.518
0.449
0.508
0.553
0.535
0.476
0.608
0.565
0.605
0.800
0.845
0.680
0.733
0.583
0.544
0.634
0.878
0.638
0.683
0.562
0.559
0.600
0.593
0.514
0.490
0.587
0.884
0.665
0.530
0.513
0.693
0.669
0.699
0.646
0.507
0.496
0.646
0.590
0.509
0.525
0.596
0.769
0.818
0.863
0.609
0.595
0.624
0.574
0.878
0.750
0.877
0.680
0.796
0.840
0.937
0.785
0.680
0.905
0.915
0.751
0.928
0.930
0.979
0.797
0.872
0.795
0.619
0.513
0.568
0.923
0.873
0.883
0.918
0.942
0.972
0.900
0.822
0.922
0.898
0.882
0.937
0.678
0.671
0.696
0.679
0.870
0.829
0.979
0.971
0.899
0.738
0.707
0.894
0.898
0.849
0.841
0.846
0.911
0.971
0.853
0.874
0.860
0.922
0.789
0.648
0.872
0.811
0.898
0.969
0.951
0.793
0.957
0.967
0.968
0.913
0.853
0.854
0.929
0.932
0.857
0.665
0.643
0.643
0.733
0.687
0.664
0.647
0.827
0.971
0.893
0.868
0.937
0.961
0.951
0.853
0.942
0.852
0.942
0.873
0.911
0.778
0.811
0.928
0.927
0.906
0.866
0.893
0.944
0.896
0.956
0.932
0.893
0.956
0.952
0.898
0.910
0.966
0.964
0.888
0.887
0.972
0.982
0.913
0.973
0.949
0.959
0.971
0.878
0.803
0.954
0.953
0.902
0.912
0.952
0.884
0.919
0.944
0.959
0.864
0.946
0.908
0.951
0.874
0.917
0.947
0.977
0.829
0.774
0.733
0.763
0.666
0.679
0.800
0.895
0.922
0.849
0.928
0.877
0.931
0.953
0.969
0.957
0.957
0.952
0.955
0.940
0.952
0.968
0.971
0.957
0.967
0.938
0.909
0.921
0.949
0.905
0.954
0.880
0.912
0.963
0.980
0.889
0.902
0.968
0.964
0.980
0.936
0.943
0.964
0.897
0.957
0.951
0.936
0.952
0.962
0.897
0.914
0.888
0.924
0.957
0.959
0.961
0.946
0.944
0.959
0.915
0.894
0.948
0.946
0.946
0.959
0.968
0.969
0.935
0.983
0.981
0.866
0.759
0.759
0.797
0.788
0.842
0.918
0.893
0.881
0.922
0.889
0.956
0.919
0.876
0.937
0.917
0.934
0.949
0.948
0.939
0.927
0.960
0.806
0.823
0.879
0.966
0.856
0.771
0.739
0.875
0.870
0.906
0.892
0.857
0.821
0.935
0.852
0.862
0.925
0.879
0.832
0.880
0.919
0.720
0.620
0.661
0.698
0.676
0.867
0.821
0.935
0.944
0.856
0.664
0.738
0.913
0.761
0.631
0.625
0.695
0.737
0.666
0.657
0.740
0.748
0.633
0.623
0.666
0.675
0.801
0.856
0.894
0.928
0.780
0.762
0.751
0.645
0.720
0.693
0.598
0.536
0.603
0.586
0.570
0.535
0.532
0.607
0.628
0.775
0.707
0.647
0.561
0.601
0.693
0.549
0.536
0.469
0.475
0.401
0.417
0.513
0.432
0.461
0.332
0.462
0.657
0.605
0.677
0.591
0.655
0.580
0.519
0.511
0.429
0.545
0.512
0.528
0.544
0.406
0.341
0.494
0.552
0.598
0.499
0.559
0.906
0.908
0.831
0.650
0.590
0.651
0.636
0.602
0.618
0.572
0.623
0.813
0.675
0.550
0.639
0.771
0.772
0.906
0.749
0.819
0.731
0.705
0.709
0.590
0.681
0.634
0.755
0.967
0.870
0.765
0.703
0.489
0.512
0.609
0.681
0.816
0.815
0.631
0.686
0.535
0.626
0.605
0.563
0.779
0.805
0.791
0.920
0.937
0.941
0.711
0.647
0.923
0.725
0.699
0.569
0.728
0.621
0.747
0.641
0.605
0.752
0.555
0.569
0.589
0.596
0.621
0.975
0.740
0.643
0.664
0.813
0.763
0.752
0.918
0.849
0.960
0.851
0.957
0.937
0.955
0.924
0.951
0.946
0.803
0.924
0.949
0.900
0.956
0.957
0.821
0.942
0.942
0.945
0.914
0.884
0.788
0.836
0.763
0.886
0.969
0.976
0.971
0.840
0.942
0.880
0.948
0.848
0.810
0.826
0.942
0.786
0.851
0.806
0.843
0.695
0.695
0.700
0.655
0.709
0.779
0.917
0.836
0.898
0.941
0.836
0.921
0.844
0.911
0.917
0.825
0.913
0.853
0.788
0.909
0.916
0.871
0.870
0.816
0.791
0.833
0.962
0.828
0.741
0.943
0.796
0.684
0.760
0.736
0.958
0.895
0.864
0.927
0.883
0.918
0.846
0.899
0.918
0.804
0.762
0.764
0.884
0.829
0.899
0.953
0.909
0.885
0.962
0.965
0.967
0.961
0.957
0.968
0.935
0.902
0.966
0.932
0.911
0.974
0.978
0.979
0.938
0.855
0.861
0.957
0.853
0.829
0.922
0.916
0.854
0.834
0.924
0.830
0.889
0.857
0.880
0.913
0.880
0.884
0.950
0.951
0.978
0.875
0.940
0.951
0.904
0.878
0.924
0.934
0.956
0.758
0.684
0.776
0.867
0.939
0.834
0.917
0.957
0.962
0.786
0.746
0.867
0.818
0.807
0.872
0.870
0.910
0.961
0.954
0.913
0.975
0.897
0.843
0.902
0.899
0.907
0.784
0.794
0.737
0.919
0.849
0.868
0.961
0.971
0.971
0.962
0.919
0.853
0.979
0.912
0.945
0.884
0.859
0.687
0.673
0.765
0.753
0.901
0.894
0.957
0.940
0.901
0.883
0.808
0.858
0.948
0.936
0.898
0.934
0.897
0.749
0.801
0.677
0.678
0.684
0.650
0.808
0.878
0.760
0.673
0.664
0.634
0.709
0.866
0.979
0.931
0.902
0.926
0.812
0.751
0.871
0.891
0.913
0.747
0.765
0.850
0.918
0.842
0.791
0.917
0.904
0.846
0.765
0.828
0.845
0.813
0.799
0.641
0.773
0.616
0.622
0.591
0.552
0.669
0.711
0.705
0.633
0.634
0.665
0.741
0.731
0.676
0.590
0.755
0.697
0.730
0.613
0.546
0.627
0.623
0.579
0.727
0.663
0.761
0.633
0.590
0.639
0.488
0.465
0.521
0.599
0.409
0.477
0.413
0.438
0.338
0.372
0.313
0.381
0.678
0.519
0.497
0.414
0.489
0.519
0.419
0.498
0.492
0.580
0.621
0.838
0.758
0.653
0.658
0.743
0.846
0.841
0.600
0.480
0.482
0.751
0.616
0.481
0.562
0.545
0.605
0.739
0.572
0.578
0.579
0.604
0.582
0.605
0.608
0.716
0.445
0.503
0.490
0.695
0.705
0.878
0.749
0.903
0.930
0.859
0.840
0.806
0.707
0.668
0.673
0.674
0.670
0.702
0.689
0.521
0.610
0.596
0.812
0.921
0.815
0.968
0.845
0.619
0.529
0.561
0.845
0.725
0.657
0.659
0.544
0.571
0.884
0.730
0.896
0.920
0.878
0.873
0.909
0.777
0.748
0.953
0.807
0.893
0.835
0.786
0.769
0.849
0.689
0.676
0.941
0.678
0.623
0.674
0.863
0.925
0.954
0.890
0.896
0.865
0.931
0.961
0.936
0.888
0.914
0.912
0.959
0.901
0.896
0.928
0.976
0.960
0.899
0.670
0.765
0.760
0.905
0.925
0.969
0.949
0.937
0.957
0.960
0.901
0.945
0.934
0.867
0.946
0.853
0.847
0.792
0.888
0.869
0.954
0.888
0.937
0.847
0.935
0.848
0.928
0.922
0.957
0.951
0.934
0.968
0.940
0.836
0.929
0.960
0.971
0.851
0.901
0.934
0.943
0.975
0.975
0.939
0.881
0.751
0.879
0.921
0.877
0.895
0.972
0.827
0.962
0.961
0.980
0.944
0.956
0.955
0.980
0.963
0.940
0.960
0.858
0.874
0.952
0.956
0.890
0.961
0.949
0.916
0.913
0.977
0.967
0.871
0.936
0.945
0.971
0.984
0.887
0.954
0.973
0.887
0.860
0.830
0.900
0.842
0.949
0.954
0.913
0.963
0.940
0.909
0.936
0.975
0.946
0.889
0.828
0.955
0.976
0.983
0.906
0.940
0.963
0.972
0.939
0.981
0.979
0.881
0.925
0.972
0.899
0.879
0.932
0.947
0.938
0.964
0.954
0.949
0.875
0.975
0.844
0.789
0.744
0.838
0.850
0.917
0.918
0.949
0.971
0.895
0.963
0.979
0.923
0.929
0.845
0.731
0.680
0.730
0.900
0.973
0.918
0.921
0.966
0.865
0.902
0.958
0.955
0.893
0.936
0.956
0.905
0.815
0.910
0.930
0.873
0.929
0.899
0.936
0.928
0.848
0.825
0.930
0.945
0.982
0.814
0.739
0.758
0.733
0.760
0.726
0.662
0.697
0.748
0.733
0.791
0.814
0.755
0.895
0.959
0.902
0.787
0.849
0.784
0.867
0.743
0.717
0.795
0.792
0.828
0.839
0.974
0.834
0.663
0.679
0.720
0.666
0.677
0.665
0.694
0.743
0.737
0.624
0.657
0.643
0.576
0.624
0.571
0.527
0.634
0.632
0.538
0.571
0.707
0.550
0.519
0.632
0.646
0.553
0.606
0.723
0.716
0.570
0.565
0.593
0.561
0.522
0.544
0.476
0.610
0.684
0.876
0.823
0.668
0.699
0.717
0.676
0.557
0.661
0.625
0.638
0.770
0.873
0.826
0.729
0.868
0.726
0.766
0.667
0.636
0.615
0.832
0.784
0.784
0.659
0.537
0.534
0.713
0.730
0.608
0.757
0.764
0.810
0.580
0.742
0.586
0.532
0.496
0.511
0.468
0.547
0.575
0.539
0.455
0.534
0.589
0.643
0.672
0.672
0.698
0.781
0.631
0.543
0.587
0.606
0.531
0.624
0.591
0.685
0.688
0.644
0.683
0.765
0.677
0.598
0.641
0.542
0.518
0.733
0.866
0.947
0.578
0.666
0.862
0.693
0.702
0.793
0.874
0.844
0.819
0.848
0.887
0.762
0.928
0.901
0.858
0.798
0.676
0.761
0.752
0.838
0.745
0.909
0.817
0.964
0.704
0.775
0.921
0.803
0.625
0.572
0.666
0.846
0.933
0.701
0.776
0.970
0.677
0.785
0.927
0.964
0.931
0.859
0.752
0.674
0.931
0.961
0.943
0.865
0.906
0.967
0.927
0.969
0.951
0.845
0.906
0.933
0.826
0.898
0.869
0.967
0.865
0.789
0.679
0.669
0.757
0.669
0.625
0.681
0.737
0.921
0.940
0.911
0.936
0.911
0.831
0.823
0.913
0.820
0.920
0.951
0.884
0.749
0.831
0.852
0.935
0.889
0.957
0.960
0.913
0.905
0.881
0.954
0.971
0.951
0.773
0.809
0.792
0.893
0.958
0.940
0.971
0.861
0.901
0.790
0.876
0.805
0.832
0.847
0.751
0.669
0.785
0.804
0.972
0.857
0.922
0.916
0.963
0.916
0.910
0.951
0.968
0.947
0.902
0.894
0.926
0.965
0.977
0.895
0.957
0.982
0.976
0.980
0.944
0.871
0.958
0.968
0.959
0.938
0.882
0.975
0.975
0.928
0.921
0.956
0.960
0.973
0.930
0.910
0.978
0.952
0.967
0.960
0.958
0.937
0.966
0.953
0.981
0.964
0.828
0.927
0.942
0.963
0.922
0.947
0.894
0.806
0.771
0.702
0.575
0.670
0.706
0.858
0.963
0.874
0.882
0.971
0.894
0.954
0.950
0.959
0.952
0.949
0.946
0.971
0.933
0.921
0.937
0.936
0.955
0.962
0.932
0.948
0.963
0.967
0.872
0.958
0.956
0.970
0.971
0.924
0.961
0.790
0.705
0.914
0.962
0.879
0.884
0.922
0.965
0.919
0.895
0.893
0.938
0.967
0.954
0.932
0.911
0.812
0.838
0.967
0.806
0.749
0.763
0.816
0.859
0.915
0.787
0.788
0.983
0.857
0.938
0.925
0.818
0.957
0.971
0.973
0.967
0.941
0.847
0.932
0.894
0.908
0.852
0.885
0.938
0.801
0.903
0.798
0.843
0.724
0.685
0.709
0.770
0.752
0.706
0.886
0.707
0.635
0.635
0.647
0.670
0.573
0.627
0.567
0.628
0.644
0.626
0.750
0.632
0.603
0.685
0.733
0.677
0.614
0.794
0.757
0.649
0.604
0.607
0.617
0.521
0.584
0.647
0.677
0.609
0.531
0.634
0.689
0.929
0.935
0.831
0.881
0.936
0.940
0.786
0.806
0.567
0.521
0.503
0.481
0.549
0.515
0.601
0.610
0.848
0.814
0.864
0.946
0.855
0.744
0.730
0.692
0.621
0.595
0.581
0.545
0.539
0.606
0.606
0.541
0.523
0.479
0.571
0.546
0.594
0.628
0.671
0.580
0.512
0.489
0.770
0.729
0.635
0.634
0.871
0.893
0.753
0.527
0.463
0.429
0.703
0.691
0.724
0.575
0.783
0.902
0.801
0.728
0.667
0.488
0.555
0.571
0.522
0.494
0.493
0.851
0.688
0.560
0.568
0.506
0.546
0.572
0.674
0.537
0.506
0.460
0.625
0.628
0.550
0.593
0.662
0.674
0.886
0.676
0.560
0.583
0.539
0.649
0.748
0.814
0.639
0.748
0.653
0.724
0.762
0.674
0.957
0.688
0.502
0.485
0.535
0.509
0.586
0.593
0.773
0.780
0.585
0.802
0.658
0.974
0.754
0.913
0.863
0.914
0.842
0.944
0.886
0.885
0.958
0.855
0.882
0.730
0.889
0.946
0.908
0.793
0.909
0.890
0.865
0.688
0.601
0.571
0.669
0.690
0.646
0.868
0.904
0.946
0.940
0.971
0.879
0.886
0.889
0.936
0.916
0.971
0.830
0.850
0.863
0.810
0.814
0.816
0.843
0.940
0.942
0.889
0.853
0.830
0.907
0.906
0.840
0.811
0.942
0.896
0.835
0.935
0.948
0.930
0.906
0.901
0.931
0.964
0.872
0.912
0.977
0.948
0.884
0.961
0.830
0.919
0.786
0.767
0.907
0.881
0.803
0.790
0.841
0.892
0.900
0.907
0.783
0.941
0.849
0.950
0.935
0.812
0.770
0.867
0.916
0.845
0.803
0.877
0.935
0.891
0.837
0.858
0.838
0.868
0.872
0.976
0.879
0.964
0.976
0.863
0.917
0.941
0.938
0.921
0.938
0.974
0.839
0.875
0.907
0.953
0.957
0.916
0.867
0.884
0.924
0.907
0.948
0.946
0.926
0.923
0.898
0.834
0.795
0.872
0.960
0.964
0.935
0.932
0.968
0.969
0.863
0.766
0.931
0.973
0.896
0.928
0.922
0.873
0.899
0.917
0.899
0.951
0.944
0.960
0.958
0.958
0.879
0.919
0.950
0.980
0.940
0.842
0.934
0.861
0.871
0.916
0.926
0.973
0.832
0.883
0.962
0.941
0.931
0.853
0.804
0.803
0.826
0.888
0.864
0.977
0.892
0.929
0.970
0.871
0.675
0.570
0.541
0.573
0.592
0.649
0.683
0.729
0.948
0.960
0.973
0.881
0.944
0.953
0.848
0.761
0.824
0.709
0.683
0.722
0.763
0.749
0.868
0.876
0.857
0.873
0.958
0.812
0.784
0.700
0.760
0.790
0.845
0.822
0.772
0.907
0.888
0.745
0.781
0.857
0.738
0.658
0.689
0.689
0.774
0.724
0.736
0.724
0.672
0.693
0.705
0.633
0.608
0.865
0.759
0.647
0.641
0.557
0.662
0.661
0.700
0.619
0.741
0.896
0.844
0.790
0.670
0.815
0.740
0.909
0.759
0.684
0.635
0.570
0.556
0.476
0.504
0.650
0.666
0.605
0.690
0.708
0.742
0.722
0.980
0.705
0.659
0.568
0.520
0.529
0.511
0.505
0.596
0.675
0.607
0.603
0.627
0.581
0.500
0.457
0.362
0.530
0.710
0.532
0.615
0.395
0.380
0.362
0.442
0.561
0.612
0.678
0.600
0.521
0.534
0.653
0.857
0.614
0.517
0.511
0.542
0.401
0.463
0.468
0.532
0.710
0.672
0.480
0.507
0.538
0.436
0.352
0.498
0.598
0.642
0.616
0.794
0.658
0.563
0.479
0.493
0.463
0.500
0.499
0.576
0.725
0.551
0.554
0.508
0.401
0.511
0.592
0.576
0.656
0.916
0.967
0.857
0.596
0.525
0.578
0.695
0.821
0.929
0.760
0.913
0.946
0.933
0.976
0.784
0.910
0.934
0.960
0.894
0.975
0.926
0.913
0.784
0.683
0.861
0.896
0.951
0.858
0.900
0.928
0.717
0.918
0.900
0.766
0.848
0.816
0.934
0.786
0.859
0.951
0.924
0.903
0.768
0.826
0.854
0.847
0.899
0.923
0.958
0.963
0.933
0.916
0.847
0.887
0.962
0.783
0.946
0.926
0.913
0.757
0.644
0.619
0.844
0.690
0.702
0.810
0.916
0.786
0.673
0.761
0.878
0.834
0.761
0.970
0.932
0.856
0.788
0.918
0.942
0.736
0.839
0.788
0.881
0.867
0.967
0.968
0.836
0.981
0.978
0.976
0.847
0.898
0.899
0.965
0.973
0.960
0.971
0.977
0.932
0.973
0.982
0.911
0.977
0.965
0.941
0.925
0.954
0.965
0.970
0.975
0.948
0.965
0.961
0.974
0.964
0.925
0.958
0.940
0.924
0.970
0.978
0.973
0.963
0.978
0.917
0.967
0.926
0.972
0.968
0.908
0.928
0.867
0.949
0.817
0.919
0.957
0.963
0.943
0.843
0.821
0.722
0.644
0.718
0.774
0.887
0.965
0.965
0.969
0.924
0.879
0.846
0.757
0.787
0.957
0.925
0.953
0.927
0.959
0.938
0.964
0.935
0.936
0.860
0.907
0.875
0.963
0.976
0.971
0.971
0.912
0.971
0.975
0.973
0.968
0.949
0.972
0.935
0.967
0.907
0.954
0.968
0.981
0.898
0.801
0.827
0.823
0.858
0.939
0.865
0.926
0.943
0.965
0.959
0.971
0.981
0.930
0.965
0.939
0.917
0.886
0.882
0.928
0.962
0.964
0.966
0.964
0.971
0.902
0.973
0.952
0.982
0.902
0.929
0.940
0.811
0.782
0.759
0.866
0.821
0.913
0.861
0.908
0.923
0.899
0.909
0.864
0.792
0.893
0.910
0.907
0.820
0.920
0.840
0.805
0.875
0.916
0.916
0.895
0.899
0.766
0.829
0.904
0.855
0.862
0.973
0.978
0.868
0.842
0.950
0.867
0.740
0.910
0.864
0.938
0.911
0.913
0.863
0.807
0.822
0.898
0.918
0.783
0.764
0.690
0.666
0.738
0.701
0.665
0.752
0.733
0.831
0.825
0.938
0.796
0.706
0.739
0.666
0.681
0.708
0.665
0.684
0.614
0.642
0.573
0.581
0.595
0.530
0.523
0.484
0.462
0.531
0.589
0.506
0.634
0.688
0.649
0.542
0.503
0.532
0.649
0.731
0.503
0.513
0.577
0.642
0.684
0.487
0.499
0.476
0.444
0.465
0.451
0.413
0.408
0.515
0.756
0.646
0.593
0.619
0.569
0.530
0.468
0.477
0.509
0.526
0.492
0.642
0.524
0.520
0.533
0.445
0.524
0.537
0.791
0.739
0.669
0.673
0.839
0.754
0.690
0.507
0.560
0.566
0.525
0.661
0.835
0.700
0.668
0.654
0.676
0.726
0.669
0.483
0.440
0.424
0.441
0.633
0.598
0.511
0.597
0.662
0.673
0.573
0.473
0.478
0.588
0.672
0.704
0.614
0.568
0.463
0.518
0.656
0.503
0.572
0.554
0.574
0.763
0.627
0.524
0.502
0.528
0.570
0.666
0.914
0.637
0.555
0.857
0.964
0.787
0.601
0.609
0.672
0.596
0.738
0.743
0.690
0.633
0.635
0.884
0.858
0.835
0.904
0.927
0.897
0.811
0.791
0.763
0.652
0.737
0.914
0.766
0.922
0.700
0.715
0.924
0.979
0.944
0.849
0.796
0.659
0.783
0.903
0.945
0.963
0.955
0.885
0.928
0.963
0.961
0.917
0.791
0.858
0.722
0.687
0.730
0.726
0.598
0.688
0.660
0.572
0.533
0.704
0.601
0.559
0.579
0.543
0.584
0.577
0.772
0.841
0.702
0.692
0.693
0.724
0.867
0.779
0.943
0.963
0.960
0.779
0.769
0.903
0.788
0.813
0.875
0.899
0.964
0.915
0.930
0.927
0.919
0.882
0.889
0.760
0.787
0.934
0.934
0.820
0.836
0.886
0.760
0.617
0.733
0.893
0.938
0.892
0.949
0.952
0.866
0.949
0.968
0.819
0.894
0.903
0.977
0.958
0.909
0.800
0.849
0.964
0.921
0.802
0.929
0.965
0.943
0.945
0.914
0.894
0.936
0.772
0.773
0.849
0.903
0.829
0.918
0.855
0.754
0.868
0.918
0.965
0.860
0.944
0.933
0.927
0.906
0.874
0.957
0.858
0.941
0.937
0.956
0.954
0.949
0.976
0.966
0.965
0.944
0.936
0.930
0.961
0.953
0.927
0.894
0.888
0.954
0.970
0.949
0.918
0.968
0.979
0.887
0.957
0.970
0.951
0.972
0.967
0.979
0.907
0.937
0.907
0.891
0.936
0.965
0.953
0.916
0.951
0.917
0.946
0.915
0.909
0.908
0.904
0.918
0.954
0.959
0.913
0.892
0.921
0.822
0.766
0.724
0.769
0.808
0.758
0.781
0.888
0.948
0.837
0.791
0.765
0.750
0.894
0.933
0.963
0.892
0.835
0.935
0.953
0.838
0.763
0.743
0.752
0.653
0.716
0.718
0.862
0.951
0.910
0.922
0.892
0.919
0.851
0.825
0.772
0.682
0.703
0.805
0.792
0.939
0.831
0.874
0.734
0.762
0.958
0.952
0.816
0.741
0.734
0.736
0.877
0.942
0.926
0.970
0.799
0.730
0.778
0.805
0.781
0.704
0.760
0.724
0.767
0.735
0.913
0.834
0.723
0.626
0.634
0.563
0.600
0.678
0.656
0.640
0.608
0.801
0.718
0.664
0.677
0.706
0.717
0.706
0.736
0.754
0.800
0.763
0.620
0.729
0.662
0.600
0.589
0.719
0.678
0.614
0.627
0.637
0.511
0.528
0.561
0.454
0.550
0.526
0.504
0.348
0.400
0.401
0.449
0.502
0.582
0.463
0.503
0.433
0.449
0.521
0.481
0.493
0.525
0.436
0.661
0.659
0.637
0.602
0.653
0.548
0.512
0.544
0.546
0.659
0.627
0.559
0.533
0.415
0.477
0.506
0.574
0.535
0.522
0.515
0.744
0.629
0.607
0.796
0.593
0.530
0.603
0.465
0.459
0.452
0.559
0.480
0.549
0.518
0.563
0.626
0.602
0.499
0.521
0.545
0.620
0.662
0.626
0.601
0.750
0.741
0.698
0.613
0.614
0.669
0.642
0.688
0.640
0.802
0.694
0.574
0.550
0.565
0.577
0.541
0.610
0.515
0.630
0.759
0.585
0.511
0.511
0.613
0.876
0.894
0.706
0.724
0.844
0.677
0.707
0.635
0.589
0.662
0.627
0.585
0.485
0.590
0.625
0.750
0.683
0.884
0.613
0.554
0.612
0.753
0.606
0.560
0.490
0.631
0.630
0.517
0.543
0.785
0.881
0.693
0.570
0.761
0.563
0.663
0.938
0.852
0.752
0.812
0.691
0.821
0.679
0.581
0.574
0.654
0.703
0.682
0.781
0.961
0.894
0.928
0.945
0.907
0.973
0.859
0.975
0.898
0.976
0.982
0.929
0.826
0.880
0.951
0.929
0.961
0.879
0.909
0.831
0.835
0.761
0.776
0.730
0.730
0.716
0.809
0.950
0.781
0.909
0.845
0.872
0.868
0.965
0.870
0.974
0.859
0.846
0.923
0.767
0.821
0.928
0.923
0.825
0.907
0.977
0.970
0.887
0.891
0.939
0.975
0.963
0.930
0.966
0.930
0.869
0.963
0.916
0.944
0.922
0.832
0.696
0.684
0.817
0.939
0.941
0.847
0.963
0.943
0.960
0.977
0.912
0.966
0.905
0.952
0.980
0.955
0.866
0.896
0.981
0.958
0.955
0.974
0.976
0.860
0.924
0.942
0.960
0.939
0.924
0.840
0.934
0.894
0.952
0.898
0.871
0.872
0.779
0.852
0.843
0.865
0.727
0.872
0.861
0.933
0.941
0.947
0.761
0.842
0.848
0.915
0.870
0.902
0.907
0.904
0.973
0.824
0.926
0.848
0.867
0.950
0.956
0.946
0.982
0.963
0.832
0.787
0.930
0.902
0.857
0.890
0.858
0.945
0.815
0.759
0.729
0.918
0.895
0.926
0.892
0.833
0.767
0.836
0.829
0.800
0.900
0.834
0.788
0.924
0.869
0.916
0.875
0.765
0.719
0.703
0.726
0.713
0.706
0.916
0.936
0.766
0.721
0.683
0.624
0.674
0.709
0.664
0.637
0.749
0.732
0.660
0.596
0.723
0.795
0.919
0.702
0.845
0.740
0.849
0.855
0.755
0.735
0.702
0.879
0.744
0.727
0.746
0.761
0.786
0.878
0.823
0.788
0.754
0.691
0.738
0.768
0.797
0.695
0.647
0.716
0.668
0.651
0.568
0.590
0.525
0.500
0.524
0.578
0.485
0.507
0.411
0.430
0.440
0.522
0.507
0.509
0.591
0.631
0.690
0.681
0.547
0.623
0.534
0.510
0.469
0.454
0.511
0.608
0.510
0.603
0.749
0.713
0.659
0.660
0.602
0.549
0.572
0.581
0.662
0.815
0.641
0.502
0.641
0.806
0.724
0.873
0.759
0.904
0.795
0.634
0.976
0.691
0.545
0.476
0.570
0.539
0.782
0.702
0.581
0.563
0.667
0.633
0.647
0.591
0.481
0.514
0.549
0.675
0.725
0.800
0.585
0.729
0.532
0.487
0.494
0.696
0.664
0.699
0.689
0.904
0.813
0.887
0.813
0.762
0.650
0.675
0.634
0.637
0.953
0.711
0.683
0.660
0.767
0.860
0.970
0.957
0.940
0.918
0.812
0.873
0.754
0.967
0.804
0.601
0.591
0.689
0.954
0.754
0.666
0.620
0.890
0.750
0.944
0.938
0.978
0.800
0.842
0.819
0.649
0.864
0.773
0.928
0.869
0.884
0.922
0.970
0.963
0.840
0.941
0.936
0.930
0.754
0.934
0.917
0.829
0.960
0.899
0.918
0.941
0.920
0.936
0.941
0.950
0.957
0.949
0.938
0.960
0.971
0.977
0.895
0.710
0.931
0.911
0.929
0.963
0.966
0.897
0.859
0.719
0.677
0.607
0.556
0.641
0.808
0.905
0.909
0.726
0.653
0.590
0.618
0.619
0.746
0.873
0.977
0.918
0.774
0.883
0.855
0.836
0.927
0.891
0.940
0.932
0.909
0.931
0.968
0.924
0.965
0.907
0.910
0.771
0.897
0.934
0.972
0.911
0.951
0.952
0.929
0.939
0.961
0.956
0.968
0.936
0.953
0.912
0.939
0.921
0.976
0.881
0.975
0.969
0.906
0.742
0.840
0.856
0.937
0.919
0.929
0.905
0.979
0.906
0.930
0.934
0.951
0.931
0.851
0.966
0.962
0.969
0.851
0.895
0.947
0.969
0.963
0.978
0.977
0.941
0.969
0.918
0.956
0.920
0.966
0.957
0.947
0.894
0.932
0.960
0.864
0.923
0.939
0.949
0.963
0.966
0.954
0.888
0.851
0.823
0.923
0.947
0.980
0.974
0.958
0.911
0.959
0.971
0.964
0.972
0.969
0.979
0.957
0.955
0.959
0.975
0.880
0.882
0.907
0.961
0.871
0.885
0.885
0.945
0.901
0.954
0.930
0.952
0.908
0.806
0.885
0.881
0.902
0.871
0.798
0.765
0.907
0.907
0.933
0.926
0.950
0.825
0.877
0.850
0.744
0.725
0.808
0.907
0.940
0.937
0.861
0.809
0.940
0.836
0.812
0.866
0.866
0.878
0.935
0.820
0.901
0.905
0.787
0.828
0.760
0.804
0.722
0.753
0.898
0.858
0.713
0.618
0.611
0.584
0.594
0.611
0.673
0.630
0.676
0.829
0.941
0.760
0.729
0.851
0.747
0.770
0.784
0.931
0.793
0.794
0.716
0.664
0.827
0.875
0.661
0.697
0.869
0.840
0.836
0.693
0.582
0.644
0.665
0.678
0.830
0.748
0.662
0.685
0.725
0.720
0.601
0.614
0.796
0.744
0.610
0.568
0.531
0.545
0.595
0.501
0.585
0.645
0.652
0.526
0.609
0.761
0.653
0.704
0.725
0.582
0.525
0.634
0.611
0.645
0.601
0.616
0.532
0.542
0.820
0.676
0.712
0.810
0.808
0.699
0.512
0.612
0.554
0.539
0.457
0.742
0.753
0.707
0.572
0.600
0.644
0.728
0.675
0.603
0.539
0.720
0.893
0.658
0.702
0.566
0.469
0.366
0.434
0.508
0.706
0.853
0.668
0.684
0.870
0.755
0.771
0.850
0.642
0.584
0.594
0.694
0.822
0.682
0.844
0.862
0.848
0.612
0.630
0.896
0.840
0.961
0.792
0.692
0.864
0.980
0.864
0.860
0.759
0.862
0.824
0.961
0.946
0.962
0.979
0.924
0.979
0.922
0.875
0.898
0.794
0.689
0.756
0.954
0.940
0.858
0.968
0.974
0.891
0.880
0.903
0.888
0.823
0.805
0.892
0.947
0.918
0.747
0.844
0.648
0.756
0.851
0.929
0.901
0.854
0.875
0.867
0.920
0.836
0.887
0.922
0.765
0.687
0.738
0.900
0.874
0.956
0.938
0.787
0.844
0.903
0.967
0.915
0.969
0.877
0.964
0.980
0.948
0.949
0.916
0.959
0.939
0.946
0.841
0.845
0.797
0.790
0.861
0.765
0.667
0.811
0.882
0.851
0.701
0.826
0.880
0.797
0.875
0.963
0.780
0.775
0.905
0.887
0.799
0.898
0.925
0.873
0.867
0.852
0.841
0.971
0.843
0.824
0.858
0.953
0.889
0.879
0.886
0.937
0.920
0.971
0.905
0.890
0.922
0.955
0.977
0.893
0.901
0.925
0.939
0.959
0.926
0.899
0.940
0.940
0.917
0.833
0.914
0.948
0.868
0.877
0.937
0.956
0.918
0.966
0.976
0.874
0.945
0.936
0.962
0.967
0.941
0.901
0.911
0.923
0.946
0.934
0.961
0.916
0.873
0.950
0.971
0.976
0.838
0.830
0.899
0.941
0.960
0.804
0.881
0.835
0.884
0.907
0.966
0.885
0.883
0.852
0.980
0.906
0.922
0.954
0.954
0.978
0.929
0.964
0.972
0.972
0.927
0.775
0.696
0.831
0.861
0.809
0.890
0.928
0.953
0.899
0.958
0.949
0.925
0.938
0.980
0.857
0.774
0.911
0.961
0.980
0.925
0.903
0.967
0.937
0.980
0.851
0.779
0.932
0.848
0.945
0.892
0.955
0.880
0.940
0.834
0.855
0.869
0.784
0.775
0.841
0.867
0.884
0.879
0.885
0.970
0.976
0.947
0.937
0.969
0.951
0.947
0.896
0.917
0.950
0.974
0.972
0.941
0.937
0.887
0.847
0.791
0.761
0.922
0.890
0.752
0.824
0.850
0.757
0.872
0.920
0.906
0.761
0.841
0.966
0.828
0.840
0.933
0.848
0.915
0.767
0.753
0.843
0.746
0.702
0.717
0.700
0.832
0.883
0.778
0.804
0.858
0.742
0.652
0.634
0.663
0.529
0.517
0.551
0.627
0.636
0.717
0.687
0.748
0.691
0.695
0.660
0.590
0.576
0.616
0.629
0.546
0.564
0.565
0.688
0.702
0.667
0.777
0.724
0.824
0.845
0.831
0.690
0.664
0.621
0.545
0.642
0.690
0.714
0.707
0.577
0.624
0.647
0.716
0.896
0.829
0.877
0.626
0.542
0.455
0.407
0.462
0.508
0.470
0.495
0.521
0.659
0.570
0.684
0.608
0.639
0.836
0.937
0.713
0.691
0.625
0.595
0.512
0.578
0.653
0.749
0.649
0.664
0.718
0.971
0.675
0.601
0.650
0.694
0.824
0.907
0.951
0.916
0.831
0.787
0.856
0.717
0.894
0.897
0.880
0.841
0.810
0.787
0.876
0.743
0.660
0.688
0.607
0.536
0.578
0.566
0.620
0.789
0.797
0.662
0.675
0.672
0.612
0.553
0.616
0.880
0.688
0.801
0.908
0.958
0.981
0.986
0.751
0.646
0.951
0.772
0.822
0.625
0.909
0.859
0.811
0.825
0.959
0.856
0.755
0.657
0.596
0.785
0.928
0.919
0.709
0.906
0.781
0.855
0.962
0.859
0.903
0.864
0.687
0.856
0.900
0.701
0.903
0.863
0.942
0.845
0.873
0.819
0.855
0.931
0.979
0.941
0.900
0.926
0.966
0.940
0.939
0.972
0.842
0.845
0.874
0.803
0.828
0.906
0.837
0.797
0.696
0.788
0.970
0.863
0.969
0.921
0.833
0.927
0.901
0.940
0.949
0.965
0.931
0.926
0.924
0.879
0.919
0.782
0.827
0.855
0.852
0.838
0.868
0.890
0.773
0.731
0.891
0.840
0.825
0.789
0.833
0.777
0.655
0.860
0.782
0.803
0.827
0.793
0.792
0.948
0.915
0.910
0.951
0.971
0.929
0.902
0.801
0.835
0.887
0.933
0.946
0.916
0.966
0.965
0.939
0.914
0.827
0.691
0.677
0.567
0.846
0.880
0.805
0.887
0.877
0.953
0.822
0.908
0.977
0.935
0.902
0.867
0.880
0.918
0.951
0.948
0.886
0.910
0.879
0.911
0.934
0.909
0.921
0.965
0.928
0.938
0.971
0.971
0.956
0.946
0.973
0.968
0.961
0.956
0.974
0.967
0.960
0.949
0.949
0.964
0.858
0.877
0.909
0.887
0.961
0.920
0.955
0.958
0.939
0.918
0.893
0.880
0.956
0.967
0.965
0.909
0.957
0.930
0.964
0.967
0.892
0.913
0.914
0.872
0.937
0.961
0.902
0.903
0.967
0.914
0.860
0.813
0.764
0.752
0.845
0.749
0.747
0.800
0.953
0.908
0.790
0.762
0.884
0.838
0.828
0.850
0.795
0.867
0.927
0.944
0.977
0.896
0.804
0.764
0.888
0.834
0.928
0.962
0.885
0.807
0.746
0.843
0.918
0.915
0.903
0.953
0.873
0.840
0.825
0.783
0.689
0.686
0.735
0.696
0.957
0.892
0.924
0.919
0.924
0.902
0.802
0.842
0.845
0.854
0.878
0.773
0.899
0.963
0.807
0.845
0.895
0.795
0.765
0.795
0.820
0.816
0.819
0.775
0.805
0.844
0.952
0.913
0.905
0.829
0.834
0.856
0.754
0.778
0.767
0.888
0.930
0.782
0.749
0.692
0.689
0.657
0.614
0.676
0.646
0.676
0.615
0.646
0.640
0.807
0.632
0.542
0.523
0.541
0.596
0.496
0.663
0.638
0.726
0.759
0.698
0.760
0.612
0.606
0.708
0.820
0.745
0.658
0.842
0.798
0.806
0.874
0.785
0.662
0.675
0.697
0.912
0.677
0.665
0.844
0.690
0.797
0.916
0.649
0.582
0.676
0.512
0.436
0.542
0.543
0.798
0.633
0.634
0.657
0.528
0.759
0.570
0.617
0.817
0.790
0.848
0.791
0.663
0.777
0.727
0.941
0.922
0.873
0.911
0.816
0.834
0.706
0.921
0.836
0.947
0.941
0.733
0.877
0.809
0.916
0.710
0.712
0.592
0.888
0.780
0.797
0.822
0.769
0.628
0.591
0.638
0.955
0.823
0.867
0.924
0.939
0.970
0.978
0.868
0.943
0.937
0.964
0.778
0.697
0.666
0.712
0.935
0.940
0.888
0.944
0.902
0.849
0.898
0.967
0.928
0.911
0.895
0.856
0.790
0.946
0.895
0.697
0.797
0.678
0.791
0.912
0.880
0.880
0.926
0.966
0.871
0.753
0.793
0.895
0.869
0.922
0.874
0.859
0.814
0.825
0.928
0.737
0.816
0.963
0.946
0.934
0.928
0.926
0.839
0.812
0.968
0.982
0.959
0.901
0.882
0.947
0.895
0.924
0.935
0.930
0.900
0.897
0.947
0.891
0.744
0.822
0.927
0.827
0.892
0.817
0.725
0.811
0.938
0.887
0.876
0.914
0.836
0.901
0.869
0.828
0.832
0.864
0.896
0.910
0.947
0.904
0.958
0.931
0.977
0.862
0.850
0.825
0.951
0.977
0.921
0.935
0.898
0.907
0.981
0.963
0.927
0.961
0.843
0.899
0.835
0.924
0.914
0.883
0.898
0.938
0.884
0.835
0.848
0.845
0.876
0.967
0.960
0.961
0.941
0.944
0.855
0.896
0.906
0.924
0.922
0.879
0.924
0.809
0.815
0.892
0.937
0.923
0.895
0.911
0.924
0.964
0.883
0.966
0.847
0.896
0.865
0.919
0.920
0.908
0.955
0.935
0.824
0.836
0.907
0.978
0.976
0.884
0.952
0.890
0.936
0.919
0.857
0.875
0.879
0.851
0.941
0.909
0.919
0.928
0.956
0.924
0.969
0.878
0.942
0.930
0.967
0.954
0.841
0.846
0.885
0.828
0.722
0.726
0.753
0.741
0.876
0.847
0.951
0.952
0.902
0.911
0.868
0.936
0.749
0.777
0.762
0.817
0.845
0.753
0.824
0.849
0.843
0.840
0.740
0.710
0.807
0.906
0.868
0.914
0.926
0.852
0.846
0.876
0.802
0.889
0.915
0.875
0.738
0.687
0.673
0.671
0.835
0.835
0.732
0.782
0.925
0.813
0.694
0.598
0.722
0.715
0.830
0.816
0.803
0.793
0.710
0.699
0.705
0.845
0.838
0.922
0.857
0.692
0.855
0.671
0.605
0.689
0.785
0.667
0.580
0.619
0.611
0.553
0.631
0.668
0.553
0.613
0.666
0.742
0.688
0.759
0.682
0.653
0.655
0.587
0.551
0.618
0.558
0.604
0.606
0.552
0.614
0.472
0.568
0.566
0.627
0.626
0.563
0.538
0.513
0.446
0.431
0.420
0.433
0.547
0.525
0.389
0.467
0.509
0.463
0.710
0.939
0.741
0.763
0.582
0.488
0.648
0.708
0.735
0.673
0.596
0.573
0.572
0.607
0.529
0.573
0.514
0.594
0.564
0.554
0.482
0.545
0.681
0.824
0.665
0.706
0.737
0.646
0.542
0.544
0.516
0.503
0.526
0.458
0.484
0.533
0.489
0.459
0.411
0.513
0.587
0.516
0.559
0.551
0.643
0.596
0.462
0.375
0.447
0.632
0.638
0.708
0.822
0.893
0.737
0.636
0.605
0.659
0.619
0.976
0.946
0.823
0.946
0.777
0.703
0.658
0.588
0.640
0.885
0.915
0.928
0.816
0.807
0.850
0.951
0.891
0.809
0.780
0.877
0.892
0.899
0.760
0.947
0.888
0.876
0.642
0.897
0.890
0.916
0.704
0.805
0.860
0.919
0.917
0.966
0.923
0.943
0.836
0.698
0.818
0.903
0.785
0.669
0.588
0.626
0.690
0.974
0.907
0.855
0.893
0.874
0.867
0.908
0.953
0.933
0.747
0.886
0.931
0.912
0.917
0.939
0.958
0.928
0.965
0.898
0.962
0.881
0.907
0.957
0.921
0.980
0.935
0.726
0.757
0.694
0.742
0.643
0.605
0.627
0.718
0.901
0.963
0.947
0.867
0.731
0.795
0.877
0.857
0.961
0.961
0.922
0.962
0.949
0.974
0.938
0.901
0.957
0.956
0.932
0.946
0.951
0.949
0.921
0.943
0.952
0.975
0.920
0.960
0.952
0.958
0.963
0.959
0.964
0.882
0.808
0.793
0.965
0.966
0.859
0.914
0.966
0.962
0.898
0.861
0.918
0.959
0.975
0.969
0.916
0.845
0.964
0.959
0.950
0.886
0.976
0.958
0.953
0.926
0.972
0.933
0.973
0.929
0.911
0.947
0.967
0.971
0.919
0.947
0.930
0.926
0.926
0.957
0.959
0.947
0.963
0.969
0.978
0.982
0.863
0.911
0.892
0.978
0.980
0.923
0.919
0.886
0.974
0.885
0.935
0.971
0.952
0.899
0.976
0.923
0.929
0.790
0.906
0.924
0.950
0.967
0.955
0.980
0.963
0.825
0.791
0.756
0.766
0.924
0.830
0.964
0.860
0.960
0.844
0.901
0.819
0.856
0.903
0.788
0.699
0.676
0.726
0.847
0.947
0.689
0.626
0.609
0.613
0.562
0.539
0.557
0.644
0.665
0.647
0.713
0.824
0.956
0.888
0.936
0.951
0.792
0.715
0.732
0.723
0.756
0.904
0.911
0.899
0.927
0.841
0.905
0.795
0.797
0.881
0.948
0.763
0.706
0.730
0.792
0.909
0.871
0.906
0.763
0.732
0.666
0.795
0.745
0.789
0.804
0.861
0.737
0.719
0.676
0.703
0.651
0.668
0.662
0.711
0.747
0.623
0.554
0.534
0.414
0.485
0.572
0.644
0.648
0.563
0.655
0.643
0.681
0.942
0.813
0.628
0.546
0.572
0.605
0.552
0.564
0.820
0.806
0.719
0.741
0.682
0.651
0.668
0.722
0.746
0.661
0.588
0.743
0.679
0.549
0.579
0.518
0.561
0.577
0.598
0.639
0.664
0.579
0.511
0.692
0.682
0.628
0.654
0.747
0.621
0.782
0.824
0.654
0.548
0.478
0.466
0.612
0.693
0.878
0.831
0.721
0.775
0.761
0.624
0.565
0.632
0.559
0.404
0.451
0.458
0.573
0.592
0.817
0.670
0.725
0.647
0.499
0.421
0.503
0.715
0.855
0.603
0.556
0.517
0.602
0.636
0.878
0.668
0.636
0.554
0.541
0.605
0.658
0.714
0.733
0.923
0.844
0.922
0.789
0.665
0.870
0.757
0.905
0.888
0.834
0.881
0.939
0.949
0.932
0.946
0.678
0.817
0.928
0.826
0.759
0.598
0.606
0.724
0.578
0.747
0.853
0.931
0.911
0.776
0.916
0.871
0.963
0.845
0.826
0.951
0.924
0.879
0.963
0.966
0.784
0.648
0.634
0.537
0.815
0.874
0.927
0.894
0.859
0.734
0.594
0.712
0.803
0.876
0.959
0.941
0.928
0.879
0.832
0.832
0.867
0.962
0.906
0.935
0.981
0.916
0.872
0.970
0.961
0.868
0.968
0.913
0.914
0.829
0.914
0.966
0.965
0.896
0.955
0.939
0.887
0.798
0.770
0.735
0.913
0.954
0.911
0.893
0.880
0.898
0.957
0.958
0.958
0.879
0.791
0.862
0.823
0.910
0.975
0.867
0.928
0.945
0.866
0.939
0.957
0.934
0.945
0.870
0.850
0.871
0.961
0.971
0.893
0.906
0.923
0.870
0.893
0.845
0.892
0.749
0.747
0.726
0.832
0.934
0.831
0.768
0.723
0.657
0.755
0.859
0.875
0.948
0.910
0.830
0.931
0.699
0.761
0.692
0.657
0.876
0.924
0.762
0.833
0.944
0.928
0.880
0.885
0.894
0.879
0.888
0.923
0.919
0.962
0.952
0.956
0.964
0.917
0.943
0.929
0.911
0.957
0.974
0.818
0.829
0.885
0.973
0.945
0.976
0.799
0.862
0.945
0.981
0.976
0.943
0.866
0.954
0.979
0.958
0.911
0.951
0.973
0.961
0.867
0.919
0.947
0.965
0.947
0.973
0.975
0.913
0.941
0.900
0.910
0.888
0.950
0.925
0.917
0.915
0.918
0.936
0.912
0.934
0.947
0.963
0.967
0.946
0.912
0.880
0.799
0.742
0.853
0.916
0.946
0.951
0.957
0.885
0.888
0.943
0.960
0.854
0.780
0.758
0.742
0.818
0.862
0.866
0.961
0.876
0.940
0.968
0.947
0.958
0.938
0.894
0.817
0.774
0.792
0.753
0.728
0.851
0.771
0.784
0.802
0.822
0.914
0.788
0.721
0.747
0.901
0.786
0.700
0.817
0.805
0.841
0.821
0.814
0.800
0.806
0.855
0.795
0.786
0.897
0.816
0.695
0.830
0.745
0.725
0.604
0.533
0.559
0.647
0.673
0.654
0.617
0.750
0.746
0.873
0.777
0.811
0.904
0.854
0.904
0.938
0.901
0.735
0.826
0.931
0.875
0.794
0.941
0.759
0.733
0.668
0.734
0.727
0.718
0.845
0.578
0.555
0.490
0.603
0.580
0.623
0.613
0.615
0.608
0.562
0.614
0.631
0.691
0.503
0.672
0.829
0.703
0.623
0.545
0.513
0.713
0.703
0.571
0.471
0.417
0.444
0.501
0.457
0.491
0.556
0.652
0.825
0.952
0.838
0.753
0.626
0.536
0.553
0.593
0.762
0.835
0.775
0.664
0.712
0.657
0.677
0.604
0.560
0.589
0.611
0.711
0.657
0.730
0.640
0.557
0.581
0.888
0.633
0.552
0.584
0.765
0.542
0.501
0.486
0.585
0.630
0.901
0.544
0.480
0.607
0.618
0.551
0.874
0.954
0.747
0.718
0.648
0.628
0.931
0.829
0.962
0.922
0.944
0.941
0.975
0.948
0.943
0.835
0.873
0.921
0.806
0.813
0.918
0.939
0.900
0.850
0.655
0.550
0.774
0.867
0.972
0.842
0.902
0.859
0.898
0.756
0.704
0.719
0.951
0.945
0.927
0.849
0.897
0.978
0.835
0.763
0.895
0.855
0.961
0.814
0.792
0.898
0.833
0.756
0.787
0.806
0.936
0.927
0.912
0.923
0.929
0.942
0.918
0.850
0.735
0.668
0.944
0.919
0.911
0.948
0.929
0.959
0.917
0.974
0.892
0.801
0.872
0.929
0.939
0.898
0.962
0.907
0.941
0.968
0.950
0.957
0.944
0.947
0.978
0.928
0.949
0.913
0.934
0.920
0.936
0.876
0.887
0.921
0.961
0.948
0.978
0.980
0.959
0.914
0.952
0.916
0.963
0.966
0.955
0.949
0.964
0.971
0.904
0.931
0.832
0.902
0.879
0.927
0.883
0.816
0.806
0.910
0.893
0.896
0.922
0.916
0.960
0.940
0.958
0.947
0.934
0.922
0.878
0.955
0.945
0.960
0.974
0.960
0.956
0.940
0.912
0.964
0.975
0.900
0.866
0.866
0.968
0.974
0.863
0.814
0.913
0.970
0.889
0.957
0.901
0.940
0.969
0.955
0.879
0.979
0.981
0.887
0.974
0.897
0.909
0.972
0.964
0.968
0.940
0.922
0.922
0.969
0.972
0.972
0.921
0.902
0.972
0.929
0.845
0.962
0.978
0.952
0.963
0.890
0.890
0.915
0.919
0.871
0.971
0.859
0.941
0.946
0.949
0.972
0.970
0.942
0.880
0.880
0.956
0.929
0.960
0.962
0.958
0.962
0.966
0.938
0.970
0.918
0.842
0.966
0.957
0.754
0.696
0.707
0.734
0.745
0.771
0.913
0.978
0.971
0.974
0.907
0.840
0.860
0.783
0.929
0.967
0.879
0.932
0.960
0.946
0.917
0.909
0.924
0.887
0.904
0.969
0.958
0.978
0.933
0.808
0.774
0.738
0.702
0.669
0.728
0.850
0.919
0.891
0.883
0.920
0.955
0.948
0.901
0.907
0.932
0.835
0.733
0.675
0.744
0.843
0.941
0.935
0.816
0.749
0.768
0.752
0.651
0.735
0.705
0.620
0.621
0.650
0.698
0.671
0.737
0.889
0.766
0.683
0.845
0.883
0.818
0.840
0.765
0.875
0.764
0.719
0.675
0.681
0.821
0.846
0.911
0.873
0.844
0.931
0.819
0.824
0.760
0.812
0.902
0.813
0.792
0.826
0.845
0.820
0.838
0.837
0.892
0.762
0.902
0.759
0.781
0.737
0.660
0.680
0.694
0.644
0.457
0.499
0.663
0.785
0.843
0.772
0.651
0.523
0.510
0.711
0.712
0.543
0.525
0.572
0.591
0.550
0.635
0.747
0.793
0.873
0.951
0.930
0.794
0.684
0.696
0.732
0.601
0.623
0.861
0.853
0.760
0.798
0.784
0.687
0.586
0.948
0.864
0.704
0.656
0.629
0.893
0.823
0.747
0.738
0.835
0.810
0.625
0.546
0.648
0.706
0.954
0.857
0.672
0.604
0.742
0.695
0.718
0.923
0.781
0.929
0.874
0.886
0.843
0.922
0.980
0.955
0.894
0.863
0.843
0.699
0.937
0.944
0.935
0.916
0.889
0.670
0.851
0.923
0.958
0.943
0.684
0.621
0.689
0.698
0.621
0.879
0.797
0.870
0.954
0.973
0.849
0.923
0.971
0.777
0.693
0.920
0.707
0.914
0.957
0.974
0.965
0.957
0.954
0.943
0.959
0.936
0.883
0.906
0.802
0.914
0.895
0.884
0.899
0.870
0.965
0.900
0.957
0.952
0.884
0.962
0.960
0.838
0.796
0.871
0.966
0.960
0.928
0.950
0.959
0.961
0.830
0.777
0.791
0.847
0.752
0.948
0.976
0.970
0.963
0.969
0.976
0.929
0.908
0.965
0.970
0.946
0.977
0.981
0.939
0.887
0.941
0.889
0.928
0.927
0.966
0.954
0.886
0.888
0.889
0.844
0.863
0.905
0.925
0.964
0.977
0.977
0.931
0.896
0.967
0.965
0.916
0.930
0.960
0.951
0.917
0.901
0.866
0.947
0.959
0.981
0.855
0.823
0.862
0.915
0.970
0.979
0.973
0.981
0.951
0.967
0.916
0.963
0.962
0.969
0.981
0.882
0.964
0.978
0.969
0.932
0.925
0.954
0.965
0.952
0.957
0.928
0.966
0.977
0.971
0.962
0.979
0.926
0.880
0.959
0.974
0.957
0.954
0.952
0.951
0.896
0.960
0.950
0.962
0.944
0.973
0.970
0.955
0.913
0.928
0.922
0.899
0.956
0.966
0.944
0.973
0.941
0.920
0.965
0.968
0.952
0.972
0.969
0.899
0.971
0.890
0.944
0.967
0.968
0.965
0.922
0.938
0.892
0.965
0.976
0.936
0.975
0.974
0.970
0.928
0.958
0.913
0.950
0.953
0.933
0.930
0.936
0.822
0.911
0.942
0.955
0.939
0.957
0.952
0.951
0.885
0.907
0.887
0.910
0.948
0.932
0.980
0.914
0.906
0.964
0.888
0.968
0.971
0.909
0.958
0.980
0.872
0.764
0.739
0.775
0.771
0.808
0.858
0.933
0.948
0.918
0.748
0.719
0.751
0.912
0.916
0.928
0.926
0.968
0.926
0.906
0.938
0.938
0.944
0.937
0.876
0.822
0.734
0.920
0.884
0.810
0.908
0.912
0.927
0.904
0.940
0.883
0.932
0.811
0.834
0.836
0.943
0.897
0.796
0.757
0.662
0.688
0.633
0.694
0.812
0.852
0.891
0.911
0.958
0.811
0.944
0.788
0.736
0.907
0.786
0.817
0.865
0.878
0.802
0.720
0.546
0.743
0.696
0.761
0.923
0.725
0.638
0.606
0.544
0.575
0.660
0.639
0.846
0.775
0.763
0.832
0.878
0.726
0.747
0.917
0.924
0.907
0.804
0.718
0.713
0.721
0.732
0.724
0.850
0.857
0.748
0.691
0.557
0.486
0.637
0.868
0.866
0.692
0.558
0.548
0.569
0.658
0.977
0.792
0.933
0.738
0.782
0.929
0.895
0.954
0.900
0.753
0.658
0.798
0.847
0.857
0.661
0.599
0.696
0.906
0.824
0.815
0.855
0.895
0.947
0.708
0.531
0.850
0.752
0.762
0.902
0.807
0.949
0.967
0.808
0.686
0.966
0.902
0.923
0.862
0.836
0.955
0.774
0.712
0.956
0.791
0.684
0.782
0.822
0.934
0.777
0.885
0.823
0.891
0.944
0.915
0.843
0.913
0.917
0.887
0.662
0.629
0.789
0.977
0.915
0.935
0.684
0.910
0.912
0.975
0.976
0.858
0.871
0.872
0.914
0.942
0.966
0.960
0.901
0.944
0.937
0.771
0.739
0.676
0.791
0.866
0.912
0.961
0.914
0.971
0.960
0.929
0.919
0.913
0.901
0.929
0.882
0.963
0.918
0.967
0.972
0.967
0.967
0.960
0.941
0.922
0.702
0.696
0.687
0.651
0.624
0.898
0.943
0.879
0.713
0.864
0.952
0.888
0.934
0.803
0.675
0.713
0.845
0.900
0.841
0.908
0.909
0.904
0.926
0.974
0.915
0.903
0.917
0.967
0.891
0.948
0.949
0.917
0.969
0.961
0.926
0.965
0.972
0.975
0.947
0.967
0.927
0.969
0.858
0.900
0.880
0.848
0.848
0.910
0.972
0.960
0.924
0.913
0.934
0.904
0.948
0.946
0.937
0.886
0.899
0.942
0.961
0.982
0.909
0.940
0.903
0.949
0.928
0.955
0.907
0.950
0.889
0.968
0.919
0.930
0.966
0.943
0.961
0.933
0.930
0.935
0.932
0.900
0.860
0.840
0.952
0.962
0.922
0.970
0.963
0.958
0.959
0.970
0.906
0.757
0.882
0.913
0.941
0.847
0.788
0.731
0.687
0.657
0.626
0.669
0.799
0.952
0.928
0.918
0.874
0.962
0.950
0.951
0.861
0.907
0.848
0.799
0.903
0.923
0.965
0.916
0.943
0.979
0.965
0.774
0.872
0.945
0.947
0.854
0.941
0.969
0.975
0.833
0.676
0.653
0.648
0.659
0.631
0.620
0.841
0.859
0.938
0.906
0.877
0.761
0.731
0.757
0.906
0.979
0.959
0.917
0.784
0.822
0.945
0.756
0.749
0.831
0.894
0.950
0.868
0.847
0.813
0.792
0.763
0.715
0.712
0.728
0.717
0.856
0.725
0.792
0.885
0.902
0.875
0.897
0.812
0.771
0.759
0.840
0.794
0.657
0.684
0.601
0.616
0.653
0.632
0.606
0.611
0.686
0.745
0.862
0.923
0.926
0.921
0.799
0.796
0.785
0.960
0.859
0.889
0.790
0.907
0.765
0.699
0.700
0.655
0.863
0.708
0.673
0.913
0.762
0.649
0.611
0.579
0.707
0.729
0.837
0.699
0.569
0.513
0.544
0.536
0.598
0.493
0.524
0.504
0.551
0.582
0.517
0.468
0.503
0.587
0.585
0.427
0.371
0.473
0.469
0.491
0.471
0.551
0.551
0.652
0.779
0.778
0.711
0.941
0.813
0.917
0.786
0.857
0.903
0.745
0.528
0.451
0.515
0.568
0.601
0.516
0.496
0.780
0.941
0.697
0.625
0.631
0.708
0.606
0.658
0.821
0.625
0.646
0.794
0.586
0.478
0.471
0.535
0.659
0.477
0.568
0.694
0.633
0.633
0.645
0.620
0.843
0.890
0.781
0.941
0.829
0.660
0.720
0.786
0.949
0.831
0.959
0.823
0.808
0.633
0.653
0.958
0.920
0.898
0.973
0.752
0.792
0.787
0.929
0.934
0.905
0.689
0.590
0.571
0.687
0.780
0.957
0.785
0.889
0.977
0.908
0.832
0.865
0.843
0.880
0.914
0.877
0.914
0.895
0.944
0.878
0.833
0.658
0.779
0.922
0.949
0.951
0.929
0.960
0.970
0.955
0.933
0.952
0.944
0.863
0.957
0.703
0.736
0.978
0.932
0.921
0.758
0.652
0.845
0.905
0.744
0.683
0.849
0.857
0.938
0.901
0.968
0.933
0.944
0.861
0.881
0.926
0.951
0.970
0.943
0.759
0.789
0.892
0.941
0.877
0.929
0.961
0.905
0.962
0.920
0.886
0.912
0.850
0.939
0.907
0.847
0.960
0.947
0.954
0.948
0.806
0.920
0.959
0.890
0.844
0.933
0.958
0.959
0.956
0.954
0.950
0.966
0.963
0.947
0.902
0.900
0.854
0.938
0.943
0.949
0.904
0.959
0.948
0.973
0.941
0.970
0.962
0.814
0.939
0.945
0.937
0.957
0.878
0.966
0.888
0.962
0.964
0.980
0.951
0.955
0.897
0.974
0.971
0.965
0.866
0.929
0.944
0.928
0.936
0.917
0.894
0.859
0.957
0.958
0.927
0.941
0.949
0.917
0.964
0.965
0.894
0.949
0.955
0.982
0.918
0.973
0.967
0.922
0.935
0.981
0.893
0.876
0.897
0.957
0.967
0.977
0.954
0.884
0.927
0.977
0.850
0.877
0.916
0.969
0.959
0.957
0.959
0.938
0.966
0.937
0.869
0.938
0.924
0.887
0.942
0.959
0.945
0.944
0.966
0.924
0.948
0.952
0.977
0.834
0.761
0.759
0.689
0.738
0.824
0.904
0.923
0.836
0.826
0.973
0.962
0.895
0.812
0.736
0.726
0.895
0.950
0.922
0.936
0.959
0.937
0.886
0.914
0.906
0.751
0.715
0.782
0.732
0.725
0.826
0.915
0.951
0.935
0.821
0.743
0.737
0.859
0.942
0.958
0.854
0.752
0.834
0.884
0.856
0.918
0.896
0.853
0.845
0.733
0.806
0.919
0.894
0.909
0.917
0.805
0.899
0.828
0.784
0.895
0.912
0.959
0.986
0.821
0.788
0.757
0.754
0.794
0.791
0.739
0.903
0.834
0.827
0.809
0.828
0.944
0.867
0.910
0.733
0.670
0.654
0.800
0.710
0.730
0.665
0.705
0.703
0.638
0.824
0.862
0.922
0.945
0.856
0.894
0.763
0.753
0.799
0.766
0.728
0.633
0.653
0.569
0.550
0.643
0.974
0.752
0.741
0.694
0.685
0.710
0.827
0.647
0.599
0.607
0.653
0.592
0.647
0.640
0.704
0.701
0.638
0.892
0.638
0.583
0.640
0.616
0.775
0.638
0.720
0.844
0.926
0.858
0.836
0.810
0.796
0.867
0.856
0.895
0.937
0.967
0.773
0.681
0.880
0.732
0.918
0.790
0.734
0.865
0.866
0.821
0.935
0.934
0.932
0.913
0.960
0.901
0.964
0.939
0.971
0.953
0.774
0.776
0.945
0.949
0.942
0.922
0.947
0.963
0.866
0.948
0.952
0.944
0.895
0.940
0.952
0.841
0.936
0.900
0.973
0.914
0.955
0.964
0.869
0.790
0.889
0.951
0.919
0.932
0.965
0.919
0.756
0.679
0.827
0.976
0.933
0.877
0.937
0.981
0.927
0.955
0.947
0.907
0.892
0.954
0.968
0.767
0.685
0.849
0.937
0.937
0.892
0.941
0.942
0.947
0.948
0.971
0.929
0.963
0.969
0.968
0.971
0.906
0.910
0.802
0.961
0.961
0.979
0.873
0.970
0.946
0.979
0.930
0.953
0.954
0.862
0.750
0.816
0.965
0.981
0.941
0.933
0.952
0.970
0.977
0.916
0.945
0.839
0.909
0.919
0.946
0.971
0.881
0.908
0.870
0.957
0.970
0.980
0.926
0.888
0.949
0.937
0.929
0.979
0.926
0.803
0.946
0.964
0.948
0.956
0.950
0.905
0.920
0.914
0.961
0.968
0.980
0.940
0.976
0.957
0.960
0.984
0.873
0.960
0.937
0.965
0.959
0.955
0.882
0.958
0.954
0.972
0.984
0.976
0.896
0.912
0.904
0.953
0.887
0.811
0.894
0.936
0.954
0.918
0.950
0.940
0.962
0.975
0.895
0.932
0.968
0.911
0.963
0.873
0.940
0.924
0.765
0.892
0.949
0.980
0.947
0.907
0.929
0.946
0.948
0.912
0.923
0.879
0.959
0.873
0.899
0.978
0.883
0.863
0.845
0.922
0.960
0.934
0.958
0.962
0.874
0.888
0.941
0.967
0.968
0.922
0.851
0.940
0.893
0.921
0.960
0.967
0.964
0.953
0.848
0.898
0.957
0.941
0.951
0.917
0.803
0.964
0.825
0.950
0.927
0.872
0.687
0.732
0.726
0.852
0.811
0.733
0.698
0.698
0.673
0.841
0.924
0.902
0.926
0.943
0.963
0.846
0.912
0.933
0.980
0.963
0.959
0.949
0.886
0.944
0.928
0.935
0.887
0.936
0.910
0.915
0.892
0.919
0.785
0.844
0.914
0.975
0.933
0.840
0.730
0.753
0.776
0.713
0.768
0.718
0.851
0.791
0.856
0.904
0.955
0.758
0.904
0.921
0.835
0.914
0.871
0.945
0.859
0.861
0.888
0.938
0.911
0.822
0.802
0.761
0.694
0.740
0.845
0.967
0.812
0.783
0.683
0.642
0.703
0.664
0.755
0.901
0.792
0.590
0.603
0.689
0.708
0.594
0.708
0.681
0.918
0.778
0.647
0.697
0.672
0.727
0.569
0.551
0.653
0.634
0.672
0.660
0.612
0.580
0.653
0.558
0.511
0.558
0.710
0.933
0.832
0.811
0.908
0.879
0.816
0.860
0.796
0.727
0.788
0.736
0.769
0.874
0.723
0.602
0.529
0.547
0.559
0.510
0.567
0.664
0.952
0.698
0.692
0.711
0.636
0.652
0.925
0.729
0.592
0.592
0.738
0.680
0.681
0.563
0.571
0.709
0.649
0.632
0.628
0.645
0.947
0.713
0.774
0.946
0.803
0.676
0.662
0.758
0.687
0.685
0.659
0.863
0.916
0.956
0.960
0.971
0.924
0.816
0.902
0.822
0.690
0.820
0.922
0.844
0.948
0.963
0.938
0.873
0.941
0.774
0.816
0.964
0.849
0.897
0.793
0.832
0.951
0.773
0.651
0.669
0.629
0.731
0.862
0.863
0.948
0.955
0.751
0.640
0.657
0.940
0.904
0.860
0.947
0.966
0.968
0.942
0.958
0.966
0.941
0.967
0.964
0.924
0.942
0.944
0.968
0.947
0.712
0.907
0.957
0.891
0.960
0.950
0.926
0.977
0.967
0.972
0.958
0.967
0.858
0.796
0.867
0.973
0.887
0.893
0.962
0.970
0.939
0.972
0.955
0.892
0.973
0.938
0.887
0.962
0.969
0.978
0.981
0.959
0.919
0.898
0.930
0.981
0.943
0.915
0.933
0.959
0.968
0.980
0.927
0.883
0.954
0.827
0.922
0.971
0.790
0.947
0.944
0.900
0.952
0.959
0.982
0.973
0.922
0.823
0.878
0.889
0.945
0.932
0.878
0.854
0.940
0.941
0.941
0.977
0.979
0.924
0.943
0.954
0.940
0.920
0.959
0.882
0.968
0.946
0.935
0.963
0.889
0.873
0.894
0.959
0.914
0.937
0.957
0.907
0.963
0.953
0.966
0.954
0.890
0.965
0.907
0.960
0.904
0.958
0.955
0.975
0.952
0.980
0.926
0.944
0.914
0.910
0.967
0.969
0.960
0.930
0.866
0.923
0.966
0.952
0.981
0.873
0.963
0.843
0.957
0.971
0.977
0.899
0.910
0.921
0.897
0.936
0.956
0.982
0.971
0.921
0.955
0.943
0.897
0.912
0.939
0.961
0.908
0.971
0.856
0.854
0.849
0.709
0.658
0.732
0.691
0.692
0.629
0.625
0.686
0.733
0.665
0.742
0.902
0.932
0.916
0.895
0.927
0.854
0.929
0.969
0.880
0.807
0.748
0.912
0.903
0.939
0.912
0.936
0.930
0.957
0.892
0.977
0.854
0.845
0.753
0.748
0.837
0.959
0.971
0.907
0.814
0.948
0.954
0.960
0.981
0.911
0.825
0.796
0.887
0.881
0.972
0.983
0.937
0.914
0.858
0.808
0.864
0.790
0.738
0.711
0.874
0.959
0.964
0.922
0.879
0.951
0.857
0.812
0.905
0.909
0.950
0.951
0.877
0.923
0.954
0.902
0.955
0.917
0.923
0.846
0.959
0.943
0.920
0.801
0.783
0.741
0.832
0.912
0.919
0.719
0.701
0.747
0.698
0.795
0.818
0.710
0.647
0.865
0.956
0.735
0.676
0.742
0.777
0.740
0.688
0.739
0.729
0.967
0.889
0.855
0.772
0.853
0.749
0.690
0.724
0.947
0.835
0.709
0.724
0.924
0.760
0.668
0.755
0.712
0.660
0.706
0.746
0.800
0.911
0.952
0.962
0.862
0.732
0.575
0.550
0.624
0.598
0.613
0.633
0.675
0.648
0.640
0.712
0.858
0.850
0.926
0.844
0.781
0.843
0.824
0.891
0.926
0.875
0.674
0.814
0.939
0.791
0.649
0.638
0.816
0.923
0.727
0.645
0.616
0.675
0.690
0.743
0.664
0.618
0.739
0.879
0.938
0.935
0.788
0.868
0.923
0.876
0.914
0.951
0.960
0.941
0.927
0.966
0.924
0.746
0.655
0.649
0.861
0.921
0.953
0.936
0.979
0.842
0.914
0.890
0.910
0.924
0.957
0.955
0.956
0.971
0.901
0.891
0.702
0.669
0.704
0.885
0.790
0.918
0.960
0.960
0.811
0.930
0.925
0.938
0.906
0.863
0.970
0.879
0.960
0.867
0.829
0.947
0.926
0.937
0.913
0.916
0.936
0.935
0.947
0.944
0.974
0.831
0.775
0.889
0.937
0.963
0.975
0.771
0.818
0.796
0.938
0.962
0.942
0.920
0.918
0.955
0.922
0.893
0.946
0.924
0.956
0.942
0.908
0.921
0.865
0.779
0.851
0.921
0.942
0.966
0.920
0.975
0.935
0.982
0.958
0.973
0.951
0.972
0.974
0.923
0.921
0.912
0.965
0.978
0.972
0.974
0.908
0.903
0.850
0.866
0.919
0.854
0.909
0.931
0.952
0.934
0.926
0.976
0.985
0.943
0.981
0.942
0.964
0.939
0.958
0.972
0.882
0.979
0.949
0.960
0.925
0.954
0.941
0.976
0.925
0.936
0.950
0.945
0.962
0.969
0.973
0.949
0.942
0.925
0.927
0.959
0.917
0.912
0.955
0.964
0.976
0.946
0.934
0.899
0.979
0.923
0.796
0.823
0.950
0.971
0.897
0.852
0.955
0.965
0.981
0.914
0.950
0.889
0.930
0.956
0.822
0.900
0.934
0.965
0.903
0.874
0.961
0.937
0.971
0.949
0.881
0.950
0.931
0.919
0.898
0.921
0.854
0.882
0.900
0.831
0.827
0.977
0.883
0.829
0.888
0.875
0.863
0.945
0.903
0.944
0.928
0.964
0.939
0.926
0.891
0.960
0.929
0.855
0.916
0.876
0.884
0.904
0.867
0.924
0.962
0.963
0.978
0.970
0.922
0.975
0.928
0.956
0.943
0.970
0.976
0.971
0.958
0.941
0.894
0.935
0.964
0.982
0.861
0.905
0.845
0.846
0.809
0.832
0.914
0.957
0.915
0.912
0.907
0.872
0.935
0.771
0.748
0.948
0.977
0.950
0.882
0.977
0.977
0.966
0.936
0.798
0.766
0.721
0.714
0.722
0.742
0.888
0.902
0.934
0.788
0.843
0.939
0.929
0.812
0.804
0.832
0.854
0.835
0.862
0.889
0.900
0.942
0.871
0.838
0.796
0.777
0.716
0.664
0.712
0.772
0.853
0.956
0.928
0.818
0.755
0.732
0.842
0.925
0.963
0.839
0.885
0.928
0.756
0.770
0.756
