19790101
0.933
0.853
0.893
0.966
0.972
0.819
0.891
0.929
0.887
0.878
0.872
0.805
0.837
0.853
0.852
0.830
0.824
0.790
0.859
0.970
0.904
0.958
0.948
0.905
0.881
0.889
0.867
0.937
0.891
0.935
0.963
0.873
0.949
0.971
0.976
0.914
0.889
0.881
0.914
0.849
0.867
0.882
0.918
0.950
0.958
0.888
0.938
0.953
0.924
0.967
0.882
0.858
0.971
0.941
0.839
0.934
0.913
0.974
0.858
0.927
0.920
0.963
0.955
0.978
0.932
0.929
0.955
0.942
0.898
0.912
0.936
0.880
0.867
0.955
0.924
0.957
0.960
0.944
0.978
0.939
0.856
0.909
0.971
0.956
0.975
0.910
0.897
0.921
0.950
0.967
0.946
0.925
0.953
0.938
0.926
0.974
0.881
0.768
0.734
0.787
0.729
0.819
0.955
0.966
0.961
0.975
0.924
0.934
0.968
0.950
0.940
0.977
0.980
0.906
0.850
0.803
0.749
0.764
0.854
0.895
0.956
0.936
0.943
0.887
0.915
0.910
0.930
0.870
0.950
0.963
0.896
0.931
0.931
0.922
0.939
0.930
0.890
0.783
0.957
0.944
0.939
0.872
0.918
0.954
0.807
0.824
0.917
0.824
0.906
0.927
0.799
0.711
0.726
0.782
0.721
0.674
0.780
0.837
0.712
0.799
0.795
0.780
0.750
0.774
0.872
0.772
0.731
0.713
0.660
0.665
0.637
0.695
0.711
0.653
0.650
0.718
0.713
0.677
0.661
0.703
0.650
0.629
0.645
0.755
0.721
0.672
0.693
0.737
0.598
0.625
0.660
0.635
0.539
0.685
0.781
0.628
0.813
0.697
0.610
0.616
0.726
0.669
0.710
0.664
0.814
0.702
0.585
0.618
0.891
0.642
0.583
0.441
0.511
0.427
0.513
0.544
0.719
0.676
0.618
0.625
0.798
0.571
0.530
0.525
0.532
0.651
0.753
0.585
0.751
0.621
0.683
0.628
0.799
0.660
0.682
0.543
0.581
0.576
0.603
0.574
0.580
0.572
0.551
0.488
0.529
0.742
0.773
0.640
0.507
0.501
0.731
0.572
0.671
0.822
0.697
0.631
0.661
0.603
0.609
0.676
0.726
0.575
0.466
0.478
0.482
0.458
0.436
0.528
0.630
0.705
0.720
0.464
0.467
0.386
0.451
0.449
0.595
0.561
0.595
0.932
0.799
0.660
0.666
0.696
0.584
0.473
0.506
0.629
0.712
0.520
0.504
0.481
0.468
0.388
0.351
0.398
0.566
0.562
0.704
0.806
0.709
0.761
0.648
0.556
0.690
0.819
0.848
0.860
0.849
0.738
0.937
0.936
0.927
0.759
0.604
0.600
0.561
0.894
0.976
0.839
0.827
0.631
0.847
0.916
0.906
0.856
0.833
0.964
0.824
0.794
0.703
0.591
0.633
0.617
0.708
0.575
0.653
0.827
0.705
0.889
0.710
0.713
0.619
0.625
0.907
0.703
0.696
0.949
0.969
0.978
0.809
0.834
0.897
0.938
0.898
0.849
0.867
0.920
0.852
0.737
0.843
0.967
0.904
0.830
0.928
0.982
0.802
0.861
0.787
0.787
0.917
0.899
0.919
0.836
0.907
0.869
0.750
0.900
0.933
0.889
0.806
0.890
0.928
0.779
0.749
0.935
0.955
0.930
0.916
0.827
0.815
0.891
0.902
0.888
0.952
0.952
0.873
0.908
0.963
0.861
0.768
0.859
0.822
0.974
0.811
0.765
0.785
0.775
0.731
0.785
0.663
0.717
0.976
0.927
0.928
0.786
0.830
0.756
0.694
0.737
0.769
0.698
0.709
0.614
0.515
0.512
0.642
0.857
0.887
0.782
0.772
0.784
0.953
0.812
0.755
0.841
0.804
0.925
0.902
0.907
0.868
0.889
0.941
0.954
0.950
0.888
0.952
0.920
0.933
0.969
0.904
0.960
0.900
0.865
0.964
0.963
0.828
0.883
0.894
0.961
0.947
0.909
0.905
0.959
0.904
0.822
0.914
0.960
0.910
0.769
0.839
0.982
0.880
0.852
0.916
0.890
0.751
0.737
0.699
0.794
0.933
0.931
0.953
0.931
0.900
0.963
0.935
0.948
0.805
0.711
0.784
0.722
0.828
0.926
0.941
0.862
0.905
0.926
0.886
0.924
0.921
0.932
0.947
0.938
0.935
0.959
0.946
0.908
0.958
0.769
0.729
0.710
0.638
0.713
0.785
0.809
0.913
0.954
0.943
0.905
0.933
0.791
0.707
0.773
0.738
0.739
0.691
0.649
0.628
0.684
0.846
0.937
0.771
0.761
0.709
0.646
0.695
0.701
0.749
0.655
0.655
0.862
0.864
0.911
0.769
0.848
0.706
0.644
0.773
0.700
0.641
0.601
0.588
0.660
0.633
0.731
0.626
0.676
0.723
0.622
0.596
0.748
0.698
0.675
0.633
0.555
0.610
0.673
0.683
0.624
0.547
0.512
0.490
0.665
0.620
0.655
0.913
0.856
0.625
0.529
0.453
0.467
0.488
0.556
0.532
0.612
0.746
0.639
0.553
0.493
0.657
0.499
0.500
0.473
0.425
0.443
0.550
0.608
0.500
0.486
0.605
0.850
0.667
0.601
0.568
0.422
0.431
0.363
0.436
0.497
0.471
0.411
0.628
0.419
0.488
0.344
0.471
0.525
0.755
0.555
0.455
0.379
0.372
0.438
0.718
0.409
0.400
0.452
0.481
0.559
0.742
0.526
0.543
0.508
0.515
0.569
0.533
0.489
0.540
0.462
0.661
0.602
0.787
0.936
0.631
0.559
0.593
0.724
0.658
0.594
0.538
0.767
0.759
0.608
0.873
0.862
0.715
0.916
0.938
0.774
0.676
0.884
0.844
0.718
0.654
0.796
0.700
0.602
0.651
0.828
0.651
0.555
0.629
0.533
0.587
0.516
0.611
0.676
0.852
0.923
0.875
0.663
0.516
0.625
0.529
0.681
0.829
0.952
0.859
0.932
0.726
0.785
0.846
0.915
0.973
0.898
0.963
0.923
0.945
0.827
0.851
0.967
0.976
0.944
0.879
0.789
0.671
0.807
0.797
0.945
0.662
0.618
0.834
0.662
0.890
0.957
0.828
0.896
0.634
0.632
0.881
0.848
0.666
0.950
0.948
0.933
0.819
0.942
0.926
0.737
0.699
0.902
0.870
0.966
0.909
0.911
0.916
0.955
0.948
0.880
0.739
0.688
0.844
0.929
0.963
0.939
0.893
0.915
0.962
0.889
0.975
0.841
0.707
0.779
0.680
0.796
0.948
0.894
0.797
0.967
0.964
0.981
0.878
0.915
0.977
0.973
0.887
0.872
0.963
0.968
0.891
0.917
0.947
0.945
0.923
0.970
0.970
0.939
0.885
0.976
0.897
0.947
0.934
0.956
0.921
0.977
0.932
0.946
0.955
0.903
0.971
0.953
0.852
0.937
0.905
0.972
0.924
0.939
0.961
0.952
0.917
0.899
0.836
0.805
0.780
0.847
0.956
0.926
0.870
0.903
0.950
0.980
0.864
0.797
0.955
0.838
0.906
0.823
0.912
0.930
0.922
0.945
0.914
0.965
0.980
0.931
0.928
0.973
0.979
0.975
0.946
0.968
0.978
0.880
0.891
0.948
0.959
0.959
0.937
0.805
0.794
0.898
0.838
0.867
0.845
0.873
0.926
0.894
0.926
0.960
0.881
0.840
0.766
0.757
0.863
0.939
0.956
0.908
0.943
0.895
0.899
0.900
0.887
0.896
0.918
0.909
0.939
0.892
0.852
0.929
0.946
0.897
0.755
0.762
0.801
0.839
0.834
0.862
0.900
0.799
0.711
0.737
0.761
0.851
0.891
0.897
0.907
0.858
0.936
0.878
0.765
0.742
0.856
0.916
0.927
0.889
0.852
0.841
0.918
0.837
0.734
0.751
0.707
0.733
0.782
0.811
0.727
0.679
0.686
0.732
0.665
0.645
0.660
0.910
0.777
0.719
0.614
0.622
0.549
0.657
0.613
0.697
0.646
0.755
0.730
0.692
0.619
0.635
0.822
0.637
0.476
0.438
0.487
0.642
0.528
0.450
0.488
0.559
0.523
0.538
0.469
0.531
0.647
0.504
0.572
0.522
0.571
0.875
0.791
0.672
0.699
0.915
0.683
0.571
0.533
0.520
0.496
0.456
0.582
0.536
0.463
0.416
0.438
0.489
0.412
0.601
0.454
0.419
0.509
0.787
0.967
0.646
0.567
0.457
0.412
0.380
0.399
0.534
0.569
0.486
0.447
0.386
0.512
0.555
0.519
0.520
0.551
0.642
0.610
0.501
0.415
0.451
0.538
0.499
0.638
0.974
0.663
0.600
0.447
0.441
0.409
0.418
0.535
0.602
0.392
0.528
0.454
0.495
0.483
0.690
0.561
0.774
0.781
0.639
0.558
0.520
0.495
0.628
0.697
0.872
0.956
0.782
0.573
0.537
0.574
0.593
0.614
0.637
0.617
0.640
0.525
0.856
0.621
0.557
0.497
0.448
0.443
0.433
0.580
0.524
0.732
0.546
0.589
0.548
0.651
0.792
0.921
0.975
0.905
0.806
0.923
0.956
0.807
0.822
0.981
0.825
0.749
0.881
0.915
0.891
0.974
0.968
0.694
0.848
0.892
0.960
0.790
0.964
0.862
0.904
0.947
0.932
0.983
0.888
0.709
0.933
0.949
0.957
0.810
0.892
0.947
0.972
0.914
0.893
0.964
0.865
0.922
0.905
0.973
0.937
0.975
0.896
0.937
0.852
0.956
0.866
0.962
0.963
0.949
0.967
0.959
0.828
0.869
0.906
0.885
0.943
0.909
0.934
0.898
0.937
0.939
0.910
0.975
0.980
0.919
0.935
0.918
0.967
0.982
0.982
0.871
0.879
0.914
0.952
0.938
0.916
0.979
0.905
0.955
0.949
0.878
0.897
0.967
0.982
0.933
0.920
0.902
0.959
0.957
0.962
0.969
0.965
0.920
0.944
0.947
0.910
0.979
0.829
0.965
0.972
0.905
0.967
0.970
0.971
0.982
0.843
0.881
0.954
0.967
0.948
0.896
0.856
0.938
0.898
0.852
0.982
0.903
0.919
0.891
0.971
0.972
0.966
0.945
0.884
0.930
0.943
0.859
0.957
0.959
0.925
0.906
0.970
0.982
0.908
0.826
0.932
0.891
0.896
0.933
0.952
0.979
0.972
0.979
0.920
0.969
0.978
0.952
0.843
0.929
0.928
0.960
0.966
0.975
0.876
0.827
0.931
0.970
0.982
0.956
0.954
0.957
0.961
0.819
0.723
0.822
0.846
0.753
0.816
0.743
0.698
0.710
0.710
0.746
0.944
0.941
0.886
0.924
0.922
0.889
0.922
0.967
0.967
0.945
0.906
0.956
0.965
0.925
0.975
0.953
0.970
0.945
0.844
0.715
0.718
0.710
0.737
0.723
0.741
0.812
0.851
0.889
0.807
0.735
0.692
0.716
0.860
0.942
0.899
0.976
0.898
0.930
0.920
0.931
0.824
0.786
0.779
0.745
0.951
0.950
0.945
0.836
0.838
0.768
0.777
0.780
0.878
0.754
0.767
0.732
0.709
0.670
0.698
0.707
0.932
0.942
0.848
0.881
0.812
0.880
0.969
0.964
0.962
0.854
0.744
0.675
0.620
0.646
0.612
0.748
0.684
0.767
0.805
0.856
0.760
0.724
0.783
0.965
0.795
0.705
0.778
0.805
0.758
0.841
0.688
0.623
0.702
0.918
0.901
0.774
0.703
0.615
0.618
0.696
0.912
0.739
0.912
0.655
0.584
0.637
0.714
0.672
0.685
0.630
0.681
0.638
0.676
0.630
0.639
0.590
0.708
0.598
0.512
0.485
0.598
0.751
0.581
0.493
0.534
0.474
0.537
0.591
0.585
0.544
0.641
0.549
0.607
0.695
0.786
0.823
0.911
0.746
0.897
0.773
0.878
0.903
0.797
0.763
0.863
0.706
0.669
0.561
0.603
0.745
0.772
0.660
0.570
0.740
0.782
0.754
0.667
0.633
0.667
0.660
0.905
0.659
0.615
0.691
0.796
0.855
0.858
0.837
0.689
0.778
0.697
0.666
0.699
0.690
0.575
0.583
0.514
0.610
0.536
0.566
0.948
0.829
0.758
0.923
0.826
0.945
0.745
0.630
0.788
0.865
0.858
0.765
0.892
0.777
0.772
0.675
0.596
0.732
0.830
0.735
0.566
0.558
0.584
0.564
0.569
0.665
0.812
0.739
0.805
0.900
0.954
0.963
0.935
0.956
0.945
0.902
0.660
0.763
0.923
0.886
0.862
0.749
0.923
0.930
0.805
0.907
0.934
0.772
0.902
0.803
0.894
0.776
0.677
0.664
0.695
0.907
0.890
0.864
0.906
0.890
0.923
0.903
0.862
0.919
0.930
0.937
0.931
0.735
0.843
0.830
0.867
0.967
0.938
0.947
0.963
0.839
0.767
0.820
0.955
0.872
0.849
0.926
0.875
0.737
0.852
0.817
0.701
0.604
0.528
0.931
0.730
0.682
0.830
0.872
0.870
0.895
0.936
0.938
0.871
0.906
0.728
0.814
0.726
0.801
0.889
0.932
0.909
0.877
0.927
0.946
0.955
0.897
0.821
0.960
0.937
0.878
0.892
0.758
0.640
0.661
0.752
0.633
0.719
0.631
0.834
0.965
0.958
0.887
0.814
0.765
0.818
0.942
0.787
0.730
0.829
0.879
0.877
0.628
0.546
0.525
0.559
0.593
0.690
0.676
0.781
0.703
0.827
0.873
0.938
0.968
0.855
0.926
0.948
0.946
0.956
0.865
0.950
0.944
0.903
0.834
0.868
0.906
0.860
0.860
0.864
0.859
0.939
0.925
0.925
0.954
0.958
0.834
0.947
0.941
0.905
0.947
0.900
0.944
0.903
0.904
0.857
0.837
0.860
0.895
0.781
0.779
0.920
0.917
0.879
0.931
0.882
0.899
0.781
0.875
0.925
0.938
0.862
0.944
0.964
0.901
0.839
0.952
0.901
0.812
0.835
0.739
0.890
0.927
0.954
0.970
0.872
0.799
0.704
0.758
0.718
0.759
0.789
0.772
0.854
0.906
0.793
0.702
0.833
0.672
0.726
0.742
0.680
0.661
0.629
0.769
0.670
0.641
0.837
0.692
0.633
0.706
0.722
0.705
0.623
0.587
0.788
0.744
0.758
0.634
0.591
0.591
0.642
0.772
0.702
0.719
0.608
0.630
0.615
0.542
0.649
0.808
0.706
0.542
0.618
0.595
0.546
0.624
0.691
0.665
0.690
0.595
0.575
0.471
0.465
0.529
0.464
0.441
0.434
0.399
0.406
0.417
0.470
0.424
0.517
0.502
0.495
0.507
0.572
0.481
0.511
0.507
0.365
0.300
0.289
0.337
0.458
0.449
0.425
0.472
0.533
0.614
0.614
0.625
0.611
0.525
0.636
0.633
0.849
0.806
0.726
0.553
0.476
0.584
0.682
0.677
0.522
0.512
0.528
0.504
0.478
0.441
0.475
0.474
0.520
0.436
0.601
0.532
0.499
0.418
0.465
0.507
0.485
0.454
0.487
0.459
0.500
0.576
0.813
0.753
0.619
0.714
0.733
0.886
0.634
0.600
0.506
0.632
0.739
0.577
0.497
0.574
0.528
0.585
0.723
0.802
0.703
0.634
0.564
0.605
0.671
0.545
0.481
0.382
0.596
0.799
0.818
0.745
0.874
0.957
0.896
0.671
0.615
0.583
0.553
0.695
0.915
0.760
0.650
0.652
0.611
0.808
0.972
0.683
0.839
0.923
0.782
0.776
0.873
0.749
0.847
0.757
0.760
0.668
0.689
0.817
0.941
0.872
0.950
0.769
0.977
0.747
0.796
0.842
0.942
0.981
0.838
0.684
0.611
0.613
0.661
0.640
0.974
0.794
0.703
0.782
0.947
0.941
0.858
0.928
0.871
0.825
0.961
0.872
0.957
0.885
0.794
0.914
0.916
0.980
0.677
0.813
0.914
0.964
0.901
0.966
0.958
0.973
0.879
0.968
0.946
0.960
0.890
0.885
0.923
0.816
0.725
0.883
0.928
0.978
0.907
0.929
0.936
0.902
0.862
0.893
0.844
0.851
0.883
0.848
0.904
0.980
0.915
0.973
0.897
0.876
0.876
0.975
0.947
0.961
0.959
0.960
0.855
0.894
0.956
0.979
0.959
0.820
0.806
0.761
0.762
0.865
0.842
0.959
0.965
0.877
0.964
0.945
0.977
0.844
0.819
0.964
0.928
0.982
0.934
0.918
0.947
0.944
0.960
0.982
0.924
0.859
0.772
0.728
0.855
0.956
0.879
0.947
0.917
0.928
0.828
0.967
0.729
0.739
0.710
0.917
0.861
0.821
0.964
0.979
0.872
0.805
0.813
0.897
0.946
0.952
0.924
0.974
0.848
0.837
0.957
0.967
0.973
0.812
0.832
0.859
0.956
0.944
0.880
0.950
0.880
0.960
0.965
0.964
0.979
0.861
0.782
0.833
0.918
0.935
0.904
0.941
0.884
0.827
0.915
0.930
0.920
0.943
0.934
0.955
0.930
0.937
0.936
0.821
0.908
0.910
0.882
0.918
0.863
0.922
0.959
0.944
0.923
0.761
0.933
0.875
0.943
0.960
0.896
0.945
0.939
0.842
0.847
0.934
0.769
0.921
0.969
0.936
0.855
0.912
0.888
0.882
0.904
0.873
0.934
0.895
0.938
0.965
0.921
0.738
0.818
0.736
0.872
0.927
0.798
0.721
0.786
0.902
0.839
0.723
0.765
0.667
0.706
0.726
0.943
0.866
0.927
0.912
0.913
0.741
0.811
0.830
0.877
0.942
0.871
0.899
0.866
0.746
0.728
0.680
0.584
0.632
0.648
0.588
0.654
0.552
0.553
0.547
0.534
0.535
0.503
0.514
0.568
0.570
0.564
0.807
0.846
0.811
0.673
0.734
0.621
0.700
0.610
0.519
0.493
0.735
0.578
0.507
0.468
0.458
0.523
0.539
0.793
0.761
0.932
0.910
0.919
0.842
0.555
0.395
0.349
0.356
0.377
0.363
0.544
0.554
0.633
0.777
0.655
0.770
0.810
0.754
0.690
0.652
0.581
0.774
0.704
0.723
0.652
0.612
0.579
0.620
0.482
0.572
0.899
0.792
0.676
0.547
0.799
0.927
0.756
0.458
0.489
0.669
0.730
0.524
0.531
0.475
0.603
0.576
0.617
0.703
0.675
0.610
0.578
0.534
0.660
0.641
0.939
0.694
0.780
0.864
0.718
0.645
0.653
0.612
0.706
0.868
0.884
0.934
0.743
0.913
0.972
0.962
0.983
0.869
0.642
0.691
0.935
0.874
0.791
0.809
0.609
0.829
0.936
0.964
0.952
0.973
0.929
0.809
0.679
0.901
0.955
0.720
0.874
0.683
0.937
0.897
0.936
0.773
0.800
0.867
0.887
0.842
0.884
0.799
0.830
0.878
0.927
0.960
0.893
0.778
0.949
0.839
0.753
0.954
0.939
0.892
0.732
0.838
0.924
0.960
0.914
0.836
0.694
0.759
0.739
0.903
0.942
0.963
0.847
0.872
0.892
0.897
0.963
0.956
0.884
0.899
0.908
0.893
0.940
0.908
0.772
0.917
0.834
0.933
0.906
0.971
0.899
0.937
0.974
0.919
0.851
0.919
0.960
0.949
0.880
0.771
0.946
0.959
0.786
0.860
0.937
0.865
0.944
0.950
0.962
0.980
0.937
0.907
0.902
0.864
0.950
0.769
0.957
0.949
0.892
0.911
0.955
0.962
0.944
0.868
0.946
0.927
0.876
0.871
0.942
0.909
0.805
0.826
0.943
0.978
0.967
0.973
0.963
0.921
0.981
0.920
0.974
0.970
0.978
0.982
0.883
0.909
0.874
0.912
0.947
0.969
0.952
0.884
0.892
0.962
0.909
0.940
0.854
0.802
0.919
0.877
0.810
0.913
0.963
0.969
0.843
0.925
0.979
0.978
0.856
0.958
0.839
0.966
0.877
0.955
0.949
0.938
0.899
0.926
0.907
0.945
0.963
0.895
0.915
0.759
0.953
0.977
0.962
0.945
0.973
0.923
0.831
0.978
0.956
0.899
0.901
0.954
0.955
0.936
0.833
0.845
0.807
0.938
0.912
0.912
0.893
0.956
0.970
0.970
0.884
0.915
0.955
0.927
0.878
0.884
0.980
0.881
0.937
0.848
0.876
0.846
0.773
0.858
0.856
0.927
0.874
0.932
0.855
0.842
0.788
0.942
0.952
0.901
0.718
0.718
0.594
0.546
0.555
0.550
0.604
0.665
0.749
0.736
0.712
0.670
0.841
0.923
0.768
0.711
0.936
0.956
0.930
0.870
0.777
0.736
0.760
0.640
0.620
0.853
0.713
0.920
0.751
0.926
0.908
0.977
0.834
0.694
0.700
0.674
0.701
0.584
0.574
0.564
0.550
0.536
0.535
0.613
0.699
0.718
0.596
0.558
0.528
0.494
0.609
0.599
0.663
0.826
0.897
0.714
0.950
0.947
0.945
0.757
0.628
0.501
0.541
0.527
0.614
0.561
0.523
0.530
0.528
0.620
0.575
0.500
0.544
0.574
0.668
0.597
0.635
0.548
0.662
0.522
0.515
0.472
0.502
0.597
0.792
0.789
0.644
0.544
0.779
0.852
0.710
0.566
0.443
0.479
0.514
0.463
0.467
0.438
0.533
0.436
0.526
0.631
0.825
0.680
0.660
0.812
0.669
0.748
0.829
0.628
0.580
0.672
0.583
0.519
0.628
0.768
0.872
0.679
0.604
0.524
0.612
0.736
0.689
0.570
0.609
0.584
0.682
0.817
0.654
0.814
0.609
0.588
0.534
0.471
0.537
0.602
0.566
0.705
0.651
0.621
0.689
0.802
0.561
0.706
0.898
0.744
0.669
0.808
0.956
0.690
0.837
0.614
0.582
0.679
0.809
0.696
0.718
0.632
0.634
0.795
0.934
0.943
0.957
0.816
0.758
0.648
0.585
0.607
0.708
0.616
0.726
0.811
0.790
0.939
0.874
0.911
0.783
0.660
0.624
0.567
0.604
0.688
0.565
0.527
0.812
0.813
0.682
0.909
0.899
0.964
0.837
0.978
0.982
0.983
0.967
0.801
0.713
0.751
0.827
0.678
0.676
0.884
0.973
0.956
0.721
0.591
0.641
0.698
0.768
0.955
0.888
0.814
0.592
0.613
0.860
0.926
0.900
0.883
0.897
0.930
0.914
0.976
0.813
0.893
0.873
0.821
0.954
0.830
0.954
0.945
0.895
0.901
0.920
0.975
0.917
0.820
0.969
0.969
0.921
0.897
0.823
0.858
0.969
0.949
0.812
0.965
0.882
0.929
0.952
0.915
0.881
0.976
0.912
0.944
0.973
0.854
0.838
0.932
0.905
0.974
0.846
0.917
0.971
0.978
0.833
0.933
0.898
0.974
0.884
0.935
0.975
0.931
0.974
0.966
0.875
0.893
0.925
0.802
0.881
0.962
0.966
0.969
0.868
0.911
0.893
0.972
0.918
0.932
0.957
0.979
0.886
0.976
0.980
0.966
0.940
0.977
0.976
0.918
0.976
0.956
0.862
0.930
0.908
0.940
0.900
0.919
0.970
0.951
0.972
0.970
0.870
0.781
0.938
0.947
0.974
0.867
0.795
0.865
0.774
0.843
0.931
0.958
0.922
0.905
0.926
0.945
0.956
0.867
0.897
0.930
0.885
0.898
0.877
0.905
0.939
0.903
0.903
0.919
0.811
0.913
0.923
0.898
0.827
0.866
0.863
0.864
0.922
0.936
0.907
0.931
0.915
0.912
0.939
0.854
0.958
0.959
0.864
0.950
0.940
-99.000
0.979
0.775
0.566
0.670
0.598
0.726
0.856
0.930
0.823
0.839
0.818
0.737
0.934
0.928
0.832
0.739
0.624
0.631
0.651
0.730
0.718
0.674
0.672
0.708
0.790
0.645
0.691
0.595
0.686
0.691
0.618
0.699
0.492
0.503
0.562
0.611
0.628
0.542
0.553
0.519
0.514
0.612
0.696
0.769
0.733
0.876
0.882
0.712
0.645
0.793
0.730
0.784
0.534
0.463
0.558
0.507
0.658
0.573
0.597
0.561
0.704
0.768
0.725
0.703
0.678
0.648
0.675
0.618
0.598
0.522
0.707
0.603
0.827
0.715
0.825
0.819
0.699
0.637
0.788
0.896
0.917
0.642
0.589
0.715
0.572
0.531
0.554
0.668
0.659
0.608
0.832
0.717
0.569
0.550
0.578
0.554
0.611
0.888
0.725
0.646
0.544
0.485
0.420
0.500
0.516
0.536
0.933
0.892
0.771
0.816
0.664
0.662
0.561
0.550
0.497
0.580
0.557
0.560
0.588
0.563
0.579
0.506
0.539
0.638
0.648
0.605
0.726
0.643
0.648
0.607
0.489
0.530
0.744
0.827
0.749
0.545
0.421
0.569
0.588
0.739
0.749
0.903
0.767
0.712
0.824
0.794
0.540
0.532
0.601
0.721
0.806
0.627
0.532
0.574
0.546
0.520
0.783
0.861
0.924
0.741
0.768
0.729
0.658
0.567
0.892
0.542
0.572
0.587
0.527
0.612
0.756
0.687
0.601
0.749
0.672
0.886
0.977
0.922
0.772
0.904
0.918
0.961
0.940
0.956
0.970
0.950
0.981
0.780
0.706
0.653
0.907
0.876
0.977
0.972
0.867
0.777
0.743
0.649
0.657
0.805
0.916
0.929
0.963
0.949
0.961
0.743
0.869
-99.000
-99.000
-99.000
-99.000
-99.000
-99.000
-99.000
-99.000
0.929
0.913
0.900
0.887
0.944
0.915
0.883
0.909
0.972
0.917
0.921
0.859
0.843
0.912
0.977
0.971
0.984
0.824
0.809
0.850
0.948
0.956
0.950
0.905
0.934
0.954
0.914
0.962
0.914
0.841
0.859
0.781
0.936
0.954
0.921
0.807
0.775
0.889
0.915
0.934
0.641
0.570
0.649
0.692
0.619
0.669
0.830
0.780
0.917
0.942
0.979
0.917
0.909
0.916
0.946
0.906
0.967
0.945
0.936
0.901
0.842
0.945
0.981
0.866
0.960
0.934
0.819
0.829
0.893
0.978
0.776
0.712
0.619
0.604
0.631
0.599
0.639
0.803
0.951
0.890
0.946
0.947
0.931
0.941
0.829
0.818
0.949
0.946
0.889
0.934
0.960
0.975
0.949
0.797
0.791
0.925
0.874
0.898
0.948
0.952
0.828
0.721
0.918
0.832
0.954
0.874
0.962
0.966
0.841
0.805
0.922
0.962
0.914
0.886
0.850
0.896
0.946
0.962
0.920
0.935
0.827
0.893
0.859
0.842
0.879
0.911
0.965
0.914
0.958
0.721
0.718
0.719
0.717
0.710
0.871
0.910
0.867
0.925
0.877
0.809
0.825
0.921
0.834
0.770
0.705
0.633
0.657
0.767
0.718
0.629
0.736
0.842
0.771
0.752
0.910
0.779
0.897
0.915
0.884
0.792
0.700
0.721
0.722
0.916
0.875
0.911
0.941
0.841
0.710
0.660
0.646
0.701
0.694
0.737
0.936
0.646
0.667
0.700
0.641
0.699
0.776
0.869
0.916
0.866
0.727
0.588
0.614
0.581
0.636
0.795
0.867
0.840
0.893
0.718
0.696
0.661
0.579
0.578
0.759
0.756
0.744
0.574
0.531
0.632
0.661
0.661
0.751
0.722
0.660
0.586
0.690
0.506
0.462
0.492
0.599
0.615
0.550
0.661
0.619
0.514
0.613
0.598
0.526
0.510
0.488
0.526
0.497
0.556
0.505
0.621
0.523
0.400
0.395
0.502
0.520
0.404
0.422
0.566
0.468
0.631
0.494
0.503
0.647
0.616
0.632
0.556
0.522
0.476
0.473
0.508
0.773
0.584
0.572
0.568
0.548
0.464
0.389
0.446
0.516
0.664
0.598
0.536
0.492
0.622
0.509
0.575
0.566
0.573
0.581
0.526
0.452
0.623
0.530
0.471
0.837
0.585
0.552
0.538
0.520
0.731
0.621
0.558
0.539
0.546
0.457
0.568
0.644
0.576
0.651
0.833
0.625
0.908
0.924
0.708
0.830
0.885
0.666
0.566
0.734
0.897
0.812
0.515
0.511
0.542
0.658
0.595
0.836
0.884
0.692
0.641
0.600
0.606
0.535
0.494
0.918
0.874
0.978
0.754
0.865
0.910
0.938
0.686
0.765
0.961
0.839
0.974
0.701
0.654
0.814
0.921
0.900
0.896
0.862
0.791
0.939
0.845
0.712
0.911
0.811
0.949
0.778
0.733
0.701
0.897
0.731
0.862
0.880
0.763
0.852
0.693
0.628
0.907
0.775
0.750
0.839
0.920
0.888
0.888
0.930
0.763
0.627
0.853
0.918
0.849
0.885
0.930
0.819
0.612
0.650
0.675
0.812
0.885
0.879
0.888
0.806
0.740
0.886
0.831
0.905
0.848
0.928
0.859
0.811
0.935
0.915
0.970
0.914
0.862
0.973
0.870
0.895
0.949
0.965
0.954
0.863
0.938
0.906
0.750
0.727
0.883
0.924
0.919
0.831
0.898
0.939
0.908
0.962
0.978
0.787
0.872
0.953
0.910
0.854
0.932
0.966
0.946
0.935
0.924
0.885
0.913
0.904
0.945
0.959
0.929
0.907
0.743
0.885
0.937
0.930
0.768
0.766
0.820
0.958
0.924
0.871
0.945
0.860
0.902
0.918
0.919
0.808
0.703
0.793
0.871
0.944
0.938
0.843
0.860
0.915
0.896
0.868
0.907
0.887
0.937
0.956
0.891
0.956
0.959
0.905
0.980
0.933
0.940
0.962
0.915
0.964
0.945
0.893
0.964
0.854
0.966
0.881
0.864
0.934
0.958
0.813
0.936
0.852
0.975
0.928
0.964
0.912
0.954
0.950
0.972
0.857
0.802
0.802
0.872
0.868
0.898
0.969
0.897
0.800
0.975
0.946
0.947
0.906
0.875
0.919
0.810
0.912
0.815
0.892
0.889
0.848
0.936
0.957
0.935
0.861
0.915
0.978
0.914
0.835
0.913
0.855
0.883
0.982
0.918
0.857
0.820
0.880
0.826
0.748
0.800
0.905
0.836
0.770
0.785
0.745
0.724
0.752
0.739
0.762
0.847
0.925
0.927
0.805
0.826
0.829
0.754
0.913
0.862
0.868
0.856
0.827
0.749
0.836
0.886
0.813
0.767
0.764
0.864
0.846
0.945
0.847
0.723
0.626
0.600
0.555
0.568
0.618
0.525
0.633
0.591
0.579
0.516
0.524
0.527
0.619
0.601
0.546
0.533
0.574
0.642
0.586
0.590
0.571
0.541
0.654
0.621
0.567
0.483
0.364
0.413
0.473
0.529
0.547
0.394
0.398
0.410
0.470
0.624
0.531
0.539
0.474
0.510
0.452
0.387
0.416
0.460
0.377
0.350
0.590
0.336
0.485
0.529
0.544
0.578
0.504
0.670
0.481
0.430
0.409
0.404
0.435
0.445
0.450
0.523
0.512
0.607
0.528
0.532
0.621
0.848
0.844
0.975
0.674
0.481
0.465
0.496
0.494
0.543
0.640
0.748
0.521
0.458
0.466
0.447
0.413
0.464
0.601
0.551
0.512
0.815
0.836
0.618
0.642
0.802
0.841
0.664
0.664
0.783
0.647
0.607
0.581
0.875
0.640
0.718
0.896
0.811
0.889
0.644
0.581
0.448
0.510
0.566
0.523
0.487
0.556
0.710
0.745
0.801
0.559
0.563
0.443
0.594
0.618
0.798
0.852
0.739
0.669
0.677
0.647
0.907
0.821
0.889
0.806
0.780
0.805
0.833
0.887
0.960
0.981
0.851
0.676
0.696
0.791
0.959
0.925
0.975
0.972
0.964
0.964
0.738
0.917
0.960
0.946
0.721
0.951
0.981
0.912
0.862
0.910
0.965
0.936
0.963
0.876
0.857
0.802
0.878
0.814
0.950
0.790
0.888
0.940
0.881
0.958
0.925
0.975
0.906
0.856
0.853
0.915
0.970
0.773
0.964
0.882
0.928
0.946
0.869
0.821
0.866
0.922
0.852
0.921
0.863
0.860
0.961
0.968
0.974
0.977
0.979
0.930
0.961
0.847
0.903
0.906
0.974
0.917
0.970
0.884
0.863
0.975
0.982
0.957
0.952
0.854
0.777
0.810
0.934
0.957
0.966
0.943
0.966
0.785
0.910
0.751
0.703
0.761
0.966
0.848
0.907
0.865
0.957
0.966
0.960
0.983
0.902
0.849
0.958
0.964
0.883
0.842
0.935
0.861
0.971
0.942
0.952
0.904
0.895
0.842
0.977
0.940
0.788
0.956
0.956
0.956
0.921
0.920
0.940
0.896
0.935
0.962
0.980
0.909
0.887
0.972
0.893
0.975
0.919
0.946
0.913
0.981
0.948
0.899
0.926
0.969
0.968
0.947
0.931
0.966
0.931
0.964
0.935
0.855
0.929
0.973
0.984
0.933
0.921
0.777
0.801
0.967
0.957
0.864
0.962
0.936
0.972
0.969
0.965
0.961
0.977
0.935
0.947
0.966
0.907
0.979
0.730
0.662
0.639
0.663
0.667
0.758
0.978
0.972
0.971
0.966
0.967
0.857
0.732
0.686
0.687
0.714
0.754
0.827
0.859
0.904
0.816
0.888
0.897
0.932
0.957
0.960
0.887
0.922
0.905
0.948
0.878
0.854
0.863
0.836
0.941
0.956
0.837
0.791
0.755
0.824
0.964
0.965
0.979
0.893
0.757
0.791
0.707
0.859
0.867
0.834
0.866
0.789
0.827
0.832
0.936
0.922
0.926
0.971
0.810
0.751
0.561
0.485
0.504
0.620
0.720
0.680
0.781
0.713
0.800
0.684
0.615
0.659
0.680
0.550
0.781
0.722
0.619
0.578
0.654
0.858
0.945
0.911
0.809
0.746
0.803
0.850
0.813
0.834
0.725
0.683
0.690
0.741
0.660
0.700
0.662
0.622
0.504
0.508
0.527
0.710
0.566
0.509
0.607
0.643
0.711
0.689
0.648
0.799
0.678
0.675
0.576
0.508
0.479
0.519
0.512
0.670
0.643
0.757
0.815
0.650
0.512
0.449
0.614
0.549
0.596
0.544
0.530
0.641
0.568
0.578
0.628
0.801
0.448
0.308
0.460
0.340
0.398
0.469
0.512
0.520
0.625
0.642
0.647
0.469
0.476
0.642
0.846
0.710
0.553
0.625
0.663
0.769
0.600
0.581
0.524
0.554
0.603
0.617
0.670
0.855
0.674
0.601
0.690
0.815
0.562
0.587
0.651
0.690
0.677
0.808
0.740
0.875
0.935
0.930
0.512
0.541
0.613
0.958
0.719
0.731
0.861
0.978
0.982
0.840
0.767
0.937
0.961
0.952
0.763
0.717
0.818
0.950
0.586
0.589
0.544
0.590
0.726
0.894
0.885
0.949
0.968
0.852
0.727
0.618
0.800
0.865
0.800
0.649
0.541
0.573
0.612
0.601
0.795
0.711
0.836
0.973
0.779
0.641
0.820
0.899
0.806
0.964
0.964
0.708
0.592
0.865
0.946
0.835
0.765
0.837
0.836
0.739
0.937
0.917
0.887
0.884
0.887
0.937
0.923
0.912
0.941
0.800
0.902
0.968
0.928
0.916
0.917
0.912
0.892
0.932
0.969
0.949
0.915
0.886
0.873
0.894
0.966
0.982
0.981
0.921
0.880
0.963
0.921
0.956
0.949
0.904
0.969
0.935
0.945
0.951
0.931
0.892
0.913
0.952
0.962
0.846
0.964
0.965
0.965
0.958
0.957
0.960
0.971
0.970
0.935
0.892
0.953
0.950
0.960
0.978
0.983
0.857
0.830
0.808
0.764
0.885
0.967
0.836
0.884
0.806
0.971
0.959
0.949
0.889
0.957
0.920
0.976
0.920
0.890
0.945
0.958
0.926
0.746
0.880
0.948
0.964
0.976
0.927
0.931
0.942
0.954
0.913
0.966
0.880
0.853
0.924
0.935
0.959
0.934
0.832
0.959
0.934
0.952
0.958
0.939
0.970
0.894
0.903
0.903
0.960
0.949
0.900
0.888
0.918
0.890
0.958
0.899
0.882
0.795
0.795
0.872
0.939
0.955
0.964
0.948
0.940
0.824
0.823
0.909
0.954
0.897
0.899
0.950
0.914
0.902
0.961
0.965
0.967
0.854
0.901
0.947
0.923
0.900
0.923
0.776
0.878
0.952
0.665
0.609
0.638
0.537
0.493
0.601
0.661
0.830
0.783
0.921
0.901
0.963
0.970
0.971
0.925
0.922
0.907
0.884
0.871
0.952
0.871
0.736
0.872
0.849
0.753
0.735
0.690
0.654
0.628
0.601
0.665
0.665
0.695
0.647
0.744
0.799
0.844
0.952
0.973
0.805
0.704
0.703
0.727
0.688
0.734
0.739
0.664
0.640
0.648
0.522
0.599
0.655
0.880
0.839
0.655
0.669
0.670
0.666
0.658
0.844
0.751
0.682
0.671
0.872
0.611
0.649
0.628
0.543
0.570
0.600
0.649
0.435
0.403
0.392
0.554
0.689
0.560
0.552
0.619
0.512
0.515
0.511
0.545
0.484
0.435
0.419
0.480
0.622
0.583
0.570
0.829
0.803
0.803
0.807
0.680
0.605
0.355
0.468
0.459
0.490
0.514
0.683
0.594
0.713
0.619
0.570
0.558
0.654
0.670
0.630
0.597
0.654
0.698
0.605
0.851
0.632
0.513
0.747
0.478
0.405
0.432
0.449
0.479
0.442
0.481
0.632
0.511
0.608
0.646
0.530
0.396
0.385
0.520
0.495
0.545
0.688
0.626
0.697
0.552
0.562
0.608
0.609
0.501
0.465
0.392
0.390
0.427
0.530
0.512
0.591
0.813
0.852
0.715
0.822
0.883
0.881
0.688
0.694
0.785
0.778
0.670
0.532
0.521
0.518
0.497
0.616
0.605
0.579
0.631
0.556
0.736
0.781
0.882
0.553
0.794
0.880
0.764
0.769
0.601
0.571
0.572
0.662
0.592
0.652
0.726
0.846
0.667
0.744
0.879
0.847
0.882
0.942
0.886
0.782
0.668
0.795
0.919
0.680
0.883
0.945
0.974
0.935
0.869
0.719
0.644
0.613
0.773
0.934
0.807
0.867
0.854
0.785
0.949
0.832
0.873
0.776
0.866
0.932
0.886
0.906
0.975
0.957
0.837
0.807
0.945
0.869
0.695
0.885
0.847
0.955
0.966
0.965
0.956
0.964
0.885
0.972
0.861
0.904
0.896
0.817
0.888
0.938
0.949
0.951
0.941
0.894
0.886
0.817
0.840
0.900
0.962
0.939
0.864
0.758
0.922
0.877
0.946
0.939
0.844
0.936
0.868
0.734
0.789
0.840
0.729
0.851
0.930
0.920
0.977
0.974
0.922
0.884
0.832
0.705
0.938
0.959
0.818
0.920
0.937
0.941
0.906
0.908
0.962
0.824
0.858
0.876
0.852
0.768
0.857
0.930
0.947
0.918
0.963
0.955
0.967
0.967
0.962
0.982
0.894
0.898
0.885
0.835
0.948
0.946
0.912
0.923
0.969
0.854
0.946
0.829
0.854
0.946
0.886
0.764
0.695
0.698
0.782
0.904
0.899
0.910
0.947
0.965
0.885
0.878
0.956
0.945
0.942
0.805
0.850
0.866
0.923
0.958
0.903
0.941
0.896
0.926
0.939
0.757
0.780
0.818
0.922
0.861
0.894
0.830
0.960
0.973
0.936
0.908
0.933
0.963
0.958
0.947
0.975
0.851
0.905
0.806
0.824
0.841
0.768
0.898
0.818
0.962
0.901
0.884
0.723
0.687
0.799
0.884
0.952
0.889
0.931
0.790
0.749
0.838
0.837
0.872
0.920
0.899
0.884
0.795
0.857
0.848
0.933
0.954
0.953
0.901
0.783
0.727
0.705
0.668
0.700
0.705
0.805
0.738
0.947
0.891
0.913
0.852
0.896
0.889
0.856
0.927
0.736
0.717
0.806
0.723
0.713
0.706
0.573
0.613
0.699
0.732
0.648
0.637
0.662
0.684
0.780
0.678
0.697
0.908
0.954
0.813
0.631
0.653
0.635
0.640
0.689
0.722
0.683
0.573
0.635
0.666
0.580
0.533
0.625
0.600
0.627
0.550
0.581
0.816
0.783
0.514
0.483
0.527
0.602
0.600
0.632
0.579
0.611
0.725
0.709
0.566
0.443
0.348
0.316
0.298
0.328
0.507
0.469
0.408
0.467
0.511
0.413
0.408
0.426
0.809
0.551
0.482
0.541
0.476
0.351
0.391
0.369
0.308
0.468
0.550
0.647
0.610
0.731
0.540
0.547
0.581
0.562
0.477
0.415
0.437
0.555
0.712
0.772
0.627
0.563
0.573
0.509
0.599
0.592
0.549
0.543
0.573
0.589
0.510
0.525
0.466
0.566
0.564
0.448
0.423
0.501
0.437
0.515
0.495
0.440
0.391
0.505
0.395
0.454
0.502
0.533
0.610
0.678
0.619
0.613
0.694
0.495
0.915
0.717
0.717
0.958
0.770
0.651
0.747
0.685
0.759
0.722
0.617
0.534
0.633
0.805
0.813
0.843
0.689
0.579
0.481
0.466
0.589
0.807
0.707
0.823
0.769
0.709
0.939
0.945
0.769
0.848
0.643
0.684
0.818
0.807
0.966
0.785
0.733
0.618
0.707
0.770
0.674
0.557
0.630
0.853
0.742
0.647
0.586
0.704
0.725
0.752
0.922
0.824
0.710
0.656
0.750
0.842
0.821
0.782
0.936
0.768
0.919
0.945
0.782
0.711
0.914
0.781
0.938
0.901
0.776
0.862
0.851
0.862
0.831
0.671
0.841
0.698
0.735
0.831
0.812
0.772
0.836
0.713
0.621
0.572
0.888
0.714
0.896
0.928
0.943
0.833
0.921
0.925
0.713
0.576
0.681
0.641
0.749
0.672
0.664
0.700
0.573
0.527
0.601
0.617
0.650
0.568
0.588
0.695
0.623
0.646
0.544
0.669
0.932
0.866
0.917
0.959
0.930
0.961
0.766
0.927
0.698
0.888
0.773
0.741
0.961
0.936
0.967
0.918
0.947
0.831
0.907
0.878
0.966
0.908
0.934
0.962
0.869
0.905
0.938
0.922
0.962
0.949
0.965
0.902
0.918
0.913
0.889
0.883
0.761
0.854
0.865
0.962
0.794
0.664
0.638
0.617
0.895
0.851
0.888
0.915
0.900
0.903
0.852
0.962
0.879
0.932
0.929
0.955
0.967
0.949
0.937
0.922
0.920
0.979
0.982
0.910
0.737
0.772
0.935
0.895
0.869
0.920
0.964
0.958
0.980
0.912
0.962
0.897
0.767
0.642
0.789
0.936
0.909
0.869
0.923
0.836
0.880
0.942
0.892
0.836
0.822
0.753
0.835
0.868
0.909
0.733
0.870
0.871
0.894
0.865
0.679
0.858
0.895
0.910
0.896
0.716
0.687
0.673
0.752
0.938
0.956
0.914
0.897
0.822
0.790
0.877
0.738
0.649
0.663
0.859
0.887
0.787
0.723
0.627
0.721
0.831
0.850
0.716
0.583
0.572
0.651
0.669
0.723
0.719
0.774
0.633
0.617
0.640
0.780
0.861
0.922
0.905
0.843
0.733
0.801
0.734
0.875
0.753
0.629
0.623
0.651
0.559
0.548
0.581
0.647
0.737
0.837
0.906
0.800
0.870
0.737
0.619
0.626
0.517
0.477
0.566
0.646
0.693
0.530
0.523
0.623
0.579
0.489
0.523
0.506
0.509
0.521
0.436
0.529
0.470
0.515
0.600
0.518
0.488
0.462
0.550
0.502
0.530
0.696
0.655
0.692
0.907
0.852
0.681
0.711
0.806
0.612
0.476
0.456
0.481
0.472
0.507
0.567
0.767
0.659
0.738
0.734
0.700
0.686
0.645
0.627
0.670
0.564
0.612
0.812
0.667
0.741
0.944
0.918
0.617
0.591
0.627
0.754
0.572
0.514
0.590
0.578
0.586
0.841
0.687
0.696
0.524
0.559
0.579
0.554
0.572
0.595
0.503
0.515
0.485
0.778
0.887
0.746
0.807
0.790
0.671
0.528
0.528
0.536
0.445
0.701
0.554
0.785
0.828
0.657
0.560
0.511
0.573
0.487
0.459
0.415
0.387
0.566
0.633
0.647
0.606
0.549
0.610
0.626
0.414
0.376
0.535
0.631
0.612
0.756
0.651
0.689
0.786
0.613
0.573
0.872
0.978
0.955
0.834
0.932
0.837
0.936
0.954
0.812
0.906
0.940
0.709
0.696
0.646
0.637
0.903
0.957
0.931
0.717
0.925
0.776
0.955
0.872
0.787
0.923
0.946
0.905
0.635
0.659
0.928
0.868
0.942
0.868
0.867
0.761
0.920
0.900
0.964
0.970
0.966
0.772
0.705
0.719
0.746
0.824
0.950
0.975
0.873
0.847
0.864
0.903
0.913
0.918
0.867
0.949
0.891
0.906
0.932
0.974
0.922
0.890
0.927
0.910
0.922
0.946
0.914
0.945
0.882
0.957
0.976
0.964
0.972
0.900
0.922
0.942
0.938
0.942
0.975
0.843
0.953
0.919
0.925
0.965
0.965
0.977
0.971
0.861
0.890
0.927
0.960
0.965
0.939
0.827
0.891
0.951
0.930
0.867
0.876
0.810
0.875
0.892
0.910
0.902
0.967
0.915
0.969
0.941
0.976
0.947
0.915
0.896
0.971
0.938
0.864
0.924
0.972
0.952
0.925
0.951
0.946
0.905
0.957
0.976
0.952
0.973
0.891
0.981
0.925
0.929
0.973
0.981
0.941
0.904
0.912
0.960
0.927
0.917
0.938
0.920
0.955
0.950
0.922
0.887
0.853
0.982
0.912
0.812
0.933
0.942
0.970
0.916
0.890
0.939
0.982
0.923
0.911
0.897
0.939
0.842
0.889
0.816
0.961
0.960
0.967
0.927
0.914
0.835
0.892
0.826
0.924
0.911
0.965
0.968
0.945
0.906
0.829
0.766
0.777
0.895
0.909
0.747
0.714
0.690
0.757
0.709
0.760
0.777
0.876
0.909
0.963
0.950
0.981
0.925
0.727
0.822
0.747
0.831
0.824
0.820
0.782
0.791
0.737
0.883
0.905
0.945
0.917
0.780
0.718
0.679
0.617
0.874
0.933
0.969
0.877
0.704
0.671
0.655
0.699
0.827
0.914
0.926
0.780
0.843
0.729
0.751
0.804
0.810
0.806
0.894
0.890
0.765
0.712
0.821
0.753
0.708
0.706
0.714
0.686
0.931
0.643
0.652
0.665
0.733
0.653
0.552
0.641
0.620
0.527
0.622
0.549
0.606
0.575
0.595
0.614
0.638
0.871
0.731
0.620
0.698
0.519
0.449
0.402
0.430
0.460
0.458
0.672
0.808
0.742
0.640
0.555
0.598
0.554
0.532
0.645
0.896
0.686
0.603
0.578
0.673
0.732
0.639
0.517
0.532
0.649
0.652
0.661
0.592
0.532
0.449
0.477
0.432
0.421
0.386
0.520
0.617
0.573
0.786
0.747
0.623
0.653
0.559
0.510
0.561
0.675
0.612
0.589
0.536
0.540
0.541
0.603
0.513
0.491
0.517
0.784
0.596
0.486
0.496
0.567
0.603
0.701
0.607
0.472
0.550
0.670
0.504
0.462
0.469
0.502
0.603
0.697
0.616
0.529
0.591
0.519
0.535
0.898
0.730
0.872
0.700
0.822
0.906
0.840
0.839
0.765
0.941
0.827
0.823
0.932
0.935
0.981
0.738
0.727
0.785
0.664
0.532
0.664
0.861
0.919
0.900
0.888
0.901
0.953
0.934
0.761
0.941
0.911
0.889
0.975
0.687
0.628
0.598
0.670
0.817
0.876
0.972
0.958
0.819
0.763
0.681
0.884
0.859
0.885
0.794
0.890
0.845
0.972
0.851
0.870
0.889
0.923
0.807
0.661
0.866
0.809
0.925
0.981
0.906
0.749
0.954
0.961
0.926
0.879
0.866
0.931
0.926
0.944
0.886
0.658
0.635
0.804
0.831
0.706
0.644
0.694
0.925
0.966
0.846
0.849
0.955
0.978
0.977
0.817
0.941
0.787
0.928
0.949
0.860
0.783
0.841
0.937
0.971
0.919
0.839
0.902
0.946
0.918
0.951
0.876
0.904
0.961
0.941
0.930
0.927
0.967
0.938
0.932
0.906
0.972
0.984
0.970
0.978
0.980
0.944
0.978
0.877
0.864
0.924
0.948
0.939
0.915
0.920
0.940
0.919
0.951
0.952
0.884
0.945
0.960
0.967
0.881
0.903
0.968
0.975
0.786
0.752
0.689
0.837
0.652
0.750
0.710
0.881
0.930
0.770
0.925
0.875
0.930
0.953
0.951
0.941
0.943
0.957
0.962
0.945
0.941
0.973
0.979
0.955
0.934
0.932
0.922
0.877
0.937
0.960
0.926
0.884
0.892
0.970
0.983
0.871
0.894
0.970
0.922
0.957
0.928
0.964
0.920
0.902
0.946
0.900
0.914
0.883
0.947
0.887
0.858
0.888
0.908
0.954
0.954
0.928
0.958
0.912
0.911
0.896
0.885
0.903
0.967
0.926
0.930
0.968
0.971
0.922
0.977
0.869
0.781
0.723
0.725
0.750
0.756
0.798
0.895
0.906
0.884
0.954
0.926
0.962
0.895
0.797
0.958
0.956
0.916
0.914
0.902
0.934
0.874
0.951
0.808
0.868
0.883
0.974
0.853
0.762
0.674
0.757
0.816
0.912
0.850
0.788
0.773
0.909
0.815
0.894
0.923
0.833
0.714
0.858
0.927
0.631
0.542
0.611
0.652
0.664
0.778
0.797
0.896
0.886
0.737
0.666
0.748
0.922
0.735
0.611
0.586
0.682
0.752
0.665
0.663
0.697
0.689
0.600
0.571
0.620
0.669
0.745
0.891
0.862
0.867
0.765
0.684
0.687
0.645
0.614
0.596
0.582
0.523
0.503
0.509
0.512
0.497
0.499
0.556
0.610
0.901
0.627
0.609
0.535
0.520
0.534
0.485
0.483
0.436
0.427
0.374
0.455
0.497
0.471
0.303
0.452
0.407
0.509
0.545
0.561
0.579
0.534
0.530
0.503
0.544
0.387
0.482
0.505
0.491
0.517
0.395
0.313
0.544
0.526
0.550
0.507
0.532
0.843
0.790
0.703
0.573
0.560
0.552
0.556
0.516
0.547
0.507
0.584
0.633
0.592
0.606
0.682
0.706
0.717
0.801
0.829
0.658
0.710
0.650
0.536
0.557
0.553
0.626
0.651
0.958
0.883
0.737
0.622
0.489
0.482
0.556
0.621
0.737
0.694
0.613
0.663
0.570
0.547
0.626
0.516
0.882
0.759
0.737
0.928
0.937
0.804
0.732
0.602
0.854
0.611
0.640
0.599
0.579
0.625
0.722
0.581
0.567
0.711
0.526
0.601
0.622
0.564
0.545
0.957
0.617
0.568
0.620
0.737
0.685
0.730
0.919
0.922
0.958
0.841
0.954
0.914
0.967
0.968
0.953
0.932
0.829
0.904
0.935
0.937
0.960
0.966
0.838
0.958
0.890
0.915
0.924
0.866
0.724
0.784
0.736
0.849
0.956
0.919
0.964
0.826
0.846
0.874
0.961
0.860
0.828
0.820
0.945
0.781
0.945
0.856
0.808
0.689
0.761
0.656
0.645
0.662
0.842
0.969
0.842
0.919
0.950
0.841
0.905
0.888
0.911
0.932
0.815
0.909
0.880
0.823
0.935
0.934
0.947
0.910
0.762
0.731
0.833
0.969
0.739
0.822
0.892
0.831
0.752
0.789
0.787
0.961
0.829
0.826
0.922
0.876
0.938
0.908
0.962
0.912
0.803
0.872
0.878
0.856
0.855
0.945
0.899
0.845
0.904
0.922
0.972
0.961
0.973
0.955
0.962
0.895
0.895
0.957
0.941
0.947
0.972
0.981
0.980
0.958
0.871
0.851
0.954
0.801
0.822
0.935
0.931
0.788
0.846
0.928
0.833
0.854
0.875
0.871
0.856
0.840
0.904
0.962
0.963
0.955
0.929
0.933
0.943
0.927
0.901
0.926
0.963
0.809
0.663
0.683
0.758
0.874
0.922
0.878
0.948
0.948
0.903
0.736
0.769
0.864
0.778
0.777
0.883
0.865
0.911
0.951
0.959
0.927
0.969
0.924
0.960
0.952
0.914
0.853
0.723
0.735
0.769
0.894
0.791
0.860
0.946
0.958
0.978
0.961
0.843
0.797
0.979
0.839
0.852
0.787
0.760
0.651
0.667
0.702
0.739
0.696
0.893
0.877
0.877
0.842
0.784
0.735
0.802
0.931
0.949
0.899
0.914
0.897
0.748
0.793
0.667
0.616
0.629
0.637
0.821
0.885
0.720
0.682
0.616
0.674
0.710
0.807
0.978
0.897
0.920
0.744
0.694
0.662
0.806
0.865
0.851
0.729
0.706
0.724
0.883
0.859
0.814
0.910
0.882
0.720
0.678
0.670
0.771
0.644
0.732
0.620
0.665
0.542
0.548
0.628
0.533
0.720
0.644
0.733
0.638
0.629
0.617
0.784
0.719
0.700
0.600
0.762
0.671
0.652
0.600
0.516
0.576
0.607
0.616
0.609
0.636
0.617
0.603
0.559
0.563
0.394
0.378
0.408
0.484
0.467
0.404
0.407
0.373
0.371
0.300
0.265
0.373
0.456
0.487
0.362
0.386
0.365
0.352
0.424
0.394
0.478
0.470
0.598
0.718
0.715
0.657
0.687
0.609
0.703
0.709
0.639
0.472
0.472
0.624
0.476
0.438
0.495
0.481
0.547
0.610
0.570
0.646
0.551
0.542
0.478
0.482
0.549
0.590
0.451
0.401
0.446
0.613
0.685
0.836
0.668
0.790
0.900
0.968
0.758
0.705
0.654
0.678
0.694
0.591
0.598
0.583
0.686
0.543
0.594
0.509
0.714
0.903
0.851
0.859
0.600
0.518
0.491
0.474
0.643
0.636
0.576
0.606
0.507
0.601
0.842
0.714
0.882
0.880
0.872
0.832
0.842
0.716
0.736
0.910
0.745
0.789
0.785
0.776
0.774
0.797
0.794
0.824
0.958
0.683
0.624
0.719
0.945
0.964
0.953
0.969
0.904
0.873
0.950
0.913
0.946
0.875
0.914
0.849
0.950
0.813
0.900
0.933
0.981
0.937
0.900
0.668
0.764
0.826
0.935
0.960
0.950
0.911
0.948
0.928
0.960
0.870
0.905
0.960
0.895
0.963
0.863
0.878
0.816
0.870
0.861
0.941
0.951
0.963
0.872
0.899
0.960
0.914
0.929
0.955
0.952
0.955
0.961
0.850
0.869
0.939
0.963
0.975
0.916
0.847
0.885
0.899
0.979
0.984
0.862
0.830
0.733
0.864
0.934
0.939
0.921
0.979
0.825
0.954
0.955
0.982
0.879
0.952
0.905
0.980
0.976
0.896
0.967
0.912
0.907
0.965
0.934
0.953
0.966
0.911
0.852
0.937
0.951
0.977
0.862
0.888
0.946
0.943
0.979
0.868
0.890
0.969
0.850
0.937
0.884
0.951
0.904
0.957
0.964
0.958
0.946
0.925
0.890
0.888
0.969
0.939
0.888
0.831
0.965
0.980
0.981
0.889
0.970
0.949
0.974
0.973
0.981
0.971
0.821
0.947
0.968
0.881
0.909
0.901
0.960
0.924
0.948
0.955
0.955
0.921
0.935
0.729
0.744
0.715
0.818
0.873
0.820
0.924
0.955
0.970
0.857
0.969
0.978
0.902
0.855
0.713
0.662
0.659
0.725
0.851
0.891
0.915
0.948
0.975
0.817
0.898
0.973
0.978
0.912
0.938
0.967
0.892
0.813
0.924
0.941
0.864
0.937
0.850
0.958
0.919
0.802
0.851
0.913
0.967
0.968
0.800
0.748
0.738
0.745
0.752
0.762
0.660
0.644
0.640
0.714
0.723
0.778
0.700
0.897
0.915
0.834
0.817
0.706
0.725
0.707
0.688
0.658
0.671
0.731
0.781
0.895
0.979
0.715
0.586
0.660
0.717
0.681
0.668
0.668
0.692
0.727
0.692
0.612
0.678
0.621
0.571
0.642
0.567
0.572
0.534
0.610
0.491
0.580
0.628
0.484
0.629
0.528
0.600
0.483
0.624
0.668
0.618
0.547
0.508
0.536
0.518
0.480
0.429
0.421
0.544
0.651
0.825
0.705
0.702
0.658
0.705
0.636
0.538
0.589
0.596
0.623
0.725
0.687
0.744
0.672
0.702
0.670
0.697
0.634
0.536
0.586
0.838
0.817
0.740
0.613
0.526
0.507
0.596
0.638
0.643
0.694
0.812
0.684
0.554
0.733
0.578
0.497
0.442
0.465
0.473
0.463
0.569
0.509
0.400
0.468
0.554
0.563
0.615
0.724
0.682
0.620
0.572
0.492
0.601
0.511
0.445
0.524
0.544
0.614
0.599
0.734
0.667
0.669
0.660
0.525
0.544
0.531
0.529
0.628
0.822
0.678
0.517
0.568
0.771
0.614
0.609
0.693
0.831
0.819
0.818
0.851
0.914
0.676
0.865
0.770
0.748
0.707
0.626
0.732
0.759
0.899
0.710
0.934
0.659
0.822
0.634
0.799
0.930
0.777
0.626
0.572
0.659
0.921
0.877
0.773
0.830
0.951
0.704
0.687
0.894
0.981
0.813
0.783
0.670
0.629
0.867
0.957
0.949
0.860
0.851
0.960
0.925
0.951
0.883
0.836
0.914
0.944
0.779
0.899
0.953
0.947
0.815
0.812
0.727
0.653
0.682
0.637
0.643
0.652
0.712
0.910
0.849
0.820
0.919
0.948
0.859
0.874
0.925
0.894
0.909
0.964
0.844
0.729
0.848
0.801
0.941
0.932
0.964
0.968
0.946
0.886
0.959
0.951
0.969
0.874
0.817
0.877
0.851
0.941
0.972
0.978
0.978
0.878
0.877
0.845
0.954
0.737
0.760
0.933
0.864
0.811
0.850
0.884
0.971
0.882
0.980
0.878
0.962
0.955
0.950
0.921
0.966
0.940
0.894
0.875
0.936
0.950
0.944
0.904
0.887
0.980
0.972
0.940
0.870
0.850
0.931
0.968
0.940
0.969
0.943
0.936
0.981
0.930
0.915
0.949
0.946
0.974
0.945
0.906
0.976
0.946
0.978
0.964
0.937
0.911
0.971
0.965
0.948
0.967
0.950
0.925
0.941
0.939
0.922
0.865
0.812
0.729
0.692
0.631
0.595
0.609
0.698
0.803
0.958
0.975
0.953
0.920
0.944
0.956
0.922
0.859
0.937
0.933
0.925
0.965
0.911
0.932
0.895
0.920
0.952
0.960
0.888
0.937
0.941
0.977
0.922
0.957
0.964
0.973
0.959
0.910
0.952
0.750
0.682
0.863
0.878
0.828
0.810
0.802
0.972
0.860
0.917
0.884
0.943
0.939
0.946
0.877
0.838
0.744
0.811
0.943
0.760
0.748
0.774
0.726
0.822
0.835
0.746
0.705
0.958
0.863
0.942
0.912
0.804
0.959
0.970
0.976
0.895
0.911
0.828
0.920
0.906
0.863
0.890
0.888
0.963
0.741
0.862
0.809
0.748
0.677
0.655
0.651
0.778
0.738
0.707
0.908
0.737
0.689
0.669
0.609
0.725
0.734
0.560
0.552
0.587
0.667
0.600
0.576
0.595
0.607
0.671
0.706
0.605
0.602
0.738
0.649
0.604
0.578
0.567
0.590
0.557
0.541
0.618
0.569
0.621
0.599
0.635
0.649
0.933
0.891
0.756
0.937
0.959
0.961
0.680
0.738
0.523
0.466
0.459
0.503
0.492
0.467
0.562
0.581
0.808
0.758
0.817
0.922
0.741
0.818
0.840
0.663
0.648
0.600
0.497
0.458
0.458
0.528
0.562
0.507
0.451
0.527
0.513
0.501
0.568
0.566
0.611
0.546
0.473
0.472
0.777
0.641
0.627
0.520
0.837
0.920
0.640
0.535
0.420
0.403
0.532
0.714
0.564
0.535
0.649
0.882
0.741
0.678
0.671
0.515
0.497
0.497
0.440
0.426
0.538
0.728
0.595
0.637
0.533
0.514
0.446
0.594
0.601
0.527
0.486
0.414
0.709
0.645
0.495
0.555
0.629
0.636
0.873
0.806
0.567
0.534
0.489
0.505
0.679
0.786
0.542
0.651
0.579
0.610
0.705
0.606
0.714
0.681
0.439
0.417
0.494
0.477
0.474
0.554
0.872
0.676
0.587
0.675
0.643
0.972
0.703
0.799
0.899
0.919
0.879
0.853
0.799
0.871
0.951
0.890
0.890
0.713
0.864
0.967
0.876
0.877
0.918
0.892
0.817
0.708
0.559
0.519
0.618
0.713
0.671
0.935
0.887
0.917
0.958
0.980
0.927
0.877
0.898
0.904
0.912
0.955
0.797
0.810
0.759
0.697
0.790
0.794
0.905
0.948
0.951
0.860
0.822
0.858
0.892
0.871
0.864
0.741
0.932
0.935
0.841
0.907
0.916
0.973
0.884
0.889
0.919
0.942
0.872
0.946
0.980
0.982
0.918
0.893
0.824
0.921
0.737
0.676
0.895
0.881
0.913
0.783
0.776
0.885
0.878
0.916
0.798
0.958
0.891
0.937
0.829
0.685
0.690
0.826
0.894
0.871
0.850
0.944
0.948
0.840
0.829
0.842
0.848
0.868
0.862
0.952
0.741
0.894
0.967
0.826
0.940
0.942
0.900
0.870
0.920
0.956
0.784
0.895
0.931
0.973
0.958
0.944
0.922
0.874
0.963
0.937
0.911
0.922
0.898
0.842
0.935
0.863
0.864
0.830
0.966
0.967
0.935
0.948
0.971
0.976
0.816
0.732
0.861
0.961
0.838
0.904
0.867
0.887
0.874
0.938
0.878
0.947
0.949
0.962
0.908
0.921
0.855
0.901
0.950
0.981
0.924
0.810
0.904
0.862
0.872
0.925
0.928
0.933
0.851
0.739
0.952
0.902
0.896
0.830
0.740
0.724
0.716
0.933
0.824
0.962
0.916
0.934
0.932
0.818
0.608
0.518
0.536
0.525
0.664
0.694
0.767
0.698
0.942
0.961
0.962
0.880
0.933
0.959
0.750
0.691
0.708
0.687
0.635
0.677
0.656
0.738
0.746
0.821
0.829
0.891
0.956
0.746
0.688
0.732
0.665
0.647
0.751
0.790
0.728
0.865
0.755
0.694
0.717
0.778
0.721
0.728
0.721
0.616
0.713
0.744
0.684
0.707
0.675
0.610
0.665
0.630
0.648
0.871
0.700
0.605
0.591
0.578
0.549
0.619
0.644
0.605
0.657
0.852
0.798
0.685
0.659
0.618
0.626
0.893
0.644
0.661
0.594
0.555
0.431
0.500
0.468
0.566
0.643
0.569
0.665
0.650
0.742
0.709
0.870
0.716
0.566
0.519
0.489
0.457
0.493
0.427
0.530
0.638
0.640
0.591
0.543
0.505
0.452
0.433
0.380
0.448
0.516
0.446
0.510
0.326
0.309
0.323
0.387
0.545
0.540
0.612
0.704
0.492
0.541
0.580
0.698
0.492
0.432
0.467
0.529
0.342
0.409
0.395
0.472
0.646
0.609
0.379
0.407
0.339
0.356
0.353
0.452
0.577
0.749
0.627
0.882
0.664
0.506
0.455
0.479
0.475
0.441
0.438
0.480
0.586
0.540
0.572
0.502
0.400
0.500
0.520
0.541
0.614
0.947
0.970
0.975
0.644
0.537
0.577
0.630
0.930
0.937
0.750
0.860
0.977
0.929
0.925
0.775
0.938
0.936
0.924
0.898
0.971
0.922
0.934
0.846
0.685
0.887
0.931
0.952
0.924
0.928
0.926
0.693
0.860
0.825
0.716
0.824
0.701
0.875
0.725
0.910
0.962
0.914
0.854
0.751
0.804
0.801
0.884
0.896
0.962
0.952
0.979
0.976
0.949
0.932
0.876
0.968
0.806
0.882
0.935
0.855
0.716
0.645
0.594
0.755
0.684
0.758
0.880
0.958
0.691
0.635
0.772
0.889
0.882
0.735
0.956
0.906
0.895
0.821
0.902
0.896
0.780
0.876
0.817
0.883
0.914
0.972
0.932
0.866
0.967
0.978
0.973
0.834
0.894
0.940
0.953
0.964
0.957
0.944
0.949
0.875
0.956
0.979
0.974
0.972
0.941
0.937
0.936
0.930
0.934
0.957
0.978
0.961
0.938
0.943
0.979
0.951
0.937
0.936
0.944
0.879
0.971
0.982
0.968
0.976
0.972
0.876
0.951
0.969
0.967
0.968
0.923
0.906
0.900
0.943
0.866
0.925
0.840
0.903
0.970
0.863
0.828
0.717
0.733
0.770
0.757
0.918
0.966
0.967
0.974
0.898
0.852
0.919
0.767
0.817
0.948
0.944
0.953
0.936
0.969
0.975
0.923
0.923
0.851
0.836
0.895
0.949
0.969
0.975
0.971
0.955
0.892
0.967
0.981
0.970
0.919
0.958
0.966
0.966
0.964
0.898
0.956
0.949
0.979
0.895
0.811
0.741
0.784
0.829
0.933
0.854
0.915
0.915
0.957
0.963
0.971
0.975
0.912
0.956
0.917
0.969
0.908
0.903
0.927
0.964
0.922
0.951
0.961
0.936
0.917
0.972
0.925
0.948
0.949
0.961
0.860
0.765
0.814
0.732
0.830
0.842
0.914
0.852
0.938
0.920
0.941
0.885
0.819
0.749
0.842
0.916
0.898
0.822
0.857
0.810
0.787
0.798
0.924
0.917
0.880
0.879
0.761
0.847
0.910
0.821
0.854
0.966
0.946
0.815
0.778
0.913
0.797
0.728
0.894
0.841
0.921
0.917
0.901
0.829
0.828
0.856
0.926
0.914
0.748
0.748
0.735
0.691
0.752
0.689
0.715
0.709
0.697
0.818
0.869
0.892
0.874
0.717
0.742
0.714
0.599
0.738
0.643
0.696
0.700
0.590
0.574
0.590
0.526
0.499
0.530
0.502
0.481
0.540
0.474
0.488
0.658
0.660
0.592
0.508
0.522
0.521
0.576
0.707
0.454
0.433
0.527
0.584
0.615
0.511
0.454
0.372
0.414
0.358
0.459
0.397
0.490
0.414
0.771
0.609
0.663
0.588
0.571
0.518
0.481
0.483
0.439
0.505
0.443
0.573
0.482
0.404
0.536
0.430
0.482
0.642
0.621
0.536
0.535
0.661
0.754
0.714
0.664
0.491
0.525
0.564
0.526
0.549
0.734
0.663
0.634
0.662
0.639
0.632
0.510
0.469
0.453
0.414
0.527
0.531
0.538
0.560
0.475
0.558
0.535
0.522
0.450
0.450
0.745
0.589
0.685
0.608
0.519
0.475
0.470
0.627
0.472
0.605
0.523
0.581
0.932
0.618
0.536
0.560
0.495
0.584
0.739
0.892
0.616
0.623
0.870
0.701
0.787
0.553
0.647
0.682
0.623
0.664
0.736
0.687
0.727
0.677
0.896
0.979
0.750
0.887
0.907
0.833
0.738
0.750
0.859
0.653
0.680
0.934
0.842
0.929
0.707
0.670
0.931
0.980
0.943
0.847
0.762
0.772
0.835
0.901
0.956
0.969
0.969
0.904
0.909
0.961
0.966
0.946
0.885
0.832
0.773
0.776
0.842
0.738
0.622
0.645
0.621
0.585
0.617
0.660
0.629
0.703
0.561
0.592
0.798
0.662
0.804
0.755
0.808
0.702
0.730
0.779
0.931
0.831
0.948
0.956
0.963
0.804
0.743
0.860
0.766
0.882
0.948
0.948
0.973
0.871
0.878
0.981
0.943
0.891
0.840
0.781
0.851
0.910
0.881
0.811
0.825
0.953
0.881
0.734
0.761
0.955
0.945
0.875
0.969
0.968
0.863
0.952
0.964
0.854
0.940
0.945
0.977
0.973
0.859
0.815
0.838
0.957
0.960
0.824
0.942
0.943
0.911
0.979
0.959
0.893
0.908
0.849
0.858
0.807
0.923
0.943
0.940
0.810
0.753
0.879
0.954
0.976
0.857
0.953
0.957
0.939
0.854
0.820
0.929
0.880
0.977
0.959
0.953
0.930
0.968
0.967
0.961
0.923
0.885
0.944
0.928
0.966
0.908
0.880
0.859
0.864
0.967
0.976
0.912
0.923
0.974
0.948
0.852
0.945
0.942
0.965
0.960
0.895
0.933
0.853
0.937
0.862
0.881
0.926
0.960
0.899
0.858
0.955
0.835
0.873
0.900
0.888
0.833
0.870
0.892
0.905
0.874
0.860
0.886
0.905
0.823
0.748
0.706
0.730
0.718
0.718
0.687
0.892
0.854
0.789
0.806
0.770
0.667
0.725
0.930
0.882
0.878
0.802
0.907
0.903
0.745
0.701
0.654
0.654
0.632
0.669
0.689
0.785
0.946
0.906
0.924
0.902
0.851
0.846
0.789
0.759
0.647
0.700
0.726
0.701
0.833
0.746
0.806
0.727
0.703
0.926
0.955
0.782
0.683
0.691
0.693
0.788
0.897
0.885
0.830
0.714
0.636
0.690
0.748
0.785
0.676
0.630
0.644
0.677
0.676
0.877
0.792
0.664
0.550
0.515
0.489
0.616
0.603
0.625
0.584
0.608
0.742
0.715
0.600
0.571
0.603
0.672
0.639
0.642
0.758
0.714
0.677
0.536
0.691
0.584
0.492
0.538
0.604
0.563
0.520
0.535
0.561
0.460
0.467
0.537
0.456
0.508
0.548
0.469
0.391
0.386
0.350
0.393
0.466
0.543
0.480
0.467
0.419
0.434
0.484
0.431
0.479
0.511
0.481
0.607
0.616
0.568
0.524
0.656
0.474
0.498
0.506
0.496
0.670
0.601
0.492
0.459
0.342
0.426
0.445
0.495
0.458
0.490
0.457
0.641
0.671
0.652
0.671
0.626
0.578
0.514
0.493
0.432
0.446
0.516
0.474
0.502
0.463
0.502
0.605
0.574
0.522
0.577
0.527
0.619
0.722
0.586
0.567
0.606
0.647
0.632
0.582
0.569
0.663
0.641
0.652
0.621
0.761
0.672
0.583
0.579
0.575
0.580
0.537
0.590
0.542
0.633
0.544
0.562
0.451
0.452
0.680
0.904
0.854
0.675
0.812
0.675
0.690
0.636
0.605
0.592
0.596
0.572
0.546
0.458
0.549
0.638
0.652
0.680
0.713
0.583
0.530
0.569
0.695
0.588
0.578
0.563
0.605
0.620
0.495
0.492
0.638
0.755
0.666
0.538
0.626
0.564
0.588
0.918
0.786
0.754
0.747
0.674
0.759
0.690
0.518
0.530
0.607
0.624
0.589
0.718
0.961
0.865
0.954
0.948
0.890
0.982
0.887
0.982
0.929
0.973
0.976
0.903
0.817
0.942
0.887
0.877
0.835
0.830
0.819
0.753
0.736
0.734
0.789
0.679
0.664
0.758
0.824
0.940
0.751
0.910
0.845
0.896
0.860
0.976
0.877
0.978
0.904
0.850
0.929
0.801
0.865
0.947
0.948
0.862
0.898
0.942
0.940
0.912
0.905
0.951
0.897
0.972
0.922
0.930
0.920
0.828
0.912
0.903
0.958
0.970
0.822
0.646
0.647
0.830
0.926
0.910
0.818
0.976
0.952
0.943
0.939
0.878
0.940
0.911
0.967
0.956
0.938
0.845
0.917
0.946
0.889
0.926
0.971
0.979
0.846
0.951
0.963
0.973
0.922
0.916
0.848
0.912
0.821
0.884
0.831
0.837
0.827
0.737
0.774
0.853
0.846
0.715
0.826
0.876
0.958
0.978
0.873
0.750
0.769
0.820
0.936
0.881
0.847
0.893
0.917
0.857
0.755
0.796
0.866
0.814
0.911
0.962
0.959
0.981
0.952
0.801
0.794
0.922
0.876
0.840
0.895
0.852
0.903
0.798
0.757
0.749
0.924
0.880
0.947
0.857
0.850
0.739
0.820
0.857
0.821
0.838
0.798
0.750
0.883
0.902
0.894
0.770
0.713
0.661
0.656
0.751
0.685
0.736
0.825
0.903
0.712
0.664
0.614
0.573
0.647
0.689
0.673
0.651
0.622
0.592
0.654
0.688
0.572
0.743
0.692
0.686
0.843
0.656
0.810
0.848
0.752
0.703
0.663
0.788
0.706
0.679
0.690
0.715
0.720
0.841
0.761
0.714
0.695
0.716
0.633
0.657
0.847
0.667
0.848
0.669
0.626
0.655
0.557
0.582
0.596
0.478
0.404
0.569
0.452
0.458
0.415
0.428
0.391
0.395
0.533
0.484
0.524
0.606
0.661
0.598
0.560
0.519
0.515
0.459
0.425
0.372
0.457
0.594
0.538
0.524
0.648
0.626
0.529
0.623
0.627
0.486
0.529
0.555
0.562
0.632
0.568
0.491
0.627
0.679
0.639
0.723
0.712
0.716
0.767
0.640
0.980
0.613
0.533
0.473
0.499
0.528
0.641
0.638
0.600
0.643
0.701
0.653
0.579
0.621
0.468
0.515
0.509
0.692
0.681
0.723
0.724
0.560
0.446
0.526
0.498
0.681
0.586
0.728
0.585
0.908
0.789
0.872
0.915
0.787
0.662
0.551
0.620
0.697
0.967
0.648
0.594
0.642
0.722
0.921
0.926
0.894
0.875
0.951
0.938
0.934
0.733
0.978
0.845
0.569
0.602
0.789
0.914
0.758
0.633
0.664
0.921
0.770
0.943
0.926
0.969
0.823
0.852
0.758
0.726
0.887
0.742
0.936
0.752
0.908
0.960
0.972
0.971
0.877
0.928
0.973
0.841
0.691
0.925
0.921
0.774
0.963
0.859
0.934
0.968
0.904
0.966
0.955
0.938
0.953
0.923
0.932
0.969
0.975
0.945
0.830
0.708
0.911
0.939
0.921
0.968
0.968
0.867
0.951
0.770
0.658
0.631
0.544
0.628
0.814
0.885
0.865
0.669
0.641
0.555
0.604
0.618
0.827
0.899
0.979
0.837
0.789
0.887
0.899
0.850
0.958
0.905
0.920
0.916
0.899
0.948
0.940
0.965
0.966
0.944
0.809
0.810
0.867
0.959
0.969
0.898
0.928
0.961
0.945
0.962
0.971
0.924
0.976
0.925
0.953
0.932
0.903
0.949
0.973
0.906
0.968
0.969
0.913
0.710
0.848
0.849
0.940
0.895
0.958
0.924
0.979
0.942
0.884
0.923
0.954
0.956
0.856
0.962
0.969
0.969
0.809
0.940
0.950
0.974
0.951
0.947
0.953
0.945
0.964
0.976
0.965
0.925
0.963
0.963
0.940
0.922
0.893
0.966
0.830
0.884
0.900
0.951
0.928
0.957
0.943
0.895
0.814
0.843
0.923
0.960
0.980
0.939
0.937
0.883
0.921
0.968
0.946
0.965
0.967
0.973
0.923
0.954
0.964
0.980
0.867
0.912
0.881
0.957
0.863
0.851
0.854
0.952
0.885
0.919
0.907
0.863
0.823
0.739
0.860
0.902
0.916
0.866
0.833
0.757
0.913
0.836
0.893
0.908
0.906
0.804
0.826
0.833
0.686
0.711
0.815
0.916
0.931
0.935
0.887
0.828
0.899
0.810
0.788
0.821
0.792
0.845
0.928
0.814
0.884
0.864
0.770
0.794
0.797
0.789
0.736
0.720
0.898
0.765
0.654
0.589
0.593
0.599
0.581
0.641
0.581
0.579
0.654
0.843
0.769
0.655
0.736
0.735
0.855
0.686
0.752
0.940
0.798
0.733
0.681
0.647
0.620
0.675
0.659
0.642
0.730
0.915
0.771
0.690
0.576
0.646
0.643
0.691
0.822
0.723
0.635
0.575
0.623
0.596
0.601
0.660
0.577
0.682
0.573
0.562
0.512
0.491
0.575
0.576
0.558
0.439
0.492
0.463
0.523
0.626
0.618
0.618
0.642
0.500
0.486
0.665
0.624
0.619
0.570
0.625
0.556
0.506
0.615
0.689
0.586
0.686
0.840
0.574
0.452
0.553
0.532
0.458
0.400
0.586
0.682
0.695
0.551
0.484
0.575
0.589
0.607
0.512
0.511
0.663
0.871
0.646
0.545
0.614
0.507
0.357
0.432
0.508
0.529
0.703
0.605
0.590
0.781
0.782
0.837
0.664
0.555
0.564
0.541
0.653
0.653
0.663
0.816
0.662
0.924
0.655
0.590
0.909
0.782
0.919
0.730
0.674
0.793
0.981
0.798
0.868
0.710
0.843
0.749
0.943
0.946
0.912
0.978
0.939
0.920
0.867
0.866
0.856
0.651
0.568
0.666
0.894
0.892
0.843
0.959
0.940
0.893
0.865
0.940
0.878
0.777
0.739
0.889
0.936
0.839
0.762
0.781
0.629
0.672
0.818
0.890
0.868
0.840
0.822
0.883
0.883
0.864
0.821
0.870
0.810
0.656
0.690
0.874
0.948
0.947
0.972
0.861
0.769
0.891
0.974
0.900
0.974
0.892
0.969
0.976
0.950
0.970
0.896
0.940
0.906
0.908
0.782
0.798
0.805
0.727
0.817
0.698
0.645
0.791
0.768
0.726
0.636
0.795
0.808
0.782
0.884
0.915
0.711
0.780
0.888
0.891
0.847
0.883
0.942
0.836
0.862
0.752
0.867
0.936
0.776
0.845
0.894
0.981
0.912
0.879
0.881
0.965
0.962
0.963
0.875
0.906
0.938
0.965
0.963
0.865
0.909
0.918
0.955
0.971
0.952
0.884
0.944
0.951
0.953
0.905
0.953
0.948
0.810
0.806
0.933
0.956
0.927
0.960
0.977
0.899
0.959
0.933
0.975
0.963
0.961
0.889
0.910
0.880
0.960
0.923
0.976
0.910
0.920
0.944
0.975
0.895
0.869
0.880
0.950
0.944
0.937
0.747
0.767
0.706
0.814
0.891
0.960
0.889
0.871
0.899
0.976
0.945
0.964
0.948
0.961
0.941
0.914
0.964
0.964
0.937
0.887
0.716
0.665
0.737
0.799
0.762
0.848
0.954
0.913
0.866
0.964
0.935
0.881
0.917
0.929
0.788
0.791
0.869
0.952
0.980
0.906
0.866
0.920
0.928
0.981
0.766
0.719
0.788
0.788
0.941
0.922
0.918
0.884
0.881
0.833
0.756
0.845
0.752
0.750
0.804
0.839
0.895
0.913
0.860
0.964
0.974
0.947
0.901
0.964
0.953
0.885
0.876
0.885
0.946
0.972
0.950
0.911
0.946
0.834
0.772
0.826
0.741
0.851
0.777
0.758
0.783
0.754
0.814
0.862
0.855
0.869
0.755
0.836
0.909
0.775
0.768
0.820
0.796
0.913
0.763
0.663
0.810
0.734
0.651
0.702
0.696
0.842
0.788
0.784
0.884
0.776
0.677
0.702
0.715
0.641
0.600
0.606
0.561
0.587
0.637
0.701
0.627
0.584
0.588
0.755
0.618
0.571
0.565
0.558
0.603
0.507
0.517
0.544
0.744
0.644
0.622
0.818
0.830
0.736
0.834
0.752
0.657
0.596
0.613
0.521
0.602
0.603
0.594
0.633
0.537
0.519
0.578
0.646
0.868
0.787
0.850
0.572
0.496
0.431
0.395
0.470
0.506
0.468
0.533
0.449
0.592
0.593
0.589
0.637
0.838
0.798
0.802
0.651
0.603
0.560
0.484
0.460
0.598
0.591
0.647
0.629
0.663
0.669
0.975
0.664
0.570
0.627
0.600
0.774
0.871
0.939
0.880
0.803
0.717
0.863
0.704
0.935
0.863
0.887
0.822
0.815
0.808
0.909
0.680
0.585
0.596
0.465
0.425
0.543
0.532
0.568
0.631
0.699
0.651
0.739
0.632
0.619
0.506
0.591
0.879
0.670
0.732
0.919
0.954
0.981
0.941
0.735
0.628
0.944
0.847
0.727
0.605
0.895
0.760
0.769
0.876
0.950
0.835
0.748
0.644
0.600
0.803
0.953
0.816
0.660
0.910
0.768
0.863
0.944
0.841
0.798
0.776
0.746
0.906
0.932
0.779
0.920
0.861
0.905
0.844
0.884
0.765
0.837
0.900
0.948
0.910
0.887
0.866
0.964
0.898
0.910
0.977
0.819
0.833
0.777
0.822
0.825
0.908
0.863
0.730
0.688
0.875
0.965
0.840
0.959
0.902
0.794
0.910
0.905
0.950
0.948
0.971
0.903
0.941
0.931
0.930
0.937
0.757
0.866
0.898
0.822
0.896
0.785
0.888
0.812
0.790
0.928
0.811
0.846
0.809
0.810
0.743
0.715
0.789
0.798
0.752
0.785
0.797
0.793
0.955
0.909
0.903
0.980
0.944
0.963
0.897
0.764
0.856
0.888
0.943
0.966
0.921
0.974
0.973
0.958
0.869
0.737
0.624
0.610
0.578
0.762
0.845
0.791
0.869
0.861
0.955
0.761
0.909
0.928
0.982
0.830
0.851
0.865
0.949
0.907
0.950
0.939
0.927
0.885
0.936
0.977
0.922
0.931
0.970
0.929
0.955
0.970
0.945
0.958
0.926
0.969
0.969
0.907
0.918
0.966
0.970
0.960
0.919
0.937
0.974
0.925
0.883
0.899
0.912
0.977
0.951
0.924
0.949
0.944
0.952
0.914
0.924
0.965
0.943
0.965
0.879
0.954
0.976
0.964
0.978
0.900
0.922
0.920
0.818
0.917
0.958
0.886
0.911
0.947
0.880
0.825
0.802
0.788
0.743
0.827
0.726
0.742
0.801
0.934
0.809
0.814
0.735
0.788
0.753
0.766
0.751
0.777
0.860
0.924
0.887
0.973
0.852
0.782
0.761
0.834
0.801
0.918
0.917
0.854
0.816
0.708
0.833
0.937
0.890
0.887
0.975
0.927
0.868
0.767
0.772
0.746
0.678
0.666
0.686
0.914
0.869
0.889
0.904
0.870
0.862
0.779
0.837
0.771
0.749
0.859
0.799
0.847
0.904
0.777
0.767
0.830
0.775
0.689
0.686
0.704
0.813
0.828
0.823
0.819
0.808
0.948
0.933
0.933
0.830
0.748
0.829
0.701
0.743
0.778
0.852
0.923
0.721
0.703
0.717
0.679
0.676
0.665
0.661
0.624
0.631
0.626
0.567
0.608
0.778
0.585
0.585
0.539
0.547
0.662
0.496
0.575
0.638
0.727
0.730
0.660
0.785
0.564
0.596
0.677
0.952
0.807
0.654
0.778
0.826
0.751
0.882
0.758
0.654
0.681
0.678
0.810
0.660
0.654
0.834
0.728
0.790
0.792
0.647
0.508
0.550
0.431
0.393
0.474
0.554
0.758
0.553
0.650
0.644
0.548
0.609
0.509
0.562
0.769
0.711
0.859
0.708
0.721
0.816
0.815
0.940
0.910
0.799
0.901
0.754
0.722
0.680
0.906
0.824
0.946
0.961
0.745
0.811
0.756
0.816
0.667
0.667
0.567
0.945
0.782
0.817
0.736
0.819
0.642
0.583
0.653
0.948
0.809
0.821
0.904
0.916
0.954
0.953
0.825
0.962
0.939
0.980
0.767
0.685
0.623
0.684
0.943
0.891
0.905
0.946
0.917
0.914
0.883
0.941
0.956
0.893
0.884
0.863
0.859
0.926
0.955
0.680
0.776
0.664
0.797
0.869
0.858
0.925
0.929
0.951
0.833
0.708
0.846
0.839
0.867
0.931
0.934
0.895
0.876
0.857
0.923
0.859
0.815
0.964
0.942
0.946
0.872
0.917
0.847
0.850
0.982
0.983
0.960
0.913
0.870
0.918
0.890
0.968
0.969
0.965
0.946
0.885
0.909
0.879
0.772
0.871
0.912
0.825
0.881
0.762
0.694
0.890
0.972
0.888
0.846
0.843
0.867
0.886
0.865
0.789
0.836
0.870
0.862
0.932
0.962
0.860
0.948
0.921
0.904
0.775
0.702
0.796
0.932
0.940
0.910
0.946
0.915
0.840
0.978
0.949
0.877
0.954
0.827
0.897
0.837
0.898
0.937
0.920
0.891
0.947
0.925
0.892
0.886
0.885
0.916
0.965
0.967
0.979
0.851
0.855
0.863
0.893
0.891
0.864
0.874
0.931
0.925
0.810
0.830
0.919
0.972
0.928
0.914
0.922
0.862
0.974
0.868
0.928
0.923
0.849
0.833
0.972
0.944
0.916
0.966
0.959
0.858
0.836
0.884
0.947
0.924
0.849
0.941
0.891
0.945
0.933
0.813
0.898
0.855
0.814
0.864
0.899
0.876
0.939
0.948
0.943
0.956
0.863
0.933
0.965
0.965
0.941
0.813
0.834
0.903
0.795
0.720
0.725
0.720
0.731
0.858
0.821
0.926
0.958
0.862
0.908
0.828
0.904
0.761
0.738
0.751
0.823
0.846
0.743
0.800
0.871
0.904
0.935
0.758
0.715
0.762
0.904
0.876
0.914
0.866
0.832
0.777
0.842
0.772
0.855
0.912
0.797
0.707
0.673
0.697
0.653
0.847
0.781
0.819
0.695
0.884
0.726
0.673
0.606
0.657
0.746
0.741
0.837
0.759
0.662
0.677
0.642
0.655
0.851
0.861
0.916
0.850
0.667
0.830
0.681
0.664
0.679
0.838
0.588
0.533
0.599
0.603
0.617
0.560
0.707
0.562
0.580
0.624
0.778
0.715
0.665
0.690
0.665
0.617
0.687
0.494
0.533
0.558
0.609
0.585
0.495
0.633
0.491
0.518
0.527
0.566
0.589
0.543
0.505
0.488
0.452
0.406
0.391
0.402
0.540
0.512
0.403
0.481
0.433
0.426
0.685
0.896
0.722
0.701
0.502
0.453
0.736
0.635
0.667
0.656
0.553
0.557
0.590
0.588
0.511
0.566
0.525
0.528
0.497
0.533
0.483
0.476
0.633
0.766
0.641
0.813
0.664
0.500
0.499
0.470
0.450
0.358
0.407
0.439
0.434
0.512
0.457
0.429
0.427
0.563
0.557
0.464
0.486
0.604
0.656
0.586
0.497
0.371
0.405
0.601
0.551
0.742
0.716
0.841
0.701
0.528
0.500
0.727
0.727
0.930
0.773
0.777
0.928
0.697
0.721
0.684
0.560
0.620
0.864
0.887
0.908
0.727
0.757
0.798
0.945
0.743
0.725
0.700
0.850
0.881
0.942
0.804
0.943
0.807
0.895
0.669
0.903
0.891
0.873
0.709
0.886
0.889
0.942
0.884
0.940
0.845
0.879
0.860
0.832
0.825
0.933
0.774
0.709
0.602
0.682
0.767
0.976
0.885
0.859
0.956
0.846
0.891
0.946
0.923
0.913
0.785
0.826
0.864
0.869
0.829
0.944
0.951
0.967
0.908
0.946
0.969
0.910
0.899
0.898
0.934
0.980
0.907
0.710
0.679
0.738
0.663
0.694
0.574
0.635
0.792
0.944
0.977
0.882
0.830
0.750
0.752
0.887
0.881
0.969
0.973
0.927
0.894
0.962
0.981
0.945
0.906
0.965
0.957
0.957
0.905
0.973
0.956
0.853
0.902
0.953
0.960
0.884
0.961
0.967
0.968
0.932
0.964
0.958
0.907
0.907
0.826
0.973
0.936
0.813
0.932
0.964
0.976
0.903
0.901
0.931
0.957
0.974
0.957
0.907
0.808
0.960
0.964
0.920
0.922
0.973
0.947
0.963
0.906
0.976
0.929
0.930
0.895
0.927
0.922
0.962
0.977
0.942
0.966
0.963
0.937
0.951
0.955
0.966
0.943
0.967
0.967
0.977
0.982
0.855
0.917
0.895
0.976
0.982
0.938
0.879
0.911
0.980
0.873
0.949
0.969
0.959
0.903
0.976
0.923
0.954
0.841
0.930
0.958
0.939
0.927
0.954
0.978
0.967
0.792
0.744
0.743
0.770
0.891
0.831
0.916
0.891
0.942
0.760
0.755
0.757
0.799
0.735
0.651
0.631
0.590
0.622
0.782
0.792
0.630
0.583
0.568
0.578
0.526
0.522
0.543
0.597
0.706
0.655
0.671
0.832
0.914
0.909
0.922
0.975
0.820
0.727
0.690
0.695
0.728
0.796
0.893
0.897
0.970
0.809
0.847
0.796
0.791
0.871
0.937
0.761
0.712
0.813
0.876
0.943
0.819
0.843
0.710
0.646
0.637
0.816
0.643
0.736
0.872
0.775
0.770
0.716
0.637
0.737
0.684
0.662
0.670
0.700
0.725
0.562
0.553
0.499
0.408
0.504
0.502
0.588
0.658
0.551
0.562
0.629
0.649
0.723
0.640
0.562
0.527
0.543
0.619
0.653
0.538
0.758
0.722
0.700
0.720
0.666
0.612
0.634
0.617
0.754
0.512
0.604
0.669
0.611
0.478
0.435
0.476
0.526
0.546
0.544
0.685
0.590
0.555
0.497
0.608
0.597
0.613
0.613
0.666
0.575
0.562
0.714
0.618
0.466
0.441
0.407
0.560
0.533
0.828
0.662
0.680
0.628
0.652
0.584
0.599
0.616
0.432
0.393
0.422
0.421
0.541
0.631
0.855
0.694
0.621
0.668
0.507
0.437
0.590
0.698
0.791
0.559
0.519
0.554
0.584
0.684
0.756
0.634
0.566
0.525
0.524
0.572
0.635
0.784
0.697
0.887
0.838
0.832
0.704
0.599
0.910
0.761
0.950
0.890
0.833
0.857
0.872
0.947
0.905
0.898
0.662
0.928
0.971
0.786
0.677
0.592
0.623
0.709
0.576
0.635
0.846
0.889
0.880
0.732
0.948
0.802
0.947
0.761
0.715
0.958
0.902
0.854
0.954
0.977
0.722
0.578
0.679
0.538
0.722
0.866
0.935
0.825
0.888
0.706
0.613
0.671
0.893
0.941
0.954
0.927
0.923
0.879
0.897
0.934
0.945
0.956
0.895
0.950
0.982
0.933
0.958
0.962
0.972
0.853
0.969
0.872
0.913
0.806
0.907
0.963
0.964
0.882
0.971
0.911
0.965
0.808
0.801
0.715
0.907
0.966
0.895
0.914
0.886
0.932
0.914
0.961
0.970
0.855
0.802
0.827
0.860
0.910
0.929
0.855
0.907
0.923
0.870
0.955
0.961
0.949
0.927
0.857
0.922
0.825
0.968
0.919
0.866
0.859
0.921
0.852
0.844
0.740
0.851
0.760
0.718
0.720
0.849
0.935
0.872
0.874
0.683
0.632
0.804
0.902
0.852
0.926
0.953
0.846
0.950
0.871
0.812
0.823
0.745
0.923
0.940
0.836
0.857
0.957
0.942
0.967
0.953
0.883
0.871
0.933
0.922
0.891
0.937
0.975
0.941
0.967
0.910
0.918
0.908
0.916
0.968
0.967
0.796
0.893
0.945
0.978
0.949
0.958
0.711
0.773
0.932
0.967
0.971
0.919
0.902
0.934
0.950
0.950
0.897
0.961
0.982
0.964
0.846
0.882
0.950
0.943
0.947
0.970
0.959
0.893
0.868
0.941
0.844
0.816
0.918
0.900
0.909
0.882
0.915
0.922
0.913
0.881
0.961
0.952
0.963
0.955
0.965
0.812
0.704
0.717
0.836
0.912
0.896
0.939
0.960
0.819
0.851
0.891
0.939
0.788
0.719
0.747
0.679
0.730
0.803
0.825
0.962
0.891
0.932
0.963
0.921
0.941
0.904
0.848
0.754
0.772
0.769
0.800
0.784
0.810
0.783
0.760
0.782
0.815
0.902
0.728
0.685
0.688
0.729
0.773
0.667
0.679
0.690
0.822
0.729
0.798
0.789
0.684
0.782
0.743
0.684
0.780
0.758
0.702
0.739
0.860
0.710
0.641
0.513
0.621
0.612
0.612
0.609
0.611
0.647
0.769
0.876
0.739
0.719
0.793
0.966
0.913
0.908
0.834
0.695
0.736
0.907
0.852
0.803
0.924
0.722
0.727
0.653
0.630
0.753
0.747
0.757
0.557
0.515
0.432
0.535
0.552
0.532
0.599
0.596
0.522
0.518
0.566
0.551
0.566
0.515
0.640
0.666
0.621
0.547
0.518
0.498
0.790
0.761
0.521
0.386
0.392
0.403
0.384
0.434
0.452
0.494
0.582
0.695
0.899
0.747
0.713
0.556
0.514
0.561
0.582
0.592
0.764
0.855
0.692
0.781
0.625
0.625
0.634
0.570
0.642
0.596
0.801
0.559
0.695
0.562
0.555
0.590
0.867
0.610
0.510
0.645
0.747
0.504
0.478
0.422
0.543
0.522
0.706
0.508
0.396
0.482
0.603
0.578
0.839
0.932
0.824
0.770
0.676
0.613
0.918
0.781
0.961
0.894
0.889
0.965
0.966
0.939
0.938
0.823
0.854
0.873
0.787
0.799
0.927
0.934
0.872
0.929
0.625
0.542
0.645
0.788
0.977
0.791
0.832
0.923
0.960
0.739
0.620
0.716
0.960
0.964
0.932
0.861
0.876
0.967
0.805
0.775
0.939
0.896
0.930
0.803
0.808
0.940
0.847
0.898
0.707
0.810
0.923
0.911
0.955
0.898
0.917
0.953
0.904
0.787
0.721
0.661
0.953
0.950
0.945
0.949
0.949
0.968
0.949
0.975
0.962
0.966
0.918
0.897
0.911
0.857
0.936
0.873
0.931
0.963
0.956
0.960
0.924
0.945
0.975
0.964
0.927
0.836
0.936
0.930
0.959
0.893
0.889
0.941
0.965
0.971
0.970
0.980
0.953
0.900
0.946
0.969
0.965
0.946
0.950
0.933
0.968
0.965
0.886
0.847
0.846
0.952
0.929
0.956
0.965
0.884
0.903
0.937
0.887
0.871
0.942
0.911
0.954
0.923
0.966
0.958
0.956
0.883
0.880
0.947
0.944
0.954
0.942
0.969
0.887
0.962
0.934
0.961
0.937
0.894
0.926
0.919
0.967
0.954
0.916
0.868
0.940
0.973
0.905
0.938
0.962
0.937
0.975
0.953
0.908
0.979
0.981
0.897
0.922
0.837
0.886
0.969
0.972
0.975
0.967
0.962
0.974
0.967
0.972
0.970
0.973
0.923
0.944
0.892
0.927
0.960
0.975
0.964
0.974
0.881
0.822
0.869
0.904
0.905
0.938
0.869
0.916
0.965
0.921
0.958
0.959
0.903
0.864
0.846
0.940
0.955
0.963
0.952
0.917
0.962
0.971
0.959
0.967
0.907
0.878
0.938
0.897
0.648
0.669
0.714
0.740
0.729
0.785
0.943
0.930
0.930
0.902
0.838
0.841
0.802
0.799
0.845
0.959
0.844
0.932
0.937
0.909
0.878
0.886
0.865
0.876
0.873
0.971
0.943
0.978
0.867
0.798
0.764
0.785
0.678
0.656
0.720
0.763
0.833
0.878
0.865
0.886
0.931
0.934
0.854
0.884
0.950
0.812
0.722
0.663
0.690
0.751
0.945
0.878
0.805
0.728
0.752
0.667
0.728
0.659
0.633
0.678
0.647
0.627
0.639
0.603
0.675
0.838
0.722
0.694
0.840
0.890
0.745
0.791
0.813
0.726
0.723
0.748
0.626
0.635
0.666
0.731
0.883
0.810
0.786
0.864
0.788
0.788
0.741
0.703
0.848
0.808
0.730
0.754
0.791
0.840
0.757
0.780
0.780
0.764
0.937
0.755
0.695
0.707
0.629
0.632
0.716
0.777
0.570
0.406
0.572
0.711
0.889
0.640
0.520
0.479
0.468
0.546
0.670
0.508
0.502
0.559
0.534
0.517
0.529
0.634
0.775
0.922
0.975
0.948
0.751
0.573
0.628
0.677
0.689
0.625
0.753
0.795
0.594
0.623
0.666
0.657
0.642
0.931
0.760
0.638
0.593
0.589
0.845
0.716
0.666
0.638
0.820
0.690
0.571
0.530
0.663
0.792
0.973
0.830
0.622
0.511
0.635
0.667
0.728
0.869
0.744
0.890
0.861
0.822
0.902
0.941
0.931
0.894
0.846
0.865
0.808
0.694
0.957
0.929
0.898
0.854
0.849
0.630
0.833
0.943
0.965
0.948
0.642
0.626
0.641
0.814
0.653
0.825
0.672
0.857
0.952
0.918
0.788
0.920
0.977
0.714
0.736
0.864
0.624
0.823
0.961
0.964
0.949
0.951
0.952
0.970
0.951
0.970
0.953
0.883
0.938
0.853
0.813
0.862
0.879
0.931
0.952
0.833
0.946
0.950
0.854
0.974
0.977
0.949
0.862
0.876
0.973
0.966
0.899
0.952
0.976
0.967
0.819
0.847
0.839
0.863
0.875
0.965
0.981
0.945
0.967
0.969
0.974
0.931
0.881
0.947
0.975
0.933
0.980
0.981
0.910
0.887
0.941
0.902
0.941
0.890
0.971
0.966
0.906
0.893
0.804
0.762
0.820
0.916
0.960
0.979
0.978
0.960
0.914
0.829
0.962
0.918
0.921
0.916
0.978
0.922
0.925
0.922
0.867
0.957
0.956
0.927
0.871
0.845
0.923
0.913
0.971
0.983
0.953
0.961
0.913
0.970
0.974
0.964
0.965
0.899
0.961
0.887
0.969
0.970
0.928
0.899
0.919
0.967
0.959
0.929
0.884
0.934
0.968
0.974
0.976
0.938
0.890
0.885
0.889
0.973
0.979
0.977
0.937
0.966
0.953
0.931
0.973
0.920
0.964
0.935
0.972
0.974
0.943
0.929
0.939
0.936
0.924
0.952
0.968
0.964
0.954
0.969
0.932
0.940
0.963
0.966
0.965
0.901
0.865
0.948
0.871
0.969
0.971
0.941
0.980
0.861
0.929
0.902
0.964
0.968
0.936
0.964
0.968
0.964
0.918
0.950
0.914
0.966
0.967
0.943
0.949
0.908
0.832
0.940
0.926
0.967
0.926
0.949
0.970
0.959
0.872
0.935
0.872
0.817
0.917
0.945
0.970
0.881
0.904
0.962
0.921
0.943
0.978
0.921
0.959
0.924
0.786
0.737
0.749
0.709
0.707
0.754
0.857
0.892
0.933
0.921
0.714
0.724
0.747
0.940
0.884
0.917
0.909
0.948
0.970
0.865
0.951
0.903
0.971
0.947
0.868
0.818
0.751
0.889
0.808
0.818
0.902
0.920
0.880
0.939
0.862
0.817
0.964
0.829
0.753
0.907
0.941
0.931
0.763
0.673
0.552
0.657
0.588
0.674
0.770
0.774
0.895
0.919
0.964
0.778
0.833
0.732
0.774
0.848
0.676
0.697
0.813
0.958
0.861
0.700
0.541
0.659
0.692
0.775
0.836
0.633
0.615
0.577
0.524
0.548
0.602
0.633
0.697
0.710
0.683
0.792
0.798
0.673
0.678
0.854
0.871
0.848
0.710
0.621
0.695
0.662
0.655
0.648
0.870
0.823
0.716
0.608
0.535
0.442
0.544
0.810
0.710
0.568
0.580
0.487
0.591
0.629
0.935
0.705
0.860
0.716
0.814
0.913
0.893
0.958
0.826
0.709
0.657
0.860
0.807
0.823
0.628
0.658
0.690
0.775
0.716
0.709
0.829
0.898
0.936
0.667
0.526
0.757
0.735
0.814
0.961
0.832
0.950
0.977
0.783
0.675
0.957
0.841
0.935
0.881
0.824
0.931
0.843
0.752
0.962
0.713
0.677
0.723
0.683
0.928
0.891
0.926
0.922
0.951
0.927
0.953
0.852
0.902
0.921
0.875
0.689
0.604
0.873
0.978
0.906
0.792
0.671
0.891
0.891
0.967
0.940
0.871
0.890
0.941
0.905
0.949
0.966
0.955
0.945
0.948
0.863
0.884
0.827
0.831
0.890
0.928
0.924
0.957
0.938
0.980
0.924
0.865
0.897
0.965
0.922
0.963
0.855
0.949
0.956
0.966
0.977
0.964
0.971
0.961
0.966
0.954
0.775
0.660
0.645
0.623
0.655
0.904
0.966
0.940
0.693
0.827
0.952
0.908
0.959
0.772
0.727
0.868
0.915
0.964
0.900
0.946
0.967
0.927
0.900
0.963
0.974
0.901
0.945
0.901
0.854
0.942
0.947
0.942
0.867
0.824
0.911
0.949
0.960
0.974
0.971
0.874
0.849
0.979
0.963
0.951
0.885
0.926
0.878
0.913
0.977
0.968
0.920
0.936
0.948
0.915
0.905
0.959
0.963
0.916
0.906
0.952
0.926
0.981
0.883
0.887
0.905
0.963
0.933
0.921
0.844
0.872
0.918
0.970
0.857
0.911
0.965
0.954
0.955
0.920
0.887
0.963
0.936
0.916
0.898
0.881
0.902
0.973
0.941
0.925
0.971
0.933
0.951
0.977
0.896
0.778
0.861
0.954
0.915
0.832
0.735
0.676
0.659
0.636
0.627
0.643
0.771
0.923
0.869
0.864
0.844
0.930
0.954
0.928
0.853
0.873
0.823
0.768
0.851
0.909
0.963
0.883
0.951
0.968
0.942
0.762
0.810
0.914
0.920
0.833
0.933
0.955
0.973
0.654
0.575
0.614
0.628
0.642
0.642
0.630
0.788
0.841
0.958
0.905
0.858
0.779
0.714
0.762
0.915
0.971
0.981
0.875
0.761
0.791
0.955
0.715
0.734
0.760
0.830
0.969
0.869
0.753
0.723
0.698
0.657
0.697
0.600
0.706
0.677
0.674
0.747
0.709
0.804
0.876
0.822
0.856
0.745
0.775
0.731
0.741
0.670
0.633
0.624
0.598
0.609
0.651
0.602
0.535
0.605
0.659
0.719
0.871
0.900
0.895
0.853
0.808
0.786
0.803
0.963
0.855
0.840
0.786
0.802
0.744
0.667
0.640
0.665
0.641
0.660
0.642
0.813
0.668
0.655
0.559
0.570
0.656
0.716
0.737
0.584
0.516
0.471
0.487
0.538
0.534
0.541
0.479
0.455
0.511
0.515
0.477
0.433
0.426
0.527
0.435
0.345
0.333
0.406
0.424
0.463
0.455
0.489
0.547
0.609
0.722
0.682
0.674
0.937
0.831
0.904
0.671
0.812
0.911
0.603
0.475
0.431
0.398
0.442
0.526
0.534
0.469
0.624
0.930
0.626
0.599
0.581
0.665
0.520
0.593
0.667
0.593
0.588
0.733
0.559
0.499
0.458
0.522
0.612
0.438
0.604
0.724
0.620
0.537
0.611
0.628
0.847
0.815
0.755
0.718
0.512
0.577
0.628
0.734
0.892
0.739
0.951
0.823
0.792
0.573
0.625
0.905
0.893
0.900
0.913
0.721
0.875
0.849
0.944
0.943
0.891
0.506
0.498
0.544
0.627
0.788
0.910
0.806
0.849
0.979
0.874
0.759
0.684
0.844
0.932
0.948
0.882
0.894
0.828
0.967
0.843
0.891
0.697
0.873
0.979
0.936
0.865
0.925
0.965
0.969
0.967
0.957
0.943
0.961
0.831
0.811
0.646
0.753
0.970
0.951
0.824
0.744
0.630
0.859
0.906
0.785
0.643
0.879
0.961
0.943
0.948
0.932
0.864
0.931
0.882
0.918
0.947
0.952
0.968
0.948
0.764
0.813
0.934
0.908
0.866
0.968
0.967
0.945
0.968
0.945
0.943
0.951
0.789
0.966
0.924
0.868
0.969
0.943
0.968
0.928
0.827
0.891
0.972
0.950
0.796
0.959
0.962
0.967
0.953
0.965
0.961
0.957
0.938
0.952
0.852
0.911
0.913
0.965
0.889
0.947
0.896
0.956
0.975
0.981
0.950
0.962
0.943
0.805
0.923
0.967
0.950
0.899
0.889
0.919
0.842
0.970
0.955
0.971
0.936
0.965
0.895
0.970
0.970
0.978
0.866
0.974
0.904
0.926
0.916
0.961
0.972
0.903
0.957
0.964
0.969
0.932
0.914
0.860
0.968
0.974
0.866
0.942
0.959
0.968
0.938
0.941
0.964
0.936
0.973
0.982
0.892
0.912
0.933
0.947
0.971
0.975
0.930
0.892
0.917
0.980
0.854
0.841
0.876
0.965
0.963
0.960
0.955
0.916
0.940
0.914
0.793
0.927
0.960
0.891
0.969
0.917
0.941
0.915
0.956
0.917
0.949
0.961
0.953
0.796
0.716
0.728
0.700
0.652
0.735
0.804
0.949
0.754
0.784
0.955
0.936
0.822
0.727
0.698
0.699
0.753
0.836
0.958
0.947
0.984
0.925
0.890
0.905
0.872
0.723
0.714
0.746
0.723
0.705
0.726
0.845
0.978
0.949
0.858
0.767
0.752
0.828
0.938
0.923
0.837
0.739
0.834
0.850
0.765
0.873
0.955
0.889
0.866
0.780
0.774
0.935
0.858
0.914
0.924
0.771
0.794
0.802
0.813
0.846
0.927
0.914
0.918
0.706
0.786
0.749
0.738
0.774
0.753
0.718
0.805
0.783
0.841
0.834
0.819
0.929
0.879
0.832
0.728
0.656
0.638
0.752
0.688
0.722
0.686
0.609
0.709
0.648
0.754
0.926
0.935
0.946
0.928
0.830
0.719
0.736
0.742
0.820
0.754
0.636
0.586
0.547
0.544
0.632
0.819
0.686
0.721
0.718
0.660
0.701
0.711
0.598
0.555
0.619
0.612
0.579
0.603
0.663
0.789
0.785
0.587
0.695
0.598
0.511
0.634
0.642
0.710
0.674
0.805
0.902
0.949
0.853
0.778
0.762
0.776
0.805
0.741
0.918
0.858
0.953
0.747
0.684
0.797
0.798
0.926
0.724
0.695
0.695
0.858
0.847
0.931
0.873
0.962
0.947
0.948
0.951
0.929
0.973
0.968
0.904
0.798
0.766
0.950
0.970
0.965
0.942
0.958
0.970
0.894
0.959
0.950
0.847
0.886
0.869
0.932
0.864
0.962
0.851
0.968
0.889
0.888
0.945
0.787
0.764
0.865
0.898
0.891
0.959
0.964
0.835
0.731
0.727
0.922
0.956
0.928
0.881
0.937
0.963
0.828
0.953
0.909
0.953
0.883
0.972
0.967
0.817
0.660
0.840
0.945
0.886
0.819
0.890
0.944
0.890
0.949
0.971
0.915
0.969
0.972
0.975
0.971
0.940
0.914
0.839
0.971
0.974
0.984
0.814
0.960
0.948
0.957
0.957
0.845
0.910
0.843
0.706
0.806
0.942
0.961
0.882
0.968
0.965
0.947
0.976
0.969
0.928
0.866
0.871
0.859
0.956
0.885
0.863
0.854
0.871
0.962
0.955
0.984
0.967
0.931
0.957
0.867
0.924
0.983
0.878
0.861
0.942
0.969
0.926
0.964
0.915
0.941
0.854
0.909
0.950
0.968
0.981
0.958
0.981
0.983
0.976
0.905
0.852
0.908
0.951
0.963
0.937
0.912
0.904
0.962
0.935
0.968
0.979
0.976
0.891
0.928
0.904
0.950
0.885
0.835
0.908
0.974
0.908
0.906
0.964
0.961
0.924
0.973
0.955
0.951
0.948
0.926
0.928
0.867
0.970
0.882
0.743
0.892
0.949
0.983
0.941
0.930
0.925
0.961
0.954
0.914
0.899
0.889
0.958
0.862
0.873
0.980
0.805
0.869
0.846
0.921
0.968
0.929
0.945
0.959
0.851
0.858
0.958
0.966
0.961
0.969
0.864
0.951
0.901
0.925
0.953
0.973
0.880
0.925
0.832
0.889
0.943
0.921
0.888
0.922
0.808
0.963
0.946
0.954
0.967
0.786
0.634
0.681
0.717
0.800
0.770
0.760
0.696
0.681
0.656
0.754
0.931
0.898
0.958
0.956
0.953
0.857
0.947
0.955
0.973
0.976
0.967
0.961
0.899
0.953
0.920
0.938
0.926
0.914
0.857
0.872
0.853
0.865
0.836
0.885
0.924
0.945
0.971
0.782
0.721
0.745
0.747
0.702
0.777
0.754
0.727
0.757
0.825
0.917
0.955
0.846
0.941
0.955
0.868
0.879
0.850
0.962
0.841
0.825
0.864
0.905
0.847
0.778
0.774
0.756
0.700
0.699
0.750
0.912
0.749
0.744
0.690
0.660
0.695
0.653
0.636
0.830
0.756
0.517
0.537
0.594
0.710
0.602
0.629
0.689
0.940
0.828
0.786
0.643
0.664
0.716
0.651
0.602
0.643
0.631
0.690
0.694
0.652
0.566
0.588
0.526
0.535
0.530
0.647
0.899
0.766
0.743
0.889
0.795
0.885
0.902
0.770
0.701
0.768
0.707
0.695
0.844
0.667
0.534
0.498
0.513
0.527
0.541
0.453
0.557
0.829
0.655
0.559
0.655
0.597
0.673
0.907
0.660
0.524
0.576
0.725
0.641
0.621
0.536
0.572
0.691
0.682
0.675
0.740
0.827
0.896
0.713
0.776
0.861
0.745
0.601
0.667
0.723
0.678
0.800
0.748
0.870
0.967
0.961
0.937
0.952
0.941
0.889
0.928
0.798
0.663
0.758
0.930
0.935
0.946
0.937
0.952
0.837
0.941
0.780
0.816
0.947
0.907
0.879
0.860
0.913
0.913
0.745
0.671
0.730
0.670
0.849
0.908
0.978
0.961
0.971
0.779
0.678
0.715
0.964
0.821
0.841
0.888
0.969
0.969
0.935
0.929
0.964
0.910
0.969
0.948
0.946
0.964
0.958
0.955
0.925
0.692
0.917
0.968
0.936
0.956
0.939
0.963
0.976
0.953
0.972
0.902
0.912
0.842
0.861
0.944
0.925
0.912
0.968
0.970
0.977
0.968
0.974
0.974
0.945
0.983
0.918
0.840
0.965
0.961
0.979
0.980
0.954
0.974
0.945
0.949
0.976
0.950
0.932
0.969
0.970
0.973
0.973
0.848
0.907
0.965
0.754
0.894
0.938
0.832
0.895
0.948
0.893
0.927
0.959
0.983
0.981
0.905
0.761
0.872
0.940
0.969
0.982
0.874
0.840
0.936
0.918
0.954
0.956
0.976
0.928
0.941
0.948
0.950
0.886
0.922
0.874
0.972
0.883
0.953
0.983
0.897
0.890
0.904
0.933
0.879
0.955
0.971
0.870
0.968
0.959
0.977
0.964
0.945
0.973
0.893
0.963
0.942
0.950
0.941
0.979
0.977
0.923
0.915
0.951
0.922
0.877
0.976
0.980
0.970
0.983
0.922
0.933
0.971
0.960
0.959
0.844
0.968
0.917
0.965
0.981
0.981
0.859
0.860
0.932
0.889
0.969
0.932
0.979
0.970
0.904
0.961
0.982
0.963
0.907
0.946
0.965
0.925
0.974
0.833
0.715
0.748
0.663
0.661
0.650
0.617
0.633
0.626
0.632
0.680
0.684
0.722
0.768
0.877
0.923
0.950
0.874
0.909
0.837
0.916
0.924
0.822
0.747
0.711
0.817
0.942
0.955
0.874
0.957
0.964
0.961
0.901
0.971
0.838
0.849
0.791
0.750
0.794
0.970
0.965
0.863
0.829
0.931
0.970
0.958
0.982
0.950
0.852
0.769
0.833
0.773
0.861
0.974
0.904
0.907
0.779
0.810
0.792
0.741
0.748
0.750
0.801
0.919
0.958
0.887
0.932
0.846
0.822
0.755
0.896
0.918
0.953
0.878
0.834
0.926
0.964
0.862
0.957
0.889
0.951
0.895
0.919
0.872
0.866
0.729
0.646
0.686
0.758
0.875
0.785
0.712
0.698
0.680
0.616
0.788
0.865
0.747
0.683
0.809
0.958
0.623
0.562
0.679
0.735
0.726
0.664
0.639
0.705
0.938
0.829
0.822
0.796
0.726
0.693
0.708
0.708
0.947
0.701
0.709
0.726
0.931
0.610
0.550
0.631
0.608
0.584
0.607
0.729
0.820
0.902
0.966
0.963
0.808
0.695
0.559
0.574
0.534
0.569
0.603
0.623
0.607
0.551
0.632
0.701
0.840
0.767
0.844
0.830
0.767
0.901
0.830
0.902
0.916
0.848
0.669
0.802
0.873
0.738
0.625
0.634
0.780
0.916
0.709
0.621
0.634
0.598
0.655
0.676
0.637
0.697
0.786
0.862
0.932
0.912
0.736
0.893
0.886
0.863
0.909
0.956
0.964
0.966
0.922
0.968
0.923
0.711
0.596
0.631
0.886
0.925
0.966
0.943
0.975
0.841
0.926
0.947
0.918
0.934
0.963
0.957
0.971
0.945
0.848
0.780
0.696
0.595
0.635
0.818
0.883
0.927
0.962
0.981
0.871
0.867
0.932
0.957
0.907
0.904
0.959
0.892
0.981
0.821
0.846
0.958
0.918
0.930
0.897
0.827
0.927
0.968
0.950
0.892
0.962
0.831
0.810
0.922
0.963
0.975
0.979
0.769
0.829
0.832
0.950
0.932
0.849
0.922
0.949
0.972
0.972
0.866
0.970
0.964
0.983
0.959
0.873
0.854
0.833
0.810
0.871
0.923
0.954
0.959
0.936
0.979
0.964
0.951
0.957
0.961
0.946
0.958
0.978
0.964
0.959
0.923
0.973
0.975
0.966
0.912
0.971
0.909
0.858
0.951
0.956
0.915
0.953
0.968
0.970
0.931
0.949
0.979
0.985
0.958
0.978
0.977
0.962
0.972
0.968
0.977
0.871
0.966
0.964
0.974
0.909
0.972
0.955
0.978
0.945
0.922
0.957
0.964
0.969
0.971
0.980
0.939
0.952
0.901
0.953
0.962
0.905
0.903
0.963
0.961
0.980
0.982
0.929
0.861
0.926
0.966
0.793
0.783
0.952
0.914
0.883
0.873
0.968
0.952
0.980
0.916
0.966
0.968
0.945
0.982
0.794
0.880
0.941
0.982
0.923
0.931
0.964
0.968
0.969
0.936
0.874
0.970
0.864
0.835
0.853
0.873
0.887
0.934
0.900
0.838
0.860
0.932
0.769
0.812
0.855
0.900
0.863
0.948
0.938
0.952
0.960
0.936
0.935
0.921
0.867
0.965
0.969
0.816
0.895
0.912
0.936
0.953
0.887
0.913
0.953
0.954
0.921
0.917
0.875
0.973
0.951
0.907
0.962
0.962
0.978
0.960
0.954
0.948
0.935
0.947
0.972
0.981
0.874
0.910
0.874
0.824
0.796
0.793
0.910
0.951
0.887
0.958
0.942
0.881
0.941
0.798
0.763
0.907
0.967
0.953
0.868
0.940
0.918
0.944
0.917
0.773
0.754
0.707
0.722
0.701
0.657
0.850
0.885
0.969
0.920
0.812
0.938
0.843
0.756
0.808
0.820
0.853
0.812
0.908
0.893
0.894
0.902
0.846
0.833
0.820
0.792
0.707
0.729
0.604
0.637
0.780
0.932
0.878
0.800
0.710
0.762
0.822
0.930
0.981
0.837
0.896
0.896
0.723
0.670
0.612
