19790101
0.890
0.856
0.883
0.966
0.975
0.815
0.880
0.918
0.880
0.867
0.864
0.791
0.818
0.836
0.844
0.846
0.826
0.794
0.873
0.968
0.897
0.958
0.919
0.905
0.858
0.852
0.874
0.917
0.864
0.900
0.961
0.863
0.943
0.970
0.974
0.903
0.881
0.876
0.880
0.871
0.888
0.861
0.916
0.929
0.957
0.868
0.921
0.931
0.893
0.952
0.878
0.841
0.969
0.917
0.821
0.942
0.915
0.977
0.840
0.917
0.886
0.960
0.952
0.984
0.957
0.921
0.933
0.944
0.895
0.909
0.912
0.846
0.867
0.948
0.910
0.948
0.957
0.948
0.971
0.921
0.858
0.908
0.968
0.959
0.966
0.917
0.898
0.936
0.950
0.964
0.959
0.924
0.955
0.957
0.929
0.971
0.849
0.766
0.741
0.800
0.721
0.831
0.958
0.968
0.947
0.974
0.918
0.932
0.968
0.925
0.934
0.975
0.976
0.894
0.842
0.801
0.750
0.769
0.852
0.887
0.949
0.929
0.949
0.885
0.910
0.907
0.914
0.876
0.955
0.955
0.888
0.918
0.910
0.925
0.929
0.918
0.886
0.767
0.951
0.956
0.939
0.886
0.899
0.941
0.810
0.828
0.935
0.830
0.897
0.929
0.784
0.716
0.731
0.785
0.734
0.674
0.789
0.827
0.698
0.806
0.794
0.779
0.746
0.740
0.875
0.771
0.735
0.727
0.646
0.634
0.610
0.643
0.697
0.632
0.681
0.727
0.706
0.668
0.659
0.698
0.636
0.644
0.690
0.788
0.707
0.686
0.735
0.727
0.613
0.591
0.646
0.624
0.520
0.676
0.700
0.615
0.777
0.697
0.608
0.607
0.753
0.655
0.710
0.672
0.786
0.702
0.565
0.610
0.836
0.609
0.536
0.437
0.526
0.420
0.498
0.492
0.671
0.645
0.622
0.632
0.771
0.541
0.567
0.510
0.542
0.641
0.701
0.562
0.737
0.620
0.704
0.618
0.763
0.642
0.656
0.538
0.564
0.559
0.544
0.565
0.550
0.536
0.536
0.471
0.576
0.705
0.749
0.580
0.472
0.493
0.727
0.554
0.636
0.787
0.673
0.639
0.641
0.596
0.573
0.645
0.701
0.569
0.466
0.458
0.473
0.448
0.427
0.536
0.610
0.671
0.715
0.444
0.451
0.375
0.413
0.443
0.584
0.547
0.587
0.882
0.758
0.645
0.605
0.673
0.605
0.475
0.512
0.663
0.664
0.514
0.507
0.471
0.489
0.353
0.346
0.404
0.567
0.581
0.691
0.794
0.691
0.754
0.664
0.557
0.600
0.767
0.830
0.818
0.841
0.697
0.922
0.902
0.917
0.739
0.570
0.595
0.520
0.860
0.970
0.820
0.819
0.634
0.824
0.906
0.892
0.876
0.834
0.965
0.849
0.790
0.681
0.564
0.614
0.603
0.611
0.550
0.650
0.788
0.686
0.863
0.749
0.699
0.613
0.594
0.883
0.697
0.663
0.948
0.951
0.976
0.802
0.826
0.888
0.935
0.912
0.839
0.827
0.925
0.826
0.746
0.842
0.968
0.913
0.810
0.920
0.980
0.863
0.841
0.784
0.744
0.894
0.884
0.928
0.846
0.923
0.821
0.735
0.882
0.938
0.898
0.798
0.903
0.893
0.789
0.747
0.944
0.956
0.938
0.898
0.831
0.798
0.881
0.891
0.868
0.939
0.942
0.867
0.895
0.969
0.887
0.734
0.871
0.803
0.975
0.785
0.739
0.794
0.765
0.717
0.776
0.655
0.714
0.978
0.942
0.894
0.781
0.804
0.760
0.720
0.747
0.788
0.711
0.709
0.578
0.542
0.505
0.716
0.840
0.880
0.780
0.785
0.780
0.949
0.808
0.729
0.835
0.795
0.920
0.879
0.900
0.883
0.888
0.927
0.943
0.948
0.882
0.952
0.933
0.938
0.967
0.898
0.958
0.892
0.871
0.966
0.948
0.834
0.882
0.890
0.954
0.937
0.901
0.926
0.967
0.893
0.830
0.919
0.944
0.902
0.756
0.828
0.982
0.882
0.851
0.881
0.858
0.738
0.743
0.698
0.797
0.925
0.932
0.948
0.921
0.891
0.947
0.940
0.945
0.810
0.717
0.782
0.718
0.823
0.907
0.923
0.847
0.900
0.884
0.849
0.932
0.885
0.913
0.925
0.932
0.904
0.952
0.949
0.894
0.960
0.789
0.736
0.721
0.646
0.729
0.786
0.805
0.914
0.947
0.942
0.898
0.926
0.791
0.720
0.790
0.737
0.723
0.663
0.659
0.609
0.667
0.843
0.895
0.780
0.728
0.727
0.637
0.696
0.698
0.736
0.630
0.655
0.862
0.859
0.898
0.741
0.847
0.713
0.639
0.731
0.685
0.638
0.592
0.603
0.641
0.611
0.750
0.614
0.644
0.685
0.628
0.581
0.737
0.678
0.626
0.626
0.546
0.612
0.661
0.632
0.581
0.539
0.506
0.474
0.668
0.592
0.648
0.869
0.862
0.629
0.522
0.446
0.469
0.480
0.597
0.526
0.608
0.715
0.645
0.523
0.469
0.690
0.475
0.493
0.447
0.442
0.457
0.548
0.626
0.478
0.477
0.605
0.814
0.644
0.523
0.539
0.418
0.413
0.352
0.426
0.486
0.443
0.406
0.538
0.402
0.511
0.346
0.456
0.500
0.750
0.568
0.457
0.366
0.375
0.436
0.621
0.394
0.384
0.430
0.477
0.536
0.773
0.532
0.569
0.489
0.525
0.555
0.509
0.495
0.505
0.449
0.628
0.602
0.785
0.912
0.623
0.547
0.604
0.670
0.638
0.581
0.529
0.773
0.725
0.609
0.888
0.847
0.702
0.877
0.947
0.731
0.702
0.893
0.823
0.714
0.642
0.802
0.692
0.611
0.664
0.831
0.656
0.553
0.631
0.526
0.582
0.520
0.572
0.653
0.841
0.913
0.917
0.695
0.533
0.624
0.533
0.699
0.815
0.935
0.819
0.923
0.715
0.781
0.834
0.908
0.969
0.889
0.951
0.898
0.950
0.824
0.846
0.961
0.978
0.903
0.839
0.767
0.653
0.845
0.811
0.960
0.673
0.583
0.805
0.657
0.886
0.952
0.817
0.908
0.644
0.619
0.847
0.898
0.681
0.956
0.927
0.939
0.810
0.913
0.946
0.760
0.695
0.897
0.871
0.965
0.864
0.909
0.897
0.940
0.972
0.896
0.734
0.701
0.842
0.930
0.958
0.938
0.902
0.917
0.963
0.885
0.972
0.820
0.698
0.742
0.661
0.797
0.944
0.875
0.793
0.970
0.975
0.973
0.862
0.917
0.977
0.960
0.882
0.867
0.961
0.967
0.924
0.902
0.943
0.919
0.914
0.966
0.959
0.942
0.900
0.973
0.877
0.944
0.934
0.968
0.919
0.977
0.915
0.942
0.942
0.907
0.960
0.957
0.845
0.935
0.900
0.973
0.894
0.907
0.960
0.950
0.903
0.899
0.836
0.805
0.783
0.841
0.956
0.921
0.905
0.897
0.945
0.980
0.829
0.797
0.945
0.874
0.875
0.833
0.926
0.929
0.917
0.942
0.910
0.968
0.981
0.932
0.928
0.968
0.974
0.964
0.941
0.972
0.975
0.888
0.889
0.951
0.955
0.952
0.931
0.796
0.776
0.879
0.833
0.857
0.842
0.871
0.916
0.879
0.914
0.956
0.886
0.850
0.765
0.758
0.866
0.950
0.964
0.900
0.950
0.885
0.897
0.901
0.872
0.905
0.904
0.897
0.943
0.889
0.837
0.930
0.940
0.890
0.765
0.729
0.738
0.826
0.828
0.854
0.898
0.782
0.702
0.712
0.761
0.829
0.884
0.894
0.903
0.851
0.937
0.876
0.773
0.744
0.835
0.922
0.924
0.870
0.828
0.839
0.907
0.831
0.735
0.757
0.696
0.740
0.797
0.819
0.705
0.676
0.676
0.731
0.674
0.623
0.673
0.882
0.755
0.664
0.604
0.599
0.521
0.610
0.593
0.682
0.630
0.755
0.702
0.668
0.607
0.618
0.783
0.636
0.465
0.434
0.500
0.629
0.512
0.447
0.490
0.509
0.515
0.530
0.491
0.490
0.513
0.473
0.539
0.504
0.574
0.851
0.799
0.702
0.695
0.891
0.658
0.568
0.500
0.528
0.493
0.452
0.617
0.500
0.447
0.404
0.458
0.481
0.412
0.520
0.434
0.426
0.485
0.788
0.916
0.643
0.539
0.477
0.396
0.389
0.405
0.509
0.570
0.475
0.444
0.376
0.505
0.549
0.534
0.494
0.531
0.608
0.545
0.500
0.394
0.465
0.535
0.508
0.627
0.967
0.658
0.589
0.461
0.442
0.410
0.462
0.542
0.541
0.379
0.525
0.443
0.491
0.475
0.712
0.576
0.753
0.752
0.631
0.542
0.519
0.497
0.686
0.723
0.855
0.965
0.777
0.559
0.513
0.594
0.577
0.599
0.628
0.602
0.617
0.510
0.749
0.616
0.519
0.480
0.431
0.419
0.455
0.578
0.511
0.689
0.590
0.558
0.545
0.617
0.804
0.900
0.973
0.932
0.840
0.919
0.919
0.825
0.786
0.979
0.807
0.755
0.894
0.897
0.881
0.965
0.931
0.699
0.853
0.897
0.956
0.768
0.976
0.846
0.893
0.946
0.921
0.983
0.879
0.707
0.939
0.924
0.959
0.822
0.833
0.922
0.970
0.907
0.857
0.952
0.872
0.942
0.893
0.969
0.932
0.975
0.887
0.932
0.877
0.948
0.852
0.963
0.970
0.954
0.964
0.956
0.792
0.823
0.906
0.868
0.926
0.901
0.925
0.907
0.930
0.927
0.933
0.971
0.965
0.901
0.925
0.909
0.968
0.982
0.983
0.895
0.897
0.864
0.944
0.940
0.913
0.977
0.908
0.919
0.952
0.871
0.880
0.966
0.981
0.935
0.920
0.887
0.948
0.960
0.959
0.968
0.965
0.910
0.919
0.945
0.910
0.980
0.829
0.966
0.971
0.913
0.967
0.969
0.968
0.981
0.838
0.877
0.951
0.969
0.941
0.898
0.864
0.928
0.865
0.828
0.982
0.890
0.927
0.898
0.970
0.973
0.973
0.931
0.877
0.929
0.911
0.838
0.949
0.965
0.935
0.885
0.969
0.982
0.882
0.819
0.931
0.895
0.910
0.931
0.940
0.979
0.964
0.981
0.910
0.968
0.979
0.958
0.844
0.929
0.914
0.951
0.967
0.971
0.890
0.831
0.921
0.971
0.979
0.964
0.952
0.943
0.966
0.813
0.729
0.827
0.901
0.774
0.821
0.742
0.703
0.715
0.713
0.744
0.936
0.933
0.890
0.918
0.924
0.882
0.904
0.965
0.964
0.936
0.920
0.957
0.962
0.922
0.974
0.935
0.963
0.936
0.806
0.714
0.722
0.721
0.743
0.727
0.726
0.784
0.834
0.883
0.807
0.723
0.694
0.709
0.855
0.929
0.887
0.975
0.866
0.924
0.909
0.940
0.841
0.794
0.775
0.747
0.960
0.938
0.923
0.805
0.827
0.761
0.767
0.792
0.860
0.762
0.772
0.732
0.701
0.654
0.670
0.696
0.927
0.944
0.833
0.885
0.805
0.863
0.968
0.965
0.942
0.842
0.733
0.659
0.608
0.603
0.587
0.739
0.697
0.776
0.824
0.843
0.739
0.721
0.743
0.960
0.783
0.704
0.728
0.793
0.776
0.823
0.665
0.621
0.667
0.902
0.898
0.775
0.684
0.612
0.623
0.687
0.944
0.723
0.854
0.663
0.585
0.643
0.700
0.668
0.675
0.631
0.662
0.586
0.606
0.602
0.684
0.588
0.681
0.550
0.494
0.461
0.634
0.706
0.564
0.478
0.495
0.456
0.529
0.576
0.558
0.534
0.663
0.558
0.582
0.662
0.802
0.790
0.904
0.730
0.870
0.800
0.877
0.868
0.775
0.737
0.867
0.708
0.654
0.563
0.580
0.825
0.786
0.648
0.561
0.717
0.781
0.767
0.642
0.632
0.729
0.677
0.910
0.636
0.596
0.654
0.801
0.774
0.790
0.826
0.681
0.782
0.669
0.676
0.703
0.712
0.576
0.576
0.497
0.614
0.531
0.575
0.966
0.825
0.773
0.922
0.831
0.940
0.765
0.620
0.804
0.848
0.912
0.749
0.843
0.774
0.766
0.706
0.612
0.770
0.800
0.703
0.573
0.578
0.571
0.532
0.535
0.686
0.855
0.752
0.784
0.930
0.959
0.958
0.921
0.952
0.967
0.852
0.637
0.753
0.893
0.880
0.826
0.740
0.922
0.921
0.785
0.884
0.933
0.779
0.896
0.793
0.889
0.775
0.673
0.646
0.752
0.911
0.886
0.869
0.896
0.868
0.917
0.922
0.876
0.891
0.936
0.907
0.919
0.732
0.859
0.826
0.886
0.938
0.916
0.941
0.957
0.858
0.785
0.829
0.952
0.852
0.840
0.931
0.859
0.705
0.852
0.799
0.697
0.591
0.501
0.932
0.749
0.747
0.843
0.890
0.863
0.888
0.935
0.935
0.863
0.931
0.730
0.813
0.737
0.865
0.887
0.931
0.926
0.892
0.935
0.955
0.954
0.910
0.830
0.904
0.908
0.879
0.891
0.763
0.640
0.665
0.696
0.649
0.736
0.644
0.836
0.974
0.951
0.865
0.814
0.752
0.818
0.950
0.782
0.730
0.821
0.886
0.881
0.648
0.551
0.535
0.559
0.609
0.688
0.688
0.790
0.703
0.853
0.858
0.937
0.968
0.882
0.940
0.948
0.955
0.954
0.888
0.951
0.951
0.885
0.840
0.860
0.899
0.848
0.858
0.875
0.859
0.926
0.917
0.921
0.954
0.961
0.834
0.939
0.946
0.940
0.946
0.918
0.956
0.900
0.913
0.877
0.842
0.847
0.879
0.770
0.750
0.902
0.911
0.879
0.925
0.868
0.882
0.827
0.861
0.919
0.946
0.870
0.955
0.961
0.912
0.836
0.952
0.920
0.810
0.841
0.741
0.828
0.936
0.950
0.937
0.851
0.801
0.731
0.758
0.731
0.760
0.791
0.760
0.839
0.890
0.761
0.689
0.815
0.672
0.726
0.738
0.668
0.659
0.632
0.767
0.657
0.651
0.864
0.707
0.600
0.664
0.712
0.693
0.608
0.611
0.760
0.742
0.772
0.637
0.558
0.593
0.648
0.710
0.691
0.724
0.581
0.650
0.607
0.512
0.652
0.814
0.674
0.546
0.640
0.610
0.536
0.605
0.697
0.641
0.648
0.613
0.570
0.466
0.493
0.538
0.462
0.440
0.426
0.391
0.396
0.390
0.482
0.419
0.500
0.500
0.494
0.503
0.551
0.455
0.492
0.490
0.367
0.307
0.279
0.324
0.454
0.454
0.402
0.471
0.538
0.612
0.609
0.634
0.601
0.515
0.595
0.606
0.758
0.733
0.686
0.527
0.456
0.598
0.667
0.645
0.495
0.497
0.515
0.457
0.454
0.435
0.465
0.485
0.511
0.437
0.654
0.546
0.477
0.423
0.467
0.503
0.467
0.449
0.469
0.456
0.466
0.552
0.792
0.782
0.617
0.763
0.736
0.849
0.632
0.570
0.500
0.678
0.746
0.548
0.502
0.567
0.507
0.590
0.630
0.777
0.689
0.630
0.564
0.605
0.658
0.538
0.479
0.375
0.521
0.800
0.827
0.734
0.859
0.967
0.927
0.682
0.612
0.593
0.558
0.713
0.842
0.769
0.668
0.701
0.613
0.773
0.940
0.664
0.823
0.912
0.782
0.776
0.810
0.762
0.870
0.725
0.709
0.676
0.707
0.810
0.867
0.830
0.948
0.779
0.919
0.726
0.805
0.851
0.958
0.976
0.809
0.668
0.615
0.610
0.647
0.635
0.972
0.788
0.720
0.778
0.939
0.937
0.866
0.901
0.862
0.869
0.957
0.881
0.947
0.914
0.821
0.904
0.909
0.979
0.701
0.830
0.923
0.973
0.886
0.948
0.934
0.976
0.898
0.958
0.939
0.963
0.900
0.876
0.899
0.808
0.714
0.922
0.926
0.965
0.899
0.930
0.931
0.880
0.871
0.860
0.806
0.833
0.853
0.843
0.898
0.981
0.907
0.974
0.915
0.878
0.891
0.972
0.927
0.946
0.956
0.948
0.844
0.852
0.957
0.979
0.960
0.792
0.782
0.749
0.770
0.846
0.848
0.963
0.974
0.889
0.961
0.909
0.966
0.834
0.795
0.960
0.928
0.979
0.915
0.917
0.948
0.934
0.958
0.983
0.942
0.852
0.790
0.709
0.839
0.954
0.897
0.919
0.903
0.907
0.814
0.966
0.728
0.724
0.687
0.916
0.841
0.810
0.961
0.976
0.863
0.842
0.825
0.901
0.950
0.952
0.923
0.965
0.853
0.846
0.962
0.964
0.974
0.825
0.861
0.854
0.952
0.929
0.894
0.951
0.872
0.959
0.954
0.968
0.978
0.852
0.791
0.822
0.901
0.937
0.902
0.951
0.863
0.821
0.932
0.899
0.929
0.935
0.923
0.954
0.920
0.925
0.939
0.821
0.905
0.929
0.874
0.914
0.870
0.909
0.955
0.945
0.914
0.765
0.920
0.851
0.941
0.963
0.890
0.939
0.935
0.851
0.848
0.920
0.748
0.909
0.973
0.932
0.838
0.895
0.899
0.885
0.870
0.864
0.923
0.885
0.932
0.953
0.905
0.738
0.758
0.735
0.871
0.904
0.781
0.717
0.744
0.863
0.820
0.703
0.758
0.679
0.701
0.700
0.929
0.866
0.904
0.900
0.911
0.734
0.818
0.807
0.883
0.915
0.854
0.863
0.848
0.716
0.689
0.683
0.562
0.616
0.627
0.567
0.648
0.538
0.540
0.506
0.491
0.514
0.489
0.493
0.567
0.555
0.547
0.795
0.804
0.820
0.655
0.745
0.600
0.706
0.574
0.502
0.478
0.698
0.574
0.506
0.467
0.447
0.543
0.538
0.759
0.743
0.929
0.878
0.911
0.777
0.545
0.386
0.340
0.346
0.366
0.358
0.537
0.539
0.595
0.773
0.629
0.787
0.806
0.740
0.680
0.638
0.584
0.784
0.716
0.702
0.642
0.617
0.557
0.631
0.483
0.553
0.901
0.755
0.670
0.561
0.839
0.917
0.726
0.463
0.470
0.687
0.705
0.511
0.480
0.480
0.574
0.565
0.643
0.654
0.639
0.557
0.537
0.527
0.657
0.645
0.930
0.677
0.724
0.834
0.673
0.621
0.619
0.579
0.688
0.828
0.877
0.916
0.726
0.895
0.966
0.956
0.982
0.824
0.628
0.691
0.935
0.866
0.808
0.807
0.622
0.811
0.927
0.958
0.918
0.971
0.913
0.807
0.677
0.903
0.950
0.715
0.868
0.693
0.908
0.878
0.905
0.741
0.796
0.825
0.867
0.870
0.893
0.810
0.835
0.849
0.893
0.945
0.878
0.788
0.932
0.859
0.740
0.955
0.931
0.869
0.685
0.817
0.935
0.955
0.901
0.821
0.678
0.777
0.796
0.924
0.936
0.962
0.838
0.874
0.879
0.860
0.963
0.940
0.885
0.904
0.918
0.893
0.936
0.925
0.768
0.923
0.828
0.921
0.898
0.958
0.898
0.939
0.974
0.905
0.828
0.903
0.952
0.936
0.861
0.757
0.951
0.946
0.803
0.897
0.929
0.846
0.929
0.935
0.951
0.980
0.949
0.905
0.891
0.857
0.919
0.777
0.973
0.930
0.882
0.886
0.956
0.965
0.945
0.883
0.939
0.918
0.895
0.871
0.948
0.888
0.799
0.829
0.948
0.975
0.969
0.973
0.968
0.922
0.981
0.919
0.974
0.956
0.978
0.982
0.884
0.897
0.860
0.917
0.924
0.941
0.939
0.886
0.900
0.964
0.935
0.942
0.869
0.815
0.887
0.875
0.821
0.916
0.965
0.970
0.858
0.920
0.982
0.973
0.848
0.956
0.846
0.972
0.883
0.945
0.944
0.932
0.910
0.944
0.895
0.939
0.964
0.887
0.910
0.773
0.967
0.980
0.949
0.946
0.973
0.929
0.830
0.980
0.953
0.917
0.901
0.965
0.946
0.938
0.826
0.863
0.810
0.932
0.901
0.912
0.881
0.954
0.964
0.972
0.884
0.910
0.959
0.926
0.885
0.879
0.980
0.875
0.929
0.849
0.858
0.817
0.793
0.854
0.852
0.930
0.889
0.928
0.851
0.840
0.801
0.934
0.952
0.870
0.712
0.710
0.593
0.548
0.555
0.536
0.591
0.659
0.742
0.724
0.687
0.653
0.839
0.868
0.761
0.661
0.910
0.959
0.919
0.853
0.716
0.679
0.732
0.622
0.624
0.842
0.699
0.954
0.736
0.930
0.922
0.978
0.798
0.688
0.683
0.734
0.710
0.582
0.574
0.553
0.534
0.523
0.526
0.572
0.723
0.758
0.603
0.563
0.531
0.493
0.562
0.547
0.645
0.825
0.902
0.696
0.940
0.929
0.922
0.766
0.655
0.519
0.543
0.543
0.588
0.537
0.504
0.507
0.503
0.602
0.588
0.500
0.526
0.556
0.633
0.600
0.610
0.519
0.657
0.527
0.502
0.485
0.501
0.590
0.779
0.782
0.639
0.529
0.776
0.832
0.687
0.552
0.428
0.437
0.469
0.449
0.520
0.475
0.548
0.423
0.528
0.619
0.802
0.656
0.676
0.836
0.645
0.695
0.815
0.603
0.545
0.663
0.586
0.502
0.597
0.788
0.858
0.676
0.579
0.516
0.609
0.737
0.691
0.578
0.599
0.575
0.708
0.788
0.638
0.818
0.629
0.596
0.534
0.451
0.545
0.582
0.625
0.695
0.656
0.616
0.655
0.752
0.545
0.727
0.883
0.743
0.641
0.805
0.948
0.691
0.792
0.597
0.574
0.663
0.775
0.681
0.729
0.621
0.636
0.765
0.948
0.935
0.961
0.833
0.731
0.634
0.567
0.609
0.703
0.634
0.747
0.798
0.783
0.919
0.875
0.889
0.746
0.661
0.644
0.552
0.614
0.637
0.568
0.515
0.765
0.866
0.715
0.949
0.910
0.966
0.874
0.975
0.982
0.983
0.939
0.776
0.704
0.760
0.844
0.666
0.671
0.872
0.973
0.972
0.723
0.618
0.619
0.711
0.761
0.951
0.862
0.807
0.617
0.697
0.864
0.893
0.904
0.878
0.901
0.901
0.908
0.974
0.839
0.891
0.893
0.800
0.952
0.805
0.957
0.973
0.891
0.924
0.910
0.972
0.913
0.803
0.969
0.969
0.875
0.902
0.819
0.854
0.972
0.951
0.811
0.964
0.889
0.932
0.948
0.916
0.857
0.978
0.926
0.931
0.974
0.858
0.813
0.963
0.864
0.961
0.808
0.902
0.969
0.976
0.806
0.929
0.882
0.970
0.867
0.912
0.980
0.929
0.970
0.961
0.877
0.892
0.930
0.805
0.872
0.960
0.960
0.967
0.884
0.924
0.891
0.975
0.914
0.933
0.955
0.977
0.872
0.976
0.975
0.976
0.940
0.978
0.976
0.924
0.967
0.943
0.859
0.922
0.906
0.929
0.897
0.921
0.968
0.946
0.973
0.970
0.862
0.779
0.933
0.929
0.972
0.884
0.801
0.866
0.767
0.830
0.929
0.958
0.911
0.901
0.915
0.947
0.963
0.877
0.901
0.941
0.869
0.881
0.863
0.919
0.912
0.873
0.885
0.896
0.798
0.905
0.901
0.884
0.836
0.871
0.858
0.853
0.927
0.940
0.911
0.937
0.912
0.913
0.926
0.845
0.934
0.953
0.843
0.940
0.932
-99.000
0.972
0.761
0.571
0.643
0.594
0.749
0.844
0.945
0.841
0.834
0.813
0.726
0.912
0.896
0.793
0.710
0.610
0.655
0.641
0.740
0.700
0.695
0.641
0.720
0.758
0.640
0.682
0.569
0.677
0.640
0.615
0.691
0.496
0.496
0.536
0.616
0.626
0.517
0.557
0.505
0.507
0.621
0.679
0.755
0.735
0.875
0.887
0.695
0.628
0.788
0.771
0.792
0.526
0.446
0.481
0.527
0.664
0.566
0.585
0.560
0.692
0.749
0.687
0.713
0.666
0.646
0.652
0.565
0.543
0.549
0.772
0.596
0.883
0.771
0.804
0.820
0.697
0.637
0.792
0.887
0.929
0.632
0.571
0.687
0.544
0.533
0.516
0.624
0.699
0.633
0.808
0.716
0.582
0.583
0.570
0.554
0.617
0.906
0.716
0.635
0.547
0.463
0.397
0.474
0.542
0.527
0.937
0.919
0.797
0.792
0.662
0.637
0.553
0.535
0.505
0.561
0.533
0.557
0.587
0.548
0.545
0.487
0.520
0.634
0.607
0.588
0.750
0.620
0.639
0.603
0.487
0.513
0.736
0.763
0.725
0.507
0.428
0.574
0.641
0.705
0.697
0.836
0.749
0.704
0.836
0.790
0.548
0.537
0.607
0.703
0.815
0.605
0.493
0.546
0.542
0.503
0.797
0.882
0.909
0.743
0.755
0.722
0.650
0.569
0.890
0.549
0.575
0.590
0.520
0.571
0.718
0.679
0.594
0.742
0.667
0.895
0.979
0.909
0.801
0.894
0.918
0.958
0.911
0.955
0.956
0.944
0.981
0.765
0.711
0.670
0.939
0.848
0.974
0.970
0.858
0.779
0.737
0.652
0.714
0.808
0.905
0.955
0.958
0.957
0.941
0.753
0.860
-99.000
-99.000
-99.000
-99.000
-99.000
-99.000
-99.000
-99.000
0.933
0.932
0.910
0.871
0.942
0.924
0.868
0.888
0.961
0.918
0.922
0.846
0.829
0.925
0.977
0.958
0.982
0.827
0.809
0.839
0.943
0.944
0.949
0.872
0.936
0.954
0.901
0.955
0.923
0.843
0.869
0.763
0.921
0.959
0.928
0.815
0.771
0.878
0.903
0.936
0.636
0.571
0.660
0.715
0.650
0.662
0.849
0.804
0.923
0.916
0.970
0.917
0.908
0.899
0.937
0.904
0.966
0.932
0.923
0.907
0.832
0.944
0.980
0.860
0.958
0.922
0.859
0.824
0.857
0.979
0.807
0.707
0.611
0.583
0.638
0.603
0.659
0.845
0.954
0.886
0.936
0.940
0.941
0.950
0.827
0.812
0.939
0.944
0.891
0.930
0.951
0.978
0.966
0.795
0.796
0.913
0.866
0.897
0.948
0.940
0.814
0.717
0.919
0.825
0.953
0.867
0.963
0.957
0.840
0.797
0.918
0.930
0.898
0.873
0.834
0.917
0.948
0.952
0.917
0.915
0.821
0.891
0.851
0.830
0.867
0.906
0.960
0.922
0.952
0.733
0.720
0.724
0.705
0.693
0.873
0.902
0.849
0.917
0.881
0.806
0.816
0.927
0.829
0.762
0.702
0.637
0.662
0.752
0.716
0.635
0.745
0.831
0.781
0.752
0.881
0.748
0.891
0.915
0.865
0.804
0.705
0.721
0.714
0.889
0.864
0.892
0.941
0.814
0.711
0.660
0.642
0.697
0.686
0.733
0.931
0.638
0.656
0.695
0.668
0.692
0.786
0.886
0.907
0.841
0.730
0.603
0.571
0.561
0.625
0.784
0.873
0.818
0.889
0.719
0.678
0.594
0.559
0.535
0.750
0.713
0.708
0.551
0.514
0.600
0.640
0.641
0.770
0.707
0.660
0.587
0.649
0.483
0.457
0.478
0.596
0.625
0.547
0.637
0.612
0.521
0.612
0.589
0.531
0.504
0.475
0.454
0.466
0.540
0.478
0.598
0.525
0.386
0.388
0.497
0.518
0.395
0.415
0.605
0.435
0.665
0.511
0.483
0.640
0.612
0.613
0.586
0.507
0.461
0.462
0.496
0.787
0.550
0.525
0.534
0.561
0.455
0.384
0.441
0.527
0.681
0.578
0.533
0.493
0.605
0.496
0.548
0.545
0.557
0.574
0.500
0.434
0.588
0.521
0.457
0.838
0.575
0.543
0.559
0.518
0.738
0.619
0.538
0.543
0.543
0.452
0.556
0.695
0.592
0.655
0.789
0.599
0.904
0.928
0.707
0.864
0.972
0.688
0.571
0.716
0.886
0.784
0.517
0.498
0.548
0.631
0.642
0.824
0.914
0.683
0.638
0.609
0.587
0.521
0.497
0.924
0.831
0.963
0.738
0.785
0.908
0.928
0.660
0.739
0.953
0.812
0.971
0.701
0.627
0.764
0.905
0.908
0.899
0.853
0.773
0.939
0.814
0.668
0.890
0.805
0.940
0.757
0.683
0.627
0.917
0.725
0.892
0.939
0.785
0.796
0.701
0.719
0.897
0.848
0.823
0.819
0.913
0.879
0.886
0.957
0.768
0.634
0.837
0.904
0.792
0.872
0.933
0.788
0.614
0.643
0.660
0.805
0.875
0.865
0.901
0.819
0.705
0.807
0.806
0.928
0.872
0.942
0.847
0.803
0.909
0.902
0.970
0.875
0.852
0.970
0.871
0.898
0.932
0.975
0.967
0.865
0.927
0.884
0.762
0.721
0.864
0.912
0.951
0.831
0.885
0.946
0.927
0.957
0.974
0.820
0.866
0.955
0.930
0.855
0.924
0.968
0.946
0.934
0.931
0.833
0.919
0.900
0.942
0.960
0.936
0.923
0.738
0.863
0.924
0.943
0.764
0.766
0.834
0.966
0.929
0.843
0.926
0.854
0.912
0.923
0.937
0.797
0.702
0.797
0.868
0.945
0.945
0.830
0.871
0.904
0.892
0.850
0.933
0.885
0.934
0.952
0.887
0.949
0.953
0.909
0.978
0.929
0.943
0.957
0.903
0.965
0.951
0.894
0.958
0.847
0.971
0.887
0.854
0.937
0.953
0.793
0.936
0.835
0.977
0.885
0.945
0.914
0.951
0.935
0.968
0.853
0.821
0.793
0.857
0.872
0.879
0.968
0.889
0.781
0.972
0.936
0.951
0.898
0.877
0.912
0.807
0.905
0.801
0.883
0.892
0.855
0.939
0.959
0.931
0.855
0.904
0.977
0.898
0.852
0.900
0.842
0.868
0.982
0.910
0.849
0.820
0.888
0.813
0.741
0.785
0.874
0.828
0.745
0.781
0.692
0.709
0.718
0.698
0.713
0.843
0.932
0.909
0.792
0.832
0.818
0.723
0.888
0.848
0.786
0.805
0.801
0.761
0.835
0.861
0.812
0.751
0.717
0.849
0.852
0.947
0.831
0.723
0.620
0.598
0.556
0.573
0.578
0.534
0.609
0.584
0.633
0.459
0.469
0.518
0.607
0.591
0.528
0.525
0.571
0.611
0.545
0.547
0.517
0.546
0.682
0.610
0.548
0.457
0.372
0.401
0.485
0.525
0.545
0.431
0.394
0.360
0.464
0.617
0.536
0.531
0.463
0.472
0.452
0.381
0.400
0.424
0.374
0.345
0.549
0.346
0.474
0.526
0.534
0.562
0.480
0.633
0.467
0.383
0.361
0.406
0.411
0.439
0.450
0.506
0.490
0.635
0.514
0.524
0.579
0.840
0.834
0.966
0.676
0.463
0.471
0.460
0.483
0.489
0.690
0.718
0.517
0.467
0.420
0.445
0.400
0.431
0.568
0.546
0.500
0.800
0.794
0.580
0.676
0.824
0.846
0.691
0.657
0.711
0.625
0.610
0.609
0.852
0.629
0.707
0.902
0.780
0.861
0.654
0.592
0.447
0.466
0.549
0.485
0.504
0.532
0.676
0.701
0.855
0.562
0.534
0.428
0.569
0.591
0.729
0.832
0.717
0.677
0.696
0.619
0.865
0.743
0.849
0.826
0.776
0.771
0.838
0.905
0.963
0.981
0.846
0.679
0.703
0.772
0.967
0.896
0.974
0.974
0.966
0.959
0.757
0.914
0.965
0.951
0.720
0.919
0.983
0.909
0.827
0.909
0.962
0.922
0.965
0.879
0.804
0.750
0.875
0.797
0.940
0.755
0.830
0.938
0.887
0.951
0.924
0.964
0.894
0.861
0.865
0.932
0.938
0.762
0.959
0.911
0.930
0.950
0.878
0.852
0.867
0.921
0.823
0.911
0.831
0.868
0.945
0.971
0.968
0.980
0.974
0.925
0.927
0.850
0.888
0.882
0.953
0.910
0.967
0.857
0.865
0.970
0.982
0.932
0.946
0.829
0.778
0.798
0.928
0.964
0.956
0.942
0.955
0.772
0.908
0.737
0.690
0.775
0.964
0.853
0.883
0.857
0.949
0.966
0.960
0.983
0.918
0.854
0.953
0.962
0.869
0.860
0.941
0.859
0.971
0.935
0.952
0.923
0.870
0.808
0.979
0.913
0.751
0.929
0.976
0.952
0.913
0.939
0.954
0.901
0.924
0.966
0.978
0.887
0.892
0.972
0.843
0.954
0.920
0.937
0.918
0.983
0.946
0.903
0.919
0.970
0.965
0.935
0.933
0.962
0.943
0.955
0.932
0.852
0.931
0.970
0.983
0.928
0.917
0.768
0.793
0.971
0.944
0.847
0.963
0.920
0.972
0.969
0.964
0.949
0.977
0.907
0.945
0.965
0.890
0.976
0.734
0.667
0.644
0.657
0.673
0.775
0.980
0.962
0.968
0.965
0.969
0.813
0.735
0.679
0.685
0.725
0.748
0.873
0.893
0.883
0.795
0.866
0.901
0.930
0.956
0.957
0.896
0.919
0.908
0.934
0.884
0.853
0.854
0.837
0.936
0.965
0.841
0.795
0.741
0.838
0.961
0.962
0.975
0.889
0.756
0.772
0.719
0.871
0.846
0.824
0.862
0.788
0.854
0.839
0.924
0.915
0.921
0.946
0.800
0.737
0.568
0.492
0.512
0.620
0.735
0.684
0.744
0.713
0.793
0.673
0.633
0.655
0.605
0.502
0.783
0.732
0.650
0.568
0.658
0.827
0.944
0.912
0.817
0.731
0.745
0.762
0.807
0.834
0.697
0.648
0.636
0.737
0.652
0.668
0.666
0.608
0.485
0.505
0.533
0.730
0.566
0.509
0.584
0.610
0.755
0.698
0.640
0.720
0.672
0.669
0.568
0.511
0.490
0.513
0.496
0.706
0.606
0.744
0.709
0.634
0.498
0.468
0.568
0.587
0.592
0.532
0.545
0.635
0.544
0.576
0.573
0.764
0.430
0.296
0.453
0.371
0.399
0.458
0.494
0.514
0.607
0.670
0.666
0.462
0.472
0.627
0.850
0.710
0.551
0.627
0.692
0.767
0.598
0.588
0.519
0.532
0.592
0.622
0.668
0.846
0.665
0.600
0.667
0.756
0.560
0.582
0.675
0.750
0.693
0.827
0.752
0.879
0.934
0.922
0.514
0.554
0.619
0.968
0.723
0.743
0.839
0.976
0.983
0.867
0.755
0.894
0.957
0.942
0.809
0.717
0.827
0.941
0.607
0.577
0.525
0.574
0.719
0.894
0.879
0.952
0.965
0.886
0.756
0.613
0.774
0.836
0.756
0.641
0.527
0.560
0.597
0.576
0.748
0.711
0.820
0.965
0.773
0.637
0.819
0.893
0.794
0.963
0.955
0.704
0.584
0.864
0.927
0.836
0.750
0.811
0.808
0.771
0.929
0.865
0.880
0.893
0.925
0.938
0.924
0.903
0.915
0.798
0.917
0.964
0.908
0.924
0.919
0.889
0.867
0.916
0.966
0.936
0.954
0.873
0.871
0.868
0.964
0.982
0.973
0.903
0.870
0.959
0.919
0.955
0.952
0.929
0.966
0.940
0.936
0.950
0.928
0.899
0.913
0.941
0.943
0.846
0.952
0.964
0.964
0.949
0.948
0.958
0.971
0.969
0.938
0.889
0.953
0.949
0.946
0.978
0.980
0.871
0.843
0.779
0.746
0.892
0.968
0.827
0.884
0.808
0.973
0.958
0.957
0.883
0.953
0.922
0.972
0.918
0.872
0.934
0.947
0.857
0.716
0.867
0.942
0.969
0.976
0.934
0.926
0.948
0.960
0.914
0.963
0.862
0.876
0.931
0.933
0.960
0.919
0.852
0.962
0.921
0.939
0.961
0.938
0.970
0.888
0.900
0.892
0.962
0.947
0.907
0.860
0.907
0.884
0.955
0.897
0.877
0.784
0.773
0.856
0.933
0.954
0.964
0.932
0.945
0.822
0.829
0.898
0.934
0.883
0.878
0.947
0.901
0.922
0.966
0.966
0.964
0.884
0.908
0.957
0.915
0.888
0.918
0.753
0.894
0.933
0.653
0.621
0.643
0.534
0.499
0.610
0.678
0.843
0.787
0.924
0.892
0.965
0.971
0.972
0.928
0.918
0.919
0.883
0.875
0.949
0.856
0.721
0.865
0.821
0.745
0.729
0.646
0.652
0.617
0.587
0.707
0.632
0.699
0.643
0.714
0.805
0.843
0.946
0.973
0.805
0.697
0.714
0.762
0.691
0.725
0.714
0.651
0.622
0.636
0.526
0.585
0.676
0.869
0.835
0.648
0.656
0.659
0.657
0.654
0.817
0.752
0.644
0.607
0.818
0.592
0.645
0.621
0.561
0.567
0.593
0.648
0.433
0.414
0.391
0.553
0.674
0.535
0.537
0.611
0.501
0.526
0.524
0.545
0.493
0.422
0.405
0.470
0.623
0.599
0.599
0.821
0.810
0.808
0.780
0.707
0.574
0.343
0.460
0.453
0.490
0.510
0.662
0.555
0.705
0.614
0.548
0.556
0.615
0.656
0.615
0.597
0.623
0.656
0.601
0.920
0.622
0.516
0.662
0.461
0.385
0.411
0.433
0.458
0.430
0.428
0.541
0.499
0.616
0.601
0.488
0.373
0.381
0.459
0.470
0.543
0.708
0.607
0.695
0.556
0.556
0.583
0.635
0.527
0.464
0.394
0.392
0.434
0.522
0.514
0.566
0.810
0.835
0.692
0.753
0.793
0.853
0.689
0.692
0.735
0.818
0.635
0.535
0.474
0.511
0.467
0.589
0.582
0.587
0.590
0.590
0.732
0.758
0.860
0.540
0.734
0.844
0.743
0.699
0.584
0.539
0.551
0.657
0.596
0.637
0.704
0.827
0.656
0.752
0.853
0.847
0.880
0.938
0.908
0.735
0.675
0.776
0.921
0.656
0.881
0.936
0.973
0.937
0.864
0.745
0.680
0.600
0.756
0.917
0.818
0.859
0.846
0.753
0.927
0.815
0.805
0.700
0.857
0.940
0.883
0.909
0.969
0.943
0.798
0.780
0.952
0.852
0.691
0.871
0.849
0.949
0.965
0.964
0.955
0.950
0.879
0.972
0.885
0.931
0.904
0.808
0.870
0.950
0.920
0.957
0.950
0.923
0.877
0.817
0.842
0.903
0.959
0.931
0.890
0.762
0.924
0.864
0.943
0.948
0.845
0.950
0.836
0.720
0.814
0.851
0.718
0.878
0.921
0.920
0.979
0.975
0.917
0.878
0.816
0.707
0.926
0.956
0.791
0.896
0.933
0.930
0.887
0.897
0.961
0.821
0.847
0.901
0.848
0.765
0.837
0.929
0.947
0.893
0.963
0.949
0.957
0.965
0.952
0.982
0.881
0.884
0.897
0.839
0.963
0.949
0.907
0.924
0.956
0.849
0.941
0.824
0.847
0.937
0.870
0.724
0.695
0.687
0.778
0.897
0.899
0.879
0.943
0.962
0.875
0.913
0.949
0.946
0.931
0.799
0.829
0.872
0.922
0.957
0.889
0.937
0.878
0.925
0.941
0.752
0.744
0.796
0.912
0.849
0.898
0.824
0.957
0.971
0.932
0.897
0.931
0.961
0.958
0.949
0.973
0.873
0.884
0.782
0.790
0.836
0.794
0.888
0.786
0.957
0.874
0.866
0.714
0.673
0.812
0.883
0.939
0.889
0.921
0.795
0.757
0.828
0.812
0.860
0.918
0.890
0.872
0.778
0.821
0.821
0.922
0.949
0.952
0.893
0.769
0.749
0.725
0.679
0.687
0.712
0.814
0.755
0.946
0.869
0.893
0.834
0.867
0.884
0.803
0.933
0.765
0.720
0.797
0.715
0.688
0.724
0.629
0.618
0.712
0.718
0.649
0.642
0.659
0.681
0.754
0.663
0.688
0.897
0.950
0.816
0.614
0.647
0.631
0.662
0.686
0.720
0.660
0.545
0.571
0.606
0.566
0.534
0.624
0.594
0.589
0.538
0.578
0.789
0.763
0.499
0.478
0.505
0.599
0.588
0.626
0.577
0.599
0.668
0.666
0.544
0.428
0.344
0.321
0.300
0.331
0.523
0.439
0.401
0.481
0.507
0.412
0.413
0.423
0.853
0.544
0.490
0.522
0.475
0.346
0.448
0.405
0.313
0.464
0.548
0.617
0.585
0.694
0.543
0.532
0.548
0.554
0.453
0.418
0.419
0.542
0.687
0.768
0.606
0.552
0.542
0.478
0.591
0.573
0.525
0.535
0.597
0.573
0.524
0.530
0.450
0.532
0.534
0.474
0.411
0.493
0.427
0.475
0.431
0.446
0.411
0.431
0.372
0.430
0.475
0.505
0.592
0.714
0.603
0.594
0.689
0.497
0.908
0.666
0.697
0.944
0.768
0.652
0.712
0.646
0.752
0.752
0.626
0.543
0.623
0.766
0.838
0.806
0.697
0.559
0.501
0.537
0.562
0.782
0.659
0.824
0.727
0.694
0.911
0.941
0.738
0.836
0.620
0.646
0.846
0.783
0.930
0.768
0.699
0.597
0.680
0.766
0.671
0.567
0.595
0.800
0.679
0.613
0.567
0.688
0.690
0.698
0.921
0.776
0.695
0.659
0.757
0.859
0.781
0.727
0.932
0.782
0.900
0.947
0.738
0.688
0.902
0.787
0.935
0.898
0.737
0.880
0.852
0.855
0.835
0.648
0.752
0.724
0.690
0.829
0.780
0.768
0.818
0.708
0.610
0.586
0.880
0.692
0.918
0.892
0.950
0.849
0.904
0.921
0.707
0.575
0.666
0.618
0.759
0.689
0.665
0.702
0.576
0.535
0.620
0.604
0.653
0.570
0.628
0.724
0.639
0.631
0.524
0.695
0.911
0.870
0.900
0.969
0.909
0.961
0.761
0.927
0.700
0.871
0.779
0.778
0.947
0.931
0.972
0.891
0.946
0.819
0.879
0.860
0.964
0.886
0.931
0.943
0.863
0.896
0.941
0.905
0.960
0.951
0.968
0.883
0.919
0.905
0.881
0.894
0.761
0.859
0.829
0.966
0.793
0.656
0.632
0.606
0.849
0.845
0.908
0.917
0.916
0.897
0.875
0.961
0.855
0.917
0.921
0.952
0.968
0.935
0.927
0.920
0.899
0.981
0.974
0.883
0.735
0.795
0.949
0.894
0.852
0.903
0.959
0.950
0.981
0.905
0.957
0.893
0.783
0.650
0.795
0.926
0.914
0.888
0.917
0.829
0.887
0.936
0.866
0.812
0.814
0.765
0.824
0.868
0.891
0.726
0.895
0.885
0.915
0.883
0.666
0.834
0.883
0.914
0.899
0.717
0.684
0.660
0.748
0.909
0.932
0.894
0.877
0.801
0.775
0.884
0.746
0.682
0.662
0.761
0.864
0.772
0.716
0.640
0.708
0.826
0.845
0.677
0.574
0.565
0.616
0.640
0.664
0.678
0.799
0.627
0.603
0.643
0.804
0.862
0.928
0.908
0.832
0.703
0.766
0.745
0.843
0.726
0.621
0.594
0.657
0.565
0.527
0.586
0.631
0.751
0.833
0.915
0.800
0.848
0.701
0.649
0.593
0.509
0.474
0.546
0.614
0.608
0.527
0.515
0.600
0.561
0.488
0.466
0.512
0.503
0.507
0.412
0.480
0.455
0.502
0.545
0.497
0.463
0.435
0.496
0.482
0.527
0.720
0.657
0.705
0.898
0.802
0.690
0.714
0.803
0.635
0.484
0.464
0.434
0.451
0.491
0.565
0.670
0.646
0.726
0.729
0.690
0.627
0.636
0.646
0.618
0.557
0.584
0.781
0.707
0.734
0.924
0.910
0.617
0.582
0.584
0.744
0.576
0.508
0.569
0.578
0.577
0.812
0.669
0.648
0.518
0.560
0.573
0.539
0.523
0.588
0.500
0.514
0.470
0.743
0.867
0.729
0.730
0.773
0.710
0.522
0.514
0.528
0.410
0.651
0.544
0.698
0.846
0.661
0.584
0.491
0.555
0.475
0.442
0.390
0.381
0.544
0.613
0.644
0.595
0.540
0.609
0.605
0.409
0.370
0.516
0.629
0.620
0.749
0.713
0.709
0.852
0.621
0.578
0.879
0.978
0.941
0.815
0.915
0.832
0.975
0.976
0.756
0.843
0.946
0.655
0.678
0.620
0.649
0.880
0.938
0.948
0.731
0.905
0.763
0.952
0.876
0.775
0.877
0.964
0.939
0.665
0.677
0.939
0.902
0.928
0.874
0.850
0.754
0.907
0.902
0.974
0.963
0.964
0.769
0.696
0.729
0.774
0.854
0.933
0.975
0.885
0.846
0.867
0.913
0.911
0.924
0.886
0.939
0.877
0.891
0.929
0.967
0.896
0.888
0.914
0.905
0.922
0.935
0.913
0.927
0.891
0.957
0.981
0.969
0.980
0.896
0.917
0.934
0.956
0.954
0.975
0.850
0.956
0.906
0.905
0.951
0.958
0.976
0.977
0.857
0.860
0.916
0.961
0.962
0.945
0.840
0.884
0.955
0.910
0.867
0.902
0.808
0.872
0.867
0.914
0.898
0.967
0.903
0.969
0.933
0.972
0.937
0.908
0.892
0.975
0.944
0.841
0.931
0.971
0.958
0.918
0.946
0.937
0.884
0.957
0.974
0.958
0.973
0.890
0.980
0.932
0.947
0.971
0.982
0.946
0.898
0.910
0.950
0.931
0.915
0.913
0.933
0.946
0.966
0.937
0.895
0.855
0.981
0.915
0.809
0.920
0.937
0.975
0.939
0.872
0.927
0.980
0.912
0.913
0.902
0.925
0.838
0.896
0.809
0.964
0.968
0.965
0.921
0.895
0.827
0.883
0.826
0.915
0.905
0.963
0.965
0.943
0.893
0.828
0.756
0.772
0.892
0.902
0.742
0.713
0.702
0.728
0.714
0.737
0.791
0.861
0.898
0.961
0.937
0.980
0.901
0.741
0.822
0.766
0.831
0.842
0.804
0.761
0.742
0.718
0.882
0.907
0.926
0.928
0.768
0.721
0.697
0.627
0.865
0.944
0.961
0.885
0.705
0.669
0.623
0.687
0.829
0.922
0.946
0.768
0.836
0.723
0.751
0.823
0.803
0.780
0.892
0.897
0.743
0.712
0.811
0.727
0.704
0.695
0.677
0.669
0.918
0.628
0.648
0.651
0.722
0.643
0.555
0.687
0.576
0.499
0.611
0.623
0.593
0.577
0.595
0.609
0.620
0.860
0.678
0.614
0.667
0.492
0.435
0.384
0.437
0.464
0.448
0.644
0.755
0.737
0.673
0.560
0.554
0.569
0.512
0.638
0.884
0.656
0.581
0.572
0.696
0.699
0.628
0.509
0.535
0.623
0.628
0.636
0.577
0.527
0.448
0.470
0.444
0.404
0.357
0.518
0.602
0.547
0.702
0.719
0.593
0.641
0.543
0.497
0.543
0.646
0.590
0.571
0.526
0.525
0.512
0.585
0.480
0.478
0.493
0.752
0.595
0.469
0.508
0.551
0.614
0.716
0.604
0.468
0.534
0.677
0.520
0.462
0.472
0.509
0.588
0.691
0.606
0.547
0.577
0.517
0.550
0.843
0.716
0.835
0.686
0.826
0.914
0.813
0.832
0.829
0.941
0.818
0.817
0.942
0.897
0.975
0.714
0.696
0.758
0.676
0.530
0.656
0.848
0.918
0.906
0.898
0.891
0.920
0.929
0.748
0.930
0.903
0.882
0.973
0.679
0.627
0.605
0.676
0.826
0.873
0.970
0.930
0.823
0.730
0.650
0.863
0.854
0.838
0.775
0.868
0.839
0.969
0.856
0.856
0.876
0.911
0.827
0.681
0.933
0.791
0.928
0.980
0.901
0.781
0.952
0.955
0.927
0.843
0.855
0.911
0.918
0.928
0.868
0.676
0.639
0.811
0.822
0.737
0.649
0.689
0.923
0.964
0.845
0.846
0.955
0.979
0.976
0.812
0.936
0.786
0.927
0.959
0.886
0.787
0.844
0.929
0.974
0.889
0.850
0.901
0.932
0.910
0.946
0.889
0.905
0.954
0.946
0.912
0.900
0.959
0.940
0.933
0.879
0.973
0.983
0.974
0.978
0.980
0.938
0.975
0.878
0.872
0.909
0.929
0.941
0.931
0.906
0.957
0.875
0.947
0.948
0.895
0.931
0.959
0.949
0.901
0.898
0.970
0.974
0.771
0.775
0.694
0.817
0.604
0.734
0.693
0.874
0.922
0.775
0.892
0.877
0.921
0.954
0.942
0.935
0.941
0.952
0.950
0.943
0.936
0.974
0.982
0.958
0.904
0.947
0.913
0.878
0.935
0.967
0.935
0.855
0.884
0.972
0.983
0.896
0.885
0.973
0.921
0.954
0.915
0.961
0.921
0.897
0.941
0.905
0.900
0.880
0.954
0.888
0.869
0.852
0.895
0.952
0.952
0.908
0.952
0.912
0.902
0.895
0.875
0.910
0.959
0.918
0.931
0.962
0.973
0.906
0.962
0.864
0.799
0.724
0.727
0.763
0.760
0.793
0.912
0.910
0.885
0.953
0.946
0.953
0.897
0.780
0.950
0.954
0.911
0.896
0.868
0.916
0.864
0.950
0.819
0.862
0.886
0.973
0.847
0.765
0.693
0.757
0.819
0.902
0.853
0.771
0.757
0.903
0.804
0.897
0.924
0.840
0.714
0.866
0.923
0.614
0.542
0.581
0.642
0.661
0.785
0.819
0.880
0.873
0.727
0.654
0.719
0.890
0.732
0.606
0.580
0.677
0.739
0.680
0.624
0.677
0.687
0.611
0.592
0.606
0.660
0.744
0.870
0.867
0.844
0.734
0.652
0.701
0.609
0.581
0.586
0.564
0.504
0.511
0.499
0.503
0.503
0.491
0.517
0.616
0.919
0.633
0.614
0.546
0.523
0.536
0.480
0.487
0.440
0.395
0.326
0.421
0.502
0.455
0.292
0.401
0.412
0.482
0.551
0.544
0.527
0.501
0.510
0.534
0.494
0.393
0.457
0.509
0.493
0.500
0.404
0.315
0.428
0.517
0.533
0.509
0.523
0.819
0.780
0.690
0.563
0.537
0.491
0.541
0.517
0.543
0.496
0.561
0.645
0.604
0.568
0.673
0.713
0.802
0.787
0.819
0.686
0.705
0.634
0.546
0.564
0.573
0.644
0.627
0.938
0.867
0.698
0.617
0.489
0.471
0.538
0.566
0.699
0.673
0.614
0.634
0.554
0.527
0.616
0.511
0.881
0.758
0.715
0.875
0.938
0.793
0.717
0.589
0.815
0.616
0.621
0.595
0.624
0.604
0.725
0.553
0.543
0.692
0.505
0.579
0.577
0.579
0.547
0.949
0.604
0.586
0.622
0.741
0.637
0.741
0.916
0.912
0.953
0.848
0.951
0.918
0.966
0.968
0.957
0.903
0.838
0.909
0.898
0.929
0.948
0.968
0.818
0.942
0.853
0.896
0.910
0.887
0.741
0.787
0.765
0.841
0.949
0.899
0.944
0.824
0.862
0.866
0.954
0.873
0.813
0.834
0.930
0.741
0.895
0.826
0.801
0.695
0.742
0.657
0.619
0.647
0.823
0.974
0.834
0.881
0.952
0.823
0.883
0.886
0.896
0.935
0.803
0.905
0.886
0.798
0.921
0.926
0.917
0.884
0.760
0.715
0.808
0.969
0.739
0.785
0.865
0.835
0.739
0.762
0.779
0.965
0.769
0.802
0.887
0.891
0.939
0.906
0.951
0.880
0.771
0.819
0.882
0.840
0.829
0.935
0.894
0.864
0.868
0.919
0.970
0.961
0.975
0.954
0.940
0.875
0.895
0.958
0.937
0.919
0.974
0.980
0.980
0.943
0.902
0.888
0.945
0.804
0.831
0.944
0.924
0.787
0.871
0.942
0.832
0.880
0.853
0.872
0.863
0.829
0.894
0.963
0.962
0.964
0.935
0.922
0.943
0.902
0.911
0.905
0.971
0.797
0.683
0.671
0.756
0.886
0.924
0.896
0.918
0.946
0.905
0.751
0.764
0.848
0.783
0.791
0.883
0.903
0.915
0.952
0.954
0.914
0.975
0.938
0.964
0.947
0.904
0.844
0.721
0.751
0.771
0.873
0.802
0.862
0.938
0.959
0.965
0.957
0.841
0.798
0.981
0.849
0.849
0.773
0.752
0.656
0.679
0.718
0.771
0.699
0.909
0.895
0.894
0.807
0.721
0.726
0.782
0.924
0.947
0.879
0.890
0.904
0.732
0.769
0.648
0.558
0.644
0.641
0.789
0.851
0.705
0.691
0.599
0.679
0.708
0.802
0.975
0.875
0.910
0.729
0.699
0.651
0.816
0.844
0.831
0.737
0.704
0.729
0.846
0.865
0.802
0.897
0.864
0.714
0.672
0.633
0.730
0.602
0.711
0.659
0.685
0.520
0.539
0.570
0.532
0.713
0.636
0.723
0.627
0.661
0.613
0.775
0.714
0.690
0.584
0.751
0.684
0.619
0.589
0.491
0.568
0.601
0.616
0.608
0.620
0.624
0.571
0.509
0.514
0.377
0.366
0.373
0.471
0.440
0.408
0.409
0.366
0.337
0.294
0.254
0.366
0.443
0.504
0.389
0.365
0.316
0.321
0.444
0.387
0.489
0.460
0.602
0.657
0.702
0.658
0.706
0.608
0.669
0.701
0.605
0.466
0.465
0.601
0.431
0.435
0.489
0.481
0.536
0.586
0.578
0.631
0.523
0.535
0.490
0.470
0.547
0.589
0.474
0.401
0.420
0.662
0.599
0.789
0.662
0.778
0.886
0.967
0.748
0.704
0.630
0.654
0.721
0.612
0.568
0.559
0.669
0.518
0.556
0.511
0.704
0.846
0.816
0.847
0.599
0.518
0.472
0.431
0.611
0.644
0.577
0.601
0.511
0.580
0.814
0.707
0.887
0.884
0.849
0.813
0.826
0.710
0.720
0.937
0.721
0.774
0.785
0.737
0.738
0.784
0.792
0.838
0.950
0.693
0.666
0.730
0.952
0.959
0.947
0.951
0.896
0.866
0.937
0.918
0.945
0.891
0.896
0.842
0.920
0.796
0.888
0.923
0.976
0.920
0.900
0.670
0.762
0.834
0.938
0.955
0.948
0.916
0.946
0.930
0.959
0.865
0.911
0.966
0.895
0.955
0.847
0.882
0.798
0.852
0.860
0.935
0.937
0.962
0.852
0.913
0.953
0.911
0.921
0.959
0.951
0.953
0.960
0.842
0.834
0.926
0.963
0.976
0.894
0.825
0.881
0.893
0.963
0.983
0.856
0.832
0.735
0.844
0.929
0.943
0.874
0.980
0.840
0.926
0.960
0.981
0.852
0.931
0.889
0.978
0.982
0.907
0.957
0.908
0.878
0.966
0.917
0.957
0.969
0.897
0.869
0.939
0.956
0.962
0.875
0.929
0.944
0.946
0.983
0.865
0.891
0.969
0.854
0.961
0.884
0.918
0.879
0.949
0.967
0.966
0.946
0.914
0.867
0.884
0.963
0.938
0.917
0.839
0.960
0.981
0.978
0.898
0.972
0.954
0.975
0.970
0.980
0.971
0.828
0.938
0.966
0.878
0.896
0.882
0.967
0.904
0.925
0.941
0.946
0.915
0.941
0.730
0.743
0.715
0.840
0.867
0.805
0.909
0.957
0.969
0.867
0.965
0.977
0.901
0.846
0.714
0.669
0.680
0.751
0.869
0.886
0.913
0.946
0.973
0.824
0.878
0.980
0.980
0.903
0.939
0.949
0.884
0.790
0.909
0.925
0.836
0.939
0.845
0.954
0.926
0.790
0.857
0.913
0.965
0.952
0.783
0.748
0.740
0.756
0.756
0.747
0.659
0.642
0.655
0.721
0.719
0.776
0.689
0.895
0.912
0.828
0.799
0.692
0.733
0.707
0.667
0.665
0.648
0.723
0.780
0.888
0.979
0.713
0.598
0.658
0.707
0.668
0.673
0.651
0.706
0.701
0.658
0.580
0.652
0.620
0.572
0.641
0.561
0.582
0.521
0.574
0.503
0.569
0.609
0.476
0.604
0.521
0.562
0.488
0.645
0.640
0.583
0.556
0.511
0.518
0.506
0.466
0.423
0.448
0.550
0.639
0.799
0.697
0.686
0.690
0.732
0.632
0.533
0.585
0.574
0.613
0.741
0.693
0.719
0.684
0.687
0.641
0.633
0.620
0.534
0.546
0.772
0.797
0.699
0.622
0.514
0.498
0.590
0.638
0.625
0.677
0.828
0.656
0.547
0.597
0.569
0.467
0.402
0.448
0.452
0.467
0.544
0.440
0.366
0.457
0.534
0.558
0.609
0.748
0.669
0.598
0.556
0.485
0.574
0.454
0.431
0.536
0.558
0.726
0.601
0.675
0.634
0.641
0.711
0.521
0.527
0.537
0.525
0.630
0.865
0.633
0.516
0.565
0.714
0.601
0.573
0.660
0.813
0.811
0.781
0.820
0.900
0.629
0.805
0.734
0.726
0.693
0.609
0.746
0.766
0.850
0.708
0.908
0.660
0.817
0.652
0.863
0.906
0.773
0.637
0.568
0.664
0.898
0.807
0.714
0.806
0.942
0.699
0.669
0.865
0.976
0.822
0.781
0.674
0.632
0.856
0.953
0.941
0.838
0.831
0.955
0.938
0.898
0.796
0.819
0.911
0.932
0.753
0.900
0.950
0.956
0.779
0.840
0.705
0.633
0.664
0.637
0.618
0.638
0.690
0.890
0.831
0.809
0.919
0.944
0.876
0.877
0.931
0.875
0.908
0.958
0.834
0.724
0.820
0.782
0.948
0.924
0.972
0.968
0.922
0.855
0.953
0.955
0.972
0.870
0.818
0.888
0.842
0.934
0.972
0.979
0.976
0.867
0.877
0.836
0.943
0.726
0.775
0.930
0.885
0.806
0.818
0.883
0.973
0.877
0.978
0.866
0.932
0.960
0.953
0.914
0.966
0.932
0.898
0.844
0.914
0.952
0.901
0.918
0.876
0.980
0.969
0.938
0.862
0.847
0.939
0.972
0.933
0.972
0.946
0.929
0.983
0.927
0.918
0.942
0.931
0.975
0.938
0.899
0.975
0.959
0.975
0.961
0.929
0.926
0.974
0.966
0.951
0.971
0.923
0.917
0.947
0.936
0.933
0.858
0.765
0.693
0.685
0.623
0.579
0.587
0.690
0.779
0.955
0.980
0.934
0.931
0.944
0.971
0.955
0.866
0.946
0.952
0.913
0.957
0.912
0.926
0.893
0.905
0.958
0.951
0.885
0.903
0.927
0.976
0.904
0.952
0.967
0.972
0.954
0.893
0.951
0.763
0.693
0.854
0.870
0.815
0.803
0.802
0.972
0.869
0.897
0.887
0.928
0.937
0.939
0.862
0.838
0.736
0.791
0.927
0.768
0.757
0.795
0.737
0.794
0.837
0.743
0.697
0.958
0.861
0.936
0.889
0.789
0.954
0.967
0.979
0.900
0.907
0.826
0.913
0.899
0.857
0.896
0.879
0.941
0.717
0.821
0.789
0.733
0.691
0.646
0.656
0.781
0.735
0.703
0.882
0.735
0.672
0.663
0.613
0.713
0.727
0.561
0.533
0.611
0.639
0.577
0.546
0.599
0.570
0.639
0.681
0.580
0.600
0.720
0.627
0.561
0.566
0.553
0.562
0.523
0.515
0.576
0.538
0.578
0.572
0.589
0.640
0.925
0.857
0.727
0.956
0.961
0.943
0.652
0.717
0.534
0.464
0.456
0.475
0.483
0.458
0.581
0.596
0.774
0.743
0.786
0.923
0.714
0.764
0.829
0.685
0.662
0.580
0.477
0.458
0.431
0.547
0.563
0.509
0.447
0.547
0.498
0.496
0.558
0.531
0.602
0.532
0.472
0.474
0.728
0.604
0.620
0.521
0.801
0.898
0.623
0.495
0.427
0.421
0.500
0.746
0.562
0.534
0.616
0.874
0.747
0.667
0.697
0.499
0.509
0.537
0.445
0.417
0.551
0.698
0.578
0.641
0.537
0.517
0.433
0.585
0.548
0.498
0.465
0.416
0.697
0.654
0.488
0.561
0.621
0.654
0.856
0.785
0.549
0.530
0.500
0.476
0.635
0.792
0.536
0.593
0.566
0.602
0.688
0.601
0.682
0.638
0.450
0.415
0.490
0.471
0.471
0.532
0.911
0.678
0.571
0.589
0.683
0.967
0.699
0.769
0.890
0.906
0.870
0.822
0.796
0.877
0.953
0.875
0.894
0.687
0.811
0.975
0.916
0.847
0.904
0.881
0.807
0.703
0.543
0.505
0.652
0.697
0.631
0.913
0.883
0.921
0.952
0.968
0.932
0.863
0.879
0.899
0.871
0.944
0.831
0.826
0.765
0.709
0.782
0.777
0.903
0.936
0.968
0.858
0.827
0.812
0.842
0.879
0.872
0.712
0.902
0.941
0.825
0.909
0.914
0.973
0.839
0.874
0.918
0.945
0.865
0.924
0.973
0.980
0.916
0.853
0.796
0.887
0.719
0.670
0.878
0.874
0.899
0.809
0.784
0.886
0.879
0.889
0.751
0.959
0.903
0.928
0.752
0.664
0.684
0.850
0.877
0.895
0.839
0.917
0.946
0.821
0.815
0.841
0.812
0.834
0.827
0.947
0.753
0.921
0.961
0.837
0.952
0.943
0.934
0.894
0.843
0.942
0.812
0.908
0.934
0.974
0.956
0.929
0.913
0.846
0.964
0.916
0.897
0.913
0.900
0.859
0.951
0.884
0.862
0.824
0.966
0.959
0.924
0.951
0.971
0.975
0.815
0.723
0.862
0.963
0.834
0.907
0.862
0.880
0.873
0.939
0.839
0.946
0.948
0.959
0.881
0.914
0.846
0.892
0.943
0.979
0.920
0.793
0.914
0.848
0.878
0.915
0.925
0.935
0.847
0.736
0.950
0.899
0.885
0.772
0.733
0.727
0.708
0.951
0.834
0.952
0.906
0.916
0.930
0.822
0.605
0.519
0.526
0.510
0.656
0.680
0.852
0.688
0.948
0.960
0.965
0.893
0.923
0.961
0.754
0.684
0.707
0.684
0.632
0.651
0.648
0.711
0.743
0.796
0.826
0.863
0.947
0.742
0.689
0.743
0.622
0.662
0.745
0.789
0.728
0.844
0.766
0.686
0.733
0.773
0.717
0.717
0.703
0.608
0.692
0.712
0.668
0.690
0.652
0.589
0.657
0.616
0.655
0.880
0.666
0.601
0.577
0.556
0.528
0.598
0.651
0.600
0.652
0.834
0.743
0.654
0.650
0.613
0.607
0.861
0.637
0.629
0.591
0.539
0.403
0.432
0.455
0.560
0.620
0.560
0.636
0.632
0.705
0.660
0.819
0.717
0.553
0.491
0.481
0.482
0.481
0.430
0.527
0.639
0.658
0.565
0.506
0.439
0.435
0.414
0.362
0.452
0.489
0.443
0.524
0.318
0.303
0.346
0.388
0.528
0.521
0.622
0.628
0.478
0.531
0.572
0.651
0.489
0.419
0.485
0.491
0.344
0.418
0.370
0.454
0.679
0.577
0.367
0.367
0.392
0.335
0.345
0.463
0.639
0.700
0.641
0.870
0.660
0.509
0.447
0.462
0.451
0.431
0.430
0.472
0.554
0.493
0.480
0.514
0.385
0.496
0.522
0.538
0.575
0.885
0.950
0.952
0.649
0.549
0.576
0.647
0.913
0.923
0.756
0.853
0.975
0.930
0.896
0.800
0.906
0.936
0.913
0.880
0.972
0.917
0.927
0.878
0.690
0.863
0.933
0.935
0.920
0.928
0.908
0.691
0.873
0.790
0.703
0.774
0.703
0.862
0.731
0.919
0.963
0.858
0.839
0.754
0.782
0.784
0.881
0.870
0.959
0.948
0.978
0.975
0.965
0.911
0.875
0.967
0.808
0.874
0.940
0.857
0.731
0.644
0.593
0.763
0.690
0.709
0.869
0.958
0.687
0.627
0.768
0.904
0.898
0.723
0.969
0.918
0.923
0.828
0.913
0.859
0.757
0.879
0.836
0.877
0.918
0.973
0.925
0.866
0.962
0.965
0.966
0.808
0.897
0.949
0.962
0.963
0.959
0.931
0.945
0.850
0.961
0.979
0.974
0.973
0.928
0.939
0.906
0.909
0.930
0.952
0.976
0.947
0.917
0.932
0.976
0.950
0.937
0.924
0.928
0.862
0.963
0.982
0.953
0.976
0.972
0.876
0.955
0.967
0.970
0.966
0.923
0.871
0.887
0.933
0.875
0.931
0.790
0.910
0.972
0.848
0.831
0.727
0.793
0.772
0.731
0.921
0.962
0.965
0.959
0.931
0.852
0.907
0.794
0.823
0.951
0.945
0.942
0.901
0.970
0.974
0.907
0.923
0.832
0.842
0.904
0.968
0.968
0.973
0.968
0.936
0.891
0.973
0.979
0.968
0.913
0.939
0.964
0.964
0.949
0.905
0.947
0.957
0.979
0.917
0.792
0.750
0.781
0.817
0.934
0.852
0.907
0.901
0.949
0.963
0.972
0.973
0.905
0.952
0.895
0.966
0.898
0.909
0.935
0.958
0.923
0.946
0.960
0.931
0.918
0.971
0.943
0.942
0.940
0.943
0.835
0.770
0.777
0.736
0.833
0.862
0.916
0.846
0.931
0.902
0.940
0.879
0.831
0.762
0.834
0.916
0.895
0.806
0.811
0.808
0.817
0.803
0.921
0.913
0.846
0.871
0.775
0.823
0.898
0.818
0.840
0.967
0.938
0.809
0.769
0.901
0.795
0.760
0.891
0.830
0.922
0.919
0.904
0.842
0.821
0.864
0.932
0.916
0.755
0.765
0.768
0.694
0.753
0.686
0.705
0.721
0.690
0.829
0.852
0.891
0.860
0.701
0.739
0.709
0.595
0.719
0.629
0.634
0.654
0.637
0.534
0.594
0.533
0.493
0.527
0.497
0.483
0.544
0.488
0.487
0.621
0.675
0.564
0.510
0.504
0.526
0.578
0.663
0.449
0.431
0.477
0.587
0.665
0.499
0.491
0.377
0.394
0.365
0.463
0.391
0.509
0.400
0.773
0.601
0.636
0.606
0.536
0.539
0.454
0.494
0.440
0.493
0.437
0.544
0.447
0.398
0.478
0.444
0.449
0.740
0.621
0.506
0.514
0.715
0.718
0.670
0.641
0.499
0.518
0.544
0.494
0.524
0.723
0.658
0.641
0.664
0.633
0.610
0.507
0.470
0.409
0.391
0.553
0.555
0.521
0.553
0.467
0.547
0.571
0.523
0.462
0.453
0.779
0.578
0.627
0.622
0.502
0.448
0.452
0.630
0.470
0.553
0.514
0.565
0.938
0.636
0.533
0.547
0.492
0.565
0.737
0.891
0.616
0.649
0.867
0.743
0.782
0.559
0.635
0.724
0.639
0.619
0.744
0.692
0.729
0.653
0.872
0.979
0.769
0.903
0.906
0.814
0.698
0.730
0.845
0.664
0.668
0.945
0.834
0.925
0.700
0.648
0.946
0.978
0.938
0.883
0.804
0.741
0.814
0.905
0.953
0.964
0.922
0.897
0.888
0.950
0.967
0.932
0.885
0.837
0.719
0.722
0.779
0.687
0.605
0.642
0.607
0.599
0.621
0.649
0.624
0.692
0.555
0.567
0.777
0.656
0.796
0.745
0.804
0.704
0.730
0.790
0.915
0.807
0.930
0.950
0.923
0.771
0.732
0.883
0.745
0.864
0.950
0.955
0.959
0.857
0.864
0.980
0.951
0.869
0.868
0.790
0.874
0.946
0.914
0.801
0.836
0.952
0.891
0.730
0.741
0.955
0.929
0.870
0.961
0.960
0.852
0.941
0.963
0.844
0.920
0.944
0.965
0.973
0.868
0.828
0.834
0.952
0.968
0.837
0.941
0.938
0.890
0.980
0.959
0.863
0.896
0.852
0.854
0.804
0.927
0.947
0.970
0.835
0.740
0.851
0.951
0.967
0.840
0.949
0.964
0.913
0.841
0.818
0.938
0.879
0.976
0.955
0.956
0.928
0.959
0.968
0.960
0.918
0.875
0.934
0.921
0.960
0.911
0.887
0.883
0.880
0.966
0.973
0.940
0.909
0.973
0.927
0.854
0.957
0.950
0.969
0.963
0.904
0.921
0.849
0.938
0.856
0.889
0.929
0.960
0.894
0.857
0.948
0.847
0.874
0.885
0.886
0.833
0.871
0.882
0.907
0.873
0.855
0.880
0.937
0.811
0.740
0.719
0.742
0.673
0.698
0.705
0.883
0.849
0.781
0.790
0.772
0.656
0.721
0.901
0.884
0.858
0.784
0.908
0.880
0.718
0.682
0.634
0.645
0.633
0.668
0.698
0.789
0.916
0.916
0.910
0.900
0.849
0.840
0.785
0.723
0.650
0.686
0.712
0.672
0.786
0.720
0.803
0.709
0.693
0.949
0.937
0.772
0.670
0.698
0.693
0.789
0.915
0.888
0.840
0.722
0.651
0.698
0.731
0.778
0.667
0.630
0.653
0.663
0.670
0.891
0.735
0.573
0.535
0.504
0.492
0.581
0.651
0.587
0.582
0.615
0.738
0.712
0.589
0.545
0.613
0.695
0.634
0.605
0.695
0.691
0.657
0.534
0.679
0.585
0.506
0.532
0.599
0.554
0.556
0.532
0.524
0.468
0.449
0.502
0.435
0.494
0.510
0.458
0.374
0.376
0.353
0.381
0.442
0.521
0.446
0.460
0.404
0.426
0.481
0.421
0.467
0.503
0.473
0.595
0.612
0.561
0.509
0.605
0.466
0.488
0.506
0.475
0.613
0.661
0.507
0.451
0.339
0.420
0.465
0.497
0.455
0.488
0.467
0.633
0.660
0.640
0.682
0.578
0.572
0.513
0.499
0.440
0.420
0.495
0.491
0.503
0.438
0.457
0.586
0.555
0.516
0.591
0.504
0.673
0.735
0.635
0.570
0.612
0.645
0.653
0.597
0.589
0.670
0.643
0.647
0.631
0.758
0.667
0.570
0.613
0.567
0.616
0.526
0.566
0.526
0.626
0.563
0.492
0.441
0.447
0.676
0.893
0.841
0.673
0.792
0.643
0.678
0.625
0.595
0.599
0.584
0.562
0.530
0.458
0.527
0.624
0.667
0.677
0.722
0.576
0.528
0.585
0.663
0.594
0.605
0.590
0.597
0.612
0.505
0.485
0.600
0.747
0.676
0.558
0.601
0.588
0.612
0.894
0.734
0.755
0.715
0.654
0.753
0.690
0.511
0.534
0.634
0.606
0.602
0.692
0.940
0.862
0.955
0.910
0.877
0.982
0.908
0.980
0.888
0.960
0.976
0.954
0.896
0.935
0.867
0.880
0.845
0.828
0.826
0.750
0.743
0.756
0.789
0.655
0.656
0.800
0.868
0.940
0.745
0.916
0.838
0.874
0.860
0.966
0.875
0.978
0.884
0.851
0.917
0.820
0.892
0.933
0.921
0.832
0.891
0.946
0.890
0.911
0.922
0.938
0.892
0.973
0.908
0.921
0.916
0.830
0.910
0.897
0.951
0.972
0.836
0.641
0.654
0.840
0.912
0.921
0.814
0.975
0.959
0.943
0.933
0.874
0.944
0.935
0.973
0.954
0.941
0.849
0.928
0.944
0.895
0.932
0.971
0.965
0.828
0.936
0.950
0.973
0.934
0.897
0.839
0.886
0.824
0.896
0.821
0.837
0.861
0.720
0.767
0.860
0.838
0.717
0.824
0.869
0.959
0.975
0.856
0.753
0.761
0.833
0.933
0.886
0.838
0.873
0.915
0.849
0.737
0.780
0.873
0.820
0.924
0.957
0.960
0.981
0.976
0.813
0.813
0.895
0.855
0.835
0.856
0.860
0.905
0.794
0.736
0.746
0.940
0.865
0.919
0.854
0.853
0.733
0.829
0.852
0.825
0.810
0.794
0.744
0.863
0.888
0.876
0.776
0.750
0.640
0.635
0.736
0.686
0.735
0.791
0.942
0.736
0.689
0.620
0.569
0.647
0.697
0.680
0.650
0.646
0.569
0.630
0.656
0.565
0.729
0.665
0.684
0.837
0.639
0.810
0.839
0.745
0.698
0.629
0.743
0.727
0.650
0.666
0.723
0.729
0.845
0.783
0.707
0.680
0.718
0.602
0.617
0.773
0.641
0.828
0.630
0.598
0.632
0.532
0.552
0.572
0.470
0.388
0.558
0.490
0.462
0.420
0.419
0.328
0.389
0.446
0.518
0.528
0.607
0.674
0.595
0.557
0.504
0.496
0.433
0.424
0.360
0.459
0.592
0.548
0.537
0.647
0.646
0.528
0.620
0.584
0.496
0.481
0.539
0.561
0.632
0.556
0.464
0.543
0.652
0.668
0.722
0.710
0.732
0.787
0.649
0.964
0.601
0.534
0.461
0.509
0.526
0.622
0.623
0.577
0.623
0.640
0.651
0.563
0.680
0.457
0.475
0.530
0.752
0.666
0.670
0.692
0.503
0.468
0.489
0.498
0.713
0.597
0.775
0.604
0.874
0.793
0.864
0.910
0.803
0.665
0.572
0.632
0.712
0.961
0.656
0.611
0.632
0.725
0.894
0.917
0.905
0.846
0.934
0.938
0.943
0.742
0.960
0.885
0.580
0.640
0.765
0.873
0.792
0.626
0.646
0.885
0.737
0.947
0.914
0.957
0.825
0.825
0.738
0.713
0.892
0.701
0.845
0.759
0.907
0.957
0.963
0.951
0.840
0.933
0.973
0.878
0.701
0.937
0.926
0.829
0.945
0.850
0.933
0.959
0.847
0.962
0.960
0.951
0.965
0.930
0.936
0.960
0.974
0.933
0.815
0.714
0.892
0.942
0.920
0.969
0.971
0.873
0.952
0.782
0.662
0.623
0.538
0.636
0.815
0.876
0.814
0.664
0.618
0.536
0.587
0.622
0.832
0.877
0.980
0.808
0.773
0.868
0.901
0.841
0.956
0.887
0.901
0.919
0.888
0.941
0.941
0.971
0.977
0.938
0.798
0.801
0.862
0.966
0.968
0.900
0.929
0.962
0.937
0.956
0.970
0.912
0.975
0.918
0.940
0.939
0.932
0.955
0.965
0.897
0.967
0.958
0.911
0.694
0.841
0.836
0.925
0.911
0.960
0.933
0.981
0.920
0.894
0.923
0.960
0.959
0.837
0.962
0.967
0.957
0.808
0.942
0.953
0.966
0.933
0.931
0.956
0.933
0.963
0.978
0.945
0.925
0.967
0.958
0.926
0.930
0.906
0.962
0.829
0.881
0.884
0.949
0.917
0.935
0.932
0.883
0.805
0.844
0.914
0.961
0.978
0.933
0.940
0.898
0.923
0.968
0.946
0.967
0.965
0.975
0.932
0.951
0.944
0.980
0.866
0.912
0.881
0.950
0.862
0.839
0.837
0.951
0.890
0.913
0.908
0.863
0.828
0.748
0.856
0.884
0.908
0.875
0.815
0.759
0.921
0.832
0.889
0.917
0.932
0.812
0.817
0.838
0.692
0.698
0.763
0.892
0.911
0.910
0.887
0.829
0.882
0.777
0.769
0.819
0.787
0.883
0.921
0.795
0.845
0.855
0.768
0.802
0.770
0.785
0.723
0.732
0.914
0.756
0.651
0.586
0.589
0.605
0.585
0.644
0.596
0.587
0.677
0.832
0.784
0.659
0.740
0.724
0.856
0.682
0.784
0.965
0.797
0.720
0.673
0.623
0.629
0.639
0.667
0.616
0.718
0.867
0.754
0.705
0.575
0.649
0.636
0.662
0.795
0.693
0.621
0.577
0.648
0.578
0.604
0.608
0.553
0.594
0.546
0.539
0.529
0.507
0.629
0.552
0.560
0.440
0.518
0.470
0.517
0.605
0.599
0.609
0.617
0.483
0.502
0.663
0.591
0.621
0.601
0.613
0.550
0.503
0.609
0.728
0.593
0.677
0.846
0.492
0.441
0.593
0.509
0.431
0.406
0.589
0.681
0.678
0.596
0.471
0.572
0.556
0.580
0.489
0.520
0.675
0.869
0.651
0.543
0.658
0.517
0.360
0.440
0.516
0.521
0.679
0.616
0.579
0.700
0.830
0.898
0.671
0.538
0.543
0.573
0.673
0.669
0.664
0.782
0.684
0.921
0.650
0.621
0.910
0.821
0.932
0.751
0.663
0.736
0.979
0.802
0.874
0.731
0.844
0.738
0.942
0.945
0.897
0.979
0.938
0.928
0.880
0.897
0.835
0.648
0.567
0.680
0.885
0.910
0.836
0.956
0.926
0.886
0.843
0.947
0.852
0.790
0.713
0.872
0.917
0.846
0.784
0.744
0.625
0.647
0.791
0.871
0.872
0.818
0.791
0.882
0.930
0.909
0.793
0.861
0.800
0.670
0.695
0.849
0.951
0.946
0.971
0.844
0.722
0.886
0.969
0.887
0.973
0.888
0.968
0.971
0.938
0.961
0.895
0.940
0.895
0.928
0.788
0.826
0.803
0.749
0.815
0.690
0.635
0.795
0.769
0.741
0.636
0.793
0.842
0.775
0.883
0.915
0.718
0.732
0.890
0.896
0.837
0.872
0.926
0.828
0.868
0.764
0.891
0.946
0.772
0.831
0.912
0.981
0.912
0.893
0.916
0.963
0.953
0.925
0.860
0.903
0.929
0.942
0.967
0.859
0.905
0.914
0.954
0.972
0.957
0.866
0.947
0.930
0.938
0.892
0.941
0.935
0.783
0.803
0.948
0.952
0.914
0.953
0.976
0.893
0.947
0.936
0.974
0.964
0.954
0.892
0.933
0.889
0.963
0.933
0.973
0.905
0.911
0.928
0.975
0.920
0.882
0.877
0.949
0.975
0.922
0.753
0.758
0.721
0.816
0.890
0.951
0.885
0.877
0.909
0.976
0.948
0.965
0.946
0.939
0.934
0.921
0.966
0.970
0.937
0.852
0.727
0.665
0.729
0.824
0.746
0.818
0.939
0.929
0.863
0.966
0.940
0.908
0.924
0.932
0.776
0.802
0.849
0.943
0.978
0.917
0.872
0.900
0.923
0.981
0.744
0.742
0.785
0.798
0.953
0.918
0.900
0.865
0.879
0.854
0.752
0.825
0.728
0.744
0.800
0.845
0.878
0.882
0.853
0.961
0.975
0.949
0.902
0.955
0.959
0.858
0.883
0.855
0.955
0.961
0.942
0.928
0.936
0.801
0.760
0.826
0.747
0.857
0.809
0.758
0.786
0.745
0.813
0.886
0.841
0.883
0.772
0.825
0.927
0.801
0.775
0.817
0.797
0.909
0.759
0.638
0.791
0.714
0.641
0.694
0.695
0.823
0.762
0.769
0.911
0.741
0.671
0.701
0.708
0.649
0.648
0.590
0.548
0.562
0.647
0.707
0.594
0.571
0.571
0.707
0.588
0.629
0.583
0.536
0.571
0.488
0.483
0.526
0.682
0.619
0.606
0.814
0.784
0.764
0.828
0.749
0.666
0.588
0.611
0.510
0.607
0.596
0.626
0.568
0.500
0.531
0.586
0.642
0.881
0.787
0.841
0.569
0.499
0.430
0.396
0.468
0.500
0.466
0.526
0.479
0.593
0.582
0.570
0.628
0.866
0.762
0.798
0.640
0.581
0.558
0.472
0.427
0.597
0.586
0.629
0.640
0.693
0.660
0.972
0.662
0.568
0.601
0.604
0.786
0.822
0.939
0.854
0.797
0.703
0.885
0.734
0.939
0.890
0.904
0.820
0.793
0.771
0.901
0.687
0.575
0.574
0.463
0.439
0.534
0.542
0.598
0.588
0.690
0.655
0.640
0.617
0.616
0.511
0.562
0.899
0.675
0.747
0.938
0.948
0.981
0.922
0.734
0.636
0.937
0.845
0.729
0.605
0.893
0.780
0.770
0.886
0.942
0.803
0.725
0.646
0.603
0.830
0.942
0.781
0.656
0.901
0.795
0.824
0.926
0.840
0.760
0.757
0.756
0.904
0.894
0.849
0.910
0.905
0.924
0.825
0.881
0.763
0.845
0.895
0.953
0.909
0.873
0.836
0.950
0.904
0.897
0.977
0.800
0.845
0.755
0.811
0.826
0.895
0.864
0.728
0.690
0.861
0.939
0.828
0.949
0.897
0.796
0.907
0.889
0.944
0.948
0.960
0.889
0.945
0.941
0.923
0.947
0.757
0.856
0.889
0.818
0.875
0.764
0.870
0.820
0.801
0.905
0.808
0.864
0.816
0.829
0.713
0.710
0.790
0.816
0.768
0.750
0.781
0.816
0.944
0.910
0.902
0.981
0.931
0.965
0.911
0.758
0.837
0.886
0.948
0.966
0.917
0.965
0.975
0.942
0.859
0.726
0.605
0.596
0.570
0.800
0.824
0.778
0.893
0.861
0.966
0.763
0.873
0.909
0.977
0.800
0.840
0.844
0.942
0.900
0.932
0.934
0.912
0.881
0.934
0.976
0.913
0.931
0.965
0.940
0.945
0.969
0.943
0.942
0.902
0.968
0.966
0.885
0.906
0.964
0.969
0.960
0.923
0.932
0.975
0.902
0.863
0.891
0.900
0.976
0.958
0.922
0.945
0.952
0.954
0.912
0.916
0.968
0.935
0.966
0.884
0.941
0.959
0.953
0.980
0.905
0.908
0.932
0.829
0.909
0.957
0.887
0.890
0.953
0.876
0.823
0.803
0.790
0.754
0.803
0.728
0.728
0.803
0.938
0.814
0.806
0.729
0.778
0.752
0.765
0.750
0.794
0.844
0.927
0.868
0.967
0.847
0.784
0.763
0.826
0.817
0.915
0.899
0.836
0.797
0.717
0.858
0.951
0.875
0.887
0.976
0.900
0.878
0.759
0.774
0.759
0.635
0.656
0.679
0.904
0.849
0.885
0.930
0.856
0.868
0.786
0.796
0.767
0.743
0.823
0.854
0.840
0.928
0.769
0.757
0.808
0.742
0.674
0.671
0.759
0.783
0.871
0.830
0.782
0.787
0.920
0.921
0.932
0.843
0.727
0.795
0.675
0.741
0.782
0.864
0.921
0.722
0.693
0.702
0.695
0.683
0.646
0.648
0.617
0.632
0.569
0.556
0.637
0.760
0.572
0.579
0.492
0.506
0.560
0.520
0.562
0.633
0.676
0.710
0.661
0.762
0.557
0.583
0.655
0.955
0.796
0.635
0.746
0.803
0.716
0.895
0.783
0.659
0.672
0.666
0.806
0.663
0.667
0.814
0.697
0.778
0.748
0.634
0.501
0.563
0.419
0.381
0.468
0.584
0.755
0.546
0.593
0.616
0.535
0.591
0.497
0.589
0.728
0.693
0.830
0.721
0.704
0.821
0.797
0.942
0.913
0.777
0.877
0.746
0.741
0.679
0.905
0.789
0.950
0.958
0.743
0.832
0.757
0.768
0.652
0.621
0.564
0.944
0.779
0.776
0.715
0.759
0.621
0.572
0.667
0.952
0.792
0.807
0.903
0.882
0.957
0.934
0.799
0.956
0.934
0.979
0.756
0.700
0.648
0.684
0.941
0.878
0.917
0.954
0.922
0.910
0.887
0.924
0.977
0.894
0.875
0.862
0.848
0.908
0.915
0.682
0.793
0.668
0.774
0.848
0.851
0.931
0.926
0.958
0.818
0.725
0.822
0.839
0.870
0.905
0.907
0.881
0.868
0.863
0.908
0.857
0.798
0.961
0.939
0.934
0.877
0.916
0.848
0.853
0.982
0.983
0.955
0.917
0.865
0.905
0.881
0.963
0.965
0.957
0.934
0.885
0.890
0.874
0.775
0.840
0.900
0.834
0.855
0.766
0.686
0.845
0.975
0.866
0.840
0.821
0.869
0.884
0.863
0.783
0.837
0.848
0.861
0.926
0.959
0.849
0.936
0.905
0.914
0.752
0.687
0.796
0.924
0.903
0.889
0.948
0.918
0.827
0.977
0.946
0.885
0.950
0.820
0.900
0.835
0.881
0.939
0.926
0.884
0.941
0.938
0.896
0.885
0.849
0.890
0.956
0.965
0.978
0.868
0.862
0.874
0.896
0.887
0.846
0.902
0.918
0.909
0.783
0.803
0.936
0.973
0.916
0.893
0.937
0.862
0.970
0.886
0.936
0.926
0.834
0.831
0.971
0.931
0.905
0.962
0.959
0.863
0.826
0.884
0.944
0.924
0.846
0.943
0.896
0.937
0.907
0.810
0.877
0.826
0.808
0.875
0.900
0.876
0.946
0.939
0.940
0.959
0.868
0.928
0.961
0.967
0.932
0.813
0.827
0.879
0.780
0.731
0.728
0.761
0.750
0.875
0.819
0.922
0.945
0.865
0.913
0.827
0.918
0.779
0.730
0.770
0.790
0.853
0.730
0.788
0.860
0.891
0.922
0.771
0.709
0.787
0.903
0.867
0.889
0.847
0.844
0.775
0.848
0.769
0.836
0.913
0.754
0.714
0.653
0.689
0.672
0.871
0.787
0.826
0.692
0.848
0.715
0.661
0.605
0.669
0.711
0.728
0.807
0.757
0.677
0.666
0.636
0.658
0.849
0.826
0.904
0.844
0.657
0.760
0.690
0.636
0.674
0.797
0.583
0.527
0.594
0.581
0.600
0.626
0.690
0.561
0.579
0.609
0.737
0.714
0.672
0.691
0.655
0.579
0.680
0.502
0.529
0.559
0.593
0.546
0.494
0.614
0.479
0.550
0.546
0.532
0.623
0.523
0.512
0.470
0.446
0.410
0.396
0.400
0.538
0.448
0.400
0.485
0.453
0.418
0.702
0.876
0.722
0.691
0.491
0.427
0.775
0.626
0.636
0.602
0.535
0.537
0.537
0.594
0.549
0.566
0.525
0.522
0.492
0.481
0.458
0.465
0.628
0.719
0.659
0.699
0.612
0.507
0.476
0.454
0.435
0.335
0.385
0.434
0.416
0.495
0.448
0.424
0.425
0.557
0.559
0.456
0.504
0.621
0.641
0.579
0.493
0.367
0.379
0.628
0.550
0.715
0.711
0.692
0.691
0.507
0.499
0.715
0.701
0.882
0.753
0.787
0.896
0.682
0.708
0.687
0.555
0.660
0.903
0.844
0.914
0.729
0.697
0.770
0.949
0.744
0.686
0.697
0.855
0.811
0.938
0.808
0.950
0.784
0.866
0.673
0.913
0.870
0.878
0.715
0.904
0.885
0.938
0.901
0.945
0.835
0.871
0.862
0.802
0.819
0.914
0.764
0.724
0.593
0.657
0.780
0.977
0.868
0.831
0.957
0.835
0.884
0.952
0.926
0.936
0.776
0.804
0.854
0.871
0.808
0.944
0.954
0.954
0.920
0.958
0.946
0.909
0.882
0.892
0.951
0.980
0.908
0.699
0.672
0.725
0.662
0.694
0.571
0.632
0.794
0.944
0.976
0.866
0.820
0.726
0.771
0.899
0.883
0.967
0.975
0.926
0.883
0.962
0.981
0.948
0.899
0.962
0.954
0.941
0.902
0.970
0.945
0.868
0.905
0.941
0.952
0.875
0.960
0.968
0.969
0.938
0.960
0.963
0.916
0.919
0.820
0.973
0.924
0.797
0.930
0.948
0.976
0.888
0.875
0.932
0.950
0.971
0.953
0.931
0.815
0.945
0.964
0.907
0.923
0.969
0.949
0.966
0.909
0.976
0.961
0.924
0.889
0.928
0.913
0.955
0.979
0.920
0.960
0.962
0.936
0.954
0.949
0.969
0.942
0.967
0.966
0.976
0.983
0.858
0.913
0.890
0.978
0.975
0.936
0.876
0.910
0.979
0.905
0.945
0.968
0.958
0.896
0.969
0.918
0.967
0.857
0.933
0.944
0.940
0.918
0.950
0.980
0.955
0.797
0.753
0.743
0.780
0.882
0.819
0.906
0.897
0.910
0.766
0.754
0.769
0.761
0.701
0.664
0.627
0.597
0.632
0.792
0.763
0.638
0.584
0.573
0.577
0.527
0.526
0.536
0.559
0.624
0.616
0.695
0.801
0.909
0.916
0.874
0.956
0.812
0.756
0.671
0.715
0.737
0.795
0.882
0.894
0.976
0.828
0.887
0.769
0.784
0.860
0.916
0.774
0.728
0.770
0.858
0.955
0.828
0.852
0.685
0.656
0.648
0.801
0.651
0.745
0.881
0.775
0.711
0.693
0.615
0.726
0.639
0.636
0.662
0.701
0.755
0.516
0.545
0.489
0.404
0.529
0.517
0.591
0.667
0.570
0.544
0.601
0.631
0.742
0.634
0.545
0.511
0.517
0.590
0.628
0.502
0.782
0.679
0.705
0.730
0.665
0.587
0.630
0.603
0.733
0.506
0.565
0.638
0.594
0.484
0.493
0.478
0.516
0.515
0.534
0.620
0.557
0.539
0.475
0.605
0.592
0.596
0.602
0.663
0.551
0.506
0.645
0.562
0.467
0.372
0.407
0.545
0.533
0.826
0.652
0.693
0.635
0.651
0.594
0.573
0.608
0.439
0.379
0.391
0.394
0.540
0.695
0.853
0.704
0.587
0.640
0.485
0.425
0.554
0.662
0.818
0.550
0.524
0.557
0.581
0.679
0.724
0.616
0.564
0.509
0.562
0.586
0.667
0.775
0.726
0.864
0.853
0.809
0.655
0.591
0.899
0.696
0.935
0.884
0.813
0.855
0.850
0.945
0.898
0.895
0.656
0.930
0.966
0.778
0.670
0.577
0.617
0.675
0.564
0.623
0.789
0.868
0.834
0.674
0.937
0.757
0.946
0.737
0.719
0.921
0.919
0.859
0.954
0.975
0.710
0.562
0.702
0.508
0.657
0.827
0.883
0.787
0.883
0.703
0.595
0.685
0.898
0.916
0.956
0.923
0.866
0.864
0.918
0.958
0.957
0.942
0.914
0.951
0.981
0.919
0.962
0.952
0.971
0.834
0.961
0.891
0.907
0.858
0.883
0.957
0.951
0.859
0.970
0.932
0.932
0.823
0.817
0.717
0.906
0.963
0.878
0.887
0.895
0.925
0.898
0.970
0.956
0.863
0.818
0.843
0.859
0.913
0.911
0.844
0.905
0.915
0.869
0.962
0.956
0.950
0.928
0.871
0.943
0.834
0.966
0.885
0.928
0.846
0.904
0.857
0.859
0.749
0.839
0.743
0.710
0.762
0.859
0.931
0.869
0.879
0.690
0.643
0.824
0.857
0.816
0.919
0.958
0.831
0.954
0.779
0.782
0.821
0.675
0.896
0.940
0.820
0.856
0.947
0.942
0.958
0.961
0.849
0.836
0.925
0.928
0.914
0.915
0.977
0.965
0.956
0.899
0.933
0.907
0.908
0.967
0.966
0.796
0.882
0.911
0.975
0.936
0.940
0.710
0.854
0.921
0.970
0.968
0.923
0.885
0.927
0.960
0.941
0.893
0.960
0.982
0.966
0.843
0.870
0.954
0.933
0.944
0.970
0.972
0.924
0.880
0.933
0.859
0.817
0.915
0.897
0.894
0.865
0.903
0.935
0.923
0.893
0.959
0.948
0.960
0.956
0.963
0.810
0.717
0.729
0.849
0.911
0.928
0.939
0.947
0.814
0.832
0.867
0.942
0.799
0.701
0.745
0.689
0.738
0.826
0.823
0.957
0.894
0.930
0.960
0.916
0.942
0.911
0.828
0.737
0.775
0.780
0.775
0.752
0.810
0.788
0.755
0.760
0.820
0.898
0.744
0.693
0.697
0.725
0.792
0.669
0.688
0.688
0.827
0.724
0.780
0.772
0.665
0.753
0.723
0.667
0.761
0.776
0.703
0.746
0.855
0.688
0.597
0.534
0.627
0.593
0.580
0.618
0.574
0.660
0.738
0.819
0.719
0.704
0.771
0.942
0.878
0.877
0.800
0.691
0.738
0.906
0.860
0.801
0.922
0.725
0.701
0.645
0.617
0.751
0.713
0.732
0.558
0.512
0.431
0.502
0.535
0.550
0.612
0.549
0.501
0.501
0.539
0.548
0.542
0.484
0.634
0.661
0.560
0.519
0.510
0.481
0.762
0.736
0.514
0.375
0.382
0.388
0.379
0.438
0.458
0.487
0.548
0.658
0.886
0.736
0.690
0.544
0.514
0.552
0.600
0.591
0.768
0.845
0.698
0.755
0.584
0.640
0.629
0.614
0.601
0.594
0.755
0.543
0.647
0.539
0.562
0.592
0.855
0.596
0.515
0.665
0.729
0.480
0.463
0.421
0.549
0.512
0.687
0.494
0.397
0.486
0.600
0.614
0.827
0.928
0.816
0.738
0.694
0.608
0.921
0.765
0.966
0.896
0.892
0.944
0.962
0.934
0.950
0.779
0.822
0.838
0.752
0.782
0.901
0.935
0.874
0.934
0.623
0.541
0.655
0.743
0.961
0.780
0.840
0.955
0.951
0.750
0.624
0.698
0.958
0.966
0.920
0.864
0.885
0.970
0.791
0.766
0.930
0.880
0.939
0.805
0.851
0.939
0.851
0.903
0.714
0.810
0.900
0.882
0.964
0.899
0.919
0.949
0.886
0.770
0.704
0.655
0.951
0.954
0.923
0.946
0.934
0.969
0.961
0.967
0.958
0.970
0.932
0.858
0.918
0.853
0.922
0.846
0.926
0.964
0.960
0.964
0.933
0.945
0.976
0.977
0.895
0.831
0.945
0.922
0.958
0.903
0.898
0.914
0.963
0.970
0.971
0.980
0.945
0.879
0.955
0.971
0.966
0.944
0.960
0.948
0.962
0.957
0.885
0.837
0.836
0.948
0.934
0.958
0.968
0.862
0.899
0.933
0.881
0.867
0.951
0.917
0.951
0.916
0.964
0.947
0.948
0.879
0.882
0.941
0.936
0.955
0.928
0.970
0.898
0.966
0.931
0.959
0.942
0.885
0.925
0.915
0.968
0.928
0.916
0.869
0.947
0.974
0.910
0.951
0.961
0.947
0.975
0.971
0.900
0.979
0.982
0.883
0.908
0.836
0.871
0.970
0.973
0.972
0.966
0.971
0.975
0.967
0.971
0.970
0.972
0.922
0.942
0.909
0.920
0.938
0.975
0.971
0.974
0.883
0.815
0.867
0.903
0.910
0.935
0.840
0.871
0.968
0.936
0.966
0.962
0.886
0.871
0.870
0.939
0.936
0.959
0.936
0.933
0.959
0.968
0.965
0.969
0.932
0.865
0.911
0.892
0.648
0.668
0.716
0.741
0.731
0.797
0.959
0.917
0.924
0.915
0.841
0.842
0.808
0.799
0.875
0.962
0.844
0.914
0.936
0.916
0.870
0.880
0.867
0.869
0.868
0.967
0.935
0.979
0.868
0.811
0.780
0.787
0.694
0.660
0.744
0.772
0.838
0.890
0.869
0.879
0.932
0.928
0.864
0.878
0.947
0.812
0.716
0.663
0.710
0.749
0.933
0.849
0.788
0.740
0.726
0.704
0.724
0.655
0.639
0.725
0.615
0.615
0.684
0.609
0.666
0.796
0.713
0.716
0.851
0.881
0.734
0.725
0.798
0.683
0.700
0.729
0.656
0.612
0.640
0.736
0.886
0.801
0.742
0.805
0.767
0.731
0.678
0.687
0.864
0.794
0.730
0.742
0.790
0.854
0.762
0.780
0.787
0.761
0.925
0.797
0.696
0.718
0.658
0.662
0.758
0.788
0.550
0.409
0.563
0.698
0.890
0.651
0.498
0.479
0.506
0.538
0.673
0.519
0.532
0.567
0.535
0.500
0.510
0.622
0.755
0.914
0.973
0.952
0.746
0.569
0.653
0.677
0.655
0.624
0.690
0.766
0.567
0.592
0.654
0.640
0.637
0.944
0.746
0.630
0.596
0.581
0.872
0.711
0.661
0.640
0.842
0.672
0.558
0.519
0.637
0.762
0.971
0.819
0.601
0.511
0.636
0.665
0.708
0.864
0.706
0.878
0.838
0.804
0.887
0.936
0.934
0.897
0.836
0.831
0.824
0.691
0.953
0.926
0.900
0.841
0.809
0.643
0.826
0.939
0.961
0.949
0.644
0.640
0.667
0.785
0.661
0.824
0.674
0.857
0.955
0.910
0.810
0.891
0.947
0.725
0.715
0.828
0.624
0.838
0.958
0.954
0.944
0.941
0.955
0.970
0.951
0.970
0.957
0.881
0.957
0.856
0.791
0.840
0.863
0.930
0.925
0.874
0.934
0.943
0.846
0.967
0.978
0.956
0.839
0.885
0.972
0.966
0.893
0.953
0.978
0.969
0.807
0.844
0.863
0.863
0.849
0.965
0.981
0.959
0.960
0.963
0.977
0.934
0.874
0.950
0.976
0.928
0.980
0.981
0.907
0.900
0.940
0.921
0.936
0.880
0.972
0.966
0.910
0.918
0.836
0.775
0.809
0.911
0.956
0.981
0.980
0.960
0.923
0.850
0.959
0.917
0.922
0.914
0.975
0.924
0.923
0.880
0.869
0.955
0.952
0.929
0.864
0.822
0.929
0.901
0.954
0.982
0.941
0.945
0.907
0.965
0.964
0.956
0.970
0.896
0.934
0.902
0.970
0.960
0.915
0.895
0.933
0.966
0.960
0.923
0.885
0.934
0.970
0.970
0.976
0.928
0.879
0.915
0.891
0.975
0.980
0.966
0.942
0.959
0.951
0.947
0.959
0.917
0.953
0.916
0.973
0.971
0.937
0.946
0.932
0.919
0.933
0.952
0.967
0.961
0.967
0.964
0.927
0.934
0.960
0.968
0.958
0.910
0.881
0.953
0.885
0.965
0.969
0.943
0.980
0.852
0.926
0.906
0.969
0.968
0.942
0.956
0.963
0.944
0.916
0.948
0.894
0.962
0.967
0.931
0.949
0.911
0.838
0.933
0.921
0.965
0.925
0.943
0.969
0.955
0.855
0.926
0.882
0.816
0.905
0.952
0.970
0.872
0.905
0.954
0.917
0.926
0.979
0.923
0.954
0.954
0.794
0.735
0.771
0.726
0.716
0.764
0.863
0.901
0.938
0.914
0.697
0.728
0.766
0.937
0.893
0.927
0.912
0.953
0.950
0.847
0.938
0.893
0.973
0.933
0.856
0.807
0.750
0.854
0.808
0.819
0.887
0.913
0.895
0.910
0.854
0.806
0.953
0.839
0.748
0.904
0.909
0.892
0.790
0.709
0.536
0.605
0.597
0.667
0.737
0.752
0.879
0.908
0.976
0.775
0.863
0.745
0.744
0.814
0.671
0.681
0.807
0.937
0.852
0.690
0.535
0.670
0.690
0.737
0.840
0.614
0.606
0.570
0.509
0.533
0.594
0.619
0.718
0.685
0.668
0.815
0.780
0.659
0.633
0.832
0.873
0.848
0.688
0.621
0.685
0.644
0.655
0.653
0.848
0.786
0.699
0.598
0.518
0.442
0.527
0.793
0.680
0.551
0.588
0.483
0.577
0.619
0.892
0.723
0.808
0.728
0.785
0.900
0.901
0.952
0.783
0.689
0.657
0.883
0.841
0.805
0.612
0.591
0.754
0.752
0.716
0.690
0.830
0.885
0.917
0.667
0.530
0.752
0.720
0.815
0.958
0.814
0.945
0.973
0.786
0.665
0.949
0.838
0.934
0.929
0.828
0.910
0.824
0.775
0.961
0.719
0.664
0.757
0.683
0.909
0.873
0.921
0.928
0.947
0.911
0.950
0.843
0.889
0.900
0.849
0.672
0.639
0.835
0.977
0.909
0.770
0.700
0.865
0.882
0.964
0.961
0.887
0.883
0.897
0.931
0.940
0.925
0.944
0.952
0.952
0.849
0.917
0.828
0.809
0.885
0.899
0.930
0.966
0.965
0.976
0.923
0.885
0.882
0.958
0.912
0.953
0.857
0.931
0.956
0.962
0.976
0.936
0.970
0.941
0.966
0.910
0.729
0.686
0.644
0.641
0.664
0.916
0.961
0.925
0.684
0.839
0.937
0.882
0.957
0.771
0.785
0.881
0.901
0.970
0.903
0.951
0.960
0.929
0.883
0.967
0.969
0.905
0.924
0.883
0.863
0.928
0.941
0.948
0.884
0.846
0.915
0.948
0.959
0.968
0.958
0.862
0.850
0.968
0.962
0.953
0.862
0.925
0.876
0.909
0.976
0.966
0.931
0.915
0.941
0.922
0.915
0.946
0.963
0.920
0.892
0.940
0.913
0.978
0.880
0.893
0.894
0.964
0.930
0.918
0.857
0.866
0.901
0.968
0.869
0.910
0.958
0.952
0.957
0.912
0.900
0.964
0.935
0.932
0.886
0.857
0.900
0.973
0.938
0.914
0.970
0.931
0.950
0.978
0.897
0.778
0.862
0.957
0.915
0.841
0.733
0.674
0.650
0.630
0.624
0.638
0.770
0.920
0.856
0.823
0.846
0.929
0.954
0.922
0.857
0.913
0.806
0.766
0.874
0.908
0.955
0.886
0.950
0.969
0.917
0.754
0.810
0.909
0.899
0.826
0.939
0.949
0.974
0.640
0.561
0.604
0.615
0.635
0.668
0.629
0.773
0.848
0.960
0.897
0.838
0.781
0.720
0.734
0.915
0.971
0.971
0.896
0.755
0.793
0.949
0.705
0.745
0.774
0.819
0.971
0.838
0.746
0.720
0.696
0.654
0.668
0.590
0.714
0.672
0.678
0.735
0.702
0.794
0.816
0.804
0.851
0.742
0.739
0.706
0.723
0.689
0.598
0.607
0.590
0.608
0.586
0.602
0.541
0.598
0.650
0.726
0.811
0.852
0.881
0.807
0.825
0.722
0.735
0.955
0.833
0.808
0.762
0.788
0.731
0.668
0.615
0.631
0.624
0.662
0.645
0.744
0.657
0.596
0.544
0.592
0.641
0.706
0.687
0.578
0.486
0.462
0.473
0.531
0.542
0.509
0.476
0.454
0.489
0.479
0.454
0.411
0.459
0.509
0.535
0.391
0.330
0.400
0.405
0.445
0.446
0.470
0.543
0.571
0.729
0.695
0.681
0.907
0.849
0.901
0.658
0.814
0.883
0.598
0.470
0.419
0.388
0.430
0.498
0.520
0.464
0.591
0.943
0.626
0.564
0.560
0.632
0.525
0.598
0.653
0.573
0.571
0.709
0.548
0.475
0.456
0.514
0.553
0.433
0.544
0.752
0.617
0.518
0.600
0.651
0.818
0.797
0.750
0.687
0.484
0.569
0.623
0.719
0.897
0.727
0.948
0.783
0.765
0.557
0.607
0.928
0.887
0.900
0.904
0.730
0.869
0.831
0.934
0.933
0.900
0.519
0.504
0.545
0.641
0.777
0.895
0.855
0.832
0.979
0.867
0.748
0.674
0.866
0.946
0.950
0.889
0.880
0.815
0.965
0.850
0.919
0.704
0.874
0.981
0.930
0.864
0.933
0.962
0.966
0.963
0.948
0.961
0.961
0.780
0.785
0.641
0.775
0.967
0.957
0.800
0.792
0.617
0.847
0.902
0.780
0.644
0.882
0.965
0.950
0.941
0.927
0.879
0.944
0.882
0.908
0.929
0.949
0.968
0.922
0.747
0.763
0.927
0.855
0.834
0.962
0.965
0.944
0.968
0.941
0.955
0.952
0.784
0.957
0.925
0.890
0.965
0.943
0.961
0.933
0.808
0.873
0.972
0.954
0.784
0.961
0.957
0.970
0.943
0.959
0.957
0.964
0.958
0.951
0.849
0.910
0.898
0.960
0.898
0.970
0.906
0.943
0.975
0.980
0.952
0.965
0.928
0.825
0.930
0.963
0.954
0.897
0.877
0.892
0.827
0.961
0.942
0.969
0.936
0.953
0.898
0.969
0.963
0.977
0.874
0.964
0.889
0.938
0.915
0.920
0.967
0.900
0.955
0.963
0.971
0.939
0.902
0.870
0.967
0.948
0.857
0.934
0.962
0.969
0.928
0.947
0.957
0.941
0.962
0.979
0.901
0.902
0.914
0.944
0.970
0.975
0.908
0.893
0.927
0.979
0.873
0.854
0.883
0.963
0.965
0.953
0.958
0.929
0.956
0.918
0.768
0.942
0.953
0.887
0.950
0.912
0.930
0.912
0.943
0.918
0.946
0.963
0.952
0.811
0.733
0.737
0.709
0.672
0.778
0.824
0.967
0.743
0.789
0.942
0.889
0.796
0.734
0.694
0.689
0.775
0.827
0.956
0.939
0.981
0.897
0.904
0.879
0.872
0.721
0.713
0.748
0.723
0.720
0.699
0.847
0.977
0.932
0.875
0.756
0.759
0.806
0.922
0.940
0.851
0.749
0.787
0.836
0.758
0.875
0.960
0.871
0.844
0.745
0.726
0.902
0.828
0.900
0.876
0.729
0.772
0.784
0.840
0.838
0.928
0.893
0.860
0.675
0.739
0.715
0.743
0.765
0.752
0.710
0.788
0.776
0.815
0.842
0.794
0.907
0.860
0.800
0.706
0.624
0.615
0.750
0.654
0.674
0.615
0.584
0.703
0.636
0.721
0.900
0.943
0.938
0.914
0.817
0.744
0.709
0.710
0.780
0.691
0.592
0.552
0.520
0.535
0.599
0.758
0.655
0.690
0.668
0.643
0.654
0.702
0.594
0.543
0.587
0.623
0.576
0.584
0.647
0.775
0.718
0.569
0.687
0.523
0.477
0.610
0.622
0.706
0.653
0.771
0.856
0.939
0.864
0.760
0.760
0.797
0.785
0.733
0.911
0.859
0.964
0.773
0.694
0.771
0.777
0.942
0.723
0.667
0.699
0.848
0.840
0.925
0.876
0.956
0.918
0.954
0.924
0.935
0.969
0.963
0.908
0.786
0.742
0.950
0.969
0.964
0.915
0.946
0.967
0.895
0.956
0.927
0.842
0.850
0.869
0.924
0.849
0.925
0.864
0.965
0.873
0.919
0.923
0.765
0.719
0.832
0.923
0.864
0.960
0.962
0.836
0.728
0.721
0.928
0.943
0.903
0.852
0.946
0.945
0.856
0.926
0.937
0.965
0.897
0.968
0.960
0.788
0.657
0.839
0.926
0.886
0.814
0.906
0.948
0.879
0.929
0.966
0.905
0.952
0.972
0.975
0.970
0.946
0.918
0.843
0.971
0.975
0.977
0.825
0.962
0.945
0.962
0.915
0.828
0.873
0.805
0.697
0.791
0.924
0.941
0.864
0.971
0.960
0.967
0.976
0.972
0.961
0.893
0.902
0.872
0.955
0.876
0.830
0.834
0.858
0.947
0.954
0.984
0.967
0.951
0.959
0.863
0.895
0.977
0.861
0.856
0.934
0.971
0.902
0.948
0.901
0.943
0.848
0.904
0.944
0.968
0.981
0.957
0.982
0.983
0.969
0.891
0.837
0.888
0.939
0.958
0.944
0.897
0.891
0.955
0.918
0.967
0.978
0.968
0.871
0.919
0.907
0.948
0.918
0.816
0.905
0.972
0.914
0.890
0.963
0.953
0.925
0.976
0.971
0.962
0.928
0.943
0.922
0.859
0.965
0.855
0.756
0.905
0.950
0.981
0.936
0.901
0.914
0.961
0.946
0.910
0.875
0.862
0.964
0.862
0.892
0.942
0.779
0.869
0.859
0.910
0.964
0.960
0.920
0.947
0.850
0.891
0.956
0.966
0.942
0.965
0.862
0.951
0.905
0.913
0.951
0.975
0.870
0.920
0.859
0.865
0.925
0.917
0.918
0.924
0.810
0.965
0.923
0.964
0.956
0.796
0.683
0.701
0.729
0.814
0.721
0.735
0.696
0.650
0.619
0.762
0.934
0.895
0.956
0.948
0.927
0.878
0.930
0.950
0.962
0.973
0.952
0.946
0.888
0.944
0.940
0.927
0.917
0.906
0.856
0.883
0.853
0.849
0.794
0.857
0.907
0.969
0.979
0.782
0.733
0.772
0.738
0.724
0.764
0.744
0.764
0.764
0.826
0.888
0.942
0.838
0.927
0.931
0.844
0.913
0.853
0.925
0.820
0.829
0.879
0.903
0.846
0.732
0.736
0.737
0.665
0.684
0.814
0.892
0.744
0.719
0.659
0.656
0.690
0.724
0.603
0.804
0.735
0.512
0.545
0.594
0.686
0.580
0.619
0.675
0.892
0.811
0.756
0.653
0.679
0.696
0.662
0.567
0.682
0.626
0.694
0.661
0.597
0.562
0.585
0.473
0.541
0.490
0.648
0.917
0.767
0.728
0.848
0.793
0.866
0.898
0.724
0.712
0.783
0.701
0.646
0.781
0.665
0.538
0.489
0.494
0.522
0.485
0.434
0.550
0.820
0.630
0.558
0.652
0.591
0.638
0.830
0.631
0.528
0.553
0.640
0.619
0.617
0.517
0.558
0.659
0.684
0.645
0.673
0.786
0.836
0.715
0.764
0.866
0.751
0.585
0.663
0.731
0.677
0.813
0.723
0.836
0.933
0.960
0.958
0.947
0.934
0.892
0.926
0.793
0.632
0.756
0.910
0.928
0.940
0.931
0.929
0.815
0.924
0.770
0.794
0.945
0.915
0.834
0.868
0.923
0.898
0.762
0.668
0.734
0.669
0.853
0.892
0.978
0.962
0.972
0.771
0.697
0.757
0.958
0.819
0.833
0.883
0.970
0.966
0.934
0.912
0.968
0.902
0.952
0.933
0.921
0.955
0.956
0.966
0.933
0.694
0.895
0.961
0.930
0.929
0.919
0.962
0.976
0.962
0.971
0.899
0.937
0.843
0.854
0.941
0.903
0.906
0.958
0.968
0.976
0.953
0.974
0.974
0.947
0.980
0.924
0.828
0.955
0.935
0.978
0.977
0.961
0.972
0.901
0.955
0.976
0.929
0.929
0.962
0.967
0.955
0.974
0.900
0.951
0.966
0.745
0.895
0.945
0.860
0.903
0.940
0.901
0.940
0.957
0.982
0.982
0.897
0.741
0.835
0.924
0.960
0.941
0.843
0.853
0.943
0.924
0.959
0.952
0.975
0.928
0.923
0.955
0.935
0.908
0.926
0.853
0.971
0.888
0.951
0.982
0.920
0.889
0.876
0.928
0.895
0.944
0.952
0.874
0.960
0.962
0.975
0.959
0.947
0.977
0.891
0.944
0.935
0.956
0.947
0.978
0.978
0.930
0.897
0.950
0.902
0.848
0.979
0.981
0.981
0.981
0.905
0.937
0.969
0.960
0.961
0.844
0.966
0.950
0.962
0.979
0.981
0.861
0.871
0.959
0.907
0.975
0.912
0.972
0.963
0.889
0.952
0.982
0.947
0.898
0.945
0.963
0.923
0.974
0.831
0.722
0.710
0.641
0.672
0.649
0.612
0.622
0.639
0.622
0.683
0.681
0.714
0.738
0.881
0.919
0.943
0.870
0.886
0.815
0.924
0.890
0.799
0.724
0.673
0.825
0.931
0.952
0.881
0.961
0.963
0.958
0.894
0.977
0.842
0.831
0.774
0.707
0.776
0.963
0.940
0.857
0.820
0.914
0.972
0.952
0.977
0.940
0.832
0.764
0.782
0.775
0.865
0.977
0.883
0.881
0.743
0.765
0.773
0.750
0.733
0.706
0.810
0.887
0.953
0.885
0.909
0.812
0.793
0.738
0.884
0.920
0.953
0.866
0.821
0.890
0.962
0.849
0.956
0.900
0.943
0.892
0.921
0.873
0.852
0.746
0.599
0.655
0.756
0.875
0.784
0.681
0.647
0.645
0.617
0.778
0.808
0.711
0.664
0.810
0.951
0.620
0.546
0.660
0.727
0.653
0.594
0.617
0.681
0.922
0.790
0.780
0.767
0.757
0.673
0.726
0.694
0.945
0.708
0.690
0.699
0.925
0.607
0.556
0.595
0.578
0.564
0.619
0.688
0.803
0.889
0.958
0.954
0.804
0.699
0.541
0.571
0.538
0.544
0.578
0.592
0.564
0.519
0.598
0.656
0.809
0.749
0.839
0.823
0.742
0.879
0.816
0.853
0.926
0.831
0.662
0.810
0.825
0.717
0.599
0.600
0.790
0.906
0.721
0.594
0.605
0.569
0.635
0.650
0.626
0.763
0.752
0.847
0.922
0.921
0.718
0.849
0.844
0.855
0.891
0.954
0.959
0.961
0.905
0.961
0.903
0.696
0.591
0.621
0.877
0.893
0.948
0.936
0.976
0.843
0.931
0.950
0.889
0.921
0.968
0.960
0.970
0.956
0.836
0.751
0.657
0.589
0.651
0.854
0.866
0.913
0.961
0.980
0.865
0.865
0.933
0.952
0.913
0.918
0.949
0.892
0.980
0.818
0.825
0.955
0.920
0.915
0.870
0.818
0.929
0.978
0.944
0.871
0.957
0.846
0.810
0.883
0.961
0.973
0.978
0.770
0.844
0.826
0.924
0.942
0.854
0.939
0.969
0.971
0.969
0.875
0.971
0.964
0.977
0.945
0.874
0.884
0.834
0.792
0.877
0.912
0.953
0.933
0.930
0.971
0.958
0.942
0.958
0.957
0.951
0.954
0.977
0.941
0.961
0.920
0.972
0.975
0.965
0.935
0.966
0.881
0.856
0.936
0.945
0.896
0.951
0.968
0.970
0.941
0.939
0.980
0.981
0.948
0.975
0.978
0.948
0.963
0.964
0.977
0.907
0.976
0.959
0.970
0.923
0.965
0.949
0.980
0.942
0.896
0.958
0.966
0.967
0.971
0.979
0.944
0.946
0.886
0.960
0.951
0.912
0.906
0.968
0.942
0.980
0.980
0.932
0.860
0.927
0.944
0.781
0.774
0.947
0.909
0.907
0.847
0.958
0.953
0.980
0.913
0.969
0.963
0.936
0.981
0.797
0.878
0.929
0.980
0.923
0.935
0.963
0.964
0.971
0.926
0.876
0.970
0.843
0.814
0.854
0.875
0.911
0.932
0.888
0.836
0.865
0.925
0.793
0.827
0.849
0.887
0.878
0.959
0.940
0.940
0.958
0.926
0.925
0.912
0.861
0.966
0.963
0.822
0.889
0.865
0.922
0.944
0.891
0.911
0.948
0.935
0.927
0.891
0.868
0.955
0.940
0.913
0.939
0.964
0.976
0.965
0.951
0.952
0.941
0.950
0.964
0.978
0.874
0.905
0.857
0.802
0.772
0.783
0.902
0.946
0.886
0.954
0.943
0.870
0.926
0.792
0.745
0.908
0.970
0.944
0.855
0.922
0.918
0.936
0.907
0.755
0.738
0.698
0.725
0.687
0.661
0.854
0.875
0.966
0.890
0.815
0.934
0.850
0.753
0.811
0.819
0.830
0.809
0.904
0.886
0.875
0.894
0.828
0.780
0.783
0.791
0.706
0.735
0.625
0.626
0.771
0.920
0.933
0.801
0.698
0.731
0.799
0.901
0.974
0.815
0.878
0.879
0.708
0.638
0.632
