19790101
1.284
1.490
0.967
0.940
0.501
1.183
1.182
0.825
0.746
0.833
1.528
1.490
1.441
1.174
1.289
1.531
1.282
0.789
1.187
1.053
0.900
0.979
0.939
1.156
1.193
1.326
1.157
1.312
1.266
0.904
0.460
0.994
0.967
0.898
0.688
0.867
1.007
1.045
1.046
1.107
1.292
1.111
1.079
0.693
1.078
1.115
1.623
1.249
0.811
0.907
1.054
0.896
1.547
0.964
1.265
0.650
1.054
0.864
1.034
0.891
1.255
1.221
0.804
0.803
0.721
0.759
0.564
0.916
1.088
1.224
1.266
0.975
0.748
0.885
0.737
0.797
0.961
0.848
1.347
1.230
0.987
0.732
1.177
1.105
0.675
1.066
1.067
1.011
0.859
0.634
1.047
0.964
1.032
0.786
0.584
1.652
1.863
1.375
1.086
0.858
0.972
0.884
0.717
0.879
1.057
0.709
0.907
0.773
0.827
0.734
0.626
0.946
1.323
1.523
1.498
1.458
1.665
1.028
1.094
1.081
0.915
0.966
0.681
0.683
0.724
0.840
0.772
0.728
0.496
0.577
0.830
0.683
0.892
0.822
0.808
0.713
0.889
0.687
0.560
0.647
0.669
0.768
0.773
1.354
1.140
0.981
1.203
1.070
1.179
1.419
2.284
1.367
0.731
0.636
0.562
0.889
1.021
1.172
1.594
2.039
1.205
0.750
0.574
1.180
1.373
2.041
1.502
1.312
1.030
0.904
0.968
0.896
0.762
0.986
1.137
1.219
1.760
1.493
1.319
0.796
1.248
0.980
0.999
0.823
0.688
1.204
1.749
0.836
1.059
1.611
1.795
1.341
1.280
0.979
1.158
1.100
1.562
1.700
1.020
0.820
2.234
1.288
1.090
0.797
1.293
0.683
1.155
1.134
1.232
1.346
1.183
1.150
0.939
1.131
1.082
0.886
1.190
1.478
1.245
1.211
1.325
1.447
1.050
1.258
1.365
1.371
1.644
1.515
1.373
1.231
1.285
1.088
0.924
0.884
0.971
1.139
1.528
1.375
1.195
1.080
1.136
1.625
1.542
1.268
1.161
1.106
1.333
1.885
1.400
1.151
0.884
1.031
1.254
1.196
1.268
0.897
1.896
1.250
1.068
1.178
1.783
2.227
1.499
1.058
1.617
1.448
1.477
1.196
1.216
1.420
1.100
1.370
1.035
1.440
1.221
1.813
1.448
1.167
1.428
1.119
1.469
1.320
1.315
1.304
1.164
1.845
1.542
1.478
1.596
1.434
0.935
1.236
1.141
1.222
1.614
1.634
0.978
1.836
1.462
1.529
1.212
1.095
1.364
1.275
1.376
1.161
1.074
1.323
1.228
1.036
1.151
1.065
0.846
1.413
1.611
1.581
1.420
1.166
1.022
1.373
1.592
1.738
1.101
1.052
1.092
1.165
1.219
1.021
1.378
2.876
1.601
1.024
1.389
1.488
1.649
1.730
1.222
1.484
1.405
1.142
0.978
1.651
1.747
1.369
1.237
1.831
1.591
1.090
0.791
1.340
1.338
1.058
1.133
1.059
1.478
1.476
1.421
1.045
1.122
1.533
1.152
0.864
1.143
1.452
0.913
1.922
1.537
0.899
1.419
1.254
1.388
1.119
1.135
1.411
1.506
1.129
1.697
1.364
1.049
1.070
1.328
0.875
0.997
1.247
1.083
0.925
0.791
1.286
1.153
1.227
1.191
1.295
1.295
1.075
0.776
0.754
1.112
0.713
0.779
1.081
1.539
1.150
1.455
0.870
1.320
1.450
1.138
1.414
1.386
1.813
1.482
1.496
1.268
1.080
1.217
1.322
1.497
0.761
1.303
1.394
1.313
1.280
1.022
1.067
0.906
1.422
1.324
1.298
1.443
1.108
1.180
1.358
1.157
0.910
1.075
1.169
1.096
0.922
0.638
0.934
0.955
0.736
0.635
0.754
0.781
1.513
1.336
0.753
0.836
0.817
0.736
0.533
1.107
0.896
0.950
0.711
1.071
1.236
1.227
0.997
0.811
1.136
0.851
0.915
1.100
1.362
1.043
0.839
1.035
1.116
0.738
1.078
1.042
1.044
1.186
1.001
1.147
0.816
1.146
0.882
0.797
0.678
0.714
0.735
0.800
1.097
0.728
1.722
2.135
1.590
0.667
0.909
0.993
0.785
0.616
1.184
0.828
0.910
1.030
0.750
0.584
0.765
0.648
0.664
0.953
0.807
0.664
0.840
0.817
0.903
1.252
1.164
1.244
1.178
1.204
1.082
0.716
0.640
0.969
0.917
1.456
1.174
0.943
0.851
1.150
0.883
1.207
1.258
0.936
1.191
1.210
1.181
0.845
1.045
0.962
1.031
1.857
1.786
1.163
0.958
1.560
1.383
0.938
1.002
0.963
0.847
0.856
1.073
1.327
2.240
1.716
1.331
1.297
1.108
1.041
0.763
1.147
1.152
1.335
0.944
1.273
1.028
0.944
1.040
0.983
1.153
0.938
1.143
1.198
1.192
1.025
1.288
1.446
1.152
1.003
1.207
1.428
2.277
1.721
0.922
1.075
1.095
1.074
1.689
0.958
1.471
0.941
1.206
1.320
1.251
1.361
1.140
1.290
1.042
1.057
1.588
1.030
1.508
1.224
1.351
1.482
1.431
0.868
1.004
2.628
1.764
1.121
1.255
1.743
1.344
1.169
1.628
1.453
1.025
1.389
1.450
1.554
1.453
1.318
1.250
0.941
1.070
1.639
1.285
1.948
1.611
1.505
1.221
1.580
1.042
2.409
1.960
1.255
1.103
1.474
1.450
1.585
1.181
1.237
1.337
1.422
1.536
1.241
1.582
1.506
1.133
1.492
1.288
1.693
1.349
1.218
1.077
0.855
0.884
0.999
1.139
1.068
0.878
0.657
1.299
1.479
0.580
0.739
1.090
1.195
1.538
1.233
1.593
1.519
1.362
1.688
1.166
1.147
1.334
1.745
2.254
1.602
1.624
1.264
1.670
1.682
1.887
1.477
1.199
1.674
1.375
1.198
1.395
1.471
1.216
1.764
1.582
1.385
0.857
0.832
0.852
1.080
1.130
1.392
1.361
1.355
0.821
0.590
0.841
1.038
0.794
1.428
1.242
1.407
0.866
1.211
1.441
1.427
1.565
1.193
0.767
1.248
1.566
1.786
1.480
1.909
1.787
1.274
0.964
0.936
1.135
1.462
1.146
1.259
1.403
1.849
1.052
1.328
0.863
1.133
1.345
1.062
1.207
0.851
0.909
1.272
1.696
1.359
1.083
0.879
0.722
1.069
1.148
0.947
0.867
0.987
1.230
1.461
1.378
1.443
1.078
0.902
1.106
1.152
1.046
0.849
0.609
1.161
0.998
0.798
0.777
0.737
0.787
0.608
0.565
1.086
0.717
1.111
1.169
1.166
0.915
0.743
1.337
1.910
1.288
1.036
0.970
0.982
0.908
1.217
1.000
0.905
0.738
0.870
0.914
0.693
0.682
0.860
0.792
0.918
0.918
0.939
0.663
0.751
1.164
0.978
0.983
1.126
1.503
1.624
0.926
0.753
0.823
0.856
0.959
1.094
1.269
0.954
1.078
1.106
1.204
1.065
1.135
0.950
0.881
0.767
0.841
0.749
0.856
1.162
1.395
1.053
0.891
1.176
1.200
1.185
0.915
0.736
0.726
0.872
0.889
1.334
1.069
1.139
1.046
0.964
0.848
1.116
1.070
1.098
0.748
0.702
0.800
0.801
0.832
1.785
1.119
1.013
0.661
0.802
0.847
0.998
0.935
0.725
1.014
1.037
0.676
0.578
0.877
0.858
0.595
0.750
0.767
0.688
0.915
0.984
1.486
1.157
1.000
0.954
0.819
1.019
0.905
1.306
1.470
1.328
0.857
1.201
1.133
0.947
0.741
0.822
0.871
1.088
1.753
1.100
0.778
0.871
0.591
0.893
1.044
1.073
0.788
1.075
1.679
1.152
0.897
0.929
1.141
1.185
1.212
0.865
0.807
0.645
0.609
1.081
1.131
1.262
0.874
1.394
1.432
1.798
1.512
1.734
1.240
1.180
0.773
1.203
0.926
0.901
1.348
1.109
1.302
1.169
2.368
2.589
1.964
1.130
0.658
1.544
2.702
1.716
1.210
0.991
1.014
1.008
1.174
0.709
0.904
1.261
1.262
1.437
1.384
0.997
1.178
1.043
1.558
1.907
1.341
1.191
1.270
1.192
1.239
1.570
1.304
1.812
2.583
1.516
0.965
1.218
1.048
0.862
1.242
1.351
1.235
1.343
1.376
1.183
1.886
1.802
1.293
1.089
1.253
1.355
1.271
1.021
1.638
1.607
1.275
1.075
1.633
1.597
1.262
1.357
1.619
1.029
1.383
1.271
1.573
1.475
1.058
1.312
1.798
1.365
1.311
1.063
1.320
0.880
1.335
1.582
1.522
1.570
0.998
1.543
1.529
1.046
1.187
1.596
1.454
1.118
1.417
1.041
1.769
1.633
1.111
1.201
1.080
1.041
1.021
1.106
0.962
0.780
1.450
1.322
1.451
1.559
1.546
1.536
0.946
1.921
1.556
1.226
1.686
1.397
1.173
1.173
1.121
1.264
1.586
1.266
1.113
0.775
0.927
1.513
0.846
1.001
1.499
1.210
1.345
1.130
1.094
1.181
1.084
1.026
0.819
0.665
0.838
1.622
1.480
1.158
1.009
1.476
0.781
0.928
1.065
1.056
0.650
1.079
1.024
1.047
1.122
0.711
1.170
1.266
1.169
0.960
0.942
1.168
0.881
0.938
0.916
1.026
0.766
1.108
1.028
0.736
0.668
1.202
1.085
1.123
1.052
0.538
0.767
0.946
0.891
1.286
1.427
1.430
1.097
1.131
0.725
1.169
1.155
1.115
1.158
0.935
0.933
0.899
0.425
0.706
0.889
1.091
0.859
0.942
0.727
1.068
0.909
0.945
0.909
1.085
0.989
0.625
1.140
1.049
0.878
0.745
0.921
0.666
1.088
0.631
0.831
0.936
0.675
0.628
0.991
0.706
0.757
0.632
0.766
0.724
1.419
1.145
0.859
0.907
0.860
0.974
0.673
0.704
1.059
0.934
0.878
0.914
0.914
1.304
0.844
1.209
1.136
0.962
1.378
1.179
0.856
1.138
0.800
0.673
0.826
0.701
0.962
0.809
1.084
0.918
0.878
0.874
0.876
0.927
1.362
1.077
0.849
1.408
1.591
0.861
0.836
1.087
1.502
1.021
0.920
0.672
1.614
0.944
0.764
0.815
0.673
0.749
1.237
1.124
1.195
0.675
0.439
0.987
1.520
1.014
0.730
0.883
1.001
0.996
0.668
1.311
1.317
1.304
1.382
1.697
1.176
1.370
1.316
1.350
1.482
1.366
1.246
0.889
0.588
0.688
1.075
1.038
0.750
0.749
0.771
0.510
0.589
0.842
0.853
0.628
0.805
0.803
0.653
0.556
0.506
1.259
1.640
1.817
1.929
1.584
1.373
1.110
0.898
0.860
1.088
1.022
1.006
0.991
0.905
0.659
1.095
0.974
0.939
0.674
0.788
0.939
0.726
1.199
1.819
0.917
1.117
1.097
0.895
1.065
0.864
1.395
1.384
1.358
1.212
1.424
1.073
1.174
0.829
1.218
0.795
1.249
1.110
1.319
0.610
0.784
1.038
1.035
0.902
0.969
0.666
0.964
1.072
0.826
1.278
1.213
1.308
0.800
1.219
0.853
1.090
0.980
0.954
1.087
1.310
1.402
1.094
1.168
1.164
1.260
1.160
1.386
0.998
1.087
1.166
0.991
1.357
0.843
1.211
1.233
1.172
1.068
0.859
1.153
0.925
1.098
1.160
1.787
1.406
1.023
1.131
1.436
1.311
1.283
1.025
0.965
1.331
1.257
1.035
1.211
1.372
1.463
1.494
1.210
1.282
0.938
0.975
1.335
0.967
1.101
1.410
1.295
0.787
1.929
0.909
1.562
1.214
0.968
1.198
1.097
1.012
1.194
1.335
0.988
0.712
0.595
1.170
0.862
1.123
1.180
0.977
1.273
1.213
1.123
1.045
0.915
1.426
1.483
1.064
1.132
1.178
1.231
1.468
1.719
0.954
1.203
1.192
1.259
1.357
1.184
0.828
0.706
1.292
1.462
1.505
1.110
1.485
1.197
1.500
1.035
1.472
1.373
1.523
1.598
1.328
1.108
0.944
1.079
1.125
1.134
1.168
1.596
1.401
1.350
0.744
1.072
1.451
1.310
1.409
1.246
1.332
1.192
1.185
1.246
1.356
1.614
1.502
1.747
1.131
1.156
1.230
1.095
1.199
1.119
0.699
1.005
1.084
1.243
1.718
1.139
1.123
1.343
1.013
1.043
1.227
1.474
1.071
1.186
1.380
0.806
0.841
1.577
1.073
1.181
1.229
1.024
1.260
0.868
1.161
0.961
1.004
1.055
1.078
1.121
1.323
0.799
1.062
1.106
0.964
0.888
1.060
1.220
1.437
1.223
1.184
0.774
0.722
1.245
0.825
1.165
1.414
1.134
0.883
0.747
1.263
0.963
0.982
1.332
1.129
1.019
1.313
1.051
1.227
0.848
1.900
1.111
1.210
1.290
0.823
0.965
0.980
1.185
1.135
0.847
0.816
1.035
1.199
1.299
1.318
1.410
1.044
0.972
0.915
0.775
0.744
0.625
1.025
1.246
0.588
0.685
1.064
1.135
1.717
1.224
1.196
1.282
1.393
1.185
1.211
0.603
0.839
1.031
1.355
1.467
0.953
0.893
0.992
1.166
1.042
1.186
1.437
1.547
1.567
1.856
1.373
1.359
0.963
1.306
1.231
0.737
1.043
1.136
0.700
0.763
1.042
0.909
0.623
0.687
0.863
1.096
0.692
0.833
0.776
0.903
0.891
0.852
0.809
0.978
1.040
0.857
0.642
0.699
0.510
0.772
1.514
0.969
0.667
0.510
1.066
0.786
0.824
0.736
0.933
0.859
0.809
0.953
0.811
1.333
1.306
1.159
0.899
0.908
0.847
0.870
0.837
0.913
0.976
0.844
1.046
0.948
1.087
0.778
0.865
0.652
0.846
1.287
1.700
0.796
1.088
1.260
1.014
0.892
0.550
1.757
1.655
0.717
0.713
1.122
0.971
1.108
0.855
1.021
0.930
0.789
1.435
1.299
1.623
2.110
1.344
0.770
1.088
1.149
1.313
0.637
0.909
1.148
1.120
0.742
0.899
0.904
0.768
1.057
1.120
0.897
1.331
0.911
0.817
1.341
1.242
1.326
1.168
1.081
1.485
1.001
0.902
0.658
0.812
1.136
1.310
1.617
1.079
1.316
1.445
1.032
1.052
0.918
0.747
1.184
0.964
1.276
1.083
0.998
0.804
1.315
1.620
1.832
1.720
1.453
1.153
0.901
0.741
1.541
1.062
1.216
1.441
1.422
1.120
1.146
1.374
1.140
1.661
1.555
1.662
1.122
1.367
0.897
1.258
1.393
1.405
1.290
1.174
1.390
1.397
1.411
1.383
1.536
1.185
1.157
1.237
1.459
1.392
1.589
1.183
1.176
1.388
1.719
1.350
1.381
1.207
1.290
1.414
1.532
1.323
1.344
1.360
0.964
0.797
1.590
1.365
1.640
1.367
1.907
1.544
1.069
1.459
1.096
1.206
1.297
1.049
1.381
1.254
1.181
1.297
0.927
1.430
1.686
1.232
1.077
1.400
1.063
2.212
1.341
1.254
1.546
1.126
1.534
1.560
1.231
2.113
1.590
1.315
1.291
0.728
0.955
1.283
1.009
1.034
1.195
1.534
1.278
1.305
1.407
1.373
0.967
1.180
0.929
0.823
1.649
1.370
1.091
1.761
1.169
1.119
1.327
1.059
1.105
1.340
1.551
1.643
1.295
1.351
1.253
0.966
1.121
1.052
1.042
0.972
1.174
1.162
1.284
1.170
1.115
0.884
1.031
1.195
1.727
1.179
1.183
1.294
1.167
1.039
1.082
1.268
1.453
1.166
0.711
0.863
0.979
1.252
1.007
0.913
0.850
0.920
1.251
1.343
1.504
0.633
0.813
0.869
1.175
1.276
1.100
0.829
0.640
1.098
1.025
1.397
0.874
0.783
0.686
0.800
1.230
0.732
1.135
1.219
0.942
1.116
0.683
0.935
0.979
0.939
1.050
1.580
1.153
1.382
0.920
0.807
0.997
1.020
0.892
0.561
1.102
0.854
0.908
0.621
0.788
0.783
1.089
0.820
0.821
1.059
0.987
0.941
0.879
0.915
1.191
1.446
1.299
1.083
1.244
0.909
0.601
0.916
0.879
0.792
1.558
0.749
0.903
0.995
1.010
0.842
0.949
0.772
0.912
1.069
0.814
0.667
1.239
0.872
1.327
1.285
1.261
1.198
1.449
1.063
1.098
0.906
0.853
1.191
1.215
1.209
1.628
1.187
0.983
1.782
0.905
0.904
1.012
1.279
1.340
1.535
0.676
0.791
0.676
1.034
0.909
1.283
1.208
1.406
1.347
0.735
0.815
1.325
1.397
1.363
0.910
1.005
0.842
0.883
0.808
0.948
0.627
1.930
1.198
1.106
0.854
0.754
0.946
0.806
0.884
1.040
1.172
0.671
0.780
0.857
0.746
0.563
0.691
0.849
1.030
1.595
1.388
1.100
1.048
0.846
0.547
0.837
0.795
0.578
0.723
0.918
1.104
0.616
0.759
0.834
0.647
0.822
0.562
1.659
1.030
0.668
0.824
0.684
0.639
0.687
0.814
1.180
0.817
1.049
0.858
0.950
0.832
0.757
0.836
0.756
0.666
0.806
1.131
1.129
1.176
0.784
0.678
0.872
0.889
1.119
0.997
1.470
1.654
1.187
0.912
1.222
1.351
1.162
0.955
1.007
0.892
1.108
1.254
1.276
1.134
1.226
0.753
0.849
0.961
0.741
1.053
1.066
1.302
1.508
1.026
1.585
1.617
1.459
1.484
1.538
1.155
1.024
1.929
1.856
0.871
0.986
1.271
1.305
1.124
1.213
1.208
1.388
1.061
1.272
1.121
1.100
1.219
1.492
1.038
0.902
1.170
1.141
1.139
1.161
1.343
1.132
1.415
1.005
0.679
1.458
2.909
1.258
1.660
1.776
1.642
1.455
1.503
1.378
1.293
1.248
1.268
1.021
1.187
1.013
1.048
1.100
1.280
1.402
1.174
0.970
1.392
0.858
0.918
1.129
1.150
1.696
1.653
1.158
1.073
0.660
1.257
1.044
0.850
1.728
1.815
0.975
1.965
1.049
0.913
0.828
1.355
1.200
1.166
1.147
1.367
1.316
0.945
1.311
1.251
1.080
1.732
0.938
1.321
0.780
1.530
1.409
1.248
1.480
1.027
1.005
1.160
0.782
0.980
0.905
0.799
1.017
1.395
1.003
0.953
1.257
1.453
1.133
1.251
1.367
1.380
1.228
1.157
0.906
0.557
0.661
1.039
1.090
0.957
1.133
1.013
0.653
0.809
1.593
1.155
1.228
0.989
1.011
1.073
1.555
1.089
1.185
1.481
1.523
1.358
1.056
0.951
1.092
1.072
1.324
1.504
1.219
1.035
1.194
0.903
0.985
1.230
1.548
1.334
1.181
1.376
0.906
1.258
1.408
1.435
1.308
1.051
1.125
0.862
1.227
1.171
1.059
0.726
1.129
0.957
1.101
0.861
0.918
1.027
1.074
1.290
1.131
0.958
0.896
0.809
0.746
0.808
0.669
0.996
0.858
0.625
0.756
0.732
0.837
1.326
1.018
1.432
0.756
1.063
1.298
1.180
1.104
0.761
0.877
0.991
0.524
0.715
0.914
1.214
0.982
0.876
0.834
1.320
0.928
1.175
1.057
0.919
0.711
0.780
1.087
0.933
0.889
0.818
0.998
0.616
1.413
1.046
1.041
1.161
0.824
0.871
0.798
0.799
0.584
0.806
0.881
1.233
0.890
0.780
0.815
0.633
0.823
0.893
0.970
0.909
0.990
1.017
0.994
1.141
1.119
0.894
0.934
1.081
1.285
1.301
1.364
0.938
1.138
0.996
0.680
0.905
1.055
0.829
0.440
0.756
1.160
1.053
1.002
0.972
0.977
0.678
0.874
1.235
0.939
0.870
0.718
0.728
0.709
0.917
1.233
1.089
0.831
0.921
1.266
0.662
0.980
1.218
1.869
2.445
0.924
0.754
0.872
1.033
0.739
1.419
1.358
1.296
1.121
0.668
0.861
0.844
0.883
0.705
0.744
0.712
0.817
1.135
1.253
0.939
0.913
0.751
0.825
0.786
0.935
1.016
0.882
0.898
0.870
0.721
0.619
0.890
0.828
0.546
0.772
0.875
0.813
0.735
1.362
1.366
1.405
1.525
2.008
2.184
1.697
1.486
0.581
0.902
0.824
0.877
0.838
1.246
0.705
1.036
0.870
0.876
0.878
0.569
0.873
1.133
1.081
0.901
0.881
1.082
1.459
1.346
1.338
1.046
0.726
0.797
1.041
1.384
1.512
1.037
0.839
0.941
1.799
1.869
1.655
1.400
1.458
1.393
1.284
0.982
1.076
1.245
1.313
0.823
1.078
1.142
0.837
1.049
1.220
1.126
1.106
1.024
0.770
1.088
1.504
1.488
0.995
0.873
1.071
1.296
0.714
1.415
1.398
0.805
1.525
0.836
0.921
1.246
1.228
1.289
1.392
1.149
0.665
0.916
1.025
1.370
0.833
1.234
1.394
1.090
1.004
1.375
1.340
1.169
1.279
1.146
0.856
1.209
1.169
1.067
1.388
1.061
0.943
1.031
1.513
1.299
1.610
1.485
0.964
0.911
1.351
1.335
0.916
1.097
1.210
0.950
1.202
0.934
0.900
1.221
1.423
1.202
1.363
0.827
0.578
1.081
1.088
1.432
1.011
1.335
0.910
1.070
1.054
1.136
0.957
1.205
1.464
1.388
1.303
0.994
1.166
0.897
1.225
1.265
0.937
1.471
1.283
1.459
1.280
0.704
1.246
1.207
0.975
1.139
0.917
1.137
0.935
0.988
0.809
1.349
1.712
1.412
1.445
1.326
1.620
1.216
1.095
1.227
1.229
1.763
1.557
1.079
0.905
1.428
1.291
0.787
1.035
1.230
1.133
0.981
1.170
0.924
1.393
1.218
0.877
1.217
1.842
1.343
1.169
1.283
1.444
1.269
1.045
0.972
1.120
1.669
1.474
1.108
0.913
0.769
0.798
0.993
1.270
1.288
1.617
1.163
1.131
0.712
0.944
1.005
1.215
1.774
1.259
1.647
0.754
0.768
1.002
1.245
1.520
1.396
1.415
0.920
1.052
1.092
0.973
1.192
0.862
0.755
0.829
1.098
1.291
1.151
1.303
1.204
1.073
1.057
0.858
1.072
0.799
0.866
0.810
1.089
0.750
0.585
0.880
1.111
1.457
1.071
0.774
0.664
1.227
1.015
0.949
0.996
0.659
0.978
1.010
1.204
0.892
1.038
1.018
1.314
1.192
1.092
1.054
0.794
0.888
0.613
0.714
0.828
1.241
0.993
1.199
0.779
0.871
1.334
1.070
0.926
0.827
0.734
0.815
0.824
0.940
0.858
1.245
1.170
1.208
0.969
1.333
1.008
0.832
0.987
0.695
1.204
0.835
0.692
0.955
0.965
0.940
0.733
0.536
1.051
1.358
0.797
0.580
0.493
0.987
1.002
0.954
1.032
0.899
0.734
0.814
1.200
0.829
0.693
0.803
1.069
0.829
0.816
1.276
1.996
1.206
1.084
1.158
0.920
1.111
0.564
0.738
1.208
0.921
0.888
1.574
1.365
1.182
1.057
0.978
0.839
0.876
1.135
0.736
0.910
0.810
0.667
0.918
0.850
0.762
0.924
0.931
0.698
0.837
1.001
0.666
0.617
0.571
0.789
0.832
0.607
0.517
1.200
0.612
0.955
0.843
1.102
0.993
-99.000
1.718
1.272
1.346
0.951
0.722
1.032
0.848
1.012
1.100
0.736
1.141
0.976
0.742
0.917
0.952
1.010
1.307
0.961
0.884
0.878
1.337
1.080
0.795
0.805
1.083
1.246
0.951
1.200
0.730
0.881
1.108
1.509
2.134
1.545
1.020
1.119
1.427
1.475
1.299
1.259
1.381
1.276
1.239
1.137
0.972
0.789
1.079
1.073
0.858
0.776
1.100
1.543
2.424
1.418
1.173
0.981
1.078
1.032
0.958
1.309
1.008
0.589
0.806
1.028
1.202
1.092
1.084
1.117
1.201
0.990
0.814
1.160
0.836
1.165
0.994
1.257
1.219
1.063
1.188
0.998
1.003
1.389
1.345
1.475
1.292
1.542
1.359
1.193
0.686
1.007
1.273
1.043
1.293
1.498
1.180
1.048
0.808
0.917
1.049
0.928
1.447
1.101
1.396
1.239
1.103
1.512
1.158
0.964
1.368
1.179
1.393
1.168
1.479
0.758
1.174
1.380
1.086
1.108
1.256
1.266
1.039
1.195
1.136
1.509
1.067
1.137
1.649
1.033
1.736
1.238
1.256
1.226
1.175
1.423
1.762
1.533
1.149
1.428
1.508
0.789
1.068
1.195
1.463
0.947
1.480
1.666
1.782
1.318
1.424
1.282
1.301
1.362
1.087
1.124
1.170
1.331
1.368
1.008
0.924
1.142
1.135
1.180
1.414
1.208
1.752
1.791
1.203
1.254
1.060
1.458
1.315
1.091
1.355
1.309
1.070
0.976
1.096
1.014
1.131
1.359
1.066
1.086
0.958
1.064
0.583
0.945
0.867
0.997
1.010
1.455
0.829
0.654
0.763
0.890
0.684
1.616
1.539
1.196
1.435
1.445
0.942
0.949
0.638
0.670
0.872
1.505
1.227
-99.000
-99.000
-99.000
-99.000
-99.000
-99.000
-99.000
-99.000
0.763
0.812
1.008
0.917
1.050
1.057
0.770
0.938
1.154
0.998
1.129
1.201
1.389
0.999
1.046
1.167
0.962
1.230
1.173
1.070
0.792
0.703
0.972
0.795
1.002
1.045
1.034
0.689
0.840
0.804
1.425
1.285
0.765
0.841
1.153
0.918
1.249
1.054
1.049
1.664
1.838
1.421
1.121
1.426
1.302
1.174
0.935
0.856
0.840
0.826
0.701
0.597
0.969
1.016
0.897
0.816
0.769
0.671
0.913
0.770
0.944
0.789
1.018
0.715
0.605
0.832
1.258
1.409
1.137
2.730
1.169
1.112
1.131
1.338
1.587
1.480
1.238
0.925
0.920
1.032
0.614
0.615
0.785
0.610
1.182
1.168
0.702
0.937
0.980
0.960
0.845
1.123
2.296
1.345
1.210
0.647
0.817
0.720
0.855
0.783
1.016
1.429
0.930
0.899
0.754
0.832
0.841
1.269
1.503
1.059
0.847
0.707
0.907
0.991
0.797
0.844
0.581
0.575
0.989
0.570
1.182
1.260
1.211
1.331
1.075
0.922
0.488
0.712
1.390
1.896
1.107
0.678
0.856
1.321
1.333
1.113
0.623
0.662
0.865
1.178
0.883
1.334
1.746
1.965
2.520
1.819
1.178
0.694
0.750
1.125
0.776
0.900
0.879
0.976
0.814
0.954
0.737
1.157
1.267
1.386
1.064
1.192
1.410
1.129
0.961
0.833
0.994
1.816
1.502
1.386
1.311
0.815
0.858
0.952
1.621
2.001
1.269
1.015
0.775
1.080
0.977
1.062
0.762
0.977
1.193
1.694
1.002
1.031
1.365
1.127
1.119
1.157
0.834
0.974
0.822
0.857
1.467
1.072
1.288
0.988
1.621
1.642
0.892
0.944
0.978
1.264
1.132
1.134
1.189
1.164
2.024
2.159
1.271
1.038
1.049
1.173
1.483
1.012
2.358
1.400
0.866
1.261
1.241
1.613
1.247
1.026
1.759
1.340
1.257
1.083
1.472
1.794
1.643
1.304
0.816
1.035
1.484
1.040
1.303
0.791
1.176
0.851
1.696
1.563
1.332
1.463
1.470
1.464
1.382
1.248
1.283
1.497
1.403
1.244
1.503
1.442
0.950
1.924
1.029
1.239
1.396
1.097
1.525
1.461
1.154
1.286
1.218
1.510
1.789
1.426
1.190
1.591
1.228
0.999
1.448
1.528
1.448
1.283
1.179
1.201
1.549
1.079
1.455
1.506
1.643
1.041
1.780
1.268
1.226
0.973
1.407
1.069
0.998
1.154
1.818
1.045
0.962
1.268
1.242
1.342
1.386
1.319
1.697
1.122
1.766
0.854
1.051
1.140
1.367
1.434
1.581
1.812
1.416
1.499
0.923
1.044
0.834
0.675
0.909
1.146
0.964
0.929
1.235
0.845
1.255
0.701
1.312
1.514
1.188
1.028
0.960
1.164
1.197
1.219
1.085
1.420
1.290
1.313
1.251
1.212
1.168
1.376
1.057
1.075
1.127
1.198
1.030
1.273
1.668
1.044
1.582
0.883
1.377
1.041
1.114
1.028
0.792
1.112
1.242
1.231
1.690
1.386
1.133
1.100
1.072
1.129
1.397
1.659
1.573
1.633
1.493
1.032
0.939
1.302
1.846
1.505
1.245
1.585
1.531
0.995
1.099
1.019
0.885
0.918
0.742
0.832
1.111
0.723
0.793
0.865
0.848
0.611
1.067
0.798
1.061
0.916
1.085
1.298
1.208
1.300
1.637
1.184
0.757
1.271
1.034
1.011
0.884
1.129
1.184
0.904
0.690
1.003
0.981
1.174
0.751
0.843
1.027
0.885
1.109
0.886
0.839
0.577
0.667
1.132
0.969
0.689
0.660
0.824
1.088
1.389
1.296
1.042
1.142
1.020
1.134
0.831
1.143
1.203
0.984
0.999
1.566
1.615
1.039
0.839
0.744
0.745
1.147
1.060
0.928
0.935
0.989
1.157
0.917
1.098
0.558
0.675
0.507
0.818
0.983
0.658
1.056
0.922
0.968
0.801
1.285
0.973
0.695
1.163
0.986
0.898
0.972
1.409
1.145
1.282
1.206
1.088
0.995
0.745
0.768
1.081
0.726
0.765
0.649
1.261
1.589
1.761
1.267
0.828
0.642
0.919
0.986
1.274
1.317
0.780
0.970
0.713
0.852
0.866
0.958
0.845
0.996
0.820
0.747
0.776
0.908
0.752
0.806
0.681
0.866
0.951
0.951
1.140
1.032
0.842
1.098
0.907
2.155
1.568
1.088
0.724
1.322
1.557
0.945
0.834
0.639
1.139
1.756
1.298
1.005
0.702
1.441
1.113
0.666
0.702
0.779
0.926
1.386
1.142
1.110
0.814
0.875
0.950
1.215
0.828
1.116
0.965
1.037
1.026
1.054
0.899
0.869
0.998
0.803
1.076
1.802
1.428
1.594
2.137
2.259
1.739
0.990
1.219
0.938
1.176
1.018
1.204
1.320
0.894
0.882
1.287
1.467
2.181
1.592
0.798
0.771
1.141
0.932
1.122
1.079
1.025
1.270
1.521
1.448
1.292
0.873
1.202
1.285
1.731
0.962
1.025
1.087
0.958
1.566
0.864
0.926
1.171
1.080
1.441
1.007
1.254
1.135
0.973
0.426
1.065
1.450
1.372
1.505
1.577
1.446
0.889
1.346
0.816
1.158
1.266
1.158
0.943
1.469
1.499
1.041
1.144
1.007
1.843
1.291
0.915
1.391
1.340
1.800
1.180
1.471
1.580
1.703
1.324
1.417
1.503
1.556
1.158
1.477
1.046
1.085
1.254
1.305
1.141
1.428
0.922
1.080
1.031
0.854
1.382
1.353
0.700
1.507
1.579
1.147
1.059
0.976
0.898
0.804
1.152
1.295
1.058
1.309
1.665
1.363
1.679
1.216
1.829
1.580
1.623
1.204
1.526
1.318
2.031
1.380
1.000
1.312
1.291
0.879
1.033
1.187
1.301
1.646
1.344
1.278
0.732
1.074
1.363
1.034
1.284
1.132
1.432
1.098
0.735
1.495
1.216
1.304
1.045
1.479
0.874
1.184
0.876
0.779
1.547
0.952
1.080
1.199
0.892
1.270
1.287
1.166
0.958
1.284
1.028
1.097
0.808
0.844
1.148
1.428
1.163
1.203
0.787
0.795
0.950
0.800
0.954
1.469
0.823
0.992
0.765
1.138
1.061
0.988
1.062
1.080
1.212
1.041
1.025
1.246
1.271
1.439
1.154
1.022
0.934
0.823
0.797
1.186
1.420
1.168
1.124
1.133
0.627
0.785
0.733
0.645
0.679
1.051
1.088
0.797
1.170
1.068
0.812
0.930
1.056
0.938
0.960
1.068
0.634
1.151
1.303
1.460
1.327
0.538
0.618
0.819
1.160
1.035
1.282
1.850
1.235
1.181
1.047
0.945
1.018
1.098
1.171
1.096
0.504
0.897
1.084
0.679
0.656
0.920
1.052
0.851
1.026
1.140
0.920
0.765
0.850
0.776
0.997
0.973
0.800
1.184
1.104
0.936
1.476
0.962
0.760
1.060
1.651
1.129
0.672
0.702
0.458
0.905
1.055
0.905
1.131
0.815
0.726
0.542
0.884
0.631
1.085
1.198
0.728
0.408
0.831
0.527
1.169
0.881
0.558
0.705
0.803
0.958
0.713
0.583
0.619
0.765
1.903
1.693
1.102
0.884
0.507
0.843
0.798
0.744
0.745
0.630
0.693
0.898
0.672
0.951
0.811
0.655
0.803
1.228
1.866
1.703
1.336
1.134
1.277
0.980
0.965
1.000
0.711
0.904
1.445
0.950
1.527
1.501
1.319
1.286
1.174
0.970
0.837
0.889
1.088
0.753
0.635
0.790
0.793
0.770
0.885
0.879
0.811
0.329
0.913
1.040
0.805
0.994
0.678
1.108
1.778
1.285
0.924
0.918
0.608
1.235
1.495
0.629
0.811
1.179
0.778
1.162
0.894
0.887
1.170
1.592
1.118
1.002
0.801
0.710
0.422
1.515
0.774
1.805
2.671
1.746
1.701
1.346
0.762
0.836
0.750
0.918
0.832
1.505
1.495
0.896
0.731
1.066
0.760
1.050
1.209
1.404
1.486
1.204
0.865
1.060
1.235
1.269
1.181
1.112
1.065
1.133
1.076
1.043
1.340
1.294
1.028
1.132
0.861
1.627
2.013
1.101
1.016
0.879
1.404
1.271
1.450
1.786
1.305
1.224
1.097
1.200
1.359
1.347
1.190
1.091
1.059
1.684
1.109
0.902
1.105
0.904
1.191
0.905
1.254
0.859
0.904
1.441
1.114
1.356
1.602
1.308
1.287
1.120
1.405
2.528
1.867
1.723
0.807
1.114
1.276
1.399
1.455
1.549
1.367
1.694
1.213
1.517
1.634
1.092
0.980
1.335
1.491
1.194
1.287
1.394
1.222
1.776
1.133
1.542
1.366
1.122
1.327
0.998
0.847
1.063
0.890
1.356
1.767
1.320
1.435
0.983
1.207
1.227
1.111
0.893
0.885
1.523
1.483
1.464
1.282
0.981
1.010
1.007
1.316
0.904
0.835
1.063
1.348
0.913
0.619
0.785
1.530
1.225
1.943
0.998
1.201
1.057
1.621
1.788
1.218
1.155
0.733
0.589
0.597
1.222
0.757
1.232
1.127
0.842
1.093
1.212
1.298
1.537
1.516
1.447
1.077
1.626
0.933
0.976
1.266
1.478
1.831
1.386
1.428
0.718
0.780
1.766
1.768
1.316
1.398
1.132
1.476
1.148
1.430
1.220
0.747
0.965
1.320
1.345
1.045
0.947
1.019
0.819
0.798
1.239
0.760
0.748
0.815
1.023
0.925
0.853
1.191
1.007
0.725
1.181
0.882
1.094
1.067
1.322
0.830
1.103
0.677
0.667
0.894
0.817
0.678
0.679
0.852
0.816
0.891
1.017
0.834
1.002
0.668
0.838
0.951
0.586
0.825
1.275
0.531
1.069
1.101
0.706
0.674
0.701
0.635
1.025
0.932
0.980
1.078
0.657
1.026
0.878
0.887
1.048
1.468
1.614
1.588
1.030
1.234
1.069
1.044
0.994
1.255
0.705
1.081
0.965
0.675
1.280
0.854
0.826
1.014
0.857
0.415
0.879
1.197
1.022
0.659
0.841
0.827
0.767
0.718
0.618
0.806
0.856
0.823
1.426
1.433
1.000
0.786
0.965
0.823
1.015
0.576
0.695
0.890
0.903
0.762
0.837
1.018
0.719
0.592
0.712
0.610
1.015
0.957
0.899
1.189
1.108
1.066
1.719
1.123
0.830
0.653
0.547
0.811
0.762
0.943
0.913
0.790
1.143
0.831
0.993
0.773
0.818
0.776
0.747
0.849
0.670
0.463
0.849
1.103
0.753
0.627
0.733
0.820
0.886
0.748
0.590
1.549
1.916
1.023
1.435
2.586
1.758
1.025
1.097
0.909
1.110
0.931
0.903
1.034
0.825
0.719
0.780
0.822
0.797
0.962
0.972
1.048
0.889
0.950
0.966
1.474
1.452
0.851
0.638
1.344
1.477
1.652
1.181
0.716
1.268
1.650
0.666
1.191
0.955
0.937
1.497
1.324
0.930
1.169
1.109
1.117
0.856
1.079
1.264
1.016
0.924
0.909
1.113
1.317
0.821
2.410
1.798
0.714
1.059
1.034
1.376
0.972
1.178
0.841
0.918
1.343
2.450
1.120
0.888
1.006
1.104
1.083
1.729
1.639
2.185
1.837
0.816
0.470
0.971
0.898
0.830
1.039
1.206
0.924
1.586
1.560
1.677
1.315
1.014
1.472
1.366
1.362
0.831
1.115
1.542
1.553
1.569
1.347
1.617
1.284
1.124
0.842
1.344
1.170
1.606
1.107
1.393
1.007
1.110
1.191
1.240
0.711
1.290
1.129
1.343
1.142
1.225
1.384
1.437
1.733
2.408
1.350
1.295
1.316
0.746
1.406
0.904
0.901
1.233
1.256
2.653
1.337
1.136
1.103
1.315
1.716
1.646
1.511
0.925
1.308
0.995
1.087
0.845
1.461
1.192
1.333
1.356
1.119
1.368
1.383
1.346
1.194
0.987
0.699
1.003
1.293
1.587
0.941
1.167
1.204
1.279
1.258
1.183
1.222
1.432
1.650
1.476
1.337
1.526
1.271
1.648
1.510
1.436
1.345
0.761
0.978
1.008
1.292
1.250
1.566
1.307
1.317
1.186
0.943
1.717
1.449
1.619
1.099
1.273
1.096
1.196
1.169
1.138
1.093
1.093
1.277
1.241
1.280
1.000
1.071
0.992
1.103
0.737
1.023
1.067
1.395
1.741
1.571
1.294
1.152
1.295
1.474
0.846
0.978
0.988
1.116
1.049
0.943
1.002
1.004
1.113
1.173
0.823
0.791
1.111
0.839
0.905
1.131
1.136
1.180
1.347
0.955
0.717
0.877
0.974
0.961
0.832
0.921
1.132
0.830
1.106
1.179
1.162
0.913
1.097
1.289
0.537
0.778
1.031
1.276
1.075
1.087
0.589
0.666
1.399
1.286
1.199
0.908
0.935
0.696
1.390
1.145
0.677
0.814
1.109
1.263
1.014
1.101
1.444
0.949
0.819
0.730
1.014
0.945
1.577
1.439
0.994
1.003
0.907
0.799
0.847
0.978
1.191
1.051
0.608
1.176
1.309
1.031
1.228
1.319
1.047
0.644
0.703
0.572
0.885
0.928
0.785
0.548
1.168
0.696
1.051
1.342
0.951
0.979
0.922
0.893
0.787
0.871
1.071
0.944
0.975
1.283
1.460
0.907
1.346
1.472
1.045
0.721
1.209
1.124
0.910
0.907
0.947
1.468
1.519
0.908
0.667
0.630
1.081
0.926
0.942
1.201
0.890
0.869
0.701
1.172
0.898
0.750
1.688
1.329
1.102
0.916
0.814
0.811
0.880
0.926
0.647
0.507
0.732
0.864
0.767
0.627
0.672
0.590
0.931
1.752
1.341
1.065
1.050
0.918
0.982
0.920
1.095
0.787
0.969
0.881
1.047
1.089
0.896
0.832
0.735
1.328
0.720
1.084
1.207
1.090
0.830
0.663
0.693
0.894
0.754
0.804
1.167
0.852
0.769
0.752
1.124
2.147
1.597
1.274
0.877
1.093
0.816
1.005
0.867
1.161
1.030
1.231
1.021
1.191
1.137
0.799
0.936
1.533
1.142
0.834
1.075
1.134
1.856
2.053
1.574
0.860
0.713
0.676
1.341
0.600
0.964
0.929
0.840
1.214
1.127
0.980
0.662
1.750
1.605
1.011
1.011
0.949
1.366
1.308
1.068
1.101
1.817
1.282
0.741
0.890
0.928
1.076
0.846
1.228
1.335
1.108
1.872
2.060
1.066
1.085
1.169
1.575
1.565
1.439
1.194
1.286
1.680
1.691
1.766
1.541
1.495
1.542
1.198
0.970
1.212
0.847
1.191
1.110
1.131
1.110
1.254
1.322
1.263
1.229
1.356
1.831
1.953
1.016
1.153
1.351
1.414
1.499
1.129
1.334
1.224
1.254
1.219
1.076
1.660
1.218
1.296
1.415
1.650
1.460
1.317
1.526
1.347
1.143
1.175
1.199
1.363
1.106
1.183
1.350
1.417
0.995
1.145
1.509
0.697
1.526
1.216
1.333
1.583
2.153
1.181
0.809
1.376
1.146
1.159
1.337
1.308
1.399
1.332
1.442
1.426
1.295
1.426
1.182
1.170
1.375
1.112
0.925
0.919
1.107
0.995
1.412
1.323
1.073
1.143
1.180
1.227
1.054
0.911
0.740
1.164
1.423
1.560
1.494
1.537
1.013
1.313
1.411
1.340
0.993
0.923
1.306
0.717
1.210
0.932
1.290
1.040
1.062
0.990
0.887
1.221
1.525
1.063
1.375
0.993
1.265
1.537
1.364
0.918
1.226
1.342
1.523
1.646
1.360
1.414
0.957
1.345
1.281
1.425
1.178
1.435
1.192
1.333
0.990
1.496
1.159
0.939
1.101
1.139
1.110
1.067
0.827
0.745
1.379
1.007
1.105
0.687
1.189
1.200
1.455
0.987
1.188
1.032
1.280
0.983
1.231
1.598
1.310
1.421
0.790
1.143
0.853
0.671
0.731
1.149
0.984
0.936
1.388
1.372
1.225
1.262
1.258
0.965
1.117
1.006
1.323
1.516
1.463
1.368
1.048
1.341
0.911
1.802
1.236
1.280
1.324
1.427
1.408
0.936
0.736
0.936
0.885
1.057
0.596
1.100
1.058
0.999
1.560
0.813
0.808
0.640
0.937
0.867
1.145
1.188
1.143
0.827
0.727
0.723
0.642
0.747
0.856
0.866
0.772
0.474
0.790
0.812
0.782
0.942
1.033
0.774
0.800
1.118
1.252
1.473
1.554
1.325
1.587
1.225
1.560
1.888
1.075
0.967
1.106
0.714
1.225
0.883
1.013
0.869
0.854
0.856
0.901
0.654
1.002
0.770
0.925
0.725
0.751
1.271
1.100
0.965
0.711
1.294
1.119
1.002
1.071
0.665
0.527
0.847
0.814
1.012
1.011
0.781
1.504
1.249
1.277
0.739
0.782
0.826
0.596
0.989
0.838
0.577
0.915
0.789
0.987
1.155
1.082
0.673
0.601
0.932
1.212
0.819
0.550
0.856
0.729
0.967
0.753
0.851
0.968
1.094
1.350
1.479
1.496
1.076
0.809
0.870
1.377
0.843
1.155
0.893
1.207
1.074
1.010
1.402
1.141
1.166
1.471
0.922
1.088
1.032
0.891
0.907
1.068
1.270
0.989
0.842
0.898
1.268
0.859
1.041
1.304
1.048
1.019
0.889
1.043
0.924
1.018
1.312
0.913
0.741
0.809
2.167
1.504
1.109
0.958
0.881
0.999
1.241
1.402
0.965
0.927
1.164
1.165
1.754
1.290
0.917
1.488
2.135
2.049
1.349
0.806
0.664
1.074
1.299
1.303
1.567
1.072
1.660
1.437
1.343
1.562
0.879
0.694
1.181
1.187
0.907
1.109
1.438
1.190
1.242
1.215
1.171
1.528
1.185
1.265
1.195
0.948
1.122
1.330
1.776
1.221
1.026
1.043
1.367
1.354
1.456
1.191
1.563
1.261
1.147
1.364
0.870
1.270
1.496
1.311
1.307
1.501
1.093
1.322
1.099
1.096
1.104
1.197
1.277
1.378
1.173
1.236
1.281
1.038
1.125
1.160
1.634
1.484
1.350
1.234
1.440
1.257
1.702
1.134
1.009
1.202
1.600
1.048
0.902
0.927
1.052
1.170
1.187
1.144
1.313
1.286
1.571
2.022
1.165
1.715
1.032
1.209
1.376
1.430
1.325
1.117
1.407
1.775
1.571
1.470
1.249
0.694
0.960
1.670
1.542
1.664
1.912
2.756
1.652
1.137
1.298
1.191
1.598
1.333
1.240
1.222
1.038
0.803
1.062
1.401
1.098
0.849
0.935
1.073
1.303
1.218
1.375
1.122
1.492
0.994
1.116
1.162
1.270
1.625
0.947
1.146
0.786
1.248
1.306
1.190
0.951
1.299
1.862
0.848
0.951
0.845
1.390
0.936
0.936
0.995
0.841
1.097
1.267
1.310
0.546
0.746
0.733
0.654
1.082
1.227
1.562
1.339
1.371
0.932
0.982
0.953
1.278
0.838
1.357
0.914
1.091
0.918
0.895
1.046
1.022
0.977
1.035
0.774
1.055
0.800
1.138
1.104
0.931
1.081
0.749
0.893
0.904
0.645
0.560
0.758
0.843
0.676
0.668
0.380
0.465
0.744
1.462
0.981
0.758
1.207
1.091
0.832
0.868
1.462
1.117
0.854
0.928
0.989
0.987
0.827
1.267
1.310
1.088
1.027
1.056
1.326
1.564
0.866
1.082
0.850
1.034
0.947
1.020
0.718
0.796
0.834
0.649
0.680
1.132
0.580
0.803
1.076
0.915
0.825
0.837
0.652
0.916
0.952
0.950
0.900
0.648
0.522
0.759
0.791
0.812
1.070
0.898
0.696
0.563
0.991
0.884
1.037
0.856
0.776
0.628
0.985
1.036
1.124
0.791
0.878
1.223
1.109
0.779
0.930
1.238
0.833
0.884
0.960
0.750
0.676
0.924
0.785
0.757
0.724
1.229
0.644
1.103
0.857
1.147
0.871
0.926
0.982
0.892
0.782
0.921
1.029
0.889
0.951
1.003
0.687
0.514
0.617
0.756
0.710
0.911
0.962
1.396
1.000
1.974
1.529
1.256
1.366
0.917
0.774
0.908
1.178
0.941
0.946
0.669
0.784
1.353
1.754
0.962
1.046
0.846
0.923
0.958
1.104
0.997
0.974
1.198
0.992
0.756
0.736
1.351
1.632
1.396
1.067
0.942
1.053
0.539
0.555
1.440
1.940
1.024
0.893
1.015
1.023
0.809
1.166
1.297
1.201
0.950
1.245
1.390
1.130
1.435
1.260
0.930
1.191
1.211
1.870
1.533
1.107
0.732
1.147
1.274
1.249
2.225
1.515
0.685
0.312
1.177
1.260
0.981
0.895
1.365
0.945
1.287
1.061
1.059
0.964
1.116
1.161
1.054
2.169
1.112
0.595
1.010
1.303
1.376
1.188
0.964
1.159
0.958
0.945
2.309
1.391
0.985
1.730
0.929
1.123
1.137
1.041
1.299
1.111
0.966
1.306
0.858
0.541
1.197
1.718
1.067
1.954
1.181
1.628
1.022
1.442
1.420
1.147
1.160
1.490
1.493
1.272
1.252
1.064
1.397
1.225
1.168
1.103
1.185
1.060
1.919
1.301
1.927
1.685
1.669
1.597
1.317
1.223
0.982
1.331
1.177
1.192
1.133
1.638
1.284
1.183
1.686
1.449
1.363
1.109
1.899
1.338
1.192
1.303
1.335
1.499
1.456
1.639
1.159
1.052
1.593
1.295
1.019
0.884
1.178
1.055
0.867
0.980
1.138
1.132
1.099
0.850
1.049
1.184
1.089
1.019
0.981
1.401
1.522
1.621
1.214
1.397
0.959
1.196
1.040
0.845
0.984
0.880
1.016
0.797
1.265
1.279
0.979
0.893
1.020
1.228
0.939
1.282
1.370
1.188
1.128
1.245
1.040
1.422
1.278
1.590
0.891
1.120
1.301
1.085
1.039
1.306
0.880
1.084
0.748
0.980
1.198
1.336
1.169
1.351
1.314
1.038
0.760
1.054
0.996
1.089
0.657
1.088
1.139
1.359
1.207
1.084
0.720
0.794
1.303
1.472
1.393
1.558
1.072
1.458
1.024
0.946
0.610
0.788
1.361
0.798
0.630
0.867
1.229
0.876
1.254
0.932
1.043
1.269
1.406
1.304
0.665
1.172
1.148
1.158
1.049
1.022
1.021
0.955
1.004
1.094
0.874
0.827
1.324
1.144
0.863
0.925
1.141
0.954
0.830
0.934
0.568
0.488
0.557
0.729
0.615
0.718
0.923
1.044
1.078
0.763
0.751
0.993
0.974
0.987
0.884
0.753
1.096
1.057
1.066
1.037
0.644
0.544
0.514
0.805
1.226
1.000
1.138
1.418
1.214
0.734
1.108
0.885
0.848
0.922
1.083
0.948
0.624
0.870
0.698
0.593
0.913
0.823
0.776
0.603
0.645
0.772
1.489
0.837
0.961
0.784
0.847
0.514
0.799
0.814
0.901
0.774
0.850
0.558
1.170
0.877
0.925
1.070
1.315
0.631
0.757
0.812
0.822
0.761
0.916
0.779
0.823
0.973
0.812
1.202
1.100
0.818
0.757
0.702
0.591
0.967
0.956
0.767
0.918
0.666
0.797
0.589
0.612
0.636
0.685
0.782
0.717
0.587
1.195
1.609
1.423
1.182
0.827
1.129
1.243
0.964
0.978
1.123
0.974
0.927
0.859
0.801
0.678
0.848
0.980
0.653
0.951
0.821
0.936
0.775
0.777
1.062
1.157
0.737
0.609
0.826
1.759
1.277
0.911
1.289
0.917
0.898
0.871
0.926
1.189
1.037
1.281
1.378
0.935
1.041
1.174
1.390
1.453
2.426
1.143
0.961
1.164
1.263
1.197
0.635
0.893
1.257
1.431
1.125
0.666
1.039
2.233
2.078
1.502
0.617
0.423
0.905
0.958
1.013
1.254
1.015
1.193
1.415
1.523
1.304
0.884
1.296
0.783
0.890
0.887
0.788
1.136
0.969
0.835
0.934
0.816
1.224
1.549
1.168
1.137
1.216
1.516
1.341
1.395
2.294
1.094
0.834
0.963
1.115
1.473
1.134
0.931
1.124
1.538
0.912
1.538
1.007
1.123
1.018
1.200
1.670
1.192
1.579
1.102
1.511
1.164
0.965
1.386
1.148
1.124
1.178
1.290
1.226
1.824
1.470
1.603
1.181
1.229
1.610
1.110
1.038
1.263
0.947
1.365
1.314
1.292
1.073
1.147
1.229
2.021
1.124
1.343
1.511
1.340
0.694
1.427
1.372
1.248
1.189
1.399
1.156
1.338
1.437
1.211
1.298
1.115
1.266
0.960
1.636
1.440
1.469
1.463
1.090
1.226
0.976
1.446
1.001
1.296
1.131
1.131
1.423
1.212
0.974
1.532
1.765
0.934
0.942
1.026
1.386
0.843
0.882
1.217
1.363
1.406
1.204
1.122
0.813
0.916
1.307
1.032
1.490
1.574
1.125
1.044
0.859
1.136
0.793
1.723
1.337
1.197
1.329
1.460
1.051
1.127
0.745
1.010
0.945
0.903
1.244
0.782
0.856
0.645
0.885
1.050
0.880
0.675
0.871
0.863
0.891
0.842
0.830
1.179
0.895
0.875
0.879
1.315
1.432
1.564
1.219
0.800
0.726
1.012
1.102
1.222
0.992
1.031
0.901
1.445
1.209
1.074
1.407
1.072
1.428
1.188
1.449
1.120
1.808
1.114
1.057
1.156
1.507
1.103
0.957
0.900
0.794
0.882
0.799
0.931
1.076
1.255
1.170
0.974
1.059
1.094
0.908
0.922
1.242
1.097
1.413
0.993
0.856
1.425
1.089
1.278
0.960
0.926
1.399
1.282
1.233
1.083
1.222
1.024
0.900
0.912
0.798
0.894
0.887
1.036
1.153
0.737
1.268
1.004
0.743
1.253
1.190
0.777
0.881
0.752
0.816
0.564
0.832
0.801
0.739
0.953
1.085
1.003
1.059
1.010
1.035
1.617
1.447
1.055
0.783
1.047
1.150
0.870
0.753
0.924
1.318
1.037
0.860
1.170
1.284
1.185
1.070
0.863
0.906
0.458
0.872
0.995
0.939
0.931
0.810
0.786
0.774
0.669
0.907
1.307
1.879
1.457
1.174
1.345
1.000
0.845
1.389
0.979
0.888
1.487
1.387
1.165
0.783
0.915
0.897
0.945
0.756
0.732
0.716
0.723
0.753
0.642
0.793
1.037
1.048
0.768
1.944
1.057
1.137
0.828
1.045
0.830
0.703
0.702
0.795
0.949
1.561
1.671
1.042
0.925
1.166
0.914
1.314
1.380
1.837
1.357
1.416
1.301
1.419
0.736
0.827
1.034
1.038
1.057
0.969
1.155
0.782
0.651
0.860
0.932
0.707
0.836
0.630
1.319
0.825
0.918
1.069
0.845
1.938
1.219
1.412
1.012
0.940
1.541
0.928
0.597
0.941
0.972
1.220
0.996
0.944
0.997
0.867
1.024
1.120
1.524
1.230
0.827
1.193
0.930
0.673
0.864
1.030
0.973
1.236
1.048
1.080
1.306
0.971
1.208
2.290
1.294
0.771
1.095
0.775
0.998
0.827
1.246
1.148
1.104
0.913
0.824
0.751
1.081
0.660
2.036
1.692
1.003
0.995
1.224
0.959
0.788
1.271
1.012
1.638
1.167
1.323
1.416
1.615
1.834
1.378
0.679
0.850
1.232
1.288
1.026
1.306
1.317
1.286
0.810
1.677
1.142
1.336
1.273
1.079
1.279
1.212
1.350
0.984
1.538
1.416
1.679
1.231
1.077
1.158
1.361
1.380
1.390
1.246
1.529
1.405
1.525
1.269
0.984
1.317
1.369
1.574
1.677
1.197
1.022
1.075
1.872
1.386
1.034
1.371
1.566
0.960
1.748
1.541
1.027
1.169
1.510
1.201
1.140
1.093
1.043
1.444
1.084
1.370
1.454
0.878
0.955
0.964
1.096
0.938
0.776
1.326
1.376
1.319
0.888
1.079
1.394
1.243
1.342
1.045
1.405
1.702
1.416
1.464
1.288
1.488
1.324
1.016
1.699
1.260
1.254
0.726
1.164
1.633
1.618
1.336
1.472
1.010
1.246
1.521
1.574
1.529
1.789
0.953
1.426
1.303
1.662
1.325
1.250
0.970
0.662
0.771
0.849
1.180
0.947
0.971
1.401
0.767
1.749
1.066
1.074
0.978
1.308
1.141
0.823
0.870
0.789
1.058
1.265
1.276
0.888
0.974
0.787
0.888
1.204
0.688
1.045
0.681
0.977
1.052
1.071
0.670
1.140
1.218
1.169
1.146
1.360
0.968
0.992
1.028
1.046
1.452
1.026
1.128
0.910
1.054
0.919
0.698
0.665
0.954
0.875
0.728
0.726
0.713
0.673
0.857
0.786
1.230
0.790
0.904
0.952
0.963
1.364
1.731
1.575
1.221
0.826
1.105
0.785
0.656
0.840
1.014
1.791
1.060
0.751
0.966
1.059
0.983
1.002
0.935
0.875
1.392
0.839
0.473
0.824
0.770
1.004
1.159
1.125
0.896
0.982
0.872
0.845
0.879
1.632
0.958
0.899
0.739
0.806
1.329
1.174
1.596
1.281
0.946
0.774
0.768
0.747
0.720
0.734
1.075
0.756
1.541
1.402
1.008
1.420
1.099
0.570
0.653
0.907
0.574
0.770
0.687
0.623
0.868
0.977
0.934
0.818
0.742
1.145
0.731
1.213
0.979
0.618
0.597
0.888
0.817
1.076
1.443
1.432
1.095
1.019
0.966
0.693
0.844
0.658
0.844
1.258
1.253
0.995
1.064
1.239
1.365
1.526
1.567
1.475
1.151
0.727
0.745
0.953
0.534
1.020
1.116
0.934
1.007
0.960
0.759
0.833
0.814
1.177
0.768
0.739
0.546
1.087
0.826
0.959
0.602
1.364
0.791
0.848
0.827
0.651
1.549
1.955
1.722
1.803
1.725
1.104
0.659
1.262
1.066
1.105
0.549
0.869
0.852
0.944
0.831
0.936
0.904
1.088
0.991
1.177
1.557
1.271
1.052
1.037
0.881
0.935
0.882
2.130
2.419
1.512
0.985
1.211
0.827
1.092
1.052
0.759
0.915
0.785
1.048
1.902
2.001
1.660
1.019
0.901
1.380
1.483
0.946
0.994
1.107
1.032
1.309
1.651
1.286
0.836
1.005
0.822
0.770
1.200
1.769
1.602
1.377
1.258
1.582
1.428
0.805
1.558
1.181
1.211
1.495
1.023
0.813
1.417
1.168
1.472
1.446
1.055
1.446
1.587
1.179
1.181
1.354
1.431
1.280
0.955
1.073
1.460
1.055
1.161
1.334
1.875
1.231
0.961
0.932
1.627
1.926
1.098
1.304
1.682
1.242
1.304
1.305
2.655
1.819
1.131
1.102
1.158
0.855
0.916
1.142
1.132
1.449
1.396
1.446
1.487
1.238
1.113
1.309
1.723
1.515
1.113
1.459
1.672
1.487
1.411
0.996
1.203
0.835
1.314
1.347
1.318
1.567
1.574
1.238
1.138
1.169
1.559
1.198
1.340
1.718
1.640
1.632
1.021
0.948
1.520
1.182
1.386
1.262
0.821
1.026
1.006
1.086
1.144
1.323
1.369
1.343
1.243
1.242
1.128
1.053
1.185
1.225
1.344
1.367
0.997
1.174
1.586
1.409
1.275
0.847
1.516
1.041
1.048
1.095
0.969
1.141
0.999
0.975
1.091
1.007
0.866
1.112
1.018
0.733
0.898
0.727
1.042
0.690
0.982
1.031
1.372
1.312
0.682
0.906
1.308
1.071
0.892
0.709
1.397
0.945
0.982
1.268
1.739
1.395
1.522
1.003
1.355
1.057
1.192
1.469
1.214
1.033
1.098
0.950
0.920
1.175
0.757
0.919
1.146
1.432
0.947
0.900
1.047
0.748
0.804
0.810
0.996
1.150
0.903
0.759
0.706
1.333
1.468
1.520
1.287
1.081
1.180
0.964
0.787
1.171
1.351
1.158
1.190
1.716
1.359
0.877
1.442
1.963
1.357
1.140
1.035
0.955
0.830
1.310
0.801
0.682
1.137
1.056
0.887
0.970
1.290
1.279
0.915
0.605
1.052
0.449
0.928
1.145
0.534
0.980
0.902
1.052
0.771
0.619
0.782
1.136
0.962
1.008
1.105
0.850
0.754
0.852
0.673
0.771
0.798
1.214
0.883
0.595
0.649
0.613
0.912
0.868
0.576
0.638
0.910
0.603
0.836
0.889
0.535
0.801
0.893
2.211
1.350
1.053
1.097
1.150
0.964
1.074
0.873
0.989
1.264
1.545
1.486
0.853
1.011
1.450
1.352
0.916
0.961
0.508
0.642
0.898
0.977
0.942
0.697
0.925
0.895
0.842
0.887
0.849
0.756
0.675
0.820
1.030
0.969
0.707
0.571
0.944
1.849
1.741
1.303
1.285
0.851
1.105
1.205
0.903
0.745
0.818
0.731
0.988
0.509
0.816
0.633
0.835
1.003
1.066
1.159
1.461
1.557
1.828
1.367
1.037
0.914
0.864
0.773
1.035
0.937
0.875
0.931
1.136
1.084
0.885
0.673
1.728
1.400
0.578
1.026
1.105
0.961
1.128
0.976
0.861
0.717
0.979
1.002
1.213
1.372
1.239
1.004
0.897
1.278
1.274
0.973
0.932
0.626
1.404
1.411
1.440
0.802
0.775
1.089
0.798
0.969
1.085
0.832
1.047
1.187
0.855
0.677
0.857
1.389
1.331
1.173
1.212
1.256
1.328
1.897
1.032
1.068
0.910
0.849
1.040
0.604
1.088
1.252
1.121
1.025
1.060
1.240
0.979
1.131
1.339
1.432
1.328
2.523
2.194
1.592
1.022
1.046
1.206
0.946
1.530
1.337
1.228
0.982
0.714
1.361
0.967
1.102
1.079
1.479
1.127
1.392
1.518
1.126
1.261
1.388
1.405
1.358
1.062
1.490
1.341
1.182
1.207
1.405
1.417
1.604
1.453
1.408
1.521
1.302
1.117
1.123
1.285
1.184
1.796
1.132
1.196
1.500
1.823
1.224
1.320
1.745
1.333
1.665
1.344
1.401
1.288
1.438
1.412
1.652
1.706
0.918
1.669
1.164
1.387
1.111
1.278
1.316
1.264
1.070
1.531
1.412
1.465
1.658
1.337
1.561
1.383
1.329
1.288
1.471
1.032
1.355
1.350
1.549
1.617
1.532
1.525
1.176
1.219
1.373
1.238
1.173
1.369
1.481
1.286
1.541
1.588
1.687
2.039
1.994
1.604
1.490
2.102
1.294
1.387
0.953
1.162
1.102
1.369
0.884
0.807
1.115
1.313
1.280
1.519
1.543
0.766
1.638
1.664
1.249
0.910
1.038
0.959
0.827
0.729
1.359
1.727
1.647
1.254
1.834
1.556
1.383
1.108
0.948
0.865
1.172
1.103
0.986
0.887
0.990
0.602
1.079
1.035
1.720
1.096
1.449
1.296
1.021
1.197
0.943
0.940
0.972
1.330
1.374
1.305
1.074
1.197
1.126
0.916
0.717
0.879
0.911
0.901
0.931
0.762
1.138
0.909
0.960
1.099
1.275
0.991
0.642
0.626
0.949
0.927
1.054
1.122
1.027
0.891
1.124
1.027
0.941
1.129
1.359
0.722
0.860
0.935
1.191
0.916
0.950
0.901
1.627
1.458
1.495
1.015
1.160
1.442
1.216
0.988
0.990
0.986
1.081
1.165
1.380
0.956
1.188
0.948
1.356
1.035
0.686
1.003
0.717
0.794
0.889
0.816
0.765
1.082
1.223
1.205
0.886
1.148
0.886
0.736
1.166
0.891
0.948
0.934
0.807
0.821
0.727
0.923
0.972
1.097
0.737
1.091
0.990
0.746
0.602
0.551
0.907
1.202
1.687
1.293
0.848
0.657
0.920
0.784
0.800
1.019
1.185
0.931
1.100
0.833
0.625
0.685
0.837
1.429
1.181
0.770
0.813
0.583
0.722
1.026
0.901
0.582
1.030
0.810
0.618
1.580
1.116
1.147
0.785
0.841
1.687
1.470
1.665
1.270
0.946
0.743
0.880
0.462
0.735
0.721
0.975
2.721
2.006
1.770
1.557
1.217
0.847
0.638
1.066
1.227
0.781
0.924
0.663
0.763
0.591
1.695
1.767
0.872
1.744
1.631
1.522
0.985
1.027
1.101
0.849
1.046
1.321
1.131
1.513
1.358
1.283
0.853
1.202
1.334
1.491
0.957
0.937
0.860
1.160
1.033
0.824
1.714
1.123
0.811
0.688
1.116
1.048
1.017
0.963
0.768
0.692
1.070
0.958
0.944
1.047
0.629
1.558
1.913
1.397
1.044
1.124
1.013
0.817
1.089
1.441
1.008
1.114
1.114
0.987
1.403
1.151
1.061
0.829
0.898
0.879
1.314
1.183
0.649
1.147
1.173
1.276
1.582
1.233
1.270
1.143
0.939
1.229
0.796
1.033
1.253
1.360
1.378
0.821
1.189
1.282
1.816
1.545
0.799
1.582
1.261
1.001
1.437
1.280
1.554
1.017
1.309
1.195
2.101
1.457
0.957
1.808
1.498
1.473
1.364
1.172
1.425
1.228
1.113
1.302
1.370
1.353
1.039
1.426
1.542
1.389
1.334
1.316
1.010
1.389
2.030
1.495
0.921
1.371
1.329
1.568
1.454
1.661
1.062
1.352
0.931
1.460
1.358
1.179
1.197
1.268
1.238
1.501
1.160
1.345
1.864
1.435
1.198
1.416
1.342
1.302
1.059
1.012
0.769
1.327
1.024
1.063
1.063
1.340
0.855
0.834
1.224
1.683
0.813
0.904
1.085
1.017
0.925
0.703
0.875
0.622
1.039
0.993
1.118
1.192
1.614
1.215
0.978
0.743
0.760
0.919
1.060
1.081
1.395
1.442
1.113
1.294
1.403
1.163
1.533
1.446
0.723
1.183
1.152
1.449
1.395
1.423
1.092
1.175
1.004
1.390
0.942
1.074
0.970
1.081
0.950
0.842
1.147
0.933
0.775
1.292
1.395
1.272
1.416
1.808
1.576
1.673
1.549
2.157
0.971
1.178
0.903
0.836
1.041
1.478
0.726
0.777
1.040
1.429
1.577
1.329
1.342
1.476
1.263
0.873
0.911
1.022
1.255
1.212
1.294
2.538
0.697
1.088
0.899
1.055
0.564
0.623
0.624
0.758
1.318
0.908
0.727
0.373
0.668
0.913
1.163
0.957
0.875
0.899
1.109
0.674
0.716
0.845
0.741
0.895
0.523
0.773
0.800
0.705
0.841
0.993
0.744
0.620
0.792
0.831
0.873
1.112
0.902
0.765
0.833
1.151
1.398
1.432
0.886
0.820
0.948
1.190
1.841
0.952
1.041
1.401
1.284
1.433
1.186
0.948
1.020
0.847
0.991
0.605
0.727
0.978
0.976
0.870
1.170
1.077
0.816
0.689
0.610
0.789
0.790
0.557
0.680
0.647
1.059
1.344
1.277
0.948
1.123
1.012
0.772
1.153
1.108
1.093
0.571
0.673
1.083
0.733
0.790
0.788
0.635
0.609
0.691
0.645
1.814
1.775
0.958
0.807
0.871
0.851
0.614
1.112
0.758
0.836
0.734
0.544
0.793
1.369
0.944
0.937
0.639
0.715
1.132
0.880
0.867
0.767
1.137
0.691
1.208
1.181
1.372
1.276
1.291
0.815
0.450
0.638
1.558
1.828
1.213
1.011
1.156
0.943
0.971
1.025
0.959
0.731
0.947
1.319
1.555
1.081
0.705
0.963
0.680
0.987
1.114
1.323
1.487
0.777
0.953
1.117
0.809
1.075
0.879
0.919
0.789
0.919
0.851
0.735
1.209
0.859
1.114
0.952
1.114
0.984
0.802
0.709
1.044
0.828
0.842
0.957
0.729
1.055
0.913
2.405
1.811
1.146
0.980
0.717
0.397
0.628
0.969
0.830
1.151
1.085
0.926
0.659
0.988
0.866
1.184
0.720
1.141
0.802
1.233
1.056
0.859
0.946
1.281
1.028
1.013
1.738
1.736
1.645
1.534
1.068
0.952
1.199
0.924
1.531
1.659
1.621
1.089
1.155
1.110
1.557
2.827
1.693
0.969
0.855
0.675
0.970
0.807
0.970
0.923
0.900
1.448
1.534
0.995
1.239
1.376
1.046
0.925
1.480
1.307
1.100
1.248
1.377
1.645
1.686
2.133
1.239
1.100
1.333
1.840
1.440
1.689
1.429
1.445
1.066
1.018
1.301
1.085
1.156
1.019
1.115
1.514
1.208
1.081
1.217
0.884
1.023
1.228
1.186
1.179
1.305
2.130
1.737
1.145
0.902
1.260
1.039
1.259
0.956
1.041
1.428
1.439
1.388
1.619
1.521
1.471
0.856
1.337
0.948
1.150
0.973
1.360
1.044
1.427
1.426
1.076
1.037
1.038
1.214
1.426
1.097
1.778
1.479
1.213
1.195
1.408
1.228
1.904
2.032
1.303
1.223
0.846
1.339
1.131
0.636
0.873
1.572
1.062
1.051
1.065
1.035
1.037
1.093
1.238
1.047
1.204
1.518
1.011
1.314
1.229
0.987
0.957
0.943
1.209
1.501
0.845
1.179
1.144
0.938
1.248
1.125
1.304
1.019
0.849
0.822
0.898
1.361
0.920
0.845
0.911
0.797
1.077
1.076
1.147
1.123
1.221
1.495
1.273
0.911
1.460
1.286
1.305
1.310
1.043
0.632
0.848
0.931
0.621
0.683
1.212
1.887
1.059
1.357
1.188
1.814
1.315
1.429
1.064
0.771
1.193
1.392
1.970
1.599
1.527
1.312
0.857
0.666
0.997
1.190
1.123
0.994
0.820
1.049
1.740
1.830
1.806
1.339
1.001
1.400
1.533
0.961
0.896
1.498
1.435
1.149
0.873
1.505
1.257
0.618
0.962
1.316
1.292
1.281
0.795
0.695
0.779
0.987
1.510
1.230
0.902
0.907
0.856
0.977
0.987
0.714
0.913
0.727
0.841
1.088
1.238
1.311
1.651
1.583
1.097
1.070
1.018
1.358
1.523
0.941
0.892
0.621
0.916
0.798
0.600
0.957
1.023
1.225
1.046
0.734
0.805
0.895
1.062
0.752
0.922
1.161
0.894
0.879
0.774
0.896
0.719
0.618
1.070
0.884
0.759
0.828
1.223
0.791
1.058
0.916
0.825
1.515
0.891
0.911
0.860
0.903
0.640
1.076
1.084
0.990
0.781
0.913
0.939
0.623
0.744
0.547
0.916
0.889
1.337
0.951
0.757
0.844
0.920
0.804
0.790
0.682
0.853
1.165
0.844
1.922
1.197
1.623
1.318
1.063
0.812
0.831
1.081
0.693
0.885
0.996
0.640
0.820
0.901
1.250
0.929
0.997
0.758
1.091
0.866
0.727
1.317
1.489
0.827
1.048
1.108
1.294
1.279
1.108
0.641
1.010
0.724
0.923
0.845
1.298
1.194
0.652
1.111
1.000
1.173
1.197
1.283
1.250
0.932
1.046
1.105
0.641
1.050
1.051
1.144
1.100
1.394
1.353
0.939
0.934
1.669
1.948
1.634
0.679
0.649
0.774
1.090
0.772
1.577
1.129
1.365
1.343
1.884
0.513
1.354
1.197
1.041
0.803
0.858
0.716
1.073
0.972
1.013
1.155
1.062
0.838
0.861
1.182
0.751
1.207
0.941
1.309
0.933
1.477
0.810
0.777
1.049
1.438
1.416
1.241
1.008
1.253
1.307
1.332
1.355
1.380
1.724
1.532
1.509
0.929
1.306
1.375
1.111
1.207
1.312
1.259
1.036
1.283
1.403
1.492
1.257
1.572
1.344
1.454
1.569
1.219
1.173
1.108
1.358
1.113
1.125
1.138
0.960
1.278
1.142
0.880
1.614
0.956
1.080
1.170
1.246
0.949
1.512
1.478
1.804
1.536
1.238
0.749
1.636
0.918
1.021
1.077
1.442
1.390
1.633
1.413
1.383
1.303
1.017
0.980
1.182
1.373
1.459
1.204
1.124
1.132
1.029
1.317
1.070
0.975
1.229
1.178
1.159
1.508
1.402
1.244
1.022
1.062
1.346
1.213
1.369
0.995
1.290
1.344
1.266
1.061
1.155
1.578
1.513
1.317
1.591
1.901
1.427
0.956
1.245
0.742
1.238
1.654
1.025
0.785
1.191
1.585
1.275
1.760
1.413
1.877
1.696
1.307
1.402
1.609
1.499
1.248
1.634
1.523
1.729
1.909
1.638
1.069
1.303
0.922
1.142
1.359
1.536
1.367
1.161
1.436
1.559
1.202
1.521
1.300
1.271
1.217
1.589
1.223
1.733
1.262
1.529
1.430
1.739
2.027
1.476
1.462
1.001
1.337
0.694
0.938
0.786
0.517
0.541
0.669
0.589
0.644
0.814
1.286
1.306
0.700
1.191
0.898
1.462
0.971
1.415
1.530
2.045
1.453
1.771
2.016
1.778
1.253
1.166
0.647
0.953
1.198
0.964
1.158
1.062
0.946
0.902
0.788
0.777
0.960
1.074
1.216
1.315
0.756
0.842
1.100
0.934
0.691
0.833
0.620
1.347
0.932
0.901
0.823
1.008
0.848
1.056
1.207
1.042
0.952
0.992
1.042
1.106
1.255
1.552
1.213
0.775
0.854
1.051
0.852
0.704
0.746
0.997
0.972
0.919
0.980
0.444
1.007
0.673
0.854
0.702
0.978
1.020
0.763
0.708
0.904
0.885
0.883
0.955
1.212
1.222
0.601
0.729
0.853
1.169
1.026
0.838
0.912
1.109
0.953
1.350
0.878
1.072
1.375
1.421
1.238
1.267
0.889
1.224
0.961
1.029
0.923
0.683
0.695
0.774
0.778
0.957
1.250
1.027
0.798
0.749
1.032
1.077
0.965
0.699
1.492
1.383
0.649
0.861
0.862
1.059
0.956
0.855
0.874
1.101
1.257
1.158
1.328
1.070
0.878
0.601
0.873
0.914
1.009
1.137
0.870
1.022
0.912
0.921
1.100
0.912
0.875
0.792
1.242
1.234
0.878
0.975
0.743
1.354
0.769
1.097
1.965
1.860
1.844
1.595
1.298
0.852
0.745
0.678
1.363
1.586
1.108
0.714
0.830
1.489
1.122
1.589
1.319
1.144
1.076
1.100
1.159
1.306
0.937
1.024
0.893
1.011
0.878
1.051
0.788
1.092
1.192
1.220
1.509
1.367
1.048
0.908
1.132
0.769
1.016
1.363
1.896
0.908
0.863
1.020
0.837
0.886
1.279
1.280
0.668
0.883
1.231
1.934
1.255
1.359
0.911
0.929
1.001
1.504
1.293
1.328
1.164
1.232
1.413
1.670
1.747
1.323
1.147
1.468
1.377
1.186
1.428
1.494
1.111
1.480
1.422
0.976
1.283
1.040
1.243
1.183
1.221
1.332
1.200
1.028
1.065
1.342
1.216
1.094
1.120
1.488
1.513
1.528
0.931
0.951
1.095
1.313
1.344
1.456
1.531
1.353
1.182
1.080
0.871
1.066
1.521
1.816
1.202
1.091
1.669
1.499
1.216
1.084
1.741
1.445
1.169
1.297
1.155
1.169
1.362
1.279
0.893
1.437
1.030
0.835
1.477
0.991
1.674
1.076
1.164
0.930
1.312
1.438
0.880
1.181
1.250
0.780
1.174
0.855
0.819
1.251
0.825
1.429
1.213
0.628
1.299
1.419
1.213
1.412
1.169
1.373
1.121
1.130
1.357
0.682
0.477
0.827
1.414
1.128
1.534
1.306
0.969
1.051
0.926
1.409
1.128
1.040
1.634
1.018
0.920
0.894
1.195
1.219
1.209
0.865
1.048
1.817
0.867
0.821
0.894
0.853
1.071
1.062
0.859
0.637
0.731
0.637
1.195
0.653
1.046
1.588
1.049
1.083
0.981
0.797
0.805
1.013
1.193
1.201
0.967
1.036
1.477
1.646
1.661
1.374
1.113
0.787
1.462
1.090
0.938
1.312
1.121
0.888
1.102
1.167
0.956
1.574
1.257
0.921
0.993
0.938
1.110
0.984
1.025
1.010
1.065
0.839
0.814
0.538
0.726
1.037
1.165
1.199
1.294
0.840
0.527
1.092
0.986
0.943
0.916
0.448
0.523
0.782
0.798
0.601
0.842
1.055
1.065
0.789
0.561
1.076
0.790
0.999
0.967
1.146
1.417
1.263
1.109
1.097
0.772
0.914
0.747
1.062
1.181
1.034
0.724
0.679
0.873
0.766
0.615
0.634
1.257
0.847
0.726
0.722
0.796
0.654
0.784
0.808
0.872
0.850
0.728
0.703
0.716
0.971
0.862
0.731
0.501
1.150
1.137
0.906
0.868
0.828
0.612
0.842
0.934
1.143
1.170
1.175
0.764
0.685
0.962
1.171
0.691
0.683
0.925
0.687
0.984
0.881
0.949
0.343
0.795
0.746
0.791
0.683
0.937
0.948
0.701
0.771
0.945
1.054
0.950
0.632
1.092
1.136
0.717
1.236
1.171
1.200
0.664
0.840
0.823
0.867
0.799
1.085
1.165
1.220
0.877
0.815
1.588
1.027
0.943
0.654
0.979
1.141
0.959
0.889
0.734
0.438
0.755
0.820
1.030
1.025
1.020
1.199
0.980
0.747
0.760
0.952
0.669
0.900
0.785
1.134
1.773
1.290
0.708
1.013
0.821
1.180
1.309
1.725
1.717
1.625
1.613
1.159
1.184
1.218
1.137
1.082
0.923
1.393
0.873
1.151
0.989
1.233
0.999
1.188
0.636
1.167
1.083
0.999
0.863
1.053
1.030
1.105
1.150
1.216
1.127
1.121
1.553
1.181
1.098
1.231
0.663
0.969
1.050
1.732
1.451
1.393
1.306
1.151
1.271
1.095
1.153
1.444
1.280
1.311
0.777
0.923
1.059
1.146
1.342
1.287
1.330
1.727
1.415
1.291
1.203
1.345
1.345
1.170
1.204
1.002
0.941
0.948
0.991
1.316
1.729
1.171
1.352
1.277
1.185
1.314
0.969
1.030
1.356
1.426
1.373
1.591
0.810
1.300
1.307
1.442
1.304
1.573
1.344
1.427
1.036
1.048
1.183
1.393
1.675
1.415
1.292
1.370
1.016
0.995
1.174
1.330
1.231
1.426
1.135
1.301
1.501
1.228
1.597
1.315
1.065
1.551
1.462
1.172
1.268
1.019
1.010
1.269
1.503
0.765
1.107
1.257
1.441
0.897
1.444
0.873
1.423
1.093
0.954
1.077
1.302
0.812
0.788
0.906
0.801
0.732
1.057
1.243
1.127
1.439
1.585
1.293
1.326
1.224
0.977
0.786
0.883
0.964
1.068
1.104
1.012
1.433
1.344
1.433
0.964
0.821
1.215
1.381
1.052
1.177
1.357
1.447
0.928
1.124
1.170
1.402
1.107
0.974
0.986
1.335
1.126
1.319
1.666
1.504
1.160
0.630
0.778
0.997
1.053
1.272
0.656
0.712
0.794
0.853
0.933
0.873
0.884
0.527
0.728
0.868
0.793
1.170
1.039
1.264
1.488
1.199
1.329
1.107
1.728
1.509
1.499
1.257
1.234
1.491
1.161
1.055
1.093
1.152
0.883
1.514
0.868
0.830
0.861
1.026
1.827
1.098
1.210
1.175
1.253
1.020
1.199
0.941
0.980
0.884
0.573
0.715
0.847
1.001
0.982
0.862
0.762
0.664
0.947
0.626
0.879
0.650
0.968
1.074
0.916
0.672
0.468
0.678
0.991
0.808
0.784
1.196
0.956
0.702
1.526
1.306
1.192
0.918
0.922
0.855
1.094
0.905
0.954
1.165
0.767
0.730
0.726
0.569
0.848
0.770
0.644
0.643
0.684
0.522
0.708
0.780
0.692
0.889
1.224
1.081
0.770
0.923
1.234
0.839
1.286
0.992
1.065
1.353
0.716
0.959
0.994
1.177
0.740
0.952
0.909
0.651
0.692
0.707
1.065
0.964
0.499
0.859
1.675
1.485
1.886
1.398
0.839
1.003
0.948
1.271
0.888
1.117
1.437
0.879
1.217
0.978
1.071
0.707
0.775
0.753
0.911
0.538
1.015
0.959
0.914
0.749
0.575
1.532
1.728
1.363
0.709
0.989
0.737
0.966
0.746
1.021
0.648
0.865
1.073
0.950
1.120
0.833
1.315
1.242
0.987
0.638
0.886
0.767
0.886
0.725
1.074
0.912
0.775
0.850
0.671
0.973
0.500
0.929
0.613
0.780
0.776
1.040
0.960
0.838
0.820
0.806
0.825
0.737
1.219
1.221
0.865
0.898
1.108
1.252
1.034
0.984
1.033
1.116
0.996
1.061
0.799
0.924
1.257
0.980
0.701
1.070
1.038
1.222
1.211
1.042
1.193
1.140
0.784
1.521
2.068
1.468
0.646
0.657
1.346
1.551
1.247
1.038
0.939
0.712
1.051
1.173
1.312
1.265
1.631
1.196
0.918
0.894
1.239
1.326
1.055
1.228
0.597
1.242
1.332
1.139
1.256
1.213
1.387
2.108
1.284
0.839
0.776
1.128
1.292
1.424
1.356
1.036
0.709
1.032
1.047
0.978
1.012
1.003
1.236
2.262
1.587
1.962
1.795
1.448
0.815
1.193
0.996
1.127
0.985
0.777
1.666
1.129
1.064
0.988
2.330
2.050
0.853
0.940
1.162
1.070
1.247
0.985
1.548
1.150
1.403
1.077
0.625
1.293
1.450
1.237
1.243
1.419
1.086
1.354
0.832
0.962
1.284
1.180
1.081
0.952
0.835
0.783
1.017
1.342
1.111
0.894
2.262
1.607
1.255
1.462
1.220
1.139
1.347
1.027
1.091
1.547
1.575
0.866
1.619
1.403
1.495
1.052
1.684
1.399
1.251
0.977
0.961
2.358
1.309
1.115
1.299
0.918
1.304
1.329
1.167
0.894
1.339
0.986
0.874
0.694
0.856
1.318
1.673
1.551
1.215
0.723
1.347
1.247
0.798
1.399
1.351
0.993
0.923
1.470
1.626
1.400
0.654
1.304
1.694
1.115
1.289
1.053
0.939
1.230
1.378
1.537
1.101
0.900
0.849
0.508
0.878
0.550
1.216
1.185
0.951
0.962
0.820
1.406
1.022
0.912
0.847
0.701
1.654
1.368
1.019
1.133
0.814
0.687
1.212
1.207
1.092
0.943
1.056
0.867
0.868
1.279
1.072
0.975
0.996
0.848
1.424
1.220
1.477
1.185
1.305
1.285
1.143
1.312
1.245
1.049
1.116
1.138
1.447
1.207
1.370
1.289
1.217
1.324
1.063
1.172
1.249
1.465
0.621
1.065
0.537
0.684
0.822
0.754
0.707
1.085
1.377
1.122
0.943
1.103
0.978
1.178
0.365
0.784
1.571
1.684
1.046
1.287
1.103
1.257
0.831
0.849
1.165
0.872
1.130
1.308
0.847
1.118
0.905
1.495
0.832
0.707
0.686
0.761
0.723
0.983
0.852
0.875
1.129
1.073
0.992
0.863
0.859
1.139
0.812
0.829
0.682
0.774
0.866
0.966
1.227
1.630
1.033
0.976
0.821
0.640
0.775
0.780
0.575
0.427
0.913
1.110
0.755
0.884
0.772
0.703
0.724
1.143
1.117
1.133
0.686
0.610
0.599
0.673
0.726
1.002
0.627
0.719
0.944
1.025
0.905
0.771
0.703
0.582
0.912
1.100
0.766
0.991
2.057
1.923
1.706
1.303
0.962
0.812
0.970
0.924
0.864
1.064
1.952
1.333
0.977
1.329
1.765
1.499
1.189
1.161
0.782
0.575
0.632
1.301
1.511
1.438
0.895
0.846
1.039
0.562
1.069
1.525
0.978
0.863
0.882
0.817
0.776
0.914
0.676
0.918
1.192
1.951
0.883
0.795
0.794
1.101
0.997
1.107
1.057
0.876
0.689
0.673
1.049
1.059
1.112
0.774
0.952
1.034
0.939
1.007
1.107
0.884
1.075
1.060
1.371
1.278
1.204
1.066
1.253
1.190
0.779
1.132
1.070
0.506
0.729
1.303
1.366
1.236
0.901
0.794
0.988
1.320
0.889
1.062
0.942
0.969
1.007
0.817
1.309
1.752
0.830
1.180
1.428
1.187
0.907
1.528
1.698
2.042
1.429
1.139
0.914
1.350
1.059
1.330
0.867
1.024
1.381
1.031
1.290
1.241
1.076
1.386
0.705
1.001
1.144
1.276
1.129
1.081
0.979
1.107
1.115
1.229
0.856
1.047
0.564
1.357
1.172
1.258
1.116
1.350
1.520
1.509
1.790
1.912
0.968
1.060
1.162
1.270
1.203
1.209
1.285
1.013
1.409
1.253
1.421
1.296
1.421
1.450
1.592
1.197
1.288
0.782
0.963
0.847
1.332
1.104
1.102
1.729
1.296
1.452
1.082
0.883
0.633
1.115
1.152
1.323
1.275
1.450
1.305
1.071
1.142
1.316
0.890
1.634
1.407
1.568
1.856
1.030
1.162
1.096
0.984
0.861
0.716
0.920
0.585
1.066
0.642
0.831
1.564
0.951
1.022
1.347
1.400
0.941
1.115
0.917
0.879
0.929
0.879
1.156
0.834
0.696
0.848
1.075
1.136
1.088
0.705
1.006
1.307
1.481
1.441
0.971
1.093
1.069
0.669
0.728
0.931
1.103
1.569
1.042
1.344
0.676
0.724
0.898
0.857
1.239
1.293
0.960
1.203
1.153
0.850
0.783
0.690
1.202
0.964
1.229
1.409
0.846
0.761
0.709
1.191
1.042
0.883
1.174
1.152
0.761
0.705
1.122
1.068
1.053
1.011
0.998
1.068
0.859
1.066
1.114
1.611
1.937
1.187
1.460
1.256
1.003
0.865
1.270
1.045
1.159
1.535
1.461
1.097
1.038
0.818
1.369
1.396
0.631
0.935
2.058
1.349
1.676
0.967
0.751
0.987
0.983
0.982
1.099
1.241
0.923
0.754
1.442
0.848
0.982
1.110
1.632
1.118
0.986
0.976
1.147
0.805
0.905
0.878
1.269
0.888
0.830
0.991
0.714
1.371
1.408
1.228
1.282
1.218
1.745
1.297
1.410
1.295
0.998
1.245
1.065
0.708
0.970
1.000
0.838
0.629
0.787
1.165
0.840
1.026
1.165
1.039
0.920
0.998
0.785
0.903
0.896
0.882
0.951
0.824
0.862
0.991
1.069
0.786
0.629
0.668
0.701
0.821
0.893
0.666
1.282
1.109
0.939
0.953
0.840
0.949
0.707
0.742
0.731
0.964
0.801
0.713
0.572
1.585
1.394
0.964
0.945
1.877
1.624
1.344
0.605
1.228
1.191
0.901
0.854
1.330
1.507
0.881
0.842
0.382
0.866
1.160
1.222
0.786
0.990
1.182
1.336
1.167
0.775
0.770
1.543
1.552
1.318
0.859
0.666
0.857
0.795
1.000
1.488
0.886
0.766
0.796
0.657
1.261
1.410
0.967
0.515
1.255
0.896
1.197
0.700
1.215
1.178
0.979
1.119
0.969
1.196
1.389
0.993
1.147
1.583
1.225
0.864
0.951
0.981
0.886
0.872
0.595
0.986
1.258
1.304
1.208
1.161
0.757
2.036
2.340
1.508
1.602
1.455
1.264
1.218
0.661
1.141
1.115
1.219
1.079
1.547
2.570
1.255
0.720
1.016
0.700
1.323
1.323
1.977
1.440
0.970
0.974
0.441
0.865
1.246
1.190
1.360
1.165
1.257
1.233
1.575
1.974
2.750
1.866
1.579
0.797
0.818
1.312
1.167
0.896
1.334
1.520
1.146
1.404
1.331
1.343
0.819
1.251
1.501
1.001
1.326
1.635
1.591
1.185
1.233
0.943
1.744
0.979
0.989
1.145
0.824
1.182
1.243
1.197
1.336
1.563
1.342
1.734
1.416
1.107
1.140
1.380
1.484
0.851
1.179
1.101
1.356
1.384
1.587
1.448
2.099
1.861
1.152
1.545
1.277
1.206
1.068
1.466
1.418
1.365
1.028
1.325
1.457
1.342
1.135
0.959
1.479
1.495
1.032
0.865
1.146
1.286
1.164
1.725
1.386
1.144
1.169
1.179
1.448
1.225
1.012
0.677
1.400
1.437
1.027
1.200
1.541
1.162
1.492
0.734
1.262
0.840
1.179
1.084
1.236
1.217
1.097
1.046
0.986
1.043
0.933
0.880
1.044
0.771
0.705
0.799
1.168
1.245
1.720
1.628
1.524
1.025
1.181
1.618
1.751
1.273
1.457
1.012
1.173
1.459
1.371
1.766
1.421
1.143
0.477
0.705
0.958
1.264
1.007
0.973
1.470
1.356
1.048
1.137
1.146
1.184
1.009
0.956
1.288
0.959
1.228
1.492
1.323
1.610
1.086
1.291
1.425
1.433
1.788
1.393
1.252
0.776
0.785
1.203
1.637
1.978
1.719
1.385
1.263
0.992
0.662
0.950
0.961
1.120
0.934
1.062
1.270
0.718
0.669
0.874
1.214
0.837
0.778
1.499
0.816
0.650
0.814
1.131
0.751
0.959
0.785
1.059
1.322
0.959
0.772
1.459
1.263
1.112
1.352
0.971
0.870
0.742
0.863
0.856
0.846
0.840
1.084
0.880
0.967
1.147
1.023
1.307
0.870
1.037
1.001
0.523
0.749
0.831
0.856
0.649
0.836
0.735
1.037
1.146
1.003
0.725
1.012
1.114
0.883
0.762
0.847
0.934
0.978
0.666
0.801
0.727
0.537
0.615
1.055
0.836
0.948
0.829
0.995
0.882
0.975
1.053
1.036
1.011
0.747
0.601
0.856
0.900
0.729
0.708
0.825
1.084
0.782
0.935
0.761
0.737
0.840
0.855
0.882
1.987
1.448
1.021
0.864
1.088
1.036
1.115
0.752
1.011
0.695
1.401
1.079
0.811
0.896
1.428
1.802
1.898
1.595
1.049
1.231
1.681
2.200
1.920
1.883
1.712
1.570
1.681
1.550
1.060
0.627
0.688
1.105
1.259
1.157
1.233
0.963
1.792
1.324
1.110
0.856
0.764
1.034
1.011
0.813
0.714
0.926
0.877
0.663
0.899
0.687
0.837
0.650
0.661
1.031
1.025
1.106
1.201
0.970
1.060
0.995
1.370
1.201
0.763
1.130
1.098
0.731
0.801
0.793
0.909
1.207
0.804
0.662
1.309
1.253
1.208
0.878
1.386
1.516
1.245
1.556
0.951
1.408
1.216
0.985
0.958
1.417
0.997
1.254
1.055
1.426
1.560
1.327
1.319
0.805
0.617
1.012
1.334
1.201
1.099
1.572
1.360
1.373
0.800
1.486
1.892
2.024
1.395
1.299
0.978
1.158
0.908
1.415
0.947
0.907
1.287
0.999
1.403
1.400
1.093
1.652
1.281
1.257
1.362
1.584
1.451
1.055
1.413
1.021
0.853
1.017
1.217
1.564
1.463
1.313
0.986
1.146
1.542
1.247
1.437
1.111
1.236
2.461
1.295
0.944
1.278
1.220
1.323
0.832
1.198
1.188
1.078
1.328
1.024
0.848
0.875
1.120
1.662
1.522
1.381
1.216
1.406
1.248
0.978
1.399
1.489
1.430
1.061
1.378
0.626
1.370
1.353
1.270
1.302
0.927
1.208
0.949
0.897
0.725
1.123
1.289
1.733
0.963
0.940
0.877
1.038
1.047
1.163
1.437
1.074
1.456
1.558
1.006
1.479
1.587
1.086
1.175
1.336
1.341
1.635
1.026
1.653
0.776
0.988
1.306
1.014
1.857
0.895
0.959
0.902
1.308
1.209
0.810
1.189
1.214
1.300
1.117
1.308
1.127
1.269
1.350
1.456
0.898
1.158
0.740
0.933
1.289
0.958
0.761
1.256
1.099
1.039
1.111
0.861
0.399
0.975
0.929
0.746
0.866
1.030
0.962
1.367
1.384
1.689
0.979
0.872
1.111
0.808
0.571
1.127
1.034
1.129
1.481
1.514
0.891
0.744
0.764
0.861
1.081
0.901
1.114
0.833
0.697
1.274
1.173
1.483
1.217
0.720
0.893
1.044
1.214
0.900
1.217
1.078
0.898
0.850
0.975
0.852
1.506
1.197
0.687
1.213
0.977
1.324
1.026
1.273
0.926
1.385
1.136
1.288
1.292
1.507
0.868
1.363
1.039
1.113
1.681
1.488
1.290
0.857
1.083
0.787
0.510
0.850
1.317
1.689
1.421
0.889
1.040
0.780
0.661
1.507
1.210
0.603
1.119
1.072
0.998
0.835
1.150
1.036
0.685
1.102
1.150
0.842
0.806
0.791
0.991
1.379
0.926
1.080
0.837
0.776
1.177
1.175
0.852
0.932
1.039
1.542
1.046
1.198
0.914
0.823
1.027
1.053
0.750
0.999
0.727
0.727
0.905
0.615
0.994
1.069
1.038
1.069
0.620
0.981
0.780
0.599
0.729
1.046
1.256
0.966
1.338
1.373
0.712
0.826
0.940
0.989
0.905
0.707
0.928
0.991
0.750
0.652
0.939
0.752
1.361
1.957
1.209
1.158
0.773
0.695
0.830
0.722
0.707
0.833
0.682
1.430
2.386
1.669
1.001
1.017
1.188
1.104
1.031
1.067
0.929
0.612
0.938
1.099
0.808
0.724
0.802
2.501
1.095
0.816
0.765
0.972
1.432
2.123
1.475
0.898
1.070
1.083
1.407
0.941
0.898
1.096
1.070
0.817
0.917
0.874
1.121
1.213
1.064
1.330
1.129
1.161
1.125
1.135
1.168
1.087
0.925
1.011
1.052
1.155
0.863
1.234
1.242
1.446
1.453
1.203
1.042
0.808
1.291
1.227
1.009
1.119
1.057
0.932
1.021
0.986
0.799
0.948
1.323
1.096
1.119
1.222
1.052
0.999
1.055
1.196
1.241
1.181
1.400
1.084
2.865
1.175
1.615
1.839
1.113
1.082
0.896
1.247
0.906
0.957
1.107
0.709
0.881
0.986
0.994
1.092
1.041
1.228
1.183
1.216
1.245
1.125
1.719
1.688
1.383
1.833
1.564
1.031
1.203
1.344
1.581
1.885
1.180
1.198
1.128
1.416
1.451
1.314
0.807
0.912
1.338
1.409
1.108
0.937
1.035
1.175
1.412
0.938
1.257
0.803
1.769
1.241
1.381
1.138
1.302
1.200
1.208
1.226
1.299
1.308
1.313
1.705
1.084
1.338
0.997
1.261
1.637
1.911
1.435
1.319
1.842
1.365
1.321
1.221
0.994
0.696
1.209
1.563
1.395
1.013
1.181
1.093
1.181
0.989
0.926
0.872
0.672
1.036
0.943
0.986
1.051
0.971
1.134
0.906
1.044
0.988
0.852
1.610
1.765
1.736
1.444
0.962
1.529
1.170
1.201
0.892
1.243
1.673
1.381
0.901
0.799
0.880
1.318
1.700
0.760
0.906
1.434
0.858
1.071
0.810
1.221
1.581
1.232
0.901
1.361
1.629
1.314
0.889
0.850
0.777
0.966
1.154
1.038
0.913
1.702
1.401
1.419
1.093
1.114
0.646
0.831
0.734
0.941
0.924
0.779
0.862
0.929
0.579
1.279
1.212
1.113
0.790
1.204
0.946
0.832
0.964
0.719
1.408
1.096
1.081
0.790
0.967
1.070
0.906
0.883
1.094
1.124
1.160
1.193
0.538
0.605
0.945
0.844
0.854
0.974
0.873
1.145
0.979
0.685
0.700
0.908
0.952
0.644
0.797
1.461
0.902
1.029
1.051
0.729
1.131
1.022
0.830
1.425
1.578
1.004
0.945
1.227
0.878
0.852
1.025
0.870
1.459
0.844
1.106
1.012
0.869
0.845
0.888
1.463
1.471
1.302
0.824
1.272
1.184
1.059
1.320
0.898
0.871
1.132
1.026
1.435
0.724
0.679
0.799
0.971
1.169
0.623
0.729
0.720
0.829
0.945
0.595
1.059
1.169
1.170
0.885
0.669
0.977
0.869
0.812
0.816
0.875
0.586
0.568
0.758
1.069
1.009
0.936
1.038
0.950
0.844
1.034
1.481
1.553
1.203
1.108
1.252
0.918
0.797
1.093
0.527
0.927
1.108
0.864
0.913
1.216
0.873
1.334
1.061
0.975
0.729
0.850
0.644
0.652
0.707
0.777
0.838
1.101
1.305
0.782
1.224
1.642
1.876
1.837
1.418
1.244
0.823
0.855
0.917
0.756
0.579
1.442
1.542
1.272
1.279
1.236
1.118
0.656
0.840
0.610
0.736
0.746
1.084
0.941
0.808
0.714
0.615
0.857
0.921
1.238
1.580
1.448
1.327
0.847
0.849
0.936
1.200
1.064
1.087
0.822
0.757
0.840
0.683
0.969
0.797
0.896
1.510
1.189
0.967
1.059
1.054
1.018
0.925
1.227
1.396
1.290
0.594
0.772
1.589
1.293
1.101
0.559
0.774
1.278
1.220
1.027
1.076
1.189
0.999
1.080
1.051
1.138
1.064
1.044
0.983
1.056
1.199
0.596
0.822
0.929
1.266
1.284
0.993
1.058
1.037
0.692
0.739
1.181
1.345
1.259
1.233
0.911
1.253
0.983
1.172
1.067
1.255
0.910
1.392
0.850
0.941
1.225
1.392
1.119
1.194
1.024
0.919
0.875
1.081
1.182
0.971
1.396
1.042
1.596
1.296
1.207
1.042
1.408
1.205
1.441
1.371
1.719
1.380
1.134
1.484
1.678
1.061
0.600
0.962
1.389
1.286
1.114
1.233
1.248
0.876
1.048
1.445
1.022
1.713
1.114
1.201
1.341
0.994
2.278
1.265
0.984
1.237
1.164
0.972
1.071
1.238
1.288
1.493
1.691
1.760
1.608
1.535
1.251
1.774
1.834
2.037
1.428
1.362
1.271
0.926
0.725
1.054
1.177
1.117
1.161
1.297
0.810
1.216
0.980
0.995
0.969
1.425
1.315
0.818
0.640
0.953
1.258
1.232
1.183
0.900
1.092
0.656
0.723
1.686
1.688
1.597
1.187
1.431
1.218
1.248
1.130
0.858
1.218
1.854
1.065
1.502
1.704
1.344
1.487
1.691
1.223
0.835
1.036
0.887
0.918
0.950
1.330
0.804
0.801
0.837
1.502
1.212
1.614
1.376
1.551
1.268
0.704
0.844
1.354
1.047
0.842
1.272
1.073
1.253
0.679
1.365
0.844
0.770
0.926
1.171
1.155
0.956
0.980
1.828
1.883
1.476
1.437
1.202
0.568
0.404
0.740
0.813
0.958
1.183
1.063
0.769
0.930
1.263
0.880
0.784
1.273
0.974
0.914
1.178
1.227
1.262
1.380
0.979
0.770
0.857
1.340
1.507
1.277
1.168
1.578
0.917
0.677
0.804
0.803
1.301
1.188
1.058
1.010
0.931
0.823
0.665
1.142
1.036
1.186
1.285
0.982
1.412
0.885
1.498
1.413
1.509
1.301
1.238
0.845
0.654
0.731
0.837
0.666
0.885
0.932
0.834
1.507
0.960
0.889
0.675
1.009
1.010
1.016
0.811
0.515
0.802
0.908
1.131
1.044
0.844
0.761
0.939
1.014
1.053
1.180
0.915
0.990
1.610
0.628
0.406
0.801
0.982
0.892
0.846
1.171
1.090
0.940
1.142
0.885
0.718
0.658
1.160
0.872
1.223
0.934
0.618
0.882
0.815
1.450
1.016
1.091
0.554
0.668
0.842
1.736
1.530
1.386
0.893
1.005
1.360
1.028
0.725
1.160
0.999
0.560
0.844
0.932
1.132
0.819
0.690
0.942
1.057
0.951
0.779
0.879
0.632
0.668
0.670
0.688
0.836
0.983
0.787
0.735
0.682
0.688
0.852
0.906
1.076
1.380
1.121
0.940
0.735
0.685
0.724
0.854
0.865
0.944
0.877
0.688
0.569
0.566
0.978
2.066
1.691
1.135
0.849
1.723
1.468
0.904
0.685
0.888
0.919
1.817
1.437
1.037
1.195
0.555
0.887
0.431
0.727
0.436
0.751
0.808
0.751
0.861
0.989
1.265
1.044
0.692
0.961
0.905
1.076
0.968
0.841
0.838
0.991
1.087
1.143
0.880
0.771
1.230
1.269
1.102
0.970
0.846
1.021
0.790
0.849
1.067
0.991
1.140
1.313
1.203
1.042
0.915
1.611
0.757
0.933
0.896
0.832
0.820
1.197
1.048
0.968
1.235
1.090
0.689
1.210
0.984
0.990
1.100
1.754
1.729
1.073
0.789
1.139
1.335
1.434
1.145
1.541
1.550
1.332
1.139
1.207
1.138
1.114
1.564
1.254
0.793
1.157
1.295
0.956
1.720
1.329
0.880
0.898
0.953
1.377
1.221
1.577
1.578
1.389
1.009
1.846
1.384
1.094
0.973
0.978
1.186
1.285
1.235
1.147
1.083
1.041
1.128
0.941
1.053
1.234
1.335
1.120
1.196
1.061
1.343
1.020
1.191
1.238
0.905
1.485
1.463
1.017
0.965
0.822
1.295
1.829
1.539
1.633
1.073
0.884
0.844
0.713
0.821
1.032
1.230
0.831
1.273
1.060
1.341
1.430
0.977
1.370
1.205
0.829
1.188
1.268
1.100
1.638
1.207
1.155
1.499
1.667
1.019
0.814
1.134
0.811
0.952
0.868
0.993
0.864
1.523
1.636
0.921
0.692
1.474
1.250
1.195
0.975
1.061
0.922
1.134
1.145
1.104
0.856
1.110
0.759
1.030
1.184
0.977
1.236
1.385
1.594
1.664
1.104
0.903
1.010
1.012
0.732
0.750
1.028
0.900
1.154
0.880
0.871
0.991
1.095
0.965
0.623
1.006
0.720
0.784
0.725
0.875
1.107
1.148
1.855
1.827
1.996
1.751
1.427
1.355
1.304
0.698
1.583
1.663
1.273
1.104
1.150
1.334
1.566
1.585
1.180
0.720
0.899
0.885
1.108
0.575
0.731
0.734
0.596
0.605
0.718
1.030
0.758
0.749
1.038
0.588
1.063
0.885
0.772
0.734
0.842
0.410
0.739
1.339
1.098
0.750
0.926
1.053
0.830
1.002
1.094
1.168
0.981
0.630
0.856
0.695
0.943
1.023
1.353
0.780
0.688
1.007
1.218
0.703
1.093
1.409
0.927
1.076
0.717
0.894
0.871
0.850
1.374
0.940
0.854
0.850
1.018
0.940
1.025
0.833
0.945
0.768
0.960
0.741
0.636
1.181
1.377
1.381
1.052
0.869
0.922
0.835
1.017
0.889
0.968
0.515
1.094
0.817
0.845
1.150
1.791
2.130
1.619
1.771
1.791
1.735
1.263
1.142
1.380
0.923
1.160
0.897
0.893
0.920
0.676
0.572
1.160
1.075
0.806
1.198
0.940
0.822
0.748
0.847
0.649
1.277
1.453
0.791
1.081
0.711
0.898
0.787
0.730
0.839
1.593
2.089
1.731
1.632
1.360
0.816
0.690
0.779
1.034
1.050
0.994
0.822
0.953
0.601
1.311
1.075
1.208
1.577
1.609
1.479
0.906
0.917
1.681
2.007
1.299
1.070
0.944
1.262
1.617
0.850
0.871
1.294
1.219
1.194
1.231
1.091
0.966
1.288
0.723
1.292
0.939
1.307
1.087
0.825
1.254
0.879
0.904
1.076
0.827
0.841
1.246
1.715
1.033
1.079
0.773
0.958
0.768
1.027
1.264
1.092
1.108
1.015
1.451
0.947
1.394
1.099
0.948
1.988
2.490
2.099
0.927
0.744
1.160
1.300
1.004
1.568
0.708
1.190
1.006
1.542
0.870
0.768
1.218
1.110
0.668
1.253
1.836
2.157
2.118
1.594
0.861
0.829
0.784
1.106
1.333
0.874
1.327
1.637
1.328
1.063
0.567
0.781
0.980
1.256
1.597
1.165
1.131
1.179
1.074
0.733
1.166
1.320
1.326
1.296
0.722
1.053
1.266
1.080
0.907
1.574
1.772
1.682
1.441
1.011
1.445
0.905
0.917
1.166
1.557
0.950
1.215
1.085
1.135
1.262
1.384
1.693
1.349
0.903
1.352
1.370
1.390
1.510
1.829
1.558
1.536
1.426
1.252
2.538
1.446
0.991
1.217
1.437
1.473
1.444
1.618
1.194
1.106
1.227
1.493
1.227
0.770
1.196
0.935
1.160
1.094
1.721
1.389
0.948
1.202
0.791
1.276
1.217
1.379
1.622
0.955
0.786
2.089
1.998
1.204
1.260
1.274
1.279
1.064
1.171
1.093
0.791
2.051
1.203
1.295
1.221
0.997
1.364
0.776
1.126
1.452
0.929
1.448
1.313
1.558
1.510
0.897
0.675
1.146
1.064
1.085
0.870
0.866
0.759
0.793
1.071
1.199
1.210
1.770
1.540
1.155
1.384
1.640
1.728
1.967
2.048
1.149
1.147
1.637
1.408
0.911
1.106
1.073
0.908
1.270
1.046
0.803
0.891
1.205
1.016
1.375
1.510
1.894
1.539
0.987
0.993
1.388
1.300
0.767
1.040
0.788
0.650
1.165
1.429
1.809
0.845
0.889
0.984
1.142
1.402
0.784
1.236
1.860
0.938
0.773
0.625
0.969
0.667
0.907
0.907
0.719
1.081
0.708
0.793
0.955
0.977
1.131
1.474
1.094
1.300
0.883
0.814
0.957
0.930
0.991
0.881
0.823
1.019
1.463
1.172
1.072
0.756
0.779
1.086
1.661
1.026
1.271
0.850
1.085
0.992
0.788
1.022
0.973
0.727
0.711
0.784
0.882
1.224
1.226
1.002
1.248
1.361
0.742
1.223
0.875
0.819
0.803
0.678
0.972
1.253
0.925
1.170
0.979
0.929
0.894
0.820
0.727
1.075
1.206
0.973
0.724
0.658
0.462
0.848
1.112
1.053
0.694
0.912
0.854
0.907
1.235
1.891
1.250
0.958
1.128
1.019
0.864
0.823
0.857
1.191
1.191
1.235
1.064
0.841
0.751
0.943
0.712
0.877
1.372
1.221
0.803
0.812
0.749
0.737
2.255
1.210
1.242
1.174
1.043
1.303
1.089
0.882
0.821
0.884
1.094
0.913
1.092
1.570
1.391
1.253
1.234
1.094
0.794
0.805
1.026
0.810
0.880
0.750
1.182
1.725
1.560
1.699
1.382
1.162
1.427
1.134
0.865
1.217
1.223
0.781
1.150
1.261
1.105
0.774
1.149
0.766
1.165
1.289
0.999
1.189
1.109
0.816
1.001
1.038
1.014
0.958
0.863
0.943
0.844
1.112
1.622
0.943
0.697
0.947
1.303
1.061
1.375
1.048
1.061
0.886
1.242
1.225
1.004
1.015
0.955
1.200
1.039
1.263
1.173
1.148
0.756
0.990
1.010
1.041
1.031
1.260
1.648
1.244
0.824
0.891
1.191
1.358
1.266
1.450
0.991
0.888
0.597
1.025
1.914
0.884
0.813
1.038
0.770
1.046
1.134
1.416
1.459
1.259
1.040
1.487
1.302
1.153
1.005
1.410
1.037
2.187
1.623
1.554
1.192
0.682
1.079
1.502
1.280
1.283
1.082
1.100
1.537
1.149
1.333
1.152
1.138
1.232
1.175
1.309
0.863
0.844
1.249
1.320
0.977
0.977
0.845
1.047
0.911
0.855
1.076
0.843
1.004
1.073
0.868
1.650
1.646
0.913
1.074
0.987
0.954
0.845
1.087
0.949
0.871
1.009
0.884
0.691
0.718
0.842
1.044
1.195
1.444
1.159
1.002
1.161
1.060
1.091
1.168
0.864
0.859
0.931
1.170
0.904
1.336
0.766
0.976
1.206
1.221
0.652
1.064
1.311
1.147
1.169
1.053
1.074
0.812
0.863
0.869
1.104
1.249
1.634
1.418
1.097
1.027
1.040
1.397
0.995
0.586
1.192
1.031
0.832
0.979
1.273
0.621
0.913
1.321
1.604
0.991
0.834
0.830
1.375
0.956
0.776
1.359
0.769
0.832
0.899
0.727
0.935
0.806
0.835
1.009
0.853
1.304
1.129
0.706
1.081
1.039
1.122
0.975
0.920
1.091
1.405
1.239
1.245
1.516
1.273
0.904
1.113
0.966
1.001
1.178
1.121
1.097
0.964
0.996
1.207
1.295
1.118
1.330
1.271
1.544
1.696
1.582
0.792
0.870
0.913
0.959
1.130
1.106
1.303
1.038
1.119
1.158
1.298
1.087
0.958
0.964
0.717
0.934
1.139
1.564
1.478
1.503
0.747
0.778
1.256
0.949
0.878
0.938
1.094
1.179
1.052
1.046
0.779
1.009
1.214
0.970
1.166
0.773
0.760
0.900
0.675
1.116
1.125
1.347
0.980
1.420
1.465
1.784
1.024
1.175
1.224
0.549
1.014
0.858
0.768
0.881
0.883
0.935
1.462
1.427
1.083
1.011
1.010
1.061
1.015
0.931
1.310
0.800
0.807
0.944
0.826
0.896
0.981
1.283
1.036
0.717
0.803
0.983
1.306
0.952
0.976
1.405
0.957
0.901
1.033
0.784
0.630
0.832
0.938
0.707
0.632
0.949
1.207
0.905
0.862
0.990
1.024
0.717
0.708
1.203
1.132
0.855
0.717
0.746
1.180
0.881
0.753
1.115
0.950
0.944
0.650
1.631
1.936
1.376
1.014
1.152
1.201
1.234
1.479
1.590
1.270
0.874
1.230
0.968
1.335
0.909
0.699
0.711
0.813
0.794
0.665
0.564
0.522
0.745
0.604
0.613
0.679
0.793
0.731
0.612
0.594
0.806
1.211
0.867
1.096
0.912
1.079
0.849
0.930
1.515
1.592
1.443
0.872
0.865
1.139
0.984
0.964
1.012
1.096
1.040
1.223
0.825
1.026
1.026
0.678
1.157
1.048
1.068
1.102
1.061
1.075
1.053
0.933
0.844
1.117
0.761
0.807
1.071
0.784
1.051
1.391
1.114
0.822
0.913
1.069
1.141
0.788
1.079
1.053
1.950
2.091
1.502
1.030
0.650
0.822
1.251
1.077
0.729
0.997
1.021
0.875
1.302
1.095
1.339
1.303
0.815
0.943
1.081
1.327
1.245
0.720
0.832
1.185
1.010
1.198
1.342
1.000
1.211
1.260
1.024
1.250
0.962
0.843
0.847
1.022
1.113
1.348
0.962
1.587
1.574
1.664
1.899
1.614
0.976
0.831
1.074
1.319
1.117
1.185
0.846
0.998
1.399
1.258
0.856
1.232
1.134
1.222
1.522
1.294
1.192
1.377
1.111
1.329
1.582
1.367
1.160
1.028
1.256
1.055
1.013
1.986
1.498
0.906
0.892
1.130
1.250
0.891
1.289
1.132
1.062
0.759
1.152
1.115
1.051
1.030
1.706
1.726
1.329
1.331
0.715
0.932
0.958
0.814
0.776
0.913
1.020
1.310
1.018
0.953
0.975
1.107
0.829
0.977
0.795
1.154
1.424
1.395
1.127
1.157
0.989
0.892
0.926
0.926
1.197
1.586
1.718
1.356
1.161
1.381
1.260
0.953
0.453
0.773
1.063
0.967
0.942
1.044
0.900
0.774
0.930
0.603
0.884
1.282
2.155
1.075
0.690
0.581
0.826
1.183
0.693
0.864
0.768
0.840
1.123
0.952
1.408
1.328
1.448
1.129
1.238
1.126
1.169
0.837
0.728
0.904
1.113
1.092
1.094
1.242
1.107
1.100
0.900
1.076
0.735
0.945
0.653
0.974
0.873
0.915
1.064
0.786
1.157
0.865
0.814
0.650
0.956
0.985
0.641
1.150
1.149
1.066
1.421
1.138
0.719
0.695
0.938
0.814
1.392
1.055
0.981
1.493
1.445
1.062
0.710
0.706
1.175
1.149
1.208
1.162
0.959
1.044
1.097
0.938
1.050
1.186
1.176
1.094
1.221
1.490
0.838
1.336
1.040
0.651
0.535
1.136
1.198
0.819
1.128
0.886
1.060
1.038
1.113
0.914
0.710
0.566
0.888
1.035
1.102
0.661
0.756
0.787
1.044
1.172
0.854
0.932
0.967
0.813
0.887
1.222
0.758
0.629
1.064
1.176
0.903
0.630
1.122
0.703
0.754
1.243
1.211
0.968
0.951
1.381
1.050
1.036
0.841
0.729
0.973
0.887
0.735
0.657
0.853
0.911
0.808
0.717
0.793
0.715
1.140
0.816
0.596
1.056
1.598
1.509
1.284
1.575
1.621
1.291
1.341
1.577
1.763
1.460
1.117
0.944
0.913
0.871
0.939
0.852
0.788
1.104
0.718
0.907
0.985
1.068
1.194
1.237
0.904
1.046
0.761
0.597
1.009
0.612
0.547
0.884
1.478
1.159
0.878
1.173
0.936
0.884
1.093
0.521
1.240
0.954
0.956
0.882
0.806
0.738
0.988
0.474
0.860
0.993
0.957
1.103
0.826
1.318
1.145
1.171
1.037
1.026
1.237
1.114
0.924
0.659
1.102
0.940
0.922
0.813
0.897
0.910
1.064
1.009
0.908
0.784
0.501
0.747
1.150
0.942
0.675
1.025
1.108
0.726
0.676
0.635
0.761
0.845
1.027
0.981
1.091
0.858
1.007
1.019
0.900
1.108
1.116
1.239
1.025
1.017
0.929
1.116
1.075
1.092
2.234
1.880
1.322
0.903
0.997
0.958
1.301
1.170
1.110
1.078
1.109
1.236
1.212
0.920
1.170
1.159
1.159
1.645
1.538
0.949
1.010
1.677
1.973
1.210
1.188
1.228
0.936
1.304
1.080
1.375
1.097
0.723
1.019
1.569
2.569
1.934
1.426
1.018
1.250
1.236
1.187
1.049
1.216
0.937
1.012
0.902
1.218
1.145
1.435
0.946
0.892
0.843
1.101
1.103
1.063
1.298
1.513
1.328
1.333
1.333
1.309
1.290
1.633
1.706
1.079
1.086
1.142
1.376
1.406
1.393
1.407
0.753
0.958
1.064
1.134
0.802
1.050
1.208
1.184
0.757
0.844
0.794
1.380
0.884
0.798
0.916
1.213
1.363
1.321
1.136
1.000
0.956
1.172
1.015
0.940
0.742
0.935
0.907
1.165
0.911
0.971
0.803
1.001
1.446
1.028
1.474
1.208
1.076
1.174
0.920
1.136
0.989
0.948
0.975
0.762
0.921
0.818
1.124
1.404
1.134
1.044
1.109
1.260
1.252
1.127
1.103
1.142
1.182
1.346
1.099
1.203
1.348
1.393
1.122
1.230
1.395
1.291
1.267
0.893
1.212
1.021
1.320
1.481
1.258
1.210
1.467
1.289
1.234
1.095
0.985
1.040
1.014
0.745
0.933
0.843
1.037
1.250
1.444
1.224
1.597
1.664
1.572
1.202
0.801
0.788
0.844
1.161
0.709
0.887
1.106
0.846
0.690
0.723
1.101
0.955
0.936
0.881
0.954
0.980
0.828
1.095
1.247
1.326
0.981
1.218
0.904
0.623
1.055
0.843
0.907
0.790
0.882
0.961
0.813
0.591
0.716
1.005
0.631
0.551
1.062
0.796
0.809
0.804
0.970
0.876
0.907
1.039
1.087
0.892
0.647
0.876
0.712
0.515
0.910
0.694
1.056
0.983
0.766
0.863
1.050
1.124
1.658
1.119
0.719
0.788
0.775
1.077
1.483
0.928
1.367
1.500
0.810
1.341
1.063
0.966
1.072
0.618
0.645
0.833
0.927
0.684
0.763
1.168
1.116
0.784
0.657
0.883
0.833
1.217
1.245
0.695
0.609
0.917
0.907
0.943
1.207
0.806
0.969
1.027
1.118
1.071
0.816
1.037
0.999
1.732
1.300
0.952
0.807
0.808
0.929
0.984
0.858
0.745
0.869
1.603
1.307
1.051
0.665
0.816
0.676
1.116
1.209
0.835
0.852
0.961
0.867
0.677
0.668
1.037
1.110
0.951
0.975
0.751
0.787
0.842
0.725
0.848
0.500
0.655
0.782
0.781
0.870
1.022
0.558
1.492
0.825
0.977
1.308
1.303
0.863
0.749
0.760
0.669
0.913
0.956
0.848
1.048
1.058
1.359
1.270
0.865
0.689
0.797
0.909
0.732
0.686
1.263
1.125
1.443
1.546
1.815
1.464
1.021
1.049
0.968
0.877
1.144
1.014
1.109
1.115
1.945
1.253
0.507
0.804
0.997
1.031
0.877
0.927
0.847
1.233
1.035
1.225
1.135
0.807
1.020
0.878
0.919
1.178
1.164
0.854
1.769
1.165
1.262
1.062
1.218
0.991
1.354
0.854
0.912
1.483
1.073
1.074
0.981
