19790101
1.083
1.331
0.952
0.955
0.607
1.165
1.120
0.879
0.857
0.836
1.332
1.356
1.377
1.070
1.345
1.573
1.389
0.910
1.171
1.123
1.027
0.920
0.917
1.137
1.116
1.203
1.161
1.243
1.163
0.735
0.439
0.918
0.987
0.913
0.627
0.815
0.875
0.912
0.893
1.044
1.373
0.860
1.081
0.690
0.985
1.074
1.484
1.223
0.756
0.868
1.022
0.960
1.642
0.791
1.159
0.744
1.113
1.082
0.933
0.882
1.244
1.013
0.801
0.821
0.614
0.828
0.575
0.955
1.128
1.209
1.079
0.955
0.878
0.936
0.805
0.833
0.957
1.050
1.236
1.332
0.971
0.807
1.073
1.159
0.803
0.892
1.099
1.076
0.895
0.656
1.027
0.999
1.137
0.638
0.623
1.518
1.794
1.352
1.124
0.906
0.901
1.039
0.749
0.901
1.074
0.783
0.847
0.790
0.784
0.555
0.664
1.021
1.336
1.546
1.386
1.440
1.677
1.019
1.080
1.100
0.948
1.027
0.871
0.604
0.716
0.868
0.762
0.846
0.585
0.586
0.818
0.775
0.900
0.740
0.785
0.782
0.868
0.702
0.740
0.702
0.811
0.793
0.860
1.437
1.085
0.978
1.295
0.982
1.172
1.398
2.352
1.414
0.706
0.585
0.649
0.788
1.063
1.405
1.476
2.089
1.129
0.844
0.735
1.012
1.337
2.046
1.495
1.292
0.892
0.865
0.670
0.944
0.923
0.845
1.140
1.311
1.833
1.476
1.226
0.837
1.168
1.130
0.808
0.953
0.718
1.163
1.697
0.806
1.023
1.436
1.678
1.252
1.146
1.027
0.838
1.069
1.474
1.681
1.117
0.892
2.101
1.320
1.143
1.027
1.211
0.946
0.910
1.112
0.907
1.284
1.064
1.133
1.002
1.180
1.019
1.032
1.109
1.386
1.212
1.111
0.978
1.393
1.017
0.826
1.342
1.217
1.213
1.246
1.450
1.326
1.238
1.014
0.914
0.782
1.015
1.210
1.494
1.260
1.132
1.097
1.073
1.287
1.588
1.042
1.325
1.065
1.200
1.496
1.360
1.002
0.693
1.110
1.236
1.155
1.095
1.011
1.908
1.222
0.902
1.020
1.750
2.292
1.426
1.117
1.599
1.355
1.524
1.392
1.086
1.427
1.037
1.124
1.133
1.522
1.046
1.622
1.505
1.031
1.307
1.292
1.251
1.196
1.130
1.127
1.181
1.835
1.192
1.504
1.644
1.401
1.039
1.108
1.396
1.040
1.763
1.230
0.999
1.683
1.585
1.397
1.261
0.924
1.269
1.321
1.372
0.998
0.971
1.153
1.152
1.050
1.198
1.154
0.796
1.485
1.510
1.633
1.324
1.108
0.954
1.295
1.621
1.642
0.937
1.034
1.086
1.297
1.356
0.962
1.418
2.980
1.676
1.085
1.181
1.493
1.257
1.641
1.231
1.270
1.502
1.298
1.120
1.534
1.744
1.570
1.151
1.775
1.647
1.073
0.722
1.272
1.508
0.995
1.111
1.026
1.577
1.356
1.221
1.105
1.078
1.648
1.248
0.845
1.314
1.415
1.054
2.025
1.435
1.131
1.334
1.334
1.315
0.969
1.162
1.454
1.534
1.032
1.755
1.306
1.050
1.183
1.256
0.737
0.842
1.386
0.927
0.940
0.819
1.351
1.193
1.206
1.258
1.361
1.363
1.139
0.781
0.794
1.099
0.721
0.858
1.129
1.435
1.223
1.262
0.784
1.021
1.286
1.222
1.515
1.289
1.703
1.445
1.163
1.336
1.028
1.049
1.259
1.339
0.955
1.426
1.268
1.318
1.326
1.157
0.882
1.194
1.347
1.313
1.211
1.527
1.135
1.147
1.274
1.177
0.933
1.120
0.966
1.108
0.931
0.630
0.926
1.068
0.732
0.552
0.811
0.736
1.416
1.437
0.796
0.921
0.837
0.769
0.591
1.198
0.971
0.863
0.920
1.273
1.210
1.066
0.962
0.830
1.124
0.835
0.905
1.194
1.314
0.973
0.824
1.125
1.153
0.783
1.328
0.915
1.061
1.228
1.005
1.168
1.012
1.039
1.032
0.847
0.651
0.645
0.719
0.808
0.997
0.780
1.740
2.115
1.575
0.652
0.767
1.019
0.803
0.656
1.089
0.767
0.758
0.861
0.700
0.595
0.771
0.663
0.629
0.903
0.730
0.719
0.820
0.864
0.977
1.351
1.206
1.202
1.261
1.215
1.055
0.673
0.585
1.001
0.927
1.539
1.167
0.922
0.927
1.127
1.021
1.087
1.205
0.984
1.222
1.054
1.045
0.971
0.925
0.949
1.134
1.900
1.898
1.307
0.985
1.456
1.140
1.073
0.909
0.865
1.079
1.002
1.129
1.321
2.178
1.714
1.309
1.146
1.108
0.969
0.739
1.295
1.159
1.202
0.860
1.252
1.102
0.852
0.935
0.885
1.226
0.796
0.904
1.224
1.105
1.019
1.283
1.370
1.271
1.112
1.302
1.175
2.259
1.831
1.032
0.976
1.125
1.292
1.430
1.019
1.447
0.863
1.134
1.317
1.346
1.509
1.199
1.243
1.131
1.114
1.349
1.062
1.205
1.152
1.227
1.375
1.400
0.927
0.857
2.644
1.816
1.079
1.199
1.849
1.286
1.011
1.382
0.992
1.294
1.170
1.373
1.532
1.565
1.556
1.485
1.010
0.989
1.529
1.352
1.890
1.616
1.440
1.339
1.548
1.031
2.447
1.948
1.425
1.013
1.512
1.291
1.721
1.320
1.028
1.356
1.294
1.585
1.281
1.616
1.414
1.003
1.450
1.247
1.577
1.457
1.304
1.038
0.817
0.806
1.022
1.100
1.162
0.706
0.665
1.160
1.389
0.904
0.905
0.909
1.114
1.644
1.274
1.659
1.508
1.392
1.654
1.089
1.243
1.584
1.587
2.105
1.556
1.641
1.080
1.633
1.754
1.966
1.472
1.283
1.649
1.295
1.275
1.184
1.207
1.386
1.722
1.562
1.407
0.895
0.843
1.040
0.924
1.070
1.487
1.503
1.275
0.791
0.492
0.614
1.035
1.047
1.346
1.317
1.362
1.010
1.381
1.342
1.435
1.475
1.019
0.800
1.406
1.723
1.937
1.574
1.895
1.961
1.323
0.990
0.844
1.123
1.604
1.046
1.488
1.583
1.773
1.103
1.402
0.922
0.993
1.139
0.989
1.193
0.949
0.874
1.301
1.647
1.345
0.936
0.698
0.740
1.195
1.041
0.863
0.880
0.774
0.942
1.398
1.148
1.104
1.053
0.830
0.972
1.148
1.043
0.876
0.735
1.098
1.083
0.873
0.834
0.883
0.831
0.628
0.700
1.211
0.671
1.218
1.043
1.082
0.813
0.771
1.494
1.901
1.287
0.915
0.896
0.933
0.997
1.278
1.061
0.946
0.605
0.847
0.908
0.595
0.878
0.788
0.846
0.999
0.915
0.846
0.546
0.661
1.115
0.896
1.140
1.222
1.519
1.334
0.920
0.719
0.820
0.915
0.996
1.216
1.194
0.858
0.920
1.095
1.137
0.987
1.201
1.126
0.818
0.938
0.875
0.716
0.890
1.346
1.471
1.222
0.992
1.096
1.262
1.281
0.940
0.743
0.769
0.772
0.907
1.385
1.162
1.216
0.919
0.735
0.789
1.158
1.264
1.045
0.741
0.690
0.721
0.703
0.808
1.853
1.188
0.985
0.583
0.796
0.930
0.972
1.002
0.733
0.969
1.041
0.646
0.587
0.927
0.824
0.658
0.688
0.839
0.726
0.769
1.038
1.583
1.100
0.794
0.833
0.768
1.091
0.875
1.291
1.505
1.431
0.718
0.977
1.029
0.875
0.695
0.856
0.840
1.052
1.880
1.177
0.826
1.002
0.708
0.927
1.045
0.983
0.964
1.058
1.738
1.137
0.859
0.989
1.048
0.999
1.207
0.933
0.795
0.620
0.614
1.058
1.200
1.098
0.870
1.332
1.474
1.788
1.378
1.743
1.093
1.271
1.055
1.024
0.909
1.053
1.270
1.134
1.348
0.866
2.175
2.499
1.924
1.104
0.743
1.576
2.699
1.699
1.079
1.006
1.020
1.011
1.108
0.628
0.936
1.095
1.343
1.187
1.280
0.828
1.026
1.059
1.308
1.970
1.196
1.017
1.204
1.199
1.189
1.406
1.297
1.840
2.547
1.520
0.645
1.062
0.927
0.824
1.425
1.252
1.174
1.121
1.486
1.049
1.837
1.936
0.943
1.078
1.024
1.257
0.870
1.157
1.533
1.795
1.005
1.033
1.620
1.375
1.120
1.423
1.661
0.877
1.565
1.226
1.629
1.585
0.946
1.354
1.802
1.402
1.115
0.981
1.316
0.986
1.282
1.587
1.603
1.620
1.382
1.542
1.616
1.261
0.827
1.442
1.500
1.129
1.322
0.942
1.551
1.499
0.989
1.116
1.062
0.966
0.834
1.162
1.068
0.774
1.490
1.118
1.526
1.585
1.165
1.619
1.062
1.967
1.516
1.101
1.373
1.267
1.184
1.050
1.342
1.275
1.543
1.184
1.048
0.928
0.843
1.559
1.064
1.120
1.508
1.290
1.174
1.264
1.040
1.279
1.068
1.031
0.721
0.618
0.582
1.484
1.516
1.015
1.003
1.225
0.938
0.948
1.147
0.929
0.699
1.067
1.170
1.016
1.187
0.740
1.241
1.278
1.045
0.928
0.940
1.211
0.730
0.963
0.783
1.033
0.807
1.237
1.104
0.815
0.720
1.125
0.982
1.170
1.122
0.468
0.708
0.922
0.808
1.135
1.247
1.265
1.069
1.084
0.721
1.211
1.224
1.198
1.100
0.915
0.863
0.814
0.491
0.711
0.806
0.960
0.871
1.026
0.866
1.146
1.100
0.869
0.959
1.175
1.049
0.623
1.214
1.038
1.062
0.713
1.006
0.667
0.913
0.718
0.803
0.970
0.694
0.692
0.966
0.819
0.779
0.709
0.771
0.733
1.435
1.162
0.869
0.950
0.862
1.089
0.720
0.713
1.081
0.853
0.898
0.937
1.024
1.479
0.814
1.271
1.215
0.865
1.197
1.147
0.917
1.174
0.812
0.729
0.758
0.710
1.042
0.791
1.177
1.115
0.826
0.939
0.872
1.010
1.450
1.040
0.882
1.460
1.520
0.809
0.874
1.195
1.580
1.164
0.780
0.526
1.562
0.864
0.738
0.892
0.569
0.757
1.233
1.092
1.006
0.582
0.581
1.026
1.501
0.951
0.745
0.974
0.887
1.116
0.649
1.406
1.317
1.296
1.430
1.590
1.477
1.541
1.478
1.391
1.473
1.404
1.230
0.728
0.660
0.776
1.119
1.151
0.845
0.792
0.648
0.569
0.703
0.901
0.908
0.669
0.773
0.780
0.662
0.475
0.478
1.225
1.541
1.863
1.982
1.624
1.389
1.077
0.830
0.869
1.004
0.699
0.893
1.004
0.778
0.630
1.097
0.880
0.931
0.495
0.807
0.956
0.809
1.091
1.810
0.941
1.166
1.228
0.980
1.072
0.830
1.377
1.378
1.412
1.237
1.519
1.084
1.189
0.884
1.138
0.834
1.238
1.233
1.324
0.780
0.774
1.112
0.879
1.031
1.036
0.632
0.955
0.931
0.894
1.224
1.147
1.244
0.745
1.090
0.695
1.167
0.906
1.104
1.061
1.169
1.394
1.166
1.406
1.094
1.217
1.026
1.359
1.018
1.052
1.150
0.878
1.327
0.778
1.237
1.233
1.174
0.938
0.951
1.344
1.116
0.873
1.061
1.807
1.277
0.989
1.163
1.462
1.280
1.240
1.123
0.734
1.385
1.326
0.927
1.184
1.212
1.428
1.351
1.046
1.084
0.681
0.800
1.288
1.073
1.209
1.289
1.187
0.969
1.913
0.952
1.622
1.197
0.899
1.257
1.155
1.075
1.066
1.363
1.030
0.995
0.697
1.069
0.952
1.154
1.150
1.091
1.165
1.078
1.388
0.817
0.808
1.567
1.566
1.283
0.957
1.250
1.368
1.482
1.827
0.980
1.110
1.268
0.884
1.341
1.111
0.959
0.905
1.374
1.345
1.200
1.310
1.253
0.870
1.511
1.072
1.383
1.476
1.249
1.266
0.965
1.310
0.968
1.287
1.226
1.138
1.292
1.651
1.468
1.394
0.926
1.256
1.290
1.190
1.424
1.223
1.378
1.237
1.081
0.995
1.391
1.583
1.588
1.400
1.051
1.161
1.256
1.039
1.015
1.122
0.939
1.020
0.861
1.172
1.681
1.277
1.096
1.325
1.066
0.978
1.269
1.513
1.217
1.074
1.008
0.716
0.836
1.579
1.027
1.241
1.255
1.144
1.263
0.870
1.252
1.185
0.919
1.078
1.164
1.010
1.168
0.921
1.151
1.098
0.962
0.823
1.068
1.267
1.578
1.254
1.224
0.760
0.563
1.206
0.872
1.303
1.539
0.843
0.908
0.872
1.188
0.970
0.950
1.310
0.992
1.096
1.233
1.176
1.331
1.152
2.026
0.987
1.192
1.431
0.899
1.101
0.956
1.025
1.083
0.926
1.021
1.021
0.982
1.277
1.178
1.505
1.092
0.811
0.712
0.912
0.793
0.757
1.053
1.081
0.733
0.712
1.056
1.202
1.482
1.103
0.864
1.270
1.475
1.217
1.051
0.764
0.680
0.976
1.527
1.262
0.955
1.044
1.130
1.082
1.138
1.233
1.527
1.681
1.548
1.748
1.393
1.447
1.014
1.179
1.387
0.753
1.070
1.080
0.703
0.854
1.196
0.874
0.687
0.686
0.925
1.137
0.854
0.920
0.826
1.092
0.905
0.888
0.882
1.093
1.083
1.030
0.573
0.533
0.589
0.734
1.550
0.980
0.728
0.648
1.109
0.791
0.945
0.633
0.972
0.918
0.916
0.836
0.726
1.305
1.202
1.157
0.776
0.841
0.853
0.876
0.753
0.940
0.950
0.892
1.052
1.058
1.122
0.806
0.902
0.653
0.729
1.349
1.978
0.692
1.112
1.333
0.975
0.850
0.600
1.766
1.516
0.823
0.986
1.211
1.000
1.252
1.093
1.105
0.929
0.793
1.238
1.254
1.645
2.034
1.357
0.755
0.924
1.427
1.290
0.891
0.909
1.037
1.038
0.777
0.911
0.838
0.867
1.138
1.073
1.106
1.143
1.194
0.926
1.320
1.150
1.430
1.299
1.200
1.252
1.134
0.815
1.320
0.717
1.083
1.111
1.595
0.980
1.343
1.322
1.035
0.948
0.818
0.943
1.088
0.984
1.414
1.051
1.128
1.188
1.335
1.617
1.907
1.698
1.432
1.073
0.788
0.679
1.364
1.268
1.289
1.453
1.473
1.040
1.032
1.186
1.031
1.618
1.501
1.781
1.287
1.312
1.136
1.189
1.367
1.367
1.351
1.295
1.309
1.650
1.311
1.338
1.658
1.130
0.831
1.238
1.449
1.374
1.651
1.244
1.189
1.255
1.566
1.198
1.109
1.333
1.223
1.375
1.567
1.385
1.345
1.225
0.902
0.907
1.657
1.199
1.608
1.390
1.647
1.402
1.331
1.393
1.189
1.326
1.309
0.907
1.604
1.131
1.115
1.152
0.821
1.386
1.533
1.145
1.083
1.463
1.044
2.128
1.404
1.081
1.465
1.022
1.469
1.569
1.078
2.128
1.489
1.200
1.002
0.927
1.151
1.471
1.154
0.993
1.210
1.603
1.455
1.328
1.601
1.460
1.027
1.081
0.993
0.954
1.662
1.356
1.185
1.796
1.226
1.139
1.126
1.063
1.128
1.026
1.359
1.727
1.090
1.057
1.175
1.176
0.974
0.871
0.876
1.176
1.198
0.812
1.288
1.171
1.179
0.946
1.044
1.214
1.759
1.190
1.180
1.334
1.242
1.204
0.940
1.325
1.374
1.099
0.798
0.840
0.917
1.268
1.124
0.977
0.843
0.863
1.401
1.564
1.463
0.776
0.957
0.794
1.340
1.146
0.981
1.074
0.447
1.008
1.190
1.348
0.830
0.802
0.622
0.961
1.040
0.799
1.110
1.163
1.024
1.125
0.686
0.954
0.998
0.949
1.139
1.781
1.193
1.325
0.871
0.807
1.084
0.966
0.773
0.620
0.912
0.953
0.993
0.690
0.851
0.685
1.167
0.914
0.716
0.994
0.812
0.891
0.877
0.943
1.073
1.384
1.253
1.044
1.095
0.901
0.823
0.963
0.874
0.748
1.194
0.719
0.940
1.034
1.021
0.970
0.781
0.737
0.970
1.043
0.691
0.657
1.173
0.936
1.248
1.321
1.184
1.148
1.409
1.103
0.935
0.844
0.885
1.251
1.190
1.303
1.683
1.000
0.814
1.583
0.998
0.928
0.855
1.367
1.485
1.442
0.843
0.840
0.761
1.082
0.773
1.319
1.224
1.340
1.443
0.836
0.847
1.415
1.326
1.258
0.871
1.096
0.903
0.778
0.782
0.908
0.672
2.036
1.132
1.066
0.848
0.678
1.032
0.892
0.943
0.977
1.240
0.993
0.761
1.028
0.668
0.602
0.762
0.822
0.985
1.620
1.391
1.218
1.025
0.819
0.682
0.692
0.869
0.603
0.835
0.857
1.046
0.661
0.697
0.908
0.517
0.896
0.629
1.659
1.005
0.847
0.922
0.427
0.668
0.585
0.785
1.118
0.785
0.982
0.986
0.878
0.928
0.815
0.898
0.798
0.693
0.537
1.023
1.061
1.185
0.975
0.675
0.976
0.985
0.903
0.949
1.550
1.641
1.179
1.004
1.339
1.223
1.159
1.100
0.939
0.904
1.072
1.227
1.147
1.124
1.330
0.784
0.709
0.819
0.688
0.917
1.070
1.238
1.439
0.907
1.439
1.609
1.384
1.417
1.481
1.050
1.054
1.978
1.827
0.846
1.140
1.177
1.274
0.816
1.183
1.315
1.448
0.849
1.358
1.246
0.854
1.012
1.341
1.161
1.090
1.203
1.269
1.076
1.171
1.325
1.248
1.403
1.039
0.762
1.384
2.702
1.343
1.630
1.726
1.593
1.426
1.381
1.261
1.282
1.112
1.470
1.039
1.429
1.058
1.012
1.112
1.120
1.404
1.085
1.079
1.419
0.919
0.872
1.225
1.327
1.681
1.605
1.347
1.103
0.658
1.014
1.070
0.936
1.618
1.729
0.983
1.891
1.138
1.033
0.890
1.400
1.248
1.203
1.091
1.228
1.345
0.876
1.428
1.398
0.994
1.666
1.073
1.174
0.640
1.309
1.442
1.209
1.372
0.987
0.980
1.234
0.713
1.006
1.013
0.833
1.119
1.578
1.036
0.843
1.255
1.364
1.114
1.136
1.406
1.483
1.418
1.223
0.904
0.656
0.492
1.252
1.104
1.078
1.160
1.054
0.624
0.899
1.548
1.281
1.061
0.980
1.010
0.954
1.490
0.935
1.082
1.417
1.605
1.131
1.145
1.065
1.029
1.203
1.328
1.602
1.015
0.949
1.176
0.882
0.890
1.069
1.508
1.228
1.175
1.453
0.961
1.145
1.391
1.601
1.331
0.984
1.188
0.903
1.269
1.257
1.035
0.618
1.172
0.964
1.032
0.918
0.870
0.835
0.991
1.426
1.033
0.902
1.008
0.883
0.752
0.710
0.794
1.053
0.751
0.626
0.721
0.842
0.886
1.222
0.970
1.300
0.821
0.938
1.164
1.225
0.861
0.740
0.898
0.878
0.571
0.686
0.775
1.060
1.081
0.945
0.696
1.216
0.965
0.993
1.050
0.902
0.598
0.794
0.996
0.814
0.864
0.718
1.062
0.842
0.988
0.874
0.931
1.164
0.855
0.831
0.760
0.889
0.711
0.922
0.961
0.956
1.040
0.702
0.719
0.586
1.011
0.963
0.994
0.980
0.893
0.879
0.946
1.122
1.110
0.774
0.971
0.982
1.169
1.078
1.048
0.994
1.179
0.992
0.778
0.900
1.104
0.925
0.574
0.825
1.256
1.005
1.031
0.893
1.026
0.722
0.928
1.195
1.003
0.756
0.796
0.797
0.811
0.919
1.337
1.119
0.987
0.993
1.083
0.778
0.965
1.144
1.850
2.339
0.987
0.893
0.818
1.016
0.756
1.561
1.334
1.424
1.145
0.707
0.924
0.939
1.012
0.736
0.832
0.749
0.809
1.176
1.280
0.946
1.034
0.798
0.823
0.798
0.921
0.988
0.789
0.997
0.985
0.822
0.694
0.998
0.894
0.592
0.815
0.961
0.939
0.907
1.339
1.142
1.440
1.538
2.021
2.231
1.782
1.501
0.719
0.897
0.679
0.698
0.765
1.000
0.775
0.678
0.921
0.798
0.710
0.694
0.886
1.079
0.992
0.832
0.758
1.085
1.381
1.131
1.265
0.988
0.675
0.949
1.039
1.360
1.305
1.039
0.963
1.033
1.946
1.887
1.701
1.359
1.499
1.522
1.222
0.892
1.131
1.287
1.212
0.973
1.098
1.020
0.761
0.809
1.030
1.114
1.038
0.981
0.803
1.097
1.242
1.419
1.051
1.038
1.173
1.171
0.748
1.603
1.335
0.897
1.619
0.794
0.789
1.185
1.066
1.221
1.367
1.000
0.780
0.839
0.929
1.404
0.740
1.176
1.417
0.884
0.989
1.317
1.468
1.280
1.345
1.170
0.987
1.195
1.051
0.847
1.287
1.266
1.030
1.247
1.453
1.306
1.230
1.426
1.139
0.968
1.289
1.490
0.802
1.250
1.383
0.888
1.016
0.977
1.050
1.027
1.399
1.281
1.390
1.051
0.550
1.380
1.335
1.434
1.145
1.389
1.080
1.070
1.145
1.224
0.843
1.134
1.589
1.507
1.236
0.866
1.079
0.998
1.394
1.230
1.021
1.442
1.293
1.686
1.336
0.985
1.061
1.248
1.122
1.185
0.836
1.195
0.965
0.980
0.900
1.415
1.714
1.354
1.401
1.283
1.538
1.052
1.131
1.292
1.294
1.792
1.360
1.036
0.938
1.206
1.404
0.907
1.198
1.074
1.148
0.843
1.083
0.841
1.446
1.162
1.008
1.105
1.466
1.470
1.182
1.089
1.100
1.343
1.089
1.170
1.077
1.564
1.655
1.391
0.988
0.907
0.757
1.187
1.246
1.132
1.506
1.225
1.205
0.558
0.921
0.943
1.215
1.746
1.223
1.663
0.993
0.613
1.010
0.971
1.527
1.551
1.489
0.930
1.065
1.131
1.066
1.303
0.809
0.742
0.951
1.060
1.495
1.029
1.298
1.170
1.120
1.555
0.862
1.189
0.824
0.806
1.012
1.317
0.932
0.630
0.804
1.196
1.359
0.910
0.710
0.725
1.323
0.796
0.940
1.022
0.639
0.932
0.975
1.184
0.974
1.056
1.039
1.439
1.134
1.028
0.903
0.846
0.907
0.798
0.738
1.004
1.055
0.958
1.101
0.757
0.889
1.206
1.015
0.853
0.798
0.703
1.031
0.934
1.027
0.975
1.136
1.139
1.173
1.097
1.304
0.922
0.913
1.007
0.637
1.219
0.789
0.702
1.053
1.061
0.987
0.743
0.677
1.113
1.278
0.827
0.699
0.532
1.005
0.961
0.823
1.057
0.899
0.713
0.922
1.449
0.913
0.684
0.734
0.884
0.912
0.730
1.341
2.073
1.141
1.145
1.224
0.940
1.128
0.704
0.695
1.190
0.873
0.897
1.595
1.413
1.285
0.933
1.104
0.900
0.830
1.183
0.676
0.701
0.766
0.733
0.919
0.856
0.773
0.951
1.096
0.773
0.872
1.021
0.776
0.698
0.821
0.978
0.905
0.622
0.534
1.172
0.606
0.997
0.811
1.109
0.917
-99.000
1.583
1.108
1.338
0.987
0.832
0.940
0.912
1.186
1.177
0.662
1.084
0.877
0.638
0.858
0.798
0.963
1.048
0.988
0.824
1.176
1.204
1.101
0.748
0.829
0.631
1.228
1.025
0.926
0.920
0.771
0.911
1.600
2.130
1.486
0.884
1.195
1.308
1.389
1.274
1.221
1.424
1.162
1.244
0.945
1.038
0.836
1.048
0.998
0.902
0.723
1.179
1.458
2.380
1.352
1.016
1.102
1.202
0.922
1.002
1.376
1.191
0.562
0.754
1.048
1.097
1.233
1.156
1.163
1.154
1.232
0.866
1.233
1.311
1.320
0.933
1.148
1.222
0.976
1.121
1.095
1.105
1.388
1.344
1.555
1.148
1.603
1.312
1.155
1.050
1.024
1.144
1.229
1.236
1.265
1.319
1.111
0.899
1.071
1.057
0.980
1.400
1.176
1.355
1.070
1.220
1.391
1.132
1.052
1.407
1.223
1.312
1.039
1.388
0.893
0.940
1.346
1.017
1.139
1.246
1.391
1.138
0.958
1.147
1.505
0.985
0.859
1.578
1.097
1.704
1.284
1.314
1.269
1.138
1.307
1.649
1.357
1.055
1.481
1.645
1.173
1.104
1.026
1.341
0.832
1.563
1.869
1.781
1.413
1.425
1.473
1.454
1.299
0.859
0.910
0.991
1.342
1.331
0.915
0.830
1.193
1.188
1.048
1.527
1.029
1.803
1.882
1.231
1.357
1.165
1.090
1.288
1.191
1.286
1.426
0.988
1.021
1.333
1.054
1.044
1.342
1.068
1.083
0.944
1.079
0.658
0.873
0.915
1.062
1.173
1.432
0.964
0.803
0.746
0.969
0.859
1.611
1.548
1.393
1.536
1.294
0.887
0.928
0.589
0.619
0.895
1.448
1.259
-99.000
-99.000
-99.000
-99.000
-99.000
-99.000
-99.000
-99.000
0.919
0.976
0.995
0.812
0.993
1.062
0.718
0.823
1.052
1.021
0.996
1.231
1.442
1.139
1.074
1.228
1.045
1.372
1.266
1.076
0.901
0.628
0.975
0.737
0.961
0.976
1.024
0.697
0.987
0.850
1.414
1.271
0.809
0.796
1.136
0.966
1.158
1.076
0.945
1.617
1.735
1.483
1.319
1.244
1.283
1.178
1.276
0.882
0.731
0.837
0.568
0.589
0.940
1.140
0.769
0.880
0.712
0.591
0.865
0.719
0.970
0.764
1.061
0.839
0.571
0.796
1.567
1.425
1.172
2.801
1.367
1.118
1.096
1.314
1.723
1.577
1.280
1.005
0.984
1.071
0.737
0.601
0.891
0.670
1.242
1.117
0.830
0.990
0.888
1.025
0.931
1.305
2.464
1.323
1.243
0.692
0.908
0.819
0.925
0.701
1.028
1.037
1.064
0.881
0.806
0.771
0.850
1.329
1.492
1.163
0.902
0.735
0.795
0.883
0.861
0.958
0.690
0.615
0.965
0.630
1.161
1.288
1.157
1.264
1.073
0.825
0.563
0.777
1.473
1.877
1.203
0.717
0.871
1.360
1.334
1.067
0.639
0.538
0.879
1.194
0.815
1.348
1.807
1.993
2.531
1.821
1.161
0.598
0.795
1.027
0.768
0.951
0.851
0.968
0.745
0.800
0.640
1.149
1.236
1.378
1.103
1.270
1.405
1.073
1.005
0.838
1.043
1.791
1.512
1.353
1.247
0.816
0.712
0.936
1.615
1.794
1.269
0.892
0.993
1.108
1.072
1.170
0.806
0.886
1.142
1.526
1.101
1.055
1.194
1.123
1.086
1.133
1.014
1.029
1.019
0.711
1.340
0.896
1.109
1.084
1.454
1.517
0.851
1.027
1.006
1.318
1.067
1.248
1.137
1.011
2.187
2.063
1.261
1.050
0.998
1.102
1.492
1.196
2.408
1.156
0.838
1.394
1.337
1.659
1.360
1.210
1.740
1.327
1.264
1.010
1.324
1.530
1.629
1.216
0.887
0.972
1.516
0.922
1.141
1.159
1.369
0.716
1.529
1.570
1.435
1.227
1.390
1.416
1.544
1.317
1.156
1.480
1.262
1.080
1.631
1.274
0.934
1.770
1.165
1.292
1.306
1.032
1.567
1.078
0.931
1.246
1.128
1.457
1.743
1.401
1.279
1.323
1.303
1.089
1.492
1.421
1.328
1.098
1.289
1.382
1.473
1.188
1.665
1.628
1.756
1.090
1.856
1.180
1.265
0.924
1.431
1.150
0.968
1.156
1.599
1.416
1.057
1.215
1.215
1.494
1.428
1.235
1.747
1.022
1.802
1.114
1.120
1.387
1.618
1.467
1.622
1.555
1.426
1.280
1.044
0.955
0.736
0.866
0.863
1.067
1.091
0.866
1.306
0.806
1.408
1.036
1.177
1.578
1.262
1.094
1.124
1.233
1.362
1.129
1.140
1.526
1.327
1.176
1.069
1.145
1.191
1.358
1.005
0.975
1.146
1.276
0.940
1.327
1.503
1.316
1.349
1.023
1.397
1.257
1.285
1.051
0.794
1.168
1.468
1.343
1.594
1.344
1.045
1.064
1.022
1.307
1.338
1.752
1.507
1.555
1.419
1.016
1.072
1.266
1.670
1.435
1.154
1.336
1.299
0.845
1.177
1.144
1.070
0.861
0.677
0.950
1.065
0.666
0.804
0.835
0.747
0.639
1.166
0.761
1.185
1.024
1.104
1.173
1.125
1.252
1.692
1.320
0.844
1.200
1.015
0.924
1.044
1.039
1.302
1.005
0.696
1.089
1.052
1.156
0.868
0.842
0.983
1.055
0.979
0.865
0.790
0.726
0.768
1.132
0.815
0.879
0.648
0.793
1.272
1.316
1.240
1.055
1.187
0.982
0.974
0.934
1.138
1.108
0.941
1.071
1.534
1.420
1.076
0.920
0.861
0.897
1.197
0.999
0.967
1.094
0.983
1.207
0.778
1.075
0.545
0.655
0.535
0.798
1.102
0.625
1.031
0.958
0.857
0.791
1.197
1.077
0.741
1.117
1.063
0.926
1.159
1.307
1.122
1.232
1.168
1.045
0.922
0.742
0.696
0.863
0.695
0.788
0.669
1.124
1.638
1.676
1.107
0.861
0.715
0.916
1.011
1.131
1.232
0.759
1.118
0.728
0.901
0.914
0.955
0.835
0.883
0.911
0.754
0.864
1.032
0.824
0.760
0.499
0.814
0.941
0.980
1.256
1.007
0.812
1.119
0.824
2.270
1.556
0.994
0.769
1.362
1.638
0.880
0.835
0.710
1.266
1.817
1.310
0.709
0.743
1.093
0.881
0.576
0.872
0.893
0.983
1.356
1.276
0.973
1.012
0.858
0.800
1.200
0.749
0.989
0.881
1.209
1.070
1.156
0.971
0.945
1.017
0.773
0.986
1.686
1.386
1.599
2.153
2.278
1.764
0.977
1.128
0.939
1.116
1.373
0.990
1.284
0.963
0.768
1.369
1.563
2.157
1.500
0.768
0.769
1.014
0.882
1.078
1.140
0.918
1.197
1.256
1.457
1.309
0.892
1.024
1.187
1.738
1.075
0.985
1.080
0.943
1.338
1.187
1.030
1.026
0.998
1.376
1.135
0.930
1.167
1.059
0.599
0.808
1.474
1.275
1.474
1.349
1.094
0.949
1.114
0.947
1.011
1.304
0.934
1.149
1.489
1.492
0.974
1.171
1.163
1.820
1.090
0.919
1.296
0.971
1.764
1.055
1.268
1.261
1.666
1.217
1.343
1.273
1.414
1.275
1.205
0.977
1.046
0.920
1.437
1.232
1.136
0.829
1.163
1.014
0.918
1.613
1.299
0.951
1.563
1.244
1.294
1.047
0.789
0.907
0.794
1.085
1.695
1.018
1.261
1.790
1.358
1.503
1.172
1.827
1.322
1.436
1.035
1.716
1.062
2.019
1.080
0.899
1.239
1.227
0.835
1.290
1.131
1.271
1.683
1.382
1.132
0.779
0.989
1.300
1.175
1.130
0.954
1.417
1.396
0.739
1.853
1.206
1.244
0.953
1.427
0.871
0.948
0.710
0.820
1.716
1.043
0.974
1.087
0.902
1.347
1.144
1.099
1.077
1.126
1.016
0.972
0.846
0.715
1.141
1.405
1.016
1.096
0.861
0.826
1.046
0.950
0.917
1.290
0.717
0.938
0.792
1.080
1.081
1.019
1.107
1.090
1.039
1.016
1.094
1.382
1.308
1.422
1.328
1.064
0.743
0.945
0.771
1.213
1.213
1.027
1.156
1.155
0.563
0.870
0.661
0.672
0.727
1.231
1.069
0.734
1.000
1.124
0.664
0.922
1.190
1.031
0.918
0.965
0.690
1.077
1.403
1.431
1.373
0.558
0.634
0.819
1.193
1.057
1.287
1.796
1.087
1.082
1.049
0.978
0.911
1.033
1.158
1.125
0.503
0.801
1.203
0.817
0.646
1.000
1.029
0.814
1.065
1.097
0.814
0.779
0.842
0.856
0.940
1.121
1.044
1.052
1.115
0.934
1.691
0.966
0.673
1.389
1.695
1.140
0.775
0.781
0.506
0.891
1.143
0.759
1.105
0.783
0.809
0.541
0.894
0.637
1.091
1.224
0.844
0.531
0.856
0.485
1.157
0.860
0.597
0.718
0.934
0.841
0.776
0.652
0.721
0.711
2.012
1.605
1.095
0.852
0.687
0.708
0.891
0.662
0.818
0.644
0.599
0.916
0.598
0.875
0.785
0.640
0.733
1.253
1.851
1.781
1.373
1.201
1.330
1.098
0.829
1.007
0.823
0.883
1.431
0.865
1.518
1.553
1.395
1.194
1.092
1.187
1.075
0.877
0.997
0.726
0.716
0.748
0.855
0.799
0.966
0.960
0.801
0.438
0.967
1.044
0.805
0.956
0.642
1.034
1.728
1.183
1.092
1.037
0.688
1.276
1.300
0.779
0.762
1.092
0.566
1.275
0.728
0.937
1.220
1.560
1.332
1.063
0.803
0.758
0.461
1.519
0.964
1.788
2.639
1.788
1.736
1.332
0.825
0.830
0.661
0.918
0.828
1.408
1.483
0.798
0.494
0.871
0.893
0.997
1.180
1.249
1.298
1.038
0.866
1.123
1.223
1.326
1.113
1.067
1.034
1.344
1.125
0.831
1.265
1.475
0.788
0.944
0.853
1.635
2.023
1.158
1.010
1.212
1.334
0.977
1.403
1.719
1.493
1.337
1.067
1.236
1.223
1.358
1.325
1.121
1.107
1.844
1.199
1.143
0.901
0.999
1.088
1.015
1.274
1.295
0.885
1.293
1.335
1.459
1.561
1.394
1.329
1.289
1.316
2.343
1.931
1.714
0.848
0.735
1.475
1.420
1.417
1.544
1.368
1.639
1.133
1.494
1.431
1.092
1.142
1.325
1.535
1.062
1.407
1.477
1.247
1.785
1.247
1.465
1.417
1.159
1.288
1.382
1.049
1.122
0.853
1.332
1.772
1.065
1.461
1.413
1.412
1.370
1.222
0.886
0.940
1.234
1.592
1.469
1.372
0.728
0.865
1.016
1.265
0.758
0.876
0.970
1.207
0.909
0.604
0.826
1.678
1.281
2.080
0.921
1.241
0.999
1.608
1.730
1.106
1.233
0.637
0.681
0.647
1.505
0.962
1.370
1.213
0.814
1.100
1.238
1.315
1.442
1.458
1.422
1.087
1.720
1.122
0.813
1.407
1.380
2.044
1.330
1.312
0.845
0.824
1.590
1.429
1.449
1.486
1.358
1.414
0.943
1.391
1.334
0.774
0.758
1.235
1.266
1.059
0.952
0.976
0.991
0.698
1.163
0.800
0.722
0.776
1.096
0.896
0.814
1.139
0.940
0.704
1.204
0.997
0.992
1.215
1.108
0.724
1.134
0.847
0.713
0.882
0.854
0.722
0.742
0.937
1.051
0.945
0.978
0.914
1.062
0.537
0.970
0.857
0.671
0.806
1.390
0.550
0.935
1.042
0.787
0.760
0.682
0.589
0.985
0.861
0.975
1.101
0.728
1.100
0.779
0.926
0.964
1.411
1.456
1.513
1.038
1.299
0.962
1.085
1.081
1.184
0.575
1.079
0.977
0.648
1.193
0.884
0.867
0.998
0.801
0.656
0.818
1.243
0.966
0.690
0.927
0.769
0.895
0.818
0.685
0.939
0.849
0.828
1.417
1.505
1.006
0.835
0.804
0.802
1.020
0.701
0.796
0.951
0.888
0.708
0.995
1.008
0.697
0.667
0.772
0.719
1.026
0.911
0.910
1.171
1.134
1.020
1.733
0.967
0.781
0.741
0.502
0.779
0.773
0.852
0.971
0.860
1.150
0.809
1.015
0.758
0.779
0.768
0.759
0.843
0.767
0.441
0.888
1.183
0.759
0.595
0.711
0.719
0.889
0.755
0.782
1.428
1.953
1.051
1.438
2.561
1.843
1.099
1.052
1.095
1.181
0.992
0.986
1.054
0.867
0.872
0.768
0.814
0.792
0.880
1.068
1.092
0.950
0.842
0.864
1.485
1.402
0.797
0.562
1.448
1.575
1.703
1.447
0.724
1.266
1.628
0.714
1.230
0.811
1.051
1.375
1.346
0.953
1.105
1.111
1.223
0.727
1.014
1.407
1.283
0.863
0.960
1.225
1.065
0.923
2.395
1.932
0.854
1.096
1.059
1.203
0.987
1.182
0.989
0.695
1.058
2.489
1.115
0.893
0.980
1.100
0.951
1.926
1.758
2.173
1.833
0.849
0.503
0.942
0.902
0.932
0.993
1.267
0.974
1.433
1.683
1.664
1.348
0.893
1.472
1.248
1.346
0.917
1.035
1.605
1.280
1.862
1.288
1.519
1.173
0.884
1.043
1.132
1.238
1.705
1.214
1.300
0.824
1.486
1.157
0.960
0.857
1.328
1.056
1.480
1.250
1.369
1.387
1.246
1.559
2.288
1.415
1.273
1.387
0.950
1.564
0.876
1.274
1.288
1.325
2.592
1.374
1.097
1.271
1.425
1.296
1.389
1.473
0.788
1.289
1.065
1.202
0.817
1.382
1.340
1.303
1.346
1.188
1.482
1.403
1.516
1.248
1.133
0.829
0.796
1.189
1.474
0.953
1.053
1.270
1.302
1.224
1.104
1.285
1.362
1.536
1.404
1.608
1.435
1.250
1.747
1.476
1.456
1.346
0.793
0.955
1.108
1.308
1.394
1.517
1.459
1.203
1.255
1.088
1.698
1.469
1.571
1.113
1.244
1.090
1.163
1.289
1.188
1.338
1.238
1.213
1.294
1.264
1.008
1.129
0.828
1.120
0.713
1.162
0.989
1.457
1.728
1.616
1.158
1.105
1.246
1.403
0.923
0.999
1.025
1.106
1.232
0.818
1.109
1.173
0.956
1.252
0.926
0.742
1.269
0.832
0.999
0.903
1.074
1.215
1.332
0.774
0.763
0.897
1.005
0.885
0.910
0.943
1.167
0.857
1.199
1.378
1.096
0.822
0.852
1.316
0.577
0.983
1.118
1.255
1.264
0.955
0.621
0.898
1.539
1.116
1.117
0.858
0.919
0.772
1.247
1.089
0.745
0.856
1.181
1.357
0.985
1.216
1.422
0.945
0.869
0.657
1.190
0.994
1.436
1.443
1.035
1.115
0.865
0.662
0.813
0.931
1.220
1.001
0.570
1.037
1.282
1.155
1.238
1.309
0.955
0.560
0.703
0.600
0.920
0.949
0.840
0.625
1.185
0.840
1.070
1.198
0.837
0.984
1.044
0.956
0.806
0.831
0.983
1.015
0.981
1.263
1.467
0.720
1.324
1.200
0.978
0.712
1.227
1.165
0.891
0.768
0.897
1.439
1.562
0.972
0.676
0.668
1.005
0.898
0.900
1.160
0.905
0.853
0.682
1.151
0.854
0.731
1.722
1.339
1.186
0.918
0.782
0.859
1.053
0.972
0.791
0.724
0.670
0.915
0.812
0.680
0.699
0.670
1.013
1.695
1.259
1.003
0.731
1.002
0.932
0.880
0.989
0.854
1.004
0.831
1.047
0.868
1.011
0.781
0.762
1.430
0.788
1.141
1.106
0.988
1.002
0.703
0.956
1.034
0.669
0.900
0.920
0.945
0.823
0.836
1.159
2.138
1.574
1.262
0.932
0.940
0.748
1.066
1.198
1.065
1.117
1.091
1.015
1.274
1.085
0.803
0.864
1.544
1.076
0.918
1.249
1.111
1.937
2.057
1.581
0.799
0.621
0.388
1.164
0.712
0.974
0.946
0.990
1.140
1.008
1.041
0.672
1.620
1.615
0.989
0.967
0.965
1.493
1.364
1.061
1.068
1.537
1.267
0.662
1.059
1.092
1.036
0.691
1.148
1.283
1.048
2.029
2.069
1.122
1.003
1.339
1.514
1.650
1.414
1.005
1.184
1.689
1.663
1.733
1.488
1.495
1.611
1.304
1.236
0.978
0.877
1.376
1.133
1.087
1.170
1.242
1.232
1.040
1.291
1.467
1.791
1.936
1.393
1.070
1.292
1.518
1.602
0.996
1.170
0.723
1.281
1.179
1.138
1.609
1.262
1.257
1.445
1.721
1.422
1.456
1.450
1.384
1.173
1.268
1.068
1.425
1.039
1.277
1.299
1.512
1.163
1.182
1.275
0.809
1.524
1.338
0.971
1.690
2.133
1.371
1.044
1.353
1.298
0.635
1.235
1.329
1.522
1.281
1.062
1.581
1.249
1.216
1.260
1.285
1.303
1.074
1.095
1.110
0.792
0.966
1.497
1.192
1.194
1.122
1.211
1.311
1.114
0.842
1.057
1.115
1.557
1.561
1.554
1.364
1.165
0.935
1.339
1.472
0.972
0.923
1.415
0.611
1.178
1.134
1.131
1.114
1.290
1.103
0.937
1.152
1.323
0.997
1.519
1.227
1.275
1.516
1.502
0.807
1.135
1.337
1.481
1.680
1.170
1.371
1.031
1.123
1.172
1.482
1.152
1.301
0.884
1.347
0.908
1.406
0.864
0.980
1.030
1.137
0.963
1.074
0.726
0.571
1.300
0.745
1.027
0.783
1.053
1.136
1.203
1.163
1.299
1.134
1.237
0.925
1.299
1.572
1.337
1.329
0.916
1.135
1.030
0.688
0.766
1.084
0.976
0.876
1.347
1.384
1.024
1.261
1.023
0.825
1.063
1.168
1.319
1.375
1.399
1.451
1.198
1.363
1.132
1.909
1.413
1.194
1.139
1.348
1.372
0.942
0.694
0.871
0.966
1.039
0.717
1.167
1.146
1.051
1.500
1.034
0.805
0.717
0.828
0.894
1.075
1.160
1.035
0.920
0.866
0.687
0.544
0.700
0.905
0.889
0.695
0.566
0.807
0.907
0.811
0.735
1.066
0.870
0.811
1.158
1.283
1.434
1.308
1.406
1.759
1.213
1.479
1.209
1.077
0.994
1.072
0.861
1.178
0.940
1.095
0.991
0.815
0.824
0.887
0.701
1.029
0.731
0.903
0.655
0.704
1.359
0.930
0.865
0.676
1.194
1.153
1.005
0.840
0.600
0.603
0.861
0.724
0.835
0.906
0.826
1.485
1.159
1.317
0.820
0.828
0.918
0.643
1.037
0.839
0.598
0.808
0.740
0.984
1.079
1.016
0.659
0.539
1.028
1.286
0.922
0.637
0.998
0.721
0.880
0.731
0.731
0.995
1.173
1.398
1.457
1.513
1.004
0.788
0.833
1.245
0.807
1.330
1.101
1.175
1.157
1.127
1.219
0.870
1.127
1.415
0.984
1.011
1.300
0.770
0.739
1.228
1.199
0.887
0.890
0.821
1.196
0.859
1.023
1.277
1.123
0.973
1.016
0.962
0.913
0.898
0.996
0.776
0.829
0.898
2.121
1.558
1.048
0.959
0.953
1.035
1.252
1.275
0.897
0.676
1.041
1.029
1.569
1.122
0.866
1.325
2.244
2.040
1.247
0.758
0.643
0.925
1.224
1.326
1.523
1.104
1.532
1.368
1.312
1.632
0.957
0.700
1.032
1.309
0.792
1.101
1.471
0.996
0.827
1.326
1.286
1.752
1.192
1.024
1.087
0.874
1.106
1.095
1.626
1.130
1.157
1.122
0.916
1.511
1.107
1.182
1.257
1.187
1.130
1.489
0.874
1.216
1.460
1.200
1.146
1.605
1.054
1.676
1.219
1.189
1.059
1.248
1.163
1.477
0.972
1.184
1.313
1.154
1.068
1.112
1.576
1.669
1.458
1.217
1.460
1.333
1.807
1.155
1.086
1.308
1.491
0.738
1.168
0.951
1.072
1.018
1.151
1.242
1.360
1.313
1.547
1.857
1.013
1.754
1.094
1.391
1.490
1.174
1.252
1.202
1.519
1.732
1.694
1.426
1.360
1.010
0.949
1.798
1.534
1.579
1.939
2.671
1.693
1.164
1.314
1.239
1.637
1.268
1.209
1.310
1.001
0.992
0.998
1.585
1.158
1.098
1.073
0.966
1.374
1.004
1.468
1.092
1.295
0.886
1.160
1.233
1.242
1.480
0.971
1.099
0.867
1.158
1.197
1.171
1.008
1.365
1.557
0.791
0.878
0.856
1.462
0.938
1.072
1.029
0.845
1.158
1.362
1.340
0.718
0.946
0.788
0.721
0.908
1.205
1.552
1.355
1.033
0.796
1.036
1.075
1.327
0.938
1.348
0.951
1.062
0.941
0.878
1.104
1.018
0.943
0.975
0.583
0.977
0.900
1.086
1.029
0.961
1.201
0.826
0.897
0.829
0.650
0.636
0.698
0.852
0.682
0.750
0.355
0.688
0.825
1.659
1.007
0.799
1.000
1.031
0.903
0.868
1.490
1.169
0.834
0.959
0.897
0.793
0.947
1.352
1.307
0.923
0.992
1.063
1.490
1.889
1.029
1.055
0.701
0.987
0.960
1.097
0.673
0.791
0.806
0.754
0.695
0.972
0.737
0.760
1.032
0.898
0.890
0.905
0.844
0.924
0.963
0.975
0.920
0.675
0.572
0.719
0.888
0.734
0.907
0.797
0.703
0.606
0.787
0.941
0.972
0.788
0.724
0.729
0.973
1.047
0.948
0.787
0.964
1.189
1.264
0.963
0.879
1.172
0.743
0.908
0.973
0.816
0.745
0.935
0.649
0.757
0.803
1.268
1.035
1.132
0.848
1.239
0.863
0.980
1.056
0.973
0.777
1.006
1.093
0.780
0.925
0.962
0.627
0.644
0.694
0.833
0.933
0.936
0.991
1.423
1.078
2.072
1.499
1.286
1.380
0.788
0.710
0.795
1.114
0.750
0.807
0.655
0.708
1.265
1.730
0.977
1.020
1.040
0.952
1.019
1.080
1.103
0.821
1.227
1.093
0.836
0.701
1.522
1.700
1.413
0.985
0.869
1.219
0.545
0.602
1.372
1.920
0.988
0.856
0.803
1.023
0.856
1.155
1.219
1.211
0.985
1.387
1.535
1.024
1.301
1.161
0.955
1.140
1.292
1.732
1.481
1.134
0.646
1.159
1.190
1.283
2.183
1.535
0.634
0.542
1.076
1.283
0.935
0.821
1.319
0.957
1.336
1.228
1.167
1.056
1.075
1.145
1.113
1.969
1.138
0.687
0.844
1.217
1.319
1.161
0.813
1.141
0.934
0.925
2.135
1.217
1.021
1.481
1.041
1.127
0.951
0.912
1.163
1.116
1.005
1.398
0.748
0.690
1.146
1.716
1.074
1.885
1.246
1.557
1.088
1.594
1.273
1.084
1.513
1.258
1.629
1.231
1.292
0.691
1.187
1.052
1.132
1.149
1.228
1.083
1.998
1.360
1.875
1.694
1.589
1.575
1.330
1.259
1.027
1.258
1.396
1.101
1.209
1.359
1.347
1.260
1.599
1.470
1.269
1.071
1.764
1.461
1.164
1.191
1.490
1.450
1.289
1.766
1.066
1.047
1.604
1.242
0.755
0.925
1.342
1.114
0.936
1.290
1.359
1.141
1.110
0.932
1.155
1.090
1.139
0.878
0.868
1.167
1.590
1.549
1.413
1.219
1.002
1.168
1.011
1.027
1.106
0.957
0.948
0.853
1.281
1.133
0.736
0.717
0.978
1.185
0.882
1.226
1.386
1.199
1.087
1.315
0.815
1.385
1.262
1.589
0.826
0.970
1.227
1.278
1.004
1.281
1.151
1.102
0.770
0.978
1.184
1.479
1.239
1.303
1.151
0.989
0.847
1.155
1.357
1.000
0.657
1.206
0.986
1.322
1.204
1.087
0.775
0.673
1.246
1.396
1.351
1.429
1.340
1.379
1.257
0.977
0.677
0.795
1.353
0.840
0.563
0.936
1.232
0.938
1.107
1.015
1.047
1.411
1.368
1.104
0.579
0.990
1.118
1.177
1.020
1.021
0.972
0.950
1.039
1.036
0.955
0.930
1.232
1.078
0.836
1.034
1.294
0.990
0.969
1.065
0.697
0.577
0.538
0.935
0.590
0.834
0.866
1.096
1.060
0.875
0.776
0.962
1.055
0.975
0.915
0.804
1.037
1.133
1.001
1.010
0.750
0.602
0.492
0.897
1.295
1.120
1.208
1.267
1.195
0.910
1.108
1.014
0.789
0.927
1.012
0.842
0.644
0.919
0.673
0.758
0.973
0.800
0.868
0.860
0.643
0.746
1.492
0.938
0.959
0.821
0.832
0.587
0.819
0.729
1.034
0.798
0.749
0.518
1.116
0.922
0.894
1.099
1.303
0.740
0.758
0.842
0.863
0.931
0.862
0.842
0.866
1.110
0.842
1.203
1.139
0.740
0.694
0.771
0.557
0.922
0.928
0.858
0.959
0.760
0.821
0.804
0.533
0.621
0.742
0.836
0.732
0.614
1.193
1.725
1.477
1.222
0.803
1.039
1.162
0.911
1.176
1.173
1.053
0.903
0.848
0.816
0.756
0.846
0.970
0.536
0.992
0.838
0.878
0.813
0.939
1.174
1.049
0.910
0.780
0.770
1.847
1.329
0.828
1.322
1.012
0.894
0.853
0.995
1.222
1.016
1.359
1.239
0.867
1.200
1.311
1.493
1.427
2.411
1.202
0.883
1.130
1.189
1.342
0.790
0.917
1.261
1.422
1.154
0.741
0.928
2.241
1.968
1.513
0.691
0.482
0.835
0.725
1.042
1.266
0.983
1.281
1.426
1.494
1.411
0.794
1.269
0.828
0.907
0.866
0.894
1.073
0.935
0.761
0.758
0.716
0.927
1.515
1.208
0.981
1.179
1.431
1.268
1.504
2.194
1.118
0.861
1.074
1.146
1.579
1.255
0.824
1.096
1.426
0.998
1.447
0.841
1.301
0.982
1.116
1.584
1.020
1.659
1.053
1.418
1.039
1.011
1.617
1.152
1.118
1.156
1.147
1.224
1.780
1.542
1.096
1.110
1.303
1.381
1.160
1.365
1.194
1.036
1.500
1.145
1.470
1.106
1.194
1.411
1.738
1.096
1.138
1.298
1.118
0.971
1.367
1.694
1.303
0.982
1.372
1.286
1.363
1.401
1.099
1.385
1.129
1.362
0.672
1.676
1.222
1.470
1.496
1.168
1.230
0.990
1.128
1.124
1.409
0.997
1.212
1.240
1.317
1.171
1.346
1.606
0.887
0.936
0.759
1.595
0.580
1.033
1.354
1.196
1.328
1.184
1.177
0.866
1.084
1.233
1.002
1.792
1.347
0.750
0.915
0.948
1.367
0.734
1.499
1.387
1.160
1.415
1.219
1.271
1.095
0.607
1.015
1.152
1.080
1.207
0.892
0.915
0.623
0.736
0.962
0.902
0.614
0.790
0.833
0.967
0.829
0.746
1.016
0.853
0.841
0.994
1.320
1.312
1.538
1.244
0.720
0.765
1.006
1.122
1.183
0.832
0.915
0.980
1.305
1.223
1.069
1.216
1.261
1.276
1.097
1.444
1.122
1.853
1.022
0.994
1.178
1.714
1.068
0.866
0.870
0.935
0.875
0.884
0.852
1.023
1.088
1.284
0.925
0.978
1.061
0.943
0.965
1.131
1.158
1.275
0.946
0.833
1.431
0.837
1.040
0.754
0.968
1.133
1.127
1.072
1.112
1.168
0.954
0.918
0.935
0.743
1.054
0.856
1.133
1.170
0.764
1.156
1.067
0.626
1.211
1.217
0.809
0.863
0.754
0.940
0.545
0.854
0.713
0.791
0.963
1.072
1.010
0.953
0.944
0.991
1.814
1.422
1.269
0.917
1.054
1.180
0.741
0.734
0.952
1.240
0.967
0.962
1.094
1.359
1.013
1.020
0.836
1.018
0.531
0.880
0.924
0.912
0.822
0.898
0.790
0.722
0.531
0.876
1.481
1.888
1.525
1.061
1.327
1.024
0.854
1.258
0.875
0.870
1.467
1.613
1.219
0.733
0.958
0.983
1.006
0.886
0.863
0.811
0.738
0.843
0.591
0.872
1.022
1.027
0.818
1.923
1.137
1.025
0.919
1.030
1.067
0.742
0.661
0.856
0.890
1.658
1.622
1.015
1.056
0.853
0.880
1.301
1.262
1.854
1.306
1.354
1.338
1.424
0.820
0.783
1.056
1.090
1.052
0.969
1.204
0.828
0.712
0.861
0.906
0.798
0.665
0.678
1.170
0.552
1.011
1.006
1.149
1.913
1.165
1.429
1.073
0.838
1.471
0.927
0.871
0.963
0.902
1.136
1.130
0.759
1.088
0.912
0.963
1.003
1.463
1.287
0.854
1.201
1.043
0.573
0.694
0.939
0.713
1.117
1.102
1.067
1.153
0.915
1.386
2.381
1.291
0.726
1.067
0.888
1.045
1.041
0.974
1.180
1.046
0.773
0.897
0.851
0.961
0.951
2.130
1.494
1.006
0.805
1.131
0.833
1.008
1.315
1.109
1.624
1.230
1.251
1.340
1.569
1.941
1.354
0.726
0.744
1.332
1.320
0.998
1.114
1.339
1.250
0.908
1.690
1.125
1.186
1.005
0.899
1.206
1.205
1.191
1.094
1.742
1.538
1.487
1.194
1.193
1.133
1.204
1.467
1.501
1.139
1.569
1.250
1.558
1.325
0.812
1.309
1.168
1.630
1.624
1.127
0.793
1.024
1.708
1.695
1.175
1.504
1.440
1.126
1.713
1.530
1.493
0.914
1.436
1.176
1.326
1.180
1.081
1.498
1.133
1.273
1.437
1.138
1.152
1.069
1.103
0.980
0.884
1.480
1.430
1.204
1.138
1.146
1.382
1.199
1.234
1.063
1.237
1.897
1.430
1.476
1.347
1.516
1.339
0.984
1.695
1.337
1.469
0.606
1.095
1.666
1.571
1.375
1.620
0.933
1.402
1.440
1.541
1.314
1.657
1.209
1.228
1.220
1.391
1.316
1.178
1.123
0.873
0.735
0.921
1.224
0.926
1.013
1.522
0.890
1.598
1.100
1.035
0.956
1.328
1.237
0.963
1.049
1.036
1.039
1.204
1.316
0.681
0.839
0.746
1.020
1.322
0.804
1.224
0.751
0.964
1.106
1.120
0.753
1.184
1.116
1.155
1.046
1.239
1.043
1.047
0.980
1.019
1.275
1.063
0.993
0.928
1.009
0.957
0.746
0.625
1.056
0.993
0.750
0.704
0.765
0.656
0.952
0.790
1.198
0.854
0.899
0.894
1.039
1.315
1.848
1.472
1.096
0.797
1.001
0.852
0.976
0.847
0.883
1.379
1.002
0.814
1.020
1.198
0.959
1.139
1.001
0.852
1.237
0.845
0.515
0.850
0.958
1.032
1.317
1.060
0.881
0.896
0.964
1.005
0.847
1.653
1.066
0.890
0.765
0.774
1.405
1.195
1.603
1.216
0.878
0.755
0.809
0.743
0.749
0.721
0.889
0.775
1.532
1.475
1.024
1.410
1.006
0.573
0.605
1.021
0.722
0.878
0.745
0.493
0.763
1.022
1.071
0.822
0.689
1.202
0.699
1.113
1.045
0.744
0.642
0.911
0.789
1.135
1.399
1.382
1.066
1.033
1.014
0.606
0.934
0.668
0.911
1.348
1.206
1.075
1.093
1.255
1.404
1.501
1.656
1.435
1.070
0.930
0.833
0.873
0.451
1.035
1.162
1.006
0.953
0.867
0.765
0.840
0.735
1.210
0.726
0.706
0.609
1.051
0.568
0.935
0.627
1.407
0.834
1.018
0.757
0.698
1.603
1.910
1.711
1.877
1.755
1.100
0.599
1.281
1.146
1.082
0.738
0.659
0.930
0.984
0.922
0.952
0.878
0.934
1.003
1.230
1.355
1.182
1.143
1.098
0.968
0.943
0.841
2.166
2.483
1.509
0.847
1.267
0.770
1.180
1.034
0.907
0.964
0.792
1.055
1.938
2.001
1.673
0.908
0.907
1.438
1.572
0.809
1.177
1.304
0.928
1.418
1.614
1.272
0.748
0.941
0.974
0.711
1.332
1.803
1.655
1.265
1.292
1.357
1.357
0.809
1.627
1.217
1.147
1.465
1.257
0.863
1.418
1.261
1.610
1.492
1.183
1.353
1.592
1.233
1.286
1.240
1.527
1.212
0.997
1.043
1.247
0.722
1.099
1.324
1.703
1.185
1.102
0.860
1.657
1.745
0.967
1.181
1.906
1.300
1.274
0.733
2.769
1.795
0.942
0.990
1.043
1.174
1.112
0.966
1.109
1.550
1.363
1.522
1.295
1.347
1.242
1.406
1.533
1.369
0.992
1.411
1.533
1.642
1.309
1.133
1.223
0.856
1.398
1.340
1.424
1.378
1.643
1.221
1.194
1.248
1.651
1.355
1.271
1.836
1.715
1.492
0.996
0.992
1.607
1.071
1.287
1.188
1.199
0.965
0.901
1.132
0.946
1.364
1.047
1.528
1.063
1.116
1.120
0.747
1.161
1.459
1.217
1.418
1.028
1.381
1.577
1.433
1.252
0.730
1.083
1.126
0.968
1.028
1.086
1.190
0.756
0.967
1.308
1.054
0.886
1.250
1.078
0.720
0.903
0.724
1.071
0.678
0.873
0.867
1.020
1.299
0.714
0.761
1.231
1.264
0.833
0.625
1.268
1.079
0.970
1.350
1.722
1.501
1.362
1.130
1.376
1.030
1.175
1.528
1.198
1.055
1.146
1.024
0.725
1.102
0.780
0.801
1.104
1.284
1.062
0.929
1.016
0.746
0.834
0.803
0.891
1.048
0.814
0.808
0.698
1.293
1.443
1.291
1.138
0.950
1.223
1.102
0.653
1.197
1.402
1.205
1.302
1.715
1.102
0.794
1.282
1.791
1.160
1.171
1.130
0.930
0.893
1.470
0.627
0.809
1.094
1.181
1.074
0.951
1.353
1.194
0.786
0.688
0.971
0.578
0.873
1.099
0.660
0.998
0.914
1.025
0.797
0.644
0.824
1.129
0.884
1.158
1.211
0.988
0.755
0.908
0.635
0.870
0.886
1.251
0.795
0.724
0.572
0.574
0.822
1.080
0.625
0.663
1.008
0.614
0.803
0.973
0.596
0.794
0.920
2.356
1.296
1.031
1.006
1.164
0.793
0.857
1.086
1.178
1.277
1.655
1.107
0.886
1.044
1.527
1.337
0.947
1.005
0.586
0.666
0.887
0.945
0.961
0.759
0.924
0.997
0.904
0.844
0.846
0.729
0.669
0.749
0.956
1.090
0.859
0.565
0.948
1.798
1.731
1.459
1.158
1.087
1.054
1.183
1.087
0.755
0.880
0.680
1.061
0.619
0.716
0.680
0.863
0.940
1.168
1.059
1.391
1.585
1.807
1.434
1.240
0.861
1.021
0.844
0.926
0.923
0.802
0.946
1.137
1.185
0.906
0.717
1.689
1.482
0.700
1.041
1.060
0.911
1.163
1.013
0.852
0.533
0.902
1.018
1.058
1.291
1.273
1.236
1.162
1.184
1.257
1.084
0.835
0.697
1.336
1.344
1.385
0.940
0.659
1.117
0.828
0.801
1.013
0.839
1.122
1.137
0.886
0.483
0.957
1.434
1.187
1.160
1.062
1.190
1.328
1.824
0.889
0.995
0.860
0.919
1.020
0.679
1.077
1.178
0.898
1.043
1.018
1.052
0.702
0.945
1.367
1.250
1.260
2.316
2.189
1.551
0.954
0.853
1.250
1.089
1.314
1.350
1.156
0.921
0.849
1.310
0.968
0.913
1.029
1.503
0.997
1.244
1.685
1.026
1.302
1.581
1.558
1.390
1.110
1.566
1.383
1.375
1.205
1.618
1.342
1.414
1.196
1.111
1.429
1.334
1.174
1.060
1.171
1.071
1.519
1.198
1.274
1.367
1.739
1.273
1.392
1.613
1.329
1.653
1.323
1.636
1.310
1.415
1.170
1.683
1.813
0.864
1.579
1.222
1.480
1.072
1.380
1.250
1.155
1.083
1.537
1.473
1.431
1.723
1.460
1.541
1.519
1.156
1.330
1.367
0.974
1.353
1.343
1.309
1.515
1.393
1.656
0.978
0.947
1.280
1.231
1.014
1.315
1.540
1.164
1.469
1.599
1.635
1.827
2.252
1.849
1.644
1.910
0.949
1.194
1.053
1.208
1.126
1.597
0.859
0.795
1.164
1.493
1.517
1.516
1.548
0.733
1.701
1.442
1.223
1.046
1.203
0.808
0.936
0.822
1.386
1.565
1.324
1.327
2.079
1.427
1.381
0.871
0.916
0.822
1.244
0.988
1.014
0.922
0.890
0.609
1.021
0.943
1.814
1.306
1.413
1.297
1.115
1.084
0.878
0.890
0.963
1.252
1.259
1.028
1.109
1.144
0.993
0.928
0.883
0.870
0.821
0.795
0.980
0.684
1.163
0.904
0.915
1.243
1.208
1.065
0.680
0.587
0.934
0.801
0.975
1.060
1.044
0.752
1.073
1.276
0.694
1.070
1.370
0.735
0.941
0.958
1.016
0.908
0.977
0.917
1.491
1.374
1.393
1.028
1.178
1.305
1.192
1.028
0.997
0.802
1.015
1.093
1.262
0.862
1.034
0.907
1.414
0.935
0.820
0.957
0.924
1.075
0.845
0.934
0.737
0.925
1.182
1.060
0.873
1.215
0.851
0.822
1.126
1.050
0.904
0.927
0.880
0.912
0.915
1.104
1.063
1.028
0.772
1.012
0.942
0.763
0.693
0.573
0.992
1.215
1.639
1.261
1.122
0.753
0.727
0.802
0.824
0.969
1.268
0.972
0.937
0.806
0.646
0.670
0.794
1.427
1.219
0.806
0.764
0.575
0.865
1.003
0.985
0.573
1.010
0.853
0.643
1.525
1.163
1.243
0.778
0.843
1.704
1.444
1.506
1.243
0.929
0.932
0.946
0.564
0.774
0.551
0.866
2.727
1.922
1.762
1.533
1.193
0.724
0.603
1.162
1.058
0.928
0.912
0.712
0.753
0.650
1.713
1.894
0.793
1.740
1.632
1.525
1.024
0.807
0.950
0.970
1.040
1.360
1.146
1.404
1.308
1.161
1.033
1.222
1.284
1.444
0.974
0.914
0.878
1.205
0.983
0.881
1.587
1.110
0.645
0.584
1.236
0.945
1.047
1.047
0.873
0.529
0.975
0.948
0.876
1.040
1.100
1.512
1.856
1.383
1.147
1.024
1.027
0.951
1.037
1.315
0.860
0.984
0.943
0.944
1.295
1.148
0.987
0.864
0.811
1.113
1.161
1.017
0.802
0.946
1.270
1.296
1.569
1.187
1.120
0.936
0.927
1.222
0.720
1.087
1.283
1.298
1.135
0.721
1.123
1.240
1.856
1.384
0.680
1.462
1.163
0.938
1.497
1.044
1.538
1.206
1.021
1.181
2.165
1.506
0.982
1.690
1.322
1.495
1.425
1.007
1.477
1.300
1.313
1.191
1.333
1.385
1.194
0.994
1.545
1.349
1.284
1.087
1.246
1.408
1.969
1.418
1.069
1.421
1.262
1.668
1.618
1.521
1.304
1.440
0.980
1.344
1.227
1.056
1.077
1.501
0.983
1.417
1.411
1.376
1.567
1.562
1.138
1.305
1.170
1.302
1.222
1.152
0.897
1.235
1.175
1.113
1.260
1.381
0.765
0.988
1.299
1.880
0.731
0.951
1.046
0.947
0.983
0.749
0.886
0.627
1.083
1.032
1.137
1.237
1.426
1.198
1.005
0.739
0.810
0.875
0.964
1.164
1.338
1.400
1.064
1.040
1.298
1.246
1.483
1.325
0.803
1.130
1.277
1.433
1.318
1.363
0.991
1.122
1.020
1.344
0.839
1.002
1.028
0.999
1.035
1.072
1.108
0.832
0.843
1.134
1.385
1.352
1.450
1.978
1.594
1.527
1.582
2.250
1.026
1.127
0.937
0.925
0.951
1.536
0.734
0.898
1.235
1.454
1.502
1.217
1.320
1.373
1.175
0.904
0.895
0.985
1.223
1.162
0.973
3.320
0.710
1.127
0.974
1.112
0.603
0.732
0.662
0.777
1.074
0.822
0.919
0.525
0.764
0.949
1.136
1.047
0.853
0.902
1.238
0.648
0.747
0.803
0.698
0.928
0.494
0.857
0.742
0.875
0.977
0.902
0.666
0.605
0.760
0.901
0.767
1.079
0.971
0.789
0.864
1.135
1.289
1.240
0.738
0.797
1.093
1.211
1.684
1.017
0.956
1.359
1.314
1.536
1.300
1.106
0.987
0.885
1.031
0.665
0.737
1.064
1.084
0.943
1.176
1.115
0.725
0.730
0.507
0.756
0.843
0.611
0.661
0.645
1.000
1.324
1.364
1.148
1.099
0.968
0.726
1.049
1.110
1.144
0.591
0.710
1.085
0.821
0.874
0.645
0.559
0.624
0.750
0.762
1.885
1.841
0.732
0.865
0.934
0.787
0.781
1.105
0.658
0.765
0.840
0.588
0.935
1.455
0.850
0.971
0.647
0.828
0.949
0.874
0.945
0.809
1.157
0.652
1.254
1.195
1.324
1.306
1.368
0.876
0.411
0.707
1.500
1.878
1.014
1.166
1.183
1.022
0.967
0.957
0.910
0.767
0.832
1.253
1.616
1.039
0.760
0.987
0.770
1.055
1.123
1.313
1.461
0.763
0.865
1.039
0.888
0.990
0.942
0.914
0.963
0.998
0.820
0.645
1.236
0.719
1.096
1.012
1.101
1.243
0.694
0.777
1.033
0.846
0.774
1.024
0.614
1.209
0.856
2.483
1.756
1.195
0.960
0.618
0.641
0.704
0.928
1.091
1.134
1.171
0.857
0.681
0.889
0.815
1.050
0.615
1.015
0.858
1.128
0.901
0.840
1.060
1.215
1.176
0.996
1.695
1.691
1.601
1.539
1.142
1.019
1.198
0.971
1.803
1.516
1.484
0.826
1.205
1.297
1.498
2.770
1.713
0.877
0.828
0.838
0.927
1.123
1.141
0.884
1.048
1.194
1.568
1.050
1.027
1.507
1.026
0.896
1.142
1.298
1.520
1.120
1.409
1.726
1.659
2.049
1.662
1.026
1.309
1.701
1.383
1.659
1.299
1.513
1.100
1.016
1.212
1.190
1.236
0.968
1.056
1.608
1.246
1.004
1.238
0.912
0.962
1.077
0.956
1.310
1.395
2.191
1.776
0.955
0.959
1.180
1.123
1.259
1.005
0.979
1.177
1.681
1.424
1.584
1.485
1.391
1.009
0.822
0.865
1.197
1.164
1.375
1.255
1.634
1.323
1.023
1.134
0.986
1.251
1.611
0.990
1.672
1.465
1.394
1.299
1.255
1.109
2.038
2.344
1.318
1.296
0.721
1.236
0.955
0.664
1.099
1.426
1.104
1.010
0.980
0.955
1.032
1.219
1.079
1.153
1.248
1.503
0.954
1.265
1.207
0.969
0.849
0.973
1.248
1.356
0.938
1.297
1.181
0.790
1.202
1.157
1.247
1.004
0.875
0.666
0.726
1.296
1.005
0.894
0.997
0.738
1.139
1.045
1.011
1.062
1.386
1.314
1.344
1.227
1.487
1.408
1.408
1.356
1.308
0.740
0.808
0.919
1.038
0.744
1.319
1.537
1.241
1.298
1.100
1.586
1.097
1.230
1.112
0.819
1.204
1.241
1.885
1.563
1.460
1.260
0.747
0.648
0.905
1.241
1.250
0.933
0.788
1.062
1.918
1.833
1.678
1.662
1.077
1.517
1.509
0.901
0.887
1.315
1.297
1.265
0.862
1.392
1.041
0.615
0.885
1.301
1.194
1.182
0.764
0.591
0.783
1.100
1.597
1.237
0.896
0.945
1.000
0.881
1.055
0.851
0.923
0.774
0.830
0.988
1.153
1.302
1.431
1.568
1.153
1.110
1.163
1.521
1.358
0.781
0.819
0.546
0.871
0.884
0.633
0.993
0.955
1.218
1.004
0.668
0.772
0.840
0.999
0.772
0.854
1.215
0.959
0.776
0.903
0.782
0.781
0.641
1.045
0.932
0.885
0.919
1.154
0.764
1.166
0.946
0.851
1.563
0.979
1.069
1.023
0.940
0.711
1.147
1.072
1.027
0.781
0.928
1.021
0.723
0.803
0.571
0.975
0.883
1.341
0.930
0.756
0.911
0.969
0.810
0.775
0.815
0.903
1.253
0.859
1.919
1.168
1.619
1.320
0.988
0.961
0.847
0.995
0.946
1.030
1.013
0.731
0.930
1.015
1.254
0.977
1.045
0.803
1.040
0.814
0.641
1.345
1.237
0.751
1.115
1.139
1.293
1.258
1.097
0.681
0.924
0.740
0.882
0.986
1.251
1.078
0.609
1.057
0.738
1.066
1.085
1.168
1.183
1.063
1.008
1.079
0.898
0.880
0.995
0.983
1.218
1.333
1.546
1.086
0.818
1.551
2.011
1.644
0.821
0.622
0.809
1.038
0.819
1.259
1.192
1.371
1.194
1.861
0.530
1.332
1.172
1.021
0.736
1.193
0.775
1.156
0.949
1.263
1.117
0.892
0.864
0.975
1.139
0.912
1.239
0.864
1.291
0.835
1.318
0.701
0.981
1.098
1.200
1.363
1.194
0.952
1.223
1.276
1.323
1.396
1.411
1.602
1.664
1.322
1.043
1.233
1.353
1.206
1.031
1.263
1.353
1.245
1.323
1.337
1.054
1.586
1.700
1.419
1.636
1.270
1.429
0.872
0.953
1.093
1.188
1.232
0.933
1.025
1.299
1.001
1.480
1.729
0.865
1.103
0.982
1.115
1.107
1.379
1.564
1.785
1.549
1.352
0.754
1.576
0.877
0.937
1.157
1.327
1.458
1.435
1.302
1.342
1.415
0.868
1.154
0.983
1.218
1.417
1.241
1.223
1.333
1.045
1.444
1.055
1.124
0.932
1.271
1.342
1.456
1.373
1.480
1.152
0.837
1.393
1.346
1.308
1.156
0.991
1.387
1.258
1.241
0.936
1.713
1.494
1.237
1.650
1.661
1.136
0.901
0.941
0.757
1.174
1.670
1.205
1.129
1.296
1.459
1.252
1.445
1.413
1.547
1.596
1.087
1.581
1.734
1.542
1.391
1.657
1.721
1.811
1.964
1.752
0.808
1.395
0.991
0.990
1.247
1.600
1.223
1.215
1.337
1.607
1.595
1.701
1.106
1.395
1.242
1.260
1.069
1.820
1.299
1.637
1.324
1.731
1.665
1.573
1.366
1.011
1.187
0.828
0.844
0.816
0.673
0.778
0.612
0.548
0.453
0.890
1.310
1.423
0.732
1.075
0.871
1.515
1.233
1.614
1.463
2.040
1.628
1.588
1.730
1.620
1.278
1.346
0.684
1.038
1.263
1.047
1.107
1.049
1.107
0.901
0.877
0.775
0.951
1.178
1.294
1.117
0.867
0.926
0.986
0.893
0.912
0.876
0.759
1.248
1.119
1.055
0.939
1.268
0.937
1.292
1.335
1.027
0.901
0.991
0.923
1.227
1.245
1.523
1.030
0.862
0.813
1.113
0.955
0.779
0.733
1.078
0.932
1.019
1.049
0.522
0.990
0.543
0.912
0.774
1.088
1.105
0.787
0.661
1.066
0.789
0.943
1.040
1.272
1.229
0.566
0.889
0.895
1.123
1.156
0.877
0.876
1.160
1.019
1.374
1.052
1.015
1.415
1.493
1.189
1.200
0.802
1.326
0.940
1.061
1.001
0.758
0.653
0.727
0.786
1.056
1.269
0.994
0.806
0.771
1.001
1.173
0.989
0.684
1.518
1.369
0.541
0.813
0.906
1.140
1.000
0.857
1.006
1.286
1.255
1.073
1.280
1.339
0.850
0.637
0.967
1.012
1.022
1.237
0.885
0.998
0.880
0.934
0.870
0.847
0.860
0.763
1.058
1.188
0.859
0.932
0.869
1.267
0.877
0.891
2.013
1.883
1.951
1.636
1.295
0.921
0.824
0.748
1.200
1.693
1.056
0.731
0.868
1.451
1.099
1.605
1.330
0.918
0.940
1.132
1.229
1.144
1.103
1.017
0.971
1.142
0.883
1.070
0.915
1.113
1.243
1.276
1.470
1.357
0.994
0.891
1.035
0.560
1.089
1.261
1.874
0.986
0.624
1.022
0.965
0.745
1.213
1.255
0.663
0.889
1.144
1.841
1.216
1.363
1.098
0.870
1.157
1.541
1.318
1.316
1.109
1.203
1.457
1.739
1.563
1.311
1.150
1.413
1.483
1.344
1.360
1.610
1.230
1.444
1.443
1.119
1.183
1.105
1.260
1.195
1.308
1.414
1.140
0.920
0.906
1.443
1.407
0.978
1.189
1.686
1.439
1.315
1.079
1.094
1.039
1.367
1.186
1.317
1.538
1.001
1.072
0.976
0.991
1.143
1.777
1.777
0.966
1.128
1.794
1.506
1.224
0.949
1.532
1.521
1.097
1.176
1.212
1.330
1.443
1.355
0.929
1.387
1.031
0.782
1.433
1.141
1.927
1.348
1.069
0.976
1.160
1.394
0.949
1.345
1.323
0.741
1.240
0.833
0.763
1.218
1.163
1.430
0.960
0.748
1.297
1.382
1.109
1.480
1.154
1.354
1.203
1.169
1.132
0.879
0.545
0.825
1.462
1.083
1.508
1.074
0.962
1.204
0.745
1.467
1.107
0.963
1.553
0.900
0.892
1.014
1.037
1.334
1.255
1.045
1.026
1.992
0.888
0.868
0.979
0.868
1.106
1.197
1.012
0.738
0.848
0.769
1.274
0.676
1.200
1.485
1.102
0.881
1.085
0.811
0.837
1.051
1.272
1.242
0.861
1.101
1.414
1.495
1.590
1.318
1.092
0.725
1.358
1.033
1.047
1.178
1.317
0.938
1.358
1.162
0.913
1.355
1.139
1.000
0.944
0.864
1.157
1.026
0.983
1.019
1.134
0.912
0.892
0.499
0.740
0.808
1.079
1.150
1.405
1.006
0.502
1.104
1.027
0.965
0.955
0.551
0.565
0.875
0.689
0.549
0.969
1.138
1.199
0.721
0.596
0.879
0.948
0.994
0.987
1.109
1.423
1.071
1.102
1.184
0.786
0.861
0.945
0.856
1.282
1.083
0.901
0.804
0.896
0.778
0.583
0.619
1.151
0.815
0.755
0.745
0.715
0.598
0.782
0.689
0.881
0.830
0.804
0.687
0.839
0.825
0.919
0.825
0.572
1.059
1.153
1.070
0.969
0.838
0.639
0.876
1.011
1.167
1.140
1.144
0.845
0.673
1.210
1.208
0.850
0.719
1.014
0.618
1.011
0.937
0.961
0.590
0.681
0.709
0.744
0.577
0.936
1.005
0.644
0.844
0.896
1.110
0.893
0.528
1.082
1.245
0.785
1.259
1.155
1.232
0.799
0.804
0.842
0.866
0.892
1.020
1.312
1.237
0.880
0.789
1.679
0.976
1.057
0.766
1.002
1.036
1.056
0.816
0.737
0.561
0.778
0.763
0.881
0.962
1.001
1.140
1.092
0.752
0.735
0.928
0.587
0.893
0.888
1.272
1.781
1.274
0.669
0.950
0.754
1.229
1.323
1.710
1.707
1.648
1.633
0.981
1.071
1.186
1.182
0.891
1.125
1.333
0.941
1.245
0.942
1.199
0.959
1.274
0.707
1.134
1.012
0.817
0.890
1.069
1.040
1.071
1.267
0.730
1.121
1.277
1.529
1.216
1.250
1.281
0.664
0.971
0.907
1.820
1.583
1.339
1.261
0.940
1.225
0.985
1.135
1.305
1.260
1.089
1.116
1.126
1.310
0.942
1.570
1.303
1.283
1.601
1.472
1.437
1.000
1.407
1.466
1.035
1.072
1.096
1.149
1.132
1.121
1.209
1.763
1.254
1.486
1.167
1.214
1.083
0.926
1.507
1.289
1.419
1.309
1.734
1.098
1.193
1.247
1.418
1.427
1.536
1.230
1.377
1.358
1.063
1.086
1.429
1.557
1.075
1.342
1.424
1.230
1.009
1.275
1.241
1.121
1.325
1.267
1.088
1.577
1.249
1.545
1.301
1.348
1.571
1.551
1.015
1.384
0.940
1.011
1.344
1.466
0.747
1.195
1.323
1.354
0.920
1.501
0.843
1.626
1.229
1.197
1.092
1.343
0.843
0.881
0.806
0.894
0.823
1.225
1.402
1.364
1.485
1.636
1.213
1.345
1.322
1.182
0.882
0.910
1.028
1.028
1.033
1.040
1.335
1.388
1.290
1.015
0.729
1.117
1.466
1.119
1.256
1.342
1.441
1.230
1.052
1.221
1.365
1.183
1.114
1.166
1.308
1.125
1.296
1.663
1.390
1.112
0.688
0.818
0.992
1.064
1.214
0.766
0.611
0.889
0.933
0.900
0.891
0.827
0.690
0.800
0.912
0.886
1.267
1.033
1.418
1.476
1.262
1.356
1.372
1.568
1.495
1.483
1.370
1.373
1.442
1.501
1.428
1.047
1.046
0.970
1.460
0.993
0.871
0.834
1.170
1.657
0.959
1.103
1.310
1.206
1.059
1.412
0.876
1.057
0.938
0.576
0.820
1.059
1.066
0.884
0.857
0.748
0.795
0.889
0.691
0.640
0.717
1.037
1.033
0.955
0.715
0.581
0.808
1.079
0.795
0.825
1.224
0.849
0.786
1.459
1.215
1.258
1.116
0.915
0.831
1.043
0.940
1.072
1.122
0.965
0.769
0.754
0.654
0.874
0.735
0.715
0.694
0.736
0.421
0.822
0.765
0.766
1.006
1.080
1.041
0.863
0.794
1.244
0.979
1.322
1.096
1.034
1.360
0.839
0.792
0.827
1.139
0.746
1.063
0.807
0.739
0.672
0.720
1.133
0.980
0.558
0.946
1.517
1.423
1.997
1.388
0.903
1.048
0.854
1.200
0.896
1.098
1.494
0.902
1.273
1.027
1.060
0.941
0.783
0.820
0.854
0.640
0.808
0.840
0.928
0.691
0.640
1.571
1.735
1.385
0.897
1.054
0.918
0.760
0.682
0.886
0.760
0.822
0.993
0.834
1.089
0.887
1.159
1.369
0.766
0.920
0.982
0.848
0.862
0.770
1.107
0.982
0.839
0.838
0.920
0.838
0.514
0.952
0.796
0.779
0.700
0.856
0.990
0.881
0.805
1.049
0.920
0.874
1.231
1.239
0.984
0.724
1.081
1.268
0.974
1.034
1.161
1.065
1.015
1.068
0.918
1.058
1.253
0.835
0.740
1.070
1.117
1.228
1.212
1.078
1.138
0.913
0.824
1.426
2.048
1.516
0.730
0.696
1.437
1.454
1.245
0.992
1.000
0.906
0.977
1.024
1.295
0.933
1.432
1.263
0.833
0.800
1.137
1.148
1.111
1.013
0.703
1.246
1.213
1.220
1.277
1.239
1.425
2.100
1.257
0.841
0.832
1.064
1.395
1.466
1.509
0.991
0.643
1.119
1.219
0.985
1.112
1.142
1.297
2.261
1.590
1.978
1.876
1.410
0.856
1.001
0.978
0.971
1.137
0.778
1.633
1.165
1.167
0.974
2.306
2.006
0.680
0.901
1.301
1.009
1.070
1.059
1.410
1.366
1.376
0.993
0.779
1.312
1.560
1.296
1.403
1.478
0.889
1.358
1.004
1.156
1.212
1.297
1.157
1.000
0.898
0.831
1.055
1.298
1.032
0.979
2.397
1.512
1.296
1.395
1.150
1.068
1.391
0.941
1.217
1.471
1.437
1.116
1.556
1.347
1.427
1.017
1.969
1.393
1.258
1.018
0.918
2.413
1.287
1.145
1.321
1.146
1.281
1.359
1.243
1.011
1.403
0.943
0.877
0.823
0.923
1.457
1.641
1.373
1.321
0.821
1.210
1.345
0.788
1.323
1.235
1.095
0.905
1.418
1.602
1.322
0.714
1.215
1.524
1.097
1.432
1.239
0.985
1.281
1.396
1.707
1.173
0.927
0.905
0.566
0.883
0.427
1.206
1.080
0.850
0.942
1.072
1.407
0.973
1.090
0.918
0.764
1.677
1.537
0.921
0.816
0.781
0.677
1.070
1.186
1.109
0.977
1.080
0.907
1.073
1.194
1.128
0.931
0.913
0.960
1.388
1.163
1.485
1.294
1.234
1.306
1.164
1.356
1.141
0.994
1.181
1.230
1.443
1.280
1.344
1.124
1.496
1.386
1.244
1.191
1.204
1.597
0.790
1.020
0.393
0.635
0.884
0.772
0.822
1.154
1.474
1.203
0.983
0.970
0.899
0.939
0.591
0.820
1.398
1.749
1.094
1.262
1.150
1.397
0.865
0.815
1.214
0.959
1.185
1.415
0.730
1.131
1.010
1.470
0.813
0.535
0.559
0.927
0.853
0.966
0.884
0.897
1.071
1.131
1.015
0.836
0.909
1.279
0.819
0.931
0.799
0.677
0.860
1.046
1.206
1.610
1.050
0.991
0.889
0.656
0.854
0.858
0.609
0.656
0.997
1.104
0.779
0.870
0.795
0.776
0.781
1.147
1.291
1.074
0.635
0.719
0.634
0.715
0.732
0.943
0.601
0.624
0.897
1.095
0.961
0.885
0.848
0.550
0.961
1.053
0.767
1.010
2.117
1.952
1.611
1.271
0.925
0.844
1.003
0.936
0.766
1.059
1.860
1.328
0.905
1.295
1.687
1.494
1.135
0.905
0.775
0.613
0.722
1.297
1.528
1.448
0.864
0.905
1.088
0.760
0.991
1.490
0.975
0.809
0.906
0.832
0.799
0.960
0.621
0.827
1.473
1.957
0.891
0.825
0.735
1.123
0.949
1.126
1.085
0.878
0.777
0.799
1.025
1.119
0.856
0.942
0.966
0.874
0.937
1.008
1.055
0.866
1.063
0.966
1.340
1.201
1.082
1.148
1.047
1.280
0.829
1.043
1.086
0.585
0.766
1.243
1.371
1.006
0.662
0.880
0.977
1.119
0.993
0.939
0.889
0.999
1.023
0.915
1.430
1.785
0.898
1.147
1.285
1.210
0.733
1.513
1.553
2.070
1.386
0.911
0.933
0.768
1.101
1.352
1.050
1.007
1.299
0.969
0.811
1.206
1.218
1.581
0.617
1.127
1.094
1.439
0.960
1.012
1.102
1.074
1.224
1.125
0.828
1.319
0.770
1.346
1.311
1.095
1.042
1.346
1.422
1.410
1.908
2.084
1.002
1.191
1.236
0.877
1.217
1.095
1.222
1.072
1.703
1.101
1.614
1.165
1.248
1.353
1.658
1.253
1.259
0.880
1.145
0.806
1.346
1.111
0.887
1.778
1.387
1.441
1.133
1.023
0.726
1.158
1.244
1.381
1.428
1.457
1.188
0.973
1.077
1.185
0.871
1.642
1.403
1.665
1.856
1.081
0.937
0.916
0.995
0.808
0.755
0.889
0.538
1.188
0.694
0.823
1.560
1.111
1.093
1.402
1.154
0.928
1.267
1.029
0.996
0.923
0.733
1.225
0.778
0.575
0.859
1.257
1.162
0.970
0.762
0.888
1.338
1.440
1.393
0.906
1.086
1.003
0.731
0.741
0.920
1.124
1.575
1.041
1.359
0.909
0.745
0.906
0.903
1.186
1.146
1.124
1.274
1.140
0.937
0.850
0.616
1.397
0.930
1.343
1.196
0.791
0.771
0.619
1.246
1.065
1.005
1.160
1.251
0.835
0.687
1.103
1.135
1.085
1.054
1.087
1.006
0.832
1.102
1.107
1.660
1.886
1.160
1.430
1.173
1.155
0.943
1.276
0.767
1.099
1.574
1.508
1.117
0.985
0.857
1.332
1.497
0.807
0.970
2.122
1.306
1.646
1.074
0.821
0.962
1.110
1.068
1.013
1.279
1.095
0.860
1.433
0.847
1.038
1.018
1.620
0.817
0.964
1.024
1.177
0.816
0.904
0.841
1.204
0.899
0.865
0.949
0.704
1.232
1.522
1.366
1.325
1.216
1.593
1.272
1.458
1.166
0.997
1.186
1.125
0.624
0.828
1.066
0.881
0.741
0.941
1.110
0.808
1.148
1.241
1.060
0.998
0.973
0.761
0.952
0.873
0.958
1.028
0.893
0.828
1.084
1.080
0.782
0.753
0.716
0.643
0.672
1.029
0.770
1.205
1.105
1.020
1.189
0.982
0.942
0.645
0.702
0.802
0.961
0.893
0.666
0.542
1.637
1.412
1.013
0.958
1.961
1.663
1.268
0.768
1.108
1.172
0.849
0.789
1.201
1.580
0.916
0.674
0.645
0.873
1.167
1.269
0.815
1.200
1.217
1.384
1.113
0.644
0.636
1.449
1.533
1.415
0.960
0.618
0.963
0.748
0.946
1.266
1.073
0.773
0.838
0.767
1.190
1.345
0.947
0.525
1.449
1.047
1.285
0.681
1.172
1.084
0.978
1.089
0.977
1.279
1.224
1.096
1.045
1.578
1.144
0.782
0.901
1.061
0.964
0.718
0.850
0.941
0.970
1.301
1.238
1.138
0.880
1.861
2.341
1.472
1.576
1.396
1.385
1.300
0.472
1.009
1.153
1.228
0.884
1.552
2.513
1.251
0.740
1.185
0.882
1.279
1.388
1.929
1.335
0.770
1.178
0.666
0.875
1.402
1.269
1.140
1.089
1.121
1.089
1.476
1.972
2.818
1.910
1.556
0.855
0.735
1.228
0.729
0.784
1.310
1.322
1.068
1.400
1.528
1.340
0.923
1.047
1.550
1.002
1.363
1.595
1.497
1.164
1.215
1.000
1.748
1.081
0.953
1.085
0.680
1.187
1.176
1.090
1.320
1.453
1.307
1.574
1.419
1.054
1.001
1.344
1.432
0.787
1.184
1.296
1.381
1.319
1.774
1.431
2.149
1.725
1.174
1.530
1.190
1.215
1.318
1.472
1.330
1.296
1.032
1.341
1.347
1.220
1.181
1.077
1.483
1.554
0.969
0.860
0.862
1.474
1.123
1.626
1.559
1.070
1.208
1.143
1.597
1.527
0.817
0.768
1.336
1.039
1.048
1.322
1.527
1.134
1.212
0.911
0.988
0.654
1.173
1.128
1.284
1.125
1.194
1.240
0.965
1.337
0.940
1.134
1.000
0.727
0.804
0.831
1.285
1.322
1.639
1.435
1.424
1.031
1.162
1.642
1.408
1.112
1.530
1.062
1.053
1.514
1.399
1.735
1.298
1.127
0.654
0.860
1.024
1.249
1.033
1.042
1.495
1.457
1.099
1.032
1.263
1.145
1.040
0.803
1.230
1.119
1.229
1.425
1.151
1.565
1.235
1.502
1.441
1.296
1.756
1.520
1.233
0.788
0.823
1.341
1.560
1.856
1.841
1.404
1.204
0.934
0.684
0.899
0.971
1.250
0.919
1.126
1.284
0.709
0.719
0.864
1.195
0.778
0.732
1.474
0.878
0.692
0.931
1.081
0.714
0.888
0.734
1.102
1.243
1.069
0.814
1.255
1.160
1.073
1.106
0.943
0.906
0.742
0.876
0.907
0.786
0.921
1.183
0.942
0.862
1.278
1.096
1.272
0.833
1.084
1.067
0.534
0.733
1.013
1.089
0.754
1.002
0.666
0.995
1.181
1.070
0.668
1.004
1.191
0.910
0.633
0.721
0.964
1.002
0.754
0.867
0.778
0.474
0.460
1.045
0.847
0.903
0.917
1.122
0.772
0.856
1.012
0.936
1.014
0.769
0.583
0.877
0.878
0.719
0.706
0.903
1.169
0.862
0.857
0.688
0.756
1.010
0.878
0.873
1.994
1.612
0.984
0.907
1.052
0.924
1.058
0.980
0.963
0.755
1.263
1.154
0.850
0.901
1.351
1.915
1.931
1.590
1.134
1.257
1.285
2.131
1.967
1.943
1.719
1.607
1.706
1.501
0.995
0.651
0.534
1.091
1.227
1.193
1.325
0.977
1.624
1.308
1.183
0.768
0.767
1.040
1.082
0.794
0.637
0.740
0.948
0.810
0.776
0.742
0.807
0.537
0.827
1.031
0.815
1.142
1.401
1.042
1.179
0.847
1.377
1.092
0.684
1.112
1.174
0.860
0.816
0.803
0.838
1.163
0.759
0.904
1.220
1.271
1.035
1.057
1.317
1.594
1.386
1.573
1.045
1.240
1.271
1.091
1.315
1.251
0.971
0.915
0.711
1.509
1.492
1.386
1.240
0.650
0.698
0.770
1.463
1.198
1.114
1.545
1.421
1.417
1.012
1.416
1.708
1.990
1.343
1.148
0.834
0.913
0.948
1.385
1.141
0.940
1.307
1.076
1.206
1.227
1.018
1.560
1.466
1.085
1.202
1.528
1.290
1.000
1.311
0.952
0.974
0.900
1.278
1.454
1.496
1.460
0.971
1.572
1.510
1.328
1.527
0.973
1.246
2.391
1.224
0.945
1.137
1.371
1.573
0.988
1.197
1.119
1.374
1.319
1.022
0.823
1.029
1.139
1.631
1.535
1.500
1.284
1.417
1.299
0.978
1.498
1.491
1.330
1.022
1.258
0.943
1.306
1.216
1.411
1.293
0.904
0.923
1.054
1.016
0.775
1.173
1.197
1.934
0.986
0.950
0.903
1.053
1.014
1.277
1.380
1.247
1.499
1.525
1.162
1.132
1.525
1.222
1.052
1.481
1.135
1.649
0.978
1.530
1.002
1.022
1.389
1.120
2.001
0.877
1.101
1.058
1.209
1.199
1.511
0.914
1.265
1.268
1.165
1.279
0.960
1.341
1.311
1.227
1.025
1.085
0.827
1.033
1.269
1.100
0.681
1.154
1.124
0.883
1.284
0.827
0.532
0.915
0.960
0.634
0.835
0.800
1.034
1.398
1.269
1.865
1.014
1.003
1.145
0.820
0.666
1.176
0.940
1.138
1.612
1.481
0.731
0.661
0.818
0.931
1.042
0.918
1.068
0.907
0.765
1.339
1.357
1.586
1.306
0.734
0.923
1.107
1.254
0.972
1.288
1.137
0.977
0.890
1.073
1.013
1.495
1.194
0.677
1.318
1.156
1.323
1.038
1.319
0.861
1.434
1.241
1.253
1.351
1.407
1.104
1.370
1.009
1.277
1.926
1.480
1.351
0.831
0.936
0.683
0.633
0.851
1.215
1.475
1.386
0.959
1.009
0.885
0.789
1.402
1.153
0.667
1.088
1.095
0.907
0.819
1.048
0.906
0.752
1.133
1.113
1.015
0.866
0.811
1.027
1.336
0.868
1.049
0.912
0.947
1.110
1.085
0.679
0.912
1.137
1.597
1.049
1.100
0.953
0.886
0.862
1.088
0.652
0.943
0.787
0.870
0.876
0.646
0.934
1.074
1.023
1.037
0.606
0.949
0.733
0.632
0.781
1.132
1.266
1.005
1.284
1.495
0.756
0.832
0.893
0.985
0.977
0.729
1.063
1.056
0.817
0.635
0.902
0.908
1.399
1.901
1.205
1.130
0.988
0.832
0.739
0.839
0.777
0.917
0.788
1.236
2.480
1.663
1.069
1.050
1.146
0.996
0.981
1.174
0.853
0.702
0.936
1.083
0.857
0.888
0.802
2.622
1.137
0.775
0.822
0.798
1.391
2.096
1.399
0.687
0.931
1.127
1.361
0.928
0.960
1.149
1.075
1.022
0.910
0.900
1.166
1.307
1.072
1.287
1.001
1.036
1.047
1.059
1.181
1.180
0.826
1.237
1.016
1.073
0.904
1.322
1.240
1.531
1.416
1.168
0.990
0.894
1.328
1.092
0.912
1.103
1.015
0.969
0.749
0.711
0.832
0.982
1.362
1.037
1.181
1.297
1.039
0.981
1.047
1.074
1.173
1.200
1.246
1.067
3.011
1.170
1.583
1.916
1.110
1.011
1.020
1.116
0.876
0.736
1.149
0.904
1.009
1.038
0.805
1.015
1.120
1.000
1.284
1.195
1.274
0.899
1.550
1.701
1.453
1.767
1.512
1.124
1.170
1.325
1.502
1.843
1.327
1.272
1.230
1.339
1.250
1.289
0.724
1.101
1.332
1.559
0.930
0.953
1.019
1.119
1.574
0.969
1.392
1.045
1.758
1.183
1.435
0.963
1.334
1.144
1.195
1.213
1.297
1.310
1.225
1.607
1.011
1.199
1.055
1.361
1.536
2.009
1.115
1.499
1.902
1.348
1.056
1.425
1.047
0.717
0.959
1.628
1.378
1.171
1.231
1.094
1.230
1.112
0.897
0.914
0.625
1.151
0.843
0.892
1.004
1.044
1.107
0.915
0.982
0.959
0.971
1.652
1.714
1.585
1.429
1.107
1.361
1.314
1.163
1.034
1.494
1.680
1.400
0.890
0.830
0.770
1.353
1.810
0.934
0.982
1.434
0.903
1.081
0.874
1.283
1.513
1.258
0.909
1.333
1.760
1.350
0.881
0.896
0.952
1.051
1.250
1.217
0.843
1.584
1.145
1.466
0.948
1.132
0.685
0.994
0.681
0.934
0.886
0.870
1.010
0.863
0.678
1.251
1.021
1.047
0.906
1.052
0.990
0.909
1.066
0.792
1.472
1.059
1.207
0.912
1.050
1.132
1.116
0.956
1.049
1.021
1.193
1.146
0.555
0.514
0.810
0.793
0.796
0.929
0.881
1.249
1.006
0.728
0.757
0.896
0.878
0.561
0.893
1.606
0.974
0.965
0.858
0.730
1.155
0.938
0.950
1.577
1.515
1.021
0.764
1.287
0.811
0.830
1.077
0.924
1.438
1.037
0.999
1.006
0.889
0.964
1.011
1.376
1.466
1.251
0.796
1.301
1.355
1.133
1.364
0.846
0.852
1.257
1.094
1.337
0.731
0.729
0.811
0.962
1.185
0.709
0.733
0.777
0.823
0.756
0.617
0.879
1.283
1.137
0.913
0.779
0.882
0.792
0.764
0.773
0.724
0.672
0.621
0.577
1.046
1.035
0.953
1.050
0.824
0.760
1.129
1.695
1.471
1.154
1.149
1.380
0.970
0.807
1.009
0.529
0.898
1.049
0.938
1.090
1.192
0.851
1.323
1.138
1.004
0.781
0.905
0.654
0.712
0.743
0.801
0.942
1.186
1.494
0.861
1.234
1.861
1.936
1.840
1.404
1.165
0.912
0.965
0.915
0.779
0.609
1.476
1.531
1.227
1.281
1.327
1.308
0.789
0.928
0.845
0.907
0.742
1.112
0.884
0.869
0.638
0.658
0.839
0.911
1.356
1.613
1.454
1.345
0.843
0.795
0.929
1.340
1.021
1.208
0.925
0.797
0.832
0.608
0.835
0.824
0.952
1.526
1.288
0.938
1.072
1.157
0.945
0.954
1.235
1.311
1.292
0.546
0.852
1.466
1.319
1.082
0.767
0.947
1.408
1.209
1.137
1.055
1.092
0.810
0.900
1.071
1.107
0.910
0.895
1.019
1.040
1.077
0.621
0.897
0.985
1.289
1.303
1.091
0.980
1.045
0.745
0.586
1.115
1.172
1.103
1.344
0.975
1.313
1.247
1.206
0.943
1.316
0.867
1.381
1.123
1.025
1.362
1.288
1.364
0.921
1.022
0.897
1.019
1.137
1.209
1.128
1.255
1.102
1.625
1.383
1.291
1.630
1.277
1.291
1.536
1.191
1.721
1.300
0.920
1.352
1.442
1.004
0.641
1.090
1.530
1.294
1.049
1.276
1.228
0.842
1.104
1.379
1.217
1.683
1.206
1.154
1.360
1.016
2.317
1.342
1.010
1.214
1.129
1.061
1.198
1.140
1.262
1.462
1.645
1.699
1.608
1.463
1.281
1.855
1.855
2.083
1.498
1.244
1.369
0.948
0.837
1.064
1.099
1.134
1.282
1.194
0.880
1.190
1.036
1.084
0.950
1.325
1.304
0.818
0.578
1.084
1.197
1.031
1.169
0.944
1.056
0.669
0.766
1.646
1.596
1.583
1.143
1.488
1.224
1.267
1.043
0.884
1.330
1.866
1.098
1.609
1.796
1.276
1.414
1.742
1.177
1.032
0.924
0.787
0.813
0.911
1.239
0.661
0.933
0.894
1.542
1.335
1.707
1.336
1.341
1.203
0.889
0.787
1.551
1.015
0.865
1.189
1.059
1.160
0.681
1.124
0.836
0.844
0.923
1.259
1.124
1.134
1.065
1.843
1.714
1.363
1.193
1.237
0.790
0.482
0.888
0.901
1.110
1.300
1.089
0.835
0.972
1.199
0.968
1.001
1.141
1.076
0.869
1.243
1.315
1.257
1.372
1.015
0.903
1.078
1.165
1.493
1.226
1.216
1.334
1.010
0.717
0.798
0.894
1.413
1.210
1.128
0.931
1.023
0.865
0.721
1.175
1.029
1.069
1.246
1.034
1.409
1.072
1.485
1.330
1.352
1.297
1.179
0.725
0.808
0.969
0.892
0.622
0.826
0.985
0.845
1.608
0.872
0.794
0.698
0.992
1.016
1.043
0.955
0.608
0.729
0.805
1.079
0.931
0.988
0.695
0.933
0.914
0.936
1.179
0.940
0.968
1.745
0.803
0.399
0.795
0.977
0.926
0.793
1.235
1.058
0.974
1.237
0.978
0.809
0.643
1.254
0.866
1.256
1.008
0.696
0.874
1.009
1.343
1.180
1.204
0.562
0.470
1.045
1.689
1.569
1.375
0.917
0.991
1.397
1.024
0.654
1.255
1.072
0.664
0.770
0.996
1.105
0.920
0.684
0.964
1.059
0.955
0.699
0.903
0.618
0.627
0.697
0.731
0.905
1.025
0.666
0.774
0.770
0.631
0.966
0.954
1.074
1.354
1.216
0.908
0.897
0.710
0.797
0.884
0.959
1.046
0.878
0.759
0.655
0.566
1.041
2.083
1.873
1.077
0.813
1.743
1.478
1.137
0.839
0.923
0.919
1.804
1.455
1.000
1.236
0.536
1.061
0.637
0.708
0.401
0.507
0.830
0.807
0.927
0.946
1.173
0.830
0.762
1.058
0.774
1.207
0.967
0.856
0.939
1.115
0.878
0.930
0.919
0.802
1.407
1.348
1.076
0.842
0.673
0.998
0.979
0.956
0.985
0.937
1.164
1.217
1.244
0.970
0.932
1.759
0.568
0.993
0.852
0.880
0.973
1.063
1.089
1.043
1.058
1.061
0.908
1.159
1.125
0.954
1.011
2.053
1.694
1.043
0.723
1.014
1.350
1.401
1.102
1.573
1.525
1.365
1.335
1.309
1.072
1.076
1.362
1.440
0.872
1.024
1.235
1.109
1.533
1.356
1.110
0.692
1.112
1.224
1.245
1.561
1.556
1.497
1.181
1.801
1.345
1.167
1.042
0.985
1.103
1.254
1.425
1.130
1.099
0.957
1.269
1.068
0.887
1.236
1.343
1.119
1.256
1.230
1.363
0.817
1.423
1.169
1.054
1.491
1.519
1.127
1.046
0.832
1.357
1.646
1.580
1.607
1.306
0.949
1.011
0.695
0.798
0.994
1.233
0.956
1.326
1.066
1.390
1.269
1.055
1.172
1.120
0.859
1.164
1.130
1.137
1.641
1.184
1.026
1.232
1.670
0.934
0.833
1.028
0.863
0.879
0.899
0.968
1.077
1.411
1.441
1.162
0.622
1.434
1.269
1.149
0.932
1.053
0.972
1.217
1.038
1.121
0.856
0.894
0.782
1.050
1.266
1.183
1.155
1.338
1.548
1.269
0.948
0.731
1.182
1.004
0.861
0.823
1.146
1.040
1.149
0.909
0.945
1.021
1.120
0.895
0.586
1.051
0.702
0.771
0.690
0.684
0.902
1.140
1.574
1.654
1.817
1.747
1.387
1.188
1.439
0.670
1.537
1.823
1.226
1.044
1.182
1.369
1.517
1.200
0.814
0.788
0.936
0.946
1.014
0.696
0.833
0.907
0.505
0.691
0.712
1.166
0.801
0.745
1.096
0.705
1.047
1.137
0.868
0.796
0.830
0.450
0.829
1.284
1.161
0.670
1.021
1.014
0.649
0.890
1.026
1.205
0.946
0.647
0.898
0.593
0.949
1.039
1.573
0.848
0.649
0.952
1.091
0.688
1.001
1.501
0.928
1.138
0.925
0.933
0.973
0.869
1.442
0.992
0.934
0.921
1.093
0.978
1.062
0.928
0.850
0.773
1.028
0.687
0.736
1.348
1.342
1.282
0.994
1.010
1.032
1.133
1.149
1.138
1.007
0.602
1.057
0.888
0.849
1.153
1.829
2.125
1.645
1.836
1.790
1.735
1.284
1.173
1.342
1.083
1.199
0.861
0.830
1.000
0.686
0.717
1.280
1.068
1.033
1.146
1.090
0.886
0.753
0.958
0.699
1.459
1.325
0.800
1.173
0.701
0.859
0.904
0.836
0.814
1.633
2.186
1.726
1.607
1.368
0.903
0.908
0.856
1.256
1.186
1.052
0.872
1.107
0.809
1.166
0.848
1.242
1.549
1.346
1.637
0.987
0.964
1.681
1.888
1.230
0.975
0.904
1.312
1.425
0.798
1.027
1.425
1.273
1.201
1.201
1.142
1.075
1.279
0.689
1.289
1.155
1.168
1.142
0.762
1.182
0.764
1.078
0.996
0.984
0.699
1.149
1.714
1.085
0.986
0.925
1.002
0.862
1.147
1.202
1.068
1.057
0.848
1.239
0.877
1.210
1.037
1.029
1.946
2.495
2.034
1.266
0.797
1.263
1.272
0.964
1.526
0.842
1.030
1.124
1.506
0.728
0.684
1.274
1.109
0.632
1.061
1.642
2.141
2.173
1.585
0.915
0.720
0.610
1.094
1.346
0.982
1.443
1.596
1.246
1.320
0.618
0.906
0.974
1.412
1.503
1.063
1.194
1.236
1.152
0.823
0.965
1.414
1.458
1.346
0.783
0.846
1.281
0.996
1.098
1.594
1.804
1.694
1.520
1.098
1.266
0.903
1.054
1.244
1.465
1.084
1.197
0.945
1.015
1.198
1.352
1.477
1.330
0.893
1.310
1.340
1.393
1.482
1.680
1.629
1.397
1.492
0.925
2.615
1.400
1.092
1.229
1.479
1.400
1.249
1.258
1.097
1.028
1.305
1.612
1.415
0.934
1.123
0.958
1.349
0.992
1.739
1.487
1.181
1.185
0.897
1.131
1.032
1.543
1.469
0.763
0.759
2.161
1.963
1.221
1.351
1.292
1.074
1.079
1.168
1.115
0.887
2.193
1.071
1.288
1.236
1.161
1.256
0.674
1.332
1.572
0.854
1.391
1.278
1.407
1.345
0.872
0.734
1.223
1.119
1.013
0.936
0.797
0.753
1.043
1.107
1.214
1.323
1.753
1.474
1.227
1.355
1.482
1.770
1.764
2.077
1.042
0.953
1.712
1.371
0.997
1.288
0.929
0.773
1.439
1.111
0.818
1.105
1.229
0.898
1.423
1.531
1.521
1.269
0.984
1.139
1.217
1.167
0.726
0.908
0.848
0.752
1.044
1.387
1.800
0.724
0.910
1.064
1.099
1.337
0.917
1.413
1.591
0.872
0.832
0.560
1.155
0.759
0.972
0.994
0.696
0.956
0.666
0.898
1.102
1.126
1.225
1.249
1.118
1.258
0.923
0.995
1.145
0.829
1.053
0.888
0.947
1.184
1.408
1.127
1.069
0.745
0.826
1.344
1.441
0.948
1.245
0.928
0.844
0.883
0.755
0.990
0.949
0.757
0.852
0.637
0.757
1.286
1.114
1.196
1.333
1.108
0.632
1.167
0.953
0.895
0.851
0.781
1.086
1.252
0.920
1.067
0.869
0.984
1.015
0.929
0.652
1.013
1.152
0.965
0.732
0.696
0.647
0.929
0.941
1.042
0.768
0.973
0.758
0.900
1.403
1.864
1.492
1.087
1.211
1.084
0.868
0.864
0.846
1.150
1.203
1.160
1.026
0.936
0.756
0.763
0.582
0.816
1.263
1.143
0.901
0.921
0.888
0.719
2.305
1.257
1.280
1.077
1.091
1.287
1.172
0.739
0.795
0.950
1.182
0.899
1.030
1.422
1.329
1.115
1.156
1.151
0.848
0.839
0.970
0.866
0.655
0.850
1.031
1.832
1.520
1.673
1.361
1.015
1.435
0.984
0.961
1.034
1.111
0.787
1.132
1.138
1.214
0.957
1.081
0.636
1.136
1.275
1.142
1.194
1.118
0.883
0.970
1.033
0.941
0.991
0.835
0.842
0.853
1.006
1.569
1.237
0.803
0.981
1.306
0.987
1.347
0.754
0.915
0.752
1.197
1.085
1.006
1.045
1.005
1.377
1.177
1.033
1.338
0.987
0.831
0.925
1.092
1.099
1.004
1.314
1.605
1.100
0.913
0.704
1.128
1.320
1.251
1.445
0.933
0.847
0.487
0.834
1.861
0.939
0.858
1.195
0.606
0.713
1.139
1.392
1.294
1.188
0.961
1.241
1.275
1.210
1.102
1.329
0.872
2.217
1.637
1.475
1.152
0.860
1.198
1.394
1.272
1.367
0.942
1.077
1.385
0.922
1.009
1.194
1.162
1.214
1.005
1.264
0.880
0.864
1.263
1.215
1.072
1.093
0.995
1.029
0.793
0.958
1.151
1.038
0.887
1.125
0.895
1.677
1.394
0.907
1.169
0.938
0.928
0.980
1.116
0.947
0.768
0.935
0.848
0.897
0.747
0.812
0.843
1.144
1.433
1.086
0.968
1.136
1.017
1.059
1.204
0.823
0.721
0.954
1.152
0.874
1.365
0.717
0.939
1.065
1.304
0.856
1.029
1.359
1.206
1.190
0.939
0.987
0.956
0.932
0.962
1.162
1.085
1.559
1.291
1.094
1.107
1.156
1.310
1.084
0.722
1.262
0.975
0.904
1.008
1.357
0.662
1.025
1.107
1.566
0.931
0.839
0.917
1.377
1.140
0.818
1.486
0.728
0.897
0.899
0.648
0.931
0.935
0.956
0.844
0.828
1.377
1.111
0.696
1.132
0.996
1.151
0.948
0.874
0.874
1.366
1.197
1.098
1.489
1.343
0.971
0.839
0.952
0.969
1.208
1.201
1.183
1.023
1.075
1.105
1.189
1.072
1.240
1.197
1.376
1.688
1.458
0.836
0.762
0.927
0.835
1.137
1.089
1.295
1.066
0.874
1.187
1.299
1.093
1.039
0.944
0.724
0.888
1.314
1.470
1.483
1.445
0.683
0.959
1.175
0.808
0.745
0.857
1.071
1.098
0.983
1.109
0.787
0.974
1.234
0.950
1.059
0.775
0.760
0.777
0.688
1.051
1.106
1.251
1.031
1.403
1.367
1.623
0.991
1.222
1.288
0.702
0.903
0.749
1.007
0.951
0.917
0.833
1.481
1.370
1.000
0.880
0.885
0.975
1.036
0.869
1.244
0.674
0.675
0.890
0.749
0.985
1.032
1.240
0.893
0.768
0.829
1.028
1.453
1.088
1.066
1.266
1.041
0.884
1.083
0.761
0.649
0.857
0.955
0.635
0.755
0.861
1.207
0.872
0.815
0.922
0.979
0.662
0.762
1.257
1.145
0.834
0.691
0.865
1.111
0.967
0.859
1.122
1.012
0.980
0.670
1.675
1.863
1.437
1.046
1.145
1.256
1.272
1.436
1.497
1.076
0.928
1.244
0.935
1.207
1.004
0.837
0.894
0.695
0.875
0.778
0.609
0.587
0.681
0.606
0.756
0.833
0.939
0.807
0.535
0.508
0.951
1.115
0.840
1.081
0.910
1.172
0.775
0.944
1.300
1.578
1.468
0.831
0.917
1.030
0.939
0.719
1.103
1.151
1.201
1.054
0.833
1.084
1.106
0.594
1.064
1.066
0.933
1.206
1.167
1.146
1.096
0.966
0.889
1.129
0.849
0.924
1.047
1.002
1.312
1.339
1.037
0.710
0.949
1.134
0.980
0.988
0.859
0.977
1.950
2.073
1.549
0.974
0.672
0.882
1.200
1.109
0.857
0.995
0.889
0.914
1.096
1.036
1.410
1.158
0.931
1.083
0.909
1.158
1.124
0.725
0.818
1.075
0.825
1.001
1.406
1.073
1.111
1.320
1.074
1.567
0.930
0.826
0.866
1.074
1.138
1.191
0.984
1.460
1.621
1.746
1.907
1.572
1.040
0.940
0.979
1.257
1.299
1.036
0.881
1.057
1.457
1.220
0.755
1.316
1.228
1.328
1.421
1.001
1.183
1.322
1.125
1.315
1.596
1.297
1.010
0.950
1.172
0.946
1.061
2.074
1.524
0.841
0.915
1.337
1.309
1.001
0.998
1.168
0.907
0.703
1.136
0.940
1.131
1.087
1.873
1.643
1.285
1.272
0.779
1.056
0.981
1.103
0.832
0.767
0.954
1.303
1.160
1.006
0.982
1.030
0.911
1.012
0.888
1.040
1.307
1.293
1.128
1.017
0.999
0.987
0.981
1.000
1.263
1.642
1.704
1.202
1.098
1.368
1.308
1.138
0.497
1.199
0.988
0.994
1.077
1.163
0.988
0.735
0.908
0.602
1.064
1.245
2.079
1.028
0.838
0.728
0.899
1.113
0.702
0.913
0.853
0.922
1.191
0.996
1.374
1.281
1.490
0.942
1.252
1.224
0.964
0.854
0.767
0.939
1.116
1.057
1.021
1.251
1.076
1.065
0.807
1.063
0.682
0.955
0.857
0.761
0.917
1.029
1.011
0.678
0.984
0.860
0.896
0.819
1.030
1.173
0.683
1.068
1.126
1.001
1.346
0.966
0.757
0.888
1.129
0.964
1.615
0.968
0.927
1.433
1.303
1.053
0.725
0.763
1.071
1.046
1.282
1.164
1.084
1.073
1.138
0.965
0.996
1.268
1.067
1.113
1.096
1.442
0.661
1.155
1.027
0.687
0.652
1.162
1.110
0.698
1.175
0.869
0.965
1.051
1.090
0.988
0.939
0.674
0.947
0.984
1.061
0.712
0.826
0.876
1.180
1.059
0.860
0.999
1.039
0.787
0.855
1.127
0.795
0.713
0.991
0.999
0.763
0.676
1.081
0.743
0.708
1.138
1.196
1.070
1.088
1.137
0.934
0.865
0.999
0.912
0.843
0.878
0.670
0.696
0.876
0.984
0.872
0.590
0.693
0.799
1.095
0.662
0.630
1.070
1.608
1.524
1.357
1.590
1.723
1.411
1.331
1.626
1.911
1.554
1.255
0.983
0.713
0.872
1.132
0.906
0.691
1.093
0.667
0.999
0.986
1.035
1.227
1.236
0.764
1.187
0.758
0.728
1.108
0.746
0.711
0.949
1.376
1.082
0.921
1.018
0.821
0.746
1.032
0.509
1.321
1.102
0.908
0.884
0.930
0.816
1.126
0.554
0.870
0.941
1.033
0.926
0.819
1.241
0.778
0.944
1.094
0.905
1.028
1.088
0.852
0.648
1.096
0.957
1.017
0.769
0.762
0.785
0.983
1.005
0.861
0.857
0.733
0.811
1.156
0.995
0.670
0.844
1.202
0.798
0.738
0.727
0.857
0.921
1.084
1.155
1.138
0.828
1.062
0.969
0.832
1.185
0.960
1.130
1.064
1.012
0.746
1.150
1.121
1.333
1.853
1.723
1.250
0.842
0.965
0.869
0.773
1.150
1.177
1.148
1.247
1.318
0.986
0.904
1.157
1.274
1.070
1.639
1.564
0.904
1.100
1.661
1.963
1.259
0.893
0.929
0.834
1.296
0.998
1.351
1.144
0.985
1.169
1.527
2.469
1.934
1.345
0.969
1.172
1.221
1.138
1.157
1.294
1.050
0.825
1.334
1.198
1.106
1.479
1.105
0.837
0.884
1.054
1.288
1.097
1.310
1.450
1.250
1.302
1.363
1.261
1.256
1.530
1.643
0.965
1.031
1.239
1.404
1.357
1.404
1.230
0.838
0.901
1.001
1.251
0.777
1.088
1.068
1.251
1.000
0.990
0.829
1.019
0.721
0.911
0.921
1.187
1.377
1.333
1.054
0.988
1.069
1.155
1.218
1.118
0.710
0.870
1.011
1.012
0.831
0.757
0.726
0.929
1.312
1.132
1.379
1.235
0.953
1.221
0.837
1.165
1.070
0.956
0.834
0.981
1.018
0.813
1.056
1.457
0.935
1.073
1.130
1.080
1.197
1.122
1.240
1.061
1.209
1.353
1.171
1.350
1.010
1.357
0.954
1.092
1.411
1.137
1.279
0.934
1.077
0.891
1.401
1.304
1.142
1.293
1.516
1.308
1.304
1.132
0.960
1.072
1.028
0.794
0.988
0.590
1.162
1.364
1.439
1.149
1.645
1.516
1.501
1.140
0.966
0.791
0.969
1.169
0.875
0.949
1.148
0.934
0.768
0.896
1.166
0.907
1.022
0.907
0.974
1.098
0.793
1.228
1.147
1.306
0.919
1.119
0.966
0.793
1.225
0.803
0.851
1.031
0.858
0.900
0.945
0.547
0.731
0.920
0.820
0.861
1.080
0.839
0.757
0.820
1.075
0.935
0.713
1.255
0.830
0.808
0.748
0.837
0.767
0.616
0.947
0.897
1.150
1.084
0.775
0.798
1.193
1.074
1.558
1.011
0.796
0.625
0.743
0.885
1.393
0.781
1.102
1.509
0.890
1.422
1.052
1.028
1.023
0.866
0.676
0.847
0.972
0.648
0.735
1.054
0.837
0.969
0.561
0.710
0.906
1.206
1.186
0.741
0.654
0.959
0.908
0.920
1.133
0.838
1.088
1.144
1.085
1.049
0.849
1.118
1.114
1.691
1.309
1.027
0.784
0.802
0.988
0.936
0.868
0.713
0.904
1.482
1.204
1.074
0.908
0.782
0.663
1.072
1.277
0.774
0.891
0.983
0.806
0.606
0.762
0.875
1.286
0.988
1.124
0.593
0.891
0.953
0.725
0.865
0.625
0.777
0.725
0.685
0.942
0.987
0.652
1.583
0.879
1.046
1.196
1.246
0.655
0.734
0.839
0.709
0.848
0.863
0.888
0.939
1.023
1.330
1.186
0.828
0.708
0.936
0.930
0.683
0.721
1.123
1.174
1.364
1.458
1.768
1.385
1.055
0.986
1.122
1.039
0.991
0.951
1.230
1.248
1.963
1.200
0.655
0.997
1.064
1.184
0.973
0.974
0.798
1.219
1.026
1.078
1.020
0.912
1.119
0.887
0.928
1.108
1.199
0.898
1.764
1.154
1.194
1.058
1.235
0.927
1.202
0.884
0.928
1.331
0.966
1.113
1.050
