19790101
0.946
1.083
0.943
1.227
1.101
1.386
1.290
0.923
0.996
1.253
1.157
1.412
1.484
1.237
1.592
1.824
1.332
1.019
1.178
1.211
0.942
0.911
1.071
1.300
1.006
1.084
1.294
1.244
1.247
0.825
0.558
0.940
1.073
0.938
0.948
0.662
0.914
1.001
0.960
1.022
1.374
0.826
1.115
0.752
0.970
0.903
1.290
0.840
0.607
0.930
1.220
0.926
2.015
1.070
0.958
0.755
1.637
1.283
0.790
0.689
1.440
0.974
0.696
1.010
0.626
0.929
0.756
1.104
1.295
1.246
0.991
0.969
0.945
1.000
0.720
0.827
0.989
1.661
1.456
1.605
1.047
1.048
1.007
1.383
1.415
0.774
1.248
1.279
1.010
0.733
1.102
1.260
1.249
0.795
0.578
1.581
2.503
1.530
1.228
0.896
0.831
1.111
0.775
0.998
1.193
0.996
0.849
0.952
0.973
0.612
0.592
1.083
1.563
1.698
1.280
1.473
1.663
0.958
1.224
1.237
1.201
1.154
1.124
0.798
0.878
0.951
0.662
0.778
0.810
0.653
0.932
0.936
1.052
0.716
0.882
0.832
0.917
0.736
0.956
0.836
1.045
0.875
0.877
1.676
1.211
0.954
1.328
0.748
1.155
1.432
2.631
1.582
0.684
0.720
0.904
0.828
1.084
1.473
1.452
2.195
1.123
1.084
1.101
1.018
1.414
2.226
1.614
1.272
1.015
1.038
0.774
0.990
1.076
1.207
1.128
1.739
1.847
1.459
0.972
0.857
1.255
1.431
0.773
0.885
0.840
1.120
1.456
1.015
0.954
1.792
1.866
1.321
0.892
1.183
1.073
0.874
1.601
1.811
1.225
0.930
1.991
1.371
1.194
1.297
1.213
1.219
0.998
0.916
1.183
1.183
1.277
1.218
1.250
1.323
1.092
1.268
1.053
1.306
1.377
1.292
0.967
1.201
1.200
0.982
1.366
1.451
1.481
1.276
1.724
1.549
0.610
1.003
1.055
0.756
0.975
1.441
1.634
1.069
1.093
1.046
1.315
1.203
1.630
1.201
1.286
1.306
1.190
1.177
1.357
1.027
1.421
1.199
1.112
1.469
0.776
1.261
1.637
1.252
1.193
1.283
1.837
2.226
1.310
1.321
1.752
1.473
1.527
1.241
1.067
1.299
0.904
1.423
1.526
1.599
1.248
1.255
1.701
1.179
1.331
1.390
1.371
0.942
1.055
1.066
1.124
1.861
1.053
1.701
1.788
1.447
1.261
1.299
1.313
0.904
1.369
1.120
0.619
1.443
1.722
1.290
1.192
0.982
1.266
1.314
1.455
1.445
1.098
1.045
1.338
1.247
1.364
1.046
0.940
2.221
1.491
1.761
1.371
0.958
1.112
1.175
1.833
1.719
0.885
1.038
1.155
1.413
1.508
1.197
1.410
2.853
1.576
1.344
1.300
1.521
1.517
1.659
1.346
1.466
1.668
1.258
0.946
1.351
1.820
1.590
1.480
1.680
1.844
1.349
0.778
1.452
1.384
1.104
1.142
1.182
1.544
1.367
0.817
1.221
1.093
1.603
1.502
1.266
1.675
1.394
0.993
2.357
1.373
1.639
1.304
1.473
1.338
1.082
1.294
1.576
1.832
1.380
1.573
1.302
1.076
1.343
1.154
0.590
0.817
1.483
1.006
0.785
0.852
1.365
1.573
1.227
1.522
1.433
1.551
1.320
0.994
0.968
0.942
0.673
1.238
1.205
1.712
1.463
1.208
0.812
1.206
1.326
1.581
1.775
1.305
1.329
1.471
1.109
1.222
0.902
1.286
1.228
1.065
1.361
1.226
1.150
1.150
1.408
1.037
1.057
0.998
1.214
1.176
0.987
1.685
1.126
1.023
1.314
1.087
0.961
0.999
0.705
0.909
0.917
0.694
0.823
0.902
0.825
0.755
0.810
0.871
1.611
1.458
0.895
0.915
0.744
0.978
0.664
1.312
1.116
0.767
1.312
1.349
1.390
1.113
1.011
0.864
0.925
0.910
0.997
1.328
1.400
1.192
1.137
1.297
1.394
0.866
1.564
0.879
1.044
1.269
1.262
1.383
1.105
0.749
1.203
0.841
0.671
0.637
0.603
0.777
0.916
0.781
1.815
1.948
1.667
0.822
0.644
1.066
0.888
0.747
1.075
0.948
0.933
0.700
0.711
0.638
0.752
0.776
0.569
1.157
0.820
0.927
0.879
0.929
0.975
1.683
1.408
0.990
1.185
1.140
1.124
0.845
0.613
1.075
0.948
1.767
1.254
0.907
0.985
0.866
0.855
1.196
1.223
1.053
1.340
0.807
1.013
1.003
0.931
0.967
1.050
2.086
1.939
1.434
0.986
1.485
1.289
1.071
0.790
0.911
1.259
1.196
1.201
1.500
2.185
1.772
1.283
0.890
1.338
1.006
0.934
1.639
1.044
1.094
0.964
1.214
0.967
0.975
1.012
1.011
1.366
1.091
1.016
1.258
1.310
1.139
1.362
1.584
1.511
1.309
1.481
0.753
2.132
1.993
0.902
1.071
0.997
1.163
1.036
1.009
1.170
0.816
1.349
1.414
1.638
1.429
1.240
1.350
1.342
1.339
1.385
1.241
1.256
1.255
1.141
1.312
1.845
1.145
1.256
2.704
1.908
0.918
1.229
1.765
1.364
1.017
1.079
1.022
1.807
1.156
1.167
1.417
1.532
1.785
1.507
1.352
1.198
1.445
1.639
1.795
1.722
1.436
1.647
1.378
1.411
2.169
1.830
1.503
1.113
1.570
1.592
1.709
1.544
1.432
1.179
1.327
1.449
1.147
1.814
1.586
1.104
1.514
1.326
1.648
1.571
1.352
1.387
0.929
0.660
0.878
1.274
1.223
0.803
0.741
1.064
1.273
0.979
1.144
0.932
0.963
1.558
1.228
1.595
1.647
1.290
1.731
1.142
1.382
1.254
1.700
1.705
1.918
1.573
0.991
1.529
1.608
1.974
1.494
1.369
1.650
1.432
1.283
1.164
1.173
1.763
1.826
1.585
1.659
0.879
0.978
1.305
1.229
1.130
1.646
1.977
1.057
0.880
0.774
0.686
1.217
1.240
1.341
1.476
1.544
1.303
1.621
1.435
1.486
1.472
0.980
0.856
1.716
1.974
2.158
1.826
1.921
1.687
1.101
1.035
0.807
1.137
1.643
1.135
1.839
1.709
1.682
1.229
1.489
1.210
0.916
0.969
0.863
1.061
1.036
0.926
1.545
1.555
1.254
1.047
0.853
0.626
1.001
1.031
0.801
1.071
1.015
0.595
1.533
1.028
1.120
0.981
1.043
1.164
1.357
1.018
0.696
0.975
1.328
1.431
1.160
0.876
0.946
0.808
0.909
1.026
1.049
0.901
1.456
1.161
1.110
0.784
0.916
1.832
2.082
1.325
0.708
1.032
0.864
1.189
1.386
1.476
1.009
0.602
1.082
1.071
0.645
0.919
0.639
0.910
1.206
0.836
0.846
0.568
0.952
0.922
1.164
1.735
1.329
1.546
1.094
0.946
0.814
0.954
1.108
1.157
1.317
1.080
1.057
1.179
1.108
1.190
0.899
1.264
1.296
0.922
1.238
1.052
0.754
1.157
1.942
1.496
1.525
1.340
1.215
1.642
1.589
1.042
0.922
0.608
0.736
0.952
1.649
1.206
1.294
1.048
1.194
0.867
1.128
1.370
1.064
0.778
0.790
0.845
0.902
0.829
1.901
1.146
0.928
0.626
0.878
1.003
0.979
1.278
0.724
0.956
1.138
0.709
0.631
0.937
0.735
0.764
0.666
0.819
0.599
0.707
1.277
1.820
1.013
0.956
0.852
0.806
1.114
1.084
1.377
1.557
1.624
0.895
0.937
1.060
0.847
0.799
0.871
0.837
1.051
2.188
1.170
1.003
1.111
0.916
1.130
1.196
1.056
0.996
1.117
1.858
0.993
0.760
1.137
1.130
1.008
1.175
0.817
0.979
0.589
0.772
1.077
1.386
1.254
0.851
1.461
1.588
2.029
1.491
1.843
1.364
1.254
0.890
0.867
1.087
1.214
1.289
1.286
1.375
0.809
2.168
2.581
1.940
1.171
0.867
1.688
2.721
1.791
0.992
1.023
1.076
1.271
1.187
0.881
1.032
1.303
1.400
1.084
1.074
1.194
1.163
1.259
1.223
2.246
1.448
0.966
1.172
1.041
1.419
1.181
1.343
2.171
2.182
1.426
1.005
0.649
0.957
1.069
1.703
1.044
1.255
1.218
1.421
0.887
2.199
2.175
1.181
1.360
1.024
1.335
1.137
1.194
1.589
1.914
0.814
1.184
1.357
1.578
1.461
1.616
1.818
1.042
1.444
1.628
1.719
1.416
1.178
1.742
1.996
1.621
0.997
1.140
1.173
0.971
1.661
1.373
1.658
1.705
1.497
1.639
1.713
1.184
0.967
1.200
1.603
1.462
1.428
0.848
1.309
1.361
0.765
1.291
1.311
1.323
0.889
1.278
1.098
0.869
1.298
1.042
1.674
1.786
1.185
1.307
1.388
1.971
1.588
1.143
1.222
1.368
1.215
1.538
1.652
1.174
1.517
1.240
0.962
1.151
0.901
1.328
1.057
1.194
1.296
1.116
1.138
1.259
1.033
1.338
1.096
1.052
0.740
0.688
0.569
1.592
1.361
0.888
1.047
1.058
1.265
0.992
1.294
0.785
0.916
0.994
1.216
0.983
0.970
0.706
1.265
1.380
1.277
0.954
1.014
1.346
0.924
1.070
0.991
1.177
0.761
1.414
1.281
0.790
1.038
1.026
1.095
1.199
1.145
0.710
0.635
1.296
0.941
0.891
1.187
1.095
1.131
1.023
0.812
1.241
1.375
1.454
1.213
0.753
0.911
0.849
0.945
0.923
0.835
1.021
0.900
1.228
0.968
1.020
1.178
0.740
0.920
1.235
1.220
0.930
1.394
1.382
1.508
0.892
0.861
0.759
1.064
1.063
0.848
0.914
0.821
0.980
1.061
0.891
1.037
1.024
0.872
0.620
1.715
1.140
0.864
1.116
1.043
0.953
0.767
0.737
0.845
0.979
0.924
0.746
1.165
1.624
0.938
1.137
1.460
1.014
1.066
1.003
0.580
1.235
0.973
0.609
0.755
0.887
1.449
1.045
1.208
1.413
0.762
1.065
1.128
1.206
1.562
1.183
0.991
1.663
1.709
0.927
0.995
1.605
1.647
1.293
1.029
0.801
1.350
0.998
0.934
1.165
0.635
0.815
1.239
1.305
0.809
0.814
0.803
1.303
1.550
0.985
0.787
1.119
1.064
1.259
0.949
1.793
1.591
1.739
1.602
1.658
1.603
1.793
1.803
1.487
1.586
1.585
1.309
0.728
0.801
0.927
1.283
1.296
0.944
0.807
0.709
0.651
0.849
1.182
1.110
0.694
0.597
0.633
0.748
0.586
0.691
1.462
1.714
2.077
2.142
1.751
1.475
1.125
0.929
0.908
0.997
0.614
0.916
0.960
0.678
0.942
1.182
0.960
1.128
0.701
0.677
1.137
0.803
1.145
1.678
0.921
1.295
1.187
0.942
1.032
1.059
1.539
1.519
1.345
1.305
1.571
1.067
1.303
1.054
1.212
1.039
1.337
1.381
1.402
0.943
0.824
1.262
0.857
0.996
1.216
0.758
1.123
0.869
1.089
1.486
1.187
1.117
0.802
0.690
0.939
1.136
0.792
1.158
0.968
1.031
1.117
1.110
1.595
1.222
1.255
1.059
1.321
1.169
1.291
1.167
1.116
1.501
0.708
1.410
1.243
0.953
1.151
1.194
0.990
1.192
0.961
0.968
2.062
1.339
1.016
1.166
1.330
1.449
1.311
1.066
0.977
1.422
1.361
0.823
1.005
0.866
1.667
1.453
1.059
1.186
1.232
1.200
1.100
1.334
1.525
1.129
1.414
1.180
1.657
1.006
1.630
1.299
1.130
1.484
1.249
1.189
0.922
1.122
1.025
1.242
0.844
1.094
1.079
1.176
1.112
1.461
1.427
1.163
1.614
0.989
1.234
1.630
1.326
1.199
0.888
1.460
1.501
1.540
2.016
1.303
1.179
1.531
1.173
1.054
1.100
1.079
0.968
1.541
1.384
1.231
1.134
1.216
1.175
1.590
1.216
1.305
1.772
1.369
1.122
1.009
1.646
1.302
1.674
1.365
0.715
1.402
1.748
1.029
1.371
1.241
1.243
1.209
1.009
1.318
1.320
1.368
1.033
1.127
1.159
1.444
1.786
1.911
1.527
1.130
1.186
1.234
1.066
0.966
1.380
1.329
1.137
0.813
0.959
1.735
1.285
1.203
1.296
0.988
1.175
1.474
1.559
1.379
0.920
0.812
0.933
1.105
1.615
1.116
1.430
1.196
1.582
1.018
0.880
1.200
1.239
0.847
1.118
1.398
1.011
0.996
0.992
0.996
1.132
0.978
0.661
1.327
1.512
1.731
1.428
1.077
0.875
0.765
1.398
1.136
1.490
2.030
1.078
1.219
1.022
1.075
0.874
1.219
1.230
1.183
1.260
1.442
1.415
1.402
1.513
2.085
1.108
1.069
1.533
0.954
0.963
1.055
0.832
0.860
0.983
1.305
1.256
1.054
1.052
1.107
1.520
1.515
1.060
1.090
1.019
0.915
0.831
1.086
1.022
0.894
0.990
1.372
1.446
1.192
1.459
1.241
1.002
1.555
1.286
0.968
0.862
0.533
0.950
1.629
1.127
0.966
1.072
1.347
1.061
1.423
1.293
1.548
1.634
1.467
1.688
1.315
1.488
0.923
1.106
1.339
0.922
1.061
0.963
0.853
1.119
1.506
0.701
0.885
0.661
1.013
1.244
0.909
1.038
0.915
1.049
0.788
0.806
0.840
1.172
1.262
1.061
0.619
0.551
0.704
0.911
1.275
1.020
0.858
0.766
1.156
0.730
0.934
0.742
1.048
0.808
0.980
0.814
0.597
1.466
1.201
0.954
0.703
1.016
1.148
0.859
0.739
1.042
1.025
1.214
0.930
1.340
1.307
0.839
1.050
0.720
0.897
1.402
1.861
0.833
1.174
1.430
0.902
0.948
0.948
1.984
1.384
0.835
1.018
1.231
1.182
1.382
1.360
0.974
1.044
0.820
1.243
1.552
1.852
2.098
1.320
0.891
0.935
1.496
1.343
1.273
0.957
0.962
1.234
0.922
1.140
0.777
1.055
1.201
0.892
1.281
1.550
1.159
1.106
1.315
1.514
1.654
1.279
0.978
1.608
1.190
0.707
1.305
0.929
1.258
1.056
1.737
1.014
1.250
1.359
1.200
1.115
0.974
0.931
1.145
1.221
1.372
1.180
1.030
1.016
1.102
1.630
2.062
1.683
1.468
1.100
0.699
1.097
1.106
1.491
1.416
1.347
1.412
1.340
1.109
1.025
1.111
1.647
1.556
1.950
1.533
1.372
1.193
1.086
1.270
1.326
1.438
1.348
1.146
1.637
1.283
1.601
1.365
1.163
1.078
1.309
1.432
1.388
1.800
1.226
1.345
1.559
1.581
1.520
1.975
1.161
1.302
1.702
1.747
1.589
1.456
1.030
0.918
1.100
1.810
1.357
1.407
1.591
1.310
1.229
1.395
1.637
1.448
1.137
1.549
0.962
1.534
1.354
0.914
1.214
1.168
1.277
1.621
1.064
1.336
1.553
1.250
1.875
1.597
1.090
1.486
1.263
1.463
1.609
1.046
1.957
1.407
1.358
1.468
0.992
0.987
1.731
1.020
1.097
1.153
1.553
1.485
1.451
1.609
1.434
1.300
1.331
1.072
1.202
1.800
1.599
1.217
2.200
1.286
1.600
1.191
1.031
1.361
1.110
1.228
1.994
1.025
1.084
1.101
1.137
1.080
0.811
0.922
1.304
1.199
0.640
1.424
1.193
1.272
0.827
1.214
1.326
1.829
1.328
1.304
1.201
1.300
1.186
0.999
1.416
1.081
1.044
0.903
0.746
1.146
1.362
1.280
1.020
0.870
0.713
1.787
1.702
1.409
0.827
0.756
0.999
1.344
0.967
0.960
1.251
0.789
1.143
1.227
1.066
0.915
0.997
0.865
1.086
0.905
0.774
1.222
1.161
1.018
1.076
0.840
0.967
1.122
0.910
1.306
1.864
1.217
1.549
0.770
1.053
1.415
0.875
0.694
0.669
1.092
1.108
1.059
0.907
1.044
0.967
1.352
1.051
0.611
1.048
0.959
0.658
1.008
0.921
1.188
1.210
1.133
1.003
0.789
1.076
1.130
1.177
0.973
0.965
0.796
0.781
0.801
1.131
1.011
1.169
1.131
0.834
1.037
1.249
0.641
1.005
1.176
0.918
1.270
1.363
1.324
1.024
1.501
1.137
0.781
0.844
1.051
1.307
1.472
1.473
1.660
1.110
0.695
1.159
0.954
1.032
1.250
1.384
1.737
1.208
1.002
0.959
1.031
0.948
0.618
1.369
1.477
1.649
1.503
1.003
0.981
1.529
1.261
1.215
0.967
1.180
0.797
0.662
0.808
0.943
0.746
2.306
1.300
0.969
0.896
0.636
1.098
0.938
0.908
1.211
1.389
1.261
0.929
1.198
0.597
0.458
0.860
0.832
1.073
1.596
1.296
1.317
1.299
1.060
0.738
0.708
0.925
0.766
0.900
0.831
1.052
0.782
0.825
0.906
0.850
0.918
0.683
1.676
0.926
1.052
1.107
0.636
0.818
0.534
0.839
0.996
1.045
1.087
1.041
0.965
0.848
0.954
1.033
0.856
0.914
0.752
0.940
1.238
1.195
1.234
0.821
1.025
1.183
1.050
0.992
1.779
1.983
1.257
1.184
1.475
1.353
1.362
1.380
1.020
0.886
1.112
1.322
1.056
1.185
1.394
0.880
0.971
0.951
0.650
0.943
1.207
1.426
1.462
0.693
1.285
1.837
1.485
1.400
1.618
1.167
1.670
2.212
1.916
1.092
1.252
1.103
1.397
1.374
1.277
1.432
1.466
0.871
1.515
1.288
1.179
0.832
0.884
1.594
1.408
1.206
1.382
1.033
1.029
1.365
1.493
1.342
1.277
0.934
1.613
2.990
1.552
1.678
1.744
1.630
1.634
1.348
1.155
1.466
1.193
1.490
1.068
1.388
0.990
1.076
0.928
1.144
1.297
1.073
1.393
1.402
0.748
0.949
1.270
1.601
1.280
1.569
1.414
1.114
1.038
1.038
0.987
0.938
1.844
1.747
1.105
1.869
1.348
0.813
0.875
1.040
1.350
1.116
0.945
1.098
1.444
0.949
1.335
1.374
1.048
1.051
1.451
1.307
0.715
1.070
1.335
1.518
1.419
1.080
1.091
0.941
0.839
0.864
1.076
0.995
1.199
1.913
1.204
1.246
1.407
1.308
0.983
1.215
1.525
1.648
1.455
1.164
0.748
0.802
0.607
1.494
0.865
1.234
1.179
0.951
0.750
0.986
1.534
1.488
1.360
1.053
1.177
1.252
1.276
1.259
0.833
1.358
1.779
1.366
1.129
1.154
1.342
1.587
1.685
1.609
1.118
0.814
1.250
1.009
0.941
1.123
1.773
1.137
1.030
1.361
0.972
1.164
1.522
1.383
1.302
0.950
1.122
0.869
1.165
1.357
1.337
0.822
1.371
1.249
1.123
1.120
0.897
0.753
0.700
1.359
1.253
0.774
0.918
1.193
0.914
0.795
1.328
1.240
0.842
0.874
0.985
0.930
1.139
1.408
1.180
1.343
1.008
1.093
0.803
0.935
0.758
0.969
0.847
1.130
0.979
1.069
0.836
0.969
1.200
1.099
0.865
1.022
1.095
0.772
1.387
0.999
0.593
0.824
0.877
1.097
0.778
0.877
1.179
1.162
0.949
0.852
1.068
1.254
0.993
0.922
0.793
1.054
0.928
1.099
0.945
0.995
1.372
0.608
0.742
0.636
1.189
1.214
1.156
1.022
0.849
0.986
1.056
0.994
1.052
0.782
1.017
1.088
1.076
1.209
1.011
1.254
0.668
0.762
0.826
1.171
1.265
1.012
0.949
0.899
1.279
1.048
0.947
0.647
1.074
0.790
1.061
1.375
1.347
0.929
0.796
1.069
1.074
1.072
1.566
1.045
1.077
1.217
0.835
0.899
1.101
1.186
1.701
1.878
0.939
1.022
1.037
1.019
0.757
1.734
1.375
1.378
1.122
0.789
0.905
1.044
1.076
0.699
0.867
0.770
0.799
1.104
1.328
1.052
1.062
0.907
0.882
0.903
0.878
1.018
0.790
1.106
0.818
0.717
0.648
0.911
0.900
0.783
0.864
1.067
0.927
0.839
1.413
1.362
1.502
1.664
2.087
2.318
1.919
1.504
0.901
1.041
0.927
1.154
1.119
0.962
1.005
1.126
0.952
1.093
0.855
0.936
1.021
1.235
1.266
1.292
1.010
1.185
1.382
1.187
1.389
1.109
0.981
1.396
1.011
1.440
1.341
1.132
1.240
1.279
2.191
1.989
1.840
1.485
1.697
1.858
1.259
1.017
1.199
1.149
1.300
0.997
1.151
1.358
1.021
0.963
0.990
1.235
0.948
1.208
0.901
0.960
1.366
1.335
1.051
1.274
1.415
1.356
0.911
1.889
1.336
1.132
1.817
0.907
1.191
1.274
1.102
1.244
1.364
0.943
0.902
0.831
0.779
1.393
1.076
1.425
1.546
0.853
0.991
0.913
1.553
1.233
1.504
1.381
1.183
1.364
1.078
1.322
1.190
1.362
1.340
1.043
1.121
1.329
1.633
1.469
1.319
1.133
1.097
1.399
0.874
0.870
1.673
0.905
1.097
1.104
1.203
0.862
1.468
0.950
1.430
1.102
0.779
1.403
1.391
1.030
1.471
1.525
1.119
1.056
1.183
1.201
1.064
1.422
1.691
1.540
0.981
1.145
0.927
0.806
0.930
1.137
0.857
1.084
1.304
1.558
1.509
1.399
0.955
1.400
1.391
1.176
0.972
1.255
1.255
1.056
1.211
1.389
1.928
1.346
1.517
1.423
1.549
1.107
0.938
1.317
1.528
1.625
1.447
0.937
1.307
1.199
1.510
0.828
1.147
1.124
1.166
1.050
1.014
0.830
1.663
1.305
1.151
0.847
1.206
1.454
1.167
0.882
0.890
1.470
1.240
1.136
1.156
1.269
1.916
1.799
0.986
0.861
1.326
1.505
1.243
1.116
1.272
1.157
1.371
0.702
1.177
1.047
1.407
1.704
1.376
1.506
1.149
0.597
1.050
1.054
1.488
1.712
1.332
0.839
1.143
1.334
1.268
1.117
0.866
1.112
1.050
1.305
1.899
1.061
1.238
0.632
1.048
1.548
1.053
1.242
1.073
0.830
1.014
1.388
1.096
0.959
1.119
1.452
1.363
1.133
0.784
0.961
1.514
1.018
0.792
0.903
0.995
1.259
1.007
1.038
1.202
1.278
1.132
1.644
1.255
1.171
1.063
0.876
1.063
0.789
1.355
1.383
1.040
0.914
0.957
1.022
0.964
1.220
0.941
0.942
0.754
0.900
1.334
1.065
1.073
1.045
1.116
1.108
1.026
1.242
1.176
0.937
0.953
1.084
0.783
1.162
0.735
0.728
1.127
1.291
1.156
0.658
0.903
1.259
1.236
1.130
0.863
0.665
1.207
1.164
0.556
0.939
0.923
0.709
0.994
1.683
0.946
0.833
0.477
0.918
1.058
0.880
1.426
2.197
1.132
1.335
1.269
0.930
1.141
0.905
0.656
1.187
0.937
0.672
1.742
1.636
1.296
0.786
1.285
0.904
0.944
1.042
0.536
0.618
0.863
1.134
0.995
0.912
0.894
1.174
1.350
0.948
0.936
1.100
1.012
0.916
1.202
1.084
0.966
0.741
0.802
1.252
0.627
0.986
0.961
1.199
0.885
-99.000
1.691
1.282
1.420
1.042
0.932
0.855
0.989
1.283
1.004
0.580
0.910
1.002
0.808
1.050
1.145
1.001
0.881
0.844
1.016
0.968
1.147
1.058
0.629
0.892
1.072
1.182
1.062
0.995
1.218
1.031
1.024
1.814
2.110
1.428
0.976
1.254
1.791
1.632
1.257
1.194
1.472
0.999
1.280
1.134
0.984
0.873
0.918
1.073
1.047
1.041
1.154
2.012
2.445
1.456
0.970
1.155
1.243
0.918
1.028
1.283
1.390
1.037
0.626
1.122
1.282
0.863
1.277
1.384
1.404
1.246
1.010
1.287
1.435
1.231
1.197
1.395
1.108
1.132
1.039
1.098
1.297
1.305
1.406
1.700
1.484
1.947
1.357
1.144
1.134
1.178
1.071
1.200
1.292
1.283
1.171
1.210
0.995
1.383
1.055
1.080
1.411
1.597
1.369
1.224
1.182
1.436
1.463
1.101
1.102
1.167
1.009
1.153
1.404
1.005
1.099
1.549
1.366
1.159
1.209
1.305
1.274
1.034
1.118
1.203
0.725
1.106
1.365
1.293
1.475
1.367
1.492
1.375
1.200
1.300
1.878
1.469
1.078
1.269
1.785
1.282
1.062
0.884
1.354
0.941
1.724
1.842
1.605
1.498
1.207
1.333
1.621
1.381
1.348
1.090
1.282
1.238
1.080
1.093
1.097
1.175
1.242
1.197
1.445
1.252
2.050
1.732
1.296
1.659
1.436
1.462
0.798
1.454
1.364
1.460
1.089
1.045
1.416
1.188
0.804
1.211
1.099
0.979
1.133
0.981
0.781
0.903
0.915
1.196
1.442
1.436
1.056
0.806
0.875
1.189
1.126
1.771
1.574
1.616
1.681
1.362
0.841
0.990
0.879
0.772
1.182
1.359
1.262
-99.000
-99.000
-99.000
-99.000
-99.000
-99.000
-99.000
-99.000
1.110
1.306
1.103
0.800
0.948
1.168
0.557
0.732
0.835
1.167
1.091
1.471
1.587
1.476
0.917
1.228
1.279
1.274
1.313
1.324
1.149
0.858
1.095
0.969
0.942
0.892
0.998
0.916
1.420
1.050
1.502
1.224
0.712
0.959
1.200
1.239
1.081
1.173
0.821
1.680
1.837
1.561
1.455
1.230
0.900
1.166
1.064
0.993
0.799
0.822
0.961
0.856
0.879
1.095
0.799
0.959
0.796
0.395
0.757
1.055
1.068
0.776
0.731
0.805
0.823
0.905
1.899
1.439
1.472
3.028
1.421
1.105
1.182
1.612
1.782
1.612
1.279
0.942
1.134
0.992
0.902
0.669
0.973
0.865
1.287
1.154
1.021
0.970
0.844
1.327
0.956
1.504
2.997
1.459
1.066
0.912
1.062
0.965
0.946
0.928
0.935
1.050
1.150
0.953
0.700
0.687
0.832
1.292
1.583
1.110
1.128
0.653
0.616
0.905
0.944
1.070
0.799
0.750
1.006
0.908
1.179
1.428
1.178
1.234
1.087
0.844
0.715
0.796
1.683
1.861
1.288
0.828
0.804
1.450
1.601
1.008
0.758
0.460
1.078
1.319
0.978
1.403
1.966
2.137
2.649
1.949
1.118
0.518
0.887
0.960
0.744
0.935
0.956
0.861
0.800
1.086
0.851
1.106
1.303
1.509
1.112
1.416
1.367
1.138
1.164
0.861
1.188
1.955
1.544
1.342
1.338
0.869
0.900
0.887
1.713
1.745
1.229
0.776
1.062
0.959
1.037
0.992
0.816
0.942
1.337
1.439
1.279
1.229
1.124
1.181
1.183
1.249
1.327
1.131
1.215
0.954
1.371
1.158
0.765
1.160
1.457
1.602
1.019
1.265
1.169
1.346
1.408
1.328
1.403
1.004
2.028
2.120
1.204
1.207
1.072
1.340
1.191
1.600
2.583
1.025
1.116
1.629
1.490
1.636
1.469
1.295
1.866
1.466
1.269
1.227
1.444
1.394
1.670
1.315
1.015
1.034
1.212
1.408
1.148
1.311
1.492
0.603
1.243
1.236
1.588
1.421
1.531
1.420
1.625
1.441
0.899
1.288
1.134
1.249
1.634
1.365
1.166
1.845
1.721
0.875
1.310
1.282
1.556
1.140
0.955
1.185
1.378
1.393
1.809
1.390
1.414
1.306
1.537
1.243
1.751
1.402
1.547
1.019
1.178
1.790
1.584
1.322
1.830
1.740
1.848
0.984
1.465
1.207
1.012
0.975
1.312
1.125
0.861
1.362
1.279
1.282
1.233
1.119
1.110
1.571
1.439
1.266
1.842
1.124
1.685
1.167
1.293
1.519
1.866
1.507
1.639
1.721
1.526
1.269
1.060
0.673
1.052
1.209
0.843
1.062
1.375
1.186
1.299
0.923
1.681
1.483
1.072
1.719
0.972
1.139
1.252
1.227
1.566
1.057
0.925
1.557
1.601
1.077
1.018
0.996
1.482
1.600
1.427
1.078
1.294
1.026
1.011
1.490
1.771
1.424
1.356
1.192
1.496
1.736
1.329
1.276
0.891
1.462
1.571
1.452
1.469
1.508
1.055
0.963
1.291
1.482
1.547
1.700
1.494
1.687
1.470
1.302
1.111
1.223
1.609
1.279
1.325
0.776
0.992
0.892
1.364
1.180
1.215
0.976
0.571
1.268
1.090
1.042
0.686
0.815
0.768
0.752
0.916
0.778
1.474
1.281
1.193
1.183
1.129
1.305
2.275
1.605
1.036
1.283
1.395
0.823
1.100
1.213
1.221
1.084
0.792
0.921
1.513
1.190
0.904
1.004
1.185
1.175
0.728
0.810
0.884
0.772
1.114
1.236
0.926
0.996
0.691
0.871
1.595
1.835
1.284
1.222
1.301
0.973
0.892
1.067
0.914
0.994
1.052
1.120
1.590
1.606
1.069
0.864
1.047
1.252
1.461
1.388
1.236
1.138
0.979
1.056
0.678
1.024
0.712
0.793
0.915
1.096
1.246
0.707
0.951
1.164
0.936
0.689
1.153
1.178
0.761
1.154
1.300
1.046
1.485
1.157
0.871
1.137
0.969
1.013
1.000
0.961
0.798
0.985
0.904
0.801
0.964
1.226
1.781
1.651
0.921
1.057
0.839
0.881
1.000
1.134
1.119
0.890
1.144
0.804
0.912
1.022
1.057
0.810
0.821
0.848
0.767
0.948
1.095
0.869
0.714
0.552
0.930
0.948
1.097
1.566
1.139
0.874
1.192
0.927
2.526
1.884
1.189
0.809
1.530
1.786
1.039
1.080
0.567
1.188
1.997
1.389
0.663
0.716
0.968
1.263
0.945
0.853
0.861
1.174
1.487
1.511
0.998
1.113
0.708
0.838
1.427
0.706
1.040
0.678
1.341
0.959
1.299
1.119
1.376
1.008
0.887
0.885
1.850
1.406
1.579
2.268
2.486
1.863
0.943
0.953
0.994
1.001
1.161
1.091
1.159
1.062
0.928
1.484
1.887
2.334
1.466
0.927
0.737
1.116
1.199
0.969
1.017
1.213
1.381
1.285
1.269
1.400
1.015
1.166
0.923
1.636
1.171
0.915
1.155
0.945
1.474
1.443
0.988
1.435
0.829
1.160
1.300
0.861
1.123
1.243
1.137
1.038
1.445
1.390
1.511
1.021
0.900
1.691
1.450
1.476
1.298
1.098
1.080
1.228
1.292
1.785
1.134
1.252
1.318
1.900
1.499
1.177
1.204
1.119
1.230
0.934
1.180
1.531
1.744
1.866
1.180
1.164
1.431
1.686
0.999
1.401
1.140
1.297
1.405
1.282
0.960
1.148
1.138
1.068
0.802
1.744
1.158
1.137
1.389
1.197
1.114
1.305
0.854
1.004
0.948
0.885
1.606
1.008
1.571
1.753
1.595
1.733
1.321
1.544
1.641
1.366
1.062
1.998
0.851
1.958
0.789
1.064
1.521
1.005
0.804
1.122
1.029
1.239
1.505
1.461
1.204
0.646
0.972
1.192
1.298
1.094
0.953
1.363
2.237
0.871
2.282
1.177
1.135
1.192
1.607
0.894
0.903
0.784
0.854
2.110
1.274
0.804
1.019
0.917
1.322
1.485
1.162
1.436
0.805
1.306
1.152
1.112
0.727
1.236
1.377
1.037
0.964
0.689
0.892
1.184
0.708
0.852
1.165
0.766
0.726
0.835
1.083
1.105
1.213
1.244
1.067
1.038
0.928
1.281
1.635
1.435
1.734
1.342
0.729
1.061
1.006
0.905
1.263
1.170
1.050
1.295
1.164
0.670
1.047
0.557
0.754
1.046
1.529
1.213
0.682
1.193
1.004
0.850
0.996
1.268
1.311
1.001
0.974
0.975
1.126
1.593
1.536
1.491
0.668
0.930
1.037
0.627
1.181
1.615
1.907
1.175
0.950
1.113
1.046
1.005
1.113
1.312
1.059
0.579
1.003
1.418
0.937
0.991
1.019
0.973
0.819
1.326
1.478
0.656
0.768
1.025
1.133
1.041
1.209
1.266
0.993
1.284
1.046
1.600
1.022
0.658
1.627
1.534
1.124
0.832
1.055
0.823
1.159
1.008
0.647
1.073
0.739
0.880
0.632
1.023
0.783
1.067
1.180
0.984
0.661
1.035
0.807
1.080
1.011
0.724
0.774
0.933
0.857
0.950
0.711
0.716
0.610
2.282
1.699
1.265
0.978
0.856
0.692
0.918
0.686
0.862
0.789
0.727
1.162
0.827
0.628
0.848
0.725
0.812
1.478
2.307
1.972
1.426
1.266
1.490
1.234
0.865
1.047
0.799
1.067
1.590
1.151
1.623
1.787
1.624
1.120
0.982
1.118
1.071
0.920
0.990
0.712
0.807
0.710
0.953
0.916
1.099
0.988
0.929
0.777
1.111
1.308
0.979
1.036
0.641
1.047
1.892
1.129
1.203
1.161
0.610
1.349
1.405
0.919
0.733
0.963
0.770
1.503
0.621
0.895
1.291
1.668
1.449
1.158
0.999
0.945
0.688
1.605
1.132
1.794
2.718
1.920
1.856
1.396
0.795
1.027
0.633
0.957
0.874
1.527
1.186
0.876
0.627
0.852
1.204
0.879
0.973
1.239
1.278
1.117
1.019
1.330
1.329
1.291
1.382
1.090
1.146
1.279
1.205
1.036
1.299
1.421
0.785
1.038
0.955
1.889
1.993
1.197
1.095
1.212
1.208
0.758
1.578
1.584
1.449
1.395
1.217
0.994
1.147
1.699
1.319
0.820
0.957
1.870
1.324
1.273
1.175
0.965
1.008
0.989
1.338
1.702
1.365
1.200
1.656
1.779
1.440
1.478
1.384
1.517
1.371
2.396
2.279
1.721
0.940
0.825
1.531
1.499
1.469
1.382
1.525
1.661
1.198
1.651
1.404
0.943
1.483
1.309
1.558
0.905
1.489
1.385
1.317
1.906
1.389
1.468
1.324
1.073
0.971
1.680
1.069
1.174
0.671
1.515
1.823
1.256
1.584
1.327
1.440
1.233
1.138
1.143
0.807
1.315
1.663
1.500
1.244
1.067
0.942
1.173
1.280
0.968
0.659
0.788
1.056
1.294
1.012
1.054
1.738
1.563
2.346
1.139
1.267
1.605
1.585
1.500
1.380
1.501
0.800
0.839
0.892
1.441
1.195
1.554
1.660
1.312
1.197
1.278
1.397
1.458
1.544
1.590
1.385
1.840
1.402
1.113
1.626
1.478
2.167
1.412
1.355
0.950
0.925
1.776
1.513
1.243
1.791
1.320
1.298
1.091
1.510
1.435
0.899
0.687
0.981
1.283
1.072
0.918
0.684
0.994
0.805
0.975
1.040
0.881
0.962
1.331
1.084
1.024
1.111
1.061
0.915
1.161
1.146
1.176
1.224
1.011
0.733
1.447
0.837
0.902
1.044
0.981
1.115
0.941
1.115
1.209
1.049
1.115
1.046
0.841
0.667
1.222
0.899
0.681
0.931
1.508
0.941
0.617
1.145
1.004
0.910
0.663
0.760
0.865
0.892
1.059
1.120
1.022
1.157
0.865
1.137
1.124
1.496
1.546
1.441
1.054
1.411
0.996
1.280
1.460
1.095
0.902
0.748
0.946
0.674
1.076
0.824
1.080
0.976
0.749
0.862
0.708
1.244
1.036
0.844
1.103
0.854
1.085
1.076
0.841
1.042
0.829
1.120
1.627
1.593
0.891
0.770
0.671
0.815
1.037
0.845
0.871
0.636
0.867
0.741
1.198
1.370
0.837
0.715
0.947
0.714
0.901
0.920
1.040
1.292
0.987
0.881
1.849
1.179
1.058
0.699
0.745
0.864
0.906
0.972
1.134
1.214
1.085
0.910
0.893
0.580
0.669
0.856
0.695
0.910
0.721
0.466
0.890
1.299
1.050
0.715
0.719
0.729
0.957
0.880
0.865
1.573
2.230
1.062
1.504
2.564
1.934
1.199
0.946
1.163
1.229
0.943
0.929
1.153
1.170
0.743
0.779
0.774
0.851
0.902
1.072
1.055
0.995
0.956
1.034
1.549
1.556
0.993
0.877
1.416
1.903
1.770
0.928
0.647
1.188
1.735
0.630
1.349
0.810
1.277
1.312
1.200
1.118
0.979
1.462
1.184
0.765
0.747
1.667
1.347
1.033
1.095
1.305
1.131
1.098
2.873
2.047
1.196
1.221
1.092
1.316
1.163
1.118
1.172
1.120
1.331
2.662
1.225
0.792
1.135
1.057
0.851
2.296
1.943
2.320
1.852
0.894
0.721
0.870
1.101
0.947
0.862
1.103
1.096
1.376
1.520
1.570
1.369
1.457
1.679
1.381
1.393
1.112
1.218
1.405
0.542
1.763
1.396
1.739
1.199
0.956
1.182
1.414
1.293
1.908
1.326
1.474
1.278
0.995
1.211
0.902
0.904
1.505
1.136
1.127
1.122
1.311
1.692
1.155
2.093
2.544
1.547
1.463
1.498
1.146
1.606
0.911
1.245
1.281
1.189
2.641
1.504
1.073
1.548
1.824
1.509
1.184
1.475
1.007
1.244
1.202
1.255
1.259
1.760
1.148
1.060
1.189
1.191
1.471
1.454
1.715
1.190
1.275
1.057
0.761
1.115
1.313
1.139
1.301
0.944
1.132
1.056
1.073
1.376
1.806
1.578
1.377
1.426
1.668
1.474
1.901
1.580
1.284
1.474
1.403
0.818
1.182
1.159
1.233
1.554
1.748
1.317
1.331
1.310
1.765
1.214
1.474
0.956
1.311
0.920
1.063
1.306
1.297
1.668
1.004
1.227
1.531
1.473
1.235
1.265
0.820
1.042
0.927
1.475
1.197
1.595
1.731
1.566
1.097
1.220
1.180
1.175
0.815
1.072
1.133
1.312
1.151
1.048
1.307
1.250
0.914
1.336
1.267
0.934
1.634
1.039
1.117
1.097
1.167
1.197
1.341
0.981
1.073
1.176
1.339
1.221
1.174
1.331
1.026
1.068
1.554
1.532
1.008
1.300
0.990
1.230
0.615
1.143
1.169
1.393
1.155
0.862
0.955
1.029
1.741
1.118
1.157
1.124
1.052
0.965
0.865
0.964
0.887
0.997
0.977
1.323
0.980
1.027
1.374
0.855
0.972
0.722
1.336
1.008
1.550
1.405
1.150
1.092
0.993
0.953
0.726
0.769
1.273
0.993
0.865
1.025
1.354
1.204
1.329
1.330
0.679
0.645
0.592
0.653
0.997
1.009
0.721
0.730
1.108
1.052
1.165
1.278
1.029
1.056
1.224
1.063
0.808
0.863
0.846
1.226
1.096
1.280
1.279
1.057
1.551
1.293
1.181
0.877
1.245
1.100
0.841
0.754
0.966
1.719
1.557
0.871
0.557
0.917
0.860
0.954
1.098
1.069
0.853
0.990
0.913
1.251
1.305
0.543
1.988
1.499
1.135
0.912
0.884
0.784
1.267
1.084
0.941
0.769
0.667
1.206
0.808
0.724
0.822
0.737
1.180
1.443
1.216
0.945
0.776
0.835
0.775
0.903
1.026
0.734
0.966
1.002
0.939
0.958
1.016
1.037
0.921
1.465
0.956
1.226
1.056
1.119
1.066
0.905
1.132
1.164
0.860
0.882
0.855
1.187
0.998
0.997
1.448
2.420
1.717
1.242
0.845
0.783
1.279
1.116
1.097
1.067
1.102
1.256
1.189
1.337
0.902
0.843
1.068
1.635
1.081
1.105
1.306
1.191
2.087
1.934
1.671
0.921
0.782
0.684
1.062
0.889
1.070
1.038
1.154
1.090
1.172
1.154
0.847
1.634
1.722
0.818
1.029
1.141
1.389
1.586
1.347
0.883
1.708
1.261
0.800
1.123
1.367
1.163
0.978
1.224
1.275
1.004
2.314
2.242
1.189
1.050
1.487
1.549
1.766
1.276
0.931
1.036
1.624
1.695
1.867
1.505
1.483
1.688
1.445
1.251
0.796
0.870
1.295
1.350
1.129
1.280
1.087
1.707
1.321
1.294
1.389
1.651
1.908
1.691
1.089
1.121
1.674
1.595
1.206
1.233
1.698
1.206
1.088
1.261
1.633
1.645
1.445
1.669
1.264
1.027
1.515
1.533
1.493
1.294
1.131
1.100
1.542
1.287
1.572
1.360
1.367
1.277
1.795
1.533
1.059
1.425
1.430
0.972
2.093
2.241
1.484
1.376
1.479
0.973
1.391
1.410
1.370
1.628
1.577
1.085
1.592
1.183
1.069
1.281
1.488
0.940
1.339
1.225
1.314
0.784
0.782
1.297
1.275
1.390
0.795
1.187
1.165
1.257
0.914
1.390
1.290
1.819
1.863
1.628
1.582
1.360
0.858
1.336
1.625
0.936
1.127
1.329
0.946
1.241
0.977
0.893
1.284
1.347
0.889
1.250
1.027
1.524
1.185
1.915
1.143
1.089
1.285
1.623
1.142
1.333
1.412
1.610
1.768
1.180
1.429
1.063
1.763
1.237
1.401
1.276
1.385
1.073
1.400
0.938
1.639
0.639
1.233
1.260
1.161
1.102
1.353
0.918
0.658
1.029
0.827
1.024
1.123
0.993
1.123
1.485
1.529
1.141
1.365
1.348
1.109
1.365
1.348
1.499
1.140
1.379
1.343
1.196
0.907
0.990
1.157
0.937
1.193
1.623
1.285
1.392
1.187
0.982
1.062
0.888
0.981
1.232
1.181
1.080
1.624
1.326
1.240
1.225
1.726
1.491
1.511
1.187
1.453
1.333
0.814
0.925
0.889
1.246
1.003
0.926
1.298
1.481
1.269
1.385
1.008
0.905
1.032
0.992
0.918
1.486
1.239
1.101
0.878
0.858
0.727
0.827
0.867
1.083
1.191
0.914
0.763
0.912
1.053
0.774
0.572
1.107
0.898
0.968
1.172
1.394
1.428
1.116
1.589
2.055
1.360
1.356
1.029
0.855
1.260
0.977
1.034
1.322
1.027
0.985
1.043
0.745
0.858
0.816
0.666
1.017
0.940
1.098
0.797
0.694
1.398
0.992
0.856
0.693
1.270
1.145
1.054
0.784
0.637
0.902
1.033
0.619
0.714
0.979
1.005
1.697
1.324
1.215
1.096
0.974
0.767
0.768
1.125
0.942
0.647
0.729
0.951
0.953
0.998
0.814
0.781
0.783
1.246
1.473
0.866
0.740
1.005
1.018
1.062
0.835
0.787
1.157
1.343
1.528
1.612
1.261
0.818
0.897
0.856
1.108
0.920
1.303
1.381
1.231
1.353
1.308
0.787
0.762
1.089
1.296
1.123
1.152
1.426
0.825
0.793
1.003
1.082
0.861
1.071
1.176
1.279
0.897
1.120
1.243
1.230
1.041
1.101
0.915
1.054
1.034
0.944
0.991
1.149
1.192
2.305
1.701
0.942
1.059
1.188
1.176
1.041
1.418
0.855
0.449
0.712
0.779
1.565
1.330
0.791
1.667
2.364
2.043
1.240
0.989
0.834
1.095
1.460
1.468
1.529
1.309
1.477
1.598
1.267
1.649
1.123
0.981
1.144
1.584
1.043
1.463
1.474
1.271
0.949
1.495
1.301
1.563
1.291
0.937
1.049
1.022
1.260
1.353
1.511
1.086
1.317
1.316
1.348
1.498
1.459
1.525
1.200
1.074
1.239
1.587
0.972
0.965
1.430
1.137
1.403
1.411
1.316
1.846
1.010
1.369
1.036
1.139
1.201
1.531
1.143
1.128
1.506
1.232
0.867
1.218
1.145
2.060
1.710
1.404
1.442
1.615
1.813
1.586
1.308
1.464
1.585
0.741
1.222
1.106
1.057
1.083
1.429
1.392
1.537
1.421
1.506
1.843
1.424
1.784
1.004
1.272
1.447
1.096
1.144
1.316
1.556
1.779
1.950
1.674
1.647
1.258
1.012
2.039
1.753
1.979
1.749
2.910
1.774
1.282
1.399
1.585
1.863
1.203
0.997
1.130
1.155
1.079
1.056
1.641
1.521
1.248
1.250
0.788
1.600
0.971
1.227
1.184
0.910
0.952
1.196
1.473
1.395
1.553
1.033
1.155
0.882
1.001
1.281
0.667
1.183
1.607
1.324
0.984
1.106
1.083
1.476
1.124
1.332
1.139
0.771
1.409
1.446
1.289
1.084
1.298
0.878
0.802
0.777
1.342
1.747
1.706
1.212
1.074
0.934
1.145
1.318
1.002
1.343
1.126
1.063
0.909
0.791
1.220
1.251
0.824
0.805
0.716
1.118
0.941
0.992
1.034
0.872
1.208
1.189
1.087
0.833
0.681
0.751
0.748
0.599
0.668
0.805
0.574
0.865
0.943
1.891
1.337
1.007
0.880
0.952
1.061
0.904
1.642
1.490
0.997
1.047
1.005
0.876
1.229
1.364
1.015
0.792
1.044
0.972
1.714
2.111
1.124
1.022
0.740
0.816
0.928
1.021
0.778
0.811
0.922
0.906
0.793
0.906
0.972
0.651
0.883
0.572
0.983
1.023
0.853
1.010
1.020
1.098
0.885
0.783
0.759
0.676
1.155
0.674
1.159
0.772
0.866
0.866
1.081
0.947
1.055
0.881
0.540
0.835
0.894
1.101
0.920
0.835
1.032
1.219
1.178
1.204
1.053
1.129
0.649
0.933
1.084
0.789
0.663
1.016
0.791
0.853
0.988
1.057
1.182
1.251
0.977
1.223
0.927
1.040
1.318
1.206
0.831
1.149
1.127
0.799
1.130
1.088
0.591
0.885
0.929
1.050
1.091
1.026
0.822
1.142
1.500
2.222
1.575
1.358
1.450
0.834
0.722
1.043
0.928
0.829
0.630
0.592
0.736
1.380
1.853
1.086
1.312
1.223
0.936
1.145
1.159
1.310
0.731
1.115
1.267
0.990
0.776
1.696
1.683
1.453
0.969
0.857
1.276
0.711
0.892
1.429
1.865
0.970
0.696
1.034
1.006
0.970
1.211
1.183
1.539
1.103
1.498
1.575
1.235
1.385
1.000
1.027
1.056
1.442
1.671
1.565
1.233
0.763
0.741
1.175
1.488
2.354
1.613
0.807
1.004
0.681
1.164
0.854
1.081
1.195
1.033
1.252
1.281
1.314
1.206
1.208
1.235
1.394
2.233
1.357
0.863
0.648
1.188
1.186
1.205
0.849
1.322
1.067
0.879
2.106
1.132
1.032
1.277
1.377
1.289
1.037
0.962
1.108
0.960
1.293
1.147
1.051
0.988
1.197
1.591
1.339
1.349
1.781
1.811
1.447
1.312
1.399
1.331
2.033
1.318
1.595
1.619
1.453
0.888
1.051
1.213
0.723
1.407
1.253
1.027
1.734
1.384
1.880
1.785
1.773
1.754
1.694
1.269
1.076
0.914
1.339
1.302
1.298
1.444
1.869
1.685
1.278
1.590
1.213
1.423
1.777
1.394
1.223
1.220
1.137
1.295
1.361
1.724
1.246
1.181
1.366
1.427
0.678
1.198
1.586
1.559
0.990
1.339
1.395
1.243
1.031
1.053
1.253
0.914
0.997
0.866
0.985
1.283
1.736
1.324
1.687
1.090
0.748
1.354
0.894
1.068
0.963
1.016
0.962
0.952
1.181
1.250
0.988
0.798
1.128
1.075
1.193
1.234
1.354
1.293
1.060
1.143
1.036
1.271
1.461
1.761
1.141
0.939
1.381
1.526
0.748
1.153
1.421
1.072
0.943
1.175
1.307
1.802
1.520
1.408
1.346
1.023
0.697
1.372
1.554
0.920
0.810
1.434
1.128
1.320
1.290
1.049
1.253
0.959
1.288
1.431
1.423
1.166
1.123
1.352
1.289
0.862
0.951
0.894
1.628
1.144
1.259
1.029
1.285
0.928
1.065
1.125
1.081
1.592
1.333
1.047
0.508
0.922
1.004
1.318
1.009
1.222
1.056
1.177
1.016
0.896
0.830
1.444
1.238
0.987
0.866
1.280
1.659
0.668
1.138
0.928
1.231
0.823
0.820
1.058
0.664
0.931
0.949
0.995
0.819
1.030
0.816
0.830
1.145
0.882
0.755
0.973
1.118
1.251
1.073
0.917
1.082
0.733
0.395
1.194
1.295
0.975
1.809
1.280
1.348
1.409
1.287
1.006
0.728
0.829
1.211
0.765
0.737
1.140
0.869
1.061
0.776
0.873
0.951
1.071
0.695
0.726
1.505
1.067
0.973
0.780
1.009
0.643
0.973
0.822
1.086
0.698
0.709
0.444
1.168
0.944
0.859
1.149
1.437
0.937
0.636
1.055
0.956
1.095
0.872
0.807
1.023
1.238
0.926
1.051
1.028
0.715
0.744
0.816
0.458
1.038
1.013
1.111
1.088
0.768
0.801
0.911
0.501
0.776
0.963
0.979
0.841
0.779
1.552
2.075
1.633
1.282
0.857
0.759
1.055
0.963
1.337
1.363
1.254
1.160
0.765
0.894
0.985
1.015
1.026
0.468
0.929
0.821
0.868
0.867
1.156
1.380
0.904
1.199
0.813
1.144
1.953
1.357
0.847
1.165
1.088
1.032
0.941
0.834
1.308
1.164
1.369
1.400
1.131
1.393
1.356
1.771
1.539
2.547
1.324
0.949
1.159
1.310
1.454
0.928
0.917
1.597
1.637
1.199
0.947
1.361
2.354
2.086
1.682
0.853
0.846
1.017
0.987
1.076
1.205
1.081
1.380
1.495
1.621
1.561
0.944
1.280
1.017
1.204
0.939
0.998
1.099
0.972
0.882
0.875
0.880
1.230
1.473
1.307
1.042
1.334
1.451
1.386
1.424
2.356
1.256
0.975
0.796
1.182
1.408
1.478
0.831
1.371
1.568
1.089
1.225
0.752
1.485
1.054
0.549
1.353
0.991
1.414
1.074
1.415
0.928
1.248
1.889
1.610
1.847
1.328
0.930
1.116
1.904
1.425
1.463
1.227
1.509
1.073
1.011
1.499
1.236
1.425
1.251
1.090
1.270
1.245
1.029
1.400
1.508
0.996
1.382
1.311
1.347
1.045
1.459
1.184
1.389
1.132
1.231
0.968
1.168
1.364
1.315
1.187
0.919
1.122
1.247
1.799
0.899
1.751
1.621
1.306
1.385
1.270
1.328
1.006
1.501
0.987
0.960
1.386
1.231
1.296
1.377
1.578
1.030
1.395
0.858
1.627
1.124
1.040
1.420
1.165
1.401
1.134
1.032
1.042
0.903
1.261
0.898
1.773
1.424
1.137
1.037
0.837
0.842
0.946
1.624
1.419
1.225
1.463
1.273
1.307
0.975
0.709
0.826
1.323
1.150
1.046
1.247
1.039
0.714
1.106
0.753
1.211
0.753
0.734
0.795
1.372
1.074
0.617
0.935
0.678
0.782
1.178
1.389
1.293
1.482
1.162
0.885
0.933
1.095
1.097
1.016
0.846
0.838
1.039
1.121
1.286
1.175
1.397
1.243
1.351
1.088
1.515
2.002
1.084
1.098
1.263
1.165
1.612
1.059
1.148
0.976
1.125
0.996
0.920
0.956
1.200
1.034
1.573
1.000
0.956
1.170
1.141
1.054
1.178
1.317
1.292
1.157
0.897
1.278
0.985
1.183
0.934
1.108
1.130
1.111
1.144
1.278
1.038
0.872
0.752
1.031
0.874
1.011
0.872
1.354
0.802
0.992
1.012
1.089
0.831
0.820
1.224
0.899
0.899
0.923
0.994
0.738
0.814
0.583
0.789
1.098
1.024
1.153
1.150
1.010
1.338
1.923
0.980
1.269
1.182
1.131
1.067
0.742
0.725
1.038
1.296
0.956
1.157
1.181
1.534
1.011
0.949
0.840
1.259
0.902
0.737
0.995
1.046
0.846
0.961
0.799
0.879
0.693
0.799
1.714
2.297
1.538
1.178
1.395
1.042
0.937
0.996
0.929
0.837
1.825
1.737
1.324
1.036
0.960
1.158
1.073
1.107
0.895
0.999
0.995
1.066
0.550
1.064
1.174
0.953
0.932
2.308
1.144
0.883
1.118
1.133
0.978
0.598
0.912
0.957
0.950
2.075
1.703
0.981
1.466
1.042
0.884
1.351
1.719
1.901
1.368
1.319
1.255
1.446
1.034
0.811
0.853
1.101
1.375
1.143
1.247
1.079
0.943
0.907
0.924
0.842
0.712
0.703
1.132
0.851
1.026
0.963
0.942
1.858
1.390
1.309
1.103
1.110
1.502
0.976
1.213
1.151
0.972
1.361
1.465
0.368
1.283
0.886
0.861
1.016
1.469
1.257
1.010
1.155
0.858
0.628
0.620
0.871
0.831
1.041
1.271
1.021
1.052
0.761
1.667
2.653
1.333
0.766
1.120
1.306
1.121
1.093
1.178
0.949
0.787
0.687
0.996
1.144
1.137
0.934
2.262
1.705
0.994
1.200
0.986
0.770
1.255
1.453
1.362
1.518
1.542
1.248
1.634
1.654
2.201
1.382
0.844
0.967
1.275
1.117
1.146
1.024
1.572
1.389
0.845
1.250
1.319
1.040
1.237
1.574
1.321
1.441
1.232
1.299
1.531
1.531
1.392
1.372
1.403
0.846
0.921
1.409
1.449
1.331
1.547
1.379
1.669
1.425
0.953
1.335
0.976
1.639
1.907
1.206
1.415
1.323
1.848
2.019
1.143
1.382
1.359
1.411
1.762
1.636
1.304
1.365
1.412
1.254
1.396
1.306
1.236
1.508
1.329
1.478
1.137
1.398
1.060
1.233
1.231
1.466
1.132
1.541
1.364
1.120
1.716
1.107
1.283
1.167
1.153
1.122
1.345
1.611
1.351
1.114
1.405
1.634
1.391
1.382
1.699
1.334
1.706
0.700
1.184
1.803
1.717
1.447
1.700
1.203
1.053
1.501
1.632
1.156
1.477
1.282
1.201
1.214
1.525
1.428
1.152
1.184
1.229
0.932
0.858
1.377
0.927
0.805
1.678
1.158
1.494
1.228
0.895
1.112
1.416
1.320
1.039
1.244
1.245
1.119
1.222
1.373
1.047
0.750
0.918
1.088
1.586
1.154
1.313
0.990
0.979
1.276
1.173
0.843
1.293
1.335
1.120
1.041
1.292
1.288
1.167
1.177
0.967
1.351
1.120
1.025
0.929
1.034
1.156
1.213
0.656
1.284
1.102
0.966
0.971
0.973
0.900
1.261
0.903
1.036
0.886
0.902
1.003
1.033
1.342
2.067
1.698
1.513
0.919
1.082
1.031
1.299
0.978
1.173
1.265
0.976
0.918
1.104
1.724
1.232
1.078
1.200
1.002
1.257
0.730
0.808
0.982
1.170
1.337
1.427
1.066
0.909
0.885
1.067
1.121
1.176
1.841
1.206
0.941
0.754
0.730
1.099
1.375
1.617
1.241
0.718
0.764
0.713
0.948
0.983
0.701
0.990
0.967
1.848
1.741
1.223
1.283
0.987
0.733
0.997
1.117
0.971
0.951
0.883
0.603
0.661
0.955
0.933
0.877
0.626
1.260
0.849
1.075
1.262
0.878
0.708
1.106
0.750
1.171
2.284
1.831
1.081
1.009
1.120
0.828
1.162
0.632
1.031
1.527
1.204
1.252
1.317
1.458
1.653
1.682
1.788
1.352
0.917
1.110
0.883
0.879
0.531
1.141
1.098
0.989
0.923
0.818
0.958
0.876
0.772
1.320
0.764
0.654
0.722
0.849
0.761
0.744
0.791
1.550
0.713
0.776
0.630
0.817
1.960
2.047
1.711
1.970
1.889
1.122
0.558
1.270
1.275
0.880
0.961
0.778
1.109
1.160
1.261
1.090
0.968
0.901
1.027
0.986
1.052
1.219
1.134
1.105
0.860
1.148
0.771
2.499
2.781
1.733
0.702
1.445
1.046
1.042
1.052
0.957
1.087
1.113
1.220
2.096
2.045
1.729
0.937
0.624
1.565
1.281
0.707
1.197
1.465
0.784
1.743
1.708
1.170
0.730
0.765
1.284
0.834
1.997
2.022
1.782
1.406
1.416
1.294
1.385
1.147
1.607
1.019
1.180
1.379
1.495
0.866
1.378
1.361
1.723
1.647
1.169
1.561
1.717
1.334
1.319
1.222
1.500
1.230
1.006
1.074
1.015
1.184
0.825
1.523
1.854
1.231
1.412
1.214
1.657
1.663
1.379
1.244
2.053
1.342
1.383
1.030
3.027
1.994
1.104
1.032
1.133
1.528
1.382
1.224
1.316
1.463
1.431
1.474
1.339
1.283
1.119
1.629
1.568
1.378
0.851
1.735
1.477
1.323
1.282
1.499
1.497
1.409
1.357
1.197
1.164
1.330
1.832
1.220
0.976
1.309
1.661
1.398
1.345
1.978
1.907
1.464
1.215
0.986
1.106
1.021
1.288
1.247
1.482
1.465
0.932
1.168
1.027
1.434
1.205
1.627
1.410
1.264
0.985
1.258
1.458
1.699
1.215
1.426
1.279
1.486
1.771
1.705
1.658
0.819
1.247
1.122
0.974
1.093
1.008
1.168
0.836
1.144
1.868
1.113
1.000
1.416
1.206
0.907
1.115
0.930
0.840
0.934
0.865
0.956
1.030
1.452
1.050
0.935
1.199
1.420
0.895
1.112
1.220
1.260
1.378
1.366
1.890
1.762
1.677
1.636
1.391
1.277
1.438
1.720
1.529
1.251
1.286
0.990
0.711
0.931
0.737
0.836
1.220
1.248
1.720
0.920
0.949
0.904
1.162
0.926
0.813
0.891
0.829
0.829
0.727
1.001
1.660
1.435
0.968
0.704
1.166
1.198
0.700
1.383
1.529
1.502
1.521
1.669
1.233
1.058
0.680
1.308
0.847
1.278
1.007
0.950
1.200
1.801
0.808
0.896
1.163
1.681
1.216
0.843
1.426
1.371
0.822
0.585
0.915
0.522
0.842
1.101
1.052
1.035
1.042
1.126
0.917
0.615
0.924
1.143
0.909
1.543
1.865
0.924
0.766
0.821
0.769
1.109
0.783
1.491
0.899
0.780
0.510
0.559
0.978
1.244
0.689
0.805
1.119
0.765
1.156
1.040
0.718
0.593
0.996
2.735
1.388
1.177
1.273
0.991
0.650
0.731
1.320
1.350
1.366
1.736
1.097
1.155
1.456
1.743
1.416
0.972
1.137
0.840
0.636
0.924
0.906
1.050
0.977
0.993
1.209
0.927
1.000
0.918
0.786
0.764
0.662
1.039
1.212
0.874
0.518
0.993
2.033
1.803
1.722
1.531
1.245
1.044
1.321
1.293
1.001
0.912
0.711
1.202
0.733
0.779
0.697
1.110
1.090
1.413
1.009
1.446
1.716
1.792
1.441
1.005
1.198
1.040
0.974
0.910
0.977
0.915
1.103
1.398
1.226
1.040
0.932
1.839
1.558
1.107
1.029
1.151
1.044
1.364
1.292
0.938
0.648
0.933
1.140
1.150
1.261
1.342
1.309
1.137
1.358
1.430
1.385
0.810
0.835
1.307
1.182
1.505
1.207
1.103
0.844
1.023
0.701
0.996
0.824
1.063
1.245
0.990
0.898
1.116
1.560
1.408
1.057
0.874
1.592
1.705
1.661
0.949
1.263
1.183
0.974
0.799
0.796
0.792
1.017
1.044
1.110
1.035
1.291
1.080
0.717
1.530
1.764
1.383
2.399
2.320
1.648
0.803
0.913
1.170
1.240
1.279
1.736
1.432
1.122
1.186
1.311
0.850
0.462
0.956
1.384
0.899
1.259
1.729
1.239
1.241
1.475
1.532
1.252
1.075
1.415
1.325
1.743
0.948
1.712
1.298
1.391
1.141
1.486
1.342
1.334
1.139
1.295
1.349
0.941
0.966
1.323
1.197
1.395
1.485
1.139
1.595
1.311
1.648
1.440
1.263
1.914
1.550
1.250
0.858
1.325
1.771
1.030
1.675
1.411
1.134
1.003
1.549
1.424
1.033
1.336
1.437
1.499
1.700
1.645
1.698
1.828
1.491
1.429
1.189
1.351
1.092
1.451
1.481
1.452
1.624
1.213
1.631
1.130
1.072
1.279
1.227
1.081
1.245
1.464
1.076
1.289
1.616
1.769
1.893
2.079
1.877
1.011
1.325
1.165
1.178
1.209
1.159
1.069
1.631
0.864
1.153
1.184
1.553
1.851
1.543
1.548
1.217
1.815
1.420
1.411
1.480
1.514
0.912
1.176
0.921
1.450
1.606
1.558
1.814
1.983
1.497
1.466
0.919
0.955
0.744
1.096
0.749
0.785
0.979
0.869
0.783
0.924
0.955
1.589
1.398
1.631
1.019
1.313
1.260
1.215
0.698
1.080
0.948
1.426
1.128
0.977
0.818
0.801
1.011
0.986
0.924
0.984
1.308
1.013
0.770
1.369
0.811
0.836
1.024
1.174
1.009
0.847
0.751
0.757
0.784
0.854
0.784
0.891
0.881
1.109
1.506
0.776
1.196
1.080
0.980
0.873
0.682
0.845
0.995
0.835
1.484
1.317
1.349
1.199
1.076
1.375
1.128
1.125
1.129
1.155
0.779
0.816
1.383
1.181
1.079
0.792
0.858
1.351
0.805
0.866
1.055
0.913
1.107
0.992
1.014
0.754
0.850
1.300
0.935
0.765
1.392
0.822
1.016
0.861
1.230
0.947
0.778
0.838
0.967
1.175
1.005
1.217
1.029
0.862
1.017
0.734
0.898
1.012
0.779
0.969
1.508
1.871
1.307
1.262
0.953
0.721
0.921
0.827
1.118
1.238
1.023
0.783
0.857
0.765
0.689
0.695
1.598
1.277
0.726
0.750
0.756
0.986
1.049
1.040
0.795
1.032
0.877
0.511
1.568
1.262
1.030
0.695
0.706
1.775
1.454
1.391
1.236
1.133
1.121
0.952
0.842
0.781
0.452
0.864
2.897
2.235
1.821
1.465
1.133
0.796
0.687
0.765
0.997
1.232
1.078
0.898
0.898
0.705
1.747
2.048
0.711
1.750
1.596
1.511
1.040
0.752
1.028
1.134
1.101
1.433
1.059
1.605
1.371
1.093
1.064
1.315
1.210
1.466
1.084
0.898
0.956
1.468
1.043
1.165
1.630
1.354
0.686
0.857
1.059
1.303
1.090
0.852
0.768
0.743
0.845
0.859
1.112
1.277
1.289
1.702
1.807
1.313
1.289
1.125
1.185
0.961
1.010
1.232
1.132
1.165
0.968
1.013
1.130
1.148
1.103
1.018
0.766
0.890
1.119
1.028
0.931
0.893
1.371
1.411
1.710
1.402
1.183
0.902
0.842
1.487
0.909
1.215
1.355
1.350
1.461
0.974
1.249
1.428
1.245
1.413
0.876
1.571
1.515
1.356
1.424
1.164
1.146
1.338
1.034
1.114
2.165
1.508
1.033
1.227
1.683
1.684
1.519
1.556
1.498
1.433
0.944
1.219
1.404
1.631
1.080
1.078
1.685
1.395
1.293
1.781
1.676
1.526
2.022
1.357
1.270
1.277
1.310
1.427
1.899
0.874
1.553
1.477
1.010
1.113
0.986
1.447
1.181
1.213
1.448
1.205
1.080
1.540
1.861
1.758
1.143
1.262
1.051
1.467
1.069
1.259
1.010
1.190
1.069
1.044
1.289
1.200
0.900
1.405
1.265
1.724
0.965
1.025
1.053
1.056
0.913
0.943
0.824
0.617
0.833
1.109
1.194
1.368
1.346
1.357
1.239
0.779
0.884
0.891
0.980
1.298
1.593
1.405
0.946
1.127
1.285
1.359
1.341
1.213
0.801
0.972
1.444
1.621
1.414
1.657
1.070
1.043
1.123
0.975
0.984
0.955
0.848
0.693
1.271
1.448
1.115
0.715
0.913
1.187
1.538
1.575
1.564
2.014
1.759
1.390
1.571
2.450
1.125
1.230
1.284
1.119
1.118
1.328
1.018
1.037
1.427
1.549
1.375
1.389
1.410
1.039
1.374
1.061
0.912
1.001
1.296
1.287
1.061
3.350
0.959
1.389
1.255
1.263
0.956
0.890
0.733
1.078
0.995
0.536
1.168
0.716
0.813
0.938
1.329
1.426
0.965
0.951
1.489
0.812
1.006
0.670
0.805
1.177
0.685
0.852
0.804
1.162
0.880
0.956
0.849
0.743
0.645
1.231
0.994
1.384
1.283
0.822
1.062
1.242
1.410
1.389
0.789
0.752
1.273
1.339
1.880
0.961
1.269
1.629
1.663
1.814
1.336
1.329
0.914
0.816
1.226
0.982
0.908
1.139
1.273
1.307
1.362
1.359
0.685
0.735
0.594
0.879
0.849
0.707
0.596
0.814
1.072
1.393
1.456
0.921
0.972
0.988
0.998
1.073
1.272
1.176
0.744
0.844
1.021
1.005
1.043
0.483
0.488
0.662
0.937
0.913
2.301
2.072
0.958
0.869
1.011
0.681
1.065
1.107
0.663
0.572
0.714
0.567
1.151
1.329
1.179
1.133
0.544
0.831
0.703
1.061
1.038
0.836
1.197
0.709
1.419
1.304
1.474
1.348
1.501
1.056
0.445
0.977
1.496
2.007
1.197
1.176
1.247
1.123
1.082
1.074
1.053
0.832
0.781
1.179
1.805
1.080
0.860
1.125
0.902
1.053
1.460
1.476
1.285
0.595
0.895
1.040
0.930
1.028
0.921
0.918
1.079
0.729
0.898
0.603
1.352
0.841
1.103
1.301
1.196
1.318
0.863
0.892
1.115
0.953
0.771
1.019
0.970
1.039
0.842
2.812
2.043
1.182
0.734
0.669
0.906
1.009
1.045
0.978
1.042
1.219
0.900
0.817
0.851
0.787
0.992
0.763
0.999
0.965
1.131
0.907
0.759
1.064
1.124
1.222
0.970
1.714
1.664
1.601
1.522
0.880
1.304
1.303
1.040
2.093
1.923
1.182
0.916
1.299
1.347
1.494
2.860
1.861
0.933
0.891
1.123
1.138
1.249
1.117
0.853
1.378
1.162
1.502
0.981
1.253
1.726
1.314
1.156
1.126
1.635
1.433
1.300
1.534
1.772
1.917
1.783
1.772
1.187
1.202
1.125
1.536
1.921
1.019
1.717
1.086
1.105
1.189
1.117
1.503
0.987
1.186
1.538
1.430
0.921
1.337
1.076
1.111
1.081
1.219
1.023
1.755
2.269
1.664
1.157
1.103
1.282
1.028
1.096
1.206
1.303
1.547
1.553
1.562
1.762
1.690
1.175
1.129
1.064
0.773
1.088
1.406
1.622
1.485
1.864
1.489
1.154
1.498
1.683
1.263
1.851
1.328
1.480
1.554
1.506
1.427
1.305
1.254
2.275
2.518
1.365
1.405
0.958
1.183
0.917
0.797
1.216
1.147
1.073
1.094
0.982
1.370
1.017
1.253
0.966
1.499
1.467
1.658
0.898
1.377
0.935
1.005
0.871
1.117
1.414
1.313
0.865
1.471
1.314
1.185
1.000
0.991
1.382
1.291
1.085
0.766
0.965
1.324
1.100
1.338
1.339
0.864
1.252
1.163
0.998
1.211
1.214
1.336
1.509
1.213
1.787
1.568
1.529
1.640
1.575
1.016
1.279
0.889
0.897
1.008
1.545
1.015
1.434
1.200
1.479
1.266
0.833
0.936
1.031
0.983
1.141
1.252
1.676
1.676
1.528
1.230
0.673
0.875
1.247
1.326
1.086
0.809
0.766
1.204
2.135
1.996
1.626
1.557
1.285
1.851
1.579
0.911
0.828
1.127
1.296
1.168
0.957
1.522
1.155
0.774
0.820
1.166
1.017
1.149
0.741
0.525
0.713
1.185
1.684
1.068
0.992
1.088
1.232
0.990
1.244
1.041
1.086
0.990
0.917
1.154
1.140
1.378
1.351
1.665
1.313
1.030
1.091
1.512
1.238
0.793
0.776
0.686
0.824
0.865
0.684
0.975
1.026
1.257
0.842
0.662
0.850
0.890
1.053
1.123
1.167
1.325
0.902
0.797
1.077
0.665
0.625
0.655
1.137
0.934
0.748
0.881
0.899
0.924
1.496
1.036
0.864
1.725
1.125
1.265
1.149
0.946
0.918
1.264
1.202
1.144
0.869
0.980
1.172
0.950
0.878
0.721
0.988
0.985
1.196
0.943
0.851
0.909
1.123
1.018
0.958
0.783
0.947
1.338
0.792
1.916
1.109
1.654
1.340
0.925
1.153
0.933
0.895
1.329
1.112
1.018
0.869
0.749
0.845
0.822
1.026
1.182
1.098
1.074
0.719
0.762
1.510
1.289
0.797
1.198
1.225
1.333
1.440
1.312
1.081
0.943
0.648
0.783
0.783
1.144
0.857
0.882
1.197
0.852
1.201
1.215
1.590
1.526
1.332
1.209
1.204
1.057
1.012
1.191
0.878
1.289
1.515
1.722
1.265
0.720
1.789
2.027
1.680
1.047
0.757
0.957
1.298
1.144
1.358
1.232
1.467
1.246
2.211
0.705
1.265
1.089
0.899
0.943
1.419
0.885
1.326
0.984
1.125
1.169
1.016
1.089
1.017
1.052
1.333
1.148
0.836
1.212
1.006
1.166
1.144
1.032
1.145
1.056
0.956
1.265
1.209
1.390
1.386
1.297
1.627
1.327
1.544
1.808
1.560
1.064
1.457
1.564
1.515
1.353
1.273
1.556
1.553
1.553
1.741
1.328
1.725
1.790
1.642
1.676
1.212
1.645
0.926
0.886
0.799
1.317
1.420
1.243
0.847
1.424
1.402
1.908
1.748
1.079
1.200
1.087
1.032
1.003
1.229
1.644
1.673
1.515
1.431
0.731
1.355
0.971
1.435
1.461
1.431
1.692
1.012
1.281
1.254
1.270
1.092
1.194
1.167
1.345
1.636
1.426
1.398
1.139
1.233
1.276
0.919
1.087
1.066
1.237
1.485
1.525
1.418
1.629
1.263
1.147
1.637
1.478
1.333
1.009
1.137
1.450
1.503
1.840
1.364
2.222
1.342
1.297
1.484
1.523
1.075
1.178
0.804
0.892
0.791
1.752
1.354
1.143
1.289
1.484
1.276
1.668
1.734
1.418
1.759
1.039
1.826
1.612
1.670
1.642
2.057
1.856
1.507
2.027
1.623
1.175
1.646
1.271
1.047
1.630
1.810
1.269
1.388
1.362
1.642
1.684
1.686
1.238
1.696
1.636
1.037
1.442
1.851
1.643
1.772
1.293
1.600
1.403
1.675
1.435
1.059
0.988
1.111
0.680
0.683
0.762
1.103
0.797
0.681
0.566
0.813
1.237
1.443
0.635
0.812
1.078
1.466
1.525
1.702
1.447
2.191
1.918
1.285
1.412
1.488
1.150
1.338
0.888
1.109
1.363
1.213
1.058
0.970
1.426
1.053
1.363
0.862
1.167
1.211
1.139
0.898
1.143
0.847
0.753
0.793
1.055
0.914
0.879
1.012
1.498
1.292
0.995
1.165
0.993
1.593
1.511
0.904
0.790
0.979
1.105
1.202
1.434
1.496
0.960
1.151
1.167
1.383
1.024
0.939
0.986
1.010
1.035
1.471
1.351
0.782
1.253
0.558
0.814
1.018
1.232
1.175
0.871
0.664
1.010
0.915
0.781
1.033
1.310
1.342
0.609
0.869
0.824
1.089
1.121
0.838
1.169
1.190
1.169
1.179
1.190
1.229
1.528
1.540
1.226
0.871
0.763
1.353
0.864
1.239
1.112
0.831
0.716
0.818
0.897
1.068
1.405
1.020
0.879
0.841
1.201
1.291
1.084
0.717
1.563
1.483
0.653
0.884
1.001
1.150
0.989
0.955
1.293
1.512
1.168
1.052
1.479
1.627
0.907
0.894
0.920
1.123
1.181
1.179
0.933
0.885
0.884
0.995
0.909
1.029
1.014
0.787
0.979
1.045
0.971
0.980
0.897
1.226
1.065
0.927
1.990
1.868
2.211
1.722
1.318
1.013
1.055
0.920
1.403
1.724
1.002
0.766
1.118
1.333
1.320
1.560
1.393
0.702
1.211
1.038
1.298
1.253
1.294
1.046
1.233
1.079
0.983
0.996
1.148
1.350
1.507
1.343
1.574
1.518
0.883
1.223
0.815
1.051
1.237
1.443
1.950
1.032
0.732
0.919
1.008
0.899
1.202
1.098
1.232
1.188
1.185
1.556
1.108
1.392
1.217
1.318
1.335
1.306
1.411
0.945
1.166
1.273
1.448
2.295
1.572
1.367
1.306
1.477
1.769
1.586
1.595
1.571
1.222
1.382
1.489
1.371
1.241
1.216
1.187
1.462
1.421
1.586
1.202
1.251
1.216
1.324
1.058
1.144
1.513
1.899
1.677
2.020
1.075
1.302
1.436
1.125
0.932
1.389
1.461
0.969
1.387
1.472
1.067
1.442
2.019
1.893
1.508
1.148
1.569
1.381
1.296
1.076
1.655
1.390
1.222
1.165
0.962
1.179
1.193
1.257
1.105
1.244
1.235
1.048
1.434
1.290
1.600
1.259
1.008
1.253
1.131
1.401
1.007
1.198
1.345
1.121
1.338
0.801
0.552
1.095
1.204
1.530
1.134
0.982
1.303
1.367
1.247
1.362
1.467
1.542
1.639
1.074
1.316
1.144
0.637
0.878
1.356
1.150
1.716
1.146
0.926
0.909
0.950
1.327
1.191
0.887
1.684
1.011
1.169
1.184
1.109
1.464
1.190
1.005
1.082
1.759
0.915
0.938
1.037
0.877
1.490
1.304
1.150
0.914
1.151
1.179
1.355
0.611
1.330
1.837
1.364
0.938
1.127
0.740
0.887
1.329
1.476
1.069
0.876
1.065
1.305
1.440
1.336
1.160
0.937
0.749
1.295
1.024
1.139
0.871
1.515
1.204
1.696
1.497
1.095
1.176
1.196
1.067
1.174
0.794
1.270
1.226
1.047
1.092
1.329
0.950
1.169
0.712
0.759
0.475
0.995
1.395
1.537
1.124
0.537
1.212
1.221
1.068
1.024
0.794
0.656
1.243
0.831
0.453
1.097
1.064
1.282
0.801
0.800
1.181
1.071
0.804
1.150
1.281
1.458
0.878
0.951
1.406
0.760
0.808
0.970
0.815
0.992
0.825
1.129
1.046
0.914
0.732
0.703
0.999
1.089
0.941
0.790
1.002
0.811
0.660
0.928
0.681
1.011
1.064
0.868
0.797
0.878
0.784
1.037
0.934
0.634
0.955
0.972
1.076
1.109
0.941
0.777
0.780
1.261
1.209
1.247
1.302
1.003
0.544
1.405
1.450
1.027
0.651
0.952
0.733
0.882
0.816
1.086
0.872
0.691
0.813
0.704
0.674
0.989
1.151
0.715
0.899
0.777
1.158
1.154
0.618
1.186
1.373
1.000
1.101
1.149
1.060
0.967
0.878
1.013
0.944
1.219
0.962
1.577
1.238
1.145
0.766
1.637
0.891
0.914
1.055
1.009
0.882
0.825
0.837
0.771
0.785
0.551
0.803
0.715
1.080
1.190
1.392
1.324
0.965
0.882
1.093
0.665
1.023
1.040
0.961
1.649
1.357
0.769
0.990
0.865
1.447
1.325
1.848
1.842
1.741
1.686
1.203
1.240
1.270
1.211
1.099
1.148
1.511
1.117
1.345
1.112
1.243
1.212
1.232
0.969
1.371
0.995
0.818
1.233
1.071
1.173
1.191
1.180
0.796
1.251
1.466
1.643
1.552
1.529
1.386
1.010
1.061
1.318
1.852
1.488
1.386
1.442
0.799
1.152
1.194
1.227
1.243
1.142
0.839
1.294
1.032
1.541
1.518
1.617
1.292
1.264
1.219
1.349
1.696
1.364
1.439
1.551
1.097
0.991
1.245
1.419
1.430
1.094
1.346
1.569
1.279
1.156
1.165
1.743
1.381
1.036
1.418
1.438
1.600
1.214
1.760
1.148
1.065
1.270
1.447
1.727
1.687
1.388
1.504
1.202
1.217
0.882
1.561
1.506
1.169
1.568
1.392
1.155
1.066
1.374
1.070
0.954
1.440
1.301
1.163
1.647
1.386
1.397
1.137
1.191
1.402
1.759
1.325
0.859
1.074
1.176
1.579
1.125
0.908
1.301
1.551
1.239
1.292
1.324
0.823
1.526
1.370
1.262
1.036
1.388
0.946
1.018
0.926
0.841
0.915
1.617
1.571
1.607
1.793
1.716
1.228
1.266
1.673
1.493
1.055
1.141
0.784
1.027
0.978
1.125
1.362
1.522
1.439
0.950
0.888
1.461
1.382
1.340
1.441
1.191
1.624
1.257
1.101
1.555
1.507
1.460
1.514
1.148
1.402
1.342
1.497
1.675
1.547
1.331
0.847
0.908
1.086
1.052
1.410
0.716
0.746
1.035
1.221
1.144
0.860
1.061
1.034
1.261
1.064
1.072
1.703
0.866
1.665
1.290
1.290
1.395
1.570
1.466
1.756
1.868
1.742
1.629
1.530
1.783
1.549
1.144
1.251
1.254
1.228
1.028
0.733
1.095
1.529
1.345
0.853
1.189
1.604
1.220
1.316
1.443
0.848
1.392
1.197
0.840
1.113
1.282
1.091
0.766
0.823
1.153
0.930
0.800
0.805
0.689
0.971
1.091
1.044
1.083
0.900
0.920
1.045
1.372
1.012
0.899
0.790
0.534
0.972
1.560
1.089
1.360
1.380
0.846
0.770
1.017
1.009
1.208
0.873
0.933
0.807
0.767
0.717
0.684
0.774
0.902
0.929
0.665
0.475
1.080
0.713
0.758
1.132
1.114
0.894
0.577
0.717
1.358
1.121
1.455
1.486
1.114
1.441
1.195
0.754
0.899
1.274
0.682
1.047
0.883
0.759
0.721
0.821
1.070
0.725
0.748
0.913
1.502
1.945
2.112
1.676
1.108
0.957
0.982
1.251
1.036
1.325
1.629
1.065
1.358
1.048
0.865
0.934
0.559
0.942
0.890
0.768
0.822
0.717
0.991
0.625
0.508
1.986
1.950
1.484
1.251
0.927
0.928
0.588
0.848
1.079
0.997
1.004
0.862
0.962
1.250
0.861
1.311
1.610
0.866
1.328
0.929
1.017
1.049
0.838
1.160
1.130
0.981
0.826
1.160
0.776
0.580
0.907
0.983
0.720
0.882
0.720
1.027
1.049
0.886
0.973
1.076
0.927
1.050
1.316
1.135
0.739
1.124
1.200
1.061
1.240
1.276
0.963
1.015
1.172
0.713
1.045
0.983
0.797
0.849
1.185
1.097
1.448
1.430
1.122
1.245
0.722
1.000
1.519
2.129
1.691
0.770
0.934
1.320
1.372
1.410
1.381
1.155
1.013
1.342
1.130
1.240
0.773
1.363
1.205
0.642
0.927
1.225
1.033
1.276
1.026
1.198
1.352
1.262
1.147
0.792
1.183
1.590
2.191
1.389
0.938
1.161
1.308
1.441
1.260
1.414
1.201
0.908
0.795
1.225
1.185
1.400
1.012
1.338
2.323
1.635
2.099
1.977
1.450
0.923
1.076
1.057
0.952
1.075
0.997
1.373
1.338
1.353
0.887
2.338
2.128
0.876
0.747
1.360
1.036
1.091
1.384
1.321
1.490
1.129
0.810
0.971
1.303
1.726
1.452
1.267
1.387
0.872
1.317
1.244
1.080
1.320
1.295
1.325
1.042
0.947
0.905
1.039
1.458
1.176
1.157
2.436
1.546
1.587
1.472
1.133
1.142
1.285
0.896
1.194
1.502
1.497
0.987
1.700
1.661
1.480
1.203
2.314
1.353
1.212
0.937
0.867
2.816
1.546
1.040
1.317
1.388
1.399
1.227
1.280
0.949
1.469
1.116
0.657
1.014
0.948
1.852
1.734
1.525
1.491
0.992
1.225
1.497
0.973
1.184
1.243
1.471
1.111
1.580
1.502
1.510
0.948
1.324
1.090
1.131
1.641
1.466
1.100
1.544
1.422
2.028
1.157
1.142
0.953
0.658
0.945
0.813
1.170
0.992
0.781
1.230
1.324
1.538
1.095
1.147
1.069
1.004
1.652
1.409
0.808
0.836
0.692
0.885
1.199
1.090
1.425
1.018
1.258
1.136
1.409
1.209
1.212
0.977
1.067
1.230
1.446
1.230
1.439
1.349
1.333
1.442
1.321
1.622
1.314
1.081
1.239
1.407
1.552
1.409
1.461
1.226
1.308
1.156
1.237
1.285
1.530
1.757
0.984
0.864
0.557
0.917
1.212
0.750
0.893
1.239
1.453
1.262
1.069
1.010
1.080
0.737
0.804
1.143
1.821
1.717
1.349
1.146
1.213
0.956
0.922
0.909
1.253
1.081
1.302
1.357
0.734
1.059
1.550
1.421
0.916
0.617
0.584
1.065
1.179
1.210
0.946
0.910
0.756
1.434
1.008
0.773
0.944
1.356
1.330
1.257
0.926
0.653
1.194
1.124
1.311
1.291
0.919
1.023
1.037
0.829
0.964
0.922
0.952
0.581
1.258
0.828
0.869
0.799
0.912
0.845
0.929
1.237
1.528
0.987
0.455
0.732
0.690
0.982
0.795
0.991
0.683
0.831
0.898
1.306
1.175
0.856
0.915
0.708
1.019
0.960
0.665
1.114
2.289
2.224
1.949
1.273
0.888
1.157
1.130
1.245
0.866
1.046
1.975
1.591
0.818
1.185
1.707
1.507
0.778
1.058
0.798
0.502
0.814
1.300
1.653
1.552
0.855
0.898
1.054
0.984
1.088
1.755
1.150
0.755
0.967
0.813
0.731
1.118
0.558
0.494
1.442
2.115
0.889
0.629
0.929
1.040
0.965
1.232
1.108
1.043
0.831
0.973
1.174
0.988
1.000
1.028
1.117
1.075
0.831
0.685
1.142
1.182
0.995
0.908
1.513
1.319
1.198
1.036
1.331
1.197
0.940
1.241
1.198
0.836
0.656
1.260
1.463
0.937
0.873
1.117
1.251
1.204
1.291
0.863
0.710
0.947
1.248
1.021
1.643
1.755
0.966
1.325
1.284
1.210
1.034
1.351
1.628
2.263
1.407
1.060
0.962
1.336
1.075
1.411
1.309
1.236
0.936
0.938
1.163
1.402
1.537
1.381
0.785
1.321
1.287
1.597
1.360
1.195
1.309
0.996
1.317
1.007
0.720
1.446
0.935
1.119
1.332
1.296
0.694
1.500
1.285
0.961
2.046
2.281
1.118
1.381
1.128
1.361
1.368
1.450
1.295
1.160
1.539
0.998
1.261
1.139
1.091
1.122
1.572
1.481
1.144
1.057
1.455
1.112
1.234
1.238
0.892
1.616
1.537
1.290
1.416
1.481
0.904
1.510
1.356
1.487
1.464
1.601
1.424
1.133
1.099
1.182
0.835
1.761
1.569
1.996
2.011
1.386
0.854
0.927
1.062
0.947
0.654
1.018
0.792
1.208
0.946
0.998
1.596
1.115
1.177
1.195
1.015
0.978
1.295
1.479
1.209
0.911
0.747
1.417
0.671
0.663
1.005
1.564
1.348
0.908
1.039
0.967
1.412
1.510
1.283
1.027
1.147
1.127
0.817
0.910
1.037
1.214
1.628
0.953
1.493
0.820
0.982
1.082
1.150
1.155
1.017
1.436
1.155
1.187
1.140
1.140
0.718
1.500
1.187
1.462
1.138
0.909
0.918
0.791
1.341
1.380
1.299
1.258
1.636
1.085
0.887
1.341
1.485
1.242
1.155
1.454
1.143
1.012
1.294
1.280
1.843
1.858
1.066
1.471
1.089
1.043
1.037
1.288
0.798
1.052
1.610
1.801
1.216
1.055
1.036
1.352
1.728
1.302
0.985
2.622
1.369
1.474
1.071
0.774
1.035
1.503
0.904
1.084
1.269
1.278
0.762
1.301
0.907
1.382
1.017
1.448
1.239
0.995
1.302
1.465
1.185
1.010
0.773
1.123
1.042
1.128
0.743
0.950
1.809
1.337
1.444
1.049
1.494
1.405
1.340
1.655
1.244
1.223
1.417
1.147
0.645
0.733
1.100
1.106
1.144
1.121
1.174
0.690
1.181
1.401
1.036
0.998
0.923
0.839
1.177
1.153
0.693
1.276
1.027
0.846
1.441
1.292
0.754
0.872
0.756
0.645
0.592
1.023
0.835
1.303
1.244
1.111
1.360
1.139
0.903
0.554
0.616
0.839
0.990
0.864
0.920
0.610
1.930
1.451
1.162
0.848
2.144
1.728
1.217
0.421
0.963
1.197
0.902
0.869
1.188
1.466
0.840
0.906
0.905
0.748
1.354
1.415
1.011
1.385
1.296
1.546
1.309
0.857
0.867
1.533
1.628
1.412
1.079
0.832
1.164
1.018
1.029
1.254
1.224
0.523
0.896
0.824
1.243
1.290
1.130
0.690
1.248
1.257
1.221
1.008
1.318
0.957
1.058
1.228
1.350
1.311
1.106
1.097
0.861
1.481
1.353
0.829
1.137
1.171
1.330
1.067
1.180
0.748
0.876
1.222
1.276
1.064
0.988
1.898
2.704
1.568
1.577
1.415
1.202
1.297
0.731
1.002
1.443
1.351
0.869
1.492
2.590
1.381
1.055
1.357
1.427
1.160
1.500
1.743
1.031
0.890
1.032
1.078
1.014
1.176
1.373
1.418
1.142
0.823
1.109
1.502
1.956
3.035
1.983
1.511
0.945
1.005
1.295
0.865
0.736
1.385
1.127
1.189
1.334
1.536
1.334
1.414
1.248
1.758
1.071
1.661
1.680
1.685
1.364
1.326
0.936
2.317
1.220
1.415
1.471
0.945
1.491
1.189
1.109
1.507
1.435
1.556
1.682
1.456
1.176
1.162
1.552
1.624
1.078
1.378
1.418
1.374
1.492
1.931
1.520
2.669
1.951
1.281
1.449
0.959
1.121
1.327
1.508
1.352
1.407
1.117
1.035
1.059
1.154
1.226
1.115
1.396
1.656
1.128
1.124
0.810
1.552
1.176
1.611
1.623
1.328
1.409
1.273
1.600
1.399
0.987
1.044
1.484
1.258
1.109
1.375
1.509
1.155
1.219
1.070
0.886
1.211
1.080
1.552
1.438
1.207
1.162
1.103
0.961
1.650
0.936
1.523
1.141
0.934
0.550
0.712
1.329
1.448
1.590
1.170
1.405
1.117
1.344
1.462
1.184
1.107
1.565
0.931
1.223
1.796
1.729
2.200
1.425
1.165
0.944
1.295
1.208
1.291
1.063
1.090
1.514
1.742
1.561
1.202
1.537
1.446
1.608
0.898
1.253
1.323
1.333
1.324
1.082
1.256
1.518
1.555
1.639
1.375
1.706
1.424
1.239
0.830
1.100
1.274
1.628
2.021
1.916
1.580
1.141
0.570
0.655
0.945
0.994
1.320
1.244
1.140
1.189
0.757
0.967
0.856
1.273
0.805
0.867
1.137
0.925
0.873
1.153
1.153
0.628
0.963
0.847
1.167
1.295
1.359
1.256
1.207
0.986
0.731
0.919
0.953
0.959
0.752
1.162
1.128
0.708
1.019
1.324
0.998
0.715
1.468
1.395
1.339
1.130
1.110
1.288
0.708
0.809
1.290
1.359
1.101
0.943
0.728
1.207
1.455
1.147
0.770
1.243
1.368
1.084
0.742
0.895
1.171
1.198
0.857
1.063
0.980
0.596
0.605
0.939
1.000
0.826
1.148
1.354
1.071
0.722
0.827
1.099
0.861
0.544
0.709
1.151
0.854
1.040
0.950
1.163
1.193
0.848
0.790
0.740
0.947
1.330
1.019
1.178
2.356
2.033
0.942
0.953
1.029
0.873
1.139
1.127
1.166
1.067
1.347
1.231
1.100
1.250
1.969
2.330
2.122
1.593
1.180
1.167
0.944
2.143
2.126
2.102
1.848
1.675
1.719
1.453
0.922
0.723
0.615
1.126
1.184
1.433
1.132
0.985
1.832
1.657
1.209
0.634
0.894
1.045
1.048
0.952
0.733
0.636
0.811
0.981
0.891
0.652
0.900
0.566
0.990
0.933
0.754
0.872
1.375
1.074
1.164
0.808
1.184
1.084
1.156
1.112
1.201
0.970
0.751
1.055
0.864
1.352
1.157
1.365
1.143
1.200
0.696
0.711
1.362
1.754
1.422
1.345
1.177
1.023
1.342
1.302
1.260
1.104
1.187
0.989
0.604
2.017
1.524
1.521
1.301
0.904
0.927
1.083
1.273
1.254
1.283
1.473
1.206
1.474
1.260
1.536
1.467
1.975
1.430
0.983
1.011
0.846
1.035
1.333
1.316
1.141
1.158
1.205
1.203
1.419
1.054
1.656
1.708
0.934
0.985
1.584
1.342
1.259
1.207
0.944
1.129
1.383
0.984
1.450
1.583
1.993
1.189
1.432
1.411
1.408
1.578
1.254
1.600
2.415
1.382
1.151
1.498
1.344
1.648
1.196
1.094
1.316
1.511
1.480
1.053
0.951
1.196
1.437
1.591
1.897
1.448
1.309
1.154
1.528
1.184
1.607
1.494
1.036
1.141
0.981
0.982
1.323
1.423
1.428
1.163
1.080
0.961
1.228
1.254
1.273
1.206
1.068
2.058
1.213
0.986
1.022
1.136
1.239
1.293
1.913
1.523
1.617
1.634
1.205
1.063
1.581
1.487
1.166
1.681
1.246
1.771
1.147
1.410
1.320
1.140
1.450
1.108
2.133
1.042
1.159
1.202
1.142
1.105
1.269
1.501
1.242
1.341
1.345
1.263
1.150
1.406
1.425
1.313
1.045
0.584
1.101
1.287
1.566
1.339
0.971
1.170
1.386
1.118
1.623
0.892
0.679
1.006
1.138
0.771
0.921
1.004
1.351
1.460
1.395
2.051
1.353
1.263
1.151
1.167
0.922
1.222
1.024
1.260
1.953
1.053
0.674
0.869
0.989
1.052
1.192
0.849
1.114
1.111
0.994
1.513
1.666
1.651
1.379
0.828
1.051
1.448
1.453
1.258
1.658
1.272
1.125
0.769
1.207
1.292
1.482
1.279
0.658
1.227
1.388
1.551
1.290
1.200
0.856
1.458
1.346
1.337
1.684
1.447
1.505
1.436
1.392
1.463
1.881
1.466
1.040
1.339
0.817
0.741
0.714
1.078
1.293
1.762
1.321
1.156
0.980
1.135
0.883
1.311
1.009
0.814
1.328
0.956
0.879
0.912
0.913
0.764
0.716
1.103
1.058
1.365
0.700
0.922
1.012
1.487
0.880
1.248
1.031
1.169
1.154
0.995
0.842
1.188
1.227
1.973
1.236
1.175
1.086
0.721
0.996
1.228
0.758
0.799
0.658
1.082
1.077
0.866
1.233
0.983
1.064
1.062
0.606
1.088
0.871
0.877
0.757
1.361
1.715
1.317
1.163
1.422
0.945
0.926
0.933
0.972
1.004
0.769
1.089
1.041
0.808
0.723
1.089
1.152
1.501
2.089
1.389
1.077
1.067
0.749
0.590
0.900
0.985
1.013
0.771
1.020
2.933
1.932
1.281
1.094
1.060
0.759
1.038
1.371
0.844
0.735
1.018
0.990
0.885
1.094
1.003
2.988
1.284
0.813
0.875
0.914
1.484
2.193
1.459
0.769
0.663
1.082
1.703
0.951
1.014
1.109
1.037
1.096
0.774
0.986
1.247
1.432
1.113
1.389
1.039
1.032
0.851
0.803
1.295
1.384
0.955
1.165
1.001
1.380
0.876
1.373
1.241
1.384
1.066
1.109
0.893
1.002
1.377
1.269
1.369
0.953
1.133
1.051
1.088
0.821
0.913
1.026
1.411
1.211
1.429
1.625
0.775
0.978
1.072
1.142
1.313
1.275
1.247
1.137
3.621
1.481
1.691
2.144
1.155
0.918
0.853
1.224
0.966
1.059
1.596
1.183
0.968
1.321
1.084
1.166
1.229
1.013
1.309
1.277
1.399
1.289
1.791
1.727
1.538
1.783
1.499
1.146
1.273
1.397
1.578
1.304
1.299
1.345
1.289
1.669
1.339
1.367
0.812
1.300
1.424
1.361
1.005
1.044
0.949
1.263
1.736
1.196
1.288
1.222
1.178
0.874
1.219
1.399
1.467
1.263
1.295
1.355
1.397
1.300
1.020
1.712
1.035
1.268
1.140
1.450
1.557
1.740
1.686
1.759
1.720
1.474
0.900
1.456
1.160
0.960
1.152
1.600
1.393
1.039
1.153
1.139
1.326
1.227
0.871
0.885
0.545
1.163
1.348
0.837
0.979
1.029
1.071
0.951
1.078
0.901
1.434
1.781
2.052
1.163
1.313
1.044
1.356
1.477
1.195
1.400
1.828
2.024
1.413
0.950
0.833
0.673
1.531
1.964
0.929
1.188
1.574
1.257
0.959
1.039
1.508
1.579
1.545
1.183
1.449
1.927
1.298
0.883
0.898
1.380
1.143
1.704
1.664
0.846
1.869
1.369
1.637
1.019
0.994
0.694
1.169
0.787
0.972
1.040
0.961
1.256
0.810
0.909
1.380
0.745
1.031
0.798
0.792
1.094
1.131
1.409
1.052
1.552
1.288
1.363
0.932
1.186
1.143
1.038
0.904
1.092
1.109
1.314
1.312
0.693
0.841
0.613
0.897
0.690
1.110
1.089
1.608
1.171
1.023
0.961
1.160
1.189
0.876
1.194
1.829
1.196
1.018
0.804
0.833
1.173
0.764
1.074
1.864
1.714
0.687
0.853
1.392
1.002
0.920
1.333
1.008
1.641
0.986
1.078
1.212
1.101
1.245
1.062
1.285
1.243
1.189
0.856
1.266
1.374
1.333
1.576
1.017
1.113
1.470
1.367
1.305
0.902
0.845
0.880
1.068
1.158
0.878
1.116
0.982
0.911
0.646
1.035
0.803
1.536
1.193
0.939
0.982
0.943
0.922
0.903
0.751
0.614
0.929
0.893
0.519
1.099
1.478
0.953
0.942
0.729
1.129
1.554
1.957
1.265
1.165
1.167
1.503
0.988
0.801
0.929
0.628
0.948
1.205
1.282
1.334
1.335
1.228
1.455
1.236
0.919
0.870
0.951
0.683
0.789
0.761
0.770
1.149
1.612
1.723
1.178
1.194
2.265
2.280
1.989
1.385
1.126
0.917
0.996
0.953
0.800
0.604
1.520
1.702
1.385
1.238
1.200
1.299
0.925
1.169
1.078
1.218
0.749
1.087
0.970
0.970
0.751
0.834
0.889
1.045
1.517
1.868
1.609
1.412
0.640
0.708
0.986
1.168
0.899
1.336
0.944
0.910
0.888
0.668
0.704
1.111
1.128
1.766
1.503
0.908
1.197
1.230
1.033
1.014
1.424
1.473
1.259
0.517
1.074
1.485
1.269
1.055
0.645
1.069
1.533
1.085
1.274
1.321
1.287
0.738
0.631
0.933
1.179
0.880
0.933
1.108
1.246
1.078
0.748
0.935
1.096
1.256
1.441
1.343
1.098
1.081
0.906
0.829
1.009
1.209
1.281
1.678
1.101
1.419
1.505
1.091
0.982
1.380
1.135
1.509
1.440
1.150
1.267
1.313
1.629
1.111
0.871
1.052
1.109
1.641
1.199
0.979
1.345
1.143
1.560
1.962
1.493
1.553
0.931
1.619
1.222
1.403
1.742
1.299
0.904
1.437
1.585
1.311
0.657
1.239
1.597
1.329
1.207
1.383
1.426
1.107
1.144
1.260
1.241
1.456
1.149
1.274
1.460
1.175
2.272
1.236
1.088
1.350
0.939
1.152
1.192
1.325
1.299
1.196
1.510
1.716
1.632
1.140
1.162
1.953
1.920
2.266
1.622
1.081
1.539
0.977
1.271
1.037
1.076
1.031
1.363
1.242
1.151
1.373
1.246
1.086
0.961
1.463
1.451
0.985
0.590
1.130
1.300
1.289
1.023
1.124
0.768
0.661
0.965
1.605
1.830
1.575
1.472
1.449
1.154
1.066
1.114
0.996
1.345
1.655
1.325
1.774
2.040
1.461
1.377
1.861
0.992
1.111
0.899
0.817
0.827
0.987
1.564
0.920
1.505
0.985
1.714
1.516
1.846
1.414
1.181
1.154
1.044
0.794
1.509
1.187
0.829
1.059
1.217
1.228
0.734
1.006
0.961
1.011
1.178
1.425
1.296
1.432
1.454
2.197
1.712
1.185
1.106
0.963
0.985
0.824
0.970
1.183
1.388
1.498
1.143
0.860
1.150
1.195
1.176
1.206
1.545
1.171
0.824
1.038
1.529
1.400
1.379
1.314
1.266
1.177
1.226
1.376
1.242
1.245
1.360
1.181
1.096
1.116
0.948
1.518
1.330
1.357
1.278
1.198
0.874
1.162
1.111
1.236
1.057
1.258
1.233
1.536
1.544
1.534
1.760
1.483
1.547
1.292
1.202
1.379
1.341
1.121
1.039
0.974
1.000
0.831
1.697
1.143
0.922
0.870
0.929
0.937
0.895
1.103
0.830
0.532
0.739
1.078
0.895
1.072
0.817
0.950
1.035
0.977
1.365
0.848
0.965
1.775
1.313
0.775
1.010
1.197
0.991
0.999
1.415
1.199
1.148
1.513
1.442
1.042
0.778
1.298
1.075
1.442
1.281
0.908
1.010
1.155
1.015
1.382
1.405
0.913
0.744
1.421
1.689
1.753
1.320
1.015
1.126
1.428
1.336
0.828
1.276
1.291
0.768
1.008
1.490
1.212
1.106
0.726
1.063
1.119
1.056
0.837
0.893
0.737
0.683
0.909
0.884
1.106
1.124
0.521
0.815
0.841
0.603
0.918
1.079
1.012
1.569
1.363
0.828
1.028
0.845
0.936
0.917
1.051
1.136
0.977
0.841
0.838
0.580
1.120
2.234
2.277
1.182
0.664
1.662
1.497
1.250
0.864
0.814
0.839
1.926
1.586
1.022
1.295
0.860
1.154
0.940
0.843
0.814
0.638
0.894
0.876
0.959
1.085
1.173
1.019
0.900
1.232
1.172
1.297
1.019
0.969
1.009
0.974
0.547
0.755
1.035
1.075
1.580
1.361
0.967
0.607
0.964
0.946
0.880
1.081
1.160
0.986
1.239
1.448
1.435
1.310
0.998
1.702
0.563
0.919
1.124
0.819
1.120
1.001
1.164
1.170
0.852
1.026
1.207
1.007
1.122
1.062
1.082
2.175
1.885
1.014
0.727
0.977
1.520
1.501
1.282
1.648
1.569
1.501
1.390
1.431
1.313
1.123
1.188
1.574
1.032
0.944
1.435
1.385
1.520
1.164
1.075
0.881
1.312
1.557
1.408
1.668
1.457
1.833
1.224
1.660
1.090
1.344
1.291
1.502
0.860
1.163
1.377
1.416
1.162
1.229
1.384
1.044
0.898
1.211
1.434
1.230
1.667
1.043
1.394
1.057
1.037
1.100
1.265
1.656
1.490
1.157
1.162
0.958
1.558
1.555
1.663
1.506
1.540
1.430
0.947
0.852
0.956
1.088
1.420
1.121
1.231
1.048
1.202
1.086
1.224
1.118
1.015
0.936
1.438
1.028
1.062
1.615
1.596
1.511
0.940
1.725
1.218
0.871
0.981
0.807
1.120
0.917
0.862
1.467
1.475
1.403
1.024
0.700
1.565
1.378
1.157
0.880
1.280
1.110
1.342
1.010
1.101
0.875
1.152
1.136
1.177
1.338
1.432
1.592
1.246
1.265
1.050
1.070
0.838
1.259
1.107
1.024
0.968
1.474
1.406
1.081
1.029
0.963
0.954
1.353
0.920
0.703
1.143
1.026
0.879
0.707
0.800
1.035
1.301
1.324
1.529
1.652
1.444
1.305
1.110
1.395
1.043
1.662
1.809
1.211
0.996
1.193
1.212
1.345
1.055
1.087
0.983
0.988
0.981
1.036
0.791
0.977
0.739
0.508
0.810
0.767
1.219
1.111
0.745
1.372
1.100
1.041
1.584
1.091
1.324
0.963
0.717
1.007
1.201
1.524
0.843
1.219
0.913
0.719
0.844
1.169
1.049
1.008
0.729
0.925
0.718
1.178
0.924
1.432
1.196
0.602
0.913
0.829
0.862
1.121
1.359
0.976
1.095
1.044
0.941
1.101
1.000
1.427
1.027
0.704
0.944
1.151
1.016
1.158
1.252
0.701
0.868
0.973
0.758
0.897
1.483
1.327
1.191
1.053
1.289
1.421
1.309
1.430
1.290
1.235
1.067
1.091
0.950
0.914
0.978
2.003
2.210
1.782
1.923
1.873
1.717
1.250
1.122
1.269
1.007
1.170
0.980
0.942
0.980
0.666
1.049
1.359
0.995
1.159
0.990
0.954
0.783
0.538
1.021
0.720
1.749
1.313
0.884
1.300
0.813
1.103
0.867
0.793
0.782
1.917
2.485
2.084
1.762
1.383
0.986
1.132
1.115
1.293
1.198
1.020
0.939
1.228
0.691
0.828
0.705
1.532
1.536
1.128
1.618
0.974
0.861
1.788
2.084
1.270
0.952
0.930
1.291
1.343
0.781
1.176
1.390
1.559
1.410
1.157
0.983
1.254
1.250
1.080
1.182
1.343
1.120
1.199
0.967
0.958
0.820
0.971
1.024
0.895
1.115
1.383
1.727
1.084
0.927
0.879
0.845
1.052
1.389
1.208
0.998
0.985
0.761
1.182
1.066
1.231
0.884
1.145
1.878
2.778
2.337
1.588
1.006
1.409
1.380
1.141
1.136
1.138
1.099
1.379
1.667
0.847
0.678
1.134
1.425
0.857
1.431
1.574
2.263
2.336
1.623
0.817
0.883
1.055
1.211
1.460
1.116
1.427
1.560
1.424
1.252
0.824
1.151
1.165
1.475
1.401
1.121
1.278
1.200
1.359
1.005
1.345
1.439
1.378
1.195
1.099
0.997
1.156
1.056
0.894
1.733
1.874
1.728
1.464
1.363
1.031
1.072
1.210
1.311
1.307
1.408
0.995
0.951
1.287
1.426
1.162
1.396
1.390
1.042
1.273
1.570
1.500
1.558
1.707
1.621
1.495
1.705
1.108
2.992
1.502
1.036
1.088
1.601
1.510
1.409
1.533
1.237
1.304
1.338
1.522
1.430
0.966
1.102
1.045
1.224
1.372
1.788
1.773
1.476
1.184
1.250
1.133
0.982
1.583
1.418
0.900
1.007
2.322
2.202
1.272
1.455
1.543
1.164
1.211
1.311
0.845
1.131
2.518
0.888
1.224
1.270
1.465
1.013
1.319
1.440
1.885
1.171
1.217
1.152
1.338
0.992
0.939
0.835
1.512
1.367
1.016
1.088
0.809
1.141
1.331
1.458
1.111
1.360
1.845
1.275
1.596
1.396
1.472
1.872
1.507
2.293
1.119
1.147
2.012
1.505
1.451
1.168
0.688
1.003
2.000
1.554
0.965
1.175
1.376
0.832
1.585
1.775
1.473
1.134
1.164
1.496
1.059
0.879
0.869
0.972
0.829
0.690
1.239
1.444
1.787
1.309
0.816
1.311
1.084
1.174
1.240
1.267
1.054
0.910
0.933
0.848
1.477
0.902
1.112
1.075
1.080
0.785
0.761
1.138
0.937
1.300
1.460
1.158
1.010
1.197
1.325
1.143
1.290
0.957
1.005
0.844
1.161
1.347
1.405
1.154
1.242
1.155
0.977
1.783
1.110
0.922
1.311
1.065
0.904
0.852
1.028
1.352
1.168
0.982
0.897
0.966
0.980
1.248
0.951
1.279
1.626
1.306
0.791
0.688
1.169
1.013
1.111
1.024
1.161
1.245
0.848
1.226
0.957
0.934
0.957
1.123
1.004
1.036
0.982
1.180
1.115
0.896
0.638
0.831
0.930
1.148
0.955
1.236
1.006
1.084
1.523
2.668
1.582
1.146
1.250
0.940
0.734
0.900
1.060
1.425
1.416
1.265
1.106
0.858
0.932
0.775
0.525
0.994
1.461
1.332
0.974
0.757
0.797
1.007
2.507
1.831
1.409
1.044
1.000
1.565
1.147
1.025
0.551
1.079
1.468
0.914
1.120
1.736
1.993
1.243
1.151
1.257
1.024
0.797
1.062
1.204
0.873
0.972
1.067
1.898
1.673
1.681
1.352
1.065
1.437
1.122
1.195
1.132
1.147
0.819
1.225
1.227
1.221
1.111
1.031
0.698
1.190
1.628
1.395
1.179
1.279
1.172
1.090
0.897
0.929
0.901
1.148
1.165
1.024
1.173
1.414
1.268
0.842
0.909
1.497
1.574
1.415
1.217
0.926
0.482
1.061
1.336
1.176
1.152
1.020
1.375
1.192
1.135
0.920
1.006
1.050
1.105
1.077
1.323
1.026
1.558
1.694
1.195
1.053
1.103
1.610
1.223
1.296
1.200
0.862
0.960
0.675
1.031
2.006
0.999
1.236
1.276
1.160
1.130
1.731
1.655
1.654
1.637
1.476
1.299
1.401
1.348
1.250
1.145
1.078
2.190
1.550
1.394
1.289
1.110
1.403
1.244
1.318
1.321
1.117
1.333
1.398
1.233
1.266
1.383
1.353
1.167
1.091
1.393
0.963
1.020
1.549
1.520
1.597
0.987
1.162
1.243
1.200
1.047
1.797
1.538
1.392
1.039
0.834
1.942
1.560
1.061
1.287
0.967
0.718
0.837
1.156
0.894
0.729
1.106
1.251
1.096
1.098
1.018
0.857
1.297
1.394
1.121
1.113
0.888
1.098
1.035
1.182
0.765
0.898
1.248
1.290
1.047
1.304
0.749
0.805
0.948
1.411
1.336
1.092
1.137
1.014
1.177
1.097
1.246
1.441
1.097
1.064
0.981
1.211
1.469
1.295
1.170
1.091
1.259
1.216
1.036
1.164
1.334
1.012
1.207
1.172
1.600
1.145
1.258
1.131
1.468
0.805
0.901
1.020
1.478
1.080
1.065
1.570
0.861
0.893
0.925
0.860
0.961
1.128
1.189
0.530
1.096
1.428
1.182
0.814
1.350
1.009
0.955
1.079
1.248
1.024
1.373
1.369
1.291
1.495
1.276
1.193
1.070
1.144
0.917
1.048
1.329
1.479
1.088
1.037
0.778
1.233
1.254
1.297
1.116
1.414
1.997
1.132
0.903
0.619
1.052
0.800
1.135
1.081
1.231
1.152
1.194
1.143
1.169
1.037
1.389
0.787
0.903
1.024
1.437
1.417
1.290
1.460
1.134
1.172
1.457
0.923
0.594
1.026
1.337
1.163
0.924
1.131
0.921
1.026
1.027
0.847
0.809
0.660
0.947
1.022
0.789
1.188
1.133
1.159
1.179
1.314
1.398
1.327
1.220
1.102
1.211
0.975
1.029
0.949
1.176
1.000
0.973
1.249
1.603
1.863
1.340
1.307
0.810
1.128
0.998
1.470
1.260
0.958
0.808
0.577
0.866
1.027
1.207
1.223
0.654
0.821
1.127
1.020
1.850
1.392
1.302
1.415
1.109
1.248
1.054
0.800
0.805
1.234
0.949
0.733
0.836
0.579
1.470
1.005
0.810
0.988
0.914
0.711
0.928
1.524
1.318
0.962
0.906
1.168
1.049
1.000
1.085
1.125
0.904
0.827
0.661
2.155
1.636
1.342
1.105
1.081
1.370
1.550
1.475
1.369
0.908
1.021
1.214
0.944
1.119
0.868
0.890
0.990
0.894
0.944
0.840
0.777
0.681
0.699
0.785
0.878
0.985
0.780
0.943
0.534
0.645
1.162
0.890
0.923
1.162
1.150
1.189
0.801
1.213
1.558
1.474
1.491
0.863
1.150
0.955
1.103
1.028
1.227
1.208
1.277
0.933
1.192
1.228
0.916
0.758
1.415
1.281
0.985
1.549
1.206
1.170
1.064
0.940
1.106
1.103
1.042
1.136
1.148
1.115
1.466
1.557
0.875
0.869
1.005
1.182
1.101
1.194
0.973
1.453
2.345
2.184
1.521
0.876
0.947
1.184
1.204
1.146
1.212
1.133
1.167
1.263
1.286
1.186
1.642
1.205
1.048
1.198
0.795
1.414
1.371
0.816
1.024
1.271
1.054
1.405
1.360
1.002
1.194
1.307
1.341
1.430
1.125
1.075
1.389
1.151
1.234
1.127
1.009
1.597
1.797
1.870
2.050
1.698
1.137
1.480
1.486
1.184
1.171
1.027
0.799
1.129
1.520
1.377
1.157
1.406
1.393
1.415
1.532
1.445
1.189
1.625
1.386
1.439
1.572
1.252
1.270
1.105
1.241
1.016
1.051
2.380
1.875
0.921
1.287
1.264
1.249
1.040
1.006
1.285
1.038
1.091
1.027
0.951
1.207
1.122
2.278
1.522
1.581
1.094
1.025
1.073
0.987
1.390
0.812
0.693
0.810
0.921
1.051
1.015
0.941
1.079
1.153
1.107
1.049
1.347
1.017
1.418
1.287
1.167
1.219
1.187
1.009
1.118
1.307
1.717
1.407
1.482
1.384
1.658
1.559
1.435
0.647
0.976
0.836
1.036
1.427
1.209
1.248
0.954
0.921
0.774
0.961
1.223
1.775
1.339
1.117
0.765
1.277
1.221
0.877
0.999
1.063
1.131
1.005
1.075
1.368
1.233
1.317
0.706
1.280
1.296
0.939
0.887
1.060
1.148
1.383
1.215
1.294
1.742
1.177
1.182
0.873
1.018
0.670
1.074
1.060
1.112
0.893
1.190
1.145
0.890
0.976
0.746
1.071
0.981
1.191
1.275
0.825
1.025
1.025
1.245
1.260
0.823
1.046
1.358
1.240
1.197
1.815
1.102
0.944
1.485
1.408
1.012
0.855
1.143
1.291
1.099
1.494
1.268
1.202
1.039
1.091
0.879
1.002
1.257
1.199
1.237
1.029
1.345
0.916
1.160
0.922
0.880
0.950
1.212
0.885
1.013
1.048
0.986
1.175
1.245
1.149
1.041
0.998
0.808
1.072
1.142
0.901
0.813
0.792
1.102
1.142
1.181
1.146
0.941
1.454
0.950
0.988
1.006
0.808
0.635
1.374
0.923
0.911
0.896
0.987
0.956
0.780
0.817
1.232
1.085
1.087
1.492
1.059
1.454
1.108
0.938
0.789
0.764
0.661
0.868
0.772
1.032
0.988
0.441
0.855
1.031
0.808
0.599
0.964
1.072
1.354
1.454
1.711
1.842
1.867
1.571
1.462
1.756
2.119
1.610
1.363
1.058
1.010
0.712
1.059
1.042
0.910
1.198
0.778
0.863
0.850
1.312
1.663
1.537
0.968
0.886
0.811
0.883
1.173
1.056
0.794
1.173
1.875
1.020
1.025
1.248
0.985
1.009
1.158
0.732
1.603
0.985
0.774
0.760
1.046
0.748
1.146
0.733
1.225
0.990
1.430
1.186
1.033
1.468
1.139
1.014
1.186
1.487
1.041
1.237
1.113
1.027
1.192
1.124
1.147
1.312
1.061
1.092
1.133
1.173
1.012
0.968
1.142
1.121
1.244
1.147
0.884
0.741
1.172
0.840
0.751
0.661
1.064
1.328
1.002
1.114
1.156
0.877
1.013
1.058
1.002
1.588
1.406
1.678
1.391
1.260
1.139
1.298
1.233
1.150
1.309
1.839
1.094
0.814
1.030
1.076
1.379
1.209
1.139
1.219
1.193
1.312
0.956
0.996
1.224
1.388
1.013
1.493
1.689
1.079
1.036
2.158
2.335
1.295
1.410
1.124
1.070
1.315
1.195
1.575
1.040
1.122
1.439
1.568
2.551
2.141
1.398
1.166
1.508
1.470
1.406
1.390
1.662
1.325
1.419
1.273
0.864
1.082
1.565
1.154
0.916
0.969
1.005
1.230
1.236
1.300
1.542
1.261
1.514
1.502
1.551
1.248
1.469
1.619
1.038
1.052
1.251
1.395
1.433
1.334
1.275
0.873
1.131
1.415
1.269
0.789
1.415
1.160
1.398
1.187
1.028
1.204
1.208
0.970
0.937
0.886
1.541
1.502
1.402
1.111
1.154
1.341
1.074
1.493
1.081
0.859
0.809
1.070
0.912
0.818
0.676
0.772
1.019
1.135
1.090
1.710
1.371
0.949
0.972
0.880
1.092
1.067
1.078
1.017
1.329
1.044
0.908
0.973
1.266
0.771
1.254
1.394
1.194
1.131
1.269
1.666
1.441
1.622
1.338
1.127
1.240
0.797
1.047
1.227
1.129
1.420
1.085
1.400
1.038
1.171
1.195
1.277
1.221
1.125
1.234
1.160
1.515
1.565
1.344
1.204
1.148
1.090
1.245
1.106
0.706
1.369
1.389
1.304
1.280
1.593
1.760
1.399
1.245
1.161
0.671
1.180
1.409
0.825
1.012
1.106
1.057
0.812
1.013
1.172
1.021
0.838
0.788
1.271
1.052
0.965
1.346
1.243
1.059
0.964
0.902
0.823
0.901
1.303
0.959
0.945
1.471
1.082
0.906
1.307
0.871
0.783
0.894
1.047
1.055
1.207
0.876
0.811
1.066
1.097
0.898
1.035
1.234
0.939
0.866
1.014
0.931
0.871
0.993
0.724
1.210
1.208
1.249
0.889
0.940
1.367
1.007
1.173
0.845
1.049
1.018
1.022
0.769
1.159
0.755
0.871
1.291
0.989
1.566
1.177
0.890
1.187
1.065
0.890
1.004
1.018
0.549
0.788
1.268
0.800
0.981
0.707
1.056
0.735
1.102
0.879
0.813
0.896
1.007
0.864
0.839
1.081
1.084
1.030
1.300
1.120
0.764
1.133
1.202
1.311
1.376
1.592
1.118
0.781
0.683
0.990
0.831
0.989
0.932
1.107
1.520
0.900
1.119
1.045
0.714
0.943
1.137
1.343
0.681
0.904
1.076
0.819
0.735
0.920
1.007
1.624
1.193
1.342
1.096
0.878
1.011
0.872
0.894
0.692
1.011
0.920
0.913
1.182
0.941
0.826
1.751
0.739
1.059
1.253
1.069
0.680
0.782
0.925
0.707
0.878
0.881
0.882
0.935
1.049
1.288
1.060
0.720
1.038
0.996
1.166
0.764
1.127
1.230
1.288
1.455
1.515
1.789
1.423
0.936
1.001
1.179
1.191
0.822
1.096
1.255
1.359
2.043
1.180
0.752
1.097
1.136
1.293
1.148
0.733
0.927
1.182
1.025
1.336
1.026
0.807
1.025
1.326
1.185
1.164
1.233
1.516
2.054
1.044
1.182
1.180
1.150
0.816
1.357
0.907
1.008
1.390
1.125
1.299
1.504
