19790101
4.050
6.236
2.743
11.134
16.964
4.432
8.420
5.162
2.664
6.376
3.568
5.134
0.331
2.716
2.184
3.923
3.416
1.027
7.494
13.939
12.576
6.506
5.067
5.534
9.608
5.034
8.998
1.505
9.018
12.409
7.672
2.142
10.483
8.114
18.297
0.632
7.278
4.654
6.074
3.330
15.752
4.504
4.594
7.577
17.970
6.655
19.842
2.971
11.455
5.459
1.576
1.281
6.120
2.896
5.352
5.548
8.688
20.622
1.717
9.810
22.580
11.525
15.841
35.946
7.145
9.979
12.197
3.090
8.466
13.201
2.293
5.746
1.198
19.940
9.627
42.735
20.304
11.544
7.596
7.014
5.449
6.571
8.581
9.871
13.589
2.431
7.738
7.617
11.845
12.754
6.159
12.844
3.303
22.798
6.894
19.336
0.553
0.003
0.000
6.338
0.000
5.243
11.879
9.481
8.899
14.416
9.555
13.297
11.872
1.281
12.133
9.198
7.557
1.905
0.340
0.014
0.000
0.268
1.979
5.854
2.826
11.144
3.117
8.120
9.503
6.128
2.633
7.275
10.955
7.162
8.353
3.255
13.637
7.031
4.673
6.303
2.874
2.561
5.023
7.261
6.001
5.586
11.659
5.558
3.842
6.372
7.129
0.429
5.352
13.184
1.978
0.000
0.000
0.000
0.000
0.017
0.203
0.003
0.000
0.203
0.247
0.000
0.000
1.596
1.301
0.348
0.000
0.000
0.000
0.000
0.000
0.000
0.000
0.000
0.000
0.000
0.000
0.000
0.000
0.000
0.000
0.000
0.000
0.003
0.000
0.000
0.000
0.000
0.000
0.000
0.000
0.000
0.000
0.000
0.000
0.000
0.000
0.000
0.000
0.007
0.014
0.000
0.000
0.240
2.400
0.000
0.000
1.612
0.003
0.000
0.000
0.000
0.000
0.000
0.000
0.000
0.027
0.000
0.000
0.024
0.149
0.027
0.000
0.007
0.034
0.000
0.041
0.000
1.052
0.000
0.117
0.000
0.675
0.000
0.000
0.000
0.031
0.249
0.000
0.098
0.228
0.578
0.000
0.000
0.240
0.455
3.866
0.000
0.000
0.000
0.000
0.000
0.082
0.000
0.548
0.000
1.169
0.000
0.000
0.119
0.000
0.000
0.000
0.000
0.000
0.000
0.000
0.000
0.038
4.012
0.000
0.000
0.000
0.000
0.000
0.000
1.414
1.013
0.017
7.038
2.994
17.097
1.854
4.075
0.680
0.000
0.000
1.339
2.956
0.000
0.000
0.000
0.000
0.000
0.000
0.000
1.150
0.000
4.662
1.260
0.185
7.536
0.213
0.000
0.000
0.402
10.125
0.038
12.911
0.208
19.920
17.975
5.708
0.972
0.532
0.000
2.589
17.842
27.385
6.023
17.674
0.000
8.060
5.540
6.259
7.124
12.808
15.240
11.168
0.978
0.000
0.000
0.000
0.003
0.000
2.523
0.397
4.037
15.213
9.177
0.191
4.346
0.113
0.213
11.776
1.291
1.593
9.692
18.729
31.816
1.211
0.670
3.728
13.281
11.582
2.681
5.260
10.209
2.744
7.867
7.345
9.903
7.369
3.519
10.670
60.621
30.518
1.160
4.140
0.165
11.879
1.986
6.015
8.453
6.166
2.990
2.747
2.300
22.994
21.705
13.433
7.618
45.926
6.214
1.075
7.665
14.042
13.602
7.735
2.491
2.633
1.033
10.423
3.389
10.549
8.164
2.771
3.637
5.344
2.139
0.414
13.199
4.558
8.550
0.034
0.007
13.132
6.333
0.453
5.083
7.368
7.738
19.686
15.240
3.104
2.005
0.925
3.028
6.520
0.072
0.125
0.096
0.021
0.000
0.000
0.017
0.034
2.158
1.183
3.548
2.247
2.099
19.048
1.418
8.466
4.281
5.013
5.929
5.477
9.127
12.712
7.284
10.530
14.176
7.423
15.978
6.056
8.820
7.448
4.374
5.318
80.188
6.530
7.558
29.833
2.814
1.799
2.190
9.431
16.497
15.992
7.450
15.796
20.435
6.376
5.452
5.696
3.722
5.977
1.452
17.743
67.669
1.233
10.077
5.006
3.413
0.000
0.000
0.000
0.941
1.023
3.924
11.086
8.621
2.527
6.369
0.441
5.188
0.541
0.000
0.000
1.806
3.509
10.573
0.175
2.008
3.940
3.605
0.635
9.699
3.339
9.155
5.158
8.184
3.871
2.856
6.599
9.347
9.894
0.414
1.602
0.000
0.000
0.000
0.570
2.479
10.566
7.042
9.093
4.449
1.925
0.045
0.000
0.000
0.024
0.000
0.000
0.000
0.000
0.000
9.707
7.594
1.967
0.010
2.003
0.007
2.225
0.421
0.000
0.000
1.847
0.712
7.140
4.745
0.076
2.007
0.000
0.000
0.086
0.000
0.000
0.000
2.190
0.000
0.000
0.000
0.000
0.017
0.000
0.027
0.000
0.000
0.000
0.000
0.000
0.000
0.000
0.936
0.000
0.000
0.000
0.000
0.000
0.000
0.000
0.000
0.000
1.746
0.000
0.000
0.000
0.000
0.223
2.242
0.000
0.000
0.000
0.010
0.000
0.000
1.502
0.000
0.000
0.000
0.000
0.120
0.000
0.000
0.000
0.000
2.671
12.978
0.165
0.000
0.209
0.000
0.000
0.000
0.000
0.000
0.000
0.000
0.000
0.000
0.000
0.000
2.427
0.580
0.906
0.000
0.000
0.000
0.000
0.000
7.052
0.000
0.000
0.000
0.000
0.000
3.399
0.000
0.000
0.000
1.239
0.017
0.000
0.000
0.000
0.055
0.089
14.073
20.186
9.936
0.038
0.000
4.504
0.000
0.323
0.000
0.000
8.432
0.628
4.123
1.881
6.703
0.515
8.875
14.165
0.891
7.479
12.176
0.781
0.498
0.014
10.272
0.000
0.532
0.154
0.003
0.232
0.000
0.000
0.000
0.000
3.172
2.807
6.436
0.697
16.830
27.186
0.589
0.694
1.954
0.000
2.378
0.951
16.445
1.789
3.516
1.356
1.378
5.797
19.508
17.969
8.964
1.809
13.091
8.147
1.650
4.547
9.457
18.854
0.711
9.247
3.653
0.048
0.000
12.009
6.475
5.689
0.000
0.089
5.802
5.200
12.579
9.572
12.907
0.000
0.000
7.563
6.403
2.465
10.087
9.170
15.824
11.100
5.874
9.821
3.777
8.669
11.326
6.887
12.373
4.688
9.198
10.624
17.293
19.336
3.057
0.247
3.251
3.656
2.836
13.036
1.748
1.037
12.133
17.317
7.035
11.223
7.316
0.601
0.079
0.000
4.446
5.109
8.367
3.586
26.886
24.661
11.810
2.671
23.425
15.283
3.993
1.033
0.175
8.609
12.147
4.930
9.386
8.427
3.371
21.918
8.552
10.947
18.131
13.132
5.146
2.027
3.476
15.429
12.370
11.367
17.927
15.899
7.890
12.083
6.606
14.432
4.671
8.288
18.939
19.590
11.452
36.020
5.424
2.657
12.380
51.811
8.320
3.220
1.216
1.821
12.167
13.414
12.303
4.623
7.332
2.513
10.530
0.385
5.538
13.484
8.435
8.224
0.754
7.637
8.065
3.629
6.273
8.427
12.572
26.601
0.745
7.241
4.528
30.525
5.617
12.933
1.596
11.570
0.498
0.326
13.815
14.430
3.945
4.604
0.124
2.846
2.826
2.410
1.984
1.988
5.606
2.465
6.969
3.474
7.352
1.360
2.019
0.003
0.000
8.259
6.971
4.228
4.271
12.327
7.048
6.805
5.201
4.635
11.841
2.674
5.857
9.941
2.789
2.075
14.655
7.151
0.807
0.000
0.000
0.007
0.315
1.741
0.910
0.906
0.695
0.000
0.000
0.851
3.275
8.405
6.194
6.606
0.251
5.390
1.006
0.000
1.940
6.836
2.513
4.171
4.027
0.055
4.422
4.199
0.209
0.000
0.000
0.000
0.312
1.425
0.021
0.000
0.000
0.000
0.000
0.000
0.000
0.326
6.139
0.896
0.000
0.000
0.000
0.000
0.000
0.000
0.000
0.000
0.000
0.000
0.000
0.000
0.000
0.000
0.000
0.000
0.000
0.000
0.000
0.000
0.000
0.000
0.000
0.000
0.000
0.000
0.000
0.000
0.000
0.000
0.000
0.000
4.937
0.302
3.152
0.051
4.683
0.014
0.000
0.000
0.000
0.000
0.251
0.000
0.000
0.000
0.000
0.000
0.000
0.000
0.000
0.000
0.000
0.000
21.657
3.224
0.000
0.343
0.072
0.000
0.027
0.014
0.532
0.000
0.000
0.000
0.000
0.000
0.021
0.333
0.000
0.058
0.007
0.021
0.161
0.000
0.000
0.000
0.089
4.807
13.415
0.000
0.000
0.017
0.000
0.000
0.000
0.000
0.084
0.000
0.000
0.000
0.041
0.855
3.327
0.007
9.771
7.059
1.578
0.000
0.000
0.124
2.032
10.269
0.179
29.727
0.120
0.000
0.127
0.680
0.000
0.000
0.106
0.021
0.000
0.000
0.000
0.151
0.000
0.000
0.000
0.007
3.078
0.151
0.903
0.000
0.130
0.000
0.299
0.642
6.214
8.937
21.078
10.918
20.974
10.056
23.801
2.063
1.875
12.473
3.986
3.282
18.694
17.709
3.807
2.571
9.476
0.992
3.866
7.076
20.395
8.274
61.700
5.733
7.725
12.215
15.721
42.761
3.732
0.007
3.852
10.705
9.222
2.424
1.569
5.955
10.521
4.570
1.116
2.729
3.550
15.436
13.096
24.723
19.145
13.208
4.008
7.955
9.637
11.124
0.038
16.454
10.571
5.661
7.059
5.450
0.364
6.767
7.570
0.003
18.229
6.851
8.689
15.813
15.168
7.021
13.376
5.042
3.437
0.628
0.790
3.979
21.904
43.901
16.157
7.000
0.021
0.446
8.806
13.757
19.858
13.036
17.649
5.341
2.315
1.746
7.203
17.614
11.704
8.739
14.378
5.648
5.579
10.236
20.642
15.934
5.581
0.072
11.055
9.836
24.469
21.094
6.911
14.368
11.618
13.996
14.991
15.039
17.997
49.988
3.615
7.771
20.798
9.936
3.668
5.316
1.121
3.341
3.037
15.129
21.041
0.430
11.930
2.348
4.690
16.722
14.124
11.984
10.588
6.604
17.328
4.614
10.862
8.923
3.873
3.136
16.277
10.809
2.475
4.970
5.881
6.333
15.916
14.823
15.209
82.885
101.579
33.323
7.052
14.123
18.404
34.083
0.596
2.067
5.025
9.386
8.363
5.117
4.906
9.694
8.355
4.489
12.386
8.834
14.560
9.359
20.189
5.800
1.455
3.806
4.865
1.531
1.885
0.000
0.220
0.051
0.642
3.157
9.967
6.358
4.748
5.322
9.481
2.750
11.970
3.567
9.702
9.410
8.868
3.203
7.866
7.117
33.409
21.822
6.478
37.508
0.151
0.000
0.000
0.000
0.000
0.000
3.093
0.000
2.834
0.000
0.079
0.151
0.000
0.000
7.309
1.093
3.018
0.791
2.647
4.762
1.066
7.496
0.072
0.124
0.000
0.350
2.853
0.450
0.244
0.687
0.034
0.017
0.000
0.300
7.788
0.360
0.275
0.038
0.000
0.000
0.000
0.446
3.099
8.516
0.838
0.014
1.135
4.415
7.320
7.668
6.684
1.613
0.000
0.000
0.117
0.000
0.000
2.185
0.000
0.503
0.800
1.708
0.031
2.539
4.537
9.162
0.503
0.000
0.000
0.010
2.407
2.712
0.000
0.000
1.116
10.116
3.218
0.064
0.000
0.000
0.218
2.427
3.097
2.041
3.581
0.000
0.000
0.000
0.000
0.024
0.014
0.000
0.000
0.000
0.000
0.088
0.041
0.138
0.000
0.000
0.000
0.000
0.644
14.801
0.000
0.000
0.676
0.000
0.024
0.051
0.041
0.003
0.000
0.000
0.000
0.103
7.314
4.637
10.302
2.865
6.164
7.738
0.814
0.000
1.523
0.039
9.626
0.843
0.165
0.000
0.707
2.417
0.000
0.007
0.000
2.372
8.063
6.468
0.021
0.000
1.181
0.903
0.000
0.000
0.000
0.824
0.992
1.825
5.194
9.568
0.477
10.051
0.046
1.176
1.962
0.556
0.180
0.000
0.311
0.429
0.010
13.609
28.506
15.199
0.161
3.636
7.203
1.257
1.761
0.000
11.611
2.156
2.705
7.203
1.109
13.517
6.547
1.174
0.113
1.629
0.076
0.000
0.014
0.041
0.000
0.000
0.000
0.879
9.493
7.991
0.585
17.041
15.625
8.823
5.708
7.648
49.119
0.283
0.000
2.002
7.783
10.269
7.293
2.677
27.072
5.891
1.069
9.093
57.398
4.094
4.835
0.525
128.992
5.061
1.835
5.643
6.382
5.946
16.061
25.047
6.980
1.620
9.244
102.719
5.502
2.920
14.558
11.369
7.641
0.503
11.038
6.465
10.533
8.880
6.321
4.147
14.262
0.532
0.027
3.385
6.151
6.197
6.691
14.200
6.805
0.134
3.488
0.724
1.291
0.000
0.208
24.659
9.064
4.757
5.322
13.228
7.023
12.612
13.055
0.163
9.669
92.560
0.000
8.566
11.685
1.511
4.891
7.847
6.537
3.164
21.315
13.630
8.329
0.306
1.052
11.738
10.739
8.401
1.046
0.000
0.000
0.024
3.531
0.594
3.876
0.051
9.218
21.736
9.479
3.795
5.224
1.768
7.587
27.174
7.186
4.559
8.267
41.113
99.766
0.000
0.000
0.000
0.000
0.326
0.000
2.870
5.359
0.551
6.492
0.953
13.479
19.236
14.808
0.426
9.833
22.251
13.081
11.192
1.895
10.746
4.621
4.508
3.856
5.993
3.014
9.489
5.964
3.677
5.802
3.876
8.954
32.626
25.526
4.590
7.817
12.195
10.087
3.876
9.610
11.021
2.242
8.154
9.366
2.671
5.153
0.683
0.000
0.021
1.003
8.895
4.219
4.951
4.635
4.065
0.134
1.377
6.942
9.507
2.599
9.606
14.402
2.026
10.128
13.496
3.519
1.016
7.711
1.075
7.536
5.596
9.975
1.229
0.051
0.000
0.000
0.000
0.000
0.350
1.610
0.000
6.475
0.000
0.003
0.000
0.000
0.000
0.000
0.000
0.000
0.000
0.000
0.000
0.000
0.333
0.197
0.000
1.487
0.000
2.831
0.000
0.000
0.000
0.000
1.720
9.397
0.000
0.000
0.000
0.000
0.000
0.505
0.021
0.007
0.000
0.000
0.000
0.306
0.199
0.000
0.000
0.000
0.000
0.000
0.000
0.000
0.024
0.051
0.007
0.000
0.000
0.000
0.000
0.000
0.000
0.000
0.000
0.000
0.000
0.000
0.000
0.000
0.000
0.000
0.000
0.000
0.000
0.000
0.000
0.000
0.000
0.000
0.000
0.000
0.000
0.000
0.000
0.000
0.000
0.000
1.257
1.459
0.000
0.000
0.306
2.408
0.000
0.000
0.000
0.000
0.524
0.953
0.616
0.093
0.017
0.000
0.000
0.000
0.000
0.000
0.000
0.000
0.003
1.697
0.000
0.000
0.000
0.021
0.000
0.000
0.376
0.000
0.000
0.000
4.223
10.324
4.745
0.122
5.668
15.324
0.000
0.031
0.201
0.000
38.123
1.231
1.349
1.150
0.551
0.663
0.000
1.033
3.967
0.221
0.000
0.000
0.429
5.708
0.000
0.000
0.007
0.000
6.065
2.551
0.046
32.604
11.592
11.361
0.805
0.065
6.394
0.275
0.465
8.085
0.245
0.261
2.039
0.000
4.798
0.603
0.010
0.027
10.145
0.666
2.135
0.000
15.596
61.659
0.239
0.996
0.034
2.069
1.452
17.697
10.640
26.786
0.549
3.667
0.264
2.623
14.481
14.701
27.991
1.514
0.007
0.000
0.000
0.223
1.572
91.569
0.680
2.311
5.761
10.291
0.755
8.290
2.630
2.549
12.869
3.234
17.257
5.363
9.603
8.550
8.332
12.315
24.772
1.476
5.325
7.648
15.530
6.448
2.863
8.104
27.605
0.323
6.206
26.704
9.709
20.744
1.494
5.982
6.751
2.563
10.263
4.257
8.396
13.462
3.395
8.032
5.311
2.280
1.442
3.910
2.444
1.373
1.674
8.732
4.346
10.063
17.328
4.655
7.680
9.987
3.711
5.421
10.976
12.847
2.441
3.656
8.490
10.241
40.464
7.920
2.475
5.740
0.347
0.027
16.219
10.399
33.519
5.397
2.856
27.469
11.385
2.149
0.752
1.893
15.546
4.544
26.711
7.110
5.361
12.950
5.445
20.884
27.126
1.871
0.343
5.263
0.803
3.753
4.395
8.559
7.282
2.834
4.518
15.494
6.643
0.000
3.969
6.224
14.783
32.475
3.732
13.716
17.741
3.227
4.103
1.967
3.289
15.841
12.318
2.197
5.112
9.407
4.316
21.224
12.931
18.363
3.876
7.062
3.159
10.648
4.254
10.622
13.445
1.802
16.874
18.114
31.699
19.769
0.093
0.000
1.531
3.831
8.041
4.216
3.869
1.330
0.508
1.054
0.259
10.981
4.523
8.590
11.858
2.589
6.585
4.338
0.386
4.728
3.866
3.203
3.910
4.939
11.391
9.974
7.218
3.948
1.313
6.020
2.511
12.049
5.126
3.888
8.992
12.687
4.178
5.229
2.695
1.531
3.413
8.796
3.917
1.020
2.142
7.769
0.718
3.292
2.712
8.243
4.951
4.140
3.929
5.823
0.000
0.000
0.000
0.244
4.305
0.307
0.000
0.151
18.646
4.372
0.793
0.000
0.000
0.000
0.041
4.535
5.991
9.905
10.066
8.696
0.034
2.115
0.625
11.515
1.991
0.000
0.106
0.827
0.000
0.000
0.000
0.000
0.000
0.000
0.000
0.000
0.000
0.000
0.000
0.000
0.000
0.000
0.000
0.000
0.000
0.041
0.236
8.115
6.690
0.000
0.950
0.000
0.000
0.000
0.000
0.000
0.000
0.000
0.000
0.000
0.000
0.000
0.000
2.684
4.384
11.950
6.351
9.731
1.344
0.000
0.000
0.000
0.000
0.000
0.000
0.000
0.215
0.105
0.105
1.416
7.982
3.129
14.426
0.041
0.762
0.089
0.913
0.841
1.986
0.058
0.518
0.000
0.000
0.000
1.960
17.765
1.272
0.127
1.020
0.379
9.896
0.824
0.000
0.000
2.263
0.000
0.000
0.021
0.014
0.000
1.080
3.201
3.373
1.147
0.105
0.383
0.046
0.168
6.444
1.996
0.103
5.524
6.504
0.994
0.000
0.055
0.000
0.000
0.179
7.912
21.425
0.000
7.010
10.612
10.372
20.366
0.948
0.000
2.668
12.164
8.492
2.130
8.260
0.462
5.222
9.546
16.679
7.620
19.436
2.271
2.726
0.024
20.847
11.481
0.017
7.086
0.283
5.292
11.086
2.945
2.324
3.061
10.605
10.876
14.322
5.641
0.113
17.017
6.807
2.834
18.121
3.475
0.139
10.629
0.997
5.580
7.375
8.197
10.143
0.055
3.020
7.816
5.206
2.034
3.728
0.086
0.202
5.358
18.118
14.607
26.005
1.995
7.787
0.977
3.057
17.152
11.268
14.196
3.392
4.614
11.429
15.748
21.104
8.393
4.250
7.402
7.323
0.628
7.268
2.561
10.049
2.860
6.077
4.607
7.043
21.379
20.931
0.354
0.000
11.781
12.634
5.449
17.674
6.458
7.581
42.236
12.452
6.150
43.957
3.442
4.921
10.312
3.308
1.015
5.158
12.083
3.811
5.614
6.848
9.280
10.736
11.149
6.801
8.741
1.131
9.395
0.275
47.902
3.674
6.063
14.674
9.003
20.559
5.976
14.104
5.603
6.877
23.521
2.317
13.221
10.025
9.357
8.710
5.665
2.343
5.826
7.529
11.323
5.177
5.663
10.157
12.281
19.772
18.165
7.385
1.219
4.549
3.704
5.054
1.569
9.424
17.019
2.235
10.760
21.935
8.961
5.637
5.579
4.041
4.298
13.417
8.700
10.712
13.067
23.988
11.076
4.443
5.133
13.209
4.024
1.696
11.137
2.750
6.976
25.095
17.738
8.937
4.226
0.762
5.974
90.541
10.918
5.703
5.019
9.242
4.032
4.084
0.607
0.896
3.892
4.872
7.957
11.723
3.780
12.262
7.721
8.739
2.414
6.604
5.795
0.620
7.654
5.371
8.729
0.907
3.334
1.772
1.131
0.373
0.319
3.188
3.191
9.506
5.272
3.748
1.480
2.835
0.048
12.352
2.527
0.395
0.000
0.000
0.000
0.000
0.000
0.000
0.000
0.000
0.000
0.000
0.000
0.331
0.017
0.755
0.000
0.000
3.416
7.277
4.982
1.785
0.666
0.000
0.000
0.000
0.451
0.086
1.332
14.001
0.261
6.322
15.630
37.170
0.196
0.000
0.000
0.443
4.796
0.000
0.000
0.000
0.000
0.000
0.000
0.000
0.386
2.917
0.000
0.000
0.000
0.000
0.000
0.000
3.550
4.065
0.982
0.000
5.006
13.319
1.212
0.000
0.000
0.000
0.000
0.000
0.000
0.000
0.000
0.000
0.000
0.000
0.000
0.000
0.000
0.000
0.000
0.000
0.000
0.000
0.000
0.000
0.000
0.000
0.000
0.644
0.134
0.007
0.000
0.029
12.209
1.974
0.079
0.000
0.000
0.000
0.000
0.000
0.000
0.000
0.000
0.000
0.419
6.923
20.364
0.000
2.990
5.823
0.810
1.803
5.407
0.000
0.000
0.025
0.000
0.000
8.523
9.768
1.318
0.000
0.000
0.252
0.680
11.017
0.227
0.000
0.000
2.252
17.163
7.919
0.055
1.257
0.075
0.228
0.007
0.407
0.237
0.007
4.034
2.034
0.000
5.117
20.769
18.654
0.062
0.113
34.336
4.396
0.000
0.000
0.268
0.172
0.697
0.158
0.000
0.941
0.508
1.923
1.917
0.137
0.010
7.646
1.487
12.689
7.344
5.953
3.104
0.501
0.000
1.411
7.299
0.374
3.773
3.062
1.660
11.453
9.750
6.575
3.718
0.144
0.000
0.000
0.000
0.106
0.000
0.000
6.128
9.277
0.446
22.695
13.887
7.735
13.299
14.639
7.539
4.123
4.669
0.766
2.060
3.643
16.813
0.089
0.024
9.977
10.785
19.460
3.200
0.604
0.762
4.111
0.038
9.393
5.013
0.412
0.477
8.377
13.307
1.600
4.982
7.193
7.167
9.586
7.871
21.039
3.813
9.369
1.689
0.000
1.775
5.337
2.659
7.160
2.307
10.281
13.994
23.713
21.571
0.321
5.861
12.306
3.262
12.435
4.549
7.690
16.198
11.003
4.623
10.629
8.154
9.653
3.974
9.853
9.788
32.245
8.779
11.362
12.167
0.433
10.320
16.009
5.926
7.848
0.268
1.988
13.723
16.479
7.179
25.749
12.586
27.782
1.404
5.703
26.785
11.213
87.449
12.645
1.203
9.623
3.734
2.228
1.612
14.766
2.865
9.314
7.490
3.682
11.635
35.970
5.483
10.271
19.168
57.682
13.491
17.743
22.153
13.351
13.863
23.888
18.749
10.621
3.228
13.228
4.110
10.698
12.741
4.975
18.684
5.778
10.440
22.563
7.278
15.398
1.463
1.576
8.298
8.556
15.820
9.658
0.000
0.100
2.407
3.447
7.131
12.658
7.811
11.810
6.650
4.075
8.257
13.537
12.164
9.819
5.555
9.297
9.352
11.230
4.120
0.038
1.126
4.092
4.807
4.178
3.715
4.831
2.517
5.768
6.678
2.235
8.835
6.386
2.156
9.376
7.587
7.611
6.092
5.455
2.396
12.147
3.601
6.832
4.407
-99.000
3.931
5.823
0.000
0.000
0.000
2.288
3.850
3.811
1.320
0.000
0.855
0.757
11.055
0.875
0.000
0.000
0.000
0.000
0.000
0.000
0.000
0.000
0.000
0.000
0.000
0.000
0.000
0.000
0.000
0.000
0.000
0.718
0.000
0.000
0.000
0.268
4.690
0.000
0.000
0.000
0.000
0.000
0.010
2.256
2.662
7.139
0.007
0.000
0.275
0.199
0.000
0.800
0.000
0.000
0.000
0.000
0.000
0.000
0.000
0.000
0.086
0.000
0.000
3.938
0.000
0.000
0.000
0.000
0.000
0.251
1.723
0.429
4.640
2.238
1.008
0.237
0.000
0.062
1.789
7.900
4.971
0.000
0.000
6.075
0.000
0.000
0.000
1.176
4.424
1.576
13.108
0.996
0.000
0.000
0.000
0.000
0.350
20.153
1.061
0.072
2.511
0.000
0.000
0.000
0.000
1.348
20.033
28.254
8.363
3.572
0.000
0.091
0.000
0.000
0.180
0.000
0.000
0.000
1.778
0.000
0.000
0.000
0.000
6.149
0.000
1.425
6.128
0.862
0.010
0.000
0.000
0.000
3.821
6.791
4.412
0.000
0.000
0.810
0.457
0.299
2.026
0.065
0.961
0.000
6.801
10.437
0.467
0.000
2.709
4.666
5.967
0.000
0.093
0.000
0.000
0.000
3.224
5.697
12.600
1.936
1.088
25.873
0.000
0.110
13.472
0.031
0.000
0.000
0.000
3.519
13.487
0.000
0.000
1.909
0.338
8.581
21.542
7.540
5.158
9.355
12.319
4.869
3.254
12.542
12.765
21.954
232.994
0.141
1.083
4.994
7.242
4.134
9.435
9.887
1.443
2.335
0.000
0.003
6.239
9.850
11.807
9.919
15.654
6.114
0.549
3.332
2.697
-99.000
-99.000
-99.000
-99.000
-99.000
-99.000
-99.000
-99.000
1.579
7.800
14.310
3.390
14.715
2.678
2.523
6.183
20.544
7.241
15.055
0.450
3.512
9.419
21.358
26.467
128.971
0.924
0.000
3.873
7.327
10.628
16.346
8.435
25.303
11.275
9.448
7.606
9.651
3.193
0.790
2.135
14.822
31.586
3.385
1.081
0.630
8.762
8.988
8.430
0.038
0.000
0.941
0.000
0.000
0.000
1.476
5.140
13.075
12.077
2.059
4.259
5.436
30.831
13.853
8.484
6.642
16.649
15.873
13.507
3.667
15.740
0.136
0.276
9.350
8.674
9.853
3.559
11.261
26.428
0.781
0.000
0.000
0.000
0.000
0.000
0.772
7.411
22.500
7.004
7.810
8.471
21.592
17.104
4.916
3.419
11.724
30.192
0.359
10.767
11.513
9.728
11.009
0.405
1.562
2.839
10.866
5.028
11.906
3.450
0.031
0.124
21.435
2.643
6.206
7.831
12.257
11.252
1.608
1.796
8.176
15.793
0.917
1.667
3.761
4.197
6.298
3.993
11.438
8.309
1.037
0.041
3.780
2.620
1.885
8.935
5.057
15.302
10.489
0.539
0.000
0.027
0.000
0.041
4.661
6.255
7.979
8.590
2.317
2.314
5.782
9.568
0.045
1.720
0.007
0.000
0.000
0.000
0.000
0.000
3.674
4.470
2.695
1.452
0.858
1.267
4.140
8.144
2.995
0.683
5.370
0.055
2.884
2.966
1.641
7.103
17.571
1.085
0.000
0.000
0.000
0.000
0.000
0.079
6.880
0.000
0.000
0.000
0.000
0.003
2.293
8.156
10.018
0.000
0.000
0.000
0.000
0.000
0.091
4.542
6.036
0.165
2.810
0.000
0.010
0.000
0.000
0.000
0.000
0.029
0.165
0.000
0.000
0.000
0.000
0.000
7.512
0.000
0.000
0.000
2.101
0.000
0.000
0.000
0.000
0.686
0.039
0.125
0.076
0.000
0.000
0.000
0.000
0.000
0.000
0.000
0.000
0.000
0.000
0.000
0.000
0.000
0.000
0.000
0.000
0.000
0.000
0.000
0.000
0.000
0.000
0.199
3.840
6.650
0.000
0.227
0.000
0.000
0.000
0.000
1.581
0.034
0.112
0.000
0.034
0.000
0.000
1.593
0.003
0.000
0.000
0.460
0.000
0.000
2.111
0.390
0.010
0.000
0.000
0.000
0.343
0.118
0.000
0.000
2.493
0.000
0.000
0.000
0.031
0.000
0.000
0.000
0.000
0.000
0.000
0.050
3.107
0.937
0.357
0.896
0.958
6.176
4.139
0.007
1.688
2.802
0.000
0.292
10.418
4.717
7.564
0.000
0.000
0.369
1.003
2.949
1.923
9.723
0.642
0.096
0.154
1.136
0.000
0.316
5.421
0.010
4.086
0.374
4.494
3.179
1.318
0.000
8.331
16.782
10.657
18.189
0.051
2.012
1.130
16.287
1.313
13.410
5.047
5.970
8.768
1.620
0.000
2.932
5.038
17.738
0.021
0.000
0.137
20.122
2.506
0.793
1.796
0.354
5.843
0.144
1.718
17.257
4.573
4.268
4.092
1.277
11.091
21.162
20.347
0.608
4.024
8.058
4.978
1.787
2.331
4.584
0.671
0.000
2.697
2.947
0.536
0.938
3.284
8.514
2.587
0.168
0.917
26.580
5.739
2.192
8.051
2.836
8.813
1.861
14.030
14.428
8.666
25.745
8.279
17.015
11.220
1.178
8.802
8.162
2.160
10.653
2.846
2.582
3.143
9.589
17.002
14.830
6.722
4.762
16.282
19.102
7.121
17.766
3.215
7.790
9.529
9.376
8.569
14.730
6.164
4.008
11.884
12.692
0.525
11.146
14.655
11.907
13.455
4.676
9.215
0.055
1.768
15.484
8.995
3.117
0.512
2.180
16.799
3.141
0.124
6.420
6.454
1.545
0.395
13.101
5.548
1.504
0.027
3.667
15.678
27.833
1.214
17.762
2.856
0.745
1.699
3.179
3.073
5.356
21.708
3.124
4.309
6.351
13.419
22.144
15.346
19.966
5.976
5.625
17.109
26.068
9.422
3.887
4.313
32.096
5.079
2.438
8.602
6.782
0.010
8.489
0.132
56.864
0.800
33.304
3.668
4.982
6.607
11.482
0.572
0.300
0.010
5.830
5.050
0.683
9.994
19.288
0.415
9.471
4.664
8.154
5.998
6.781
5.915
0.000
2.197
1.689
5.704
8.513
4.568
10.300
8.691
9.620
2.606
6.312
16.287
7.773
4.333
2.386
1.675
5.709
21.478
0.330
0.141
0.000
7.500
1.088
0.000
0.064
2.535
0.712
0.000
0.000
0.000
0.000
0.000
0.000
0.000
0.010
6.290
4.765
0.312
2.650
1.868
0.601
4.400
1.856
0.000
0.359
0.261
0.045
7.058
1.425
0.115
0.000
0.000
9.067
2.784
3.226
0.477
0.000
0.000
0.000
0.000
0.000
0.000
0.000
0.000
0.000
0.000
0.000
0.000
0.000
0.000
0.062
0.000
0.000
0.000
0.000
0.000
0.000
0.000
0.000
0.000
0.000
0.000
0.000
0.000
0.000
0.000
0.000
0.000
0.000
0.000
0.000
0.000
0.000
0.000
0.000
0.000
0.000
0.000
0.000
0.000
0.000
0.000
0.000
0.000
0.000
0.000
0.307
0.000
0.000
0.096
0.000
0.000
0.000
0.000
0.000
0.000
0.000
0.378
0.000
1.260
0.312
0.000
0.000
0.093
12.210
5.816
8.466
0.000
0.027
0.117
0.000
0.000
1.840
1.377
0.336
0.000
0.038
0.000
0.000
0.000
0.000
0.300
0.007
0.000
8.691
0.957
0.000
3.056
9.392
4.597
0.048
0.548
0.134
0.000
0.000
0.000
0.000
0.084
0.542
22.194
13.003
35.312
3.792
0.000
0.000
0.000
0.041
0.204
0.376
1.016
0.017
0.769
0.886
0.003
1.677
0.099
0.014
0.082
10.494
18.612
3.311
8.623
0.338
1.428
5.145
0.000
2.711
5.491
30.549
2.331
2.832
16.066
21.762
14.751
1.632
0.094
0.065
3.325
17.745
18.778
3.164
20.653
7.143
2.532
0.530
2.650
9.628
3.461
0.843
13.546
87.472
34.746
3.409
3.508
10.842
10.992
14.034
12.258
0.353
2.474
2.735
2.244
12.030
0.000
3.156
5.981
7.218
26.327
12.365
8.700
6.212
3.492
11.649
8.154
9.335
0.436
3.577
5.170
14.250
20.665
15.345
3.674
12.114
4.360
5.510
12.408
4.206
7.953
19.738
21.396
29.701
9.036
19.171
4.434
8.209
4.044
4.697
5.876
9.428
10.343
18.651
3.639
3.124
23.181
4.312
7.914
5.035
0.220
0.851
2.750
19.497
4.460
10.976
13.894
7.230
3.471
8.916
0.764
0.000
13.132
10.688
3.102
7.208
6.733
6.594
16.641
16.150
48.693
16.500
1.940
17.630
12.222
0.415
3.406
4.901
5.977
16.225
9.847
12.758
6.887
6.321
1.665
14.766
8.592
0.584
11.292
75.469
8.538
4.415
24.541
24.400
4.185
7.677
2.915
4.295
7.769
10.032
17.171
7.203
15.384
9.807
1.087
5.836
38.869
1.950
10.375
2.493
26.299
11.319
7.797
15.841
0.865
3.358
10.773
0.172
3.337
16.308
7.110
8.786
5.902
6.441
1.143
0.216
18.519
0.958
2.702
7.914
10.719
19.628
2.288
23.339
9.335
15.844
8.866
6.048
8.257
2.910
5.888
0.167
0.000
0.000
0.000
0.000
4.645
14.567
9.786
5.442
10.882
9.332
0.331
0.000
0.000
0.000
0.000
0.295
2.905
4.987
11.795
2.527
0.525
6.709
7.320
8.384
7.640
5.604
8.278
3.785
5.867
2.190
4.613
2.431
3.584
4.288
9.731
0.326
0.021
0.000
0.414
0.662
3.665
11.097
0.270
0.000
0.000
0.081
6.303
0.451
3.014
3.727
0.125
0.132
9.196
3.111
2.230
6.697
2.471
0.000
0.127
0.124
0.000
0.000
0.000
0.000
0.000
0.000
0.000
0.000
0.000
0.000
0.000
0.000
0.017
0.000
0.000
0.000
0.000
1.488
2.913
7.914
10.382
2.862
0.000
0.000
0.000
4.185
2.491
0.038
0.000
0.000
0.000
1.524
0.024
0.000
0.062
0.062
0.000
0.000
0.000
0.000
0.000
0.000
0.772
1.610
1.123
0.000
0.000
0.288
0.000
0.000
0.000
0.000
0.065
0.000
0.000
0.388
8.259
6.801
0.000
0.000
0.000
0.000
0.000
0.000
0.000
3.327
0.031
0.000
0.360
0.000
0.000
0.000
0.000
0.000
0.000
0.000
0.000
0.000
0.000
0.000
4.910
0.189
0.000
1.904
0.252
1.430
1.009
0.151
0.367
6.784
0.285
0.000
3.631
0.000
0.182
0.515
2.733
0.522
7.625
0.031
0.034
0.000
1.160
0.357
9.627
0.316
0.000
8.583
0.158
4.661
0.524
10.300
5.751
0.378
0.000
1.868
2.743
4.618
2.753
10.824
11.361
3.456
2.336
1.959
11.333
18.697
13.631
7.066
0.082
11.093
0.239
0.192
0.000
0.000
0.000
0.139
14.533
4.685
18.042
25.679
4.896
1.086
0.000
4.770
9.093
4.910
0.000
0.000
0.000
0.000
0.000
5.885
3.025
1.416
5.704
1.414
0.000
10.246
5.831
5.864
16.771
4.712
0.347
0.014
11.176
17.067
10.080
0.027
1.882
3.863
20.477
5.141
43.755
23.993
1.652
15.583
7.472
8.176
8.168
1.006
8.602
7.103
16.862
5.082
3.383
17.575
1.981
6.659
14.292
11.094
5.336
11.258
4.117
6.932
3.682
28.110
71.581
9.829
0.374
5.852
17.111
13.008
9.477
8.614
8.380
8.846
6.535
8.562
8.976
3.665
10.888
16.006
6.412
14.786
8.671
4.439
16.050
20.450
15.014
12.667
19.239
12.986
16.731
11.297
5.414
14.450
4.068
21.454
64.790
1.605
3.186
0.877
0.000
4.638
9.580
12.612
1.471
9.040
9.273
11.762
5.380
18.618
2.094
19.593
32.643
10.464
1.195
0.106
4.419
9.479
0.862
0.021
9.321
9.364
31.005
10.531
2.518
6.660
14.770
10.125
6.240
15.371
1.756
5.582
7.430
14.591
13.901
10.650
23.682
9.592
11.230
9.258
3.869
22.113
9.671
10.502
1.384
8.854
16.308
5.107
4.899
0.457
8.882
7.639
16.500
14.907
10.389
0.007
2.300
3.519
9.908
8.442
9.558
5.589
8.418
1.143
4.010
6.247
8.587
7.910
6.252
11.855
6.420
6.511
11.989
19.415
9.126
0.477
6.743
8.453
3.468
8.538
6.932
0.299
8.113
6.513
0.038
0.000
0.000
0.000
0.000
0.000
2.723
7.502
2.915
7.790
7.807
19.290
18.617
9.629
5.730
3.020
6.817
3.844
4.187
6.056
0.240
0.000
6.427
2.441
0.000
0.000
0.000
0.000
0.000
0.017
0.034
0.000
2.669
0.000
0.000
1.214
5.646
7.684
62.018
0.561
0.000
0.280
0.000
0.000
0.000
1.500
0.000
0.000
0.000
0.000
0.039
5.368
13.269
7.936
0.027
0.000
0.000
0.000
0.021
0.000
0.000
0.000
0.000
0.168
0.300
0.000
0.000
0.000
0.000
0.003
0.089
0.000
0.000
0.000
0.000
0.000
0.000
0.000
0.000
0.000
0.000
0.000
0.000
0.055
0.000
0.000
0.000
0.000
2.554
0.275
11.196
1.662
2.005
0.000
0.024
0.000
0.000
0.000
0.000
0.000
0.000
0.045
1.057
1.353
0.000
0.000
0.014
0.000
0.000
0.000
0.000
3.086
0.000
0.675
0.594
0.000
0.000
0.237
0.000
0.000
0.000
0.000
0.000
0.000
0.000
0.000
0.000
0.027
0.203
0.000
0.000
0.000
0.000
0.000
0.014
1.181
0.000
0.000
0.000
0.000
0.089
0.000
0.000
0.000
0.000
0.000
0.319
3.936
0.014
0.007
20.548
1.528
0.000
1.957
0.433
0.556
1.061
2.012
2.455
16.998
0.089
0.014
0.000
0.687
0.209
0.000
0.728
0.173
0.158
0.000
0.000
0.000
0.000
1.253
9.812
18.232
0.000
0.000
0.000
0.000
0.424
1.097
0.249
0.000
0.000
0.144
0.007
0.833
8.343
13.455
10.111
15.810
10.186
0.021
0.000
0.000
14.859
0.021
8.322
6.204
7.804
1.322
0.398
4.467
0.834
0.000
6.060
0.553
2.192
48.209
26.331
1.174
49.971
1.155
2.098
1.200
7.151
10.818
10.822
21.149
10.653
1.257
0.343
0.106
14.042
24.800
1.775
7.694
13.462
12.900
13.747
13.781
2.905
10.555
8.516
20.785
10.001
12.385
7.974
2.237
3.330
9.807
13.487
15.899
0.688
2.517
3.783
6.707
0.508
5.567
8.171
1.699
12.887
0.155
5.891
2.108
7.146
9.697
12.912
2.826
0.000
8.710
13.204
5.545
0.051
13.438
7.629
10.114
22.081
15.007
6.032
2.880
0.055
1.559
14.562
11.419
0.429
10.918
1.548
10.138
10.118
4.286
11.306
8.894
7.160
7.751
1.967
1.720
4.519
12.411
11.076
7.333
9.141
4.343
11.802
21.717
14.070
135.846
4.729
0.347
0.112
8.739
10.660
10.094
7.548
11.250
17.364
0.738
0.405
3.831
1.773
8.018
5.915
1.787
1.245
0.000
9.126
4.261
11.433
1.662
9.939
23.133
7.229
13.632
9.596
17.091
19.961
0.354
0.797
0.041
12.421
12.741
1.936
2.139
4.137
9.682
6.341
0.034
0.000
2.630
0.220
4.037
5.153
4.897
3.519
4.528
13.256
3.481
5.284
15.834
8.377
12.336
11.333
1.919
2.568
0.718
1.428
8.010
6.894
6.544
0.000
8.271
13.345
3.241
0.000
1.524
3.052
4.491
4.412
5.215
2.362
0.582
4.013
4.034
2.891
0.196
2.424
3.914
0.000
0.000
0.323
3.111
5.246
6.976
8.847
0.875
0.000
0.000
0.000
0.007
0.000
0.000
0.000
3.272
2.594
1.439
3.389
3.504
0.000
2.884
7.550
5.026
0.000
0.000
5.208
0.000
0.021
0.000
0.000
0.000
0.000
0.000
0.048
0.000
0.000
0.000
0.000
0.014
3.316
3.560
6.002
0.553
0.000
0.000
0.000
0.000
0.045
0.076
0.000
0.000
0.000
0.000
0.000
0.000
0.000
0.000
0.000
0.000
0.000
0.000
0.051
0.000
0.000
0.000
0.000
0.000
0.000
0.000
0.000
0.000
0.000
0.000
0.000
0.000
0.000
0.000
0.000
0.000
0.000
0.000
0.000
0.000
0.000
0.000
0.000
0.076
0.000
0.018
0.000
0.000
0.000
0.000
0.000
0.000
0.000
3.480
0.014
1.030
4.439
0.476
0.000
0.106
0.000
0.000
0.000
0.000
0.007
2.444
4.254
0.000
0.000
0.103
1.229
0.000
0.572
0.000
0.000
0.048
0.209
0.371
0.072
0.000
0.000
0.000
0.000
0.000
0.000
0.000
0.000
0.000
0.000
0.000
0.000
0.000
0.000
0.000
0.003
5.576
0.000
5.318
0.906
0.010
0.000
0.330
0.625
7.275
4.923
2.678
0.041
7.591
0.000
1.071
1.308
8.676
0.031
0.896
0.024
6.173
0.203
4.693
0.000
0.000
0.000
0.385
0.117
0.079
8.712
0.769
3.581
6.389
9.503
0.831
5.093
0.000
0.745
2.391
10.228
21.940
3.801
4.346
0.000
0.050
3.183
4.609
0.014
0.000
6.969
2.632
0.000
0.000
0.235
0.000
0.314
8.579
3.959
0.000
4.873
3.993
8.397
1.910
0.105
4.671
6.279
6.115
12.053
0.512
0.000
5.864
7.618
6.679
13.274
0.676
13.638
5.224
1.078
5.782
1.281
3.268
0.000
0.000
11.170
3.795
0.917
4.068
0.442
0.000
1.061
4.340
0.336
13.293
9.033
19.557
9.614
4.513
8.720
0.989
0.000
0.000
1.605
7.786
8.894
0.000
0.000
1.528
0.518
0.086
5.775
0.003
0.000
0.038
9.067
0.082
0.206
0.000
0.254
22.994
5.545
22.675
39.025
59.026
11.845
3.696
9.678
0.237
2.820
0.882
5.332
6.736
10.870
7.708
7.035
20.326
4.782
4.935
6.506
2.522
1.099
7.888
9.115
8.509
16.335
13.524
11.767
10.267
10.495
10.840
2.887
7.919
2.632
9.615
6.727
0.978
5.493
1.588
23.061
1.718
0.000
0.000
0.000
4.523
2.853
12.742
9.787
7.502
0.594
11.426
6.932
5.201
4.501
7.567
17.798
8.477
12.445
7.258
6.932
8.319
4.175
4.044
7.831
0.592
2.190
9.613
8.775
0.436
5.201
14.270
15.144
24.002
5.167
12.222
0.275
0.069
0.000
1.425
9.420
23.380
12.305
5.569
2.321
3.936
10.799
6.789
2.007
1.519
3.129
2.125
2.925
2.695
0.000
10.300
3.786
17.405
7.714
0.084
0.045
6.238
5.735
10.059
0.000
0.000
0.021
2.853
4.988
12.645
6.340
4.649
1.051
1.329
0.409
0.000
0.000
0.000
0.244
0.081
0.000
0.000
0.000
0.000
3.404
0.000
0.000
0.000
0.000
0.000
0.000
0.000
0.245
0.292
0.000
0.000
0.027
2.537
0.613
5.158
5.812
0.872
0.062
0.000
0.000
1.813
0.189
0.000
0.000
0.000
0.000
0.000
0.000
0.453
0.000
2.077
13.275
1.651
1.291
0.000
0.000
0.000
0.000
0.000
0.000
0.000
0.000
0.000
0.000
0.000
0.000
0.000
0.000
0.000
0.000
0.000
0.000
0.000
0.000
0.000
0.000
0.000
0.000
0.000
0.000
0.000
0.000
17.333
0.043
1.713
3.025
5.373
0.251
0.227
1.281
0.000
0.000
0.000
0.000
0.000
0.000
0.292
0.096
1.567
0.640
0.841
0.513
0.127
0.000
0.000
0.000
0.000
0.000
6.509
0.076
3.291
18.641
1.720
0.000
0.000
0.000
0.501
0.000
0.000
0.000
0.027
0.069
1.741
0.000
0.333
0.072
0.017
0.161
0.086
0.003
0.721
0.039
0.000
0.486
0.237
18.167
2.190
4.238
5.222
0.227
0.000
0.000
0.000
0.000
0.110
0.000
0.489
6.704
4.194
3.433
0.000
0.000
0.000
0.000
0.070
0.000
0.000
0.443
0.223
0.000
0.007
5.466
0.065
0.000
0.000
0.000
3.749
6.472
0.920
0.869
0.048
1.926
0.076
2.163
17.073
6.932
12.991
0.412
10.525
12.509
12.076
0.093
0.000
15.312
29.684
0.027
1.768
0.000
0.185
9.802
5.579
10.231
4.642
5.572
0.103
6.190
13.369
0.391
4.566
27.534
7.685
1.984
0.992
19.465
6.573
13.153
7.891
0.278
2.503
1.840
4.062
2.784
7.519
9.216
1.487
0.000
0.010
3.787
6.156
19.714
13.158
7.644
6.688
17.649
10.353
8.260
15.372
6.293
7.931
4.789
3.009
5.375
11.556
11.788
0.934
3.377
11.783
14.172
6.691
2.173
1.263
7.970
2.503
2.163
21.265
24.936
2.455
4.151
8.689
5.105
14.795
14.188
7.396
26.190
15.410
11.278
12.869
12.018
16.351
5.055
1.033
0.112
10.137
4.559
23.646
41.571
5.493
2.680
15.460
9.189
3.318
15.252
2.582
14.820
0.539
7.907
12.160
17.499
1.655
17.512
5.865
12.123
2.683
11.917
5.388
43.217
22.013
0.010
9.098
12.693
5.172
7.697
0.745
2.824
3.437
19.505
19.410
15.571
12.040
21.612
18.445
1.632
7.657
12.073
111.384
1.513
7.315
0.956
2.968
14.564
5.682
14.552
13.088
10.725
6.515
47.861
3.140
3.279
39.884
5.309
1.411
15.520
6.362
16.437
6.036
3.456
14.656
34.203
9.072
63.872
9.472
2.448
3.974
4.292
5.637
9.643
17.242
12.514
1.131
4.566
3.200
7.234
0.748
3.663
10.313
6.470
15.261
15.168
0.326
0.000
1.991
1.785
6.242
10.660
0.172
0.000
0.000
0.000
0.000
6.880
1.641
0.151
7.677
11.752
9.558
9.503
0.436
0.000
2.379
0.000
2.831
3.725
3.298
1.008
0.165
0.460
5.876
10.574
5.888
5.074
0.010
0.000
0.000
0.000
5.231
6.463
10.033
2.443
0.058
0.000
0.000
0.000
3.313
6.079
6.001
0.644
6.252
0.010
0.518
6.291
0.000
0.000
0.065
7.036
0.000
0.000
1.746
0.165
0.000
0.000
0.003
0.000
10.542
0.000
0.000
0.000
0.000
0.000
0.010
0.000
0.000
0.000
0.000
0.000
0.000
0.000
0.000
0.000
0.000
1.549
0.000
0.000
0.000
0.000
0.000
0.000
0.000
0.000
0.000
0.865
3.276
0.305
0.000
0.000
0.000
0.000
0.000
1.993
10.396
0.000
0.000
0.000
0.070
0.000
0.000
0.000
0.065
0.000
0.386
0.000
0.000
0.000
0.000
0.000
0.000
0.000
0.000
0.007
0.003
0.326
2.105
0.000
0.268
0.000
0.000
0.000
0.003
0.007
0.000
0.354
0.000
0.000
0.027
0.439
0.048
0.000
0.000
0.276
0.000
0.000
0.000
0.000
0.148
0.041
0.000
0.000
0.000
11.567
0.000
0.000
0.000
0.000
0.010
0.003
0.539
0.549
0.268
0.357
0.000
11.367
0.625
3.186
0.000
0.000
17.396
0.642
5.713
2.822
17.990
2.565
5.991
17.664
22.206
59.731
2.973
3.739
0.628
0.034
0.000
0.213
10.210
9.713
0.779
1.627
8.569
5.974
1.741
3.577
12.282
0.189
5.275
10.767
0.189
2.501
0.021
14.969
7.742
16.624
16.378
13.745
15.422
0.031
0.000
4.584
10.023
8.089
12.942
4.453
6.563
13.348
6.750
3.255
3.277
17.876
2.678
0.129
2.041
2.456
14.715
17.724
3.037
6.523
6.901
20.042
7.431
0.990
11.103
4.494
8.001
5.150
3.804
0.120
0.263
0.278
0.381
0.062
0.752
0.556
15.638
24.005
8.703
10.681
36.023
68.716
8.104
8.023
15.388
3.912
9.821
9.737
7.354
7.048
14.227
4.980
11.240
1.123
9.177
5.706
6.139
11.896
15.117
13.599
3.931
4.807
4.062
8.010
1.706
8.732
17.609
4.669
1.336
2.568
7.436
10.633
12.384
4.082
13.194
5.648
0.295
14.783
6.523
14.028
15.892
6.956
14.880
10.658
0.082
8.490
12.188
7.696
9.174
35.482
10.114
4.058
9.773
12.061
23.658
0.515
0.282
0.669
0.021
0.000
0.199
1.178
3.984
20.735
2.723
4.103
3.883
6.180
19.032
50.595
6.667
11.505
18.062
2.788
5.404
11.985
8.034
57.785
6.362
3.838
3.454
4.570
2.077
13.788
4.958
23.099
0.905
7.045
13.584
11.614
0.134
2.493
10.504
8.471
16.170
4.727
12.449
8.756
3.349
14.224
4.987
5.330
5.945
10.427
9.927
9.000
1.251
7.426
13.302
12.663
6.068
9.357
12.195
3.260
4.570
6.314
6.097
12.578
10.719
5.687
12.107
11.481
7.673
13.599
2.871
0.000
0.000
0.000
2.687
2.022
2.179
7.141
4.679
1.751
11.100
12.784
7.375
7.100
0.463
4.113
6.916
8.405
0.417
1.936
4.271
4.470
4.103
0.000
0.000
5.109
8.672
1.095
0.000
0.000
0.003
0.065
4.964
2.613
0.000
0.647
0.745
0.000
1.971
6.770
3.008
0.000
3.481
4.312
0.645
0.000
0.000
0.000
0.122
1.773
1.947
2.892
0.278
0.000
0.000
0.017
0.014
0.000
0.000
0.000
0.000
0.000
0.000
0.000
0.000
0.000
0.000
0.000
0.000
0.000
0.000
9.026
7.339
3.733
0.000
0.000
0.000
0.000
0.000
0.000
0.000
0.000
0.000
0.000
0.000
0.000
0.575
0.093
0.000
1.138
1.495
0.000
0.000
0.017
0.007
0.000
0.000
0.000
0.000
0.000
0.000
0.374
0.000
0.000
0.000
0.000
0.283
0.000
0.000
0.000
0.000
0.000
0.000
0.000
0.024
0.000
0.163
0.000
0.000
0.000
0.000
0.000
0.000
0.985
0.251
0.017
3.437
5.589
9.713
0.058
0.158
0.027
0.000
0.000
0.594
0.000
0.273
9.512
0.000
0.000
0.791
67.928
40.900
9.589
3.535
6.495
0.124
0.007
0.479
0.000
0.000
0.007
0.086
8.557
17.274
1.505
0.000
0.000
0.000
0.000
0.257
0.000
0.014
0.096
0.003
0.000
1.957
0.000
2.046
0.814
6.532
0.345
6.671
5.751
5.672
0.000
0.021
14.656
1.602
0.007
0.309
0.046
0.175
1.437
0.050
0.321
0.000
0.000
0.000
0.503
0.003
0.082
5.099
0.809
1.995
0.014
0.823
0.000
3.878
13.908
3.507
10.393
1.875
16.857
9.101
22.872
13.311
16.782
15.374
12.027
12.942
6.276
10.847
6.726
6.175
5.490
18.299
1.978
10.578
5.644
11.172
2.328
0.398
0.000
13.776
18.409
14.832
2.328
2.597
5.208
2.019
5.627
12.813
2.819
50.473
6.662
0.603
10.715
2.035
4.352
0.118
0.000
0.000
0.000
0.264
0.517
13.479
7.548
2.304
11.648
4.019
14.607
10.742
8.590
8.077
5.982
15.637
7.862
3.261
4.988
16.320
13.309
2.043
5.337
0.230
1.336
15.776
3.406
1.294
29.093
2.094
0.106
13.911
0.117
13.081
0.144
33.333
15.407
0.530
4.290
0.597
5.076
5.260
0.034
1.356
2.201
40.241
4.772
8.930
7.430
2.276
6.109
10.741
19.993
15.286
4.956
1.484
24.431
9.177
8.590
26.196
0.237
2.329
7.872
24.759
126.450
12.875
10.937
13.687
8.386
1.111
3.878
12.051
23.058
2.515
2.953
13.942
3.339
6.182
0.572
1.598
4.894
6.456
4.219
20.325
13.317
32.645
10.667
16.068
1.456
0.999
0.103
10.519
39.812
2.891
0.000
0.000
1.995
8.641
9.925
10.063
3.481
20.012
19.889
0.003
0.000
0.010
2.616
2.029
4.072
9.067
8.463
11.903
7.608
7.059
21.276
1.768
10.348
4.841
10.475
2.527
0.000
0.103
0.000
6.252
0.000
1.789
12.988
13.008
14.935
10.252
1.737
2.664
11.752
0.669
1.339
2.736
0.007
0.000
0.000
0.000
0.000
0.271
8.703
3.185
3.141
1.298
0.000
0.000
0.000
5.134
0.608
5.483
4.504
9.038
0.000
0.000
0.000
0.000
0.000
0.000
0.994
6.013
0.000
0.000
0.000
0.058
0.000
7.145
8.867
1.375
1.324
0.154
4.947
0.089
0.807
5.277
1.157
0.117
0.000
0.027
6.310
4.388
1.469
7.512
0.402
0.000
0.000
0.000
0.000
0.000
0.000
0.003
3.665
0.000
0.000
0.000
0.000
0.000
0.807
0.000
1.195
0.381
0.323
0.948
0.070
0.000
0.000
0.000
0.342
0.000
0.000
0.000
0.000
0.000
0.000
0.017
0.000
0.318
0.000
0.000
0.000
0.000
0.000
0.000
0.000
0.000
0.000
0.000
0.000
0.000
0.000
0.000
0.000
0.000
0.000
0.000
0.000
0.000
0.000
0.000
0.000
0.000
0.000
0.000
0.007
2.863
11.783
0.948
0.944
4.714
4.549
0.000
0.000
0.000
3.234
0.000
0.000
0.000
0.000
3.365
0.247
1.476
1.164
3.818
0.786
0.000
0.000
0.173
0.000
0.170
0.000
0.000
0.640
2.340
4.357
1.636
1.823
8.187
2.887
0.572
0.000
0.000
0.053
1.615
0.836
0.141
0.072
0.000
0.000
0.000
0.000
4.508
5.667
1.711
2.159
0.003
0.000
0.000
0.000
0.070
5.302
0.405
0.000
0.000
0.786
17.627
1.112
2.110
15.045
0.595
0.457
3.192
0.230
0.031
75.394
0.228
5.905
1.330
3.771
2.166
4.165
1.184
23.600
35.724
0.639
4.034
1.528
18.678
10.978
9.220
6.367
6.259
4.751
20.296
15.154
2.317
12.091
3.140
15.540
12.433
5.187
10.156
10.250
8.465
1.875
14.567
0.167
5.109
13.676
4.362
15.537
10.530
6.545
8.811
3.843
31.050
3.373
10.890
49.318
1.233
6.324
4.690
4.319
0.000
6.619
5.097
5.878
11.872
11.180
6.101
19.252
14.116
6.454
9.783
14.780
9.441
16.311
20.163
11.506
0.112
6.630
14.699
46.589
13.366
0.127
10.489
5.037
1.408
16.037
17.891
1.830
0.268
2.735
10.126
5.604
9.637
16.140
2.213
13.917
18.996
53.315
3.454
5.651
10.828
53.519
32.552
7.996
18.775
7.651
7.573
17.704
3.021
8.386
16.399
4.015
11.699
8.534
16.167
5.098
2.221
3.457
19.357
34.410
3.160
5.016
17.769
12.366
11.103
17.568
0.267
0.536
1.469
15.479
12.339
5.097
13.745
13.235
10.861
15.375
23.514
7.471
12.107
3.476
17.458
34.897
8.393
9.241
0.383
15.631
19.302
18.869
15.240
5.584
2.307
11.187
8.559
1.176
1.112
5.613
1.524
12.197
10.847
9.510
19.319
15.678
20.134
0.419
0.010
0.721
0.467
1.912
13.642
4.546
2.501
14.056
4.045
13.499
29.552
1.104
1.006
0.000
0.000
0.000
0.062
14.964
0.529
2.499
5.703
9.776
0.994
3.045
114.578
16.207
3.258
11.266
8.967
10.540
1.399
10.841
3.644
5.387
7.694
0.536
9.424
0.623
0.302
5.768
4.966
8.052
11.844
0.051
0.000
0.000
0.000
0.000
0.000
0.000
0.000
0.000
0.000
0.694
0.208
0.053
15.197
7.701
4.233
0.000
0.000
0.000
0.000
0.000
0.000
0.000
0.045
1.160
6.606
10.317
1.184
0.000
0.000
0.000
0.000
0.000
0.000
0.115
0.000
0.000
0.000
0.000
0.000
0.000
0.000
0.000
0.000
0.000
0.000
0.000
0.000
0.000
0.000
0.000
0.000
0.000
0.000
0.000
0.000
0.000
0.000
0.000
0.000
0.000
0.000
0.000
0.000
0.000
0.161
2.141
3.589
0.014
0.536
2.623
0.000
0.000
0.000
0.189
0.077
1.039
4.199
0.021
0.000
1.487
0.000
0.000
0.000
0.000
0.000
0.429
3.759
0.709
0.000
0.000
0.000
0.000
4.207
0.170
0.000
3.959
0.000
0.000
0.000
0.000
0.000
0.000
0.000
0.000
0.000
0.163
0.000
0.000
0.000
0.039
0.007
34.930
13.223
0.000
0.461
0.000
0.000
0.000
0.000
0.000
0.000
0.611
3.593
1.590
0.000
1.125
2.172
6.020
0.000
0.000
0.000
0.000
2.633
9.421
2.362
0.000
0.000
0.000
0.000
0.055
0.695
19.416
3.111
1.272
0.151
7.982
4.250
0.482
5.089
6.015
0.027
0.000
0.069
1.511
0.391
9.761
5.205
0.165
4.443
0.419
7.543
35.421
6.394
0.000
0.007
3.097
6.242
3.365
0.649
0.446
1.947
0.463
4.988
4.631
17.341
12.365
2.462
0.292
1.396
8.588
2.983
10.332
2.129
7.950
19.036
10.293
1.629
5.319
1.827
8.027
2.566
0.000
14.699
12.130
8.561
6.248
11.234
0.000
0.000
1.979
0.000
0.000
0.000
1.163
6.458
3.650
3.845
8.999
13.395
5.693
14.176
8.884
2.403
11.443
3.540
10.554
2.211
2.657
3.035
19.607
4.745
15.765
6.990
10.032
2.601
5.229
9.949
15.783
57.088
1.260
6.448
7.812
10.382
21.763
6.480
5.756
0.982
12.535
2.238
1.126
5.368
3.625
2.403
5.219
0.000
5.098
9.826
14.251
0.975
10.094
2.228
10.739
19.296
11.757
4.125
12.497
9.398
10.372
4.498
1.390
15.062
1.758
0.910
10.798
35.508
13.213
3.303
3.353
6.597
6.813
19.585
3.311
20.886
6.594
17.006
37.125
2.427
15.638
2.458
15.024
48.496
15.265
7.253
13.233
8.492
3.575
2.971
8.017
3.919
4.745
9.175
14.662
14.737
2.573
11.508
11.793
24.987
1.926
4.796
0.115
0.010
0.000
0.000
0.000
0.000
0.000
6.281
12.954
20.476
8.363
19.530
4.293
11.936
15.986
4.506
15.500
2.415
5.055
10.274
2.602
12.720
7.062
8.437
16.129
14.723
0.082
4.058
6.954
2.281
7.122
9.766
4.547
5.438
10.549
5.047
3.605
1.150
0.014
2.665
5.131
1.718
1.433
10.434
17.504
2.321
0.017
7.302
8.527
18.917
4.541
9.603
0.242
0.000
3.092
13.489
0.000
0.000
0.000
0.000
0.845
5.246
0.000
0.369
7.613
2.776
8.762
2.184
2.264
6.578
8.506
24.058
0.537
0.082
4.070
1.437
2.364
2.982
3.339
1.995
0.017
0.000
0.366
0.050
0.000
0.000
0.000
0.000
0.000
0.021
0.000
2.074
0.470
0.045
0.000
0.000
0.000
0.000
0.000
0.000
0.000
0.000
0.000
0.000
0.000
0.000
0.000
0.000
0.000
0.000
0.076
0.000
0.007
0.000
0.000
0.000
0.000
0.000
0.000
0.000
0.000
0.000
0.000
0.014
15.110
0.591
0.276
0.893
3.583
3.885
0.000
0.733
0.000
0.000
0.000
0.000
0.000
0.000
0.000
0.000
0.103
1.794
3.977
7.771
0.076
0.088
3.265
0.707
0.000
0.000
0.000
0.000
0.000
0.000
0.000
0.000
0.024
0.000
0.021
0.000
0.000
0.309
0.000
0.000
0.000
0.000
0.553
1.315
0.048
0.000
6.935
25.907
0.007
0.000
0.000
0.000
1.881
0.819
0.000
0.000
1.353
9.259
0.182
11.494
20.740
0.000
0.000
0.007
3.416
4.494
3.088
0.422
0.510
0.000
0.000
0.000
0.024
7.342
0.000
0.000
0.000
0.024
0.000
3.600
0.000
0.000
1.748
0.000
6.645
3.032
0.000
0.000
0.000
0.376
0.000
3.413
0.024
0.232
0.007
0.000
0.254
1.356
4.822
0.084
0.000
0.000
0.000
0.142
0.024
0.010
2.559
3.941
0.000
0.000
2.465
17.717
0.390
14.631
5.447
6.029
3.902
8.403
55.829
18.902
3.248
1.341
18.299
0.290
8.833
103.311
10.003
2.300
14.893
4.659
8.811
2.311
0.000
0.278
11.383
0.144
6.664
16.317
3.452
5.153
60.190
52.000
14.981
2.847
7.582
9.301
12.415
18.648
21.810
8.786
7.783
0.431
0.882
4.903
15.304
18.748
13.415
14.236
1.976
0.264
7.993
1.428
9.417
1.346
13.841
10.877
12.207
13.838
13.379
10.167
6.892
1.414
15.764
13.670
8.488
2.717
3.555
21.636
4.525
6.812
8.008
2.110
0.027
1.221
10.430
16.967
7.872
10.077
0.321
12.710
9.800
9.616
1.924
6.575
7.845
7.876
2.058
0.000
0.034
1.748
7.774
4.987
1.185
5.229
3.926
1.923
7.708
1.809
0.525
0.414
6.674
10.629
8.235
10.847
9.659
5.965
17.793
11.308
19.837
5.581
3.945
1.203
3.152
11.529
4.583
14.378
24.905
5.194
13.934
0.891
1.722
3.210
7.265
2.688
17.848
4.134
16.261
1.899
2.814
4.089
7.366
9.429
9.831
8.257
8.229
11.882
0.951
0.196
4.587
4.405
0.357
2.949
0.536
2.479
2.369
0.673
4.710
17.168
7.083
7.505
26.511
3.214
3.083
0.755
12.219
69.935
5.157
2.788
5.376
3.414
8.044
2.146
5.404
5.826
0.065
1.047
4.116
4.048
3.327
0.446
0.000
0.141
1.840
4.556
4.223
3.708
2.190
8.315
8.099
1.833
0.024
0.000
0.000
0.000
0.000
0.007
0.206
2.197
10.430
6.743
10.372
2.877
9.153
7.103
0.254
0.000
0.000
0.000
0.000
0.000
0.050
0.000
4.310
2.875
2.789
5.663
3.092
0.055
0.000
0.865
0.014
0.734
0.000
0.000
0.433
8.847
0.285
0.000
0.017
0.275
0.000
0.000
0.000
0.000
0.000
0.000
0.000
0.000
0.000
0.000
0.000
0.000
0.000
4.350
0.000
0.000
0.000
0.000
0.000
0.000
0.000
0.000
2.376
1.311
0.000
0.000
0.113
0.000
0.000
0.000
1.651
0.000
0.000
0.000
0.000
0.000
0.000
0.000
0.000
0.000
0.000
1.548
0.539
1.217
5.035
0.000
4.055
0.000
0.000
0.000
0.000
0.000
0.000
6.420
4.468
0.000
0.034
0.000
0.000
0.000
0.000
0.000
0.000
0.000
0.000
0.000
0.000
0.000
0.292
0.048
0.000
0.163
0.031
0.000
0.000
0.000
0.041
0.000
0.000
0.007
0.000
0.000
0.000
0.000
0.048
0.187
0.000
0.000
0.000
0.000
0.000
0.000
0.000
1.023
0.206
1.293
8.173
0.000
0.221
0.179
0.000
0.000
0.000
0.000
0.031
0.197
0.000
0.000
0.000
0.041
0.000
0.091
0.000
0.285
5.239
18.357
95.739
0.000
0.000
0.000
2.467
17.631
15.542
0.512
9.167
24.760
8.271
2.214
0.378
0.910
18.485
15.429
11.687
26.274
2.811
7.417
0.228
0.000
10.059
6.015
4.304
9.163
7.181
5.309
0.069
56.156
59.807
3.171
0.064
12.778
7.286
2.208
6.430
10.657
6.094
5.845
2.012
0.125
2.077
7.974
34.664
34.674
7.021
13.051
24.306
18.189
0.682
8.173
17.873
4.880
11.783
17.700
3.068
0.209
0.000
0.000
10.593
0.161
5.220
15.077
127.666
0.113
0.000
1.311
12.621
2.810
11.817
34.088
15.575
8.978
5.280
8.909
1.507
0.645
12.789
2.094
7.866
13.321
26.583
9.949
5.888
99.088
102.238
9.781
0.937
9.912
23.684
24.652
18.299
15.613
22.464
23.064
12.442
11.670
9.558
14.488
41.473
13.510
4.106
1.475
6.267
10.142
9.599
0.817
7.217
5.627
11.484
16.122
22.107
1.921
2.290
4.298
7.021
15.317
112.279
13.307
21.118
46.500
3.644
25.838
8.768
14.924
15.395
13.551
3.655
0.199
17.630
3.639
16.804
0.541
15.077
11.038
0.204
3.912
0.395
3.430
0.270
2.190
9.029
19.128
21.041
14.420
21.674
0.953
8.401
8.435
10.174
11.300
6.230
0.014
5.373
5.038
15.788
3.350
7.222
3.179
1.701
7.996
21.576
7.924
13.527
10.997
10.353
3.763
13.099
11.227
5.116
6.393
5.263
11.513
13.678
6.551
11.615
6.554
2.115
27.881
23.449
0.172
0.007
1.085
1.298
7.395
6.557
5.634
6.393
12.445
15.745
15.824
58.614
11.586
12.408
3.459
10.538
2.527
8.700
11.719
6.168
2.133
4.515
12.457
5.852
8.278
3.391
2.700
9.581
8.617
0.330
0.282
0.129
0.000
0.000
0.457
0.036
3.874
0.017
2.544
5.322
10.475
1.933
0.635
1.291
1.671
1.338
0.163
0.074
0.000
0.069
0.000
2.740
0.587
0.119
0.221
0.404
0.314
0.625
0.786
0.000
1.133
13.288
20.889
0.282
2.547
9.114
1.555
4.324
5.191
2.506
4.784
10.264
2.651
5.284
0.000
0.000
3.303
2.352
0.007
0.000
0.000
0.000
0.000
0.000
0.000
0.000
0.000
0.330
2.829
4.213
0.031
0.000
0.000
0.000
0.000
0.000
0.000
0.000
0.000
0.000
0.000
0.000
0.000
0.000
0.000
0.000
0.000
0.000
0.000
0.000
0.093
7.635
0.000
0.000
0.000
0.000
0.000
0.010
0.000
0.000
0.000
0.000
0.000
0.000
0.000
0.000
0.000
0.000
0.000
0.000
0.000
0.000
4.604
0.106
0.041
0.007
0.000
0.000
0.000
0.000
0.000
0.000
0.000
0.000
0.000
0.000
0.000
0.000
0.029
4.064
0.295
0.000
0.088
17.122
4.074
0.965
0.070
0.017
0.460
0.288
0.182
0.000
9.864
0.309
0.530
0.007
0.000
0.000
0.000
0.000
0.000
0.000
0.000
0.321
0.000
0.000
0.165
0.000
0.494
0.000
0.000
0.000
0.000
0.441
0.223
3.450
0.000
0.274
0.239
0.721
0.000
0.000
0.000
5.505
3.809
0.027
0.000
0.000
0.010
0.000
0.113
2.759
0.000
2.563
58.786
14.196
0.173
0.000
0.125
2.257
0.316
0.165
16.244
1.500
3.629
1.897
0.414
37.239
0.031
15.640
6.680
1.516
0.870
8.446
7.048
0.157
5.026
15.714
2.005
4.072
0.148
0.460
17.226
6.763
9.991
12.581
2.571
4.865
3.389
15.082
14.543
15.268
3.509
4.734
1.442
17.278
26.580
14.344
0.237
0.100
0.041
1.772
1.222
0.000
0.000
0.014
0.570
0.000
0.359
0.093
0.154
0.000
0.000
0.000
0.034
0.000
0.381
0.177
0.058
1.658
2.135
6.848
7.855
1.418
8.998
18.067
8.401
0.130
3.895
5.643
0.771
6.242
13.616
14.217
1.488
7.182
17.235
7.320
9.174
4.738
8.075
2.302
0.759
4.882
30.010
5.315
12.856
24.802
5.709
0.264
4.618
13.455
5.126
4.875
5.253
0.378
4.776
13.870
12.597
2.293
7.855
17.365
17.001
4.281
14.200
4.037
3.577
20.778
14.075
2.365
12.236
6.942
24.857
32.698
10.214
3.406
6.760
2.132
0.687
12.686
11.886
8.010
33.769
0.082
3.727
7.560
34.521
128.787
0.137
12.387
14.753
8.463
4.930
2.602
14.938
6.039
24.736
10.128
7.699
13.043
20.752
14.306
9.623
5.181
1.243
9.042
6.353
7.809
8.978
10.307
7.265
18.270
9.663
10.305
5.764
2.559
13.618
10.449
3.184
7.299
10.260
6.528
4.449
13.914
1.735
1.917
6.123
7.496
6.815
3.795
10.035
4.000
4.518
7.079
2.012
12.506
4.614
10.789
1.593
3.650
8.278
7.522
4.192
4.779
7.447
6.784
0.034
0.000
0.000
0.000
0.010
0.000
1.095
1.971
4.367
0.010
0.000
0.000
0.000
2.184
0.141
1.826
0.621
2.791
5.799
0.000
0.000
0.000
0.000
0.000
0.000
0.000
3.210
2.760
6.314
9.634
4.281
3.948
0.103
0.000
0.000
0.000
0.000
0.000
0.000
1.069
0.000
1.833
0.000
0.000
1.686
2.537
6.102
0.062
0.000
0.000
2.613
0.285
1.041
3.226
0.565
0.000
0.000
0.000
0.000
0.000
0.000
0.000
0.000
0.000
2.141
0.221
0.663
0.000
0.000
0.000
0.000
0.000
0.000
0.000
0.000
0.000
0.027
0.000
0.000
0.175
0.024
0.052
0.000
0.094
0.230
0.000
0.000
0.000
0.000
0.091
0.000
0.000
0.000
0.000
0.000
0.203
0.000
0.000
0.000
0.000
0.000
0.000
0.000
0.000
0.000
0.000
0.000
0.000
0.000
0.000
0.000
0.000
0.000
0.000
0.000
0.000
0.000
0.000
0.000
2.963
0.343
0.000
0.000
0.000
0.000
0.000
0.000
0.000
0.000
0.122
0.419
0.000
0.000
0.000
0.000
0.000
0.000
0.000
0.000
0.000
0.342
0.000
5.691
0.000
0.248
0.000
0.000
0.000
0.000
0.000
0.000
0.000
0.000
0.000
0.024
0.871
0.000
0.000
1.215
4.361
0.017
0.000
0.786
1.750
1.657
0.675
0.198
0.784
0.383
0.000
0.072
4.147
12.120
0.024
0.000
0.000
0.000
0.007
0.510
0.000
0.000
0.249
0.003
0.000
0.000
0.000
1.275
14.303
14.917
0.423
0.161
1.545
0.000
0.010
0.000
0.027
0.000
0.000
0.000
0.142
0.728
7.684
0.443
0.076
0.958
0.000
0.000
0.072
0.024
0.000
0.000
0.000
0.000
0.100
0.000
0.027
0.000
12.984
0.000
0.000
0.000
0.886
4.178
7.139
4.166
0.106
7.824
0.154
2.574
0.000
0.000
0.000
2.688
0.431
4.564
1.691
1.857
7.833
4.738
3.044
6.448
57.720
24.833
147.984
3.404
3.713
17.134
6.717
8.941
12.694
11.954
4.393
4.638
0.117
7.324
4.187
0.338
3.571
3.552
0.000
0.000
1.449
4.980
8.414
0.121
8.537
3.337
3.733
18.552
41.841
6.563
1.787
4.171
9.711
7.479
1.287
7.632
2.987
14.059
0.304
12.164
13.240
0.827
11.206
6.702
25.801
15.504
42.902
76.540
45.677
12.833
0.635
2.029
3.572
2.920
8.942
0.956
0.000
0.180
0.027
3.044
0.427
4.057
12.547
13.452
18.143
18.198
11.572
7.986
11.390
10.937
11.129
8.118
0.824
16.859
14.190
15.940
6.698
4.793
16.867
0.403
1.746
9.431
5.797
15.815
1.392
1.950
3.618
1.884
4.094
4.405
1.686
1.935
0.784
0.453
0.681
4.242
0.000
6.768
7.603
12.859
2.923
0.671
2.085
0.014
6.049
8.037
2.032
3.316
3.663
7.433
2.767
0.000
0.422
1.835
4.882
19.969
19.065
14.088
21.525
2.659
0.103
0.000
4.319
0.421
8.072
2.649
4.951
6.132
3.133
0.000
1.651
1.298
6.005
8.846
5.732
2.156
0.024
3.540
3.432
0.965
0.848
1.303
2.003
3.413
1.614
2.115
0.000
0.000
0.000
0.000
0.000
0.381
0.045
6.491
13.493
0.055
0.096
0.000
0.000
0.000
0.000
0.000
0.000
0.000
0.000
0.000
0.000
0.000
0.000
3.598
0.062
0.000
0.000
3.464
0.697
4.295
0.038
0.014
6.005
0.261
0.000
0.000
0.000
2.547
0.639
4.058
1.612
0.000
0.000
0.000
2.208
0.625
0.000
2.328
0.007
0.000
0.000
0.000
0.000
0.000
0.000
0.000
0.000
0.000
0.000
0.000
0.000
0.000
0.000
0.000
0.000
0.000
1.418
0.179
0.118
0.000
0.000
0.000
0.000
0.000
0.000
0.000
1.940
0.266
0.000
0.014
0.360
0.024
0.022
0.000
0.007
0.000
0.000
5.378
2.724
0.000
0.000
0.191
8.882
1.143
6.477
6.098
0.860
11.452
0.359
0.093
0.000
0.000
0.000
0.000
0.603
0.134
0.086
0.249
0.386
0.000
1.421
2.353
1.579
0.031
0.227
0.000
3.008
0.000
0.388
0.014
0.000
0.000
0.000
0.280
0.937
0.268
0.007
0.394
3.904
5.926
5.515
6.701
9.241
0.000
0.925
0.014
3.121
40.057
0.000
0.031
0.000
10.349
3.277
14.722
18.079
0.573
8.641
3.900
0.299
15.415
15.989
4.425
0.041
0.000
1.054
8.741
109.177
0.000
7.162
15.192
3.914
14.117
22.826
84.832
0.706
0.233
6.520
2.266
2.468
1.044
8.296
5.121
6.372
19.786
11.005
20.766
0.089
27.363
25.682
18.956
2.983
13.220
10.443
10.519
12.020
7.993
11.170
11.989
21.532
9.797
9.781
6.890
12.289
2.242
17.619
4.540
8.365
21.571
0.488
0.000
15.851
5.620
13.788
16.940
12.674
9.372
7.011
0.381
2.652
0.348
0.000
6.164
0.038
1.761
1.102
4.115
0.000
0.000
0.000
0.024
2.577
12.804
0.922
2.247
0.137
6.533
11.040
3.567
8.096
4.706
6.154
9.048
1.638
7.439
1.702
3.633
30.137
8.590
3.397
2.027
11.395
8.003
1.806
7.893
15.608
12.584
3.406
14.318
3.471
10.382
63.046
2.898
4.003
10.283
16.613
11.589
3.045
9.802
32.276
20.979
7.790
0.000
8.823
4.242
3.894
11.924
9.254
10.023
5.922
15.942
21.053
5.786
18.892
6.507
6.245
19.770
8.894
10.108
7.850
9.761
12.992
19.484
10.025
10.135
15.685
2.808
26.757
19.403
7.582
14.281
6.516
3.541
5.071
15.773
11.975
22.539
0.724
10.128
4.237
8.269
7.536
2.973
9.582
2.407
3.152
2.338
8.175
19.885
17.070
3.598
8.068
0.306
5.727
11.271
10.945
14.231
13.383
9.788
6.887
3.686
6.496
4.786
1.689
7.817
8.756
7.272
3.033
1.730
10.176
4.086
7.096
6.348
5.503
7.495
1.366
1.875
7.730
9.948
4.415
0.007
0.000
0.000
7.787
6.080
8.841
8.868
1.298
0.245
5.720
0.120
0.000
0.000
0.000
6.655
7.134
0.613
11.783
0.515
3.749
4.261
0.192
4.346
0.783
9.474
0.790
2.311
2.235
0.062
0.354
0.324
0.000
0.000
0.000
0.038
6.180
0.000
0.000
0.000
0.000
0.000
0.000
0.000
0.000
0.000
0.295
1.143
1.241
0.000
0.000
0.045
0.000
0.000
3.553
1.333
0.000
0.000
0.000
0.000
0.084
0.433
0.000
0.000
1.294
8.216
2.532
0.000
0.000
0.000
0.115
0.064
9.798
0.000
0.000
0.000
0.000
0.000
0.000
0.000
0.000
0.000
0.000
0.000
0.072
0.000
0.000
0.000
0.000
0.000
0.532
0.000
0.000
0.762
0.354
0.354
0.089
0.000
0.783
0.615
0.762
0.470
0.491
0.137
0.000
1.085
4.631
0.000
0.208
0.000
13.546
0.000
0.000
0.000
0.000
0.000
0.000
0.000
1.110
0.000
5.804
0.003
0.000
0.000
0.287
0.000
0.306
4.429
5.237
0.192
0.000
0.000
0.000
0.000
0.000
2.135
0.676
53.495
26.946
0.076
1.447
0.148
48.120
0.096
0.000
0.046
0.225
0.548
5.837
0.369
11.477
4.968
7.090
0.000
0.323
7.217
8.169
26.163
4.835
0.463
8.569
25.555
19.640
15.067
6.326
6.987
5.176
21.410
10.087
11.968
102.607
5.730
45.277
11.567
1.562
2.547
0.048
0.000
9.431
11.337
5.285
6.187
74.386
23.621
4.340
0.000
15.968
2.894
0.512
2.994
7.146
6.030
4.501
0.242
0.817
0.007
0.021
1.437
6.992
2.163
5.382
2.041
3.890
2.038
2.163
2.209
2.832
0.086
4.264
7.145
8.429
8.631
15.937
12.315
1.796
0.556
20.100
15.237
10.873
16.105
3.080
6.853
12.847
5.421
6.484
7.629
15.480
17.307
1.912
0.283
0.383
0.000
0.024
5.625
0.000
0.000
1.147
4.841
4.909
0.000
0.714
0.546
2.190
20.242
0.896
0.027
2.496
6.592
7.385
0.790
6.427
9.829
4.432
6.484
0.443
25.838
6.422
0.120
2.352
11.021
2.879
0.371
4.930
9.665
3.155
0.556
5.964
0.681
5.280
6.388
3.371
9.948
2.537
6.303
10.928
11.608
5.617
13.654
1.226
18.884
13.393
11.898
1.768
7.635
2.891
1.507
4.130
11.106
1.816
13.644
31.387
23.058
2.745
2.990
6.667
14.076
9.517
9.297
4.302
15.268
0.378
4.439
14.018
4.810
1.983
8.126
4.841
22.333
9.929
3.818
6.006
9.829
13.252
10.883
0.433
0.906
0.735
3.811
4.154
11.797
1.226
1.257
9.798
33.948
10.719
12.669
19.514
5.739
5.322
5.915
6.913
13.929
2.929
0.134
0.072
0.000
0.474
0.240
0.742
0.594
7.481
13.475
8.714
12.432
11.532
9.235
9.805
0.875
0.436
3.639
11.628
11.191
3.701
10.859
2.729
5.836
8.144
2.158
0.000
0.170
0.484
2.343
6.472
3.904
4.261
3.832
0.489
0.065
0.078
0.022
0.000
0.000
1.356
7.272
0.448
2.468
6.072
12.579
4.146
6.664
1.497
9.967
9.543
1.648
4.561
3.365
1.579
2.407
0.961
1.275
8.998
0.721
0.251
0.000
0.000
0.000
0.000
0.000
0.982
0.014
0.089
5.054
2.046
9.503
0.000
0.000
0.220
0.141
8.315
1.995
2.822
1.978
0.000
0.000
0.000
0.000
0.000
0.000
0.064
1.033
0.000
0.000
1.729
0.000
0.000
0.000
0.000
0.000
0.000
0.000
0.000
0.000
0.000
0.000
0.000
0.000
0.000
0.000
0.000
0.000
0.000
0.000
0.000
0.000
0.000
0.000
0.000
0.074
0.882
4.765
4.831
2.324
4.110
0.601
0.000
0.000
0.000
0.000
0.000
0.203
0.021
0.000
0.000
0.000
0.000
0.000
39.985
0.031
8.113
0.350
0.000
0.000
0.000
0.000
0.000
0.000
0.000
0.000
0.000
0.000
0.000
0.000
4.298
2.796
2.898
0.000
0.000
0.110
0.017
0.000
0.283
2.616
0.000
0.000
15.173
5.514
16.382
0.000
0.098
0.000
4.702
11.819
0.215
17.276
10.664
3.025
0.127
16.231
6.729
10.176
3.965
13.997
1.981
5.033
1.301
15.408
0.639
2.836
1.133
0.000
0.000
0.003
0.058
0.000
0.172
3.583
0.000
0.000
1.112
0.000
0.134
0.568
81.852
1.408
11.031
13.321
20.940
19.811
6.770
0.532
1.614
82.472
2.367
5.888
0.000
13.759
12.085
6.640
19.247
9.736
3.805
2.912
0.055
0.000
16.907
12.513
5.632
1.449
7.108
10.965
0.987
4.080
2.426
2.408
1.852
3.710
12.518
1.866
3.747
6.170
7.533
1.845
0.082
3.819
3.522
0.503
10.902
10.034
10.252
2.046
7.675
13.851
17.243
11.539
61.597
1.978
6.167
1.560
0.077
7.119
13.301
2.299
0.652
5.021
7.024
6.382
2.633
6.857
13.726
4.007
3.961
5.974
1.627
9.714
5.835
17.848
16.719
0.937
4.391
25.080
2.369
5.478
9.163
0.951
3.339
4.985
4.963
2.554
3.354
13.626
3.129
1.334
2.036
3.227
5.038
0.227
4.779
1.883
0.179
3.052
0.055
9.939
0.700
3.317
1.941
15.213
5.740
1.643
0.402
0.000
10.629
6.345
7.577
19.817
14.935
18.148
5.359
16.418
4.013
0.051
0.000
0.000
0.000
9.579
3.675
9.455
7.433
10.583
13.505
0.393
11.170
63.693
22.376
0.410
2.440
0.798
6.367
2.908
7.188
12.698
13.318
10.554
9.773
40.710
4.399
1.489
9.132
7.471
11.246
14.764
11.426
1.984
10.825
15.273
5.689
2.412
13.690
12.197
11.503
13.477
12.993
9.864
12.602
0.436
12.289
4.114
9.483
21.281
6.963
7.218
10.512
9.665
5.431
2.211
6.182
5.668
3.875
7.333
7.705
18.893
3.875
13.582
11.582
6.667
13.363
6.789
3.359
5.224
11.464
1.583
1.717
6.674
2.053
0.450
0.493
0.024
0.151
0.000
0.457
0.000
3.038
7.134
2.383
0.000
1.675
3.100
3.471
1.823
1.923
3.080
7.848
10.801
3.636
13.156
0.388
0.000
0.000
0.000
3.488
3.742
4.676
0.000
0.000
0.000
4.966
0.855
1.840
5.924
2.980
0.051
7.927
0.247
0.000
0.000
0.000
0.000
0.000
3.068
2.477
0.688
4.673
1.006
0.336
4.542
0.000
0.000
0.003
1.789
0.000
4.963
8.351
0.182
1.085
0.211
0.562
0.000
0.000
0.000
0.154
2.226
0.197
0.000
0.000
9.141
6.417
2.288
0.038
0.360
0.000
0.000
1.269
8.185
5.471
2.216
0.000
0.000
0.000
0.000
0.000
0.000
0.000
0.000
0.000
0.000
0.000
2.529
3.474
0.000
0.000
0.000
0.000
0.003
0.007
0.000
0.000
1.929
0.165
4.420
2.566
0.000
2.192
3.526
14.646
0.185
0.350
5.224
0.000
1.629
14.850
1.696
0.065
0.913
0.031
9.337
0.024
1.349
1.130
0.057
0.285
0.209
0.031
0.000
0.000
0.000
0.000
0.000
0.306
0.055
0.000
0.000
1.641
0.017
0.018
0.000
13.455
1.675
3.771
0.141
6.135
0.000
10.483
0.142
13.274
8.390
11.081
17.401
2.331
10.452
0.082
4.926
8.225
14.849
12.222
0.007
9.026
0.803
0.017
0.000
0.000
0.275
64.941
8.743
0.173
0.836
0.247
0.000
0.000
0.072
12.392
3.041
1.118
4.798
3.969
32.180
14.167
2.852
15.734
16.142
68.419
0.290
0.000
0.000
11.376
12.737
7.734
13.841
7.992
9.283
7.923
11.070
1.504
3.510
3.926
5.016
0.118
5.275
16.718
9.786
2.158
4.932
0.000
5.624
6.854
11.568
11.998
14.802
21.344
0.474
0.613
3.056
13.805
10.851
18.660
6.208
11.522
8.100
3.768
17.799
1.565
9.556
21.451
24.181
14.799
13.460
13.726
2.563
36.667
49.475
19.343
7.545
2.840
10.119
5.490
9.802
1.813
4.384
2.026
4.724
13.913
8.968
2.585
0.196
5.502
4.202
4.513
8.398
0.975
0.000
4.350
14.856
2.745
0.532
3.993
17.379
67.161
7.000
0.000
4.576
7.256
3.234
17.479
16.655
7.611
14.339
13.493
48.556
0.014
0.010
4.467
5.836
7.042
11.774
20.067
7.611
6.135
20.692
11.264
16.078
11.834
3.807
14.656
5.491
7.387
11.587
6.465
8.612
1.552
6.238
0.958
1.167
0.659
5.085
5.857
2.704
32.959
7.749
23.020
16.586
8.322
8.834
9.795
7.320
4.498
11.621
1.905
4.666
16.280
5.998
6.135
0.206
6.094
2.685
13.506
0.615
82.301
1.136
3.636
4.944
4.583
6.750
6.909
11.623
18.557
0.089
4.746
9.670
16.744
6.111
11.949
16.457
3.359
9.670
3.210
4.875
0.657
1.385
1.344
7.113
10.243
8.702
16.694
7.749
8.887
9.477
5.555
3.404
18.734
20.419
16.479
0.195
0.000
0.312
0.192
0.000
0.000
0.000
2.637
15.582
14.517
1.590
7.347
0.690
2.607
1.707
3.704
0.489
0.026
12.734
0.000
7.744
0.000
4.954
5.482
6.048
4.065
1.900
0.000
6.109
14.259
2.375
2.134
2.260
4.872
0.477
2.460
0.283
4.031
7.802
0.000
0.000
0.000
0.000
2.803
0.482
1.605
0.000
0.882
6.410
0.076
0.000
0.000
1.052
0.000
3.258
0.000
0.000
0.003
0.000
0.000
0.985
0.021
6.022
3.775
0.000
0.000
0.180
0.031
0.000
0.000
0.124
0.000
0.000
0.000
0.000
0.000
0.000
0.000
0.000
0.000
0.021
1.930
0.039
0.093
0.000
0.000
0.000
0.000
0.000
0.000
0.000
0.000
0.000
0.000
0.000
0.000
0.000
0.000
0.000
0.000
0.000
0.000
0.000
0.000
0.000
0.000
0.000
0.000
0.000
0.000
0.000
0.000
0.206
5.713
5.895
4.673
0.010
0.000
0.000
0.000
1.040
0.000
0.000
0.000
0.000
0.000
0.017
0.000
0.441
0.000
0.000
0.000
0.000
0.017
0.000
0.491
0.000
3.397
2.072
0.534
0.000
0.076
0.203
0.050
0.000
0.000
0.000
0.203
0.014
0.000
0.000
0.000
0.566
0.000
0.000
0.027
0.069
0.062
0.676
0.000
0.000
0.000
0.838
0.230
0.227
2.081
0.000
0.000
0.000
0.000
0.000
1.476
6.652
4.432
2.111
6.224
0.065
0.000
0.350
1.497
10.046
13.048
3.097
11.096
1.713
0.000
6.542
16.802
2.383
4.908
9.733
12.160
1.334
2.487
24.560
39.674
3.186
8.543
0.680
18.438
9.570
24.076
0.377
10.516
9.289
13.636
23.820
9.466
12.542
8.686
0.488
0.208
7.716
15.070
1.499
0.010
0.000
0.664
7.852
23.634
5.297
9.474
30.357
6.506
2.468
12.092
30.985
7.848
2.750
3.728
7.673
4.336
1.270
9.843
14.883
2.832
12.679
30.164
66.557
7.974
1.160
15.072
148.559
60.993
4.760
0.069
0.000
5.577
3.286
0.017
0.000
0.000
9.167
28.547
39.492
1.257
6.200
0.003
7.339
9.785
13.252
25.341
15.958
9.730
2.836
22.398
47.420
5.713
0.807
40.265
75.861
2.221
11.464
8.532
64.098
25.557
11.742
14.128
59.518
12.631
5.088
12.703
13.776
11.342
9.513
15.269
0.691
1.582
4.011
13.315
8.235
3.057
11.061
5.700
18.398
2.480
2.741
7.756
23.428
15.854
8.128
7.534
1.795
6.287
3.911
12.741
22.463
31.429
19.542
16.749
6.022
54.242
8.985
16.495
13.115
8.216
0.972
5.617
21.214
0.615
9.273
0.889
17.724
17.657
17.633
11.426
10.379
13.841
30.703
20.105
22.505
0.961
8.514
9.936
24.074
10.008
12.111
9.095
0.728
2.048
6.262
11.091
12.950
5.946
5.238
6.103
8.295
5.753
2.850
3.936
4.432
10.655
11.491
10.971
99.167
9.718
0.101
0.031
0.000
4.123
4.182
4.070
3.033
9.107
5.066
0.918
3.219
8.976
1.679
2.318
0.742
0.000
0.000
0.000
4.748
4.058
0.000
0.000
0.000
0.000
0.000
0.000
0.000
0.000
0.000
0.000
4.723
0.137
4.732
1.919
0.105
0.367
0.100
0.000
0.000
1.080
0.146
0.894
0.681
5.982
4.554
0.790
1.658
0.000
6.763
6.784
8.267
0.000
0.000
0.034
2.611
17.001
1.154
0.872
0.000
0.000
0.000
0.000
0.007
0.051
4.920
0.385
0.034
0.000
0.000
0.189
0.000
0.000
0.984
0.577
0.000
0.000
0.000
0.000
0.000
0.000
0.000
0.000
0.000
0.000
0.000
0.007
0.403
5.460
0.106
0.000
0.000
0.000
0.000
0.000
0.000
2.283
0.000
0.000
2.336
0.000
0.000
0.000
1.813
0.014
0.000
0.000
0.000
0.000
0.000
0.000
0.000
0.000
0.000
0.000
0.000
0.000
2.184
0.000
0.000
0.036
0.385
0.000
0.024
0.000
0.000
0.189
0.000
0.000
0.000
0.000
0.000
0.191
1.160
0.000
0.000
6.205
0.000
1.567
0.000
0.338
0.158
0.000
0.000
0.000
0.139
2.173
1.535
1.047
0.000
0.130
0.000
0.134
0.175
0.965
5.359
0.000
0.108
0.000
1.394
3.421
2.647
0.000
0.000
0.007
1.964
1.463
10.368
2.312
8.830
6.690
2.523
0.422
0.154
3.493
19.123
0.551
10.646
18.562
7.292
18.612
11.585
14.653
13.110
11.898
2.606
12.954
11.391
1.205
2.295
0.086
0.441
0.100
0.000
0.000
11.675
79.586
0.070
0.175
14.684
4.352
16.315
0.606
7.591
55.955
42.481
2.217
11.522
22.388
0.402
0.000
0.000
0.017
0.007
21.307
22.337
8.525
22.465
0.173
0.251
10.452
10.586
8.262
23.970
20.143
12.599
3.386
15.849
21.180
15.975
7.955
18.296
4.788
83.628
2.817
14.505
11.690
18.100
14.059
17.063
9.362
12.102
3.378
10.864
21.756
6.242
12.013
20.570
130.325
1.147
6.702
2.554
0.295
5.455
9.163
2.465
13.077
3.842
0.724
4.031
5.503
12.447
2.132
1.646
2.596
1.900
1.940
6.545
1.265
11.833
11.208
12.562
18.979
3.514
18.275
17.245
9.790
11.675
10.858
6.674
7.136
87.153
7.979
6.206
0.944
1.957
0.180
6.478
0.010
0.067
6.509
0.530
2.482
3.255
0.633
2.699
0.076
5.469
10.482
3.006
17.249
12.451
5.871
11.893
0.017
0.000
0.251
2.692
15.322
5.285
8.772
5.660
15.307
47.561
58.672
18.751
3.279
5.848
14.676
7.248
16.565
16.128
18.340
7.138
8.250
14.971
12.988
5.227
9.275
29.871
26.788
1.897
1.627
9.896
38.991
9.731
32.930
0.213
3.550
9.146
8.947
6.128
10.628
2.632
36.251
126.344
5.723
9.584
22.300
65.308
19.532
5.690
4.365
10.244
12.681
13.324
9.901
13.631
5.891
9.995
2.307
4.431
0.193
9.653
7.592
3.057
9.332
4.799
6.107
12.182
7.981
9.032
8.581
5.359
13.501
5.053
0.556
0.000
1.026
7.460
1.559
15.810
4.961
2.544
0.034
3.502
5.404
5.800
0.529
0.000
0.007
0.000
2.376
0.254
7.040
5.232
0.675
13.331
7.330
4.175
0.985
2.149
8.250
0.000
0.000
0.000
0.192
0.000
0.347
0.000
0.000
0.000
6.067
2.853
0.000
0.000
1.390
1.511
0.014
0.000
0.000
1.854
1.068
0.299
0.395
0.000
0.192
0.827
0.000
0.000
0.707
0.000
0.000
0.000
0.000
0.000
0.000
0.000
0.000
0.000
0.000
0.000
0.000
0.599
0.233
5.144
0.045
0.000
1.926
2.547
2.808
4.638
3.687
0.007
1.895
7.665
5.194
0.000
11.203
0.007
2.650
0.000
0.000
5.227
0.130
4.456
0.000
0.000
0.000
0.000
0.000
0.000
0.175
0.000
0.000
0.000
0.000
0.048
0.000
0.000
0.000
5.679
0.000
0.000
0.000
0.000
0.000
0.000
0.000
0.000
0.000
0.000
0.000
0.000
0.000
0.000
0.000
12.935
3.107
5.395
1.083
0.000
0.041
1.294
0.264
0.596
0.676
2.547
1.578
0.079
0.314
22.029
0.000
0.000
0.000
0.355
0.007
1.172
2.813
0.000
1.221
2.487
39.756
0.000
0.007
0.007
0.000
0.000
0.000
0.010
0.633
0.110
0.704
0.000
0.000
0.000
1.569
17.994
13.029
24.197
5.939
5.974
3.540
3.646
19.720
7.450
13.716
12.049
14.085
10.052
12.483
11.213
4.398
0.110
8.707
12.583
2.510
8.547
5.579
10.789
8.518
13.403
0.031
0.010
1.242
12.844
26.311
3.078
6.317
12.384
14.567
4.645
1.897
2.168
21.209
7.567
5.445
6.956
8.099
53.261
0.419
0.824
6.887
7.234
5.267
4.324
5.629
1.336
9.941
2.000
2.183
11.247
1.940
12.936
29.663
48.518
13.983
7.236
10.799
0.223
0.000
0.481
33.012
32.935
0.348
7.086
13.252
18.559
21.772
24.893
16.164
4.535
9.510
4.474
17.216
7.690
7.246
3.622
11.091
2.420
17.812
0.870
15.898
13.709
8.858
39.595
3.831
0.326
1.093
3.207
2.029
5.919
10.492
12.020
18.485
17.839
29.766
116.023
11.244
4.326
12.629
12.003
10.537
4.976
13.355
3.256
1.291
1.971
15.092
11.565
0.391
15.173
10.058
19.185
15.470
2.311
2.093
12.015
1.051
3.715
14.641
24.111
14.334
12.270
26.825
12.841
59.084
1.188
8.741
2.934
14.801
16.244
21.113
77.521
12.070
57.904
12.748
13.130
8.736
0.501
1.727
8.799
11.944
23.306
1.675
4.606
3.629
13.669
15.733
13.972
13.398
9.342
29.932
11.038
13.539
34.411
26.482
2.362
11.683
10.540
11.876
14.767
13.833
10.042
11.704
7.972
11.591
7.910
20.467
25.403
10.284
4.995
8.630
8.858
1.990
38.418
76.760
4.067
3.552
0.369
4.424
7.594
8.798
1.765
9.725
1.593
10.569
15.124
9.211
11.295
14.741
0.307
0.795
4.542
2.932
10.308
11.024
10.521
3.720
12.833
13.685
9.258
6.745
2.201
3.208
7.740
0.498
0.209
0.000
0.000
0.000
0.000
0.973
18.624
5.586
24.857
8.499
0.838
0.501
0.031
1.741
4.690
2.850
1.057
13.091
5.624
5.847
6.152
4.056
2.132
3.165
8.367
7.416
15.022
52.473
3.286
0.007
0.000
0.000
0.000
0.000
1.569
0.851
3.965
0.206
5.606
3.234
4.958
4.937
1.047
6.303
6.945
0.117
0.000
0.000
0.000
3.416
6.813
0.467
0.100
0.000
0.000
0.000
0.000
0.000
0.000
0.000
0.000
0.000
0.000
0.000
0.000
2.682
0.000
0.000
6.846
0.249
0.000
0.106
0.014
0.000
0.000
0.000
0.000
0.000
0.000
2.589
10.168
5.013
0.556
0.000
0.000
0.000
0.000
0.000
4.822
0.055
0.000
0.351
1.389
0.399
8.700
1.667
3.266
0.127
3.866
0.494
0.040
0.021
0.566
0.024
0.070
0.000
0.000
0.000
0.000
0.910
10.852
0.118
0.000
0.000
0.000
0.295
0.000
0.000
0.000
0.556
0.000
0.014
0.048
0.306
0.161
2.153
11.120
7.821
0.069
0.000
0.007
0.041
0.010
0.082
2.537
3.361
0.124
1.617
4.772
0.000
2.383
33.869
1.133
0.000
0.000
0.000
9.898
0.360
0.000
2.987
10.313
0.079
0.007
0.000
0.000
7.610
77.888
5.091
0.010
0.000
7.407
2.563
1.027
13.836
0.062
22.637
4.074
3.636
13.925
9.036
14.106
8.691
10.765
4.386
10.169
1.796
9.792
30.978
4.793
1.567
6.942
0.778
8.566
8.974
19.602
7.938
0.007
0.651
3.330
0.254
0.331
0.129
0.893
9.797
22.728
25.121
4.473
6.872
17.954
0.584
0.113
1.444
0.010
17.394
12.732
8.822
16.811
10.679
13.891
49.145
19.367
20.975
3.957
9.759
33.632
4.412
3.677
6.942
6.376
17.848
27.607
11.827
14.577
22.433
12.391
26.254
16.940
4.690
5.431
13.881
8.930
17.516
3.207
21.207
24.197
18.587
1.785
3.213
9.017
4.425
4.683
14.402
62.931
120.810
10.226
22.968
13.319
36.727
1.245
9.769
109.965
16.437
25.049
23.124
7.232
3.711
8.413
9.359
11.139
13.582
13.680
12.358
5.206
0.953
10.725
2.563
2.674
5.667
7.201
49.620
16.141
4.221
16.867
10.784
20.098
3.897
17.618
18.805
10.777
12.066
20.139
5.428
11.518
20.994
14.950
13.142
5.938
1.188
9.864
7.797
21.784
19.255
9.229
12.052
7.007
13.348
12.809
5.497
8.295
12.504
15.813
5.421
26.034
18.357
5.663
18.737
1.387
2.657
18.272
9.043
7.793
11.498
11.673
46.788
18.969
6.334
5.685
24.012
10.198
21.890
11.003
21.554
17.406
16.802
3.811
6.697
41.384
11.340
16.526
10.573
21.025
5.054
0.383
2.530
13.917
4.268
1.723
8.817
5.514
10.325
43.266
10.269
7.677
10.722
0.549
3.129
11.457
8.532
2.125
8.875
2.043
13.877
13.493
19.844
12.329
0.889
1.311
8.058
26.494
6.884
9.077
1.895
7.057
14.948
7.258
6.825
7.670
14.330
17.616
12.188
3.684
1.576
2.214
4.451
4.508
7.357
0.000
11.800
19.453
2.032
1.528
6.355
7.684
0.048
9.743
12.030
5.776
1.883
5.026
7.838
3.996
8.477
12.191
0.415
5.633
2.854
0.855
0.000
0.000
1.921
0.000
0.163
5.443
9.448
12.856
1.564
0.000
0.000
1.564
0.433
4.975
0.491
1.404
9.719
0.007
2.934
6.152
6.696
13.136
0.410
1.612
0.247
0.000
4.835
3.940
2.983
4.544
6.578
0.117
4.700
3.315
2.120
0.651
0.000
0.159
5.645
6.592
2.729
0.000
0.000
0.000
0.000
0.000
0.000
0.000
0.194
3.222
10.164
1.948
0.000
0.560
0.000
3.380
1.517
0.219
0.318
0.316
9.275
0.538
0.000
0.000
0.000
0.146
6.211
7.649
0.000
0.000
0.000
0.000
0.000
0.101
0.069
12.351
0.489
1.643
1.704
0.716
0.000
0.017
6.588
13.683
6.175
2.623
0.014
0.007
0.579
0.100
0.597
6.743
0.000
2.891
0.000
0.000
0.000
0.237
1.162
0.299
0.000
0.000
0.304
0.196
7.577
10.238
3.734
0.336
5.902
1.830
7.749
12.677
10.854
0.103
0.000
0.007
22.924
20.524
0.903
0.000
0.100
9.119
4.436
4.346
3.399
0.611
14.492
8.520
0.457
0.000
5.809
0.299
21.671
53.545
5.219
25.409
60.215
1.449
0.213
16.589
5.979
14.986
12.188
10.458
6.022
6.623
9.400
1.823
0.563
2.537
5.177
2.168
10.343
4.074
13.388
6.822
8.063
2.244
11.675
3.251
7.296
11.726
5.703
0.216
7.574
10.434
13.048
8.719
3.995
3.595
11.539
17.293
22.783
18.404
5.903
10.401
17.875
53.122
35.669
9.484
17.957
14.114
12.820
8.820
6.503
3.378
5.074
6.084
2.283
11.996
6.884
3.522
3.790
11.546
9.496
5.095
6.590
17.530
13.867
3.038
7.598
10.046
17.173
15.213
45.140
11.426
8.947
11.930
2.079
4.982
0.724
0.024
1.596
2.839
18.718
7.725
11.546
0.144
13.608
11.043
5.867
19.609
8.350
6.391
16.861
1.857
47.509
2.135
15.175
5.891
8.032
9.132
6.139
2.118
5.339
2.534
10.399
2.930
17.173
21.077
2.896
3.390
9.422
13.151
43.183
2.862
12.059
7.256
11.185
13.717
17.094
18.440
11.596
4.247
8.295
17.012
17.654
67.595
3.510
14.239
11.477
8.303
41.230
55.126
14.584
14.229
9.127
11.354
183.041
78.806
110.934
8.454
12.411
12.959
18.471
18.563
17.980
17.159
18.570
16.069
23.806
12.368
12.957
11.518
14.490
16.514
16.263
8.459
13.705
11.288
21.828
4.583
4.152
35.180
22.548
3.794
12.803
17.441
13.151
23.713
7.788
11.108
0.731
12.471
15.774
13.664
1.502
0.000
0.000
0.000
0.000
0.000
0.000
3.890
2.347
9.738
6.015
11.994
15.230
9.016
7.052
11.034
7.545
0.154
0.106
10.552
6.343
15.638
5.387
13.242
14.255
4.468
0.038
5.785
18.673
6.094
0.299
4.587
5.332
11.790
0.000
0.000
0.000
0.000
0.000
0.000
0.000
0.154
7.306
12.229
2.345
1.408
0.000
2.571
4.494
9.481
30.072
12.057
1.346
0.233
4.736
4.604
0.034
1.567
0.311
5.234
10.792
0.335
0.172
0.048
0.000
0.000
0.000
0.000
0.000
0.000
0.167
0.379
0.189
2.160
0.103
3.955
0.898
1.772
0.000
0.000
3.553
0.000
0.000
0.000
0.000
0.000
0.000
0.000
0.000
0.000
0.000
2.523
0.014
4.571
1.371
0.154
2.764
0.077
0.215
12.142
0.481
2.096
0.065
0.446
0.000
0.000
0.000
0.000
0.077
0.000
3.109
6.470
0.000
0.000
0.000
0.000
0.034
0.007
0.000
0.014
0.000
0.000
0.000
0.000
0.000
0.000
0.000
0.000
0.000
0.000
0.000
0.000
0.000
0.000
0.000
0.000
0.000
0.175
0.000
0.048
0.000
0.000
0.326
0.000
11.151
0.591
4.474
4.947
8.260
5.917
0.000
5.768
3.392
0.072
0.000
0.000
0.000
0.000
0.000
0.041
0.000
8.017
40.945
0.000
0.412
1.088
0.062
0.316
4.384
0.000
0.206
1.092
0.336
0.000
0.000
0.000
0.000
0.704
0.000
0.000
4.233
0.000
2.584
0.719
5.208
0.397
1.006
10.202
15.562
0.142
1.905
0.450
7.014
21.247
1.976
10.034
1.499
0.776
0.000
0.000
84.495
14.993
9.603
17.241
0.608
17.717
6.734
19.588
14.699
6.863
0.000
0.000
1.203
4.637
14.567
12.336
7.946
12.868
62.069
40.066
0.254
2.571
11.258
15.367
11.975
8.920
14.236
2.161
15.690
2.094
19.674
2.769
11.776
40.706
8.734
9.256
6.839
41.182
23.816
4.837
21.667
18.996
8.944
0.594
37.036
0.278
6.669
19.326
23.559
0.518
3.447
0.000
4.504
1.706
0.003
0.000
10.822
18.646
18.172
15.882
112.042
6.564
27.318
5.445
12.933
10.777
32.751
19.569
28.702
2.918
0.079
10.004
1.552
4.786
9.599
6.058
11.906
23.621
11.694
5.411
2.812
0.743
2.594
8.022
10.894
5.249
10.475
17.966
3.368
1.040
1.557
12.234
11.570
2.721
15.710
9.031
20.723
13.046
17.309
11.482
12.251
19.544
12.473
1.033
1.329
5.538
13.544
22.879
22.573
22.474
12.545
22.398
10.555
16.582
17.829
7.285
0.441
14.694
9.397
18.670
18.224
8.691
3.612
1.411
34.058
24.546
31.919
5.471
1.760
3.914
6.897
19.284
136.296
14.694
13.311
9.186
7.680
4.473
2.501
6.350
4.334
25.564
29.711
23.102
19.695
12.193
8.978
11.791
5.122
1.863
12.933
11.894
20.337
11.108
12.257
15.733
12.123
2.276
10.492
13.235
13.367
0.797
9.788
6.188
35.443
5.387
14.672
21.887
33.725
0.790
2.894
1.603
13.235
1.933
20.177
13.235
6.417
9.630
4.429
0.360
11.848
4.966
11.424
26.915
4.405
1.272
6.736
10.138
10.777
13.414
17.935
21.906
0.000
0.000
0.000
0.000
0.306
0.724
9.007
14.286
0.000
5.672
25.608
0.645
0.429
0.065
0.000
0.000
2.764
9.826
15.130
13.723
4.461
2.048
0.000
1.645
0.570
0.000
0.000
0.000
0.003
0.031
0.058
1.593
9.321
2.843
0.371
0.086
1.964
1.761
2.935
6.932
0.000
0.000
0.433
5.721
1.032
8.621
4.163
1.449
0.718
0.000
2.178
2.235
0.134
6.420
0.156
0.000
0.000
0.326
0.426
6.698
13.355
1.020
0.103
0.000
0.000
0.000
0.000
0.470
0.000
0.000
5.407
0.007
2.053
0.003
0.019
10.993
3.502
0.879
0.000
0.000
0.076
0.051
0.000
0.000
0.000
0.000
0.086
0.000
3.778
9.596
12.246
5.747
1.291
1.092
0.000
0.065
0.000
0.566
0.117
0.000
0.000
0.000
0.381
1.078
3.250
0.000
0.031
0.302
0.000
2.650
1.109
0.000
0.000
0.000
0.000
0.000
0.034
0.934
1.298
0.172
1.181
3.763
0.000
0.460
0.003
0.422
5.081
0.815
15.774
1.404
19.233
9.043
1.480
10.406
3.876
0.000
6.604
1.284
8.957
15.079
3.723
2.601
6.008
0.282
16.713
0.096
0.474
10.252
9.513
3.704
18.828
9.041
0.772
1.912
22.409
17.341
21.310
10.513
4.027
13.458
4.269
0.134
11.893
19.233
7.780
5.188
14.967
23.391
10.667
10.722
3.986
16.002
5.347
9.840
8.528
11.330
1.909
8.180
0.525
10.387
3.313
9.122
0.089
2.402
8.470
26.623
7.375
7.227
5.363
6.099
0.754
1.380
12.507
63.992
5.543
19.084
11.100
13.784
3.840
37.264
17.863
8.348
5.330
10.104
4.733
0.467
1.267
0.002
10.471
4.453
7.903
11.651
21.818
3.983
10.801
7.591
13.443
14.339
30.235
27.715
23.873
11.448
5.951
12.839
23.279
7.378
4.594
0.494
14.409
10.042
119.505
3.744
0.656
1.940
0.357
0.484
6.949
27.452
7.812
5.569
32.578
9.721
15.662
19.127
25.677
8.772
7.737
14.023
9.126
13.578
5.526
0.968
0.810
4.388
7.802
16.953
69.452
15.753
13.958
13.493
5.040
10.861
2.565
0.170
8.386
16.885
13.412
4.673
14.141
12.160
3.214
5.136
6.207
13.249
17.633
32.279
37.458
81.673
6.018
10.032
30.449
4.654
6.918
11.246
28.710
38.569
2.747
3.193
10.358
5.751
13.081
75.105
3.543
11.096
5.368
11.074
8.432
6.798
0.022
35.347
21.044
12.615
7.950
19.928
21.152
10.900
4.455
19.159
12.548
18.812
40.601
3.136
2.630
20.273
1.863
1.655
2.802
2.596
141.233
26.851
4.503
5.363
20.951
6.925
1.943
9.201
9.242
7.503
9.668
13.815
6.993
2.499
12.320
1.081
5.895
7.040
12.955
11.203
0.989
6.393
10.334
11.913
20.385
15.798
9.452
2.043
21.478
8.528
13.007
10.262
27.826
6.200
7.962
4.206
1.789
10.940
4.824
13.867
5.131
1.888
7.313
1.559
4.843
4.261
0.649
0.000
0.000
5.332
2.673
0.000
0.000
0.000
0.000
0.002
2.856
5.905
6.594
12.191
8.762
12.986
0.187
7.258
15.989
28.937
0.841
6.082
12.624
3.627
11.656
9.283
1.861
4.180
0.100
3.873
11.618
0.721
1.179
0.000
6.839
7.224
10.283
19.779
0.446
0.000
0.072
0.000
2.187
0.000
0.632
0.038
3.632
3.090
2.887
6.676
1.428
11.223
0.652
2.438
1.957
2.005
9.084
3.591
2.276
7.502
7.385
0.506
0.000
0.003
0.000
0.000
0.005
6.262
0.723
0.000
0.000
0.000
0.000
0.007
0.000
0.000
3.457
0.484
0.000
0.000
0.000
0.000
0.000
0.110
0.000
7.802
1.727
0.000
0.000
1.765
0.000
0.000
0.000
0.000
0.000
0.000
0.000
0.002
0.000
0.000
0.000
0.000
0.000
0.718
18.478
1.322
4.381
4.839
13.541
3.794
2.513
0.027
0.076
5.919
5.013
0.402
0.924
0.391
0.000
0.000
0.002
0.000
0.017
0.175
10.883
15.817
5.236
0.913
0.666
0.007
2.760
3.924
0.000
0.000
0.000
0.000
2.496
1.040
0.010
2.118
2.012
4.092
0.019
0.003
0.041
4.949
1.370
5.239
33.477
9.009
0.628
14.715
8.844
2.098
0.185
0.000
13.908
14.250
13.597
29.280
20.692
11.213
14.389
4.896
0.649
0.051
9.718
2.393
15.192
14.832
20.335
2.887
2.336
15.528
4.558
3.167
14.972
16.414
5.562
7.076
11.371
2.275
4.353
0.807
2.082
0.000
8.420
13.371
44.282
14.064
11.589
0.536
7.558
4.413
16.146
11.800
5.747
10.094
18.275
11.100
12.954
11.719
0.261
11.427
18.127
3.813
4.328
13.771
18.960
12.590
14.303
0.000
12.703
11.429
12.830
5.256
2.884
27.286
42.905
11.076
9.282
22.113
5.071
10.973
10.949
10.253
16.734
8.717
13.009
12.751
20.647
5.788
27.181
13.089
10.986
27.720
20.199
7.275
13.462
12.198
20.421
7.182
11.440
5.390
1.332
4.427
32.648
6.283
6.725
21.386
13.984
1.323
22.985
6.607
28.511
2.381
0.278
14.217
18.093
11.692
8.808
14.952
18.789
3.101
20.266
161.587
21.056
6.406
0.302
2.841
16.661
19.650
2.372
1.629
3.406
12.846
13.915
2.951
25.560
83.273
12.736
13.626
20.711
14.562
1.868
16.607
7.581
28.674
26.443
20.520
7.783
10.396
12.112
5.002
12.107
7.354
15.738
33.464
2.889
7.079
8.822
18.354
16.318
23.078
10.873
1.105
2.147
11.846
5.529
10.583
1.966
40.890
118.257
7.484
0.810
10.018
2.329
9.802
49.650
42.675
8.820
2.350
13.166
26.244
28.681
103.733
1.699
13.699
6.125
19.830
7.793
15.841
1.730
4.401
6.370
3.804
40.083
12.967
18.498
12.099
12.936
20.174
6.693
28.949
1.384
15.027
2.280
2.125
4.504
3.008
0.573
1.500
0.000
0.010
1.061
0.027
0.000
0.000
0.000
0.000
1.912
0.522
0.319
10.173
3.329
3.715
8.556
1.892
3.426
6.128
4.556
0.709
0.000
0.003
7.519
5.388
13.405
2.300
13.554
3.921
11.065
15.053
4.297
0.608
1.979
0.889
0.000
0.249
0.251
2.070
5.524
7.490
6.334
71.907
5.485
16.188
5.567
1.005
1.144
1.578
0.889
10.938
6.365
2.314
1.119
0.584
2.010
0.967
0.385
0.000
0.000
0.282
7.229
7.215
5.267
4.234
2.111
1.576
0.240
2.073
3.960
9.556
1.978
3.605
11.318
2.878
1.940
5.644
0.424
3.861
0.910
0.151
3.976
1.530
0.000
0.000
0.000
3.680
6.286
0.633
0.000
0.000
1.061
0.003
4.463
0.443
0.000
0.000
0.000
0.767
0.000
0.002
0.000
0.000
0.000
0.000
0.000
0.017
13.414
1.538
2.050
0.000
1.154
0.003
0.000
3.037
16.080
0.323
0.000
0.879
17.990
0.117
0.000
0.000
0.000
0.000
0.227
2.184
8.542
8.332
13.719
14.833
0.429
0.000
0.000
0.000
0.000
0.000
0.002
0.000
0.000
0.252
0.000
0.000
2.987
2.214
6.377
4.896
1.003
3.382
1.147
11.829
17.748
1.871
0.000
5.655
1.296
0.003
0.000
0.223
1.305
2.187
0.031
0.000
0.000
0.000
0.216
0.041
0.594
11.942
0.062
3.598
3.569
6.806
0.000
12.064
0.359
7.666
9.172
15.003
12.984
14.835
17.331
12.229
4.443
0.000
0.000
0.409
3.227
12.380
8.559
10.114
33.246
2.240
1.796
9.568
2.618
5.356
6.949
14.099
30.139
131.601
0.414
9.170
4.928
0.019
0.003
11.870
1.909
10.624
27.174
172.784
3.234
9.460
15.946
15.920
14.308
11.666
7.836
11.536
6.298
1.933
0.064
8.561
16.023
1.166
6.327
6.645
21.571
27.456
2.178
29.527
20.786
0.312
9.929
2.709
11.201
15.077
9.364
1.353
5.733
0.431
12.724
26.613
48.027
15.759
5.685
6.911
25.414
12.954
20.023
7.364
14.656
3.938
9.357
5.588
1.912
2.860
0.367
11.604
6.606
1.250
8.398
11.484
26.826
33.182
10.119
17.225
18.203
2.618
25.102
10.954
3.627
7.920
22.259
23.217
16.500
101.967
10.295
11.972
5.419
1.105
15.956
13.750
10.887
6.118
23.013
181.291
6.120
0.827
23.279
20.333
100.844
13.523
11.929
12.449
2.978
5.491
9.527
16.442
56.638
48.045
14.440
2.424
4.510
6.609
0.563
1.713
16.565
10.499
18.145
13.393
22.539
32.408
11.567
3.102
12.063
9.925
46.850
7.244
1.538
10.130
151.079
6.231
3.821
2.184
15.504
2.293
1.718
4.010
17.182
20.893
12.222
1.670
8.918
12.267
24.671
11.457
6.681
2.015
1.710
7.591
1.792
9.229
3.172
7.515
45.746
10.018
19.950
8.650
27.970
10.008
3.548
18.761
11.570
3.852
3.353
0.257
16.057
3.718
0.101
1.998
10.104
5.680
0.055
0.000
4.343
3.722
5.740
12.610
18.534
13.420
11.323
15.753
8.645
0.690
4.362
8.240
7.028
1.360
8.401
3.315
5.452
11.330
3.598
4.286
15.614
16.813
1.881
2.620
4.185
27.773
19.597
7.666
1.195
11.783
31.943
186.810
12.545
6.516
14.744
3.811
9.122
4.616
0.041
0.237
0.106
0.391
0.048
0.000
5.775
1.318
4.346
7.529
2.053
2.525
5.802
0.855
0.017
11.189
16.294
0.498
1.950
8.138
6.348
1.382
0.323
0.000
0.000
0.000
0.007
0.003
0.010
1.789
5.054
1.126
0.045
1.253
10.344
1.380
0.000
0.000
3.001
1.092
3.026
5.270
1.421
1.837
3.450
0.034
0.388
0.000
0.000
0.000
0.000
0.000
3.722
1.600
7.969
3.382
0.148
0.000
0.000
0.288
0.769
11.347
0.469
2.530
2.230
0.065
0.003
1.957
