19790101
8.132
6.139
2.602
9.538
11.689
4.228
9.172
5.203
2.606
4.087
3.276
2.062
1.389
3.526
1.111
6.563
3.629
0.901
9.165
12.742
7.266
8.686
3.073
5.145
11.769
4.407
13.069
2.436
2.237
12.827
14.215
2.877
8.063
8.575
12.623
0.504
7.131
2.508
3.269
3.009
14.289
3.553
7.939
19.775
23.589
5.301
12.235
4.190
9.709
7.430
2.510
1.732
4.712
0.199
4.001
4.784
11.987
22.000
2.308
9.889
16.037
16.277
16.349
46.362
9.325
10.025
10.744
2.602
8.422
13.491
1.215
3.117
1.871
16.922
18.958
30.942
16.222
14.668
7.629
8.753
4.755
11.388
9.380
11.409
12.507
3.536
6.499
8.726
11.477
12.806
8.604
8.724
5.184
19.264
8.267
17.225
0.271
0.000
0.000
5.019
0.000
5.007
12.291
9.180
7.876
14.567
11.704
10.272
14.890
3.536
12.073
11.209
8.710
1.868
0.316
0.014
0.000
0.000
3.284
5.823
5.335
10.403
2.015
9.211
10.066
8.120
3.481
7.187
11.855
3.358
7.399
3.646
11.992
6.485
3.818
6.590
3.498
1.638
5.122
9.098
5.977
5.795
12.473
6.032
3.038
6.053
8.604
0.439
5.510
12.610
1.219
0.000
0.000
0.000
0.000
0.000
0.122
0.064
0.000
0.165
0.306
0.000
0.000
0.153
1.765
0.233
0.000
0.000
0.000
0.000
0.000
0.000
0.000
0.000
0.000
0.000
0.000
0.000
0.000
0.000
0.000
0.000
0.000
0.000
0.000
0.000
0.000
0.000
0.000
0.000
0.000
0.000
0.000
0.000
0.000
0.000
0.000
0.000
0.000
0.024
0.154
0.000
0.000
0.185
1.466
0.000
0.000
0.347
0.000
0.000
0.000
0.000
0.000
0.000
0.000
0.000
0.000
0.000
0.000
0.007
0.064
0.017
0.000
0.000
0.000
0.000
0.000
0.000
0.623
0.000
0.000
0.000
1.690
0.000
0.000
0.000
0.000
0.414
0.000
0.000
0.120
0.182
0.000
0.000
0.755
0.788
4.446
0.000
0.000
0.000
0.000
0.000
0.000
0.000
0.565
0.000
5.632
0.000
0.000
0.087
0.000
0.000
0.000
0.000
0.000
0.000
0.000
0.000
0.136
4.204
0.014
0.000
0.000
0.000
0.000
0.000
1.133
0.412
0.027
6.164
0.360
5.534
0.151
1.923
1.452
0.000
0.000
0.642
1.109
0.000
0.000
0.000
0.000
0.000
0.000
0.000
0.000
2.767
3.244
0.261
0.021
4.927
0.385
0.000
0.000
0.582
5.308
0.000
8.300
0.105
15.711
6.475
2.855
0.863
0.000
0.000
3.304
19.575
27.616
3.514
14.464
0.000
9.392
5.941
9.126
9.117
15.616
12.828
10.307
2.565
0.000
0.000
0.000
0.000
0.000
2.609
0.469
3.818
5.716
10.966
0.342
9.548
0.086
0.069
10.283
0.584
0.017
8.305
16.552
39.116
0.264
0.319
6.059
14.682
18.036
5.049
10.362
10.664
2.614
3.638
6.564
9.903
5.756
3.977
16.677
44.721
44.687
0.999
3.608
0.120
12.068
1.380
4.068
8.192
6.441
2.321
4.192
8.823
26.007
15.613
8.403
3.677
25.392
5.088
1.538
12.234
9.445
15.467
7.371
3.078
2.371
1.476
12.109
2.620
9.884
10.310
4.048
2.271
6.331
1.361
0.926
12.941
5.485
4.096
0.388
3.553
14.095
2.982
0.611
6.172
5.541
9.646
25.442
10.379
2.729
2.002
5.308
2.084
12.625
0.324
3.366
2.553
0.268
0.000
0.000
0.048
0.086
1.385
0.733
1.695
2.242
1.183
16.876
2.031
6.562
2.997
5.673
3.416
3.183
8.278
10.796
6.245
15.384
15.163
4.290
13.850
6.372
7.553
12.150
4.480
2.875
128.169
2.668
19.060
31.309
2.438
0.790
2.692
7.725
17.225
12.411
8.150
14.897
24.843
6.674
10.176
6.348
4.985
9.538
1.370
22.196
76.104
1.332
7.565
6.128
3.032
0.000
0.034
0.000
1.542
2.434
5.126
8.319
8.130
2.269
7.107
0.929
4.630
0.398
0.000
0.000
1.569
3.347
8.240
0.553
1.760
4.625
4.288
0.735
13.935
2.580
10.925
5.957
9.789
2.460
3.579
6.978
11.567
12.838
0.412
1.241
0.000
0.000
0.000
0.421
2.453
11.022
7.790
9.218
7.526
2.182
0.055
0.000
0.000
0.017
0.050
0.000
0.000
0.000
0.000
7.663
3.318
2.747
0.024
1.653
0.000
0.558
0.000
0.000
0.000
0.863
1.717
6.711
3.933
0.086
2.750
0.000
0.000
0.165
0.000
0.000
0.000
0.670
0.000
0.000
0.000
0.000
0.041
0.000
0.000
0.000
0.000
0.000
0.000
0.000
0.000
0.000
0.321
0.000
0.000
0.000
0.000
0.000
0.000
0.000
0.034
0.000
1.262
0.000
0.000
0.000
0.000
0.182
4.000
0.000
0.000
0.000
0.031
0.000
0.000
0.089
0.000
0.000
0.000
0.000
0.014
0.000
0.000
0.000
0.000
0.494
6.935
0.124
0.034
0.549
0.000
0.000
0.000
0.000
0.000
0.000
0.000
0.000
0.000
0.000
0.000
0.494
0.556
5.404
0.000
0.000
0.000
0.000
0.000
5.273
0.000
0.000
0.000
0.000
0.000
1.645
0.000
0.051
0.003
0.051
0.204
0.000
0.000
0.000
0.014
0.103
10.107
8.574
10.382
0.196
0.000
3.238
0.000
0.076
0.100
0.000
4.456
0.333
3.011
3.279
5.931
0.158
7.852
14.845
1.188
9.574
11.343
1.435
1.006
0.082
3.996
0.000
0.783
0.333
0.319
0.625
0.089
0.000
0.134
0.046
0.098
1.131
7.586
0.748
7.392
32.670
0.326
0.965
2.086
0.000
5.045
0.772
31.326
1.483
2.938
10.306
1.556
4.724
12.674
24.823
12.773
1.011
11.984
7.167
1.832
2.460
14.069
13.493
0.254
4.834
0.839
0.271
0.058
11.827
6.509
4.678
0.000
1.684
0.429
7.098
15.336
11.299
12.246
0.000
0.000
9.946
9.774
2.953
10.715
6.080
15.879
6.588
5.903
11.024
3.601
8.463
8.020
5.836
13.184
2.887
8.775
10.451
19.418
14.790
4.396
0.271
2.870
6.314
14.945
11.573
7.797
2.050
11.975
12.226
7.378
13.015
6.887
0.271
0.148
0.021
4.498
6.983
7.787
3.921
31.441
11.707
8.377
2.489
22.062
29.436
3.258
0.536
1.226
11.374
8.528
14.241
11.512
12.670
1.754
15.710
10.938
6.504
13.783
14.392
4.793
1.933
5.737
14.512
14.389
11.750
11.192
20.706
5.926
10.281
6.769
11.426
3.356
5.728
25.596
22.937
12.933
9.982
3.404
2.249
12.068
80.737
5.297
4.189
0.407
0.058
6.420
12.322
13.772
6.822
9.310
4.147
14.157
0.163
2.812
10.054
9.105
5.864
0.862
6.794
5.625
7.780
9.654
10.329
11.855
20.287
4.892
7.546
8.106
26.877
5.691
12.339
2.386
3.560
0.580
0.996
11.422
26.007
6.581
6.379
0.103
1.895
2.190
2.664
3.904
1.741
5.867
2.817
7.347
3.660
12.303
1.531
2.002
0.000
0.000
7.826
6.714
5.013
3.567
10.964
6.326
9.216
3.819
3.165
9.326
3.790
6.030
10.195
1.284
4.683
14.433
7.810
0.853
0.000
0.000
0.000
1.421
1.473
1.636
4.146
0.848
0.000
0.000
0.333
3.368
7.725
4.748
5.047
1.196
5.775
0.999
0.000
0.872
3.959
3.564
2.729
2.608
0.038
3.052
5.122
0.196
0.000
0.000
0.000
0.402
2.029
0.000
0.000
0.000
0.000
0.000
0.000
0.000
2.276
3.121
0.621
0.000
0.000
0.000
0.000
0.000
0.000
0.000
0.000
0.000
0.000
0.000
0.000
0.000
0.000
0.000
0.000
0.000
0.000
0.000
0.000
0.000
0.000
0.000
0.000
0.000
0.000
0.000
0.000
0.000
0.000
0.000
0.594
2.771
0.172
3.250
0.151
3.876
0.041
0.000
0.000
0.000
0.000
0.089
0.000
0.000
0.000
0.000
0.000
0.000
0.000
0.000
0.000
0.000
0.000
26.875
3.217
0.000
0.439
0.247
0.000
0.484
0.254
0.635
1.334
0.000
0.000
0.000
0.000
0.048
0.628
0.000
0.034
0.000
0.007
0.151
0.000
0.027
0.000
0.027
0.292
11.776
0.000
0.000
0.000
0.000
0.000
0.000
0.021
0.103
0.000
0.000
0.000
0.244
0.625
4.580
0.010
9.153
5.613
1.718
0.017
0.000
0.062
2.719
10.935
0.161
45.501
0.302
0.000
0.127
0.295
0.000
0.007
0.031
0.014
0.000
0.000
0.000
0.007
0.000
0.000
0.000
0.021
0.113
0.124
3.890
0.000
0.000
0.000
0.944
4.346
10.638
13.297
15.451
15.817
9.737
5.569
24.929
2.202
1.136
12.538
2.149
1.442
17.252
11.666
1.796
2.295
7.069
2.609
5.067
6.609
26.123
4.206
66.531
2.565
9.991
6.798
22.021
40.529
2.369
0.000
3.746
13.211
11.309
1.905
2.091
8.150
16.224
6.578
2.386
3.799
2.316
16.284
11.534
18.031
21.415
13.760
3.849
10.854
9.275
9.108
0.922
18.093
16.540
9.184
5.404
5.541
0.227
15.604
7.557
0.041
14.124
9.266
11.316
15.302
18.048
4.185
14.948
5.376
3.327
0.553
1.329
2.939
18.666
37.261
17.049
4.693
0.278
1.399
10.489
12.215
19.710
6.030
19.786
3.660
2.036
2.587
8.938
15.977
14.780
7.490
14.620
6.717
6.310
10.006
13.072
9.404
7.366
0.168
11.038
18.430
24.688
43.635
5.373
11.992
7.557
14.239
18.194
14.868
16.618
35.695
1.830
3.062
21.607
14.414
6.751
6.527
2.173
3.155
3.868
15.981
23.718
0.635
12.619
1.596
3.365
16.387
17.851
9.253
12.809
7.373
17.139
5.687
7.402
7.416
5.699
5.107
20.021
13.572
0.632
4.199
6.456
7.060
8.576
12.277
15.341
35.163
72.889
45.274
5.479
17.770
9.567
26.655
0.300
6.336
4.479
11.215
6.000
7.828
1.703
7.524
8.025
2.668
12.296
8.556
13.920
6.769
16.713
4.997
0.443
2.228
6.264
2.146
0.529
0.000
0.000
0.000
0.000
1.480
8.521
5.569
4.772
4.611
9.666
2.911
13.798
5.047
8.909
4.601
12.195
4.738
7.357
9.297
42.177
39.616
12.332
23.446
0.175
0.000
0.000
0.000
0.000
0.000
0.000
0.000
2.252
0.034
0.048
0.000
0.000
0.000
6.196
1.217
3.011
1.036
1.632
6.564
1.940
5.673
0.051
0.220
0.000
2.008
5.442
0.541
0.321
0.184
0.007
0.014
0.000
0.139
1.505
0.017
0.096
0.000
0.000
0.000
0.000
0.038
2.900
6.672
0.912
0.014
1.167
3.040
8.011
8.439
7.072
0.890
0.000
0.000
0.000
0.000
0.000
0.185
0.484
0.255
1.032
0.072
0.007
2.141
4.803
9.289
0.374
0.000
0.000
0.010
2.376
1.576
0.000
0.000
0.000
8.144
4.434
0.034
0.000
0.000
0.767
2.316
4.257
2.043
5.023
0.000
0.000
0.000
0.000
0.000
0.031
0.000
0.000
0.000
0.000
0.034
0.347
0.202
0.043
0.055
0.000
0.000
3.047
8.586
0.000
0.000
0.694
0.000
0.051
0.007
0.000
0.000
0.000
0.000
0.000
0.755
9.129
5.922
7.539
0.081
2.005
6.739
0.621
0.000
1.071
0.050
10.169
0.548
0.079
0.000
0.213
3.359
0.180
0.021
0.000
1.349
7.064
5.197
0.191
0.000
0.158
0.425
0.000
0.000
0.000
0.045
0.891
2.134
11.362
6.197
0.115
20.544
0.007
1.181
2.132
0.867
0.055
0.000
1.378
0.089
0.003
17.406
46.891
6.149
0.165
3.201
6.993
1.360
1.009
0.000
8.013
1.851
3.519
5.033
0.446
12.445
6.602
3.323
0.051
2.683
0.381
0.000
0.000
0.003
0.000
0.000
0.000
1.696
8.549
3.044
0.429
15.657
16.988
10.046
6.666
8.300
26.843
0.141
0.000
1.713
3.402
11.276
4.417
16.563
47.821
5.812
2.055
10.938
29.318
2.886
6.880
7.977
72.474
3.722
1.148
7.442
5.336
6.963
13.214
28.401
7.474
6.255
13.312
75.232
5.763
3.895
15.309
7.627
6.111
0.292
13.462
5.857
12.033
10.846
5.435
2.822
16.375
0.354
2.177
4.803
6.890
4.786
3.747
17.223
7.776
0.333
2.081
0.522
6.516
0.000
0.077
14.866
5.139
3.461
3.066
4.359
12.655
19.246
13.647
0.252
15.763
54.073
0.038
10.502
12.514
5.581
7.400
11.809
4.134
2.532
21.235
14.037
12.512
0.271
1.482
8.049
11.639
5.864
0.362
0.000
0.027
0.000
3.018
0.965
3.265
0.062
7.742
46.098
8.324
4.959
3.450
3.504
7.872
19.518
9.467
5.661
6.410
62.025
148.096
0.000
0.000
0.000
0.000
0.893
0.000
0.323
3.770
0.527
7.124
3.598
14.820
23.181
7.886
2.973
8.408
18.612
14.770
7.957
4.353
9.167
5.047
1.365
3.953
4.654
5.665
7.756
6.959
5.122
5.988
6.633
3.931
38.844
35.616
3.255
6.787
12.090
10.155
4.803
13.300
13.221
2.266
9.857
7.193
2.750
3.183
0.240
0.000
0.000
3.708
8.616
7.783
9.156
3.965
7.100
0.216
4.243
6.695
8.868
5.630
12.651
11.508
0.103
8.315
12.806
1.442
0.827
8.858
0.584
8.792
6.307
11.012
1.298
0.021
0.000
0.000
0.000
0.000
0.000
0.553
0.000
3.483
0.000
0.161
0.237
0.000
0.000
0.000
0.000
0.000
0.000
0.000
0.000
0.000
0.096
0.086
0.000
0.659
0.000
0.865
0.000
0.000
0.000
0.000
0.161
2.819
0.000
0.000
0.000
0.000
0.000
0.165
0.038
0.024
0.000
0.000
0.045
0.172
0.282
0.000
0.000
0.000
0.000
0.000
0.309
0.000
0.000
0.175
0.079
0.000
0.000
0.000
0.000
0.000
0.000
0.000
0.000
0.000
0.000
0.000
0.000
0.000
0.000
0.000
0.000
0.000
0.000
0.000
0.000
0.000
0.000
0.000
0.000
0.000
0.000
0.000
0.000
0.000
0.000
0.000
0.649
0.694
0.000
0.000
1.660
5.637
0.000
0.000
0.000
0.000
0.896
0.699
0.767
0.144
0.055
0.000
0.000
0.000
0.000
0.000
0.000
0.000
0.000
1.065
0.000
0.024
0.000
0.000
0.000
0.000
0.388
0.000
0.000
0.000
0.817
5.116
5.898
0.038
8.217
8.905
0.000
0.000
0.060
0.000
20.411
0.482
2.027
1.313
0.299
1.208
0.000
0.373
0.457
0.378
0.000
0.000
1.464
2.170
0.000
0.000
0.000
0.000
4.601
2.621
0.000
30.715
9.974
13.552
0.463
0.000
2.802
0.197
0.375
12.100
0.062
0.089
0.000
0.000
8.305
3.620
0.000
2.235
9.341
7.004
5.184
0.003
10.258
46.371
0.000
0.000
0.000
1.603
2.932
5.703
11.170
26.608
0.645
8.058
0.000
4.559
18.951
17.163
43.173
0.604
0.000
0.000
0.336
0.000
1.672
71.432
1.490
2.142
11.415
14.416
1.905
5.097
2.007
3.699
4.130
3.993
16.679
7.812
10.344
7.869
9.263
17.928
24.465
1.303
8.533
15.609
13.075
7.115
2.096
5.438
28.939
3.744
8.250
40.652
16.047
16.685
1.033
6.195
5.885
3.706
11.282
4.819
14.935
8.459
7.512
9.687
8.841
5.934
2.606
4.801
1.813
4.058
2.160
4.609
2.135
5.883
9.719
2.527
5.692
8.827
4.566
5.919
9.139
12.071
3.732
4.837
11.330
17.183
57.452
7.018
2.153
5.057
0.199
0.021
15.607
14.581
26.711
7.000
2.791
28.396
6.702
1.620
0.611
2.762
19.473
4.372
26.206
5.733
6.820
11.597
8.854
31.366
21.090
1.414
1.607
0.694
0.000
1.521
4.031
7.515
5.143
6.082
4.487
17.588
5.672
0.007
0.113
3.296
8.988
11.003
4.841
10.410
14.109
2.458
2.208
0.793
2.379
12.569
7.419
2.513
6.149
7.313
4.432
21.169
7.603
16.979
3.601
8.851
3.694
10.578
4.326
10.375
12.909
2.716
17.125
20.397
35.421
16.593
0.051
0.000
1.837
4.721
6.872
3.119
3.358
1.239
1.090
0.376
0.187
9.879
5.746
10.331
9.812
4.782
6.906
3.359
0.245
6.157
2.788
3.898
4.798
5.509
8.209
9.678
5.493
6.008
3.282
3.773
3.957
12.111
4.535
2.093
9.182
2.765
3.365
3.536
2.959
0.886
5.260
8.387
5.744
0.000
2.657
7.237
0.731
4.072
4.007
7.824
8.384
5.363
7.256
5.327
0.000
0.000
0.000
0.748
9.168
0.458
0.000
0.000
7.783
3.790
0.707
0.000
0.000
0.000
0.048
3.763
6.109
8.724
7.725
5.620
0.000
2.935
0.982
9.447
1.706
0.000
0.000
2.280
0.048
0.000
0.000
0.000
0.000
0.000
0.000
0.000
0.000
0.000
0.000
0.000
0.000
0.000
0.000
0.000
0.000
0.000
1.016
11.706
8.157
0.000
1.410
0.000
0.141
0.000
0.003
0.014
0.003
0.000
0.000
0.000
0.000
0.000
0.000
0.803
3.995
12.700
6.017
8.469
1.227
0.000
0.000
0.000
0.000
0.000
0.000
0.017
0.048
0.024
0.975
0.046
1.257
5.032
1.121
0.021
0.043
0.000
0.809
0.704
0.944
0.031
0.026
0.072
0.000
0.000
0.673
20.397
1.245
0.024
0.000
2.877
6.395
0.968
0.000
0.000
4.817
0.000
0.000
0.024
0.021
0.000
1.555
0.896
2.153
0.532
0.010
0.390
0.494
1.375
4.486
2.343
0.146
3.559
6.074
0.783
0.000
0.000
0.000
2.408
0.594
5.420
17.321
0.000
6.615
14.275
8.240
26.654
0.800
0.010
1.081
14.262
7.951
1.768
6.606
0.409
9.158
4.479
20.811
11.481
19.305
4.412
1.674
0.000
16.217
19.188
0.103
6.896
0.062
6.168
7.066
4.428
0.458
2.201
7.136
8.930
21.753
3.521
0.163
20.239
8.953
2.892
15.320
3.032
0.295
12.021
1.042
9.889
14.114
7.399
9.611
0.055
0.711
7.459
6.866
2.309
4.165
0.177
1.550
5.337
12.611
15.154
33.773
1.150
7.448
1.404
2.575
18.460
12.391
16.376
6.475
6.029
12.494
20.744
10.111
7.773
8.657
5.838
12.396
7.575
5.972
0.845
11.201
3.241
1.452
4.733
9.065
13.184
17.513
0.639
0.505
18.622
4.346
4.815
23.408
3.028
7.000
62.773
6.684
8.606
72.218
6.801
6.178
6.854
2.194
0.849
1.411
16.123
4.743
4.245
7.484
5.529
12.957
7.962
6.496
11.003
3.263
13.596
1.291
49.808
3.258
6.705
9.758
15.037
18.912
6.989
14.754
9.283
7.508
30.439
4.619
6.873
9.479
10.926
5.699
4.395
2.958
5.775
10.358
8.765
6.860
5.620
15.007
11.803
22.385
16.710
6.492
0.910
6.042
4.573
6.410
1.233
7.862
17.798
1.820
12.099
14.943
11.337
10.921
5.071
5.500
6.388
15.961
6.042
11.979
12.171
11.927
7.574
5.359
5.479
11.968
5.998
1.315
9.136
3.255
6.365
23.210
24.175
13.863
7.866
1.545
5.939
86.256
7.896
6.228
4.072
11.203
4.194
2.832
0.121
0.896
1.749
3.184
5.853
11.791
3.653
12.294
10.003
7.768
3.605
7.483
7.179
0.457
5.910
4.247
8.835
1.132
4.702
1.411
2.359
0.743
0.088
3.667
4.177
7.838
3.632
4.928
0.974
1.257
0.273
11.282
3.133
0.278
0.000
0.000
0.000
0.000
0.000
0.000
0.000
0.000
0.000
0.000
0.000
0.975
0.017
3.777
0.000
0.000
3.745
2.249
5.594
0.416
0.591
0.000
0.000
0.000
0.039
0.014
0.740
14.753
0.127
10.590
15.238
43.961
0.151
0.000
0.014
0.508
4.319
0.000
0.000
0.000
0.000
0.000
0.000
0.000
0.014
2.273
0.000
0.000
0.000
0.000
0.000
0.000
0.518
3.306
1.531
0.000
7.989
16.193
2.266
0.000
0.000
0.000
0.000
0.000
0.000
0.000
0.000
0.000
0.000
0.000
0.000
0.000
0.000
0.000
0.000
0.000
0.021
0.000
0.007
0.000
0.000
0.000
0.000
0.136
0.027
0.000
0.000
0.000
6.477
2.417
0.144
0.000
0.000
0.000
0.000
0.000
0.000
0.000
0.000
0.000
0.000
4.949
17.593
0.000
3.854
8.414
0.498
0.977
7.717
0.000
0.000
0.000
0.000
0.000
8.398
21.556
2.280
0.000
0.000
0.469
0.476
6.753
0.130
0.000
0.000
0.204
23.217
5.974
0.000
0.139
0.524
0.014
0.000
0.076
0.079
0.130
3.934
7.644
0.848
3.191
5.155
5.071
1.063
11.805
60.027
6.080
0.000
0.716
0.165
1.078
0.134
0.000
0.089
4.395
1.140
2.359
1.469
0.000
0.010
10.791
7.660
15.844
7.524
7.694
3.306
1.057
0.000
0.367
3.365
0.326
5.449
1.744
5.455
14.849
9.392
8.092
5.658
0.477
0.000
0.048
0.625
0.563
0.000
0.000
6.794
10.688
1.188
57.690
24.980
8.099
6.624
8.552
7.598
6.860
0.299
0.220
1.706
4.161
11.501
0.041
0.010
4.477
7.469
16.215
2.328
0.875
0.972
3.480
0.024
3.485
5.737
0.154
0.137
10.241
2.781
1.085
9.671
5.998
3.651
2.910
9.052
15.578
3.104
8.463
0.508
0.000
2.221
2.285
3.605
5.898
2.187
10.392
13.810
25.660
27.981
0.048
2.517
12.433
3.432
10.973
3.708
4.504
21.684
12.621
2.290
8.992
7.457
6.173
8.216
8.611
7.110
21.430
7.924
5.196
15.934
1.493
2.719
21.811
8.212
3.392
0.034
1.075
14.462
17.302
5.143
26.813
7.127
25.547
1.686
6.997
32.351
5.620
67.626
12.536
1.763
8.245
2.093
1.919
1.847
12.595
5.536
14.396
5.873
3.356
10.392
33.793
4.209
11.167
28.298
79.531
9.816
16.969
21.938
10.650
13.947
18.256
14.464
10.510
2.032
16.304
3.763
10.818
10.870
4.628
16.215
5.521
11.834
20.225
10.502
16.847
1.081
1.073
8.058
4.305
10.983
6.575
0.000
1.662
1.473
5.483
9.658
12.535
5.208
9.486
4.343
1.658
7.265
9.610
9.459
7.948
4.264
6.767
7.711
15.618
2.527
0.038
0.700
4.422
2.582
11.240
4.037
5.385
2.808
5.322
6.382
3.974
7.989
8.787
3.924
8.374
7.296
5.874
6.429
3.432
3.243
11.021
1.799
8.532
2.477
-99.000
1.905
3.347
0.000
0.000
0.000
3.093
4.369
3.773
1.787
0.000
1.487
0.172
8.223
1.730
0.017
0.000
0.000
0.000
0.000
0.000
0.000
0.000
0.000
0.000
0.000
0.000
0.000
0.000
0.000
0.000
0.000
0.439
0.000
0.000
0.000
0.220
1.981
0.000
0.000
0.000
0.000
0.000
0.000
2.379
1.442
5.507
0.000
0.000
0.076
0.051
0.000
3.083
0.000
0.000
0.000
0.000
0.000
0.000
0.000
0.000
0.000
0.000
0.000
0.244
0.000
0.000
0.000
0.000
0.000
0.620
2.650
0.295
4.499
2.163
0.426
0.282
0.000
0.027
3.825
10.066
4.659
0.000
0.000
2.135
0.000
0.000
0.000
1.710
8.317
0.000
7.162
3.272
0.000
0.000
0.000
0.000
1.366
27.984
1.063
0.000
1.943
0.000
0.000
0.000
0.324
0.359
26.996
30.017
13.633
5.175
0.000
0.000
0.000
0.000
0.088
0.000
0.000
0.000
0.596
0.000
0.000
0.000
0.000
4.752
0.000
0.182
3.704
0.450
0.141
0.000
0.000
0.000
20.290
9.781
1.322
0.000
0.000
0.402
0.000
0.000
3.890
1.682
1.047
0.000
6.805
7.646
0.350
0.000
0.000
3.437
5.867
0.103
0.010
0.000
0.000
0.000
4.698
6.543
6.072
2.616
3.504
24.697
0.000
0.024
14.565
0.000
0.000
0.000
0.000
5.006
28.655
0.000
0.000
1.823
0.403
8.897
24.760
8.879
3.998
17.577
11.709
7.184
4.300
12.349
9.275
17.422
191.502
0.051
0.781
4.808
11.549
3.596
8.890
8.602
1.094
1.137
0.039
0.000
6.407
13.425
14.778
10.953
15.253
5.466
0.728
3.234
3.908
-99.000
-99.000
-99.000
-99.000
-99.000
-99.000
-99.000
-99.000
1.157
6.678
14.433
6.775
12.521
3.248
3.006
8.916
18.807
7.278
10.410
0.247
4.820
9.218
18.715
19.439
98.007
0.896
1.202
3.419
7.979
10.255
15.381
5.957
20.977
15.031
8.693
8.391
5.428
2.177
0.288
2.106
16.790
48.039
5.380
0.580
0.412
7.654
7.812
10.061
0.031
0.000
0.924
0.000
0.000
0.000
3.129
5.795
14.165
11.832
10.228
6.327
6.269
25.599
12.593
14.332
3.325
13.005
15.268
11.240
3.892
15.113
0.397
0.091
11.804
9.322
7.413
5.435
19.461
32.495
1.210
0.000
0.000
0.000
0.000
0.000
0.536
7.026
24.280
6.037
9.622
8.858
23.995
13.211
4.091
2.539
14.928
37.273
0.470
11.119
11.582
5.852
10.622
0.247
1.289
3.572
10.660
9.089
15.625
1.399
0.046
0.045
15.312
4.409
11.637
4.770
9.587
9.465
0.910
0.635
8.734
15.958
0.120
0.764
3.392
4.885
7.469
3.699
8.286
5.933
1.191
1.576
3.217
2.050
1.826
7.962
5.615
8.665
11.886
0.549
0.000
0.000
0.000
0.058
6.149
4.752
6.303
4.431
4.029
3.334
6.650
9.671
0.096
0.179
0.027
0.000
0.000
0.000
0.000
0.000
0.419
2.173
1.950
1.899
0.735
1.112
3.694
8.305
2.736
0.264
2.625
0.062
1.758
3.907
2.300
7.852
19.171
0.961
0.000
0.000
0.000
0.000
0.000
0.642
6.252
0.000
0.000
0.000
0.000
0.000
0.113
6.214
8.535
0.000
0.000
0.000
0.000
0.000
0.137
3.466
6.930
0.055
3.759
0.000
0.000
0.000
0.000
0.000
0.000
0.415
0.309
0.000
0.000
0.000
0.000
0.000
6.870
0.000
0.000
0.000
0.311
0.000
0.000
0.000
0.000
0.929
0.048
0.000
0.000
0.000
0.000
0.000
0.000
0.000
0.000
0.000
0.000
0.000
0.000
0.000
0.000
0.000
0.000
0.000
0.000
0.000
0.000
0.000
0.000
0.000
0.000
0.275
4.527
5.640
0.000
2.735
0.000
0.000
0.000
0.000
0.000
0.000
0.017
0.000
0.000
0.000
0.000
0.027
0.115
0.680
0.141
0.169
0.000
0.000
1.931
0.601
0.043
0.000
0.000
0.000
0.288
0.118
0.000
0.000
7.879
0.000
0.000
0.000
0.110
0.000
0.000
0.000
0.000
0.000
0.000
0.000
2.505
0.182
0.113
0.335
0.122
8.029
4.722
0.086
4.783
4.899
0.000
0.252
6.130
2.879
6.890
0.000
0.000
0.376
1.629
2.935
0.951
7.100
0.130
0.000
0.000
0.000
0.000
0.257
19.048
0.010
2.393
0.494
1.281
3.392
0.549
0.000
3.378
15.096
12.415
19.703
0.010
1.119
4.817
20.301
4.461
12.188
9.579
6.444
14.505
0.791
0.000
5.672
5.473
8.794
0.003
0.000
0.488
21.197
5.133
1.147
2.966
0.007
10.894
0.031
6.489
19.875
3.965
2.870
4.144
2.214
3.639
20.991
27.953
1.435
4.885
8.322
1.552
0.659
5.996
4.612
0.474
0.000
2.340
1.736
6.060
2.427
2.862
7.629
3.892
0.039
5.540
12.142
6.671
2.880
7.153
1.114
8.296
4.595
13.467
13.197
6.878
20.172
5.540
8.384
13.477
4.262
8.947
9.101
0.923
8.803
3.598
2.836
0.997
13.396
13.445
17.865
2.608
10.521
22.632
15.144
9.826
15.589
1.972
13.929
9.519
2.921
18.648
13.575
11.048
9.883
14.220
18.645
0.633
10.002
9.604
8.493
10.617
1.881
6.815
0.089
0.481
13.424
10.293
0.034
0.474
4.377
13.390
9.095
0.000
3.670
7.203
5.452
1.559
11.639
3.519
0.405
0.082
5.898
15.872
17.097
3.404
13.954
2.911
1.140
0.656
2.812
3.816
4.906
18.598
2.702
9.206
10.231
6.997
24.611
14.842
19.657
8.417
3.068
14.653
18.639
5.900
1.835
4.117
34.729
2.738
2.240
7.672
7.874
0.010
9.877
0.211
59.500
0.400
23.324
2.063
5.782
3.672
10.276
0.348
0.268
0.185
6.327
2.874
0.821
4.113
7.296
0.309
11.254
3.821
9.805
3.619
5.304
5.613
0.024
2.599
1.933
4.266
8.626
5.630
10.221
9.604
8.343
2.379
3.603
13.884
5.449
6.880
1.500
1.404
7.615
26.618
0.699
0.100
0.000
3.299
0.259
0.000
0.000
1.828
1.150
0.165
0.000
0.000
0.000
0.000
0.000
0.000
0.091
6.648
4.079
0.343
3.349
1.746
0.017
4.666
1.512
0.000
0.294
0.000
0.000
4.037
0.951
0.031
0.000
0.000
6.520
2.317
4.444
0.488
0.000
0.000
0.000
0.000
0.000
0.000
0.000
0.000
0.000
0.000
0.000
0.000
0.000
0.000
0.072
0.000
0.000
0.000
0.000
0.000
0.000
0.000
0.000
0.000
0.000
0.000
0.000
0.000
0.000
0.000
0.000
0.000
0.000
0.000
0.000
0.000
0.000
0.000
0.146
0.062
0.000
0.000
0.000
0.000
0.000
0.000
0.000
0.000
0.000
0.000
0.252
0.000
0.000
0.000
0.000
0.000
0.000
0.000
0.000
0.000
0.000
0.000
0.000
1.535
0.306
0.000
0.000
0.089
11.924
14.083
11.560
0.000
0.007
0.027
0.000
0.000
0.831
0.649
0.072
0.000
0.048
0.000
0.000
0.000
0.000
0.388
0.000
0.000
7.171
0.600
0.000
0.666
6.826
8.557
0.100
0.312
0.093
0.000
0.000
0.400
3.825
0.034
0.383
6.690
7.902
27.591
4.631
0.000
0.000
0.000
0.189
0.134
0.141
0.021
0.000
0.031
1.416
0.000
1.157
0.000
0.007
0.000
2.617
10.461
0.122
4.693
0.395
2.165
8.378
0.000
0.949
5.660
12.290
2.111
1.382
15.303
16.413
13.613
1.566
0.031
0.048
3.207
18.769
14.964
13.426
30.022
8.267
2.453
0.371
5.225
11.702
11.767
0.438
19.887
119.270
32.375
1.499
3.420
6.206
11.949
11.617
9.733
0.340
3.780
4.346
4.496
11.582
0.000
8.144
10.379
6.098
17.927
9.524
7.175
6.303
3.607
12.638
12.633
8.458
1.311
6.400
3.315
12.880
18.502
10.935
3.969
9.083
2.978
4.437
10.622
5.452
9.043
17.748
24.850
36.734
13.390
18.567
2.050
7.096
2.376
5.438
9.737
12.152
4.463
14.701
4.679
3.148
29.392
6.801
4.051
3.813
0.158
0.388
2.699
16.641
3.959
10.262
15.216
7.203
4.741
7.409
1.353
0.000
14.131
13.196
2.712
7.409
5.764
12.215
13.839
18.550
40.845
13.259
1.404
14.438
7.076
0.460
3.765
8.408
5.483
19.741
11.072
13.767
8.418
4.522
1.275
11.158
6.104
0.505
9.071
36.265
5.988
4.484
15.446
25.529
4.525
6.303
1.528
6.990
10.499
3.564
12.571
0.587
11.707
5.891
1.245
5.802
44.304
1.960
9.455
2.135
17.091
8.829
5.363
15.443
0.673
1.861
6.348
0.203
3.193
17.269
15.408
6.351
6.427
4.618
0.858
0.117
19.058
0.659
6.801
11.587
9.465
17.533
2.565
23.597
13.997
12.590
5.974
4.159
8.655
3.564
5.493
0.051
0.000
0.000
0.000
0.000
2.050
26.499
8.865
6.561
16.009
8.212
0.336
0.027
0.000
0.000
0.000
0.000
2.144
3.801
10.210
1.916
0.172
4.315
10.974
8.008
7.991
5.277
6.350
4.032
6.820
2.578
2.565
2.930
2.084
3.910
8.133
0.379
0.000
0.000
0.051
2.629
4.664
11.888
0.264
0.000
0.000
0.000
8.566
0.312
3.395
3.016
0.134
0.079
8.616
2.520
2.262
6.067
2.980
0.000
0.069
0.024
0.000
0.000
0.000
0.000
0.000
0.000
0.000
0.000
0.000
0.000
0.000
0.000
0.000
0.000
0.000
0.000
0.000
0.530
2.177
13.755
10.341
1.430
0.000
0.000
0.000
2.565
2.856
0.000
0.000
0.000
0.000
1.308
0.051
0.000
0.110
0.000
0.000
0.000
0.000
0.000
0.000
0.000
0.014
0.604
0.000
0.000
0.000
0.000
0.000
0.000
0.000
0.000
0.117
0.000
0.000
0.000
6.688
0.745
0.000
0.000
0.000
0.000
0.000
0.000
0.000
1.287
0.014
0.000
0.472
0.010
0.014
0.000
0.000
0.000
0.000
0.000
0.000
0.000
0.000
0.113
0.144
0.000
0.000
0.000
0.000
7.007
0.920
0.048
0.601
2.719
0.113
0.000
0.000
0.000
0.275
0.000
2.266
0.742
5.857
0.007
0.130
0.000
0.065
0.000
1.257
0.216
2.235
7.708
0.522
3.444
0.424
9.860
7.539
0.144
0.000
0.223
1.387
1.996
3.473
11.583
2.443
4.092
5.364
3.136
10.310
20.584
17.247
7.806
0.100
5.260
0.431
0.100
0.000
0.000
0.000
0.992
16.857
8.370
18.373
15.561
5.826
1.274
0.000
5.131
8.906
4.111
0.000
0.000
0.000
0.000
0.000
3.671
2.141
0.863
5.887
0.218
0.000
10.828
7.155
7.357
24.039
6.163
0.203
0.136
10.585
13.903
6.418
0.010
2.079
4.866
17.070
5.707
59.492
10.872
4.374
6.226
3.799
7.018
6.870
1.897
6.640
5.179
15.353
9.144
4.813
18.902
1.847
5.440
9.985
11.510
3.021
12.377
5.192
9.491
4.348
18.157
74.038
8.089
0.731
3.749
16.042
11.742
9.089
9.471
7.814
10.629
7.584
8.101
9.628
6.400
10.166
11.999
5.301
10.954
7.363
5.006
12.184
15.125
11.187
10.560
15.802
12.405
18.145
16.364
6.156
11.630
7.208
31.174
47.195
1.166
1.663
1.033
0.000
2.380
18.028
36.457
0.936
6.961
7.474
19.556
3.612
18.248
2.372
16.751
27.140
7.515
1.284
0.295
4.954
11.695
0.970
0.000
8.195
6.056
29.637
16.924
2.082
7.993
14.162
9.325
5.184
18.594
4.910
9.589
10.962
14.866
14.088
10.234
16.713
10.621
9.589
6.250
4.614
19.370
10.425
15.053
1.401
13.925
20.603
4.530
4.937
0.494
10.681
8.604
18.371
9.445
5.950
0.000
1.864
5.943
9.541
12.827
5.030
2.527
7.783
1.250
5.864
6.885
8.532
4.755
6.932
14.378
5.438
6.128
10.979
19.635
13.451
0.518
6.224
9.620
3.526
6.746
3.059
0.072
5.339
6.808
0.000
0.000
0.000
0.000
0.000
0.000
2.067
3.512
1.954
9.103
5.716
19.065
18.261
10.004
6.135
5.771
4.022
1.641
4.635
5.622
0.247
0.000
8.545
5.421
0.000
0.000
0.000
0.000
0.000
0.000
0.024
0.000
1.080
0.000
0.000
0.199
6.520
7.999
51.273
0.556
0.000
0.000
0.000
0.000
0.000
0.000
0.000
0.000
0.000
0.000
0.014
5.794
12.241
5.814
0.010
0.000
0.000
0.000
0.017
0.000
0.000
0.000
0.000
0.106
0.017
0.000
0.000
0.000
0.000
0.000
0.230
0.000
0.000
0.000
0.000
0.000
0.000
0.000
0.000
0.000
0.000
0.000
0.000
0.069
0.000
0.000
0.000
0.000
1.751
0.275
7.457
1.178
5.977
0.000
0.079
0.000
0.000
0.000
0.000
0.000
0.000
0.000
0.000
4.765
0.000
0.000
0.000
0.000
0.110
0.000
0.000
0.091
0.000
0.585
3.013
0.000
0.000
0.421
0.000
0.000
0.000
0.000
0.000
0.000
0.000
0.000
0.000
0.154
0.036
0.000
0.000
0.000
0.000
0.000
0.000
2.307
0.000
0.290
0.000
0.000
0.062
0.000
0.000
0.000
0.000
0.000
0.000
0.309
0.000
0.189
22.385
0.467
0.000
3.186
0.312
0.199
1.408
3.251
3.196
14.148
0.000
0.000
0.000
0.251
0.179
0.000
0.003
0.085
0.060
0.000
0.000
0.000
0.000
0.103
9.580
13.252
0.000
0.000
0.000
0.000
0.000
2.374
0.007
0.000
0.101
0.045
0.312
0.415
7.756
13.532
12.320
15.520
9.578
0.000
0.069
0.000
15.944
0.000
5.912
7.354
7.718
1.370
1.517
5.201
0.855
0.000
5.747
0.865
4.539
45.312
39.934
4.539
76.942
0.887
1.356
0.072
11.213
13.826
10.753
19.051
9.610
0.944
0.288
0.076
14.502
51.280
0.814
6.125
7.597
11.034
16.940
9.471
5.428
10.092
9.204
22.791
5.212
9.846
10.518
3.526
10.447
10.061
17.029
15.175
0.700
3.612
3.025
6.710
0.161
10.729
7.402
1.423
13.415
0.245
9.407
4.563
10.061
8.722
3.172
6.358
0.000
12.463
9.332
6.489
0.264
10.183
7.687
4.523
23.169
17.012
4.937
3.135
0.103
0.436
16.862
7.131
0.463
8.315
1.030
15.563
9.474
5.646
13.911
5.284
4.262
7.134
1.229
1.255
6.225
11.375
12.559
9.433
8.762
2.814
13.898
25.051
14.575
108.689
2.681
0.640
0.374
9.519
11.440
3.656
9.089
11.900
10.337
0.510
0.891
6.630
0.918
7.769
3.813
0.402
0.882
0.000
6.326
5.538
13.187
2.970
11.743
14.543
4.384
12.313
9.946
14.272
14.389
0.491
1.114
0.275
3.526
12.830
2.465
4.882
3.574
10.303
5.867
0.058
0.000
1.569
7.038
3.601
7.714
3.775
4.992
5.507
11.448
4.758
6.636
13.290
11.742
10.753
11.391
0.841
0.982
0.426
1.277
4.875
5.967
9.126
0.000
9.242
10.011
3.203
0.000
0.235
3.361
2.939
2.616
5.562
1.154
0.549
4.473
2.081
2.815
0.206
2.044
3.838
0.172
0.000
1.092
2.252
5.984
10.320
11.330
1.202
0.000
0.000
0.000
0.000
0.000
0.000
0.000
5.459
3.845
4.995
3.076
3.624
0.000
6.775
7.000
3.553
0.000
0.000
4.024
0.000
0.086
0.000
0.000
0.000
0.000
0.000
0.045
0.000
0.000
0.000
0.000
0.007
0.000
3.219
6.571
0.271
0.000
0.000
0.000
0.000
0.000
0.062
0.000
0.000
0.000
0.000
0.000
0.000
0.000
0.000
0.000
0.000
0.000
0.000
1.608
0.000
0.000
0.000
0.000
0.000
0.000
0.000
0.000
0.000
0.000
0.000
0.000
0.000
0.000
0.000
0.000
0.000
0.000
0.000
0.000
0.000
0.000
0.000
0.000
0.355
0.000
0.000
0.000
0.000
0.000
0.000
0.000
0.000
0.000
1.993
0.041
4.187
2.328
0.251
0.000
0.000
0.000
0.000
0.000
0.000
0.051
1.682
7.780
0.000
0.000
0.041
0.021
0.000
0.359
0.000
0.000
0.000
0.062
0.546
0.000
0.000
0.000
0.000
0.000
0.000
0.000
0.027
0.000
0.000
0.000
0.000
0.101
0.000
0.014
0.189
0.000
1.933
0.000
5.435
1.181
0.000
0.000
1.349
0.457
4.151
7.045
3.076
0.038
5.629
0.017
1.057
4.621
8.051
0.062
0.476
0.000
8.574
0.076
6.839
0.000
0.000
0.027
0.182
0.082
0.216
8.090
0.488
3.038
11.929
12.162
0.261
4.916
0.000
0.570
6.873
8.037
14.111
1.720
2.563
0.000
0.367
1.394
0.118
0.000
0.000
2.589
2.408
0.000
0.000
0.124
0.000
0.446
4.666
4.343
0.000
3.594
2.875
12.045
1.502
0.014
3.076
3.483
6.967
10.933
0.721
0.038
2.668
5.784
6.278
9.551
2.038
12.644
0.184
1.823
3.510
0.278
4.569
0.123
0.000
6.139
3.440
0.783
5.558
0.280
0.000
0.488
8.496
0.273
14.967
8.312
17.685
9.658
7.412
7.582
0.038
0.000
0.000
0.000
6.594
10.672
0.010
0.055
0.106
0.288
0.179
5.181
0.000
0.000
0.577
15.443
0.048
0.467
0.295
6.230
59.879
9.853
31.467
84.742
55.275
13.499
2.911
10.162
0.371
6.844
0.100
6.053
12.569
12.840
7.543
8.727
20.505
3.982
4.264
5.503
1.643
0.676
7.365
4.522
10.293
16.586
13.093
9.456
7.935
9.556
12.799
4.333
6.748
0.286
7.413
13.391
4.031
5.600
2.434
24.917
1.133
0.000
0.000
0.058
3.437
2.079
15.808
10.755
7.086
1.723
10.279
6.403
3.989
6.537
7.848
13.352
12.590
10.162
7.014
7.248
8.942
6.709
0.611
4.971
0.573
2.685
9.256
7.793
0.491
12.636
14.571
15.274
22.034
4.891
16.119
0.306
0.003
0.000
1.511
7.766
17.673
9.594
5.797
1.674
8.111
8.528
6.628
2.405
1.442
2.805
3.917
2.903
2.594
0.000
8.763
4.740
11.283
5.681
0.000
0.342
8.176
6.221
5.483
0.000
0.000
0.003
2.395
4.098
10.516
6.747
4.803
0.853
3.294
0.110
0.000
0.000
0.000
0.168
0.057
0.000
0.000
0.000
0.000
2.971
0.000
0.000
0.000
0.000
0.000
0.000
0.000
0.000
0.034
0.000
0.000
0.000
1.033
0.247
9.005
8.269
2.087
0.117
0.058
0.000
2.390
0.374
0.000
0.000
0.000
0.000
0.000
0.000
0.484
0.000
2.547
14.605
1.164
1.538
0.000
0.000
0.000
0.000
0.000
0.000
0.000
0.000
0.000
0.000
0.000
0.000
0.000
0.000
0.000
0.000
0.000
0.000
0.000
0.000
0.000
0.000
0.000
0.000
0.000
0.000
0.000
0.000
2.544
0.021
1.061
3.304
6.228
0.477
0.189
0.982
0.000
0.000
0.000
0.000
0.000
0.000
0.175
1.205
4.724
0.905
1.336
0.185
0.031
0.000
0.000
0.000
0.000
0.000
7.074
0.148
4.269
15.180
1.665
0.000
0.000
0.000
1.859
0.021
0.000
0.000
0.041
0.354
1.878
0.000
0.010
0.014
0.000
0.291
0.000
0.000
1.378
0.216
0.000
0.591
0.324
15.393
1.064
6.936
4.685
0.149
0.000
0.000
0.000
0.000
0.069
0.000
0.709
5.073
3.577
0.536
0.000
0.038
0.000
0.000
0.034
0.000
0.000
0.688
0.055
0.000
0.003
1.277
0.168
0.000
0.000
0.000
0.383
3.231
0.127
0.700
0.062
1.960
0.000
3.049
11.597
5.212
11.714
1.233
6.020
4.013
12.145
0.179
0.000
9.438
49.919
0.007
0.508
0.000
0.103
12.016
8.744
17.935
2.935
8.504
0.034
8.786
8.707
0.917
4.961
24.189
4.185
1.923
0.463
31.203
9.891
7.920
6.921
2.077
3.268
1.964
4.625
6.242
5.253
5.866
0.546
0.000
0.645
4.268
5.253
24.809
21.705
6.837
5.994
16.061
10.018
8.065
14.626
7.742
8.722
1.833
3.030
9.843
12.037
8.870
2.410
3.377
11.385
11.038
6.434
4.020
2.311
7.732
11.031
2.096
11.158
18.615
1.208
7.272
9.242
9.586
12.767
10.995
4.389
26.220
24.787
7.390
13.964
13.212
23.229
6.400
1.336
0.024
10.430
8.942
30.897
25.245
8.140
4.353
19.902
14.411
2.489
9.495
4.516
10.059
1.607
9.721
8.070
21.751
5.437
13.624
5.337
10.277
2.414
8.128
7.642
29.428
12.294
0.010
4.388
18.693
3.409
8.787
0.851
1.746
1.030
18.479
15.676
12.514
15.022
19.372
30.733
1.991
9.268
12.722
70.251
1.931
8.877
1.327
3.147
14.878
6.235
16.065
19.543
12.540
6.954
68.189
1.075
1.892
33.004
6.607
0.544
8.317
7.999
20.709
6.315
4.410
9.143
24.898
6.927
69.574
9.613
0.949
3.432
4.343
5.897
13.088
14.783
12.119
0.493
4.954
3.547
4.940
0.635
4.566
12.627
9.697
18.169
11.742
0.323
0.000
2.939
1.868
7.330
11.381
0.203
0.000
0.000
0.000
0.000
4.302
1.885
0.803
9.424
14.138
9.987
14.962
0.463
0.000
4.243
0.000
1.106
2.791
1.670
1.425
0.276
0.288
7.035
6.959
7.496
2.836
0.000
0.000
0.000
0.000
7.917
3.655
7.253
3.258
0.343
0.000
0.000
0.000
1.059
4.542
2.402
0.065
4.837
0.000
0.251
4.973
0.000
0.000
1.178
7.517
0.000
0.000
3.476
0.118
0.000
0.000
0.000
0.000
4.498
0.000
0.000
0.000
0.000
0.000
0.000
0.000
0.000
0.000
0.000
0.000
0.000
0.000
0.000
0.000
0.000
0.872
0.000
0.000
0.000
0.000
0.000
0.000
0.000
0.000
0.000
0.476
4.982
0.918
0.000
0.000
0.000
0.000
0.000
0.156
8.805
0.024
0.000
0.017
0.057
0.000
0.000
0.000
0.041
0.000
0.240
0.024
0.043
0.000
0.000
0.000
0.000
0.000
0.000
0.000
0.000
0.000
2.376
0.014
0.027
0.055
0.000
0.000
0.079
0.034
0.000
0.000
0.000
0.000
0.000
0.611
0.014
0.000
0.000
0.352
0.000
0.000
0.000
0.000
1.461
0.474
0.000
0.000
0.000
8.559
0.000
0.000
0.000
0.000
1.463
1.528
4.906
0.000
0.000
0.000
0.000
9.040
1.078
3.413
0.000
0.000
6.885
0.172
6.307
3.385
14.279
2.166
11.896
18.220
16.366
41.456
0.330
0.422
2.057
0.017
0.000
0.045
8.562
7.879
0.851
0.841
14.090
10.650
1.040
2.362
15.292
0.292
6.942
11.627
0.264
0.180
0.762
9.895
10.595
18.301
14.883
12.138
6.904
0.010
0.000
7.672
10.923
5.212
16.444
5.038
2.532
10.298
7.366
3.514
3.605
17.897
1.875
0.029
4.528
2.266
16.164
13.034
7.654
6.540
5.423
20.266
10.720
0.230
8.207
5.515
6.157
7.918
3.468
0.089
1.181
1.257
0.577
0.062
0.034
0.457
15.571
20.424
10.197
5.946
27.579
119.463
5.873
6.273
14.114
2.875
11.337
10.519
8.971
8.532
14.832
5.028
22.271
1.176
9.579
7.393
6.781
15.165
13.475
11.189
4.120
4.491
5.874
7.883
1.782
10.679
13.857
6.219
3.914
2.269
10.341
8.669
14.643
5.929
13.026
4.209
0.299
9.126
10.027
15.843
14.850
3.207
18.021
11.292
0.278
9.591
9.019
9.840
7.371
37.367
15.199
4.044
12.217
12.263
22.670
0.508
1.313
1.960
0.628
0.000
0.041
0.803
4.257
21.868
3.385
4.336
6.149
9.019
12.921
31.980
6.945
7.454
21.798
5.440
6.880
13.767
11.251
86.224
3.468
2.946
4.316
5.193
3.686
14.653
7.277
11.204
0.239
12.794
8.550
8.772
0.167
1.966
14.389
7.074
17.847
3.549
11.594
10.303
2.432
11.258
3.959
4.463
6.171
12.469
12.466
8.444
1.595
7.740
16.347
12.854
6.243
9.040
6.255
2.638
3.138
4.798
6.800
11.065
8.487
4.111
14.354
11.008
4.700
11.414
2.027
0.000
0.000
0.000
2.677
0.405
0.898
10.217
3.425
3.121
12.672
13.520
4.195
4.662
0.213
4.266
6.360
8.835
0.280
2.458
3.038
4.501
4.748
0.000
0.000
8.356
14.691
1.476
0.000
0.000
0.000
0.000
6.053
2.815
0.000
0.719
3.862
1.107
6.815
6.010
0.130
0.000
1.535
3.356
0.512
0.000
0.000
0.000
0.026
2.596
0.978
3.533
2.043
0.000
0.000
0.000
0.000
0.000
0.000
0.000
0.000
0.000
0.000
0.000
0.000
0.000
0.000
0.000
0.000
0.000
0.000
5.676
9.277
2.719
0.000
0.000
0.000
0.000
0.000
0.000
0.000
0.000
0.000
0.000
0.000
0.000
0.000
0.000
0.000
2.002
0.338
0.000
0.000
0.000
0.000
0.000
0.000
0.000
0.000
0.000
0.000
0.007
0.000
0.000
0.000
0.000
0.058
0.000
0.000
0.000
0.000
0.000
0.000
0.000
0.000
0.000
0.000
0.000
0.000
0.000
0.000
0.000
0.000
0.086
0.726
0.034
3.112
4.697
5.454
0.000
0.000
0.000
0.252
0.000
1.950
0.000
0.010
5.651
0.000
0.000
3.177
36.653
25.411
8.620
0.771
6.176
0.580
0.051
0.263
0.000
0.000
0.007
0.007
15.309
10.497
1.291
1.039
0.000
0.000
0.000
2.048
0.000
0.000
0.949
0.000
0.031
0.000
0.000
3.375
1.102
5.885
0.215
8.063
4.635
4.037
0.031
0.074
7.789
0.479
0.000
0.242
0.039
0.199
0.708
0.003
0.170
0.000
0.000
0.000
0.139
0.000
0.233
11.664
2.085
5.421
0.000
1.823
0.000
0.962
12.924
3.117
14.893
0.591
14.399
4.649
18.584
11.143
19.075
8.525
8.150
7.781
10.935
6.957
4.408
8.348
5.630
11.345
0.996
10.271
7.033
10.135
1.030
0.220
0.010
10.986
18.963
12.713
1.473
1.619
6.444
1.665
10.810
11.350
3.079
31.698
5.936
0.477
12.355
5.728
4.158
0.122
0.000
0.000
0.000
5.342
1.780
17.008
8.721
1.563
14.908
5.047
10.125
2.897
9.757
9.764
5.108
16.609
2.626
4.673
3.562
16.320
13.453
4.291
4.099
0.165
1.394
17.273
1.205
8.188
47.406
3.591
0.357
9.410
7.804
18.749
0.110
17.231
17.846
1.835
12.360
0.367
2.462
3.996
0.000
2.743
1.208
13.733
2.008
5.701
6.750
1.782
8.150
9.963
29.807
13.256
9.603
2.057
22.313
6.705
11.167
17.743
0.312
3.552
14.203
23.648
96.723
19.372
12.551
16.317
12.626
0.264
4.228
12.504
22.384
1.998
0.433
11.658
6.669
3.844
1.001
1.378
4.020
4.758
2.719
13.283
16.617
22.658
10.159
13.771
5.284
2.578
1.826
10.361
32.183
0.862
0.000
0.000
1.734
5.490
8.521
6.729
4.728
28.580
18.395
0.000
0.000
0.000
1.655
2.544
3.128
9.091
7.055
11.103
5.922
4.037
21.712
3.828
8.600
7.536
11.882
2.856
0.000
0.051
0.000
6.606
0.034
0.628
6.688
8.281
8.923
10.531
0.591
1.080
16.514
0.814
1.068
2.297
0.007
0.000
0.000
0.000
0.000
0.034
9.012
3.907
0.221
1.013
0.000
0.000
0.000
5.061
4.146
3.076
4.767
9.395
0.000
0.000
0.000
0.000
0.000
0.000
0.379
2.678
0.000
0.000
0.000
0.000
0.000
6.551
7.883
1.667
1.991
0.124
6.187
0.000
1.081
4.206
0.336
0.034
0.000
0.000
4.003
4.717
0.505
4.661
0.213
0.000
0.000
0.000
0.000
0.000
0.000
0.000
1.493
0.000
0.000
0.000
0.000
0.000
0.003
0.000
1.562
0.312
0.264
0.656
0.142
0.000
0.000
0.000
1.299
0.000
0.000
0.000
0.000
0.017
0.000
0.167
0.000
0.493
0.000
0.000
0.000
0.000
0.000
0.000
0.000
0.000
0.000
0.000
0.000
0.000
0.000
0.000
0.000
0.000
0.000
0.000
0.000
0.000
0.000
0.000
0.000
0.000
0.000
0.000
0.072
7.749
8.047
2.266
1.456
0.546
5.023
0.000
0.000
0.000
2.424
0.000
0.000
0.000
0.000
1.068
0.120
2.729
1.099
0.378
0.069
0.000
0.000
0.350
0.031
0.252
0.000
0.000
0.410
2.190
3.032
0.187
1.938
3.069
4.259
0.501
0.000
0.000
0.045
2.384
1.202
0.003
0.000
0.000
0.000
0.096
0.000
3.516
7.904
2.954
4.630
0.000
0.000
0.000
0.000
0.000
3.438
0.249
0.024
0.000
0.245
21.491
0.457
3.737
15.205
4.161
1.418
4.194
0.288
0.007
121.890
0.278
1.821
0.553
3.232
1.844
3.397
1.456
23.087
62.983
0.369
4.096
1.598
14.814
7.342
8.192
6.427
6.705
10.183
23.789
27.531
2.804
11.959
3.226
14.174
10.945
3.529
10.603
9.512
9.447
1.428
9.673
0.143
1.790
11.829
3.845
15.662
6.796
4.201
6.041
4.834
25.171
3.133
11.086
30.442
0.954
3.828
3.241
3.117
0.038
7.828
7.060
5.648
8.647
8.765
6.619
17.470
15.537
8.161
15.201
12.469
9.623
17.664
17.108
7.545
0.041
8.871
9.907
20.229
16.636
1.473
7.256
4.007
3.708
14.109
9.196
1.681
0.125
3.701
13.099
5.382
6.060
13.275
1.823
15.787
22.125
70.131
3.835
4.860
3.947
36.825
51.924
7.059
12.061
8.674
8.011
12.718
2.307
7.584
18.933
2.687
8.394
2.817
13.103
6.783
3.165
4.764
20.323
24.433
2.024
2.735
23.207
12.579
8.890
16.835
0.445
0.649
1.401
18.000
13.899
8.144
23.694
14.040
12.511
14.297
19.748
5.091
10.925
4.238
9.441
61.414
11.397
10.231
0.227
17.457
21.894
20.946
16.004
8.061
2.340
10.827
4.690
1.212
0.276
6.587
1.732
8.564
6.096
8.358
17.952
7.321
16.687
0.112
0.000
0.010
0.736
1.519
12.011
5.346
5.227
9.172
3.004
12.642
33.997
1.638
1.222
0.000
0.000
0.000
0.120
8.817
0.429
3.117
7.975
9.915
0.489
3.392
78.606
20.302
3.613
8.700
8.188
5.391
0.934
9.507
1.605
6.056
9.416
0.089
6.640
0.712
0.318
6.321
10.547
8.187
17.373
0.031
0.000
0.000
0.000
0.000
0.000
0.000
0.000
0.000
0.000
0.336
0.280
0.088
15.031
7.337
2.505
0.113
0.000
0.000
0.000
0.000
0.000
0.000
0.000
3.589
3.905
14.023
1.114
0.000
0.000
0.000
0.000
0.000
0.000
1.281
0.000
0.000
0.000
0.000
0.000
0.000
0.000
0.000
0.000
0.000
0.000
0.000
0.000
0.000
0.000
0.000
0.000
0.000
0.000
0.000
0.000
0.000
0.000
0.000
0.000
0.000
0.000
0.000
0.000
0.000
0.086
1.792
1.651
0.007
0.328
1.451
0.000
0.000
0.000
0.007
0.062
2.632
2.764
0.007
0.014
0.280
0.000
0.000
0.000
0.000
0.681
1.633
2.738
0.213
0.000
0.000
0.000
0.000
2.424
0.000
0.000
4.013
0.000
0.000
0.021
0.027
0.000
0.000
0.000
0.000
0.057
0.279
0.000
0.000
0.000
0.000
0.000
14.652
7.155
0.000
0.172
0.259
0.000
0.000
0.007
0.090
0.000
0.000
7.009
4.350
0.000
0.107
2.581
8.236
0.000
0.000
0.015
0.096
0.915
21.986
0.336
0.000
0.000
0.027
0.000
0.396
0.343
15.256
7.038
0.027
0.089
6.286
2.886
4.051
2.785
6.800
0.000
0.000
2.630
0.048
1.104
4.274
8.226
0.165
4.731
0.316
8.538
40.824
2.796
0.000
0.000
3.948
8.384
0.100
0.508
0.010
10.204
0.584
2.365
5.812
36.914
10.691
0.704
0.330
1.536
8.382
6.803
12.895
2.832
9.040
16.521
9.132
1.493
1.540
2.245
7.175
2.095
0.000
12.447
15.874
10.442
1.689
17.561
0.000
0.000
0.000
0.000
0.014
0.039
0.353
9.342
1.638
3.979
9.013
11.724
4.483
12.252
4.682
3.461
12.909
6.314
7.680
0.254
4.801
2.760
16.682
5.061
18.979
11.155
4.855
6.092
3.643
7.237
8.508
35.180
0.893
7.110
5.481
11.944
29.776
9.898
4.067
0.972
7.841
4.192
1.075
2.513
5.400
3.735
11.240
0.000
7.100
8.621
13.767
1.178
13.870
2.304
5.953
13.465
8.950
4.012
15.278
14.016
12.703
6.310
1.799
12.229
0.972
0.343
19.319
80.568
14.754
9.630
3.682
7.455
10.434
6.403
2.141
15.801
4.358
22.634
48.079
3.085
15.715
2.328
12.065
32.827
15.470
7.139
17.230
9.599
5.588
7.508
8.156
5.028
8.042
13.603
14.028
15.122
1.572
10.209
16.201
28.803
5.318
4.098
0.165
0.000
0.141
0.000
0.000
0.000
0.000
3.591
12.511
22.053
6.446
16.504
2.079
17.276
11.736
1.610
20.600
6.686
3.535
12.998
0.982
8.025
5.452
8.715
14.644
13.467
0.158
1.253
11.364
8.003
4.559
9.665
4.932
3.816
10.774
6.247
4.137
1.651
0.003
2.850
3.651
0.429
1.389
6.566
14.600
0.488
0.003
7.254
7.731
10.504
4.730
5.890
0.235
0.000
1.493
11.222
0.000
0.003
0.000
0.000
1.875
7.884
0.000
0.010
8.046
1.431
8.015
1.899
1.071
6.564
7.095
23.391
1.032
0.069
4.128
3.251
4.839
3.734
2.431
1.341
2.002
0.014
2.110
0.007
0.000
0.000
0.000
0.000
0.000
0.031
0.000
1.212
1.717
0.069
0.000
0.000
0.000
0.000
0.000
0.000
0.000
0.000
0.000
0.000
0.000
0.000
0.000
0.000
0.000
0.000
0.034
0.000
0.000
0.000
0.000
0.000
0.000
0.000
0.000
0.000
0.000
0.000
0.000
0.000
16.747
1.964
0.000
0.870
4.099
2.843
0.000
0.577
0.000
0.000
0.000
0.000
0.000
0.000
0.000
0.000
0.000
1.138
2.903
10.703
0.041
0.255
4.451
0.024
0.021
0.000
0.000
0.000
0.000
0.000
0.000
0.000
0.000
0.000
0.148
0.000
0.000
0.312
0.000
0.000
0.000
0.000
2.300
0.642
0.014
0.048
2.630
42.212
0.000
0.000
0.000
0.000
2.245
1.440
0.000
0.000
1.593
13.891
0.501
3.660
4.690
0.000
0.000
0.000
2.523
1.140
1.890
0.218
0.312
0.000
0.000
0.000
0.000
2.759
0.000
0.000
0.000
0.017
0.000
4.405
0.000
0.000
3.078
0.000
12.808
5.660
0.000
0.000
0.000
0.774
0.000
3.349
0.697
2.100
0.007
0.000
1.093
1.085
6.036
0.014
0.000
0.000
0.000
0.000
0.017
0.000
1.696
1.504
0.010
0.000
3.998
25.849
0.333
12.971
3.337
4.470
6.853
2.783
27.526
18.818
11.066
1.641
15.680
0.359
6.450
104.588
3.883
3.929
17.920
4.465
8.447
0.161
0.000
0.316
4.980
0.100
3.253
21.435
1.021
1.590
67.604
42.321
14.756
10.186
5.759
9.129
13.031
21.406
26.580
7.148
7.572
0.506
0.518
5.469
8.144
15.813
18.855
10.780
5.995
2.201
7.160
0.611
12.995
0.900
15.165
13.284
7.692
18.653
14.675
16.213
6.010
3.111
17.932
12.135
6.966
1.875
2.316
22.446
2.044
4.975
7.072
1.585
0.000
0.623
8.827
20.516
4.197
5.967
0.455
13.038
9.601
3.184
4.595
6.065
8.671
6.012
0.707
0.000
0.010
1.268
7.205
13.542
0.652
5.768
6.923
1.875
9.150
1.732
0.000
0.007
4.810
10.447
6.786
10.490
6.793
4.801
22.943
18.224
16.648
4.650
2.647
3.874
4.017
11.766
2.980
17.044
10.700
5.308
14.562
2.398
2.985
2.130
5.862
4.415
14.886
3.912
15.255
5.752
3.931
1.995
5.790
12.090
9.565
13.338
14.330
13.396
0.316
0.100
3.976
5.655
2.400
4.480
2.764
5.081
3.080
1.154
3.306
16.720
9.658
4.693
13.996
3.402
1.205
0.422
11.769
42.291
4.158
2.256
4.968
4.764
7.862
1.964
4.717
9.136
0.034
0.501
5.569
8.940
4.580
0.580
0.079
0.038
0.367
3.739
2.709
3.021
2.420
7.869
9.132
1.730
0.021
0.000
0.000
0.000
0.000
0.000
0.137
0.282
10.787
7.642
15.858
2.547
13.990
5.050
0.230
0.000
0.000
0.000
0.000
0.000
0.000
0.000
2.376
2.717
1.712
3.401
3.946
0.045
0.000
0.257
0.045
0.041
0.000
0.000
2.856
6.683
0.000
0.000
0.014
0.158
0.000
0.000
0.000
0.000
0.000
0.000
0.000
0.000
0.000
0.000
0.000
0.000
0.000
2.942
0.000
0.000
0.000
0.000
0.000
0.000
0.000
0.000
0.697
2.135
0.000
0.000
0.000
0.000
0.000
0.000
0.141
0.000
0.000
0.000
0.000
0.000
0.000
0.000
0.000
0.000
0.000
2.082
0.410
0.122
5.170
0.000
0.259
0.000
0.000
0.000
0.000
0.000
0.000
1.790
1.384
0.000
0.000
0.000
0.000
0.000
0.000
0.041
0.000
0.000
0.000
0.000
0.000
0.000
0.045
0.017
0.000
0.000
0.000
0.000
0.000
0.000
0.027
0.000
0.000
0.000
0.000
0.000
0.000
0.000
0.000
0.457
0.112
0.000
0.000
0.000
0.000
0.000
0.000
1.064
0.120
2.511
10.138
0.000
0.438
0.113
0.000
0.000
0.000
0.000
0.017
0.026
0.000
0.000
0.000
0.014
0.000
0.232
0.000
0.409
7.163
8.564
84.138
0.010
0.000
0.000
0.170
17.523
13.184
0.518
7.270
23.983
7.265
2.709
0.759
0.905
11.905
11.834
11.453
19.267
0.493
7.016
1.605
0.000
9.510
3.171
4.694
10.425
11.520
6.289
0.086
23.551
20.531
3.160
0.000
1.983
5.198
2.543
10.097
14.275
5.847
5.116
1.868
3.287
5.830
7.625
29.183
29.509
9.680
24.747
28.326
27.874
2.675
8.399
16.114
5.596
13.596
16.340
2.170
0.117
0.000
0.000
5.479
0.167
2.559
15.044
97.952
0.154
0.000
0.800
3.699
2.728
11.858
42.486
16.545
8.181
4.961
8.679
0.851
0.182
11.580
0.783
7.817
8.997
22.234
11.810
5.376
89.944
104.586
11.270
1.698
11.282
22.987
17.197
13.795
11.766
21.550
28.286
3.780
12.566
10.894
9.747
42.678
13.019
7.093
1.813
2.166
10.900
5.891
1.195
9.493
3.213
7.969
14.938
9.174
2.566
2.705
3.286
8.720
17.230
86.090
13.084
14.038
52.834
4.746
21.736
10.794
14.176
13.293
16.613
5.086
0.845
16.380
7.227
11.213
0.390
13.235
11.548
0.482
2.216
0.400
1.990
0.414
4.017
11.450
21.914
11.721
17.000
15.765
0.525
5.778
5.078
9.404
11.743
8.680
0.041
6.566
9.676
19.005
1.971
11.637
2.741
2.422
4.805
28.080
6.839
8.247
11.261
20.102
6.348
11.412
8.034
6.506
7.162
5.584
5.900
12.257
9.026
11.388
4.240
2.805
45.082
25.653
0.055
0.000
1.250
0.659
7.749
3.993
5.469
9.805
14.111
11.611
13.153
44.163
14.819
9.758
4.388
8.968
4.276
9.520
13.137
8.319
1.281
5.090
13.245
8.454
7.714
3.025
2.431
7.275
4.981
0.994
4.544
0.263
0.000
0.000
0.232
0.024
3.410
0.086
1.911
7.941
8.439
2.160
0.582
0.288
1.467
1.996
0.208
0.222
0.000
0.088
0.000
1.857
0.805
0.165
0.169
0.409
0.093
0.508
1.469
0.000
1.576
12.327
22.146
0.182
0.000
7.502
1.360
1.090
4.012
1.396
6.722
6.064
0.014
5.850
0.000
0.003
1.804
1.991
0.003
0.000
0.000
0.000
0.000
0.000
0.000
0.000
0.000
0.209
2.884
2.953
0.007
0.000
0.000
0.000
0.000
0.000
0.000
0.000
0.000
0.000
0.000
0.000
0.000
0.000
0.000
0.000
0.000
0.000
0.000
0.000
0.000
8.377
0.000
0.000
0.000
0.000
0.000
0.563
0.000
0.000
0.000
0.000
0.000
0.000
0.000
0.000
0.000
0.000
0.000
0.000
0.000
0.000
2.321
0.127
0.470
0.137
0.000
0.000
0.000
0.000
0.000
0.000
0.000
0.000
0.000
0.000
0.000
0.000
0.021
3.700
0.100
0.000
0.167
10.046
4.146
1.039
0.014
0.035
0.134
0.000
0.000
0.000
4.648
0.299
0.089
0.000
0.000
0.000
0.000
0.000
0.000
0.000
0.000
0.405
0.000
0.000
0.103
0.000
1.021
0.000
0.000
0.000
1.770
0.529
0.245
3.093
0.000
0.137
0.484
0.144
0.000
0.000
0.000
3.329
7.266
0.014
0.000
0.000
0.003
0.007
1.437
2.474
0.978
5.006
39.278
14.530
1.097
0.000
0.069
7.699
0.000
0.000
6.945
1.451
4.084
2.206
2.233
40.040
0.000
17.992
7.257
0.949
0.326
8.291
3.370
0.065
0.347
11.932
6.427
5.740
0.254
0.199
24.560
8.053
7.642
10.937
2.098
6.077
8.023
14.742
14.275
17.111
2.503
2.273
1.390
14.845
22.024
14.159
0.168
0.161
0.695
1.820
0.474
0.000
0.000
0.426
0.391
0.000
0.110
0.000
0.065
0.014
0.000
0.000
0.120
0.027
1.524
2.175
2.111
2.760
2.269
8.315
8.538
2.451
10.935
13.422
6.135
0.179
7.598
10.964
0.989
6.763
9.989
10.926
2.266
3.509
15.206
13.805
7.426
4.892
10.344
3.510
9.809
4.504
25.581
5.249
5.428
22.512
4.782
0.295
1.003
18.320
5.890
3.050
4.024
0.690
5.380
14.320
11.858
3.200
6.218
21.794
16.404
4.861
10.348
1.545
3.826
23.971
17.932
0.927
11.537
8.238
21.193
34.384
10.327
2.822
6.108
1.974
1.166
4.837
9.180
13.709
31.613
0.086
1.861
5.915
19.104
158.670
0.172
9.685
17.533
10.763
4.748
1.181
8.018
3.608
13.022
9.864
9.124
11.019
24.136
14.859
8.159
3.169
1.893
10.006
9.199
6.501
6.027
8.869
6.940
15.450
10.811
10.686
2.244
4.110
17.242
5.972
6.034
8.314
8.940
7.153
4.628
6.713
1.384
1.784
5.950
6.484
6.238
9.778
10.868
4.395
4.807
8.116
0.827
8.197
7.986
10.513
2.077
3.819
7.083
7.632
4.185
6.815
6.729
6.702
0.041
0.000
0.000
0.000
0.000
0.000
0.172
1.147
3.413
0.000
0.000
0.000
0.000
2.547
0.069
2.949
0.134
2.214
5.754
0.000
0.000
0.000
0.000
0.000
0.000
0.000
2.740
1.243
5.641
4.020
3.780
4.140
0.148
0.000
0.000
0.000
0.000
0.000
0.000
0.366
0.000
0.398
0.000
0.000
1.734
3.052
6.340
0.000
0.000
0.000
1.693
0.000
2.554
0.439
0.774
0.000
0.000
0.000
0.000
0.000
0.000
0.000
0.000
0.000
0.000
1.706
0.675
0.000
0.000
0.000
0.000
0.000
0.000
0.000
0.000
0.000
0.003
0.000
0.000
0.046
0.000
0.000
0.000
0.117
0.099
0.000
0.000
0.000
0.000
0.000
0.000
0.003
0.185
0.000
0.000
0.000
0.000
0.003
0.000
0.000
0.000
0.000
0.000
0.000
0.000
0.000
0.000
0.000
0.000
0.000
0.017
0.000
0.000
0.000
0.000
0.000
0.000
0.000
0.000
0.585
0.000
0.000
0.000
0.000
0.000
0.000
0.041
0.000
0.000
0.045
0.144
0.000
0.000
0.000
0.000
0.000
0.000
0.000
0.000
0.000
0.000
0.000
4.721
0.000
1.239
0.000
0.000
0.000
0.000
0.000
0.000
0.000
0.000
0.000
0.003
0.000
0.000
0.000
0.034
3.686
0.017
0.007
1.245
0.780
0.657
0.122
0.094
0.990
0.972
0.000
0.026
4.472
9.552
0.003
0.000
0.000
0.000
0.093
0.007
0.000
0.000
0.348
0.021
0.000
0.000
0.000
6.166
8.883
17.504
0.311
0.465
0.317
0.000
0.000
0.000
0.000
0.000
0.000
0.000
0.000
0.027
5.679
1.835
0.141
1.773
0.000
0.000
0.175
0.055
0.000
0.000
0.000
0.000
0.072
0.000
0.240
0.000
7.975
0.000
0.000
0.000
0.340
1.243
4.012
5.279
0.014
4.772
0.106
4.467
0.000
0.000
0.000
4.079
0.098
4.649
3.155
4.528
5.349
6.853
4.678
5.200
49.614
18.696
123.087
4.551
7.735
20.182
13.970
9.042
7.484
11.088
5.478
4.170
0.055
6.023
5.245
0.228
1.281
4.396
0.010
0.000
1.105
3.905
5.109
0.125
10.403
3.414
2.971
15.424
35.446
3.201
3.172
2.570
9.744
6.722
0.997
13.439
3.471
13.990
0.510
11.167
9.877
0.685
9.673
4.082
18.573
12.020
26.247
74.650
33.637
14.511
0.488
3.189
5.354
5.519
11.287
0.575
0.000
0.021
0.000
6.901
6.195
2.376
13.330
12.078
19.159
13.963
9.939
7.004
3.488
12.679
11.913
14.919
0.851
20.602
10.154
16.316
5.478
13.681
35.996
0.089
1.837
9.637
8.233
11.977
1.402
1.774
3.211
1.643
4.880
2.393
2.891
7.533
0.312
0.000
0.393
5.534
0.000
4.998
7.682
14.011
2.918
0.549
1.864
0.000
11.278
7.139
2.541
4.904
4.458
8.183
1.370
0.000
0.172
0.917
3.924
22.517
20.855
14.332
29.969
3.040
0.041
0.000
3.803
0.482
7.143
2.709
7.627
5.495
3.021
0.000
2.357
2.154
7.375
11.872
4.920
1.813
0.000
1.372
1.049
2.209
0.314
2.369
2.093
4.165
2.498
0.498
0.000
0.000
0.000
0.000
0.000
0.000
0.000
6.058
14.317
0.058
0.082
0.000
0.000
0.000
0.000
0.000
0.000
0.000
0.000
0.000
0.000
0.000
0.000
3.138
0.034
0.000
0.021
4.027
0.735
4.092
0.031
0.000
3.804
0.093
0.000
0.000
0.000
2.671
0.000
5.558
0.000
0.000
0.000
0.000
1.088
0.213
0.000
2.479
0.000
0.000
0.000
0.000
0.000
0.000
0.000
0.000
0.000
0.000
0.000
0.000
0.000
0.000
0.000
0.000
0.000
0.000
2.942
0.295
0.082
0.000
0.000
0.000
0.000
0.000
0.000
0.000
0.139
0.000
0.000
0.000
2.403
0.124
0.000
0.000
0.003
0.000
0.141
3.850
0.021
0.000
0.031
0.512
5.802
0.091
3.167
3.361
0.000
3.591
0.014
0.139
0.000
0.000
0.000
0.000
0.304
0.000
0.007
0.245
0.575
0.000
1.493
1.947
0.556
0.007
0.144
0.000
1.421
0.000
0.125
0.000
0.000
0.000
0.000
0.007
0.000
0.206
0.154
0.052
3.643
7.718
8.051
1.937
9.016
0.031
0.482
0.000
1.169
42.780
0.000
0.690
0.000
12.564
12.461
6.721
18.327
0.347
8.830
7.883
0.460
16.140
23.219
7.052
0.000
0.841
1.703
6.437
133.364
0.000
7.457
13.043
3.553
13.867
23.998
56.681
0.664
0.529
1.514
3.263
2.594
0.034
7.680
5.658
7.879
20.405
7.751
21.017
0.041
24.445
16.359
10.940
3.073
11.906
11.516
0.825
10.700
6.236
10.444
9.101
10.819
9.271
12.248
9.744
13.642
2.371
14.216
5.979
11.318
13.616
0.553
0.000
11.862
4.103
9.081
14.369
15.084
7.043
4.992
0.118
0.306
0.100
0.000
2.765
3.833
2.122
0.809
3.105
0.000
0.000
0.000
0.014
3.018
13.451
2.956
1.562
0.000
4.395
12.245
4.204
13.481
5.812
6.750
9.441
1.262
7.333
2.644
4.377
20.151
9.816
3.777
5.912
11.944
5.893
3.608
6.738
16.674
17.984
13.336
15.460
4.626
10.030
44.739
6.909
2.400
8.097
14.809
13.781
2.621
4.813
26.001
16.071
6.611
0.000
7.054
7.274
5.949
16.507
13.728
10.300
4.443
8.556
25.188
4.595
25.316
2.723
6.175
18.886
13.984
9.124
3.155
10.204
12.311
25.196
6.710
11.527
19.884
3.190
21.025
20.108
8.037
12.337
12.329
0.699
6.331
19.696
12.104
15.796
0.886
8.065
4.535
11.876
6.503
1.820
10.107
2.894
1.964
3.993
6.897
21.674
13.857
1.696
9.335
0.299
8.604
15.051
8.762
14.761
9.610
8.058
3.632
1.897
3.409
1.802
1.112
7.814
4.468
8.315
2.041
7.660
5.744
4.031
4.518
7.151
4.051
8.562
0.604
0.426
6.786
4.885
3.737
0.010
0.000
0.000
5.562
3.907
6.314
4.388
0.738
0.079
2.465
0.072
0.000
0.000
0.000
11.208
8.310
0.242
9.702
1.030
3.835
2.087
0.069
3.979
0.529
10.588
1.782
1.511
2.249
0.024
0.000
0.041
0.000
0.000
0.000
0.000
2.808
0.000
0.000
0.000
0.000
0.000
0.000
0.000
0.000
0.000
0.000
3.262
0.091
0.000
0.000
0.000
0.000
0.000
5.206
2.026
0.000
0.000
0.000
0.000
0.000
0.000
0.000
0.000
1.363
4.750
1.602
0.000
0.000
0.000
1.204
0.086
9.453
0.000
0.000
0.070
0.000
0.000
0.000
0.000
0.000
0.000
0.000
0.000
0.014
0.000
0.000
0.000
0.000
0.000
0.041
0.000
0.000
0.436
0.189
0.017
0.161
0.000
0.326
0.172
1.023
0.357
0.041
0.076
0.000
0.415
2.935
0.000
0.182
0.233
12.590
0.000
0.000
0.000
0.000
0.000
0.000
0.000
0.591
0.742
7.910
0.158
0.027
0.000
0.750
0.000
0.124
3.576
3.946
0.340
0.000
0.000
0.000
0.000
0.000
1.427
0.760
59.961
48.853
0.124
1.744
0.034
35.419
0.314
0.000
0.026
0.245
0.101
5.501
0.017
10.011
0.000
6.812
0.000
0.000
16.840
6.087
20.431
0.647
0.862
8.950
33.330
16.325
13.863
0.554
7.425
3.902
11.378
15.685
13.556
97.560
7.292
37.613
12.181
0.318
2.417
0.034
0.000
5.459
11.810
4.906
11.694
74.424
19.106
5.037
0.000
16.572
2.032
0.017
2.129
8.006
6.710
3.303
0.373
0.419
0.000
0.354
2.669
7.807
3.148
3.741
3.037
3.914
1.629
1.899
1.536
1.948
0.124
3.904
7.042
16.957
20.575
13.211
13.812
1.287
0.834
20.129
11.769
12.758
19.583
1.325
4.443
10.406
4.559
13.760
7.344
12.078
9.740
1.610
2.580
3.509
0.062
0.003
2.625
0.000
0.000
0.652
3.533
2.504
0.000
0.180
1.049
0.697
14.334
0.798
0.062
5.462
5.706
8.913
0.724
3.502
8.690
3.159
5.512
0.216
26.954
6.760
0.086
1.349
12.487
5.782
1.143
3.028
9.565
8.099
0.549
3.344
2.014
6.420
12.478
2.618
10.645
2.929
15.007
7.352
13.566
9.280
13.917
0.834
22.661
15.923
13.577
9.349
9.998
1.875
0.347
3.886
10.128
4.800
13.589
28.671
22.711
2.493
3.763
4.448
16.771
7.083
10.458
3.148
12.020
0.541
3.507
18.917
9.294
4.441
6.070
4.566
20.898
6.647
3.677
8.013
14.248
15.724
10.787
0.694
0.223
1.136
3.100
5.047
12.861
0.985
6.901
10.339
40.746
16.310
7.883
17.812
12.751
4.175
4.288
6.061
12.710
2.815
0.034
0.000
0.000
0.106
0.450
0.144
0.762
6.091
7.392
5.939
13.918
9.421
7.409
6.046
0.639
0.865
3.571
10.052
13.695
5.510
5.613
2.282
4.985
4.264
1.610
0.000
0.096
0.565
0.978
4.422
5.481
3.904
4.052
0.353
0.055
0.109
0.151
0.000
0.000
0.846
3.056
0.000
2.863
0.062
15.328
2.901
6.144
0.772
9.139
7.931
1.772
2.184
1.785
6.434
2.015
0.669
0.462
9.908
1.016
0.227
0.000
0.000
0.007
0.000
0.000
0.062
0.014
0.010
6.204
2.929
5.967
0.000
0.714
1.009
0.275
7.072
1.966
1.360
1.995
0.000
0.000
0.000
0.000
0.000
0.000
0.000
0.985
0.000
0.829
1.207
0.000
0.000
0.000
0.000
0.000
0.000
0.000
0.000
0.000
0.000
0.000
0.000
0.000
0.000
0.000
0.000
0.000
0.000
0.000
0.000
0.000
0.000
0.000
0.000
0.000
0.429
4.693
4.834
5.771
6.671
0.573
0.000
0.000
0.000
0.000
0.000
0.096
0.007
0.000
0.000
0.000
0.000
0.000
39.369
0.058
7.738
0.027
0.000
0.000
0.000
0.000
0.000
0.000
0.000
0.000
0.151
0.000
0.000
0.000
3.450
0.944
4.116
0.000
0.000
0.003
0.051
0.000
0.000
1.856
0.000
0.000
12.275
4.664
10.710
0.000
0.000
0.000
5.533
8.846
0.124
15.302
5.234
2.451
0.326
13.790
5.215
9.637
5.287
14.739
1.366
3.337
0.930
16.260
0.494
0.680
0.439
0.000
0.000
0.000
0.000
0.000
0.051
2.417
0.072
0.000
0.182
0.000
0.000
0.494
65.382
0.694
10.011
22.285
14.208
48.053
3.498
0.537
4.424
87.055
1.229
3.365
0.000
17.488
9.382
10.071
11.574
10.905
3.572
3.071
0.096
0.137
18.981
13.675
4.674
1.579
12.260
6.723
0.779
7.483
0.651
0.204
1.777
4.622
11.481
1.991
1.847
8.219
9.196
0.821
1.948
4.697
10.585
1.914
9.222
16.538
9.152
2.427
7.856
14.996
20.970
13.726
64.473
0.791
3.624
0.568
0.000
4.401
10.815
1.681
0.393
0.158
8.274
4.860
6.702
5.900
15.793
4.047
4.374
3.821
2.733
13.781
7.871
10.360
11.487
0.687
2.987
25.181
2.118
9.223
18.254
0.494
4.571
6.939
8.077
3.651
3.385
14.143
3.538
1.457
0.484
6.575
0.302
0.221
9.311
4.412
0.172
1.380
0.330
9.695
1.054
2.300
5.220
27.250
3.950
2.553
2.074
0.110
12.978
6.132
11.240
17.860
10.794
16.315
3.524
18.103
3.303
0.065
0.000
0.000
0.000
11.203
1.009
4.583
9.218
9.489
15.115
0.350
7.330
27.423
24.966
0.863
1.263
0.014
9.184
2.422
5.738
14.143
18.158
7.831
8.796
41.683
2.968
1.094
8.407
5.957
10.535
14.111
12.006
3.652
13.354
23.439
4.128
1.669
12.918
11.537
10.550
17.431
15.206
19.408
26.226
0.385
9.606
0.058
9.479
14.504
9.696
3.080
11.655
9.473
4.082
3.262
5.237
4.225
3.676
14.037
5.149
14.162
4.806
15.163
19.157
5.363
10.260
6.097
1.861
5.064
12.123
0.613
3.200
11.618
2.149
0.426
0.357
0.007
0.577
0.000
0.000
0.000
1.366
7.381
1.377
0.000
0.079
4.079
3.124
0.003
2.287
2.520
5.902
8.690
5.212
11.797
0.261
0.000
0.000
0.137
3.244
3.608
3.322
0.000
0.000
0.000
8.508
1.648
1.497
5.655
2.479
0.275
5.074
0.292
0.000
0.000
0.000
0.000
0.000
5.735
2.086
0.000
12.432
0.000
0.321
3.825
0.000
0.000
0.000
2.510
0.024
3.574
1.619
0.149
0.156
0.211
0.082
0.000
0.000
0.000
0.220
8.458
0.194
0.000
0.000
9.390
6.758
2.848
0.153
0.000
0.000
0.000
0.735
5.148
2.309
0.920
0.000
0.000
0.000
0.000
0.000
0.000
0.000
0.000
0.000
0.000
0.000
1.281
3.682
0.000
0.000
0.000
0.000
0.089
0.000
0.003
0.000
2.544
0.324
1.356
4.705
0.000
0.869
10.106
16.732
0.106
0.000
6.672
0.014
0.556
14.196
1.282
0.000
0.726
0.000
8.092
0.000
1.368
0.723
0.000
0.388
0.421
0.062
0.003
0.165
0.000
0.000
0.000
0.477
0.161
0.017
0.000
0.989
0.000
0.000
0.000
10.648
0.000
5.145
0.158
2.589
0.000
12.547
0.750
11.706
6.339
3.474
24.503
2.254
8.193
0.108
3.111
6.654
19.159
13.881
0.022
7.082
0.700
0.000
0.007
0.000
0.391
62.371
8.717
0.120
0.491
0.051
0.000
0.000
0.779
12.536
2.357
0.218
2.541
3.589
21.662
17.834
2.884
15.263
17.848
58.039
0.263
0.000
0.000
1.306
13.511
6.701
14.598
14.329
8.739
8.330
11.967
2.554
5.164
5.330
4.017
0.106
8.861
13.417
10.669
1.797
2.096
0.000
4.676
8.027
11.291
12.956
14.658
16.402
0.433
0.863
3.813
16.550
7.622
16.279
4.479
12.415
8.693
4.221
11.621
0.633
8.842
19.887
19.599
7.852
11.397
13.209
5.069
60.157
90.194
17.909
5.225
3.313
8.212
6.483
8.798
4.439
7.100
2.245
6.108
12.267
7.752
2.846
0.034
4.518
5.915
7.805
4.786
0.261
0.000
8.453
17.122
1.298
0.649
6.547
11.975
60.909
5.514
0.306
4.813
3.438
3.361
22.924
20.455
4.645
14.009
15.570
51.323
0.031
0.024
2.650
6.152
11.565
8.334
21.434
4.899
7.241
31.534
10.015
14.021
15.626
2.946
14.962
4.705
3.931
17.255
6.753
3.399
0.807
10.679
1.016
1.607
0.395
2.640
8.034
2.977
30.480
3.213
17.080
16.016
5.569
6.130
10.313
7.378
7.100
3.866
0.491
4.391
19.188
11.700
6.067
0.463
4.815
4.779
11.385
0.549
52.844
1.133
3.474
4.034
4.679
2.911
5.486
9.556
15.141
0.142
4.120
8.465
16.140
2.978
8.092
16.110
2.115
6.515
3.847
4.025
1.004
1.720
1.327
2.188
9.549
6.631
13.269
9.496
9.241
8.538
5.919
7.361
15.003
21.116
9.980
0.191
0.000
0.084
0.103
0.000
0.000
0.000
1.397
12.094
15.855
1.645
5.988
0.942
2.277
1.597
1.720
0.568
0.000
3.330
0.000
5.546
0.000
2.769
4.615
5.615
8.315
1.735
0.000
4.025
11.420
2.650
2.490
0.288
3.545
0.542
2.432
0.096
3.596
5.800
0.000
0.000
0.000
0.000
3.359
1.305
1.282
0.000
0.314
3.953
0.118
0.000
0.000
1.313
0.024
0.000
0.000
0.000
0.046
0.000
0.000
0.000
0.000
2.979
4.468
0.000
0.000
0.093
0.017
0.000
0.000
0.369
0.000
0.000
0.000
0.000
0.000
0.000
0.000
0.000
0.000
0.000
5.043
0.046
0.400
0.000
0.000
0.000
0.000
0.000
0.000
0.000
0.000
0.000
0.000
0.000
0.000
0.000
0.000
0.000
0.000
0.000
0.000
0.000
0.000
0.000
0.000
0.000
0.000
0.000
0.000
0.000
0.000
0.000
3.722
6.760
0.450
0.045
0.000
0.000
0.000
0.446
0.000
0.000
0.000
0.000
0.000
0.000
0.000
0.812
0.000
0.000
0.000
0.000
0.057
0.051
0.750
0.022
0.027
1.875
0.833
0.000
0.112
0.499
0.046
0.000
0.000
0.000
0.000
0.000
0.000
0.000
0.000
0.034
0.027
0.000
0.000
0.048
0.117
0.439
0.000
0.000
0.000
0.604
2.716
0.659
0.412
0.336
0.000
0.000
0.041
0.000
3.052
4.334
5.747
2.760
6.791
0.000
0.000
1.215
0.244
5.133
8.425
4.508
13.716
0.700
0.000
6.054
19.202
0.560
1.088
7.356
26.535
0.525
4.038
20.756
30.139
1.854
6.772
0.177
14.814
10.227
17.394
0.387
10.130
9.599
19.108
18.090
5.067
13.504
7.993
0.577
0.340
7.579
15.353
1.672
0.000
0.000
0.000
8.617
33.498
8.532
7.134
26.350
3.481
4.168
10.197
24.803
6.952
1.607
2.197
7.423
5.795
1.064
10.104
20.088
3.162
13.348
30.063
56.621
8.331
1.291
13.527
151.635
119.651
5.723
0.034
0.031
2.853
1.136
0.034
0.000
0.000
12.775
16.843
19.700
1.020
4.261
0.000
3.476
8.343
10.245
25.423
15.666
19.147
2.184
29.333
51.035
3.667
0.649
31.716
127.256
2.575
9.919
5.651
38.456
17.956
11.930
12.173
41.027
13.263
6.775
18.469
21.471
8.648
6.304
6.427
1.166
3.537
5.008
14.752
23.171
2.687
8.092
7.945
16.105
3.173
1.290
10.486
22.999
21.029
6.237
1.588
1.149
4.763
6.936
13.276
17.433
28.629
17.063
18.833
5.991
55.254
5.891
10.696
12.082
6.674
2.731
6.928
24.417
1.504
7.175
2.379
18.727
23.300
18.141
7.800
9.438
7.076
26.305
17.430
20.991
0.501
8.250
12.854
17.630
7.000
10.205
9.754
1.004
4.446
6.528
10.281
14.742
5.804
6.264
10.379
9.876
8.605
1.193
6.523
5.481
10.705
9.544
10.537
90.891
12.708
0.072
0.048
0.000
3.143
3.469
3.995
2.434
6.957
3.347
0.532
4.582
9.114
0.831
0.130
0.067
0.000
0.000
0.000
0.997
5.150
0.000
0.000
0.000
0.000
0.000
0.000
0.000
0.000
0.000
0.000
1.593
0.041
6.469
6.940
0.055
0.514
0.031
0.000
0.000
0.676
0.000
1.239
0.599
4.949
4.906
0.120
1.174
0.000
4.075
6.511
7.546
0.000
0.000
0.021
2.036
9.043
0.146
0.402
0.000
0.000
0.000
0.000
0.007
0.000
3.421
0.021
0.148
0.014
0.000
0.100
0.000
0.000
0.065
0.288
0.000
0.000
0.000
0.000
0.000
0.000
0.000
0.000
0.000
0.000
0.000
0.000
0.110
8.375
0.003
0.000
0.000
0.000
0.000
0.000
0.027
3.526
0.000
0.000
1.416
0.000
0.000
0.003
0.263
3.631
0.048
0.000
0.000
0.000
0.000
0.000
0.000
0.000
0.000
0.000
0.000
0.000
3.639
0.000
0.074
0.010
0.596
0.000
0.000
0.000
0.000
0.000
0.000
0.000
0.000
0.000
0.000
0.812
1.051
0.000
0.003
5.994
0.000
1.105
0.000
0.507
0.321
0.000
0.000
0.000
0.072
5.472
2.654
0.681
0.000
0.027
0.000
0.230
0.179
0.240
9.192
0.000
0.000
0.172
2.379
5.637
0.992
0.000
0.000
0.055
1.950
0.014
12.097
5.653
8.691
7.102
1.738
0.146
0.098
2.405
16.104
0.058
8.214
16.064
9.024
16.960
8.384
18.285
8.192
7.078
1.080
10.974
13.696
0.501
0.625
0.027
0.003
0.000
0.000
0.000
8.597
30.485
1.648
0.031
14.256
6.412
12.770
0.599
9.587
30.813
37.620
2.239
10.562
23.993
0.910
0.000
0.000
0.000
0.000
19.779
9.531
6.360
25.275
0.194
0.254
9.364
13.417
11.042
20.562
17.355
11.439
4.740
12.584
23.356
16.795
9.984
16.586
2.199
85.690
3.847
10.643
13.015
18.752
10.193
14.248
8.600
11.659
4.958
7.826
15.762
5.634
15.762
30.523
108.562
4.463
3.454
2.163
0.120
5.016
9.881
1.548
15.420
7.347
1.020
4.276
10.223
11.862
2.202
2.190
2.305
2.481
1.358
2.573
1.190
14.569
10.193
13.462
13.063
6.254
17.395
16.052
9.792
11.043
11.029
7.896
2.695
53.729
8.312
6.559
0.694
2.262
0.000
5.501
0.000
0.000
6.764
0.255
3.131
5.797
0.807
0.688
0.000
3.253
2.886
2.632
15.644
13.189
2.680
12.080
0.003
0.961
1.639
0.233
10.288
4.994
8.899
6.774
16.455
25.554
27.013
12.909
3.093
3.699
19.381
9.783
17.268
20.254
15.825
11.623
6.786
10.979
11.985
3.706
15.621
26.997
13.505
0.754
1.296
5.474
24.699
12.675
23.121
0.115
4.007
10.791
19.204
7.759
10.308
1.899
43.291
124.334
10.034
11.740
20.738
93.964
12.280
4.108
5.699
9.295
6.476
5.581
13.454
10.935
3.831
7.129
0.711
0.326
0.251
7.611
6.622
4.918
6.361
0.525
7.053
9.501
10.819
9.763
10.076
4.705
14.516
2.844
0.534
0.000
0.133
8.089
0.635
20.617
5.225
3.502
0.010
3.356
3.880
5.246
0.378
0.000
0.000
0.000
1.806
0.264
6.609
8.854
0.364
13.513
2.575
2.091
0.683
1.315
5.538
0.000
0.000
0.000
0.000
0.000
0.316
0.000
0.000
0.000
5.347
2.172
0.000
0.000
0.148
0.172
0.000
0.000
0.000
0.000
0.718
0.302
0.275
0.000
0.000
2.832
0.048
0.000
3.940
0.000
0.227
0.046
0.000
0.000
0.000
0.000
0.000
0.000
0.000
0.000
0.000
0.000
0.000
3.846
0.000
0.017
1.809
2.786
2.930
1.660
1.828
0.000
0.537
9.011
5.806
0.000
10.808
0.000
1.941
0.000
0.000
5.651
0.007
1.933
0.000
0.000
0.000
0.000
0.000
0.000
0.034
0.000
0.000
0.000
0.000
0.527
0.000
0.000
0.000
5.455
0.000
0.000
0.000
0.000
0.000
0.000
0.000
0.000
0.000
0.000
0.000
0.000
0.000
0.000
0.000
12.104
1.097
4.183
1.157
0.000
0.000
0.694
0.134
0.551
0.288
0.956
0.992
2.012
0.978
16.534
0.000
0.227
0.000
0.072
0.000
1.040
1.557
0.000
1.135
4.808
33.972
0.000
0.000
0.057
0.347
0.000
0.000
0.000
0.817
0.139
0.566
0.000
0.000
0.000
1.875
25.375
16.260
18.254
4.707
1.785
6.393
0.261
21.856
15.460
22.742
12.009
10.214
6.894
13.403
8.985
9.452
0.017
7.752
6.654
1.226
9.230
5.091
11.991
7.433
19.405
0.000
0.000
1.474
14.773
36.342
1.459
4.393
13.881
12.756
11.005
4.037
1.196
19.279
8.662
8.937
8.878
8.849
47.942
0.506
0.791
19.641
8.154
3.145
3.415
7.280
1.475
7.956
3.682
1.850
17.405
3.074
12.382
17.446
32.992
17.512
7.222
11.206
0.213
0.000
0.546
24.081
32.186
0.338
6.187
15.415
18.883
22.105
44.443
16.183
3.298
15.647
6.396
11.778
6.097
4.266
4.393
8.669
2.197
14.159
0.809
10.365
7.914
8.116
28.413
1.308
1.174
1.111
2.448
3.339
6.983
8.171
8.113
17.887
13.475
36.114
101.500
13.376
4.666
9.457
15.432
13.565
4.995
11.258
5.902
1.349
1.188
5.885
8.892
0.508
13.211
9.883
18.903
18.244
6.847
4.003
11.700
0.643
3.004
8.966
27.509
13.819
17.206
18.674
13.936
76.612
1.335
9.837
3.438
7.610
12.479
15.094
108.255
6.333
39.971
12.024
12.756
5.945
1.342
2.434
10.778
12.136
21.531
1.434
5.558
3.904
12.013
14.744
14.401
8.183
10.993
26.860
10.144
21.420
33.158
20.759
3.165
4.999
6.864
7.381
13.358
12.006
12.004
8.514
6.475
11.704
9.774
25.065
24.584
11.556
1.296
7.746
13.908
2.338
22.618
93.937
6.674
4.180
0.276
1.608
6.672
7.404
1.397
8.046
2.390
5.196
12.624
8.005
9.396
10.707
0.421
0.841
5.694
2.827
11.891
12.169
7.004
5.260
13.278
13.490
13.182
10.520
1.183
1.109
3.928
0.381
0.120
0.000
0.007
0.000
0.000
1.801
18.620
6.185
26.765
8.163
0.594
0.371
0.031
0.374
2.208
5.229
1.734
11.906
6.310
3.222
2.455
3.468
2.685
2.616
8.078
8.635
19.674
50.956
1.861
0.000
0.000
0.000
0.000
0.000
0.625
0.168
3.794
0.282
3.763
5.291
5.177
5.119
1.710
6.307
7.347
0.089
0.000
0.000
0.000
1.195
4.860
0.505
0.165
0.000
0.000
0.000
0.000
0.000
0.000
0.000
0.000
0.000
0.000
0.000
0.000
3.037
0.000
0.000
5.392
0.558
0.000
0.055
0.000
0.003
0.000
0.003
0.000
0.000
0.000
0.000
8.853
3.941
0.458
0.000
0.000
0.021
0.000
0.000
4.456
0.072
0.000
0.109
0.954
0.212
5.074
0.000
3.445
0.118
6.940
0.000
0.140
0.007
2.407
0.000
0.997
0.000
0.000
0.000
0.000
0.201
10.822
0.191
0.000
0.000
0.000
0.000
0.000
0.000
0.000
0.000
0.000
0.000
0.000
0.154
0.851
1.710
7.907
8.010
0.106
0.000
0.000
0.000
0.000
0.000
0.807
1.356
0.048
0.179
1.881
0.000
2.654
24.596
1.826
0.000
0.000
0.000
18.921
0.381
0.024
0.587
7.814
0.007
0.000
0.000
0.089
8.082
62.619
3.181
0.000
0.000
1.336
0.000
1.033
11.889
0.041
21.950
2.999
6.461
21.221
8.764
16.958
6.636
8.161
4.585
7.036
0.992
12.144
58.056
6.224
0.244
3.825
0.338
6.640
8.123
18.500
9.410
0.000
0.532
0.649
0.113
0.115
0.817
1.221
8.890
28.506
17.283
5.287
4.336
12.215
0.747
0.168
2.455
0.034
26.521
13.812
11.963
15.793
10.085
17.540
24.957
10.234
18.541
3.648
11.776
24.776
3.025
0.625
9.459
6.252
11.709
26.443
12.950
16.916
27.758
19.714
23.399
19.226
3.735
0.930
13.657
10.403
17.080
1.488
18.440
20.081
18.093
1.535
4.597
7.654
4.340
9.857
15.323
74.827
101.572
8.051
19.130
13.309
19.532
1.572
12.112
84.387
12.916
21.638
58.236
11.836
5.066
9.054
6.777
10.147
7.332
14.948
15.999
5.351
0.783
6.636
1.425
3.610
9.901
8.494
55.033
20.217
4.295
21.416
7.607
24.379
3.601
11.929
10.200
14.476
11.242
18.799
3.397
15.244
31.981
14.792
15.106
4.582
1.806
12.947
7.409
14.911
17.197
1.208
10.394
6.952
10.545
15.199
9.362
14.986
9.098
12.214
5.071
27.916
16.869
2.949
13.280
2.884
9.647
13.156
6.101
5.833
13.692
14.797
23.548
31.153
5.823
7.289
45.452
7.593
21.451
15.003
28.616
20.974
21.406
3.785
0.731
11.803
10.681
18.244
9.632
20.555
6.755
0.427
5.260
6.928
4.250
4.477
7.495
2.247
13.036
35.750
10.204
7.268
7.460
4.295
7.067
14.148
5.318
2.448
9.606
2.376
11.302
13.929
16.037
12.775
0.827
4.590
6.691
10.952
5.799
6.516
1.620
4.063
13.438
8.212
6.388
6.856
9.850
17.528
13.441
8.933
1.040
2.304
6.077
6.042
5.503
0.010
15.343
18.443
1.339
1.195
5.332
10.114
0.027
9.819
10.746
12.627
2.177
11.045
4.791
3.318
8.363
6.839
1.408
7.539
3.134
1.385
0.000
0.000
0.203
0.000
0.017
5.279
3.418
6.738
1.499
0.000
0.000
0.000
0.961
1.550
0.324
0.199
12.197
0.048
2.283
5.289
8.807
15.824
0.294
3.950
0.034
0.000
2.269
2.501
2.044
5.565
6.730
0.186
2.403
2.209
2.132
0.230
0.000
0.270
3.385
7.301
0.014
0.017
0.000
0.000
0.000
0.000
0.000
0.000
4.679
2.977
8.998
1.996
0.000
1.442
0.000
2.061
0.000
0.000
0.029
0.972
10.150
0.484
0.000
0.000
0.000
0.003
9.146
9.901
0.000
0.000
0.000
0.000
0.000
0.000
0.021
7.383
0.045
0.556
2.504
0.856
0.000
0.014
6.472
10.073
4.097
1.579
0.000
0.007
0.014
0.000
0.000
7.965
3.323
4.546
0.000
0.000
0.000
0.000
0.863
0.000
0.000
0.000
0.000
0.000
2.287
6.647
2.341
1.414
5.418
3.828
5.812
7.754
12.090
0.031
0.027
0.000
14.402
15.322
1.037
0.000
0.034
6.115
3.783
4.927
2.889
3.419
12.112
5.018
0.261
0.000
4.086
0.470
23.960
40.807
13.256
26.158
60.943
1.651
0.299
14.038
6.192
12.845
10.574
5.064
5.514
5.730
8.518
1.428
0.079
2.486
7.714
2.283
11.985
6.443
29.303
8.411
5.107
1.505
8.837
2.424
4.504
12.294
4.728
0.000
4.741
5.460
8.669
7.860
4.837
5.050
10.928
20.373
23.004
19.547
8.250
9.805
20.771
38.262
52.305
4.556
24.292
15.460
6.484
10.313
5.222
5.919
4.539
5.775
0.797
11.587
7.690
2.798
6.533
11.530
8.466
4.377
6.022
26.089
15.892
1.493
7.732
10.789
14.698
13.843
67.041
11.982
9.290
18.206
2.987
0.982
0.721
0.000
0.395
0.927
18.236
9.972
6.818
0.100
13.069
12.088
6.877
20.332
8.142
5.191
12.960
0.534
40.715
3.383
10.186
6.022
9.962
6.674
6.600
3.303
6.496
6.465
15.501
3.021
15.609
24.544
1.996
14.334
8.207
11.489
41.763
9.461
12.599
5.828
7.939
10.572
26.293
22.004
10.655
5.964
11.543
16.203
14.375
71.251
2.925
16.255
6.418
8.449
32.767
54.183
12.948
19.705
8.727
7.972
124.006
72.635
118.065
7.486
11.690
21.863
17.297
19.810
8.607
10.380
14.907
10.373
29.708
16.687
14.773
13.036
8.195
13.201
16.390
6.873
17.321
11.505
17.661
5.260
3.589
28.484
14.828
4.425
10.262
15.422
13.067
27.085
12.061
8.219
0.373
17.535
18.591
13.144
0.757
0.000
0.000
0.000
0.000
0.000
0.000
5.977
5.376
7.696
9.562
12.421
13.898
11.636
6.157
13.647
7.445
0.105
0.259
15.649
5.146
13.285
8.393
15.570
19.623
3.821
0.017
4.776
14.711
3.759
0.244
2.906
6.492
16.500
0.000
0.000
0.000
0.000
0.000
0.000
0.000
0.216
9.366
11.797
2.314
2.204
0.000
1.184
1.868
5.165
25.845
11.460
1.133
0.086
4.417
3.481
0.024
1.868
0.093
5.260
12.584
0.718
0.000
0.076
0.000
0.000
0.000
0.000
0.000
0.000
0.038
0.412
0.199
3.116
0.208
1.899
1.006
2.273
0.000
0.000
6.592
0.000
0.000
0.000
0.000
0.000
0.000
0.000
0.000
0.000
0.000
4.362
0.034
3.924
1.614
0.254
3.619
0.045
0.403
21.171
0.386
0.163
0.142
0.402
0.000
0.000
0.000
0.000
0.000
0.000
2.213
4.144
0.000
0.000
0.000
0.000
0.000
0.000
0.000
0.110
0.000
0.000
0.000
0.000
0.000
0.000
0.000
0.000
0.000
0.000
0.000
0.000
0.000
0.000
0.000
0.000
0.000
0.058
0.000
0.000
0.000
0.034
0.000
1.620
10.238
0.014
5.455
3.296
5.232
9.309
0.000
4.161
5.603
0.203
0.000
0.000
0.000
0.000
0.000
0.000
0.000
2.087
82.233
0.045
0.000
0.937
0.398
0.010
1.212
0.000
0.385
0.391
0.227
0.000
0.000
0.000
0.000
0.415
0.000
0.058
3.382
0.000
1.478
0.989
5.208
0.000
0.518
10.547
12.195
0.081
2.971
0.273
12.442
20.083
0.489
8.968
3.830
3.366
0.000
0.000
81.357
16.068
10.346
11.340
0.421
9.146
8.291
18.721
15.915
11.925
0.000
0.000
1.222
4.425
11.817
14.749
7.151
8.044
48.463
35.554
0.539
1.603
7.773
17.712
11.192
21.605
13.511
3.320
13.585
1.579
15.834
1.265
12.754
102.140
7.965
6.300
8.085
44.364
22.041
6.458
17.485
24.239
20.514
1.645
21.202
0.055
7.236
22.158
12.936
0.244
3.464
0.000
1.490
1.871
0.007
0.000
9.850
18.073
15.360
18.637
70.446
3.505
11.924
6.959
14.066
10.499
31.725
14.437
12.916
1.926
0.498
8.635
2.204
5.843
10.746
4.731
10.519
26.261
18.697
10.849
1.344
0.367
2.103
7.721
10.186
10.925
10.035
15.724
4.364
0.615
1.555
11.388
9.380
2.122
14.794
7.189
21.152
9.335
14.476
12.123
13.214
20.186
13.657
0.712
1.964
4.199
17.245
21.403
23.004
24.362
7.860
28.060
6.159
13.268
18.354
8.384
0.494
15.623
9.998
15.762
13.218
6.020
7.557
1.202
36.797
62.366
27.110
6.410
1.722
2.242
13.817
18.067
123.411
10.935
11.422
8.042
2.024
3.680
4.269
9.380
0.953
24.881
32.665
16.296
11.235
5.304
7.986
12.452
4.118
1.272
11.175
17.609
24.034
16.025
10.592
20.402
13.891
2.259
7.689
7.716
10.729
0.666
6.727
5.576
43.406
6.643
15.475
21.804
97.008
0.100
7.292
0.656
14.112
5.984
19.362
10.125
6.145
12.720
4.151
0.168
14.444
10.169
9.781
19.650
10.940
1.372
7.464
6.391
8.875
12.609
21.605
21.202
0.165
0.000
0.000
0.000
1.246
0.996
5.152
12.821
0.000
4.213
26.003
1.555
0.433
0.079
0.000
0.000
0.833
9.122
14.983
9.397
8.715
3.516
0.000
2.644
0.494
0.000
0.000
0.000
0.000
0.000
0.000
1.675
15.858
3.165
0.491
0.014
3.196
2.225
4.274
7.478
0.010
0.000
0.003
6.659
0.448
7.635
3.354
1.514
1.195
0.000
1.040
2.232
0.069
5.989
0.197
0.000
0.000
0.007
0.137
8.473
27.435
0.784
0.024
0.000
0.000
0.000
0.000
0.457
0.000
0.000
2.592
0.000
4.106
0.800
0.002
9.850
3.234
0.371
0.000
0.000
0.264
0.233
0.000
0.000
0.000
0.000
0.316
0.000
4.207
8.700
11.532
7.783
3.413
1.015
0.000
0.007
0.055
1.136
0.280
0.000
0.000
0.000
0.000
0.529
0.139
0.000
0.024
0.364
0.000
4.920
1.315
0.000
0.000
0.000
0.000
0.257
0.000
0.546
0.721
0.007
1.075
3.406
0.041
0.323
0.012
1.051
4.631
0.264
10.689
4.240
9.371
19.545
2.424
1.844
1.342
0.196
2.868
3.304
9.507
15.365
3.763
2.925
7.172
1.480
25.207
0.082
0.783
2.795
11.800
3.485
19.302
6.765
1.651
2.427
23.700
15.233
26.405
8.964
2.547
10.919
2.106
0.199
13.218
17.724
11.472
5.318
17.178
16.991
14.783
10.028
4.463
11.515
4.892
6.981
8.583
11.467
4.274
9.550
3.454
7.141
6.664
13.359
0.041
0.324
7.764
24.621
5.076
16.068
7.587
4.170
0.747
1.301
24.678
79.843
3.243
15.383
12.909
12.045
5.502
16.148
19.896
12.131
5.881
19.684
4.786
0.312
0.467
0.002
8.484
7.042
5.157
10.063
18.330
4.487
8.532
12.377
19.317
17.489
27.152
24.594
25.021
12.226
5.792
13.009
30.724
12.665
2.571
0.385
12.957
11.124
78.202
2.941
0.424
1.318
2.008
0.438
5.706
22.285
6.097
6.118
33.986
9.555
19.453
26.807
40.055
13.189
11.373
14.457
7.327
24.005
2.688
0.886
0.700
1.208
12.766
14.749
91.113
8.025
14.469
11.891
5.006
5.454
3.952
0.645
8.034
17.547
15.726
5.517
11.930
20.280
3.907
4.415
4.693
12.136
15.975
37.175
17.566
115.029
6.660
9.778
21.037
9.546
10.276
10.440
34.545
37.954
1.631
1.900
13.977
7.922
11.821
53.000
2.184
7.684
3.064
12.035
9.776
10.712
0.051
39.970
34.262
14.402
4.125
19.504
19.209
7.004
4.571
17.947
6.782
16.742
41.707
4.848
3.603
30.518
1.172
1.487
2.479
6.056
180.603
15.400
5.249
4.635
18.440
5.809
2.417
10.404
13.039
13.915
6.556
14.275
11.055
2.551
10.042
1.782
15.240
12.914
14.289
5.380
2.880
4.302
10.052
12.057
22.668
14.013
10.581
1.413
14.371
6.369
9.927
12.361
20.033
4.515
6.628
1.842
0.944
14.622
5.435
12.487
3.238
1.009
6.173
1.208
7.519
3.358
0.879
0.000
0.000
1.751
2.228
0.000
0.000
0.000
0.000
0.002
2.153
6.846
9.246
15.310
8.501
14.626
0.158
7.860
11.733
35.719
4.425
3.960
11.604
3.977
12.507
11.316
5.802
8.075
0.364
5.823
15.309
1.174
0.790
0.000
4.086
5.651
11.742
14.227
0.343
0.000
0.014
0.000
1.317
0.000
0.766
0.124
0.886
2.582
3.785
4.175
2.111
4.964
0.635
3.028
3.605
0.635
7.896
3.413
2.678
6.302
2.815
0.161
0.000
0.003
0.000
0.000
0.002
9.023
0.948
0.000
0.000
0.000
0.000
0.000
0.000
0.000
9.381
2.156
0.000
0.000
0.000
0.000
0.000
0.154
0.000
8.933
1.679
0.000
0.560
0.096
0.000
0.000
0.000
0.000
0.000
0.000
0.000
0.002
0.000
0.000
0.000
0.000
0.000
0.251
21.317
1.912
3.814
3.380
11.759
3.162
5.273
0.051
0.378
6.777
1.504
0.525
0.690
0.182
0.014
0.000
0.002
0.000
0.000
0.003
0.381
8.641
4.058
0.982
1.706
0.007
2.238
5.160
0.000
0.000
0.000
0.000
3.111
2.465
0.003
2.287
1.751
5.095
0.015
0.000
0.635
9.244
0.903
8.305
23.315
3.498
0.457
4.532
2.400
1.638
0.000
0.000
11.979
14.306
16.337
26.898
28.242
10.396
11.876
7.883
0.529
0.000
15.177
2.905
15.587
14.794
24.112
0.817
0.450
16.339
5.497
3.900
17.170
18.761
2.647
7.878
17.259
3.414
3.378
0.508
2.281
0.000
7.829
11.767
73.035
12.694
8.641
0.711
7.148
4.213
12.009
11.532
5.225
13.005
18.929
22.038
13.293
13.556
4.412
13.142
20.812
3.857
1.138
9.694
17.020
16.104
13.239
0.539
13.383
7.074
12.301
4.666
3.516
22.455
67.405
11.941
10.351
19.127
5.541
8.502
10.145
11.888
16.071
11.405
11.742
15.364
27.864
7.028
24.695
18.308
12.257
51.849
36.885
6.520
14.385
8.892
12.926
6.006
6.358
3.320
1.954
4.825
40.298
3.926
2.190
18.063
16.914
1.236
19.357
8.545
33.076
2.220
0.623
14.748
46.064
9.541
9.962
14.359
16.764
3.922
17.643
153.041
13.754
9.781
0.103
1.648
18.550
16.941
2.446
2.237
4.671
10.283
12.954
2.257
23.246
49.078
10.198
11.793
20.847
10.682
3.529
19.199
15.968
36.792
24.654
18.965
7.237
9.091
8.470
4.923
12.318
9.232
14.787
31.623
4.453
7.896
8.286
19.480
28.074
21.162
17.135
0.676
1.311
14.311
7.673
13.257
3.418
50.050
159.031
8.899
2.582
6.180
3.303
10.979
55.826
41.697
10.495
1.054
16.095
25.675
28.461
129.977
0.786
18.315
8.772
26.103
13.139
12.291
1.540
3.073
6.863
2.328
76.482
15.992
21.566
10.228
6.980
23.542
8.408
22.124
1.782
16.272
7.368
1.921
7.121
2.365
0.556
0.930
0.000
0.000
0.845
0.045
0.000
0.000
0.000
0.000
0.383
0.196
0.051
7.162
5.339
8.209
8.178
1.765
3.167
6.214
1.559
0.196
0.000
0.076
4.182
6.372
14.293
2.692
11.759
4.219
9.362
20.313
6.750
1.018
1.530
0.553
0.000
0.925
0.278
2.348
1.629
4.161
8.250
102.805
10.634
7.316
5.528
0.982
0.736
1.574
0.354
14.608
13.651
2.511
1.838
0.089
0.837
1.128
0.563
0.000
0.000
0.445
4.092
4.968
5.172
2.216
1.116
1.337
0.196
2.082
3.931
13.158
2.369
2.752
7.745
3.959
2.352
7.687
0.529
2.474
1.205
0.532
6.108
0.366
0.000
0.000
0.000
2.331
4.492
0.007
0.000
0.000
0.645
0.003
5.122
0.450
0.014
0.000
1.298
1.639
0.000
0.002
0.000
0.000
0.000
0.000
0.000
0.000
17.122
1.517
1.305
0.000
0.014
0.003
0.000
1.310
16.327
0.103
0.000
0.323
15.858
0.076
0.000
0.000
0.000
0.000
0.203
4.110
7.780
10.976
6.846
14.234
0.388
0.055
0.000
0.000
0.000
0.000
0.002
0.000
0.000
0.180
0.130
0.000
2.132
9.410
8.520
4.841
0.282
4.710
0.937
10.509
14.998
1.208
0.051
3.605
2.760
0.000
0.000
0.474
4.885
1.003
0.031
0.000
0.000
0.345
0.185
0.000
0.491
10.111
0.014
4.195
10.689
7.807
0.000
12.713
0.324
11.718
10.023
15.446
16.504
21.004
16.263
10.918
6.401
0.000
0.000
0.391
1.669
15.566
3.804
13.884
35.201
2.321
4.631
15.020
2.700
10.749
10.193
14.889
44.881
181.249
0.481
10.895
4.463
0.000
0.774
12.480
0.982
10.652
30.774
119.057
3.329
8.726
15.377
22.354
11.539
13.160
7.073
13.163
4.080
1.470
2.105
7.709
9.211
3.912
4.589
3.135
15.887
22.422
0.615
20.345
29.412
0.154
6.101
5.164
12.708
9.057
18.491
1.145
6.106
1.102
13.156
15.791
29.615
15.734
2.142
7.335
29.672
9.390
25.299
9.139
13.673
1.030
5.622
6.499
3.217
1.995
0.577
12.130
6.791
1.710
1.483
7.567
29.414
37.918
10.375
20.694
16.184
3.162
17.444
13.517
3.378
5.414
18.047
29.900
14.176
89.659
8.502
9.994
6.336
1.102
13.652
11.096
11.738
13.398
28.020
100.891
6.329
8.422
9.517
19.391
108.263
10.579
14.967
10.791
13.527
5.553
10.579
28.602
45.264
39.705
17.745
2.527
4.693
3.509
0.546
1.888
12.445
10.349
18.157
15.326
26.644
26.764
27.143
1.308
16.162
8.284
14.471
12.162
6.727
9.701
154.722
6.163
4.734
2.479
13.920
1.562
1.178
2.477
15.815
24.754
10.386
1.454
13.347
14.028
38.758
8.181
4.175
9.407
1.986
18.330
1.061
12.394
5.315
10.234
29.155
10.751
18.835
13.396
33.937
8.944
4.410
26.961
8.890
2.297
1.772
0.106
12.401
3.172
0.225
1.215
9.840
10.985
0.010
0.093
6.017
5.572
4.336
12.868
15.048
12.433
18.766
28.226
7.527
0.621
4.290
11.179
8.827
0.779
6.245
0.707
6.221
10.595
3.471
5.189
14.795
15.820
4.570
2.125
3.172
19.389
23.512
8.132
1.239
12.971
29.569
102.017
6.041
8.288
7.776
5.287
15.376
5.560
0.100
0.635
0.076
0.419
0.017
0.000
5.277
4.604
2.839
10.489
5.232
1.569
4.250
0.772
0.069
9.871
11.628
0.803
1.710
7.814
8.631
3.092
0.814
0.000
0.000
0.000
0.017
0.000
0.000
0.003
3.522
1.957
0.814
0.216
11.191
1.100
0.000
0.000
1.761
0.879
2.666
5.071
1.456
1.998
2.699
0.065
0.251
0.000
0.000
0.000
0.000
0.000
0.295
1.401
4.968
4.075
0.100
0.000
0.000
0.065
0.797
9.668
0.362
1.778
3.804
0.027
0.000
2.630
