19790101
6.233
4.805
5.972
10.935
12.849
2.590
8.950
5.189
3.291
5.325
4.268
1.581
3.315
6.798
1.981
5.083
3.670
0.987
8.549
12.905
8.008
6.545
4.261
7.969
6.665
3.913
10.396
1.339
1.188
12.464
15.571
3.971
11.755
10.520
7.778
0.478
5.533
3.011
3.703
3.929
8.257
4.140
9.797
19.182
30.943
6.927
13.292
3.962
12.291
6.085
2.274
4.947
5.438
0.288
11.000
5.740
9.641
30.070
5.624
6.291
20.541
17.479
15.721
75.957
4.422
12.440
12.449
7.024
11.065
18.551
2.908
3.821
0.261
16.016
18.488
18.217
15.091
23.243
12.703
9.330
4.717
4.261
11.793
13.386
19.545
3.135
6.647
9.452
11.591
12.974
9.843
6.678
6.334
17.697
12.432
17.297
0.350
0.000
0.000
4.690
0.000
10.150
10.526
9.706
9.105
19.964
13.623
10.489
14.210
2.163
12.087
11.395
14.646
2.156
0.268
0.014
0.000
0.000
3.117
7.622
4.532
10.732
2.063
6.145
6.647
11.488
5.294
5.996
10.925
2.486
4.254
4.916
11.841
3.873
3.698
6.903
3.629
1.936
8.326
9.527
7.248
3.780
9.750
5.874
2.589
4.429
8.499
0.347
5.685
12.435
1.425
0.000
0.000
0.000
0.000
1.227
0.324
0.512
0.000
0.192
0.257
0.000
0.000
0.815
2.228
0.290
0.000
0.000
0.000
0.000
0.000
0.000
0.000
0.000
0.000
0.000
0.000
0.000
0.000
0.000
0.000
0.000
0.000
0.000
0.000
0.000
0.010
0.000
0.000
0.000
0.000
0.000
0.000
0.000
0.000
0.000
0.134
0.000
0.000
0.007
0.065
0.000
0.000
0.000
1.607
0.000
0.000
0.000
0.000
0.000
0.000
0.000
0.000
0.000
0.000
0.000
0.014
0.000
0.000
0.139
0.000
0.000
0.000
0.000
0.000
0.000
0.000
0.000
0.027
0.000
2.050
0.000
0.250
0.000
0.000
0.000
0.000
0.000
0.000
0.000
0.330
0.237
0.000
0.000
0.736
0.779
7.944
0.000
0.000
0.000
0.000
0.010
2.242
0.000
0.247
0.100
3.045
0.000
0.000
0.000
0.000
0.000
0.000
0.000
0.000
0.000
0.000
0.017
0.403
3.468
0.812
0.000
0.000
0.000
0.000
0.000
0.000
0.000
0.007
2.983
0.076
4.274
0.172
3.862
2.427
0.000
0.000
0.731
0.748
0.000
0.000
0.000
0.000
0.000
0.000
0.000
0.000
0.000
3.274
2.489
0.488
6.077
0.419
0.045
0.003
0.000
6.666
1.564
3.239
2.908
10.600
11.718
5.110
0.810
1.957
0.000
2.498
36.754
24.667
1.010
4.951
0.000
6.779
5.507
9.203
8.447
10.439
11.611
7.483
1.234
0.000
0.000
0.000
0.000
0.000
0.000
0.000
5.062
12.011
29.196
0.242
7.872
0.038
0.000
9.924
0.482
0.010
11.352
13.057
39.582
0.286
0.300
6.110
16.227
12.833
1.387
9.364
7.484
2.359
4.300
6.516
12.696
6.380
3.940
24.565
44.007
41.432
0.992
3.488
0.103
16.751
2.498
4.007
11.251
6.444
2.352
2.043
4.429
20.694
15.032
8.245
7.086
21.396
7.351
1.061
12.212
12.821
18.344
7.584
2.544
2.614
1.583
9.984
2.905
10.935
11.621
1.706
11.050
11.632
0.977
1.440
10.676
7.950
8.164
0.738
4.319
11.960
3.554
0.644
5.857
1.727
11.494
25.677
12.727
1.373
2.711
4.614
1.063
7.330
0.299
2.074
5.268
0.628
0.000
0.000
0.000
0.045
0.587
1.060
1.780
0.112
0.474
19.470
2.014
10.825
4.049
5.182
3.706
4.764
8.629
13.563
3.756
8.736
6.935
2.561
14.341
7.272
9.153
13.894
9.697
1.627
114.974
7.275
16.867
32.229
4.657
1.040
2.791
5.126
19.563
4.484
5.260
13.136
22.675
5.634
4.151
10.011
6.410
6.863
0.333
17.012
99.855
1.006
4.879
7.031
2.493
0.000
0.000
0.010
2.091
3.917
4.607
12.411
8.010
3.117
7.653
1.390
3.370
0.415
0.000
0.000
1.013
4.044
11.172
0.855
2.053
6.576
4.820
1.768
15.450
3.335
7.457
5.018
10.946
1.289
4.904
9.665
10.907
11.016
0.439
0.101
0.000
0.000
0.000
1.057
2.343
9.098
7.170
8.212
5.994
1.640
0.041
0.000
0.000
0.007
0.053
0.000
0.000
0.000
0.000
4.880
7.349
3.315
0.050
1.001
0.000
0.594
0.000
0.000
0.000
0.537
2.365
4.579
3.253
0.021
3.301
0.000
0.000
0.460
0.000
0.000
0.000
0.010
0.000
0.000
0.000
0.000
0.000
0.000
0.010
0.000
0.000
0.000
0.000
0.000
0.000
0.000
0.062
0.007
0.000
0.000
0.000
0.000
0.000
0.000
0.027
0.079
1.990
0.000
0.000
0.000
0.000
0.062
5.730
0.000
0.000
0.282
0.271
0.000
0.014
1.171
0.000
0.000
0.000
0.000
0.045
0.000
0.000
0.000
0.000
0.302
5.249
0.000
0.024
0.580
0.000
0.000
0.000
0.000
0.000
0.000
0.000
0.731
0.000
0.000
0.000
0.051
0.010
7.457
0.000
0.000
0.000
0.000
0.000
1.972
0.000
0.000
0.000
0.014
0.086
0.776
0.000
0.007
0.000
0.000
0.175
0.079
0.000
0.000
0.055
0.233
0.484
3.964
11.773
0.247
0.007
3.018
0.000
0.076
0.041
0.000
4.559
0.398
0.185
7.498
5.272
0.350
5.383
17.815
0.027
2.647
7.838
0.730
0.048
0.280
4.171
0.000
1.603
0.512
0.549
0.609
0.168
0.000
0.000
0.000
0.026
0.124
3.797
0.539
8.743
32.750
0.261
0.651
1.626
0.000
4.290
1.878
20.098
1.960
8.679
6.331
1.919
5.593
11.129
27.104
19.827
0.561
5.907
7.452
2.221
2.460
15.302
13.024
1.648
5.049
2.393
0.403
0.110
8.772
9.726
1.761
0.000
2.096
1.674
5.938
17.094
10.729
12.619
0.000
0.000
9.225
12.075
1.737
10.897
4.796
16.100
11.036
6.903
9.841
2.771
5.709
5.146
6.393
16.878
4.130
7.189
9.038
24.795
14.838
4.884
0.302
2.232
16.569
20.725
6.667
11.862
2.276
13.719
12.504
7.629
8.847
4.364
0.051
0.000
0.000
5.593
7.986
3.423
4.841
35.524
10.622
5.387
2.839
18.510
28.880
2.791
0.354
1.260
10.588
5.503
16.534
17.652
11.112
1.081
17.417
14.725
8.580
15.669
12.157
6.681
1.962
4.381
14.450
14.068
10.743
12.519
7.433
7.522
12.425
7.876
26.595
4.638
4.528
25.152
23.758
10.799
5.194
4.868
12.162
12.681
93.493
3.799
2.008
0.572
0.068
4.443
16.816
12.684
7.766
5.731
11.197
13.661
0.342
6.755
9.424
5.435
3.868
0.893
10.971
5.249
10.513
10.485
7.651
14.217
16.960
4.503
5.219
6.575
24.038
7.452
13.815
1.686
7.502
0.415
0.505
12.744
24.249
3.807
5.943
0.161
1.305
2.674
2.506
4.391
1.164
2.832
2.309
7.560
3.560
12.449
1.748
1.885
0.000
0.000
10.719
5.370
6.715
3.238
10.780
5.629
9.680
4.994
6.025
8.308
4.001
4.712
11.555
1.045
4.419
8.332
7.028
0.942
0.000
0.000
0.149
1.608
1.844
2.426
5.025
0.683
0.000
0.000
0.731
3.341
7.581
4.168
4.934
1.554
6.080
1.030
0.000
0.031
5.146
2.609
4.944
3.260
0.237
4.673
4.796
0.316
0.000
0.000
0.000
0.041
1.645
0.690
0.000
0.000
0.000
0.000
0.000
0.000
3.069
3.897
0.264
0.000
0.000
0.000
0.000
0.000
0.000
0.027
0.000
0.000
0.000
0.000
0.000
0.000
0.027
0.000
0.000
0.000
0.000
0.000
0.000
0.000
0.000
0.000
0.000
0.000
0.000
0.000
0.000
0.000
0.000
0.000
0.378
7.910
0.172
2.314
0.312
5.689
0.000
0.000
0.000
0.000
0.000
0.000
0.000
0.000
0.000
0.000
0.000
0.000
0.000
0.000
0.000
0.000
0.000
24.517
0.336
0.000
0.312
0.179
0.000
0.244
0.254
0.439
3.176
0.000
0.000
0.000
0.000
0.000
0.913
0.000
0.007
0.000
0.003
0.058
0.000
0.470
0.000
0.000
4.072
15.776
0.000
0.082
0.000
0.003
0.000
0.000
0.014
0.082
0.000
0.000
0.000
0.079
0.536
4.062
0.086
6.551
5.469
0.745
0.000
0.000
0.165
8.679
10.657
1.202
44.141
0.546
0.000
0.000
0.003
0.000
0.000
0.003
0.041
0.000
0.000
0.045
0.082
0.000
0.000
0.000
0.021
0.615
0.134
1.682
1.298
0.000
0.275
0.058
4.518
7.996
6.406
18.024
20.647
4.535
11.872
23.430
4.645
5.091
14.378
1.414
0.168
15.257
16.401
4.535
3.033
7.742
3.742
8.432
7.793
25.061
2.448
108.411
2.819
9.115
10.822
9.517
56.810
3.502
0.010
7.145
12.669
12.857
2.956
2.884
13.074
22.060
10.725
1.301
4.197
3.540
21.351
12.675
18.608
13.431
13.695
2.896
10.911
6.108
11.453
2.015
21.216
10.384
9.232
6.465
7.529
0.288
15.463
8.061
0.076
15.183
8.892
11.343
14.495
13.163
6.846
14.897
4.587
1.394
0.381
1.167
3.165
19.133
31.744
17.266
4.295
0.742
0.381
11.752
10.513
13.359
15.171
18.764
3.748
2.268
3.061
12.238
20.814
15.704
8.859
10.058
5.234
10.846
15.345
11.299
13.781
8.126
0.187
13.149
5.718
14.648
62.955
1.813
12.660
11.074
18.816
18.553
14.783
19.573
30.684
1.176
10.834
24.393
13.649
4.652
6.966
2.798
2.060
1.545
19.557
38.192
1.044
6.405
3.002
7.186
13.582
15.664
11.070
14.650
9.536
17.254
6.746
11.118
9.690
8.187
4.171
16.886
15.346
0.522
4.365
4.944
5.424
7.843
14.771
14.487
36.478
108.145
50.371
4.211
21.262
3.857
16.978
0.386
6.705
5.921
11.597
11.573
12.082
1.233
4.104
6.576
9.785
10.582
10.171
14.155
7.914
13.103
7.206
0.000
1.291
4.649
1.401
0.666
0.000
0.000
0.000
0.000
1.174
9.507
7.048
2.551
6.489
10.408
4.381
17.911
7.601
7.854
5.143
9.002
4.923
10.097
8.689
27.912
31.359
10.224
16.957
0.299
0.000
0.000
0.000
0.000
0.000
0.124
0.000
2.959
0.079
0.235
0.000
0.000
0.000
3.929
0.221
2.046
1.697
1.813
6.111
4.422
4.407
0.160
0.000
0.000
2.043
6.257
0.994
0.869
0.067
0.421
0.237
0.062
0.084
3.163
0.251
0.045
0.000
0.000
0.000
0.000
0.000
4.641
9.587
0.944
0.963
4.058
4.693
7.229
10.015
7.998
0.616
0.000
0.000
0.000
0.000
0.000
0.114
0.881
0.579
2.530
2.108
0.039
1.530
5.965
9.077
0.532
0.000
0.000
0.000
3.280
0.542
0.000
0.000
0.460
4.070
3.952
0.546
0.000
0.000
0.136
2.336
5.122
2.472
5.201
0.000
0.000
0.000
0.031
0.010
0.000
0.000
0.000
0.000
0.000
0.192
1.859
0.154
0.017
0.055
0.000
0.000
1.480
11.852
0.000
0.000
0.460
0.000
0.038
0.007
0.000
0.000
0.000
0.000
0.000
1.440
9.764
6.025
15.093
0.041
5.981
7.134
0.549
0.000
0.870
0.041
10.176
0.776
0.039
0.000
0.142
3.492
1.234
0.096
0.000
0.010
4.716
8.166
0.000
0.000
0.335
0.134
0.836
0.000
0.000
0.000
0.550
2.149
6.963
7.321
0.108
8.083
0.103
1.205
1.466
1.351
0.048
0.000
0.000
0.072
0.003
20.617
45.380
4.010
0.312
5.275
8.731
3.265
1.260
0.000
4.017
5.249
1.851
2.644
3.014
14.370
7.059
0.821
0.350
4.027
0.108
0.000
0.000
0.000
0.000
0.000
0.000
3.928
8.796
3.957
1.684
7.548
14.251
10.330
8.866
15.005
30.946
0.287
0.000
0.874
3.434
7.656
4.831
10.988
30.811
4.878
0.529
13.675
11.963
3.587
7.066
8.010
53.910
1.049
0.256
2.541
3.382
6.879
11.172
60.713
8.435
8.332
16.977
81.050
9.256
4.001
13.650
9.884
6.624
0.374
11.230
3.876
14.725
7.460
7.581
9.187
17.674
0.340
2.297
1.524
10.243
2.765
3.795
14.265
3.753
0.175
10.447
7.577
7.951
0.000
0.117
33.896
3.770
2.189
2.946
12.937
9.687
23.135
12.231
0.103
8.864
42.131
0.371
9.385
5.043
4.589
5.784
11.584
4.348
2.153
10.679
15.544
13.391
0.620
0.805
6.439
10.136
5.673
0.149
0.003
0.000
0.000
1.459
0.388
1.631
1.037
4.679
26.604
11.149
4.257
2.206
0.568
6.678
21.399
11.266
2.925
8.324
65.365
173.594
0.000
0.000
0.000
0.000
0.484
0.000
0.172
2.983
0.434
6.060
0.750
15.968
21.640
8.219
5.661
9.764
17.619
15.395
8.789
5.606
9.445
2.705
1.732
6.238
4.679
4.758
8.806
8.154
4.293
4.659
5.902
6.183
48.099
72.050
2.527
5.558
14.778
11.285
13.036
10.454
16.308
2.977
10.348
6.042
0.553
2.915
1.270
0.000
0.203
4.642
9.045
6.976
11.553
4.072
4.601
0.615
2.805
5.905
8.954
2.115
16.552
14.135
0.110
5.043
11.968
1.638
0.649
7.189
0.488
9.572
6.990
11.062
1.440
0.000
0.000
0.000
0.034
0.000
0.000
0.000
0.000
5.057
0.045
0.000
0.000
7.175
0.000
0.000
0.000
0.000
0.000
0.000
0.000
0.000
0.395
0.139
0.000
0.000
0.000
0.240
0.000
0.000
0.000
0.000
0.687
1.574
0.000
0.000
0.000
0.000
0.000
0.000
0.021
0.034
0.000
0.000
0.000
0.608
0.433
0.000
0.000
0.000
0.000
0.000
0.676
0.000
0.017
0.017
0.007
0.000
0.000
0.000
0.000
0.000
0.000
0.000
0.000
0.000
0.000
0.000
0.000
0.045
0.000
0.000
0.000
0.000
0.233
0.165
0.000
0.000
0.000
0.000
0.000
0.000
0.000
0.000
0.000
0.000
0.000
0.000
0.508
0.000
0.000
0.000
3.708
4.305
0.000
0.000
0.000
0.000
2.427
0.441
0.755
0.161
0.017
0.000
0.000
0.000
0.000
0.000
0.003
0.000
0.000
1.128
0.000
0.007
0.014
0.055
0.000
0.000
0.201
0.000
0.853
0.000
0.021
9.009
6.448
0.033
9.127
8.400
0.010
0.000
0.033
0.000
12.555
1.511
0.985
1.748
0.225
1.614
0.000
0.311
2.577
0.000
0.000
0.000
5.064
3.231
0.000
0.000
0.000
0.003
6.930
1.497
0.000
35.733
30.638
12.771
0.470
0.021
2.096
0.144
0.193
12.801
0.345
0.350
1.911
0.000
6.233
2.841
0.000
3.650
9.731
1.138
5.112
0.000
11.537
80.236
0.000
0.000
0.000
4.611
2.874
4.051
9.108
21.324
2.283
3.251
0.000
3.955
16.692
14.571
32.758
0.488
0.000
0.000
0.388
0.027
0.893
82.705
2.901
0.433
10.646
11.407
7.440
2.170
4.470
5.011
8.597
10.155
20.807
11.010
8.453
6.515
11.306
15.398
26.474
0.491
6.866
13.484
18.560
8.181
5.018
7.323
28.714
2.522
6.248
22.271
13.163
7.944
0.926
12.039
4.863
2.081
12.267
6.545
17.695
4.025
8.417
9.307
7.158
6.851
3.006
4.473
1.183
5.138
1.962
9.301
2.870
7.567
20.575
2.249
5.349
9.908
4.226
7.941
11.961
9.867
6.248
5.321
12.298
19.322
62.248
10.782
1.425
4.079
0.127
0.000
8.078
15.398
24.273
5.809
4.930
28.249
5.431
1.778
0.316
2.403
18.272
7.725
28.015
6.084
5.584
11.766
8.538
23.837
22.721
2.122
2.094
1.178
0.000
5.771
4.728
4.982
8.003
6.240
2.101
13.269
9.582
0.000
0.041
1.984
11.625
10.616
4.927
6.413
9.917
1.964
2.249
1.857
4.607
13.520
10.025
2.249
9.352
6.870
6.279
27.267
8.475
18.890
6.049
10.887
3.385
10.931
8.683
10.949
13.304
0.584
14.962
18.230
31.146
20.033
0.086
0.000
5.095
4.130
6.800
2.486
7.483
1.414
1.073
1.552
0.252
10.348
4.304
9.005
8.387
4.498
5.809
3.076
0.211
5.754
1.488
4.786
5.232
2.796
6.736
11.864
3.751
4.942
0.779
13.117
4.280
13.740
5.730
2.618
9.318
10.525
2.362
3.086
4.954
0.848
4.089
11.337
5.026
0.082
2.753
6.925
0.742
2.460
6.794
6.949
10.032
4.858
6.413
2.858
0.000
0.017
0.000
4.731
9.273
0.647
0.000
0.000
6.595
3.868
1.330
0.000
0.000
0.000
0.055
5.167
4.769
10.063
8.185
8.175
0.000
2.846
0.790
10.296
2.815
0.563
3.406
2.678
0.014
0.000
0.000
0.000
0.000
0.000
0.000
0.000
0.000
0.000
0.000
0.000
0.000
0.000
0.000
0.000
0.000
0.000
0.027
5.337
9.263
0.000
0.979
0.000
0.067
0.000
0.000
0.014
0.106
0.000
0.000
0.000
0.000
0.000
0.000
1.258
4.518
14.144
5.534
9.371
1.612
0.000
0.000
0.000
0.000
0.000
0.000
0.000
0.000
0.000
2.671
0.000
1.130
4.272
1.892
0.086
0.000
0.469
1.432
0.573
1.413
0.010
1.016
0.000
0.000
0.000
0.994
17.427
2.982
0.961
0.130
6.489
15.552
1.269
0.000
0.000
4.849
0.000
0.000
0.000
0.000
0.000
0.000
1.547
1.265
0.007
0.000
0.112
0.000
0.628
4.982
1.414
0.249
6.000
13.414
0.510
0.000
0.000
0.000
3.826
1.136
5.494
14.814
0.010
12.008
14.212
15.436
41.048
0.383
0.003
0.587
16.989
8.084
1.737
6.954
0.433
15.032
8.133
22.906
19.846
21.054
2.858
0.985
0.000
10.739
17.168
0.167
8.473
0.098
6.200
8.993
0.802
0.000
2.493
2.999
17.381
21.073
5.719
0.206
13.082
3.008
2.698
9.023
3.733
0.455
12.265
1.148
10.692
12.479
7.529
7.761
0.000
3.976
15.613
9.714
4.350
5.891
0.130
2.136
3.239
11.583
12.207
33.072
7.486
9.749
0.992
3.024
17.567
12.727
15.161
6.650
10.228
14.794
22.786
22.759
4.508
8.046
4.589
11.429
4.408
10.365
0.766
14.517
2.959
1.382
0.611
9.620
14.262
17.739
1.497
0.196
19.751
4.587
6.444
36.736
4.254
15.460
79.507
5.562
6.454
55.608
4.868
6.078
5.354
1.600
1.215
1.150
16.465
3.203
4.703
6.557
10.840
17.848
8.363
6.103
6.757
4.762
15.570
2.371
44.604
2.424
6.815
5.509
24.336
25.229
10.004
18.618
11.848
6.702
18.533
3.876
10.052
9.417
9.024
7.488
3.066
2.106
5.861
12.353
13.568
7.529
5.931
14.935
6.757
20.220
20.781
1.799
2.177
2.245
5.219
5.222
0.724
8.322
16.764
4.264
12.669
13.939
8.147
10.149
4.309
4.800
5.560
13.970
9.888
11.951
8.782
5.510
6.496
5.181
5.919
9.901
8.552
1.064
8.319
0.388
8.113
22.556
22.148
15.185
8.253
1.675
3.996
138.850
7.100
6.248
5.799
10.554
4.211
3.088
0.167
0.836
2.353
5.921
7.720
12.239
4.413
13.228
6.041
8.901
3.088
6.451
7.215
0.177
4.336
9.120
14.042
0.867
4.561
1.263
1.483
0.546
0.027
4.387
2.503
10.173
4.758
5.750
1.348
2.250
0.249
14.103
3.517
0.388
0.000
0.000
0.000
0.000
0.000
0.000
0.000
0.000
0.000
0.000
0.000
0.000
0.000
4.372
0.000
0.000
2.471
1.670
5.465
0.058
0.215
0.000
0.000
0.000
0.007
0.045
0.055
33.752
0.134
16.303
14.692
72.292
0.292
0.000
0.014
0.481
2.565
0.000
0.000
0.000
0.000
0.000
0.000
0.000
0.000
0.757
0.000
0.000
0.000
0.000
0.000
0.000
0.453
3.268
1.425
0.000
6.187
17.103
1.748
0.003
0.000
0.000
0.000
0.000
0.000
0.000
0.000
0.000
0.000
0.000
0.000
0.000
0.000
0.000
0.000
0.000
0.392
0.130
0.000
0.000
0.000
0.000
0.000
0.117
0.519
0.225
0.000
0.000
3.898
9.625
0.422
0.000
0.000
0.000
0.000
0.000
0.000
0.000
0.000
0.000
0.000
0.656
7.788
0.000
3.845
9.496
0.431
3.309
6.248
0.000
0.000
0.071
0.000
0.000
2.812
13.626
1.624
0.000
0.000
0.199
0.302
7.584
0.223
0.027
0.000
0.000
15.355
4.436
0.000
0.144
0.024
0.000
0.000
0.000
0.000
0.010
5.124
4.716
1.782
2.053
6.389
3.215
0.105
1.689
19.337
2.345
0.000
0.767
1.917
0.354
1.274
0.014
0.185
1.339
0.783
1.353
0.949
0.000
0.000
3.509
4.683
18.048
3.145
6.005
2.444
0.992
0.000
0.209
5.224
2.108
7.996
2.228
5.085
14.878
10.732
5.675
6.630
0.443
0.003
0.000
0.412
0.501
0.000
0.014
7.735
15.086
0.996
54.865
21.568
7.773
5.618
12.250
12.967
4.745
0.227
0.391
1.669
5.421
12.202
0.120
0.021
11.584
10.749
15.154
2.407
0.096
0.436
2.879
0.007
1.761
9.371
0.810
0.257
6.657
4.189
2.002
13.170
6.966
5.709
1.517
9.440
17.939
1.748
12.373
4.065
0.000
2.087
0.348
6.956
7.031
2.709
12.835
13.949
23.796
35.795
0.051
1.360
12.348
2.824
12.881
4.199
4.216
21.513
15.377
8.020
10.684
7.519
7.454
7.675
8.075
7.941
21.090
5.280
6.250
14.268
3.104
5.133
29.450
8.202
3.299
0.110
1.662
17.441
16.004
2.225
33.604
5.071
25.492
1.507
7.586
23.367
10.612
63.669
14.237
1.514
9.323
2.259
6.482
6.709
15.602
10.341
12.722
4.358
1.572
9.268
36.325
8.362
10.409
21.612
79.464
10.210
18.811
20.962
12.785
10.906
13.819
15.014
11.057
3.724
11.901
3.498
11.168
10.516
4.487
12.068
7.090
13.654
19.147
11.635
18.371
1.263
2.407
7.508
7.096
15.398
5.933
0.017
1.892
1.414
5.037
12.301
10.900
5.277
7.048
6.448
8.494
7.162
7.254
10.344
7.962
5.273
7.481
4.765
13.259
1.229
0.034
0.790
6.025
0.450
6.861
3.135
3.476
2.129
4.326
5.177
5.636
3.945
6.061
3.595
6.588
6.533
5.617
4.377
3.399
3.073
10.186
2.182
8.116
1.933
-99.000
0.759
2.874
0.000
0.000
0.000
1.445
4.125
2.729
0.685
0.000
3.251
0.000
6.424
1.497
0.003
0.000
0.000
0.000
0.000
0.000
0.000
0.000
0.000
0.000
0.000
0.000
0.000
0.000
0.000
0.000
0.045
0.282
0.000
0.000
0.000
0.000
0.275
0.000
0.000
0.000
0.000
0.000
0.000
4.498
2.752
4.348
0.000
0.000
0.000
0.000
0.000
2.420
0.000
0.000
0.000
0.000
0.000
0.000
0.000
0.000
0.000
0.000
0.000
0.072
0.000
0.000
0.000
0.041
0.000
0.304
3.361
0.371
3.344
3.088
0.960
1.336
0.000
0.000
2.084
7.787
2.609
0.000
0.000
0.757
0.000
0.000
0.000
1.188
6.218
0.000
7.708
1.202
0.048
0.000
0.000
0.000
0.965
20.381
0.604
0.000
0.863
0.000
0.000
0.000
1.559
0.148
43.896
12.550
9.913
3.773
0.000
0.000
0.000
0.000
0.067
0.000
0.000
0.000
0.252
0.000
0.000
0.000
0.000
1.662
0.000
0.000
1.274
0.017
0.220
0.000
0.000
0.000
12.404
3.794
1.188
0.000
0.000
0.076
0.034
0.000
4.473
2.420
1.638
0.076
8.817
10.979
0.529
0.000
0.000
0.402
3.880
0.014
0.000
0.000
0.000
0.000
2.699
9.716
13.791
4.424
3.627
9.313
0.276
0.088
12.370
0.000
0.000
0.000
0.000
3.481
8.530
0.000
0.000
2.795
0.118
11.827
46.131
10.493
4.343
12.244
9.405
7.016
6.437
12.804
8.163
18.345
217.263
0.280
1.143
5.287
10.216
10.428
19.722
9.915
0.459
3.214
0.018
0.000
6.703
12.528
16.576
8.128
21.701
7.409
1.119
0.391
3.323
-99.000
-99.000
-99.000
-99.000
-99.000
-99.000
-99.000
-99.000
3.341
7.807
14.317
7.879
11.601
3.780
3.631
8.121
17.441
5.624
12.490
1.126
3.382
8.671
20.067
20.635
84.528
0.982
1.384
3.821
7.769
10.682
22.436
7.800
9.163
11.536
13.321
8.413
4.875
4.305
3.097
1.695
16.146
95.734
9.143
0.077
0.168
11.621
6.980
11.824
0.051
0.000
0.333
0.000
0.000
0.000
3.004
2.412
13.030
8.273
13.539
4.610
5.564
23.644
11.192
10.070
2.870
16.124
20.086
14.061
4.051
16.308
1.986
0.296
14.137
12.661
6.606
6.577
14.803
31.632
0.905
0.000
0.000
0.000
0.000
0.000
0.415
9.655
25.020
7.553
8.562
9.126
20.023
15.460
2.633
2.563
15.537
18.536
2.473
11.162
12.195
9.848
7.563
0.681
2.432
3.620
8.144
9.616
15.815
1.732
0.448
0.021
14.135
3.216
15.534
3.667
13.987
11.843
1.564
0.034
4.932
3.725
0.124
0.000
3.710
5.498
10.686
3.078
8.819
7.158
0.917
2.355
3.474
1.682
2.335
6.947
5.478
6.969
11.948
0.669
0.000
0.000
0.000
0.113
7.431
6.448
9.342
7.685
2.410
3.114
1.885
7.340
0.199
0.007
0.062
0.000
0.000
0.000
0.000
0.000
0.409
3.292
1.785
1.373
1.720
1.051
3.516
8.305
3.009
0.144
1.159
0.076
1.950
3.794
3.979
5.126
16.643
1.253
0.000
0.000
0.000
0.000
0.000
0.086
8.223
0.000
0.000
0.000
0.000
0.000
1.837
6.563
7.958
0.065
0.000
0.000
0.000
0.000
0.108
2.460
7.314
0.110
4.949
0.000
0.000
0.000
0.000
0.000
0.000
1.035
0.620
0.000
0.000
0.000
0.000
0.000
4.922
0.000
0.000
0.000
0.024
0.000
0.000
0.000
0.000
0.235
0.000
0.003
0.014
0.000
0.000
0.000
0.000
0.000
0.000
0.000
0.000
0.000
0.017
0.517
0.000
0.000
0.000
0.000
0.000
0.000
0.000
0.000
0.000
0.000
0.000
0.328
5.471
0.000
0.000
0.240
0.000
0.000
0.000
0.036
0.057
0.000
0.724
0.000
0.406
0.000
0.000
0.000
0.096
0.127
0.024
0.447
0.000
0.000
2.493
1.054
0.314
0.397
0.000
0.000
0.609
0.276
0.010
0.000
13.472
0.000
0.000
0.072
0.120
1.124
0.000
0.000
0.000
0.000
0.000
0.000
4.655
0.082
0.048
0.352
0.958
8.900
6.664
0.051
9.031
25.516
0.000
0.000
8.714
4.952
5.951
0.000
0.000
0.805
0.438
0.000
13.091
7.134
0.560
0.000
0.000
0.000
0.000
0.024
18.292
0.041
1.322
0.237
0.917
7.361
2.262
0.000
2.402
16.452
9.431
32.353
0.021
0.007
7.845
14.699
4.499
13.699
8.381
2.390
11.179
0.869
0.000
4.721
8.863
9.158
0.312
0.254
0.093
22.179
3.152
2.242
0.906
0.007
4.765
0.113
6.854
16.979
7.196
1.150
4.734
1.875
3.799
22.079
24.206
1.263
3.691
9.998
2.221
3.449
7.318
6.748
0.283
0.000
0.936
0.079
5.064
9.137
4.304
8.049
4.803
0.062
8.768
8.535
9.450
2.561
7.661
3.020
6.274
0.826
14.183
12.803
5.091
17.576
14.337
5.075
14.826
9.150
12.339
5.865
1.178
7.304
2.944
1.533
6.145
10.260
12.562
15.238
1.698
11.153
23.147
17.004
16.339
18.198
3.375
6.703
10.271
4.739
7.322
13.166
10.914
10.315
17.152
25.696
1.584
11.712
10.990
5.340
19.496
8.890
6.890
0.086
3.289
6.887
10.176
0.000
0.803
6.674
18.268
10.004
0.000
4.920
14.186
7.265
2.063
12.696
4.274
0.062
0.038
6.252
18.577
13.314
5.109
7.574
2.293
0.278
0.127
5.843
3.689
3.983
13.366
3.718
15.170
9.462
6.532
27.093
8.091
12.463
7.412
9.112
17.844
17.774
8.792
0.247
1.587
22.436
4.376
2.036
8.842
8.332
0.003
9.429
1.243
74.093
0.256
18.510
2.057
8.883
4.276
12.686
0.324
0.151
0.000
4.807
3.656
0.439
5.768
10.712
0.168
7.860
4.437
10.622
4.202
4.679
5.658
0.100
2.288
2.609
5.304
7.206
5.346
9.510
9.735
9.067
3.088
3.905
16.826
3.643
8.192
2.359
2.283
5.194
33.900
1.143
0.048
0.000
4.674
0.318
0.000
0.000
1.007
1.801
0.039
0.000
0.000
0.000
0.000
0.000
0.000
2.412
2.863
4.758
0.251
4.564
2.204
0.000
6.257
4.271
0.048
0.402
0.000
0.000
5.807
3.320
0.124
0.000
0.000
6.410
4.037
13.501
0.505
0.000
0.000
0.000
0.000
0.000
0.000
0.000
0.000
0.000
0.000
0.000
0.000
0.000
0.000
0.000
0.000
0.000
0.000
0.000
0.000
0.000
0.000
0.000
0.000
0.000
0.000
0.000
0.000
0.000
0.000
0.000
0.000
0.000
0.000
0.000
0.000
0.000
0.000
0.247
0.106
0.000
0.000
0.000
0.000
0.000
0.000
0.000
0.000
0.000
0.000
0.000
0.000
0.000
0.000
0.000
0.000
0.000
0.000
0.000
0.000
0.000
0.000
0.000
0.824
0.501
0.000
0.010
0.000
12.185
24.678
25.255
0.014
0.000
0.000
0.000
0.000
0.000
1.346
0.079
0.000
0.000
0.000
0.000
0.000
0.000
0.354
0.000
0.000
6.233
0.546
0.000
0.841
8.138
4.518
0.007
0.628
0.108
0.000
0.065
0.627
6.032
0.230
0.966
14.543
8.551
18.327
0.704
0.000
0.000
0.000
0.007
0.422
0.000
0.000
0.055
0.154
0.630
0.000
0.685
0.000
0.010
0.000
6.556
5.205
1.844
1.705
0.661
0.010
12.281
2.125
3.272
6.611
9.086
5.575
2.230
13.111
31.536
28.135
2.094
0.034
0.014
3.050
23.161
17.616
12.018
33.537
5.442
2.824
0.500
3.589
11.306
13.050
0.764
17.078
125.926
27.339
1.015
4.254
7.860
6.461
14.170
8.942
0.183
6.382
10.829
3.816
7.339
0.000
4.104
7.246
6.547
20.594
8.938
12.060
6.873
4.030
13.596
10.360
5.507
0.450
9.318
8.173
9.550
19.593
11.321
3.176
5.527
3.974
3.135
11.300
3.650
7.905
20.622
24.771
38.603
43.609
30.060
1.626
5.775
1.682
6.321
8.003
9.412
4.453
10.222
2.599
1.040
19.854
7.078
3.921
4.499
0.175
1.528
2.982
18.660
10.523
9.414
12.263
9.850
2.029
10.173
1.389
0.000
14.248
16.510
2.398
2.798
7.285
10.339
13.496
19.950
61.458
14.924
1.265
16.394
7.107
0.501
4.165
12.712
5.689
20.850
7.735
13.132
5.939
0.357
3.522
14.087
4.865
0.072
10.162
53.074
6.307
6.647
18.385
21.849
4.477
8.140
2.050
6.956
7.021
6.557
16.667
2.170
14.862
5.462
2.130
3.890
38.728
2.410
8.930
2.575
19.484
11.302
9.558
9.211
1.888
2.496
7.011
0.381
3.553
19.116
17.259
8.247
10.231
4.044
0.700
0.467
16.819
0.618
6.032
20.414
12.370
12.864
8.011
21.471
16.885
17.037
5.529
4.334
8.906
4.219
15.656
0.021
0.000
0.000
0.000
0.000
1.555
17.885
8.823
9.725
14.668
8.135
0.285
0.024
0.000
0.000
0.000
0.000
1.509
2.580
6.396
1.871
0.425
5.253
7.162
5.304
8.437
3.698
8.700
6.626
6.161
1.562
2.882
3.248
2.621
4.777
9.452
0.556
0.000
0.000
0.554
4.201
3.477
12.104
0.295
0.000
0.000
0.000
8.465
0.275
3.133
3.296
0.014
0.045
9.400
2.711
3.346
6.779
3.323
0.000
0.000
0.031
0.000
0.000
0.000
0.000
0.000
0.000
0.000
0.000
0.000
0.000
0.000
0.000
0.000
0.000
0.000
0.000
0.000
0.017
5.189
11.929
10.332
0.642
0.000
0.000
0.419
2.671
4.329
0.000
0.000
0.000
0.000
0.498
0.000
0.175
0.148
0.000
0.000
0.000
0.000
0.000
0.000
0.000
0.601
0.951
0.000
0.000
0.000
0.062
0.010
0.000
0.000
0.000
0.000
0.000
0.000
0.000
7.817
1.159
0.000
0.000
0.000
0.045
0.000
0.000
0.000
0.553
0.038
0.000
0.000
0.294
0.374
0.000
0.000
0.000
0.000
0.000
0.000
0.000
0.000
0.000
0.069
0.000
0.000
0.000
0.000
10.051
1.233
0.216
2.534
1.287
0.196
0.000
0.000
0.014
0.014
0.000
0.941
0.862
10.241
0.089
0.000
0.000
0.007
0.000
1.239
0.175
4.491
14.208
0.014
4.206
0.465
13.592
8.202
0.213
0.000
0.031
12.404
0.965
3.838
11.555
20.814
13.535
5.174
3.960
8.070
16.577
17.897
6.590
0.003
5.746
1.049
0.051
0.000
0.000
0.000
1.373
14.902
5.035
38.095
12.195
7.546
0.673
0.000
3.383
6.489
2.966
0.000
0.000
0.000
0.000
0.000
3.312
1.040
2.185
3.510
0.668
0.000
10.267
7.646
9.402
23.209
11.234
0.268
0.000
10.016
12.369
5.194
0.010
1.790
1.215
5.019
10.660
48.982
9.126
2.468
9.177
8.047
13.160
10.573
1.952
8.566
10.030
14.814
11.636
4.290
19.550
1.682
5.742
14.583
35.597
2.402
8.822
5.685
8.607
3.490
19.545
65.490
6.506
0.486
3.662
13.118
9.818
10.919
10.456
8.148
11.055
8.212
11.500
14.897
6.588
12.186
10.986
6.123
11.080
12.082
8.837
18.341
14.895
10.973
13.439
16.125
13.235
16.757
5.764
6.669
15.057
11.963
13.067
32.226
0.978
2.491
1.570
0.000
1.639
22.610
23.083
0.700
7.057
7.340
26.563
4.233
17.269
2.783
19.199
23.590
7.642
1.342
1.167
6.990
13.158
0.654
0.000
9.422
4.777
24.403
15.034
0.791
9.582
10.928
8.640
8.756
13.781
4.803
7.217
7.927
8.885
8.676
18.522
13.257
10.906
10.210
3.449
7.993
12.167
11.644
11.527
1.569
12.463
24.730
2.522
5.545
0.522
10.255
6.787
13.369
4.178
9.568
0.027
1.861
4.642
10.317
12.572
8.367
2.475
9.362
1.085
2.496
9.833
9.538
4.185
4.110
13.884
12.469
9.611
8.738
17.904
10.749
1.064
6.314
11.831
4.216
7.320
3.213
0.000
8.484
6.609
0.003
0.000
0.000
0.000
0.000
0.000
1.758
6.571
1.833
7.641
6.630
18.248
13.956
6.837
6.585
10.439
4.525
0.520
6.607
7.927
0.288
0.000
7.598
3.663
0.137
0.000
0.000
0.000
0.000
0.000
0.146
0.000
0.887
0.000
0.000
1.645
4.736
9.850
36.509
0.623
0.000
0.000
0.000
0.000
0.000
0.000
0.000
0.000
0.000
0.000
0.003
4.185
10.088
6.101
0.014
0.000
0.000
0.000
0.036
0.000
0.000
0.000
0.000
0.654
0.137
0.000
0.000
0.000
0.000
0.000
0.125
0.000
0.000
0.000
0.000
0.000
0.000
0.000
0.000
0.000
0.000
0.000
0.000
0.014
0.000
0.000
0.000
0.024
2.486
0.062
10.162
6.657
4.997
0.240
0.000
0.000
0.000
0.000
0.000
0.000
0.000
0.000
0.021
3.229
0.000
0.000
0.000
0.000
0.953
0.000
0.000
0.479
0.076
0.089
1.758
0.000
0.000
0.608
0.000
0.000
0.000
0.000
0.000
0.000
0.000
0.000
0.007
0.220
0.201
0.000
0.000
0.000
0.000
0.000
0.000
3.814
0.000
2.628
0.000
0.000
0.000
0.000
0.000
0.000
0.000
0.000
0.000
0.076
0.000
0.000
13.232
3.468
0.000
1.336
0.000
0.062
0.549
5.143
6.063
14.864
0.000
0.000
0.000
0.031
0.120
0.007
0.000
0.984
0.062
0.788
0.903
0.070
0.235
0.074
13.102
12.736
0.000
0.340
0.060
0.000
0.000
5.821
0.000
0.003
0.000
0.321
0.105
0.261
5.843
8.532
11.168
17.697
11.416
0.010
0.000
0.000
22.028
0.000
14.059
5.098
16.919
1.967
3.845
1.027
0.810
0.000
3.076
1.665
3.572
36.969
36.662
5.342
97.459
0.795
1.686
0.000
14.650
15.106
11.220
16.476
11.752
1.639
0.223
1.727
17.434
69.542
1.675
8.372
9.592
16.490
16.682
11.854
7.472
8.360
10.173
29.085
15.424
12.138
11.755
1.392
8.497
11.565
15.364
16.210
0.833
3.351
3.654
6.990
0.489
12.399
11.316
3.100
11.869
0.082
13.632
3.636
9.297
7.943
2.517
6.266
0.000
1.737
11.247
6.746
0.350
10.835
13.221
7.687
30.272
23.988
2.709
4.099
0.048
0.151
18.806
10.399
0.474
8.113
1.801
13.233
11.129
3.742
13.293
3.392
3.392
8.569
0.606
1.456
8.293
13.041
11.652
8.141
10.657
1.919
10.336
20.308
21.717
140.858
2.338
2.856
0.625
9.640
11.518
5.533
11.529
10.419
12.480
0.865
2.353
3.145
1.292
7.939
3.347
0.055
0.079
0.000
5.652
9.366
15.707
2.187
12.548
10.382
3.857
12.485
10.801
13.613
16.363
0.436
2.451
4.916
4.473
12.648
1.531
6.285
3.639
10.265
9.249
0.021
0.000
1.847
5.140
2.115
5.572
2.848
5.201
8.923
9.630
4.988
6.564
12.796
5.627
14.131
13.620
0.913
0.903
0.021
0.697
4.147
1.473
6.382
0.000
9.984
10.770
1.857
0.000
0.106
4.374
2.499
3.715
4.570
1.027
0.493
2.781
2.633
3.090
4.930
4.266
7.845
1.119
0.000
1.861
3.093
6.286
7.285
14.241
1.572
0.000
0.000
0.000
0.000
0.000
0.000
0.000
4.793
4.793
4.147
0.525
4.304
0.065
4.328
8.284
3.025
0.000
0.000
3.691
0.000
0.069
0.000
0.000
0.000
0.000
0.000
0.048
0.000
0.000
0.000
0.000
0.000
0.000
2.625
6.303
0.348
0.000
0.000
0.000
0.000
0.000
0.034
0.000
0.000
0.000
0.000
0.000
0.000
0.000
0.000
0.000
0.000
0.000
0.391
4.595
0.000
0.000
0.000
0.000
0.000
0.000
0.000
0.031
0.010
0.000
0.000
0.000
0.000
0.000
0.000
0.000
0.000
0.000
0.000
0.000
0.000
0.000
0.000
0.000
0.845
0.000
0.912
0.000
0.000
0.000
0.000
0.000
0.000
0.000
0.280
0.000
2.568
1.315
0.034
0.000
0.000
0.000
0.000
0.000
0.000
0.000
3.529
3.577
0.000
0.000
0.027
0.024
0.000
0.074
0.000
0.000
0.000
0.014
0.463
0.000
0.000
0.000
0.000
0.000
0.000
0.000
0.000
0.000
0.000
0.000
0.000
0.000
0.000
0.058
0.110
0.000
5.030
0.000
2.673
0.683
0.000
0.000
1.442
0.206
5.459
12.926
2.771
0.079
6.264
0.000
7.062
3.746
2.571
0.000
0.051
0.014
11.791
1.947
5.531
0.000
0.000
0.903
0.179
0.151
0.872
7.201
0.268
0.731
11.560
15.026
0.247
6.607
0.000
0.367
6.121
13.575
32.157
4.693
2.058
0.089
0.405
2.968
0.824
0.463
0.000
1.241
3.195
0.000
0.000
0.000
0.000
0.000
6.055
0.936
0.000
1.674
3.639
7.242
0.357
0.029
7.535
5.938
6.357
14.926
1.265
1.646
8.976
4.281
9.044
11.340
0.889
9.971
5.617
7.984
1.966
0.055
9.218
2.262
0.000
3.188
2.625
0.563
4.757
0.270
0.000
0.168
6.361
0.252
14.540
6.882
20.536
8.159
3.074
5.981
0.000
0.000
0.000
0.000
3.248
10.097
0.039
0.024
0.137
0.000
0.000
3.770
0.000
0.000
0.566
9.421
0.027
0.484
0.254
5.260
83.201
12.634
35.072
72.089
24.620
12.099
1.806
10.914
0.371
7.890
0.093
10.911
17.104
14.519
10.729
9.194
18.222
3.025
3.589
7.574
5.361
1.768
11.298
2.197
7.148
8.045
13.429
9.562
8.815
10.499
13.626
3.033
8.099
0.304
7.996
6.660
3.500
5.715
3.456
25.602
1.378
0.000
0.000
0.213
4.123
1.902
17.664
11.501
9.043
1.641
11.299
11.790
2.396
5.799
10.173
16.088
11.773
11.946
6.509
6.372
12.902
23.209
0.551
2.527
0.474
5.188
10.756
5.696
1.521
11.781
17.146
14.794
22.501
5.651
14.838
0.488
0.007
0.000
1.840
10.366
19.954
11.898
6.466
1.188
8.411
9.313
5.840
2.185
1.849
4.039
3.823
1.859
4.599
0.000
8.484
5.504
15.940
4.876
0.000
3.090
6.909
5.509
3.976
0.000
0.000
0.046
2.204
3.556
10.828
5.062
1.310
0.201
3.868
0.264
0.000
0.000
0.000
0.203
2.232
0.000
0.000
0.000
0.000
1.016
0.000
0.000
0.000
0.000
0.000
0.000
0.000
0.017
2.345
0.000
0.000
0.000
2.870
3.490
6.710
7.766
4.429
0.096
0.086
0.007
1.370
0.230
0.000
0.000
0.000
0.000
0.000
0.000
0.340
0.000
2.008
14.449
1.233
3.378
0.000
0.000
0.000
0.000
0.000
0.000
0.000
0.000
0.000
0.000
0.000
0.000
0.000
0.000
0.000
0.000
0.000
0.000
0.000
0.000
0.000
0.000
0.000
0.000
0.000
0.000
0.000
0.000
2.463
0.000
2.719
2.503
5.744
0.089
0.199
1.394
0.000
0.000
0.000
0.000
0.000
0.000
0.055
0.276
2.791
1.885
0.537
0.024
0.033
0.050
0.000
0.000
0.000
0.000
3.768
0.474
3.049
18.212
4.540
0.000
0.000
0.000
3.421
0.000
0.000
0.000
0.168
0.245
3.299
0.000
0.160
0.000
0.000
0.410
0.000
0.024
0.613
0.151
0.000
0.295
0.578
10.780
2.050
2.465
4.461
0.034
0.000
0.000
0.000
0.000
0.034
0.336
2.348
8.382
0.769
0.151
0.000
0.182
0.000
0.000
0.065
0.000
0.124
0.000
0.000
0.000
0.000
0.759
0.065
0.000
0.000
0.000
1.480
2.098
0.982
1.215
7.248
3.928
0.000
4.813
9.932
6.420
13.973
11.367
12.064
3.770
25.487
0.687
0.402
7.407
86.449
0.010
0.879
0.000
0.079
13.481
6.942
13.719
5.634
6.200
0.021
11.690
7.368
1.421
8.078
26.007
6.339
2.410
0.000
21.988
10.590
9.344
9.447
5.335
3.447
2.793
5.957
6.300
7.234
3.304
0.467
0.000
0.831
7.879
11.086
19.230
25.631
6.521
6.676
11.374
11.055
4.388
11.917
7.021
9.630
1.756
3.380
10.837
16.102
7.807
2.067
6.218
9.136
10.135
7.745
4.693
3.114
6.036
9.201
4.467
6.739
10.351
3.763
9.994
10.852
12.528
10.370
6.789
5.728
27.368
26.483
9.446
14.610
11.430
15.958
7.510
1.410
0.014
8.163
11.089
33.936
26.844
7.163
5.641
15.793
9.804
2.697
9.697
2.273
10.413
1.246
7.756
11.273
25.442
6.247
13.522
4.733
9.845
3.038
5.373
10.914
12.483
21.035
0.000
5.749
19.860
4.123
9.761
2.142
1.845
0.731
21.241
13.475
11.458
13.093
34.949
107.603
1.112
10.865
14.028
85.951
2.190
8.020
2.353
8.406
14.575
10.126
11.047
12.276
12.207
9.560
32.784
1.142
3.222
42.589
6.693
0.609
8.130
5.148
18.917
5.150
3.739
13.987
34.063
8.499
58.703
14.164
1.847
3.533
4.271
6.851
11.395
16.727
14.346
1.495
5.414
3.444
5.891
0.961
5.576
9.263
3.533
16.249
8.913
0.374
0.000
2.760
1.439
8.562
10.904
0.130
0.000
0.000
0.000
0.000
3.419
1.729
0.711
6.777
12.572
9.407
21.241
0.920
0.000
4.776
0.000
2.084
3.392
1.650
0.000
0.000
0.251
7.929
3.152
7.818
2.877
0.010
0.000
0.000
0.000
4.635
3.650
7.211
3.342
0.110
0.000
0.000
0.000
1.468
4.216
2.980
0.124
5.009
0.000
0.551
4.091
0.000
0.041
4.267
8.892
0.000
0.000
2.674
0.165
0.000
0.000
0.000
0.000
1.303
0.000
0.000
0.000
0.000
0.000
0.000
0.000
0.000
0.000
0.000
0.000
0.000
0.000
0.000
0.000
0.003
1.265
0.000
0.000
0.000
0.000
0.000
0.000
0.000
0.000
0.000
0.034
0.705
0.118
0.000
0.000
0.000
0.000
0.000
0.051
8.842
0.027
0.000
0.064
0.287
0.043
0.000
0.000
0.034
0.000
0.235
0.038
0.232
0.000
0.000
0.000
0.000
0.000
0.000
0.000
0.010
0.000
2.966
0.000
0.113
0.007
0.000
0.000
0.000
0.031
0.000
0.000
0.000
0.000
0.000
0.429
0.000
0.000
0.312
1.114
0.051
0.000
0.000
0.000
1.013
0.549
0.000
0.000
0.000
3.945
0.000
0.000
0.003
0.000
0.130
1.569
1.215
0.124
0.076
0.000
0.000
10.612
0.776
4.230
0.000
0.288
4.383
1.147
4.762
6.372
15.201
2.431
8.995
17.623
14.361
69.825
1.861
1.421
2.496
0.076
0.000
0.000
10.217
9.953
2.616
2.489
15.274
6.700
4.046
3.073
11.975
2.091
5.670
9.263
0.144
2.889
0.069
3.447
18.303
11.941
14.941
12.662
7.508
0.024
0.000
11.197
11.172
4.039
4.993
5.733
4.183
19.880
9.946
3.081
5.967
17.737
1.118
0.021
12.790
2.959
13.033
14.262
5.136
1.904
13.855
21.029
9.737
0.211
10.566
4.831
9.814
7.054
1.245
0.000
1.099
1.775
1.859
0.007
0.000
2.963
16.842
22.731
8.966
8.212
29.780
91.722
7.730
6.194
15.137
3.229
10.437
8.377
10.361
7.364
9.500
5.047
20.289
1.677
10.392
6.710
9.931
16.720
15.099
8.902
3.356
10.025
5.074
10.846
2.949
14.128
13.527
2.874
2.468
5.421
8.918
12.360
16.239
8.957
12.308
5.232
0.577
6.997
14.265
18.550
14.799
6.889
13.506
11.117
0.395
8.559
9.081
10.693
6.928
35.884
19.662
2.439
11.632
15.130
23.188
0.460
0.000
0.055
0.930
0.000
0.000
1.315
5.812
19.487
2.674
3.952
5.782
5.613
14.387
82.713
8.525
9.098
23.088
6.408
9.191
10.293
11.773
95.315
3.873
6.101
2.019
2.486
5.431
14.775
11.184
10.130
0.235
8.647
16.367
12.397
0.263
9.735
15.166
8.962
16.870
5.305
12.720
8.166
2.879
12.338
4.106
8.632
8.702
11.781
12.706
5.993
0.731
7.423
15.640
10.722
5.536
10.804
11.292
2.616
3.153
6.763
5.888
10.827
7.757
4.820
15.195
11.808
4.646
8.647
2.780
0.000
0.000
0.000
2.123
0.328
0.535
13.038
2.712
6.341
8.830
15.233
7.695
3.557
0.106
4.238
6.322
6.638
0.477
4.309
2.925
5.140
7.066
0.000
0.000
7.780
14.828
1.126
0.000
0.000
0.000
0.034
7.944
2.094
0.000
0.736
6.499
1.025
6.870
7.902
0.336
0.000
1.037
2.365
0.635
0.000
0.000
0.000
0.029
1.797
0.424
4.108
1.276
0.000
0.000
0.000
0.044
0.000
0.000
0.000
0.000
0.000
0.000
0.000
0.000
0.067
0.000
0.000
0.000
0.000
0.285
5.936
6.068
3.398
0.000
0.000
0.000
0.000
0.000
0.000
0.000
0.000
0.041
0.000
0.000
0.000
0.000
0.000
0.306
10.233
0.633
0.000
0.000
0.000
0.000
0.000
0.000
0.000
0.000
0.000
0.000
0.000
0.000
0.000
0.000
0.048
0.031
0.000
0.223
0.000
0.000
0.000
0.000
0.000
0.000
0.000
0.000
0.000
0.000
0.000
0.000
0.000
0.000
0.010
1.418
0.120
5.370
5.450
6.568
0.000
0.024
0.055
0.158
0.000
0.774
0.000
0.565
4.499
0.000
0.000
2.460
21.197
23.931
4.906
1.260
11.458
1.731
0.231
1.516
0.000
0.000
1.231
0.010
15.499
9.654
1.533
0.908
0.000
0.000
0.000
0.681
0.000
0.000
2.302
0.000
0.000
0.000
0.000
1.492
2.027
4.439
0.266
5.691
6.616
3.401
0.000
0.000
14.519
0.908
0.000
0.000
0.000
0.076
5.274
0.000
0.283
0.000
0.000
0.000
0.175
0.000
0.000
4.195
4.664
2.103
0.000
1.905
0.000
0.554
12.133
6.973
16.972
2.446
16.903
4.292
18.612
18.357
19.109
6.588
10.962
7.139
14.499
11.776
2.417
5.668
1.689
17.355
0.525
7.613
4.398
6.657
0.855
3.296
0.640
11.333
20.881
20.833
2.596
2.796
7.096
1.284
14.171
8.600
2.905
12.554
9.039
0.484
13.291
4.826
5.066
0.097
0.000
0.000
0.000
0.573
0.268
12.962
7.059
3.444
14.295
2.889
8.197
5.876
5.890
8.468
4.767
15.195
1.921
4.838
4.679
12.003
6.108
5.673
1.886
0.158
4.872
21.633
0.113
5.435
19.985
1.205
0.402
5.260
5.548
21.547
0.017
3.856
15.971
4.435
13.170
1.960
2.898
6.643
0.000
2.541
3.495
5.778
2.328
12.284
6.527
2.836
8.205
7.127
25.710
14.268
13.417
1.028
19.501
6.108
7.257
24.486
0.302
4.165
12.708
23.138
123.574
22.331
16.067
15.567
14.377
0.335
3.734
12.185
14.105
0.221
0.204
10.571
5.279
4.663
3.565
4.297
1.578
4.831
5.970
11.189
9.587
19.856
12.222
16.212
3.282
2.527
2.901
9.788
27.253
0.948
0.000
0.000
0.642
4.741
10.629
10.265
6.509
21.380
15.683
0.014
0.000
0.000
1.473
1.440
4.178
8.089
7.028
10.344
8.185
4.127
26.755
3.996
9.877
4.106
7.632
4.086
0.000
0.031
0.000
7.148
0.604
0.089
4.360
12.164
9.960
9.786
0.975
0.484
18.073
1.428
1.130
1.353
0.014
0.000
0.000
0.000
0.000
0.038
9.853
4.727
0.772
1.049
0.000
0.000
0.021
4.431
10.440
1.945
3.416
8.956
0.000
0.000
0.000
0.000
0.000
0.014
0.220
1.897
0.000
0.000
0.000
0.000
0.000
5.416
8.606
3.311
2.594
0.051
2.814
0.000
1.813
3.265
1.147
0.302
0.000
0.000
3.646
4.055
0.989
4.365
0.254
0.000
0.000
0.000
0.000
0.000
0.000
0.000
0.158
0.000
0.000
0.000
0.000
0.000
0.027
0.000
1.536
0.163
0.182
4.916
0.108
0.000
0.000
0.000
0.477
0.000
0.000
0.000
0.000
0.014
0.000
0.000
0.000
1.883
0.000
0.003
0.000
0.000
0.000
0.000
0.000
0.000
0.000
0.000
0.000
0.000
0.000
0.000
0.000
0.000
0.000
0.000
0.000
0.000
0.000
0.000
0.000
0.000
0.000
0.000
0.000
6.382
3.378
1.566
1.442
0.299
3.310
0.000
0.000
0.000
2.063
0.000
0.000
0.000
0.000
3.193
0.587
2.468
2.678
0.172
0.106
0.000
0.000
1.015
0.182
0.038
0.000
0.000
0.360
0.178
2.532
0.242
9.000
8.071
4.750
0.283
0.000
0.445
0.391
2.166
0.106
0.000
0.000
0.000
0.000
0.118
0.000
2.559
1.820
3.402
2.345
0.000
0.000
0.000
0.000
0.000
0.000
0.094
0.000
0.000
0.007
19.983
0.072
6.429
14.451
3.663
0.645
4.637
0.221
0.309
123.500
0.244
3.035
0.359
1.828
0.666
5.061
1.785
16.409
39.259
0.390
6.262
0.997
20.033
11.137
5.828
9.041
9.203
11.191
20.276
21.468
4.734
13.314
3.376
9.529
9.459
2.815
6.397
9.347
7.302
1.368
13.271
0.072
1.243
9.845
8.187
17.036
8.916
5.282
7.241
4.053
27.365
4.087
10.681
20.877
2.875
4.395
2.791
3.687
0.021
5.703
6.729
5.565
7.866
7.430
6.868
14.231
17.228
9.565
10.073
11.223
12.415
17.159
19.861
4.427
0.165
7.436
12.267
20.266
11.477
0.000
6.640
2.050
3.632
13.051
6.293
1.792
0.108
3.507
15.341
9.297
5.988
21.103
3.447
16.661
20.951
59.531
2.596
5.900
5.194
55.816
66.186
4.281
7.071
7.435
7.834
13.602
2.384
9.944
19.914
2.299
9.206
4.161
13.474
7.278
3.088
4.858
21.755
19.113
4.566
3.526
17.388
13.696
5.557
17.149
2.800
1.447
1.260
19.660
12.238
8.595
18.606
9.316
10.931
12.268
18.649
4.836
8.169
5.685
8.720
65.243
11.400
12.499
0.424
18.837
20.809
14.474
9.440
6.571
2.438
14.462
5.267
2.345
0.300
5.146
2.796
9.265
4.412
7.157
15.925
13.455
21.362
0.170
0.000
0.000
0.779
1.111
12.248
3.738
5.382
10.468
5.131
13.679
29.734
1.533
0.745
0.000
0.000
0.000
0.108
5.282
0.774
4.604
6.401
8.231
0.647
6.075
100.761
27.768
2.479
8.906
5.088
6.915
0.225
8.521
3.177
4.566
8.684
0.057
6.844
0.748
0.273
3.353
11.180
9.363
25.056
0.034
0.000
0.000
0.000
0.000
0.000
0.000
0.000
0.000
0.000
0.017
0.263
0.014
6.993
3.478
0.000
0.064
0.000
0.000
0.000
0.000
0.000
0.000
0.189
3.292
2.601
18.624
1.001
0.000
0.000
0.000
0.000
0.000
0.007
2.776
0.000
0.000
0.000
0.000
0.000
0.000
0.000
0.000
0.000
0.000
0.000
0.000
0.000
0.000
0.000
0.000
0.000
0.000
0.000
0.000
0.000
0.000
0.000
0.000
0.000
0.000
0.000
0.000
0.000
0.000
0.034
3.260
0.524
0.000
4.302
2.087
0.000
0.000
0.000
0.010
0.048
1.250
0.000
0.024
0.728
0.000
0.000
0.000
0.000
0.000
0.342
3.387
3.538
0.869
0.000
0.000
0.000
0.000
0.723
0.000
0.836
8.531
0.000
0.000
0.000
0.081
0.000
0.000
0.000
0.000
0.034
0.148
0.000
0.000
0.000
0.027
0.000
33.882
30.420
0.076
0.400
0.018
0.000
0.000
0.003
0.155
0.000
0.245
10.284
0.000
1.270
0.463
3.035
6.856
0.000
0.000
0.000
0.079
0.609
13.759
0.094
0.000
0.000
0.137
0.000
0.050
0.797
15.935
4.037
0.199
0.021
26.793
2.650
9.477
2.814
6.695
0.000
0.000
5.909
0.333
4.618
0.563
12.181
0.000
3.419
0.010
5.189
33.295
4.515
0.000
0.000
1.408
10.056
0.158
0.010
0.017
15.971
0.893
3.734
3.811
39.647
9.687
0.855
0.336
2.317
8.264
11.016
13.410
0.927
6.908
19.678
12.403
2.536
2.153
4.019
6.315
1.837
0.021
11.033
14.075
11.450
1.741
14.758
0.000
0.010
0.419
0.000
0.014
0.094
1.474
3.668
2.561
5.723
11.060
12.700
5.388
4.913
0.848
9.112
13.232
6.935
6.327
0.117
6.115
1.040
15.067
6.928
9.270
12.150
2.959
6.932
8.738
7.934
6.317
21.073
0.539
5.826
6.573
8.665
12.727
10.578
5.109
0.714
6.932
4.693
1.871
0.858
3.643
5.037
7.455
0.010
6.018
9.579
15.051
1.620
14.790
2.554
5.174
14.667
12.011
5.212
10.001
13.151
12.710
6.626
2.568
12.198
1.105
0.457
19.621
137.978
11.817
9.040
2.582
6.018
9.373
4.039
4.147
13.790
9.913
19.822
45.928
3.457
14.116
1.669
14.709
26.063
17.840
9.192
17.025
5.334
4.650
11.761
8.766
3.612
5.577
10.458
8.966
13.347
4.434
6.348
15.400
21.276
15.067
6.708
0.000
0.000
1.593
0.000
0.000
0.000
0.000
3.495
9.828
16.685
6.478
14.857
0.963
11.900
16.088
1.073
14.696
5.847
2.236
12.288
3.238
9.299
3.701
10.986
14.170
11.961
0.093
0.788
11.261
7.823
3.466
9.568
5.838
13.302
12.500
5.330
3.660
0.134
0.007
1.767
3.147
0.736
1.691
3.670
9.373
0.400
0.000
7.738
6.524
5.721
4.401
7.227
0.014
0.000
2.798
11.445
0.000
0.000
0.000
0.000
1.181
6.132
0.000
0.014
14.389
0.489
5.277
2.839
1.076
8.356
7.847
25.572
0.632
0.031
4.226
3.353
6.269
4.122
2.681
1.962
4.534
0.014
2.899
0.000
0.000
0.000
0.000
0.000
0.000
0.017
0.000
1.571
3.184
0.098
0.000
0.000
0.000
0.000
0.000
0.000
0.000
0.000
0.000
0.000
0.000
0.000
0.000
0.000
0.000
0.000
0.000
0.000
0.000
0.000
0.000
0.000
0.000
0.000
0.000
0.000
0.000
0.000
0.000
0.000
10.763
1.940
0.197
10.258
1.983
4.170
0.000
1.303
0.000
0.000
0.000
0.000
0.000
0.000
0.000
0.000
2.417
0.295
2.654
6.557
0.625
0.812
4.630
0.000
0.000
0.000
0.000
0.000
0.000
0.000
0.000
0.000
0.000
0.007
0.299
0.000
0.000
0.580
0.000
0.000
0.000
0.000
2.403
0.515
0.014
0.288
4.721
39.554
0.117
0.113
0.000
0.000
2.046
1.844
0.000
0.000
1.569
13.190
0.412
2.486
6.489
0.000
0.000
0.000
1.598
0.587
1.318
0.585
0.264
0.000
0.000
0.000
0.000
1.062
0.000
0.000
0.000
0.000
0.010
4.269
0.000
0.043
0.381
0.057
4.395
9.713
0.000
0.000
0.000
0.513
0.000
6.843
0.340
2.063
0.000
0.000
2.910
1.334
5.013
0.027
0.000
0.000
0.000
0.000
0.462
0.276
1.601
2.661
0.000
0.683
2.807
22.766
0.391
11.462
7.855
9.040
6.777
4.492
15.839
17.992
15.179
1.492
14.543
0.216
4.331
84.835
4.263
6.312
17.549
6.666
7.392
0.055
0.000
0.000
4.659
0.072
1.368
24.560
0.781
12.296
60.210
84.176
28.357
11.838
8.633
9.872
13.074
20.344
28.355
8.550
5.787
0.175
0.996
5.284
9.004
19.423
16.467
11.067
4.517
1.880
9.246
1.454
3.368
0.797
16.013
17.618
9.701
35.403
13.692
15.801
4.566
3.028
17.539
12.681
6.042
3.983
2.437
24.527
2.300
2.899
3.934
1.687
0.000
1.875
9.857
14.990
0.801
4.470
0.390
12.128
8.238
2.032
8.576
13.254
5.842
6.951
0.548
0.000
0.000
2.080
7.478
11.872
1.652
8.494
9.996
3.239
3.909
4.645
0.000
0.000
6.611
12.863
4.745
8.391
7.490
4.532
15.786
27.729
14.545
2.788
2.331
4.158
3.823
10.358
2.451
18.807
8.859
2.439
21.840
2.012
5.193
3.382
5.461
6.468
14.619
5.712
13.634
4.755
4.305
1.669
5.303
9.280
11.522
14.341
12.246
15.680
0.371
0.017
1.205
6.358
1.198
1.658
1.929
4.219
6.255
1.868
2.935
14.893
9.970
23.943
13.850
3.612
3.567
1.895
6.736
75.589
1.881
2.462
3.845
4.540
4.247
1.054
5.019
6.025
0.021
1.301
5.915
5.675
6.434
0.257
0.000
0.000
0.000
2.558
3.042
4.082
3.265
7.158
10.190
2.094
0.000
0.000
0.000
0.000
0.000
0.000
0.687
0.000
8.047
9.362
16.607
4.048
10.276
5.891
0.419
0.000
0.000
0.000
0.000
0.000
0.000
0.000
1.771
0.989
2.849
4.940
0.434
0.108
0.000
0.247
0.175
0.170
0.000
0.000
2.882
3.735
0.007
0.000
0.206
0.076
0.000
0.000
0.000
0.000
0.000
0.000
0.000
0.000
0.000
0.000
0.000
0.000
0.000
0.000
0.000
0.000
0.000
0.000
0.000
0.000
0.000
0.000
0.669
2.671
0.000
0.000
0.000
0.000
0.000
1.624
1.140
0.000
0.000
0.000
0.000
0.000
0.000
0.000
0.000
0.000
0.000
1.626
0.340
0.021
6.779
0.000
0.038
0.000
0.000
0.000
0.000
0.000
0.000
11.961
4.782
0.000
0.017
0.000
0.000
0.000
0.000
0.352
0.000
0.000
0.000
0.000
0.000
0.000
0.048
0.021
0.000
0.067
0.031
0.000
0.000
0.000
0.000
0.000
0.000
0.000
0.000
0.000
0.000
0.000
0.000
0.819
0.079
0.000
0.000
0.000
0.000
0.000
0.000
4.576
0.151
1.666
8.405
0.000
0.443
0.024
0.000
0.000
0.000
0.000
0.038
0.079
0.000
0.000
0.000
0.000
0.000
0.151
0.000
0.790
8.574
7.166
75.734
0.010
0.000
0.000
0.759
9.055
11.247
0.910
9.522
23.027
9.919
1.354
0.918
0.987
12.854
9.617
7.078
9.471
0.683
7.733
3.747
0.000
7.234
5.033
8.791
5.744
12.560
5.885
0.007
16.660
11.010
1.145
0.010
2.101
6.421
1.325
11.275
14.310
5.352
5.382
1.356
5.782
3.967
11.355
36.376
25.995
6.442
32.264
28.518
25.083
2.194
5.376
17.173
6.422
9.974
16.162
2.287
0.237
0.000
0.000
6.995
0.010
6.113
17.391
84.694
0.051
0.000
0.908
3.886
2.518
11.649
38.162
13.208
16.696
6.214
9.905
1.322
0.343
11.278
2.729
6.636
7.390
20.805
11.484
8.150
62.813
146.393
10.011
0.961
10.028
20.222
20.651
17.877
13.724
18.007
29.931
5.030
8.758
14.385
14.650
23.291
14.859
6.204
1.200
3.078
14.948
4.645
2.159
8.278
2.953
7.354
17.647
9.740
2.547
2.057
3.677
8.871
13.245
80.482
13.857
16.390
87.221
7.459
20.709
15.659
21.798
11.182
16.407
3.653
0.038
14.008
3.207
12.600
0.905
17.082
13.360
0.894
3.507
0.443
1.504
0.520
1.794
12.809
21.665
17.746
19.966
9.002
0.345
7.134
2.741
4.170
9.759
11.400
0.069
5.663
8.161
20.625
2.594
8.257
2.105
2.163
4.049
21.562
7.155
9.471
16.198
12.231
5.552
9.491
6.259
12.099
8.593
9.223
11.458
15.443
9.174
12.095
5.661
5.488
39.523
25.825
0.127
0.021
0.388
0.766
6.633
3.416
6.606
8.645
12.308
9.665
10.325
46.139
17.321
8.338
7.198
8.535
7.860
8.290
6.427
6.791
0.940
7.827
16.069
6.959
5.823
4.187
2.185
8.277
4.491
1.626
0.968
0.280
0.000
0.000
0.239
0.049
10.876
0.451
9.981
9.536
4.559
2.093
0.438
0.007
1.974
1.737
0.230
0.246
0.094
0.098
0.000
2.724
1.962
0.237
0.288
1.922
0.000
0.366
1.869
0.000
2.005
9.783
18.896
0.189
0.000
9.004
0.875
0.807
3.136
1.337
5.098
3.794
0.010
5.188
0.000
2.644
1.057
2.024
0.000
0.000
0.000
0.000
0.000
0.000
0.000
0.000
0.000
1.933
2.568
2.091
3.598
0.000
0.000
0.000
0.000
0.000
0.000
0.000
0.000
0.000
0.000
0.000
0.000
0.000
0.000
0.000
0.000
0.000
0.000
0.000
0.663
6.557
0.000
0.000
0.000
0.000
0.000
0.055
0.000
0.000
0.000
0.000
0.000
0.000
0.000
0.000
0.000
0.000
0.000
0.000
0.000
0.000
2.966
0.045
0.237
0.000
0.000
0.000
0.000
0.000
0.000
0.000
0.000
0.000
0.000
0.000
0.000
0.000
0.033
4.232
1.198
0.000
0.096
4.326
1.384
0.707
0.173
0.000
0.185
0.000
0.000
0.000
3.613
0.292
0.106
0.000
0.000
0.000
0.000
0.000
0.000
0.000
0.000
0.726
0.000
0.043
0.124
0.000
0.827
0.000
0.000
0.000
1.348
0.000
0.235
1.983
0.000
0.011
0.050
0.601
0.000
0.000
0.000
0.683
12.687
0.041
0.000
0.000
0.179
0.237
1.888
7.088
0.000
3.102
29.613
12.837
1.848
0.000
0.244
6.441
0.000
0.000
7.270
2.226
5.090
2.130
6.771
69.123
0.000
14.076
8.618
0.645
0.417
3.456
4.779
0.105
0.120
18.996
4.027
6.218
0.367
0.611
13.556
11.228
6.472
10.911
1.809
7.031
7.508
15.082
12.789
22.927
2.712
4.635
1.013
11.676
22.917
14.361
0.385
0.264
0.000
0.542
0.130
0.000
0.000
1.006
0.285
0.000
0.175
0.000
0.165
0.072
0.000
0.000
0.158
0.000
2.489
1.876
3.763
5.366
3.996
9.670
8.109
2.300
14.632
12.852
5.478
0.203
1.766
6.187
0.697
8.037
14.461
12.621
7.838
4.419
18.117
14.718
6.705
6.101
10.622
3.588
11.264
6.351
17.770
5.215
9.695
19.099
5.061
1.040
0.549
18.241
4.987
3.483
3.365
3.742
4.611
10.022
13.729
4.134
6.527
23.147
16.541
6.626
10.279
3.358
4.822
21.104
22.852
0.906
10.217
9.422
7.069
32.358
11.158
3.787
7.163
1.943
1.052
2.650
14.014
16.174
32.935
0.082
0.628
11.192
29.103
139.937
0.539
10.808
29.340
12.373
4.946
1.092
9.215
5.555
11.005
9.345
8.332
14.167
27.957
14.497
12.405
1.998
4.218
9.905
10.323
6.000
8.744
5.023
6.956
13.739
15.144
9.980
2.374
2.524
15.558
13.197
5.910
10.447
9.326
14.172
3.117
5.587
1.526
2.150
8.053
2.511
7.550
10.851
11.249
4.106
1.748
9.919
0.858
3.768
6.156
10.004
1.909
6.315
6.767
6.928
3.953
7.354
4.326
11.082
0.038
0.000
0.000
0.000
0.000
0.000
0.110
0.975
4.302
0.000
0.000
0.000
0.000
2.352
0.110
1.236
0.003
1.607
3.842
0.024
0.000
0.000
0.000
0.000
0.000
0.000
3.186
1.775
7.302
4.492
2.254
3.334
0.189
0.000
0.000
0.000
0.000
0.000
0.000
0.021
0.000
0.027
0.000
0.000
1.262
4.978
10.406
0.000
0.000
0.000
1.042
1.645
3.137
0.984
1.248
0.000
0.000
0.000
0.000
0.000
0.000
0.000
0.000
0.000
0.000
1.876
0.814
0.000
0.000
0.000
0.000
0.000
0.000
0.000
0.000
0.000
0.021
0.148
0.000
0.042
0.000
0.000
0.000
0.216
0.139
0.000
0.000
0.000
0.000
0.000
0.000
0.000
0.000
0.000
0.000
0.007
0.000
0.000
0.000
0.000
0.000
0.000
0.000
0.000
0.000
0.000
0.000
0.000
0.000
0.000
0.137
0.000
0.000
0.000
0.000
0.000
0.000
0.000
0.000
0.045
0.000
0.000
0.000
0.000
0.000
0.000
0.086
0.000
0.000
0.010
0.295
0.000
0.000
0.000
0.000
0.000
0.014
0.000
0.000
0.014
0.000
0.000
4.324
0.000
1.130
0.017
0.000
0.000
0.000
0.017
0.000
0.000
0.081
0.237
0.010
0.000
0.000
0.000
0.000
0.790
0.024
0.035
0.027
0.585
0.252
0.000
0.000
0.663
0.239
0.000
0.154
1.003
8.905
0.017
0.000
0.000
0.031
0.798
0.000
0.000
0.000
0.637
0.062
0.000
0.000
0.000
7.620
9.297
39.082
0.364
2.732
0.432
0.000
0.000
0.000
0.000
0.000
0.000
0.000
0.000
0.000
6.903
3.819
0.848
4.726
0.000
0.000
0.625
0.247
0.000
0.000
0.000
0.000
0.072
0.000
0.103
0.000
5.394
0.000
0.000
0.000
0.179
6.139
11.876
3.090
0.027
2.851
0.041
3.703
0.007
0.000
0.000
5.651
0.124
4.676
1.578
5.176
3.600
10.737
1.979
4.843
97.099
10.858
122.449
3.114
4.765
17.501
9.984
5.445
8.943
11.822
5.172
4.431
0.101
3.498
5.907
0.120
0.905
5.248
0.000
0.000
2.165
3.037
3.420
0.118
6.019
1.947
4.114
18.242
31.723
3.265
3.962
1.845
7.725
8.312
0.340
7.351
4.142
13.764
0.369
7.143
12.018
0.790
9.714
8.458
22.519
13.268
24.786
89.113
62.057
12.234
0.395
4.868
4.549
5.371
10.489
0.457
0.000
0.024
0.000
8.586
1.536
2.851
14.826
12.540
17.187
15.997
9.342
6.096
1.547
12.710
16.830
16.186
0.908
19.581
17.575
15.343
6.770
11.894
37.105
0.302
1.545
10.382
7.934
11.324
1.118
4.746
6.279
2.677
5.431
2.851
3.359
5.804
0.014
0.230
0.757
5.919
0.000
5.258
6.413
9.170
6.357
0.568
1.725
0.000
10.303
7.759
2.784
4.087
4.166
12.780
2.618
0.000
0.477
1.227
3.806
22.845
17.348
11.888
29.993
3.589
0.038
0.000
4.308
0.505
4.084
3.962
11.980
6.671
2.043
0.000
2.963
1.212
3.351
12.574
4.482
1.437
0.000
1.406
0.451
2.767
0.088
2.499
1.529
2.048
2.922
0.348
0.000
0.000
0.000
0.000
0.000
0.000
0.000
2.414
22.641
0.342
0.041
0.000
0.000
0.000
0.000
0.000
0.000
0.000
0.000
0.000
0.000
0.000
0.000
1.868
0.000
0.000
0.000
4.607
1.174
2.973
0.062
0.000
4.250
0.079
0.000
0.000
0.000
2.287
0.000
5.466
0.000
0.000
0.000
0.000
1.250
0.548
0.000
0.343
0.000
0.000
0.000
0.000
0.000
0.000
0.000
0.000
0.000
0.000
0.000
0.000
0.000
0.000
0.000
0.000
0.000
0.000
2.645
0.489
0.132
0.000
0.000
0.000
0.076
0.000
0.000
0.048
0.000
0.000
0.000
0.027
1.384
0.010
0.000
0.000
0.003
0.000
0.000
1.252
0.000
0.000
0.007
0.199
1.929
0.886
4.894
1.571
0.089
8.082
0.031
0.683
0.000
0.000
0.000
0.000
0.297
0.000
0.000
0.130
0.371
0.000
1.945
2.142
3.763
0.000
0.134
0.027
4.154
0.000
0.482
0.031
0.000
0.034
0.000
0.000
0.000
0.093
0.960
0.059
4.769
7.601
5.580
5.485
6.569
0.031
0.000
0.000
1.954
57.385
0.000
0.017
0.000
12.416
13.300
8.849
18.093
1.497
7.599
5.617
4.655
9.685
17.575
9.275
0.000
1.596
0.512
6.285
98.513
0.000
5.603
15.082
5.534
11.724
25.061
80.763
2.496
4.264
2.197
5.512
3.442
0.072
6.139
2.989
11.673
12.222
6.214
23.880
0.165
16.667
13.417
9.154
0.772
14.105
14.654
0.648
9.752
10.616
10.901
9.983
10.519
6.887
18.100
12.469
11.530
7.563
8.787
5.715
17.873
10.234
0.357
0.000
12.433
8.307
10.467
14.213
18.517
7.452
7.261
0.024
0.132
0.039
0.000
1.811
2.757
2.463
0.352
1.823
0.000
0.010
0.007
0.000
3.128
13.316
3.786
2.182
0.000
7.417
7.584
3.571
17.602
6.382
8.415
9.278
2.063
9.474
2.194
5.921
22.175
10.772
3.849
6.995
10.518
9.740
2.767
5.610
13.294
18.516
8.810
20.497
9.268
9.261
27.828
8.056
2.365
14.208
15.707
14.275
2.638
1.624
22.180
12.260
5.768
0.000
8.483
5.438
2.581
13.920
9.616
12.325
7.220
7.613
19.866
5.853
22.137
2.115
3.409
18.509
11.354
10.011
1.730
10.816
14.662
29.660
12.935
7.970
22.050
4.449
21.003
18.194
10.909
14.152
13.796
4.521
4.930
12.416
9.157
15.147
1.315
7.663
5.119
11.975
6.987
2.620
8.954
2.005
2.266
5.225
10.688
21.015
26.192
1.500
8.617
0.285
8.243
15.178
10.413
17.968
12.792
10.375
4.226
2.934
2.348
1.620
2.005
7.193
4.053
8.305
1.825
4.065
5.385
5.043
5.909
4.130
4.717
5.328
0.470
0.663
5.050
4.298
7.534
0.000
0.000
0.000
8.940
2.166
3.976
5.167
1.015
0.156
3.498
2.692
0.000
0.000
0.000
10.111
10.222
0.151
9.213
0.855
3.728
2.238
0.000
3.941
0.512
9.766
3.739
0.553
2.163
0.017
0.000
0.110
0.000
0.000
0.000
0.000
3.825
0.000
0.000
0.000
0.000
0.000
0.000
0.000
0.000
0.000
0.192
2.856
0.046
0.000
0.000
0.014
0.000
0.000
3.349
2.878
0.000
0.000
0.000
0.000
0.000
0.003
0.000
0.000
1.349
1.698
1.612
0.000
0.000
0.003
2.964
0.093
5.559
0.000
0.000
0.014
0.000
0.000
0.000
0.000
0.000
0.000
0.000
0.000
0.000
0.000
0.000
0.000
0.000
0.000
0.086
0.000
0.000
0.000
0.000
0.247
0.179
0.000
0.045
0.007
0.017
0.175
0.151
0.000
0.000
0.000
3.255
0.027
0.189
0.996
10.719
0.007
0.000
0.010
0.000
0.000
0.000
0.000
0.226
0.318
3.629
0.233
0.457
0.000
1.081
0.000
0.220
5.641
6.466
0.498
0.000
0.069
0.000
0.000
0.000
1.263
0.268
24.086
39.822
0.031
0.863
0.124
26.249
0.770
0.000
0.000
0.091
0.225
2.865
0.336
10.734
0.079
15.221
0.000
0.312
18.821
5.969
18.785
0.508
0.360
9.361
53.469
14.859
12.231
0.112
3.167
3.699
13.118
14.487
11.319
104.137
8.823
36.325
6.496
2.458
3.574
0.027
0.000
5.013
12.281
7.071
6.163
66.575
19.878
8.133
0.045
10.018
3.200
0.920
0.106
10.554
8.047
4.679
0.101
0.887
0.000
0.000
2.759
8.700
6.190
2.539
3.844
3.785
1.735
1.202
1.196
5.418
0.137
1.878
4.274
5.953
18.687
17.327
13.805
0.398
0.000
14.226
6.454
12.329
13.767
3.934
8.913
10.863
3.310
6.176
9.833
14.344
5.843
3.368
0.845
4.341
0.031
0.000
1.533
0.000
0.000
2.599
3.948
1.390
0.000
0.110
1.138
2.331
11.271
1.444
0.034
5.586
8.175
7.742
0.470
3.224
10.207
2.187
3.861
2.019
27.298
7.294
0.086
1.775
12.397
7.157
1.195
2.087
7.448
10.475
1.246
4.769
2.886
10.382
9.668
7.091
15.728
2.923
16.061
3.353
11.635
6.492
12.667
0.240
22.460
13.712
9.146
10.138
13.033
2.335
2.259
3.292
12.542
1.620
7.790
16.837
22.148
2.034
3.728
7.206
16.239
9.167
12.178
5.196
13.884
0.809
2.166
18.055
3.670
2.944
11.364
4.906
25.100
4.590
3.636
10.178
16.534
10.743
10.777
0.443
0.941
1.363
2.640
7.654
15.652
1.497
6.345
10.264
45.830
13.388
11.082
17.417
12.662
3.519
2.290
2.987
15.159
3.564
0.275
0.000
0.000
0.000
0.477
0.076
1.212
8.971
12.020
7.114
13.242
8.810
11.028
7.859
0.601
0.518
2.692
8.422
14.126
7.210
4.489
2.566
7.715
2.238
1.564
0.000
0.137
0.264
1.080
3.524
5.771
6.437
2.983
0.446
0.000
0.052
0.631
0.000
0.000
0.050
2.850
0.000
1.938
2.874
14.826
3.468
6.484
0.944
13.433
9.253
1.198
2.511
3.021
5.503
2.630
0.378
0.333
7.460
0.453
0.172
0.000
0.000
0.000
0.000
0.000
1.943
0.000
0.014
6.547
2.173
8.236
0.000
2.235
0.491
0.209
2.057
2.554
0.776
0.900
0.000
0.000
0.000
0.000
0.000
0.000
0.000
2.259
0.000
0.534
0.540
0.000
0.000
0.000
0.000
0.000
0.000
0.000
0.000
0.000
0.000
0.000
0.000
0.000
0.000
0.000
0.000
0.000
0.000
0.000
0.000
0.000
0.000
0.000
0.000
0.000
0.491
5.799
4.463
12.325
5.689
0.597
0.000
0.000
0.000
0.000
0.000
0.100
0.014
0.000
0.000
0.000
0.000
0.000
54.204
0.134
6.197
0.000
0.000
0.000
0.000
0.000
0.000
0.000
0.000
0.000
0.146
1.665
0.000
0.000
14.234
4.449
2.520
0.000
0.000
0.000
0.007
0.000
0.000
2.087
0.270
0.000
8.243
4.460
11.798
0.000
0.149
0.000
2.101
11.103
0.233
18.526
5.606
3.196
0.436
15.604
4.875
8.166
4.879
14.691
1.804
12.181
0.306
8.820
0.439
1.037
1.909
0.000
0.000
0.000
0.000
0.000
0.076
1.373
0.031
0.000
0.062
0.000
0.000
0.623
61.640
0.439
6.152
13.235
20.522
57.268
6.303
0.422
1.135
71.052
0.412
3.842
0.000
19.664
11.845
8.496
11.533
12.102
1.129
1.832
0.127
0.000
17.599
14.202
3.936
2.729
14.811
6.598
0.685
8.305
1.299
1.102
2.110
0.937
14.097
0.415
1.391
9.036
13.731
3.574
1.873
9.860
3.226
5.402
13.711
19.418
5.805
1.744
7.678
16.309
17.451
16.296
40.476
1.969
2.400
0.003
0.000
6.540
8.405
2.987
0.584
0.027
6.408
7.426
5.406
7.482
10.384
1.911
4.353
3.332
3.442
12.631
8.628
13.695
16.390
4.721
4.609
26.297
1.734
7.505
46.767
0.391
5.412
3.529
8.154
3.989
2.632
14.560
2.767
4.279
2.640
7.194
0.330
0.141
5.515
7.993
0.220
0.714
0.261
6.959
2.228
1.075
5.886
43.320
2.264
1.768
2.039
0.203
7.862
12.792
10.210
19.295
11.440
17.388
4.776
18.237
2.063
0.069
0.000
0.000
0.000
9.874
1.768
3.286
13.548
9.441
16.857
0.283
5.090
45.233
27.938
0.141
1.527
0.000
8.535
2.693
6.612
14.463
16.309
9.172
10.592
32.866
3.298
1.875
12.194
3.983
13.949
14.529
13.544
1.123
13.096
17.259
2.723
1.473
14.524
15.575
15.690
16.133
12.670
18.850
24.913
0.364
12.116
0.041
8.399
21.504
9.092
3.608
10.678
7.404
6.760
1.373
2.654
7.751
5.976
16.876
3.170
11.177
2.364
9.560
15.891
3.621
12.690
8.150
1.509
5.951
12.799
0.944
2.424
13.937
1.243
0.474
0.271
0.007
0.930
0.000
0.000
0.000
2.520
5.630
0.848
0.000
0.045
3.471
1.730
0.014
1.178
2.908
5.013
11.412
6.583
10.449
0.429
0.000
0.000
2.208
3.272
5.761
3.632
0.000
0.000
0.000
7.581
5.291
1.315
5.787
0.271
0.944
4.587
0.292
0.000
0.000
0.000
0.000
0.000
2.896
3.435
0.000
6.569
0.000
0.225
2.647
0.161
0.958
0.017
2.403
0.158
3.949
3.344
0.000
0.027
0.185
0.521
0.000
0.000
0.237
0.103
5.900
0.290
0.000
0.000
6.944
3.914
2.779
0.173
0.000
0.000
0.000
0.647
2.086
2.256
1.274
0.000
0.000
0.000
0.000
0.000
0.000
0.000
0.000
0.000
0.000
0.000
0.429
4.319
0.000
0.000
0.000
0.000
0.000
0.000
0.079
0.000
3.016
1.605
0.208
2.496
0.000
3.054
4.594
15.995
0.065
0.000
3.859
0.000
0.000
13.228
0.476
0.000
0.263
0.000
12.086
0.000
3.728
1.026
0.000
0.982
2.894
0.500
0.000
0.276
0.000
0.000
0.000
0.942
0.237
0.007
0.000
0.910
0.047
0.000
0.000
5.806
1.500
4.692
1.620
4.820
0.122
14.763
0.161
19.471
5.963
6.520
16.263
1.064
8.133
0.127
4.281
6.096
21.396
11.750
1.121
5.791
1.145
0.148
0.000
0.714
0.079
61.511
9.532
0.117
1.478
0.086
0.000
0.000
0.656
13.195
2.144
1.275
2.722
3.529
22.409
8.856
1.821
17.891
29.764
77.771
0.288
0.000
0.000
2.515
15.604
3.999
14.402
17.610
5.313
5.557
12.921
1.550
5.467
4.976
4.795
0.972
5.891
14.814
11.668
0.939
6.065
0.000
4.221
5.521
9.410
12.284
16.728
7.488
0.491
0.525
4.496
14.991
3.973
12.584
1.972
11.038
11.041
4.637
6.405
0.628
10.210
19.230
18.491
5.213
11.731
11.785
5.895
44.883
131.779
30.894
5.816
3.660
4.086
7.236
7.407
7.539
8.140
2.290
6.930
12.070
7.515
4.968
0.000
6.760
6.815
6.942
3.794
0.338
0.000
4.782
21.087
0.824
0.611
1.451
15.293
38.977
4.288
0.106
4.364
2.695
3.821
13.482
22.491
6.784
16.062
12.813
42.699
0.014
0.010
2.420
6.439
6.108
7.711
15.731
4.638
6.221
31.630
10.557
8.851
18.387
2.977
12.023
6.103
3.100
13.057
7.965
4.159
0.591
10.471
2.238
2.596
0.336
3.804
6.770
2.247
34.284
3.880
10.574
18.210
8.477
10.916
4.662
8.968
4.679
6.533
0.357
2.046
10.214
13.544
6.660
0.381
2.736
5.950
13.592
1.064
37.329
1.174
2.856
4.559
4.645
2.276
5.644
9.644
18.000
0.369
3.280
7.024
19.863
2.623
5.830
15.935
2.923
5.914
4.173
3.857
1.602
0.515
1.638
3.668
9.307
6.731
10.449
8.636
9.254
8.482
5.732
7.848
12.937
11.184
13.493
0.130
0.010
0.245
0.117
0.000
0.000
0.000
1.318
11.100
11.283
7.726
5.512
0.687
0.751
0.754
1.641
0.132
0.000
3.399
0.027
7.378
0.000
3.153
3.506
5.206
8.430
1.972
0.000
2.014
11.621
0.941
0.948
0.141
3.136
0.144
4.010
0.007
5.617
6.254
0.007
0.000
0.000
0.000
1.234
1.179
1.881
0.000
0.024
2.539
0.180
0.000
0.000
1.833
1.344
0.000
2.819
0.000
0.100
0.000
0.000
0.000
0.000
3.455
1.945
0.000
0.000
0.000
0.000
0.000
0.000
0.335
0.000
0.000
0.000
0.000
0.000
0.000
0.000
0.000
0.000
0.000
0.076
0.003
0.184
0.000
0.000
0.000
0.000
0.000
0.000
0.000
0.000
0.000
0.000
0.000
0.000
0.000
0.000
0.000
0.000
0.000
0.000
0.000
0.000
0.000
0.000
0.000
0.000
0.000
0.000
0.000
0.000
0.000
3.159
8.926
4.322
1.658
0.000
0.000
0.024
0.168
0.000
0.000
0.000
0.000
0.034
0.000
0.000
0.603
0.000
0.003
0.000
0.000
0.209
0.039
1.044
0.000
0.058
0.208
1.275
0.000
0.086
0.335
0.015
0.000
0.000
0.000
0.000
0.000
0.000
0.000
0.000
0.409
0.076
0.000
0.108
0.379
0.546
0.508
0.000
0.000
0.000
0.954
0.168
2.690
0.429
0.000
0.000
0.000
0.027
0.000
0.714
3.660
3.337
6.077
3.116
0.000
0.000
0.058
0.474
4.216
10.991
3.931
19.909
0.233
0.000
17.686
19.394
0.625
0.419
4.571
9.018
0.458
3.458
19.369
40.682
1.284
6.117
0.003
17.458
7.534
14.220
0.387
10.868
9.414
19.353
16.689
4.576
10.925
13.228
1.313
0.043
5.924
14.214
1.811
0.000
0.000
0.000
12.346
43.427
7.495
3.042
21.248
3.193
4.254
10.492
26.769
10.935
2.541
3.965
7.539
5.390
1.164
11.076
18.320
2.678
12.672
28.527
46.781
7.189
1.366
12.222
138.661
91.801
5.050
0.051
0.062
1.099
0.790
0.069
0.000
0.000
10.245
17.396
23.981
1.281
3.986
0.000
2.848
9.761
12.782
16.394
12.748
15.309
4.549
32.811
70.755
4.841
7.036
39.376
137.405
5.411
8.768
3.948
25.337
19.566
15.384
14.045
52.848
13.386
11.352
19.484
18.284
9.098
9.989
6.193
0.871
7.145
6.955
12.200
27.938
1.971
9.308
3.506
14.181
1.286
1.186
9.301
17.491
14.508
4.351
4.756
1.471
7.927
12.592
16.916
17.845
28.668
14.344
16.486
9.551
39.448
4.875
13.290
13.874
5.455
6.497
2.867
26.649
1.528
11.762
3.674
13.754
14.461
23.641
6.842
9.754
6.152
22.450
30.415
22.958
0.625
10.489
12.682
16.565
7.258
8.470
9.249
1.358
4.738
7.999
12.439
14.219
13.470
4.448
14.363
9.249
7.748
2.082
5.909
4.872
9.786
9.101
15.005
94.948
10.502
0.132
0.065
0.000
3.545
1.463
4.398
4.853
4.010
4.559
0.702
2.233
4.211
0.554
1.016
0.000
0.000
0.000
0.000
2.805
4.111
0.000
0.000
0.000
0.000
0.000
0.000
0.000
0.000
0.000
0.000
0.441
0.060
5.365
8.708
0.027
0.909
0.003
0.000
0.000
0.417
0.000
1.488
0.867
4.894
3.787
0.347
2.444
0.000
3.083
5.818
5.167
0.000
0.000
0.103
2.537
11.505
0.191
0.591
0.000
0.000
0.000
0.065
0.000
0.000
2.432
0.124
0.086
0.014
0.000
0.426
0.000
0.000
0.069
0.000
0.000
0.000
0.000
0.000
0.000
0.000
0.000
0.000
0.000
0.000
0.000
0.000
0.045
7.983
2.807
0.000
0.000
0.000
0.000
0.000
0.000
3.265
0.003
0.000
2.247
0.000
0.000
0.048
0.017
2.295
0.000
0.000
0.000
0.000
0.000
0.000
0.000
0.000
0.000
0.000
0.000
0.000
3.195
0.000
0.668
0.000
0.625
0.000
0.000
0.000
0.000
0.000
0.000
0.000
0.000
0.000
0.000
0.587
0.790
0.000
0.007
4.422
0.000
0.129
0.000
0.469
0.220
0.000
0.000
0.000
0.137
6.240
6.368
0.882
0.000
0.000
0.000
0.084
0.154
0.445
10.634
0.000
0.017
0.000
0.196
6.594
0.851
0.000
0.000
0.103
0.474
0.003
12.899
7.095
7.555
8.041
1.840
0.903
0.122
1.844
13.618
0.024
3.589
20.227
13.057
18.876
8.669
17.487
16.629
8.506
1.821
14.050
15.053
0.481
0.486
0.000
0.000
0.000
0.000
0.000
7.824
12.442
4.951
0.529
18.666
7.622
13.070
0.597
12.123
19.779
23.833
4.905
10.279
24.257
3.093
0.000
0.194
0.000
0.000
8.873
15.522
9.864
14.964
0.091
0.182
7.548
11.112
7.559
19.971
14.440
12.279
4.325
15.490
23.754
15.741
9.713
17.908
2.465
73.928
3.330
13.815
15.728
18.069
12.349
13.692
9.431
7.690
5.574
7.623
21.015
4.837
8.950
34.957
111.065
9.857
3.169
0.704
0.055
5.847
8.899
1.854
14.450
9.160
1.936
7.201
18.206
12.128
1.940
2.424
3.320
2.767
3.214
3.183
2.143
11.640
9.529
16.928
13.453
7.728
16.379
17.743
5.911
14.294
8.508
12.070
3.438
60.863
7.635
5.823
0.632
4.798
0.000
6.260
0.000
0.769
7.684
1.789
4.805
6.115
0.628
0.266
0.000
8.073
8.545
5.196
11.256
13.505
1.799
13.857
0.010
0.309
0.161
0.187
11.294
2.357
13.149
1.086
17.000
19.393
58.272
9.407
1.770
9.047
21.436
7.006
21.205
13.288
22.972
10.142
6.580
7.028
8.998
7.067
17.642
28.228
18.680
0.561
1.693
7.002
18.759
5.653
15.298
0.122
11.925
10.557
18.533
7.488
10.197
3.648
20.175
110.071
14.783
13.360
19.341
138.636
14.664
2.075
4.890
10.586
8.688
8.596
9.657
9.477
5.457
6.482
0.504
0.676
0.382
10.222
5.055
4.621
3.588
1.348
7.683
5.506
10.439
11.501
11.054
4.307
15.179
3.252
0.476
0.000
0.000
8.013
0.512
20.012
6.056
5.445
0.007
3.425
1.054
5.835
0.560
0.000
0.000
0.000
1.078
0.127
7.026
10.808
0.336
13.235
3.200
3.964
0.601
0.800
4.130
0.000
0.000
0.000
0.282
0.000
0.443
0.000
0.000
0.000
4.704
1.258
0.000
0.000
0.000
0.007
0.000
0.000
0.000
0.072
1.033
0.031
0.161
0.000
0.000
2.177
0.113
0.000
0.764
0.000
0.034
0.007
0.000
0.000
0.000
0.000
0.000
0.000
0.000
0.000
0.000
0.000
0.000
3.961
0.000
0.000
1.468
3.017
3.695
2.752
2.146
0.000
0.625
12.313
2.486
0.000
11.762
0.000
1.966
0.000
0.000
7.187
0.000
1.162
0.000
0.000
0.000
0.000
0.000
0.000
0.000
0.000
0.000
0.000
0.000
0.252
0.000
0.000
0.108
7.514
0.000
0.000
0.000
0.000
0.003
0.000
0.000
0.000
0.000
0.000
0.000
0.000
0.000
0.000
0.000
7.239
1.543
5.885
1.615
0.000
0.000
0.343
0.058
0.489
0.941
1.780
0.585
3.066
0.409
1.801
0.000
0.000
0.000
0.014
0.046
0.736
1.980
0.000
0.263
4.300
43.203
0.000
0.000
0.024
1.087
0.000
0.000
0.000
0.897
0.088
1.655
0.000
0.000
0.000
0.968
2.819
13.908
16.994
2.530
5.648
3.138
0.117
15.103
13.778
14.801
8.626
12.301
9.304
15.223
13.074
13.898
0.422
6.911
9.483
0.295
5.677
7.893
9.888
10.523
43.705
0.000
0.000
3.394
14.861
53.845
1.281
8.719
12.960
11.046
4.825
2.180
0.443
22.635
8.909
9.713
7.246
6.853
32.017
0.596
0.405
21.224
6.441
6.485
2.449
9.654
4.109
7.957
5.728
1.440
15.379
4.861
13.956
18.696
28.273
16.982
8.799
11.172
0.296
0.000
0.340
22.354
22.218
3.113
6.760
16.909
20.431
37.132
74.233
15.671
2.826
10.604
6.585
20.229
7.766
7.684
5.320
8.253
5.160
14.660
3.205
14.778
13.663
5.363
21.295
2.091
1.006
0.893
3.080
7.048
3.972
8.609
7.986
15.347
18.818
35.503
160.091
6.643
2.729
9.888
19.298
16.833
3.696
7.996
9.086
3.215
2.039
10.648
6.491
0.333
12.615
10.585
20.284
30.171
2.441
2.348
11.073
0.841
3.090
9.288
23.527
13.729
13.669
15.948
14.740
47.964
3.004
8.362
6.581
8.016
12.606
18.735
62.111
9.552
14.535
10.116
10.960
5.733
0.838
4.831
8.522
16.453
8.470
1.076
5.222
5.970
11.819
15.338
12.126
6.200
10.859
25.609
15.013
16.768
44.323
19.140
2.484
6.044
7.564
7.062
15.831
10.668
17.319
9.716
10.126
11.203
10.413
28.161
26.506
11.474
0.946
8.826
12.588
2.484
22.764
76.789
7.944
4.547
0.328
1.687
6.099
7.752
2.728
6.973
0.566
3.613
10.767
4.328
8.396
10.408
0.203
0.994
6.211
6.190
8.693
11.276
5.182
9.270
14.231
15.316
13.842
9.987
3.981
1.725
6.012
0.611
0.130
0.000
0.000
0.000
0.000
1.593
19.741
7.496
24.603
8.702
0.553
0.330
0.000
0.484
2.990
3.159
2.431
9.719
7.313
3.354
4.762
3.843
2.822
3.282
11.295
5.112
23.028
92.673
1.699
0.007
0.000
0.000
0.000
0.000
0.031
0.106
3.787
0.227
3.135
5.443
9.750
5.534
2.468
7.388
7.423
0.051
0.000
0.000
0.000
0.621
4.140
0.810
0.209
0.000
0.000
0.000
0.000
0.000
0.000
0.000
0.000
0.000
0.000
0.000
0.000
4.659
0.000
0.000
5.491
0.419
0.000
0.089
0.000
0.007
0.000
0.007
0.000
0.000
0.000
0.100
7.194
6.020
0.479
0.000
0.000
0.000
0.000
0.000
8.157
2.249
0.640
0.056
6.218
0.536
4.947
0.000
1.021
0.062
7.532
0.000
0.410
0.010
0.000
0.000
1.861
0.000
0.000
0.000
0.000
0.615
10.114
0.086
0.000
0.000
0.000
0.000
0.000
0.000
0.000
0.000
0.000
0.000
0.000
0.048
0.748
2.489
10.229
8.360
0.333
0.000
0.000
0.079
0.045
0.045
0.398
2.829
0.010
0.120
2.348
0.000
0.965
57.596
1.744
0.000
0.000
0.000
22.639
0.340
0.000
1.596
8.956
0.100
0.000
0.000
0.000
4.819
57.275
1.634
0.062
0.000
1.921
0.000
2.410
14.972
0.299
17.391
3.988
2.831
16.327
12.306
13.718
9.336
6.339
6.980
9.627
0.316
13.990
68.483
8.835
1.107
3.514
0.026
9.366
10.077
16.986
11.414
0.000
0.398
0.000
0.010
1.547
1.402
0.893
9.197
22.927
15.144
5.241
6.722
13.596
0.566
1.281
0.760
0.000
21.614
22.220
12.629
17.223
10.126
13.491
19.784
12.418
17.801
4.352
10.083
21.808
3.334
1.229
3.186
6.554
10.899
19.278
17.146
16.589
30.082
29.059
28.061
20.785
4.570
1.741
15.216
10.289
16.637
3.749
20.318
27.524
14.753
1.607
6.825
6.327
3.579
9.064
15.759
73.577
78.096
9.780
18.150
18.781
20.877
0.776
11.094
49.069
10.772
28.429
32.603
9.002
6.856
10.247
6.425
12.035
8.214
20.423
18.115
6.139
1.562
7.041
0.412
1.013
10.835
7.958
64.689
17.863
16.128
18.414
4.414
14.715
4.810
6.590
4.676
8.516
8.593
14.485
5.425
13.242
31.050
26.276
13.506
4.504
1.126
14.581
9.369
17.214
11.012
1.390
12.682
9.919
9.150
14.339
6.784
10.368
5.593
4.302
5.527
23.088
20.005
7.493
15.221
7.302
10.949
17.228
6.667
4.096
15.851
15.690
27.461
14.152
5.146
7.347
19.669
9.294
23.528
16.613
27.126
18.213
14.735
2.819
2.057
13.520
16.225
19.866
11.628
16.974
10.010
0.541
12.126
9.503
4.896
7.711
11.395
3.428
9.711
38.311
14.049
4.769
8.387
8.398
11.029
20.493
7.828
2.517
9.119
2.534
12.116
12.250
12.301
14.505
0.196
6.194
4.168
10.155
9.922
4.305
4.425
4.832
11.364
5.610
6.786
9.941
9.347
13.541
17.032
24.235
3.111
1.929
6.190
2.513
8.034
0.426
7.447
16.627
3.200
0.045
5.023
4.522
0.021
9.627
9.132
9.352
1.020
10.183
4.503
3.734
10.492
7.735
1.286
5.505
4.758
2.382
0.000
0.000
0.055
0.000
0.027
6.369
2.953
12.698
1.830
0.000
0.000
0.051
2.192
1.298
0.152
0.688
9.175
1.241
2.184
5.421
4.013
16.269
0.520
2.149
0.472
0.000
0.845
2.093
2.012
5.794
7.213
0.128
2.456
1.648
2.812
0.340
0.000
0.634
6.578
7.417
0.021
0.007
0.000
0.000
0.000
0.000
0.000
0.000
0.640
1.727
8.696
4.896
0.203
1.171
0.000
2.125
0.141
0.000
0.007
1.133
11.587
0.446
0.000
0.000
0.000
0.000
6.056
9.968
0.000
0.000
0.000
0.000
0.000
0.000
0.010
6.290
0.041
0.129
4.710
0.937
0.000
0.110
5.732
8.712
0.778
1.346
0.000
0.000
0.007
0.000
0.000
9.005
4.044
4.017
0.007
0.000
0.000
0.398
2.918
0.000
0.000
0.000
0.000
0.000
0.845
11.450
1.657
1.126
2.647
1.500
4.642
6.904
15.565
0.017
0.000
0.000
28.722
9.929
0.893
0.000
0.168
1.545
3.934
2.733
4.659
3.972
13.572
8.592
0.659
0.034
5.194
0.515
18.598
33.306
12.907
20.273
60.226
1.020
0.900
15.710
9.084
17.027
14.148
3.529
7.838
5.294
4.951
2.032
0.735
1.528
6.482
1.717
9.366
5.694
22.510
8.626
7.139
0.476
9.012
3.464
7.747
10.808
5.025
0.161
0.723
12.194
5.416
8.199
2.755
3.149
13.894
16.703
31.829
11.981
2.610
7.042
10.883
30.465
81.074
3.517
20.682
21.949
5.493
7.714
6.036
4.449
3.495
5.909
1.164
12.267
12.878
3.066
4.405
9.368
5.891
3.574
5.902
60.902
31.235
2.688
10.619
13.173
24.465
26.130
51.557
4.892
9.709
9.949
2.930
1.088
3.320
0.000
0.158
0.062
32.611
26.262
8.379
0.041
11.395
11.826
4.489
18.366
5.083
4.491
8.583
0.738
20.407
12.315
12.689
8.252
7.119
11.412
7.804
1.806
9.103
4.192
10.331
4.935
15.831
20.912
1.739
13.693
4.896
9.510
22.972
12.073
8.559
7.151
6.060
6.383
23.557
25.099
10.779
3.636
14.595
17.964
17.983
104.823
3.530
15.048
12.460
12.133
18.220
64.946
15.817
20.757
8.290
11.824
106.018
46.354
134.260
6.115
13.613
15.139
15.250
14.567
12.239
9.292
10.990
13.439
25.955
14.957
13.642
11.682
9.072
14.090
11.910
6.863
11.391
12.933
15.398
6.660
4.939
27.116
12.955
7.687
8.865
14.162
11.910
38.916
29.309
6.333
0.331
16.813
15.237
9.179
0.608
0.000
0.000
0.000
0.000
0.000
0.000
3.488
6.072
8.149
5.610
13.846
11.023
6.621
11.971
16.993
8.456
0.369
0.536
15.168
6.729
13.820
3.983
18.184
20.802
4.053
0.017
3.598
14.368
1.263
0.621
7.445
8.394
24.623
0.000
0.000
0.000
0.000
0.000
0.000
0.000
2.173
10.217
14.193
3.715
1.682
0.000
0.553
2.101
10.616
25.299
10.969
1.027
0.014
3.044
3.928
0.021
0.843
0.024
4.319
19.963
0.481
0.000
0.038
0.000
0.000
0.000
0.000
0.000
0.000
0.000
0.235
0.108
3.735
0.041
1.751
2.003
1.952
0.003
0.007
4.693
0.000
0.000
0.000
0.000
0.000
0.000
0.000
0.000
0.000
0.000
2.870
0.021
3.335
0.942
0.079
7.563
0.127
0.235
15.238
0.489
0.156
0.065
0.410
0.000
0.000
0.000
0.000
0.000
0.000
0.670
3.792
0.000
0.000
0.000
0.000
0.000
0.062
0.000
0.130
0.000
0.000
0.000
0.000
0.000
0.000
0.000
0.000
0.000
0.000
0.000
0.000
0.000
0.000
0.000
0.000
0.000
0.010
0.000
0.000
0.000
0.000
0.000
1.648
6.214
0.000
5.672
7.430
3.402
10.478
0.000
3.560
4.752
0.127
0.000
0.000
0.000
0.000
0.000
0.000
0.000
0.772
74.594
0.014
0.034
0.261
0.041
0.000
0.591
0.000
0.467
0.158
7.924
0.000
0.000
0.000
0.165
0.185
0.000
0.096
5.273
0.000
1.277
1.535
7.704
0.546
0.570
18.182
18.663
0.024
0.467
0.323
8.459
18.388
6.037
18.260
5.845
2.257
0.000
0.254
82.740
13.105
8.574
16.894
0.563
10.293
9.239
18.864
26.800
12.246
0.000
0.000
0.397
4.470
11.494
17.297
5.450
4.013
29.313
27.119
0.642
2.314
13.592
14.227
13.122
15.683
8.082
2.975
15.673
3.238
14.557
0.546
10.732
72.911
9.057
8.501
6.321
39.640
24.421
9.939
15.934
24.287
26.831
1.277
19.767
0.000
7.059
22.841
11.086
0.642
6.170
0.000
1.899
2.585
0.027
0.000
10.736
20.009
18.601
15.422
84.301
3.073
14.763
4.043
16.586
8.109
28.777
22.687
11.175
1.432
0.007
6.647
1.686
7.495
9.953
7.934
8.750
27.068
20.898
10.396
3.291
0.076
2.316
6.154
9.781
13.829
6.214
16.438
14.852
0.168
2.753
12.404
6.400
1.610
17.063
7.390
28.218
8.497
8.877
11.960
11.975
26.956
12.712
0.582
3.464
4.480
17.705
17.956
24.678
19.305
9.385
26.954
13.410
15.292
19.899
2.747
0.548
14.986
9.160
14.426
12.452
3.320
6.812
1.052
39.695
78.387
24.113
8.535
3.414
2.378
12.893
21.511
76.084
16.394
13.630
9.510
5.754
5.291
3.744
11.484
2.266
16.359
34.214
14.234
14.923
4.803
7.248
12.909
4.630
1.849
11.621
19.430
18.527
18.818
8.580
32.078
18.351
1.517
7.268
8.204
13.120
0.721
6.865
4.116
23.121
5.957
15.199
23.543
71.864
0.058
3.579
0.494
17.961
8.806
16.855
17.990
6.722
11.331
5.600
0.065
9.019
10.677
7.028
15.376
11.882
1.895
4.786
9.356
6.968
11.603
20.119
40.668
0.563
0.000
0.000
0.000
0.012
3.004
2.853
20.857
0.000
2.211
21.801
1.713
0.491
0.089
0.000
0.000
1.966
10.198
13.767
10.581
20.230
0.493
0.000
4.288
0.481
0.000
0.000
0.000
0.000
0.000
0.000
1.548
12.274
4.504
0.639
0.003
2.523
2.877
7.474
8.581
0.051
0.000
0.069
6.151
0.441
8.775
5.330
1.257
1.219
0.000
1.200
1.799
0.948
7.210
0.369
0.000
0.003
0.014
0.000
10.670
17.101
1.020
0.055
0.000
0.000
0.000
0.048
0.570
0.000
0.000
1.926
0.000
2.273
1.974
0.199
9.465
3.210
0.264
0.000
0.000
0.161
0.165
0.000
0.000
0.000
0.000
0.295
0.000
3.746
8.992
12.960
7.766
5.009
0.954
0.000
0.000
0.000
0.563
0.251
0.000
0.007
0.000
0.000
0.244
2.228
0.000
0.113
1.984
0.000
1.145
1.257
0.007
0.000
0.000
0.000
0.000
0.000
0.010
0.398
0.045
0.872
3.210
0.000
0.323
0.029
0.735
3.862
0.252
10.221
5.658
16.751
15.570
2.238
0.827
1.593
0.309
2.098
3.584
5.280
17.604
2.238
1.281
6.928
1.813
25.478
0.158
0.536
0.367
13.012
3.553
16.840
6.830
1.638
2.487
23.034
19.597
26.807
11.196
2.341
6.341
2.685
0.288
17.836
19.786
8.087
6.554
17.401
14.893
12.813
9.991
5.933
13.383
5.191
6.769
15.127
10.592
3.310
7.157
5.297
6.995
7.405
12.772
0.127
0.273
7.414
23.058
5.656
15.618
10.042
4.724
0.599
0.474
13.396
34.202
5.505
11.476
12.538
8.609
1.835
11.240
9.445
12.873
6.465
20.788
7.502
0.450
0.000
0.070
9.198
7.024
5.902
10.597
18.285
2.688
10.743
11.342
14.377
14.033
19.011
25.346
26.626
12.981
5.155
8.573
29.732
36.605
3.728
0.460
7.648
15.017
68.314
2.999
0.299
1.723
0.398
0.247
6.827
27.359
6.027
6.551
19.590
10.293
18.526
45.174
58.574
14.560
11.271
15.127
9.613
32.427
1.869
0.910
0.934
0.374
7.872
6.678
70.300
6.796
13.673
16.054
4.286
5.148
3.414
0.381
8.010
15.961
12.401
2.966
9.496
15.247
13.733
4.285
4.480
11.913
16.960
37.384
15.777
109.647
3.329
9.675
15.733
7.843
8.750
8.387
26.153
26.858
2.002
1.990
13.376
4.978
7.962
53.773
2.163
7.675
2.723
13.481
7.951
12.121
0.185
34.945
39.206
15.400
2.384
16.016
25.200
6.940
1.875
17.068
3.821
10.710
38.684
3.777
3.030
30.672
1.159
0.439
1.016
8.092
178.821
9.704
5.821
4.504
22.795
6.503
4.805
8.260
16.689
23.691
4.947
13.884
13.070
0.687
9.898
1.428
18.409
16.534
18.895
2.784
4.285
3.595
7.546
13.228
24.525
9.057
5.739
1.263
15.249
4.419
12.238
13.446
18.828
4.316
8.101
3.365
1.439
21.480
9.326
13.273
10.320
0.951
13.087
2.177
10.729
6.760
0.982
0.000
0.000
0.522
2.244
0.000
0.000
0.000
0.000
0.002
1.624
6.606
8.959
14.097
9.064
15.656
0.882
10.955
10.827
9.738
2.103
8.593
8.885
0.779
12.888
9.421
5.318
5.200
2.867
4.944
14.272
0.975
1.500
0.000
4.165
6.681
9.596
15.741
0.254
0.000
0.003
0.000
0.196
0.000
0.453
0.539
1.576
3.100
4.039
4.923
2.105
7.103
1.287
3.189
5.665
1.253
8.147
3.790
3.818
6.079
4.147
0.003
0.000
0.003
0.000
0.000
0.002
10.262
0.649
0.000
0.000
0.000
0.000
0.000
0.000
0.000
8.183
2.420
0.000
0.000
0.000
0.000
0.000
0.041
0.000
6.842
1.552
0.000
0.261
0.000
0.000
0.000
0.000
0.000
0.000
0.000
0.003
0.012
0.000
0.000
0.000
0.000
0.000
0.000
19.580
2.187
1.806
7.812
2.750
3.083
5.984
0.045
0.069
5.927
0.227
1.147
1.542
0.587
0.003
0.000
0.002
0.000
0.000
0.021
0.326
5.617
2.348
0.484
2.055
0.000
4.731
15.092
0.000
0.000
0.000
0.072
4.518
2.997
0.000
1.607
1.682
4.134
0.019
0.007
0.249
6.664
1.233
6.194
12.943
2.019
0.591
1.263
2.537
2.293
2.850
0.000
9.816
18.007
15.798
21.259
32.063
10.849
14.299
14.107
0.463
0.000
13.029
3.035
15.745
16.826
23.092
5.009
2.918
16.260
4.079
5.718
23.188
13.477
2.846
7.105
14.001
7.886
2.115
1.099
3.033
0.000
12.044
10.042
109.898
15.451
6.273
0.488
8.889
3.370
14.581
6.568
7.666
9.644
16.854
24.875
18.965
13.165
4.762
12.092
15.508
5.598
1.469
10.037
21.228
14.450
13.947
0.199
13.973
6.803
16.085
5.263
3.588
30.025
50.163
10.913
11.525
20.623
5.390
6.171
11.553
14.208
19.415
9.853
12.940
16.428
22.556
5.630
26.992
19.779
12.047
53.955
79.919
5.412
12.796
4.563
10.863
8.243
4.473
3.433
2.300
5.576
24.516
3.136
1.699
14.990
8.620
1.327
12.099
6.420
21.827
2.784
0.319
16.644
41.619
6.520
10.267
14.528
10.335
2.274
18.373
178.996
13.045
10.547
0.043
0.742
14.782
16.104
3.670
3.030
5.768
8.416
14.832
6.317
21.550
22.862
9.210
13.475
20.445
11.927
7.033
19.243
8.550
31.944
17.070
20.047
21.533
8.557
10.279
6.980
15.659
12.839
19.078
20.931
7.412
9.139
9.759
20.984
23.895
15.367
20.273
2.050
0.728
19.217
11.088
17.518
15.159
22.052
165.770
6.870
2.111
6.618
3.322
6.784
81.155
75.153
7.776
1.346
16.658
25.480
30.363
118.555
1.487
17.362
10.434
20.720
19.020
13.367
1.941
4.532
6.266
2.551
93.047
13.887
18.642
10.183
4.044
18.962
3.883
17.197
2.990
16.380
6.695
2.405
5.260
2.403
0.076
0.941
0.000
0.000
0.515
0.034
0.000
0.000
0.000
0.000
0.136
0.014
0.003
6.746
6.077
9.180
5.885
1.868
3.433
7.606
1.490
0.069
0.000
0.077
3.711
5.835
15.165
5.057
10.918
3.952
10.835
11.141
8.772
1.358
1.526
0.261
0.000
1.681
2.918
2.125
0.029
3.123
6.365
91.640
8.961
4.709
9.429
1.302
1.139
1.818
0.009
10.600
20.747
2.377
3.260
0.067
0.614
0.114
0.379
0.000
0.000
0.362
4.707
5.091
4.592
1.879
0.304
0.875
0.589
2.377
6.145
9.758
1.861
2.836
4.582
2.391
2.884
7.206
0.536
3.020
1.572
4.017
7.102
2.201
0.000
0.000
0.000
2.489
5.042
0.015
0.000
0.000
0.556
0.000
2.159
0.206
0.000
0.000
2.118
1.717
0.003
0.002
0.000
0.000
0.000
0.000
0.000
0.000
16.356
0.845
1.638
0.000
0.010
0.003
0.027
1.814
17.951
0.199
0.000
0.154
16.912
0.079
0.000
0.000
0.000
0.000
0.039
4.638
5.330
9.538
5.601
14.569
0.391
0.048
0.000
0.000
0.000
0.000
0.002
0.000
0.000
0.203
0.034
0.000
3.440
5.895
8.159
6.025
0.185
4.659
4.769
15.389
17.673
2.400
0.021
2.771
2.249
0.082
0.000
0.144
1.710
4.669
0.027
0.000
0.000
0.283
0.003
0.000
0.000
7.225
0.000
3.770
14.298
25.912
0.000
9.325
1.967
12.531
4.789
13.626
16.153
26.436
10.969
13.455
9.654
0.000
0.000
0.422
2.832
17.739
4.704
7.265
80.425
4.836
5.613
16.066
2.014
8.607
13.743
19.797
90.336
128.442
0.429
6.635
0.887
0.000
0.905
9.932
2.827
10.695
25.778
223.884
2.695
8.175
14.172
18.804
7.733
11.822
13.846
6.691
3.742
1.097
2.315
7.162
12.325
4.542
3.902
3.809
17.350
36.197
0.503
15.834
29.488
0.457
8.286
6.925
13.558
12.337
32.277
0.438
6.607
1.111
13.996
12.756
13.190
15.707
3.778
3.792
26.348
9.527
28.358
10.854
16.921
2.596
6.424
7.811
3.928
1.517
1.451
12.881
5.061
2.070
1.651
13.146
21.037
27.593
8.681
14.497
14.677
1.826
8.406
26.036
4.384
4.422
20.407
32.925
20.016
45.696
10.895
7.776
5.632
1.373
14.928
9.596
11.924
11.711
26.287
57.031
13.604
58.801
10.065
21.374
82.552
4.343
17.319
9.172
17.921
5.812
10.657
28.128
78.837
103.495
18.196
3.032
1.682
1.257
0.457
0.203
14.866
12.888
17.580
14.711
25.658
20.639
25.991
1.590
14.964
10.804
10.221
12.523
8.080
7.471
111.837
6.564
3.643
2.650
11.414
2.307
0.604
1.579
14.747
17.118
6.916
1.162
12.605
11.440
48.539
8.047
3.749
5.334
2.779
21.245
0.910
11.371
6.959
9.012
19.027
9.126
16.057
19.779
30.089
9.661
7.642
24.949
6.140
2.091
1.535
1.308
11.453
4.436
0.664
1.188
8.120
3.531
0.017
0.409
5.543
4.295
3.073
14.533
10.679
11.814
16.198
39.017
16.845
1.075
3.548
14.904
6.877
1.281
5.188
0.343
5.895
8.817
3.749
6.286
18.060
14.691
12.051
2.905
3.656
24.803
52.465
7.167
0.855
15.717
22.632
149.277
3.159
8.950
9.005
8.964
14.761
5.914
0.199
0.800
0.137
0.364
0.003
0.141
5.421
4.367
2.815
11.048
4.927
2.947
6.678
0.460
0.027
7.900
9.445
1.432
1.414
6.880
8.262
2.879
0.450
0.000
0.000
0.000
0.000
0.000
0.000
0.003
3.701
3.505
0.924
0.870
12.809
1.069
0.000
0.000
1.545
1.452
2.319
4.055
2.149
2.341
3.186
0.196
0.172
0.000
0.000
0.000
0.000
0.000
0.124
1.696
5.322
3.989
0.010
0.000
0.000
0.089
2.393
12.030
0.137
2.731
4.546
0.007
0.000
3.035
