19790101
6.877
6.146
5.103
13.970
5.608
1.993
7.431
8.344
2.932
3.038
2.601
0.948
3.778
6.367
1.947
4.391
3.346
1.452
7.902
16.809
4.346
6.981
2.146
9.172
4.949
4.122
7.224
1.257
1.021
11.153
14.229
3.646
12.274
11.539
7.080
0.113
5.769
5.996
5.178
2.445
6.060
3.492
12.061
10.743
26.591
3.402
12.765
2.532
8.308
7.258
2.585
2.788
5.406
0.223
9.368
8.099
7.309
22.513
4.907
10.078
5.548
19.882
11.079
71.864
6.880
10.039
6.820
7.991
7.629
13.022
2.156
4.243
0.309
15.003
15.400
17.159
16.533
26.623
12.794
10.471
4.374
6.091
14.083
20.644
16.370
3.794
4.449
8.437
15.867
11.961
9.325
2.135
6.860
14.171
7.776
10.731
0.213
0.000
0.000
3.576
0.000
4.444
13.366
11.771
9.898
15.220
11.659
9.369
12.366
2.925
10.806
10.578
13.640
0.910
0.209
0.031
0.000
0.000
2.479
4.831
8.253
7.570
2.771
4.834
5.057
11.536
3.787
4.032
9.150
2.592
5.836
2.740
4.494
4.590
5.239
4.183
3.522
0.865
9.204
11.264
8.013
2.568
4.666
4.910
0.402
3.251
8.926
0.309
5.308
6.787
0.893
0.000
0.000
0.000
0.000
0.000
0.000
0.268
0.000
0.134
0.268
0.000
0.000
0.000
1.622
0.079
0.000
0.000
0.000
0.000
0.000
0.000
0.000
0.000
0.000
0.000
0.000
0.000
0.000
0.000
0.000
0.000
0.000
0.000
0.000
0.000
0.017
0.000
0.000
0.000
0.000
0.000
0.000
0.000
0.000
0.000
0.335
0.000
0.000
0.000
1.694
0.000
0.000
0.000
0.101
0.000
0.000
0.000
0.278
0.000
0.000
0.000
0.000
0.000
0.000
0.000
0.000
0.000
0.000
0.177
0.000
0.000
0.000
0.000
0.000
0.010
0.007
0.000
0.000
0.000
1.809
0.000
0.055
0.000
0.000
0.000
0.000
0.000
0.000
0.000
0.077
0.108
0.000
0.000
1.493
1.514
0.000
0.000
0.000
0.000
0.000
0.010
0.199
0.000
0.599
0.000
0.081
0.000
0.000
0.000
0.917
0.000
0.000
0.000
0.000
0.000
0.000
0.000
0.172
2.551
0.302
0.000
0.000
0.000
0.000
0.000
0.000
0.000
1.071
1.864
0.168
0.687
0.076
1.092
4.460
0.000
0.014
0.288
0.470
0.000
0.000
0.000
0.000
0.000
0.000
0.034
0.000
0.797
0.666
0.683
0.165
3.897
0.000
0.000
0.144
4.242
7.708
2.508
6.705
1.748
12.599
10.638
2.975
0.603
0.069
0.000
1.267
18.650
21.410
0.734
2.379
0.000
5.599
6.109
7.189
7.611
5.011
13.062
5.879
2.467
0.000
0.000
0.000
0.000
0.000
0.136
0.062
3.940
3.020
52.709
0.297
3.759
0.072
0.000
9.750
0.340
0.000
14.107
12.216
35.242
0.100
0.386
6.827
13.894
10.969
4.918
11.295
7.043
1.997
3.605
5.740
15.113
6.630
3.588
14.780
25.554
23.257
1.329
4.449
0.488
14.938
3.559
5.421
9.713
7.000
1.500
6.908
7.708
14.802
5.069
7.551
7.021
10.798
3.910
1.150
15.269
13.851
9.891
4.940
2.122
2.671
2.633
8.713
2.946
12.185
11.882
4.053
2.892
12.753
1.639
1.164
14.202
14.231
8.382
0.819
0.132
10.353
2.735
0.093
4.667
0.460
8.805
41.058
6.925
0.934
2.125
1.196
7.203
5.584
0.000
10.157
6.160
0.450
0.000
0.000
0.000
0.000
2.065
6.854
1.067
2.527
0.711
20.955
0.990
5.863
1.245
7.055
1.746
5.106
7.987
9.840
3.174
8.585
4.990
4.259
6.825
11.482
10.993
7.914
12.480
2.264
126.216
4.249
10.186
30.286
3.159
0.573
2.867
4.099
12.895
2.194
2.826
8.724
17.944
7.021
4.364
12.665
3.926
5.167
0.529
16.304
132.299
0.762
4.812
3.612
3.330
0.007
0.007
0.000
3.622
2.506
4.453
9.005
8.686
2.788
8.937
1.614
3.280
0.469
0.000
0.000
0.103
2.633
8.569
1.353
2.063
4.201
3.143
1.998
11.749
3.366
9.563
4.010
9.014
1.766
4.194
9.354
9.131
9.095
0.354
0.800
0.000
0.000
0.000
0.058
2.046
7.639
5.340
6.679
2.462
1.680
0.031
0.000
0.000
0.000
0.000
0.000
0.000
0.000
0.000
4.906
1.258
1.492
0.067
0.034
0.000
0.079
0.000
0.000
0.000
0.000
7.160
3.965
2.961
0.021
2.163
0.000
0.000
0.548
0.055
0.000
0.000
0.000
0.000
0.000
0.000
0.000
0.000
0.000
0.000
0.000
0.000
0.000
0.000
0.000
0.000
0.000
0.000
0.062
0.000
0.000
0.000
0.000
0.000
0.000
0.021
0.038
3.914
0.000
0.000
0.000
0.000
0.000
2.822
0.000
0.000
0.261
0.175
0.000
0.014
0.182
0.000
0.000
0.000
0.000
0.000
0.000
0.000
0.000
0.000
0.000
1.905
0.000
0.007
0.110
0.000
0.000
0.000
0.000
0.000
0.000
0.000
0.757
0.000
0.000
0.000
0.000
0.000
8.556
0.000
0.098
0.000
0.000
0.000
2.247
0.000
0.000
0.000
0.000
0.003
3.437
0.000
0.000
0.000
0.000
0.089
0.089
0.000
0.000
0.000
0.141
0.137
3.208
10.296
0.017
0.000
0.010
0.000
0.055
0.000
0.000
2.544
0.010
0.055
4.693
8.947
0.652
1.844
12.116
0.000
1.978
10.107
2.438
0.316
0.582
2.791
0.000
0.034
0.467
1.133
0.352
0.115
0.000
0.000
0.000
0.000
1.021
0.439
1.378
4.554
34.616
0.357
0.565
0.990
0.000
4.240
4.829
34.746
2.767
10.456
8.823
2.581
6.017
11.791
26.554
17.798
1.627
3.912
8.051
2.515
8.775
16.339
12.361
0.807
0.295
0.089
0.072
0.082
5.006
4.861
0.154
0.000
4.436
1.305
5.445
13.225
9.362
12.662
0.000
0.216
5.565
10.434
2.197
10.705
4.807
12.288
11.493
7.629
12.478
3.248
3.306
3.718
5.716
13.338
5.706
13.009
6.836
20.095
6.757
4.472
0.429
2.142
14.763
10.775
4.329
11.965
2.208
13.472
9.867
5.957
7.927
3.883
0.062
0.000
1.909
5.455
7.114
2.510
2.220
26.007
9.469
6.791
1.813
17.636
42.357
2.300
0.192
2.692
12.610
3.605
12.909
21.451
10.258
2.662
19.175
16.346
3.826
15.400
11.333
17.221
1.145
9.294
12.480
15.087
7.095
9.424
4.391
4.638
11.910
10.672
24.790
2.961
5.557
37.204
23.149
15.740
2.571
4.922
15.199
8.900
77.854
3.121
4.013
0.920
0.108
5.180
20.670
15.973
6.168
5.604
36.365
30.341
0.089
1.243
6.275
5.718
3.765
1.952
8.839
2.834
12.233
7.433
10.152
14.584
12.360
4.264
6.657
4.831
25.825
5.907
13.434
3.468
1.919
0.285
0.577
13.149
13.297
4.988
3.653
0.086
0.151
2.129
2.204
2.729
1.548
2.379
2.503
5.857
4.848
13.711
1.607
0.398
0.000
0.000
8.835
5.232
7.030
3.186
9.987
3.023
5.881
5.203
4.082
9.995
4.065
2.396
8.245
0.235
1.782
5.200
6.853
0.826
0.000
0.000
0.050
1.622
1.617
2.781
6.430
0.556
0.000
0.000
0.148
1.682
4.958
4.185
2.674
1.487
5.335
0.951
0.000
0.014
3.334
4.336
7.903
2.087
0.041
2.946
4.319
0.233
0.000
0.000
0.000
0.130
1.325
0.536
0.000
0.000
0.000
0.000
0.000
0.000
0.608
3.423
0.034
0.000
0.000
0.000
0.000
0.000
0.000
0.003
0.000
0.000
0.000
0.000
0.000
0.000
0.024
0.000
0.000
0.000
0.000
0.000
0.000
0.000
0.000
0.000
0.000
0.000
0.000
0.000
0.000
0.000
0.000
0.000
0.343
4.717
0.218
0.687
0.385
3.835
0.000
0.000
0.000
0.000
0.000
0.000
0.000
0.000
0.000
0.003
0.000
0.000
0.000
0.000
0.000
0.000
0.041
16.637
0.831
0.000
0.199
0.072
0.000
0.024
0.027
0.426
1.960
0.000
0.000
0.000
0.000
0.000
0.227
0.000
0.058
0.000
0.000
0.000
0.000
0.065
0.000
0.000
0.872
11.254
0.000
0.000
0.000
0.000
0.000
0.000
0.014
0.179
0.000
0.000
0.003
0.244
0.151
3.636
0.086
5.339
6.115
0.000
0.000
0.000
0.062
9.785
6.571
1.033
40.395
0.402
0.000
0.000
0.000
0.000
0.000
0.148
0.038
0.000
0.000
0.003
0.014
0.000
0.000
0.000
0.000
0.192
0.299
1.274
2.527
0.000
0.000
0.003
3.200
11.843
8.157
15.769
19.669
1.964
8.212
19.320
2.793
6.781
11.649
1.160
0.086
14.540
12.576
2.767
2.235
5.126
3.344
9.366
7.127
24.525
2.146
110.625
1.765
8.784
4.226
10.224
62.718
3.461
0.007
7.958
10.646
13.887
2.005
3.638
14.042
15.389
7.409
1.696
3.603
1.703
11.958
9.519
20.733
4.362
14.519
3.310
12.622
10.997
10.361
3.816
17.903
15.697
15.405
8.514
9.726
0.254
8.109
5.528
0.697
7.778
9.369
6.815
9.459
16.603
3.107
14.231
4.264
1.260
0.453
2.084
3.382
16.967
44.316
21.248
1.978
1.463
1.028
13.774
10.753
11.467
18.680
16.304
2.865
1.585
1.761
11.815
18.210
17.781
7.244
13.089
8.368
7.024
13.523
11.770
10.873
10.095
0.283
13.417
16.179
14.663
92.694
0.575
9.374
10.816
15.041
16.481
15.048
20.505
25.751
1.627
2.585
14.533
10.538
6.166
4.177
4.341
2.266
2.410
21.889
47.045
0.850
10.427
1.710
6.920
11.954
11.541
11.893
12.379
7.117
13.946
8.635
8.966
15.153
6.762
3.739
16.479
13.984
0.355
4.261
5.193
4.527
6.161
13.082
7.169
22.901
76.001
59.201
3.274
19.403
3.457
16.883
0.316
8.593
6.135
10.950
14.837
14.008
0.632
1.274
7.809
10.305
10.248
10.635
10.439
3.361
15.510
5.778
0.000
0.388
5.735
0.385
0.137
0.010
0.000
0.000
0.000
0.000
9.634
3.931
3.498
5.109
8.921
2.935
12.844
7.872
6.262
4.185
7.464
6.018
7.302
7.864
22.093
43.238
9.527
4.230
0.151
0.000
0.000
0.000
0.000
0.000
0.000
0.000
1.435
0.632
0.807
0.000
0.000
0.000
5.902
1.184
1.181
1.983
2.475
3.246
1.639
4.080
0.062
0.000
0.000
1.157
6.254
2.180
0.443
0.216
0.227
0.371
0.072
0.000
4.206
0.349
0.000
0.000
0.000
0.000
0.000
0.000
4.302
5.892
0.070
3.327
3.195
5.028
7.187
9.862
6.648
0.217
0.000
0.000
0.000
0.000
0.000
0.000
0.000
0.000
0.937
0.000
0.000
2.788
5.879
9.979
0.347
0.000
0.000
0.374
2.268
0.343
0.000
0.000
0.809
5.893
4.815
0.127
0.000
0.000
0.010
1.808
16.595
0.647
6.652
0.000
0.000
0.000
0.103
0.000
0.000
0.292
0.000
0.000
0.000
0.179
5.186
0.034
0.003
0.021
0.000
0.000
3.253
3.450
0.000
0.000
0.072
0.000
0.529
0.134
0.000
0.000
0.000
0.000
0.000
0.000
8.072
4.662
11.923
0.228
4.798
4.448
0.894
9.562
0.103
0.010
9.624
0.106
0.017
0.000
0.000
2.346
1.887
0.007
0.000
0.034
2.625
8.278
0.000
0.000
0.336
0.451
1.988
0.000
0.000
0.465
1.191
1.572
1.380
6.067
0.007
8.645
0.000
0.498
0.343
0.077
0.024
0.000
0.000
0.000
0.000
13.980
55.714
3.948
0.687
2.946
8.047
12.411
2.063
0.000
3.359
4.508
1.954
1.701
2.187
7.859
1.940
1.033
0.154
0.326
0.062
0.000
0.000
0.000
0.058
0.014
0.000
2.729
10.811
1.805
0.784
4.084
16.368
12.850
8.197
15.889
24.694
0.247
0.000
0.062
2.798
13.638
2.571
21.986
36.857
7.482
0.676
13.867
7.963
2.785
6.686
8.417
16.011
1.978
0.093
2.789
1.639
6.963
7.974
50.563
11.567
3.804
13.798
76.271
5.981
3.969
9.904
2.101
6.695
0.182
13.520
3.739
10.176
10.114
5.802
4.601
20.144
0.165
1.047
3.591
11.690
1.936
3.933
20.876
7.478
0.652
7.872
8.216
6.798
0.000
0.017
7.404
1.054
1.097
4.104
4.112
8.911
21.297
14.354
0.167
9.529
21.994
0.151
10.233
1.732
5.840
17.015
8.581
3.622
0.834
3.418
13.407
17.581
0.556
1.287
0.862
7.719
8.305
5.898
0.010
0.000
0.000
0.649
0.402
0.635
0.007
8.298
55.131
8.453
3.541
1.263
1.387
5.116
9.050
2.855
2.523
5.768
55.471
154.461
0.000
0.000
0.000
0.000
0.309
0.000
0.000
1.940
0.462
6.849
0.534
12.586
23.607
5.418
10.458
8.528
18.220
13.925
8.247
5.993
8.453
3.086
1.368
3.921
2.556
2.966
7.989
8.391
2.386
5.634
6.314
4.580
31.555
90.198
1.387
5.527
11.999
10.818
11.791
9.719
15.913
2.372
9.177
3.368
0.309
0.882
1.504
0.000
0.000
4.532
6.824
2.211
11.742
2.462
5.891
0.405
3.670
4.563
7.584
3.193
10.863
16.404
0.223
1.751
12.195
1.729
0.292
4.298
0.288
12.761
8.751
13.697
4.695
0.000
0.000
0.000
0.137
0.000
0.000
0.000
0.000
5.102
0.045
0.003
0.412
6.331
0.000
0.000
0.000
0.000
0.000
0.000
0.000
0.151
0.321
0.055
0.000
0.000
0.000
0.048
0.000
0.000
0.000
0.000
0.000
0.101
0.000
0.000
0.000
0.000
0.000
0.000
0.000
0.048
0.000
0.007
0.021
0.021
0.645
0.000
0.000
0.000
0.000
0.000
0.937
0.000
0.000
0.017
0.051
0.000
0.000
0.000
0.000
0.000
0.000
0.000
0.000
0.000
0.000
0.000
0.000
0.048
0.000
0.000
0.000
0.000
0.089
0.079
0.000
0.000
0.000
0.000
0.000
0.000
0.000
0.000
0.000
0.000
0.000
0.000
0.244
0.000
0.000
0.000
1.653
1.174
0.000
0.000
0.000
0.000
1.030
0.259
0.048
0.055
0.034
0.000
0.000
0.000
0.000
0.000
0.479
0.000
0.000
0.657
0.000
0.070
0.034
0.144
0.000
0.000
0.151
0.000
0.990
0.000
0.000
3.897
7.218
0.003
8.732
5.512
4.122
0.000
0.046
0.000
3.250
0.958
0.076
0.072
0.196
0.172
0.000
0.450
5.143
0.041
0.045
0.000
7.208
3.856
0.000
0.000
0.000
0.000
6.336
2.063
0.000
26.432
35.192
11.581
0.257
0.000
0.929
0.000
0.457
6.479
3.761
0.000
1.047
0.071
10.386
5.897
0.000
5.794
9.520
1.196
4.132
0.014
7.981
47.167
0.014
0.000
0.031
4.147
4.551
0.937
2.244
21.039
0.807
1.239
0.017
3.560
12.521
17.317
43.425
0.034
0.000
0.000
0.282
0.194
0.666
37.970
2.582
0.154
5.630
13.403
8.408
3.888
6.853
8.221
7.114
11.330
12.595
10.926
4.892
6.794
10.605
16.040
21.015
0.045
5.515
14.792
21.154
8.029
4.776
9.019
24.100
17.214
9.793
18.065
10.296
6.992
2.160
10.034
2.854
0.673
11.632
8.176
12.193
2.606
13.175
9.673
5.164
7.404
3.095
1.560
0.831
11.750
2.285
8.118
6.084
6.240
6.341
1.274
5.483
9.816
8.926
5.091
9.970
12.765
9.287
1.435
9.177
23.930
84.124
12.296
1.167
3.471
0.100
0.182
6.163
18.265
16.744
7.783
3.086
18.392
1.868
0.824
0.079
2.434
19.291
11.379
44.069
4.717
7.100
8.329
7.433
30.048
6.489
1.105
3.231
0.000
0.000
4.988
8.587
3.148
8.216
7.740
3.244
3.924
5.260
0.000
0.000
0.172
16.607
0.254
4.068
13.338
4.484
0.388
0.937
1.514
3.423
10.959
7.416
3.766
11.247
5.287
5.428
24.949
6.942
15.630
4.607
9.101
4.429
13.304
8.030
6.513
11.707
2.856
11.364
10.526
36.018
15.247
0.065
0.000
3.598
3.371
8.590
2.343
5.090
1.665
1.418
3.758
0.328
8.774
4.381
9.328
11.572
3.818
5.351
3.576
0.113
5.905
1.674
1.742
4.547
3.500
6.836
13.063
5.055
3.777
0.354
8.837
1.696
9.958
6.880
1.876
7.275
2.122
2.290
3.042
2.726
0.601
4.861
7.440
4.927
0.000
2.905
5.400
0.669
2.153
5.782
4.961
9.462
5.383
4.108
2.414
0.000
0.000
0.000
2.733
6.853
0.197
0.000
0.000
3.018
1.694
0.676
0.000
0.000
0.415
0.000
5.624
2.491
9.253
7.752
4.230
0.000
0.354
0.946
9.668
2.939
2.118
3.135
2.190
0.000
0.000
0.000
0.000
0.000
0.000
0.000
0.000
0.000
0.000
0.000
0.000
0.000
0.000
0.000
0.000
0.000
0.000
0.000
8.787
6.427
0.000
1.357
0.000
0.101
0.000
0.000
0.003
0.103
0.000
0.000
0.000
0.000
0.000
0.000
2.484
0.989
9.236
5.473
11.767
1.763
0.000
0.000
0.000
0.000
0.000
0.000
0.000
0.000
0.000
3.123
0.000
1.183
1.928
0.007
0.000
0.000
0.000
0.862
0.225
0.146
0.000
2.362
0.000
0.000
0.000
1.241
17.333
2.712
0.824
0.213
11.957
19.971
0.595
0.000
0.000
1.026
0.000
0.000
0.000
0.000
0.000
0.503
1.298
0.000
0.000
0.000
0.346
0.000
0.170
4.631
5.485
0.297
1.651
12.282
0.501
0.000
0.000
0.000
4.650
1.033
6.163
14.025
0.088
11.462
18.574
15.704
96.323
0.277
0.000
1.447
14.401
8.571
2.323
4.190
0.254
18.653
2.448
19.719
11.867
14.466
1.576
0.465
0.000
15.458
20.033
0.297
6.703
0.000
4.005
6.676
4.562
0.060
3.057
1.215
13.977
35.781
6.224
0.191
15.110
3.474
2.162
8.931
4.061
0.603
10.808
0.968
12.250
17.766
8.087
6.317
0.000
4.980
16.842
8.150
4.432
4.279
0.024
3.293
3.921
12.641
11.697
44.338
7.297
8.813
3.710
1.729
16.037
11.580
10.440
8.401
11.041
15.151
36.760
11.917
2.551
8.197
6.417
11.247
10.813
6.775
0.985
11.841
4.398
0.790
0.561
6.733
12.322
11.391
0.240
0.213
16.799
11.242
4.364
32.417
7.443
12.174
76.558
8.854
7.397
83.184
3.828
8.780
3.510
1.672
1.503
2.329
20.139
5.581
1.391
7.399
13.584
13.196
8.156
7.920
11.905
6.858
8.224
3.507
57.998
0.306
3.766
5.946
21.083
13.383
9.041
18.220
17.104
6.499
22.405
7.807
12.531
7.994
11.788
4.539
2.973
2.776
6.578
10.046
8.702
2.616
6.266
8.921
7.972
24.395
20.730
1.236
1.208
3.337
10.025
5.668
0.436
9.101
17.180
4.182
8.351
7.682
9.270
17.324
3.224
6.575
4.796
13.194
5.673
9.589
11.659
3.821
1.538
3.279
4.925
9.536
11.508
1.916
8.789
0.920
8.181
17.518
24.029
11.450
12.744
2.812
2.853
99.231
5.888
9.180
1.861
10.918
4.400
2.057
0.131
2.170
1.821
3.138
4.355
11.209
2.436
12.193
8.647
7.457
2.844
6.063
8.427
1.978
4.319
3.866
17.693
1.318
5.644
0.359
1.451
0.575
0.021
4.104
3.195
6.530
3.777
8.980
0.711
1.800
0.172
6.878
3.277
0.333
0.000
0.000
0.000
0.000
0.000
0.000
0.000
0.000
0.000
0.000
0.000
0.000
0.000
7.189
0.000
0.000
0.730
5.948
5.154
0.027
0.539
0.000
0.000
0.000
0.000
0.045
0.024
45.332
0.045
30.212
11.458
74.103
0.203
0.000
0.014
0.692
0.594
0.000
0.000
0.000
0.000
0.000
0.000
0.000
0.007
0.120
0.000
0.000
0.000
0.000
0.000
0.000
0.000
2.815
0.900
0.192
2.973
16.040
3.001
0.000
0.000
0.000
0.000
0.000
0.000
0.000
0.000
0.000
0.000
0.000
0.000
0.000
0.000
0.000
0.000
0.000
0.017
0.010
0.556
0.000
0.000
0.000
0.000
0.462
1.576
0.537
0.000
0.000
1.960
6.394
0.000
0.000
0.000
0.000
0.000
0.000
0.000
0.000
0.000
0.000
0.000
0.148
4.179
0.000
8.545
13.670
0.079
2.036
8.234
0.000
0.000
0.000
0.000
0.000
0.017
23.405
3.718
0.000
0.000
0.108
0.029
7.414
0.072
0.000
0.000
0.000
5.227
5.346
0.014
1.356
0.017
0.000
0.000
0.000
0.000
0.110
3.356
2.599
2.067
0.167
0.973
0.221
0.000
22.339
20.699
2.865
0.000
1.476
5.201
0.374
2.874
0.000
0.113
1.524
0.996
0.093
1.035
0.000
0.000
4.350
5.421
15.161
5.054
4.331
2.990
0.233
0.000
0.496
1.718
0.395
0.498
2.757
4.298
13.778
10.837
7.847
3.567
0.316
0.003
0.000
0.549
0.409
0.000
0.058
6.595
18.320
2.297
77.718
17.599
7.021
3.473
2.953
7.752
4.419
0.082
0.357
0.000
0.124
4.268
0.182
0.000
17.249
9.002
10.135
2.808
0.206
1.511
2.520
0.000
0.752
4.853
2.362
0.000
2.565
4.865
0.288
15.395
8.051
6.733
3.033
10.952
15.525
1.294
10.684
6.334
0.000
5.658
0.000
5.977
6.569
3.646
9.323
14.758
36.073
41.178
0.007
4.031
7.994
3.303
9.881
3.516
10.451
20.129
16.102
7.986
16.267
4.659
10.657
9.108
4.920
10.705
7.855
7.910
3.809
15.082
2.390
5.627
28.534
10.303
2.626
0.021
1.068
15.319
11.620
4.223
35.654
5.105
21.320
2.623
10.782
25.324
2.905
41.623
12.834
0.862
5.740
2.178
3.255
5.742
14.090
10.507
12.020
2.492
3.052
9.594
38.042
13.240
11.668
32.521
118.050
5.290
17.539
28.990
11.234
12.222
14.911
11.942
10.512
3.064
6.348
1.758
12.425
8.607
5.071
4.964
2.832
12.521
12.926
17.146
21.070
0.656
2.300
7.313
5.095
15.099
3.169
0.021
3.306
0.865
5.074
9.469
9.819
6.365
4.144
6.489
5.023
7.804
4.628
12.851
5.977
2.479
5.620
1.929
13.101
2.304
0.089
1.229
3.217
0.695
9.443
3.588
3.698
1.861
3.684
2.820
5.510
6.784
4.309
3.210
7.112
5.167
6.029
3.632
2.348
3.727
8.847
1.397
13.839
1.500
-99.000
0.199
1.027
0.000
0.000
0.000
1.480
6.540
3.294
0.465
0.000
2.561
0.000
4.913
1.270
0.000
0.000
0.000
0.000
0.000
0.000
0.000
0.000
0.000
0.000
0.000
0.000
0.000
0.000
0.000
0.000
0.062
0.093
0.000
0.000
0.000
0.000
0.000
0.000
0.000
0.000
0.000
0.000
0.000
3.550
0.038
2.637
0.000
0.000
0.000
0.000
0.000
2.523
0.000
0.000
0.000
0.000
0.000
0.000
0.000
0.000
0.000
0.000
0.000
0.000
0.000
0.000
0.000
0.017
0.000
0.345
4.086
0.154
2.745
1.737
0.268
1.009
0.000
0.000
4.302
5.988
1.864
0.000
0.000
0.017
0.000
0.000
0.000
0.910
9.076
0.000
5.720
0.697
0.529
0.000
0.000
0.000
1.294
17.956
0.082
0.000
0.137
0.000
0.000
0.165
1.270
0.000
49.169
7.141
11.599
1.711
0.000
0.000
0.000
0.000
0.010
0.000
0.000
0.000
0.366
0.000
0.000
0.000
0.000
0.000
0.000
0.000
0.645
0.000
0.220
0.000
0.000
0.000
21.451
1.421
0.374
0.000
0.000
0.000
0.000
0.000
5.030
3.148
0.501
0.470
2.843
7.028
0.103
0.000
0.000
0.910
4.195
0.055
0.000
0.000
0.000
0.113
8.674
8.096
7.646
6.231
9.328
7.537
0.318
0.254
12.567
0.000
0.000
0.000
0.000
0.000
4.676
0.000
0.000
2.257
0.173
5.613
24.221
6.643
3.833
10.553
8.834
7.635
6.019
11.268
5.357
14.262
135.048
0.055
0.321
3.754
12.061
3.330
16.165
5.604
0.174
1.297
0.072
0.000
6.356
7.454
19.718
6.653
17.997
6.181
4.782
0.424
3.780
-99.000
-99.000
-99.000
-99.000
-99.000
-99.000
-99.000
-99.000
7.155
7.155
10.519
9.604
16.045
6.753
2.910
11.508
15.793
3.588
5.157
1.439
3.433
6.190
21.468
14.056
59.757
1.562
0.834
2.808
9.476
9.177
17.805
4.803
5.043
17.043
14.262
11.656
1.239
0.642
1.641
1.929
15.460
132.548
8.398
0.079
0.000
14.670
7.160
12.025
0.038
0.000
0.000
0.000
0.000
0.000
3.274
2.072
14.189
5.930
13.927
3.002
6.349
27.623
27.735
6.927
1.864
14.004
17.731
6.429
4.074
16.916
2.464
0.523
13.372
10.198
3.095
5.978
17.390
37.238
0.989
0.000
0.000
0.000
0.000
0.000
0.000
7.775
20.016
4.630
7.071
9.615
19.188
15.592
2.372
1.900
11.161
20.876
6.339
9.665
10.399
6.592
7.376
0.088
0.754
4.597
4.813
6.631
14.433
1.358
0.822
0.000
5.619
2.448
12.921
7.059
12.226
13.178
0.611
0.000
6.789
4.092
0.668
0.000
2.458
3.849
5.715
2.680
6.913
3.737
0.772
3.687
3.797
0.872
1.802
4.166
4.280
3.598
14.131
0.257
0.000
0.000
0.000
0.027
4.628
5.823
5.881
5.680
4.405
1.679
1.669
6.461
0.209
0.000
0.103
0.000
0.000
0.000
0.000
0.000
0.000
1.559
0.879
0.594
2.159
0.045
4.443
5.400
1.112
0.045
0.000
0.034
2.740
2.568
2.335
3.667
16.648
0.814
0.000
0.000
0.000
0.000
0.000
0.024
8.199
0.000
0.000
0.000
0.000
0.000
0.000
8.516
3.644
0.170
0.000
0.000
0.000
0.000
0.000
1.705
5.352
0.017
3.775
0.000
0.000
0.000
0.000
0.312
0.000
1.164
0.563
0.000
0.000
0.000
0.000
0.000
2.880
0.000
0.000
0.000
0.000
0.000
0.000
0.000
0.000
0.058
0.000
0.024
0.034
0.000
0.000
0.000
0.000
0.000
0.000
0.000
0.000
0.000
0.000
0.000
0.000
0.000
0.000
0.000
0.000
0.000
0.000
0.000
0.000
0.261
0.000
0.000
5.138
0.000
0.000
0.160
0.000
0.000
0.000
0.007
0.100
0.017
0.000
0.000
0.226
0.000
0.000
0.000
0.125
2.979
0.554
0.114
0.000
0.000
0.470
0.256
0.941
0.601
0.000
0.000
0.513
0.554
0.088
0.000
14.608
0.000
0.000
0.000
0.034
1.281
0.000
0.000
0.000
0.000
0.000
0.000
2.982
0.000
0.000
0.470
0.000
6.462
7.351
0.095
11.914
20.110
0.000
0.000
5.181
13.602
8.066
0.000
0.000
0.165
0.721
0.120
1.782
9.788
0.000
0.000
0.051
0.000
0.000
0.000
22.477
0.000
0.429
0.103
0.154
13.043
1.119
0.000
1.231
10.904
5.243
26.965
0.021
0.010
7.735
18.579
4.589
13.699
5.833
0.721
13.898
0.179
0.000
7.986
8.288
4.099
0.168
0.117
0.000
10.288
1.504
2.547
0.611
0.642
4.467
0.055
5.073
13.939
8.923
1.239
3.516
2.877
6.197
29.251
21.835
0.055
1.363
7.220
0.275
0.048
5.423
5.804
0.156
0.000
0.514
0.126
16.567
18.067
3.522
9.253
4.927
0.014
7.133
1.412
6.980
6.183
5.982
1.248
4.031
3.659
6.810
7.340
2.505
6.126
10.822
3.764
14.318
8.623
7.946
4.879
1.999
3.033
2.750
1.336
0.249
10.538
7.021
15.492
1.433
11.055
14.327
13.518
15.437
16.364
2.235
8.078
7.799
5.036
6.684
12.279
13.359
10.068
16.742
13.591
2.020
8.621
11.151
13.248
12.492
12.049
7.816
0.158
0.786
4.319
5.847
0.000
1.826
9.259
19.357
9.266
0.021
5.040
18.450
18.927
2.798
9.483
2.517
0.000
2.493
6.630
15.951
8.223
3.464
4.137
1.130
0.326
0.302
0.728
4.649
2.390
6.118
3.193
19.180
6.496
3.217
24.518
8.278
13.486
9.958
7.361
15.242
13.795
5.194
0.409
0.395
16.526
2.805
1.567
7.447
8.520
1.130
7.986
0.400
50.340
0.000
11.307
0.263
8.672
2.163
11.685
0.245
0.249
0.000
2.468
0.872
1.361
1.950
2.225
0.034
5.723
2.474
10.653
1.809
4.542
7.079
0.165
3.095
0.821
5.037
8.233
3.159
8.950
9.433
5.788
2.755
3.013
13.479
0.676
5.376
1.751
2.365
3.801
34.779
2.043
0.096
0.000
4.832
0.209
0.000
0.000
1.205
1.449
0.000
0.000
0.000
0.000
0.000
0.000
0.000
5.316
2.527
3.330
0.017
2.297
1.835
0.000
2.892
5.907
0.000
0.216
0.000
0.000
3.232
1.164
0.000
0.000
0.000
4.590
2.348
11.664
0.453
0.000
0.000
0.000
0.000
0.000
0.000
0.000
0.000
0.000
0.000
0.000
0.000
0.000
0.000
0.000
0.000
0.000
0.000
0.000
0.000
0.000
0.000
0.000
0.000
0.000
0.000
0.000
0.000
0.000
0.000
0.000
0.000
0.000
0.000
0.000
0.000
0.000
0.000
0.076
0.031
0.000
0.000
0.000
0.000
0.000
0.000
0.000
0.000
0.000
0.000
0.000
0.000
0.000
0.000
0.000
0.000
0.000
0.000
0.000
0.000
0.000
0.000
0.000
1.490
0.306
0.000
0.051
0.000
8.394
23.974
24.036
0.003
0.000
0.000
0.000
0.000
0.000
3.904
0.494
0.000
0.041
0.000
0.000
0.000
0.000
0.000
0.165
0.000
10.544
0.041
0.000
0.292
6.082
3.133
0.000
0.010
0.000
0.000
0.000
1.083
4.002
0.204
1.286
3.380
1.476
10.815
0.051
0.000
0.000
0.007
0.051
0.000
0.000
0.000
0.000
0.256
3.325
0.000
0.146
0.000
0.165
0.560
2.092
0.762
2.592
2.051
0.307
0.000
9.021
2.559
2.810
5.387
3.383
3.748
1.555
6.257
19.803
25.499
0.853
0.048
0.010
2.693
18.517
11.944
19.104
26.328
5.344
2.391
0.565
3.516
10.954
14.303
1.612
15.593
120.911
27.677
0.738
6.046
4.711
6.259
11.979
6.987
0.195
7.773
30.689
1.717
8.660
0.000
4.854
11.033
6.092
14.932
11.882
9.843
4.109
4.851
11.577
15.012
3.510
0.347
10.592
7.493
12.789
22.264
7.852
7.823
5.248
3.615
1.456
10.949
2.299
6.313
17.329
23.253
37.321
41.178
27.074
0.978
2.963
1.317
5.112
8.044
15.692
0.879
11.905
4.144
0.951
18.979
8.865
3.045
2.856
0.182
0.944
2.654
13.561
7.879
5.510
7.340
8.944
1.888
8.665
1.495
0.000
14.763
17.824
2.390
1.737
5.116
8.252
8.861
12.418
40.928
13.575
0.374
10.552
3.739
1.363
5.915
14.591
3.790
14.777
12.796
9.191
4.903
0.553
2.269
8.116
3.485
0.130
9.568
29.897
5.260
6.760
14.107
28.664
6.084
4.515
4.542
6.060
7.447
4.364
13.082
0.690
9.743
2.417
2.949
6.327
36.966
2.499
10.832
3.028
11.034
9.431
5.692
9.431
4.494
2.008
3.502
0.326
1.830
19.583
20.895
4.432
8.820
2.475
0.350
0.323
17.108
1.157
1.881
13.252
12.099
13.111
9.539
9.586
14.330
19.784
2.597
5.124
8.199
1.717
21.471
0.000
0.000
0.000
0.000
0.000
1.818
20.975
4.820
9.998
11.779
7.272
0.340
0.077
0.000
0.000
0.000
0.000
0.827
1.715
2.343
0.082
0.057
2.029
8.621
4.098
6.429
2.103
6.889
4.764
7.205
0.470
2.371
3.086
4.096
4.379
7.308
0.496
0.000
0.000
0.414
6.974
4.279
11.091
0.273
0.000
0.000
0.000
2.714
0.190
2.086
3.229
0.342
0.017
5.351
7.182
3.059
7.241
2.128
0.000
0.000
0.000
0.000
0.000
0.000
0.000
0.000
0.000
0.000
0.000
0.000
0.000
0.000
0.000
0.000
0.000
0.000
0.000
0.000
0.000
2.784
6.719
8.156
1.118
0.000
0.000
0.302
0.855
2.544
0.000
0.000
0.000
0.282
0.000
0.000
0.433
0.034
0.000
0.000
0.000
0.518
0.000
0.000
0.000
0.027
0.254
0.000
0.000
0.000
0.103
0.017
0.000
0.000
0.000
0.000
0.000
0.000
0.000
5.799
0.027
0.000
0.000
0.000
0.348
0.014
0.000
0.000
0.000
0.000
0.000
0.053
0.591
0.330
0.000
0.000
0.000
0.000
0.000
0.000
0.000
0.000
0.000
0.000
0.000
0.000
0.000
0.000
11.891
0.271
0.000
0.041
0.615
0.034
0.000
0.000
0.045
0.021
0.000
0.007
0.306
1.202
0.010
0.000
0.000
0.051
0.000
0.000
0.048
0.728
3.435
0.268
0.752
9.247
14.251
9.318
0.034
0.000
0.000
9.019
0.477
4.393
12.484
9.663
13.869
15.156
2.937
8.572
13.717
13.269
2.043
0.017
2.599
0.652
0.000
0.000
0.000
0.000
1.231
12.182
8.226
33.728
6.034
7.211
0.635
0.000
4.079
5.397
2.546
0.000
0.000
0.000
0.000
0.000
2.980
0.000
0.491
2.608
1.286
0.000
11.462
10.832
9.567
26.937
13.142
0.051
0.017
5.495
8.511
3.164
0.010
3.428
1.899
1.983
4.852
41.539
10.822
10.313
7.057
9.529
14.950
12.092
1.435
6.477
12.586
16.124
7.932
7.483
16.244
3.854
4.482
10.634
61.561
2.606
7.454
5.519
10.120
6.762
11.633
76.978
3.401
0.445
1.971
15.360
8.405
11.469
11.707
9.796
11.349
7.725
8.677
14.677
10.262
8.586
9.665
6.099
11.035
8.585
12.439
13.501
14.224
7.318
12.362
12.773
12.759
11.564
9.395
6.710
16.298
16.909
11.754
21.712
0.770
7.170
1.019
0.000
1.190
23.784
30.952
0.697
5.428
7.639
19.957
4.312
14.220
3.100
17.928
16.267
4.910
0.810
0.879
4.721
11.790
0.709
0.000
7.098
7.648
18.507
22.438
0.565
10.265
13.498
9.194
8.530
11.017
4.420
7.649
9.500
11.687
9.443
14.021
7.294
9.562
9.706
1.066
9.788
6.104
10.588
5.416
1.765
11.203
10.993
3.459
4.721
0.340
8.319
5.146
14.179
4.721
8.439
0.021
0.007
6.626
8.968
14.238
5.816
2.582
9.575
0.577
2.784
6.971
4.597
2.699
3.210
8.497
3.852
8.868
5.243
16.607
11.999
1.466
7.114
10.149
5.596
9.435
3.330
0.000
4.831
5.212
0.000
0.000
0.000
0.000
0.000
0.000
0.031
1.710
1.511
7.163
2.238
13.877
13.086
6.929
5.830
9.155
2.951
0.027
4.958
5.767
0.254
0.000
3.866
3.135
0.021
0.000
0.000
0.000
0.000
0.000
0.017
0.000
0.575
0.000
0.000
3.186
4.376
9.443
24.594
0.421
0.000
0.000
0.000
0.000
0.000
0.000
0.000
0.000
0.000
0.000
0.000
1.574
5.344
2.963
0.017
0.000
0.000
0.000
0.000
0.000
0.000
0.000
0.000
0.709
0.108
0.000
0.000
0.000
0.000
0.000
0.094
0.000
0.000
0.000
0.000
0.000
0.000
0.000
0.000
0.000
0.000
0.000
0.000
0.003
0.000
0.000
0.000
0.000
2.472
0.000
6.046
3.928
2.738
0.400
0.000
0.000
0.000
0.000
0.000
0.000
0.000
0.000
0.000
1.507
0.051
0.000
0.000
0.000
1.468
0.000
0.000
0.084
0.101
0.179
3.495
0.000
0.000
0.515
0.000
0.000
0.000
0.000
0.000
0.003
0.007
0.000
0.000
0.017
0.120
0.000
0.000
0.000
0.000
0.000
0.010
0.089
0.000
1.366
0.000
0.000
0.148
0.113
0.000
0.000
0.000
0.000
0.000
0.017
0.000
1.133
10.070
1.600
0.000
0.934
0.858
0.220
0.948
2.184
2.245
19.242
0.000
0.000
0.000
0.000
0.003
0.000
0.000
0.117
0.000
1.574
1.123
0.158
1.893
0.105
4.024
7.706
0.000
0.326
0.088
0.000
0.026
6.025
0.618
0.151
0.321
0.021
0.115
0.288
10.439
9.907
9.028
13.240
5.740
0.237
0.000
0.000
11.917
0.021
11.965
8.312
12.851
3.972
3.258
2.757
1.160
0.000
2.812
2.087
3.940
27.480
42.018
3.677
100.552
1.121
1.600
1.267
10.028
12.803
8.389
19.274
10.729
2.214
0.216
1.119
15.728
96.693
0.817
9.033
7.198
13.033
15.082
8.757
8.444
6.995
6.822
15.918
7.800
8.399
7.194
1.763
14.234
10.054
15.904
11.337
1.432
5.948
2.636
3.823
0.608
17.430
11.654
4.233
12.373
0.113
9.855
3.694
9.107
7.838
1.466
7.725
0.014
0.917
7.615
7.351
0.189
9.747
12.576
4.752
30.684
18.752
5.751
4.243
0.086
0.000
16.903
13.527
0.505
5.184
1.210
13.882
6.187
3.658
13.087
3.567
3.971
3.289
0.521
1.481
2.050
12.880
7.751
9.168
11.522
0.855
12.411
9.543
18.275
52.007
0.740
3.801
1.246
9.196
10.851
4.058
8.335
11.925
7.900
1.377
4.207
2.335
1.391
5.402
3.971
0.417
0.103
0.000
3.269
9.836
11.827
1.748
10.277
7.347
1.813
13.982
10.166
13.517
11.168
0.563
2.184
4.923
3.186
11.793
0.608
6.709
4.189
5.984
5.682
0.000
0.000
0.367
4.786
1.490
4.734
1.499
5.352
5.823
5.610
1.778
8.157
10.406
9.575
9.912
11.045
0.611
0.512
0.041
1.075
1.950
1.892
3.766
0.000
6.300
3.176
1.184
0.000
0.017
1.095
2.390
4.762
4.408
0.683
0.345
0.426
2.771
4.848
2.767
2.589
9.297
4.453
0.000
1.837
0.786
5.335
7.869
13.462
1.315
0.000
0.000
0.000
0.000
0.000
0.000
0.000
2.139
6.175
1.600
0.779
2.922
5.483
3.447
7.533
2.596
0.000
0.000
1.837
0.000
0.034
0.000
0.000
0.000
0.000
0.000
0.000
0.000
0.000
0.000
0.000
0.000
0.000
2.177
9.818
0.738
0.000
0.000
0.000
0.000
0.000
0.038
0.000
0.000
0.000
0.000
0.000
0.000
0.000
0.000
0.000
0.000
0.000
1.004
1.905
0.000
0.000
0.000
0.000
0.000
0.000
0.000
0.000
0.000
0.000
0.000
0.000
0.000
0.000
0.000
0.000
0.000
0.000
0.000
0.000
0.000
0.000
0.000
0.000
10.668
0.000
0.124
0.000
0.000
0.000
0.000
0.000
0.000
0.000
1.040
0.086
1.428
0.199
0.034
0.000
0.000
0.000
0.000
0.000
0.000
0.000
1.682
4.848
0.000
0.000
0.000
0.000
0.000
0.041
0.000
0.000
0.000
0.000
0.161
0.000
0.000
0.003
0.110
0.062
0.000
0.000
0.000
0.000
0.000
0.000
0.000
0.027
0.000
0.041
0.158
0.000
3.543
0.163
1.167
0.000
0.000
0.000
1.092
0.278
3.250
14.450
1.905
0.007
5.438
0.000
5.713
3.869
2.523
0.000
0.000
0.000
4.731
1.325
2.922
0.000
0.000
1.528
0.000
0.505
0.512
5.124
0.103
0.467
11.134
19.271
0.000
5.066
0.000
1.451
6.309
8.978
14.244
2.602
0.000
0.130
0.484
2.134
0.875
0.000
0.000
0.522
0.000
0.000
0.000
0.000
0.000
0.000
8.665
1.130
0.000
1.909
1.837
7.887
1.779
0.180
8.535
5.802
6.577
17.768
1.967
1.734
3.742
0.576
11.615
10.621
0.154
6.511
2.489
7.814
4.786
0.051
4.884
3.104
0.000
2.064
2.829
0.828
4.092
0.203
0.000
0.000
7.018
0.188
12.318
7.390
15.462
5.874
7.553
6.618
0.021
0.000
0.716
0.000
1.835
2.781
1.384
0.827
0.096
0.021
0.000
4.717
0.000
0.000
0.086
5.431
0.027
0.838
0.000
7.047
166.154
10.571
29.201
112.759
13.609
10.107
1.670
13.208
0.288
4.997
0.003
10.598
19.006
7.175
7.591
11.927
19.418
1.490
3.337
7.284
6.139
2.636
7.751
1.528
5.673
3.345
14.349
7.236
12.780
11.225
13.719
3.107
7.227
0.255
9.586
12.921
2.396
5.560
2.542
24.345
0.510
0.000
0.000
0.000
3.102
1.811
11.777
6.175
9.132
0.426
7.426
10.080
1.682
2.887
6.520
15.865
13.901
10.804
4.604
6.293
11.609
26.288
1.018
2.541
0.889
9.538
7.924
4.134
1.255
6.338
13.994
11.822
17.867
4.199
16.181
0.639
0.000
0.000
1.037
8.949
7.821
9.692
4.348
0.608
8.319
8.032
4.348
1.838
2.084
3.512
4.506
1.995
6.427
0.000
6.358
2.288
8.980
7.911
0.000
1.761
4.961
5.958
3.703
0.000
0.000
0.000
1.605
3.036
6.394
5.998
1.816
0.065
2.096
0.100
0.000
0.000
0.000
0.007
0.007
0.093
0.000
0.000
0.000
2.765
0.000
0.000
0.000
0.000
0.000
0.000
0.000
0.000
0.552
0.000
0.000
0.000
1.353
3.495
3.361
4.631
3.347
0.000
0.058
0.007
1.823
0.261
0.000
0.000
0.000
0.000
0.000
0.000
0.003
0.021
2.015
10.761
1.013
6.063
0.000
0.000
0.000
0.000
0.000
0.000
0.000
0.000
0.000
0.000
0.000
0.000
0.000
0.000
0.000
0.000
0.000
0.000
0.000
0.000
0.000
0.000
0.000
0.000
0.000
0.000
0.000
0.000
0.058
0.000
1.260
1.512
5.305
0.106
0.209
1.772
0.000
0.000
0.000
0.000
0.000
0.000
0.027
0.024
1.193
0.958
0.941
0.027
0.000
0.000
0.000
0.000
0.000
0.000
5.100
0.307
4.922
9.436
2.525
0.000
0.000
0.000
4.173
0.000
0.000
0.000
0.093
0.148
1.720
0.000
0.038
0.000
0.000
0.352
0.000
0.000
0.920
0.434
0.053
0.233
1.188
11.915
1.607
0.093
5.014
0.000
0.000
0.000
0.000
0.000
0.031
0.168
0.446
1.606
1.857
0.000
0.000
0.330
0.000
0.000
0.014
0.000
1.148
0.014
0.000
0.000
0.000
1.157
0.154
0.000
0.000
0.000
1.548
0.278
0.199
1.960
0.010
3.540
0.275
0.000
8.950
5.454
17.159
2.884
4.551
3.456
29.311
1.339
0.000
4.235
87.623
0.000
0.179
0.000
0.000
15.189
5.486
11.979
3.876
5.572
0.021
15.110
9.671
3.766
4.899
16.801
14.847
1.140
0.000
25.622
11.067
7.793
6.214
2.695
1.480
2.065
6.448
13.008
5.826
2.669
0.134
0.000
0.810
2.463
5.517
16.785
44.158
7.206
8.587
7.071
8.221
4.642
11.709
7.330
8.501
1.505
3.478
16.861
17.092
4.767
5.524
9.112
6.739
5.840
5.733
6.722
6.746
5.016
8.144
3.728
7.726
7.357
3.004
13.060
9.756
13.414
14.326
11.223
4.217
24.360
19.750
9.275
14.239
17.323
9.793
8.061
0.618
0.494
8.418
11.711
28.659
16.461
5.057
3.950
15.923
15.832
2.348
4.250
1.785
11.515
1.983
14.111
10.861
24.719
7.055
12.960
3.161
7.634
2.307
5.042
10.450
11.991
18.218
0.249
1.876
16.426
12.397
10.040
2.185
2.074
0.482
10.042
12.284
9.452
15.252
28.099
116.234
1.322
10.894
12.219
32.175
2.017
3.178
2.503
13.627
9.257
7.172
7.978
13.316
12.713
10.832
35.419
0.728
2.475
23.962
8.228
0.331
7.412
4.789
15.940
5.327
4.820
11.481
27.296
7.586
34.557
9.556
0.838
1.739
4.003
4.096
13.716
12.445
8.712
2.043
3.804
2.582
4.219
0.999
4.796
7.821
10.377
11.004
5.782
1.411
0.000
2.008
0.240
6.743
8.576
0.076
0.000
0.000
0.000
0.000
1.287
2.139
0.958
6.046
11.209
6.705
33.096
1.960
0.000
4.419
0.000
0.223
1.754
0.000
0.000
0.000
0.000
5.074
4.319
5.537
1.097
0.000
0.000
0.000
0.000
6.650
3.799
4.056
3.445
0.182
0.000
0.000
0.000
0.036
2.292
1.269
0.000
1.363
0.000
0.467
2.333
0.000
0.148
3.957
8.968
0.000
0.000
5.524
0.151
0.000
0.000
0.000
0.000
2.144
0.000
0.000
0.000
0.000
0.000
0.000
0.000
0.000
0.000
0.000
0.000
0.000
0.000
0.000
0.000
0.000
0.567
0.000
0.000
0.000
0.000
0.000
0.000
0.000
0.000
0.000
0.000
1.944
0.345
0.000
0.000
0.021
0.000
0.000
0.021
13.283
0.062
0.000
0.048
0.000
0.000
0.000
0.000
0.000
0.000
0.000
0.000
0.158
0.000
0.000
0.000
0.000
0.000
0.000
0.000
0.000
0.000
1.638
0.000
0.000
1.226
0.000
0.000
0.000
0.007
0.000
0.000
0.000
0.000
0.000
0.014
0.000
0.000
0.000
0.522
0.062
0.000
0.000
0.014
0.422
0.433
0.000
0.000
0.364
0.518
0.000
0.000
0.000
0.000
1.610
2.070
2.506
0.048
0.000
0.000
0.089
7.581
0.803
3.550
0.000
1.164
0.982
3.825
3.320
6.053
14.722
1.267
7.581
15.017
6.444
47.437
0.570
1.061
1.748
0.055
0.000
0.110
6.255
3.598
1.301
6.643
15.149
6.381
4.712
0.343
12.389
2.321
4.647
8.674
0.206
0.077
0.415
0.209
13.417
14.902
15.451
6.631
1.947
0.010
0.000
10.471
12.444
4.020
2.214
3.178
2.953
9.822
9.922
2.062
4.836
13.403
0.846
0.000
8.930
1.536
12.231
9.141
3.073
1.384
13.745
13.878
12.396
0.088
13.420
5.766
7.043
5.965
0.481
0.000
1.814
2.396
2.608
0.000
0.000
1.686
15.903
25.917
8.604
3.955
20.922
106.495
6.951
1.603
11.285
3.215
8.477
7.430
8.796
6.774
12.933
5.754
42.531
2.280
7.660
9.429
12.662
16.315
8.212
6.238
5.376
11.460
4.206
12.566
1.572
15.201
6.303
2.432
4.340
5.514
11.560
10.612
13.939
9.654
9.884
7.296
1.408
11.546
16.691
15.187
14.706
2.687
16.473
9.177
0.498
9.172
8.827
9.045
6.042
33.714
21.892
2.570
9.689
12.099
19.020
0.323
0.175
0.814
1.603
0.000
0.000
1.315
4.824
16.213
2.101
4.092
4.779
7.522
16.801
52.432
8.614
6.091
15.700
5.977
11.426
10.986
11.106
95.274
2.443
4.714
3.313
4.032
5.006
9.972
11.567
4.403
0.232
15.058
18.039
22.031
0.278
6.346
32.715
7.055
8.379
2.017
11.251
8.777
1.085
11.543
4.325
5.236
6.286
13.082
12.607
4.403
1.030
6.406
13.654
8.538
6.207
9.577
8.138
1.471
2.529
7.308
5.626
12.792
7.673
5.136
12.070
9.632
2.317
3.983
1.411
0.000
0.000
0.000
0.536
0.010
0.320
5.820
2.846
6.657
5.682
7.498
6.129
2.156
0.000
7.636
4.995
5.042
0.239
3.519
3.008
4.710
8.569
0.000
0.000
3.193
14.619
0.776
0.000
0.000
0.000
0.000
4.765
1.840
0.000
0.112
5.332
1.119
6.451
7.316
0.000
0.000
0.058
2.075
0.463
0.000
0.000
0.000
0.000
1.694
0.000
3.734
0.031
0.000
0.000
0.000
0.000
0.000
0.000
0.000
0.000
0.000
0.000
0.000
0.000
0.000
0.000
0.000
0.000
0.000
0.034
12.619
5.189
2.747
0.000
0.000
0.000
0.000
0.000
0.000
0.000
0.000
0.038
0.000
0.000
0.000
0.000
0.000
0.000
9.826
0.441
0.000
0.000
0.000
0.000
0.000
0.000
0.000
0.000
0.000
0.000
0.000
0.000
0.000
0.000
0.000
0.000
0.000
0.000
0.000
0.000
0.000
0.000
0.000
0.000
0.000
0.000
0.000
0.000
0.000
0.000
0.000
0.000
0.024
0.118
0.221
2.934
6.592
1.753
0.000
0.003
0.348
0.294
0.000
0.414
0.000
0.486
0.879
0.000
0.000
2.077
10.935
9.344
7.247
0.079
1.875
0.924
0.136
0.373
0.000
0.000
0.470
0.003
6.527
12.466
1.612
1.551
0.000
0.000
0.000
0.941
0.000
0.000
3.214
0.000
0.000
0.000
2.357
1.020
2.539
4.496
0.146
5.591
3.739
2.815
0.039
0.000
5.021
0.003
0.026
0.000
0.000
0.100
1.120
0.003
0.891
0.108
0.000
0.033
0.174
0.000
1.625
6.922
2.206
0.115
0.000
2.740
0.000
0.754
12.637
9.285
14.161
1.504
12.135
7.035
14.354
14.893
13.855
4.580
6.245
4.367
11.429
15.638
1.188
8.976
2.156
16.521
1.360
10.052
6.607
5.545
0.192
1.399
0.124
9.786
22.917
17.750
2.228
1.744
9.101
6.993
17.358
6.709
1.321
4.012
7.447
0.498
11.990
8.399
5.069
0.197
0.014
0.000
0.000
2.336
2.523
19.719
5.278
5.648
12.695
3.291
4.407
5.066
4.816
8.514
4.271
17.092
1.744
3.360
3.833
10.126
3.008
5.770
2.608
0.096
3.059
20.455
0.247
8.782
15.515
1.919
0.515
5.373
0.106
18.067
0.007
1.023
12.859
4.839
14.238
3.608
8.334
2.647
0.000
7.107
5.260
1.528
1.765
12.416
6.904
1.596
8.041
1.600
25.591
4.431
12.700
2.324
10.830
10.442
5.453
17.123
0.537
3.995
15.034
19.290
63.958
26.837
13.099
13.051
11.541
0.541
3.763
11.369
15.957
0.232
1.408
10.885
6.484
3.787
2.663
3.394
0.834
2.997
7.148
13.850
15.341
17.776
11.007
5.146
2.657
4.065
3.186
9.884
17.870
0.556
0.000
0.000
1.160
3.344
7.828
12.157
6.073
11.010
14.286
0.000
0.000
0.000
1.078
2.043
3.268
7.800
6.516
8.140
7.543
11.749
22.302
12.291
10.035
5.600
11.817
4.508
0.000
0.014
0.000
5.761
1.476
0.038
2.650
14.138
5.198
9.077
0.752
0.038
9.002
2.029
0.069
0.000
0.000
0.000
0.000
0.000
0.000
0.010
5.991
4.471
0.769
0.863
0.000
0.000
0.000
4.831
5.567
2.554
3.018
7.599
0.000
0.000
0.000
0.000
0.000
0.000
0.663
1.593
0.000
0.000
0.000
0.000
0.000
3.902
7.321
1.289
2.789
0.048
0.707
0.000
0.000
2.269
0.199
0.000
0.000
0.000
1.445
3.921
0.457
5.452
0.197
0.000
0.000
0.000
0.000
0.000
0.000
0.000
0.196
0.000
0.000
0.000
0.000
0.000
0.000
0.000
0.017
0.000
0.062
4.340
0.302
0.000
0.000
0.000
0.527
0.000
0.000
0.000
0.000
0.000
0.000
0.000
0.000
0.060
0.000
0.000
0.000
0.000
0.000
0.000
0.000
0.000
0.000
0.000
0.000
0.000
0.000
0.000
0.000
0.031
0.000
0.000
0.000
0.000
0.000
0.000
0.000
0.000
0.000
0.000
0.017
3.203
2.335
1.943
0.488
0.354
2.596
0.000
0.000
0.000
0.000
0.000
0.000
0.000
0.000
0.000
0.000
1.119
0.299
0.027
0.566
0.000
0.000
1.303
0.316
0.027
0.000
0.000
0.694
0.000
1.200
0.021
13.850
3.987
4.034
0.086
0.000
0.010
0.513
1.595
0.000
0.000
0.000
0.000
0.000
0.107
0.000
2.402
8.611
2.367
5.893
0.000
0.000
0.000
0.000
0.000
0.000
0.000
0.000
0.000
0.000
13.348
0.086
5.998
6.976
2.571
1.917
9.033
0.142
0.268
141.047
2.376
2.777
0.657
0.048
2.662
3.650
5.523
6.521
59.383
0.333
6.382
0.017
18.965
10.724
4.817
5.188
8.302
8.144
23.993
29.160
5.014
12.096
2.836
9.632
12.804
1.784
6.460
4.786
5.231
1.600
14.191
0.089
1.406
7.685
4.007
15.935
10.900
5.567
6.793
4.872
21.286
1.406
13.105
19.599
2.841
1.500
2.359
3.001
0.024
5.047
7.007
6.576
7.601
7.084
8.003
8.904
24.690
11.237
14.251
12.054
11.996
20.126
11.810
1.131
0.100
10.214
16.253
15.865
9.953
0.227
2.448
1.765
6.183
12.736
0.798
1.166
0.045
2.178
12.107
9.865
4.618
25.637
2.214
15.530
19.269
49.470
1.366
9.345
6.312
31.750
86.073
5.289
5.368
6.190
14.941
20.011
2.039
9.486
17.216
1.027
3.825
5.188
10.394
7.683
4.405
8.839
18.830
10.028
1.952
1.348
11.596
14.402
6.171
14.845
3.942
2.360
1.428
17.578
11.541
9.877
17.001
8.166
9.792
7.316
9.505
5.184
6.216
5.625
7.007
103.088
12.239
8.438
0.565
13.224
20.438
13.172
10.380
18.074
2.024
11.882
3.662
2.082
0.243
6.254
7.033
7.026
3.370
6.441
9.342
5.091
17.782
0.027
0.000
0.000
0.184
0.024
0.652
6.244
8.281
7.175
2.310
9.779
28.969
0.778
0.893
0.000
0.000
0.000
0.017
3.512
0.434
4.125
6.092
4.836
0.407
7.720
57.672
28.862
0.757
9.455
6.191
3.941
0.154
6.485
1.481
5.732
8.801
0.041
6.509
0.714
0.158
1.811
8.641
8.653
12.312
0.007
0.000
0.000
0.000
0.000
0.000
0.000
0.000
0.000
0.000
0.151
0.659
0.000
6.372
6.506
0.000
0.036
0.000
0.000
0.000
0.000
0.000
0.000
0.000
3.311
2.141
19.540
0.575
0.000
0.000
0.000
0.000
0.000
0.041
1.859
0.000
0.000
0.000
0.000
0.000
0.000
0.000
0.000
0.000
0.000
0.000
0.000
0.000
0.000
0.000
0.000
0.000
0.000
0.000
0.000
0.000
0.000
0.000
0.000
0.000
0.000
0.000
0.000
0.000
0.000
0.031
1.636
0.039
0.010
0.391
1.929
0.000
0.000
0.000
0.000
0.141
2.125
0.029
0.000
0.053
0.000
0.000
0.000
0.000
0.000
0.080
1.475
3.155
0.421
0.000
0.000
0.000
0.000
1.148
0.783
2.554
5.696
0.000
0.000
0.003
0.007
0.000
0.000
0.000
0.000
0.050
0.032
0.000
0.000
0.000
0.000
0.000
4.940
9.717
0.231
0.148
0.329
0.000
0.000
0.000
0.408
0.000
0.187
11.999
0.000
0.000
0.391
2.127
3.160
0.000
0.000
0.000
0.081
0.086
31.174
0.000
0.000
0.000
0.034
0.000
0.079
0.142
6.537
3.493
0.055
0.021
13.681
0.247
8.632
1.046
2.726
0.000
0.000
5.620
0.045
5.692
0.216
20.290
0.000
1.579
0.000
4.904
23.916
3.320
0.000
0.000
1.596
13.139
4.920
0.000
0.343
17.805
0.748
2.656
8.075
44.004
2.517
0.546
0.319
1.991
6.539
16.133
12.560
4.858
5.102
15.465
9.976
6.791
0.495
1.541
3.289
1.223
0.017
8.837
14.990
11.555
0.204
12.551
0.000
0.000
0.000
0.017
0.000
1.304
1.184
4.568
0.719
3.038
5.782
13.202
2.831
6.303
1.987
5.411
16.720
10.331
4.501
0.127
5.694
1.579
13.149
5.394
19.511
12.040
1.806
6.552
8.041
9.071
9.668
6.980
0.228
7.591
4.772
10.396
13.008
13.446
4.932
0.000
4.494
4.261
5.610
0.821
3.639
5.569
8.478
2.129
4.697
9.160
11.031
2.345
15.484
0.711
3.595
13.125
7.572
5.469
10.004
16.181
8.322
7.211
3.320
8.113
1.655
0.371
32.719
178.988
12.797
10.664
2.980
4.861
10.715
3.397
3.133
13.882
2.664
14.897
45.015
3.371
14.696
1.306
9.095
23.109
20.778
4.994
20.507
14.584
5.465
15.685
5.394
2.659
8.734
8.267
11.728
13.515
2.295
10.599
16.627
24.211
6.255
2.163
0.412
0.000
1.396
0.000
0.000
0.000
0.000
2.793
11.026
16.210
3.933
8.332
0.645
12.890
7.828
0.642
17.462
9.472
0.593
12.609
2.149
4.932
2.075
7.522
11.353
3.159
0.093
0.374
12.178
11.613
0.730
6.820
6.456
13.820
6.026
4.522
5.679
0.051
0.000
1.366
1.727
0.185
0.000
1.409
10.114
0.580
0.014
6.990
6.254
3.293
2.861
3.619
0.244
0.000
1.832
5.337
0.000
0.000
0.000
0.137
0.021
4.764
0.000
0.000
10.243
0.783
5.826
2.225
1.080
7.807
8.320
37.489
0.874
0.027
2.630
4.501
4.319
3.090
3.028
1.310
4.846
0.003
1.869
0.000
0.000
0.000
0.000
0.000
0.000
0.000
0.795
1.267
0.000
0.021
0.000
0.000
0.000
0.000
0.000
0.000
0.000
0.000
0.000
0.000
0.000
0.000
0.000
0.000
0.000
0.000
0.000
0.000
0.000
0.000
0.000
0.000
0.000
0.000
0.000
0.000
0.000
0.000
0.000
0.000
3.924
1.847
1.178
9.242
0.798
1.322
0.000
0.448
0.000
0.000
0.000
0.000
0.000
0.000
0.000
0.000
0.855
0.151
1.493
5.737
0.089
1.031
2.254
0.000
0.000
0.000
0.000
0.000
0.000
0.000
0.000
0.000
0.000
0.000
0.553
0.000
0.153
0.343
0.000
0.000
0.000
0.000
2.657
0.546
0.000
0.549
4.412
39.801
0.000
0.038
0.000
0.000
1.854
3.181
0.000
0.000
0.669
12.943
0.790
0.206
0.659
0.000
0.000
0.000
0.089
0.003
1.310
0.719
0.316
0.021
0.000
0.000
0.000
0.347
0.000
0.000
0.000
0.000
0.069
2.551
0.124
0.039
1.943
0.508
10.665
9.534
0.000
0.000
0.000
0.010
0.000
6.812
1.234
1.578
0.120
0.000
3.663
0.048
1.718
0.318
0.000
0.000
0.000
0.000
0.256
0.191
2.493
2.467
0.000
0.522
4.609
37.748
0.336
7.773
4.427
8.545
9.527
1.045
5.557
13.469
15.444
0.910
15.709
0.206
3.571
56.022
4.086
5.514
17.015
14.220
3.680
0.031
0.000
0.163
0.031
0.065
0.939
25.434
0.072
2.180
59.630
68.625
35.783
7.275
4.358
11.992
10.018
17.667
25.799
4.637
4.489
0.101
1.926
2.081
7.045
16.866
15.532
6.975
7.375
3.540
7.474
1.255
9.028
0.618
11.618
13.041
5.718
41.269
12.660
20.374
4.096
2.958
19.075
12.009
5.014
4.549
1.699
32.039
1.337
1.878
1.392
2.640
0.000
0.330
2.695
18.774
0.259
7.378
0.498
9.680
8.731
3.979
5.680
12.126
6.310
7.395
0.197
0.000
0.000
2.726
6.370
12.821
0.217
7.000
14.370
1.389
1.713
1.215
0.000
3.498
5.098
15.448
2.295
7.318
4.558
4.039
21.367
22.359
13.899
6.015
0.599
9.838
2.886
14.677
11.340
19.065
4.753
1.420
20.793
2.371
4.494
3.375
3.314
8.827
12.449
2.861
11.960
8.635
4.633
0.987
4.654
8.592
8.997
15.803
12.191
17.101
0.257
0.007
0.944
9.764
1.342
3.780
1.792
2.692
5.926
1.253
0.220
21.931
10.489
24.338
2.015
6.369
2.489
2.462
8.343
32.320
0.735
1.133
4.443
3.619
4.515
1.051
6.695
4.326
0.000
0.642
6.125
4.659
4.861
0.199
0.000
0.000
0.000
3.057
2.420
2.499
3.402
10.180
12.579
2.081
0.000
0.000
0.000
0.000
0.000
0.000
0.457
0.000
13.163
10.217
15.178
4.484
7.546
4.896
0.285
0.000
0.000
0.000
0.000
0.000
0.000
0.000
1.329
0.000
2.215
3.840
1.428
0.038
0.000
0.027
0.017
0.123
0.000
0.179
0.000
3.531
0.000
0.000
0.034
0.467
0.000
0.000
0.000
0.000
0.043
0.000
0.000
0.000
0.000
0.000
0.000
0.000
0.000
0.086
0.000
0.000
0.000
0.000
0.000
0.000
0.000
0.000
0.000
0.326
0.000
0.000
0.000
0.000
0.014
0.213
0.000
0.000
0.000
0.000
0.000
0.000
0.000
0.000
0.000
0.000
0.000
0.216
0.039
0.007
7.958
0.000
0.000
0.000
0.000
0.000
0.000
0.000
0.000
4.637
0.120
0.000
0.000
0.000
0.000
0.000
0.000
0.203
0.000
0.000
0.000
0.000
0.000
0.000
0.000
0.000
0.000
0.000
0.000
0.000
0.000
0.103
0.017
0.000
0.000
0.000
0.000
0.000
0.000
0.000
0.000
0.208
0.292
0.000
0.000
0.000
0.000
0.000
0.000
2.973
0.120
1.930
7.448
0.000
0.113
0.000
0.000
0.000
0.000
0.000
0.038
0.007
0.000
0.000
0.000
0.034
0.151
0.000
0.000
0.158
13.978
6.257
50.812
0.021
0.000
0.000
1.042
12.243
9.663
0.517
7.800
19.595
7.538
4.482
1.528
0.707
14.866
3.362
4.243
7.805
0.795
8.252
5.684
0.000
8.454
4.082
10.392
5.373
9.048
4.670
0.007
16.702
0.894
0.000
0.000
0.000
4.777
2.450
11.738
18.893
18.450
3.128
0.939
4.480
3.905
11.999
19.570
17.618
7.684
38.435
18.752
25.117
3.129
6.202
18.182
6.563
7.795
15.666
1.710
0.191
0.000
0.000
1.844
0.264
5.608
30.866
76.367
0.031
0.000
0.536
2.388
5.649
9.795
67.177
13.560
12.490
2.565
13.887
0.913
0.203
9.850
4.978
5.991
5.503
13.939
12.610
7.515
63.261
113.410
8.461
1.382
8.556
14.483
18.646
14.859
13.566
12.109
42.733
1.926
12.226
17.712
9.857
21.310
9.706
8.284
1.251
3.505
15.165
2.623
5.383
3.862
1.493
5.349
11.886
4.978
2.982
2.537
3.203
7.677
16.471
46.101
11.058
12.572
66.763
9.786
18.811
15.789
18.206
14.533
13.784
4.031
10.406
15.837
4.762
10.418
2.069
12.905
12.813
0.718
1.452
0.108
0.865
0.458
0.134
12.202
16.763
17.860
12.859
4.640
0.122
3.286
0.996
6.580
7.696
4.807
0.924
5.313
8.235
21.894
0.482
6.173
1.584
3.002
1.754
20.383
9.991
8.587
13.620
5.584
3.739
6.563
5.888
12.356
5.407
7.062
15.316
11.790
6.194
9.421
3.169
8.293
47.461
25.269
0.120
0.000
0.474
0.244
6.441
1.936
3.464
10.207
8.405
10.427
9.412
25.483
12.902
7.907
5.981
11.989
8.075
9.259
6.988
8.183
2.442
6.787
5.903
7.491
4.585
3.090
2.793
6.703
2.209
1.809
0.929
0.156
0.000
0.000
0.000
0.198
9.259
0.704
9.670
8.204
0.764
7.323
0.213
0.000
1.717
2.579
0.201
0.093
0.000
0.069
0.000
2.099
1.437
0.285
0.119
3.570
0.137
0.189
2.111
0.000
2.019
9.126
14.129
0.122
0.000
5.646
1.416
0.996
1.904
0.529
6.278
2.838
0.021
1.933
0.000
2.206
2.747
2.378
0.000
0.000
0.000
0.000
0.000
0.000
0.000
0.000
0.000
3.008
4.316
1.754
3.021
0.000
0.000
0.000
0.000
0.000
0.000
0.000
0.000
0.000
0.000
0.000
0.000
0.000
0.000
0.000
0.000
0.000
0.000
0.000
0.021
2.911
0.000
0.000
0.000
0.000
0.000
1.085
0.000
0.000
0.000
0.000
0.000
0.000
0.000
0.000
0.000
0.000
0.000
0.000
0.000
0.000
0.106
0.038
0.034
0.007
0.000
0.000
0.000
0.000
0.000
0.000
0.000
0.000
0.017
0.003
0.000
0.000
0.017
7.896
0.958
0.000
0.000
2.759
0.809
0.879
0.342
0.010
0.010
0.000
0.000
0.000
1.850
0.239
0.252
0.034
0.000
0.000
0.000
0.000
0.000
0.000
0.000
0.585
0.000
0.000
0.048
0.000
0.897
0.000
0.000
0.000
5.050
0.014
0.098
0.522
0.000
0.051
0.021
0.525
0.000
0.000
0.000
0.462
16.256
0.051
0.000
0.000
0.517
0.299
2.656
27.066
0.000
4.740
18.961
7.096
2.296
0.000
0.112
9.012
0.000
0.000
6.013
1.940
2.185
1.856
7.448
46.139
0.007
10.010
8.726
0.377
0.010
6.573
10.276
0.065
0.024
17.104
1.373
8.768
0.374
0.268
16.972
14.256
4.649
8.408
4.336
7.134
3.172
12.933
14.062
15.958
5.006
4.343
0.831
12.679
17.001
9.606
0.045
2.019
0.000
0.062
1.796
0.000
0.000
0.220
0.185
0.000
0.000
0.000
0.076
0.014
0.000
0.000
0.367
0.076
4.398
3.095
9.637
1.792
4.068
12.471
9.750
2.245
12.270
13.688
5.110
0.058
2.886
7.519
1.365
7.471
12.972
15.094
9.821
1.624
9.922
32.537
4.913
4.762
9.671
2.532
6.623
6.115
7.903
2.390
4.487
18.958
4.135
0.834
0.172
42.977
6.537
2.311
8.686
4.264
5.301
10.375
11.553
2.283
7.443
23.528
16.734
6.235
5.002
1.868
2.594
19.346
18.646
0.199
9.414
5.541
4.516
26.192
10.811
2.860
7.071
2.723
1.564
2.122
10.777
13.953
22.192
0.082
0.415
6.990
16.316
131.151
0.443
7.697
15.628
7.275
1.993
0.577
7.196
3.227
10.392
5.912
7.910
9.016
27.076
12.930
9.691
1.569
4.213
8.193
9.077
5.836
5.064
1.919
5.709
2.920
16.392
3.898
3.922
1.878
12.011
7.126
1.344
10.800
8.540
17.291
3.423
2.814
3.093
1.301
7.796
2.431
8.092
6.398
9.153
2.609
2.352
8.126
0.518
1.135
4.079
6.104
1.184
6.801
4.374
8.822
2.575
3.385
2.925
4.329
0.041
0.000
0.000
0.000
0.000
0.000
0.000
0.827
0.240
0.000
0.000
0.000
0.000
0.021
0.106
0.630
0.000
1.552
0.683
0.000
0.000
0.000
0.000
0.000
0.000
0.000
0.000
1.723
2.856
3.172
3.368
4.669
0.340
0.374
0.000
0.000
0.000
0.000
0.000
0.000
0.000
0.000
0.000
0.000
0.154
5.581
13.449
0.000
0.000
0.000
0.003
0.341
1.979
0.034
1.919
0.000
0.000
0.000
0.000
0.000
0.000
0.000
0.000
0.000
0.000
3.075
0.748
0.000
0.000
0.000
0.000
0.000
0.000
0.000
0.000
0.000
0.000
0.173
0.000
0.000
0.000
0.000
0.000
0.146
0.160
0.494
0.000
0.000
0.000
0.000
0.000
0.000
0.000
0.000
0.000
0.000
0.000
0.000
0.000
0.000
0.000
0.000
0.000
0.000
0.000
0.000
0.000
0.000
0.000
0.000
0.079
0.000
0.000
0.000
0.000
0.000
0.000
0.000
0.000
0.000
0.000
0.000
0.000
0.000
0.000
0.000
0.081
0.000
0.000
0.481
0.103
0.000
0.000
0.000
0.000
0.000
0.000
0.000
0.000
0.000
0.000
0.000
2.010
0.000
1.281
0.593
0.000
0.000
0.000
0.270
0.058
0.000
0.000
0.211
0.000
0.000
0.000
0.000
0.000
1.152
0.203
0.028
1.605
0.490
0.014
0.000
0.014
0.987
2.493
0.163
0.882
0.470
6.666
0.007
0.000
0.000
0.124
0.558
0.000
0.000
0.000
0.000
0.000
0.000
0.000
0.000
11.458
5.279
40.188
0.103
3.314
0.014
0.000
0.000
0.000
0.051
0.007
0.000
0.000
0.000
0.000
0.695
1.945
1.222
8.072
0.000
0.000
0.295
0.429
0.000
0.000
0.000
0.000
0.000
0.000
0.000
0.007
5.842
0.000
0.000
0.000
0.072
6.678
3.052
1.579
0.000
1.116
0.021
5.949
0.003
0.000
0.000
3.862
0.000
0.362
0.062
5.315
3.319
6.144
1.749
5.672
57.797
12.639
93.810
1.831
13.185
21.825
11.584
5.624
7.027
7.512
3.987
7.629
0.014
1.448
4.189
0.348
0.197
4.013
0.021
0.000
4.810
2.316
3.850
0.161
6.954
1.330
2.981
7.081
34.391
2.571
5.833
0.264
4.734
5.088
0.374
13.434
3.807
9.628
0.718
8.270
13.748
0.500
7.115
8.882
16.981
9.328
14.845
85.264
23.210
5.433
0.407
4.154
3.704
7.484
15.707
0.264
0.000
0.000
0.000
9.706
2.417
2.738
18.019
10.894
18.610
11.592
4.547
7.943
0.760
9.031
15.860
24.288
1.097
15.450
9.780
7.270
4.925
11.046
62.832
0.113
1.267
7.617
10.940
7.632
1.960
4.304
4.972
1.735
5.255
1.957
2.596
4.328
0.000
0.000
0.515
1.888
0.000
5.490
9.230
11.628
3.425
0.482
0.486
0.000
3.421
6.044
2.123
3.804
4.039
8.962
1.148
0.000
0.151
3.344
2.271
17.226
11.668
13.263
30.008
3.219
0.017
0.000
4.156
0.553
4.504
2.922
8.753
3.174
0.906
0.000
1.033
1.967
1.112
10.981
1.655
1.439
0.000
1.420
0.003
2.288
0.003
0.881
0.137
0.245
2.937
0.319
0.000
0.000
0.000
0.000
0.000
0.000
0.000
2.568
13.663
0.294
0.000
0.000
0.000
0.000
0.000
0.000
0.000
0.000
0.000
0.000
0.000
0.000
0.000
0.000
0.309
0.000
0.000
3.753
4.456
0.076
0.000
0.000
2.956
0.213
0.000
0.000
0.000
0.529
0.000
1.353
0.000
0.000
0.000
0.000
0.244
0.014
0.000
0.721
0.000
0.000
0.000
0.000
0.000
0.000
0.000
0.000
0.000
0.000
0.000
0.000
0.000
0.000
0.000
0.000
0.000
0.000
1.658
0.506
0.000
0.000
0.000
0.000
0.041
0.000
0.000
0.058
0.215
0.000
0.000
0.000
0.185
0.017
0.000
0.000
0.007
0.000
0.000
0.566
0.014
0.000
0.017
0.256
0.048
0.505
0.591
0.465
0.007
2.094
0.235
2.381
0.000
0.000
0.000
0.000
0.314
0.000
0.000
0.014
0.041
0.000
2.503
1.572
0.786
0.000
0.134
0.000
2.087
0.000
0.082
0.014
0.000
0.108
0.000
0.007
0.000
0.091
1.393
0.000
4.643
4.213
3.183
3.159
5.309
0.395
0.350
0.062
0.292
27.148
0.003
0.000
0.000
11.474
4.971
5.502
18.509
1.263
6.849
9.029
4.401
5.871
15.704
10.221
0.000
1.233
1.463
3.203
85.642
0.000
1.645
7.721
0.560
15.666
24.645
49.820
5.852
2.396
2.905
2.232
3.366
0.000
7.155
2.132
9.864
8.569
8.073
21.485
0.118
16.514
6.103
7.411
0.366
15.266
10.180
0.761
10.904
5.874
10.232
11.190
1.876
9.101
9.374
12.286
10.307
8.224
2.279
9.122
31.668
9.376
0.457
0.000
10.579
10.459
9.695
10.323
21.262
7.169
7.926
0.034
0.014
0.007
0.000
0.055
2.534
4.441
0.515
2.227
0.000
0.065
0.039
0.000
5.509
14.940
6.769
2.515
0.000
8.152
7.649
3.309
15.348
4.448
9.505
11.957
2.460
4.455
2.250
5.987
16.014
13.496
2.146
3.905
10.657
5.528
0.865
4.477
13.332
21.456
21.667
18.312
10.293
10.567
42.381
12.885
7.795
14.269
8.466
15.580
2.304
0.836
12.687
8.611
6.238
0.000
5.850
8.935
5.014
12.687
11.319
14.310
13.542
5.574
21.727
4.086
15.596
6.101
0.645
18.081
9.524
11.221
2.343
10.526
14.406
30.264
11.651
4.695
21.703
6.460
20.320
21.858
11.398
9.459
16.492
1.030
5.234
9.673
7.902
9.544
1.411
3.711
4.357
8.023
4.559
5.507
8.384
2.942
0.879
4.662
10.966
19.810
16.212
0.790
8.552
0.326
10.938
19.096
9.991
15.395
9.012
7.793
5.548
2.532
3.183
0.817
0.797
8.319
2.108
7.711
0.675
2.781
10.186
7.083
4.913
4.748
2.547
3.749
0.000
0.000
2.412
3.780
7.829
0.000
0.000
0.158
7.385
2.671
1.233
4.230
0.865
0.041
1.511
3.097
0.000
0.000
0.000
5.826
9.304
1.193
8.880
0.893
4.326
1.318
0.027
1.233
0.354
4.709
4.666
0.203
0.357
0.494
0.000
1.562
0.000
0.000
0.000
0.000
1.167
0.000
0.000
0.000
0.000
0.000
0.000
0.000
0.000
0.000
0.233
0.659
0.000
0.000
0.000
0.000
0.014
0.000
4.101
2.660
0.000
0.000
0.000
0.000
0.000
0.000
0.000
0.000
1.258
1.344
0.106
0.000
0.000
0.000
1.699
0.000
2.334
0.000
0.000
0.000
0.000
0.000
0.000
0.000
0.000
0.000
0.000
0.000
0.000
0.000
0.000
0.000
0.000
0.000
0.000
0.000
0.000
0.000
0.000
0.027
0.007
0.000
0.014
0.000
0.010
0.041
0.000
0.003
0.000
0.000
4.782
0.000
0.139
1.837
5.891
0.000
0.000
0.000
0.000
0.000
0.000
0.000
0.337
3.272
0.937
0.153
0.209
0.000
0.434
0.000
0.280
3.181
4.168
0.151
0.000
0.072
0.000
0.000
0.000
0.357
0.261
16.445
50.937
0.556
0.604
1.832
14.339
2.110
0.000
0.000
0.613
0.010
1.824
0.000
10.301
0.326
9.186
0.000
0.441
13.896
3.945
17.646
0.141
0.347
2.075
51.456
3.945
5.982
0.007
3.447
6.215
14.751
11.426
9.342
67.607
15.796
19.514
7.011
1.473
2.431
0.034
0.000
1.490
9.606
6.415
4.817
39.453
12.363
6.818
0.031
11.378
1.899
1.974
0.082
7.237
7.545
3.224
0.218
0.051
0.000
0.000
2.640
7.282
10.392
1.876
2.580
4.161
1.356
0.948
0.628
4.645
0.326
0.113
0.488
4.171
16.775
14.258
15.312
0.285
0.151
8.216
5.552
14.042
11.628
1.713
10.495
10.337
1.054
8.537
8.957
12.054
1.926
2.393
0.458
7.306
0.038
0.000
0.340
0.000
0.000
1.394
2.197
0.287
0.000
0.000
1.648
0.470
5.318
3.710
0.041
2.341
14.945
2.266
0.182
2.163
12.480
2.798
2.798
2.503
17.832
8.693
0.069
1.277
9.493
7.927
4.865
1.253
11.867
12.590
3.519
1.658
5.347
11.010
17.678
5.407
10.729
1.990
18.934
6.875
13.805
8.247
10.907
0.391
16.873
12.531
6.329
5.610
13.057
2.458
0.014
10.355
14.444
9.675
12.854
18.934
20.366
1.105
5.624
8.070
18.893
9.167
9.335
3.907
16.153
0.651
2.963
15.247
7.306
3.804
13.300
3.498
27.761
3.622
3.890
7.829
17.743
13.190
7.024
0.312
0.096
1.861
2.403
6.106
15.738
2.221
8.442
7.871
33.728
12.154
11.151
12.494
15.590
2.753
1.150
4.877
21.875
3.045
0.086
0.000
0.000
0.000
0.512
0.000
1.418
8.302
9.750
3.468
14.543
6.430
4.151
4.271
0.573
0.374
2.403
7.883
14.507
5.512
5.304
3.505
9.689
2.470
7.514
0.000
0.206
0.149
0.038
6.226
3.795
4.752
2.645
1.595
0.000
0.000
0.446
0.000
0.000
0.833
0.366
0.000
1.830
1.435
17.473
10.296
5.618
0.704
10.454
8.841
0.240
3.062
2.125
4.498
0.192
0.937
0.151
7.230
0.831
0.457
0.000
0.000
0.051
0.000
0.000
0.525
0.000
0.000
4.879
3.155
9.122
0.000
1.840
1.555
0.110
0.096
1.804
0.903
3.516
0.000
0.000
0.000
0.000
0.000
0.000
0.000
1.454
0.007
0.057
1.038
0.000
0.000
0.000
0.000
0.000
0.000
0.000
0.000
0.000
0.000
0.000
0.000
0.000
0.000
0.000
0.000
0.000
0.000
0.000
0.000
0.000
0.000
0.000
0.000
0.000
0.656
3.488
5.208
17.372
7.237
0.429
0.000
0.000
0.000
0.000
0.000
0.072
0.014
0.000
0.000
0.000
0.000
0.000
37.966
0.306
5.833
0.000
0.000
0.000
0.000
0.000
0.000
0.000
0.000
0.000
0.539
2.721
0.000
0.000
29.075
4.758
2.262
0.000
0.000
0.000
0.000
0.000
0.000
0.672
0.352
0.000
6.049
5.927
12.964
0.000
0.000
0.000
2.223
6.607
0.160
16.636
2.709
0.742
0.481
12.866
1.078
11.355
6.746
13.812
1.351
7.841
0.055
5.946
0.165
0.350
0.062
0.000
0.000
0.000
0.000
0.000
0.058
0.031
0.000
0.000
1.562
0.000
0.000
1.624
24.894
0.093
5.297
14.078
17.409
66.105
2.739
0.371
0.003
23.739
4.518
0.163
0.000
16.564
4.062
1.263
5.844
10.293
0.466
1.480
0.292
0.000
11.361
11.845
1.567
2.091
11.874
2.525
0.192
10.907
0.802
1.258
0.407
4.288
10.837
1.042
2.408
8.631
13.094
8.765
1.154
7.066
0.010
7.613
7.881
21.313
5.678
1.713
6.747
13.858
17.183
15.326
29.679
2.115
1.051
0.000
0.000
7.088
7.471
1.625
0.094
1.794
4.431
6.341
6.257
8.210
10.519
2.524
3.061
1.021
11.403
13.364
8.659
12.276
12.487
10.504
6.231
22.204
1.598
8.341
81.012
0.076
5.013
1.310
7.484
2.192
2.803
12.888
2.763
2.462
3.166
6.631
0.089
0.216
5.679
7.246
0.041
0.141
0.247
4.868
3.632
1.250
9.580
49.813
3.219
2.757
2.759
0.192
7.114
6.461
13.791
21.317
12.140
20.582
2.946
13.403
1.528
0.014
0.000
0.000
0.000
8.923
1.191
2.791
11.234
6.398
15.280
0.282
5.576
19.593
32.241
0.415
0.778
0.000
11.076
2.669
6.641
11.651
15.971
10.949
11.312
22.932
2.462
1.945
9.947
6.386
8.858
11.948
10.907
6.704
9.745
22.441
3.972
0.659
9.618
15.398
11.858
11.497
10.736
15.462
29.982
0.424
10.736
0.014
6.145
18.878
10.675
4.219
8.389
7.874
3.941
4.192
2.740
6.617
8.906
15.401
2.830
5.948
6.735
9.774
21.780
1.784
6.866
6.521
1.066
4.487
9.768
0.532
2.805
11.395
0.958
0.522
0.264
0.000
0.930
0.000
0.000
0.000
1.943
10.640
0.724
0.000
0.024
0.306
0.000
0.000
0.467
1.833
2.815
8.992
7.769
6.952
0.439
0.000
0.000
2.407
1.596
6.454
2.575
0.000
0.000
0.000
5.802
5.284
1.126
3.699
0.858
0.436
3.224
0.292
0.000
0.000
0.000
0.000
0.000
4.451
1.756
0.000
9.846
0.000
0.505
1.126
0.851
0.000
0.000
0.803
0.048
2.257
2.958
0.000
0.000
0.233
0.000
0.000
0.000
0.355
0.045
4.930
0.328
0.000
0.000
2.590
3.919
3.806
0.245
0.000
0.000
0.000
0.115
0.000
1.025
1.025
0.000
0.000
0.000
0.000
0.000
0.000
0.000
0.000
0.000
0.000
0.000
0.017
1.459
0.000
0.000
0.000
0.000
0.000
0.000
0.076
0.208
2.208
1.493
0.060
2.027
0.000
0.373
3.538
11.805
0.017
0.000
1.387
0.000
0.608
12.772
0.000
0.000
0.185
0.000
8.102
0.000
0.000
0.374
0.000
3.073
3.160
0.666
0.000
0.081
0.000
0.000
0.000
1.068
0.216
0.003
0.060
0.000
0.000
0.000
0.000
0.544
2.202
4.865
0.241
0.021
2.539
16.279
0.537
15.012
4.949
2.427
7.081
0.270
2.789
0.167
3.559
5.463
21.586
13.875
0.000
3.097
0.000
0.458
0.000
0.415
0.076
69.633
3.073
0.045
0.724
0.220
0.000
0.000
0.407
17.207
0.644
2.014
7.984
3.687
15.096
6.648
0.549
19.244
36.157
86.897
0.254
0.000
0.000
0.918
13.464
3.008
19.492
15.371
5.306
6.645
6.633
3.864
6.975
3.710
2.687
3.459
2.403
13.395
5.763
1.130
3.628
0.000
2.434
5.093
8.006
13.941
6.897
5.763
0.374
0.151
0.518
10.312
4.106
12.874
0.979
8.122
10.739
7.112
1.947
1.530
7.714
16.651
13.722
2.042
5.320
9.386
4.540
45.597
169.910
16.301
4.657
7.305
3.548
7.952
4.367
8.017
6.791
1.392
6.801
10.650
7.292
6.334
0.079
7.385
6.887
2.487
2.520
1.277
0.000
5.486
21.056
0.282
0.965
6.442
7.019
20.586
2.084
0.350
3.725
2.695
3.847
6.928
14.327
4.649
12.258
12.281
46.754
0.031
0.031
0.185
3.395
4.674
3.469
14.248
5.002
3.117
43.060
9.616
10.386
7.725
2.046
14.821
5.105
1.171
18.399
6.159
3.037
0.604
8.861
0.817
10.983
0.312
1.905
8.920
2.674
32.286
1.710
5.424
19.442
9.153
4.496
3.385
9.925
11.206
2.184
0.257
0.690
14.773
19.291
9.805
0.989
2.736
7.011
10.822
3.543
14.337
1.875
1.748
3.517
4.432
1.576
4.638
10.677
14.310
0.280
3.054
6.736
10.313
1.499
3.123
10.707
2.819
5.572
5.191
2.008
2.070
0.990
0.814
3.010
6.150
5.296
10.415
5.775
8.362
7.855
4.407
6.957
8.990
15.475
7.397
0.076
0.014
0.180
0.144
0.000
0.000
0.000
1.044
5.270
9.162
8.037
4.269
0.482
0.581
0.010
1.069
0.000
0.000
4.158
0.045
2.146
0.000
1.943
2.111
3.933
8.207
0.227
0.000
4.071
10.099
1.576
0.858
0.331
3.255
0.041
2.341
0.003
2.875
5.157
0.000
0.000
0.000
0.000
0.565
0.572
1.833
0.000
0.000
3.191
0.410
0.000
0.000
0.118
0.137
0.000
4.458
0.017
0.000
0.000
0.000
0.000
0.000
5.607
4.220
0.000
0.000
0.000
0.000
0.000
0.000
0.722
0.000
0.000
0.000
0.000
0.000
0.000
0.000
0.000
0.000
0.000
0.454
0.000
0.324
0.000
0.000
0.000
0.000
0.000
0.000
0.000
0.000
0.000
0.000
0.000
0.000
0.000
0.000
0.000
0.000
0.000
0.000
0.000
0.000
0.000
0.000
0.000
0.000
0.000
0.000
0.000
0.000
0.000
1.349
5.006
9.170
2.664
0.000
0.000
0.175
0.000
0.000
0.000
0.000
0.000
0.010
0.000
0.000
0.493
0.000
0.000
0.000
0.000
0.285
0.051
2.026
0.035
0.000
0.038
0.766
0.000
0.058
0.035
0.000
0.000
0.000
0.000
0.000
0.000
0.000
0.000
0.000
0.086
0.096
0.000
0.003
0.244
0.185
0.000
0.000
0.000
0.000
0.618
2.554
3.473
0.151
0.027
0.000
0.000
0.000
0.000
1.421
9.373
1.253
10.331
2.812
0.000
0.000
0.941
0.182
0.845
11.029
5.634
22.567
0.488
0.000
21.691
18.127
0.505
0.235
3.747
8.843
1.116
4.304
5.237
28.213
1.399
7.211
0.000
18.045
5.632
7.213
0.356
10.997
10.248
18.160
13.326
6.825
9.445
14.085
6.551
0.599
4.765
11.839
1.173
0.007
0.000
1.142
12.662
54.252
12.277
1.373
18.076
1.792
8.573
13.558
15.183
7.934
0.913
3.162
4.659
5.596
1.212
11.209
16.215
5.246
7.306
26.685
25.698
6.753
1.500
6.612
118.110
121.104
3.768
0.058
0.086
0.422
0.354
0.017
0.000
0.007
9.359
12.154
6.863
3.316
3.746
0.000
2.295
10.162
11.086
25.032
15.944
17.757
5.150
42.136
83.750
3.481
13.671
34.339
144.280
2.874
5.658
2.822
14.244
27.030
13.122
17.736
45.116
9.349
9.375
19.400
17.679
4.048
11.679
5.721
1.522
9.052
8.053
15.371
52.957
1.075
9.704
7.325
14.821
1.718
0.591
16.648
13.103
19.211
6.007
0.565
1.705
7.303
11.049
12.086
19.289
26.102
14.698
15.721
6.482
41.288
1.782
9.160
10.825
8.068
4.988
2.420
30.157
1.126
10.979
7.924
17.626
11.742
17.228
5.744
9.436
7.944
17.369
27.792
18.948
1.493
8.298
7.546
8.284
4.834
8.410
6.067
3.387
6.903
5.144
10.037
14.777
12.483
4.390
13.793
10.482
9.281
2.297
8.377
5.684
5.812
5.248
8.324
69.506
14.490
0.069
0.065
0.000
2.374
0.524
3.265
3.807
2.683
4.710
0.731
1.744
1.804
0.937
0.027
0.000
0.000
0.000
0.000
0.922
2.956
0.000
0.000
0.000
0.000
0.000
0.000
0.000
0.000
0.000
0.000
0.000
0.350
5.547
7.220
0.024
1.154
0.000
0.000
0.000
0.177
0.000
1.814
1.921
2.573
3.871
0.175
1.871
0.000
2.434
5.294
4.638
0.000
0.000
0.038
3.251
2.472
0.124
0.711
0.000
0.000
0.000
0.021
0.000
0.000
1.627
0.000
0.000
0.000
0.000
0.264
0.000
0.000
0.000
0.000
0.000
0.000
0.000
0.000
0.000
0.000
0.000
0.000
0.000
0.000
0.000
0.000
0.000
6.579
2.115
0.000
0.000
0.000
0.000
0.000
0.000
0.797
0.000
0.000
2.556
0.000
0.000
0.319
0.000
1.536
0.000
0.000
0.000
0.000
0.000
0.000
0.000
0.000
0.000
0.000
0.058
0.000
2.082
0.000
0.491
0.000
0.101
0.003
0.189
0.000
0.000
0.000
0.000
0.000
0.000
0.000
0.000
0.263
2.673
0.000
0.021
1.356
0.007
0.000
0.000
0.380
0.263
0.000
0.000
0.000
0.172
7.239
7.065
0.239
0.000
0.000
0.000
0.041
0.144
0.554
8.762
0.000
0.003
0.000
0.405
6.535
0.343
0.000
0.000
0.110
0.867
0.017
11.906
8.255
8.571
8.072
4.739
1.813
0.120
1.468
11.306
0.000
2.668
20.486
16.903
11.302
5.143
17.885
9.788
13.082
2.455
8.581
17.960
0.324
1.250
0.000
0.051
0.000
0.000
0.000
8.547
10.894
4.195
0.117
22.124
6.624
9.602
0.551
3.686
14.014
17.995
3.898
12.409
18.282
2.496
0.000
1.246
0.000
0.000
4.908
5.346
6.717
14.687
0.069
0.000
5.763
13.263
3.716
20.332
8.427
7.357
4.502
13.015
20.833
18.924
13.503
13.407
7.948
66.378
4.741
14.042
11.409
20.095
3.883
9.294
9.864
9.060
4.939
7.474
13.475
5.816
9.980
46.345
71.761
15.467
1.528
1.020
0.021
4.491
10.238
1.761
13.024
8.195
1.631
6.049
23.630
8.307
0.513
1.729
3.224
2.044
2.880
1.725
3.008
11.759
8.693
12.760
11.591
8.090
6.687
9.469
3.758
13.378
16.479
14.191
6.285
22.023
5.732
6.408
0.865
3.512
0.000
3.863
0.227
0.259
5.656
2.041
11.740
4.484
2.497
0.000
0.000
6.635
4.709
7.960
15.661
8.851
2.530
17.327
0.010
0.402
0.113
0.118
10.475
3.140
13.043
0.834
19.011
15.295
28.789
8.585
1.612
4.507
20.516
6.595
16.204
23.100
18.394
5.922
11.635
11.407
11.093
6.549
17.525
27.334
11.350
0.740
1.682
4.870
22.221
5.964
12.107
0.031
11.390
12.784
13.903
7.709
7.917
8.693
16.795
121.897
14.517
7.582
13.063
139.282
8.303
2.438
3.810
10.945
6.869
6.610
14.217
19.263
3.847
6.009
1.428
1.083
0.954
11.566
5.739
4.020
3.048
1.292
6.344
5.747
4.422
10.512
6.913
11.963
5.912
2.254
0.635
0.000
0.000
5.857
0.699
14.406
6.691
4.570
0.000
4.218
0.371
5.050
0.354
0.000
0.000
0.000
0.694
0.481
2.764
9.579
0.381
12.713
2.087
2.541
0.748
0.532
3.059
0.000
0.000
0.000
0.017
0.000
0.453
0.000
0.000
0.000
4.731
1.782
0.000
0.000
0.000
0.000
0.000
0.000
0.000
0.000
2.465
0.000
0.000
0.000
0.000
1.061
0.158
0.000
0.266
0.000
0.103
0.017
0.000
0.000
0.000
0.000
0.000
0.000
0.000
0.000
0.000
0.000
0.000
2.109
0.000
0.000
0.714
3.906
3.419
1.627
0.000
0.000
0.000
7.517
2.470
0.000
7.962
0.000
0.966
0.000
0.000
3.329
0.000
0.917
0.000
0.000
0.000
0.000
0.000
0.000
0.000
0.000
0.000
0.000
0.000
0.062
0.000
0.000
0.217
0.932
0.000
0.000
0.000
0.000
0.000
0.000
0.000
0.000
0.000
0.000
0.000
0.000
0.000
0.000
0.000
3.674
2.350
3.179
0.786
0.000
0.000
0.000
0.000
0.170
0.093
0.544
1.830
5.054
0.388
1.042
0.000
0.017
0.000
0.000
0.051
0.000
0.032
0.000
0.024
3.916
21.986
0.000
0.000
0.118
7.466
0.000
0.000
0.000
1.516
0.057
2.832
0.000
0.000
0.000
0.772
0.343
5.335
11.512
1.737
0.580
2.039
0.312
10.155
9.678
29.224
6.750
10.008
16.143
16.407
12.160
13.376
0.055
6.145
6.787
0.172
8.532
5.277
10.746
10.104
44.344
0.000
0.000
3.934
13.144
65.278
0.575
8.806
16.028
10.389
7.593
0.029
0.752
17.832
9.211
10.149
7.991
5.792
28.619
0.548
0.966
31.201
9.891
4.427
1.332
8.502
5.741
8.090
5.897
0.000
13.212
5.327
7.036
14.729
18.239
10.392
11.623
14.100
0.397
0.000
0.163
20.471
19.558
4.985
6.303
14.912
21.597
25.567
110.571
12.274
5.905
14.112
4.177
10.504
4.407
11.448
4.273
9.860
4.290
15.032
7.211
9.306
8.401
4.233
15.408
0.673
3.845
0.936
2.585
9.649
8.047
9.994
8.981
15.127
10.588
26.704
130.895
12.445
2.997
10.181
21.149
11.793
3.095
7.611
8.247
2.841
1.493
5.160
7.787
0.429
13.681
17.382
17.571
32.978
3.213
2.603
10.867
1.699
1.955
4.739
23.536
14.029
14.855
13.019
17.284
46.179
3.317
7.560
7.532
2.706
13.701
12.694
57.535
8.735
4.367
6.545
9.441
4.076
2.600
11.400
9.645
14.948
7.386
0.770
5.395
1.816
7.108
11.961
10.828
6.024
12.815
28.249
14.778
15.271
42.012
15.499
1.768
2.065
6.530
5.079
17.232
6.986
14.476
9.501
13.865
20.220
12.863
19.950
28.046
9.101
0.558
10.559
9.065
1.554
8.432
64.344
9.871
6.224
0.245
0.482
6.575
5.273
1.435
3.720
0.688
3.153
11.894
7.481
8.839
4.858
0.177
0.154
4.434
4.525
6.527
9.671
5.248
10.234
16.871
20.713
20.606
12.391
5.538
1.191
2.554
0.488
0.110
0.000
0.000
0.000
0.000
0.573
17.051
6.856
14.032
2.906
0.439
0.189
0.000
0.196
1.734
10.931
2.372
6.533
8.044
1.895
4.147
3.141
1.851
3.275
8.113
7.196
11.752
86.301
2.015
0.000
0.000
0.000
0.000
0.000
0.000
0.000
2.321
0.045
8.638
5.301
7.742
4.185
2.506
6.183
7.196
0.007
0.000
0.000
0.000
0.161
2.779
0.484
0.100
0.000
0.000
0.000
0.000
0.000
0.000
0.000
0.000
0.000
0.000
0.000
0.000
1.521
0.000
0.000
5.303
0.410
0.000
0.017
0.038
0.000
0.000
0.000
0.000
0.000
0.000
0.000
5.270
0.000
0.263
3.462
0.000
0.000
0.000
0.000
6.255
4.187
1.639
0.000
1.389
6.473
2.652
0.000
4.247
0.055
12.990
0.000
1.088
0.003
0.000
0.000
1.457
0.000
0.000
0.000
0.244
0.352
6.818
0.082
0.000
0.000
0.000
0.000
0.000
0.000
0.000
0.000
0.000
0.000
0.000
0.000
1.178
2.568
8.623
10.228
0.333
0.000
0.491
0.010
0.007
0.038
0.203
0.216
0.000
0.443
0.000
0.000
1.414
52.192
1.892
0.000
0.000
0.000
24.091
0.354
0.000
2.568
3.588
0.000
0.021
0.000
0.041
4.724
35.105
2.204
0.000
0.000
0.180
0.000
2.606
11.306
0.007
14.591
4.206
2.997
11.639
8.199
12.019
9.494
4.431
4.376
4.849
0.841
22.670
92.031
13.802
1.437
1.991
0.000
10.284
12.521
18.277
12.948
0.000
0.529
0.031
5.103
0.072
6.521
0.000
8.980
22.546
7.313
6.757
3.553
7.430
0.584
1.454
0.712
0.090
9.221
26.894
19.719
15.853
6.939
14.095
9.500
8.322
13.323
4.712
13.187
23.353
1.991
0.587
0.515
5.473
8.355
14.330
13.331
16.658
24.475
28.637
18.380
19.178
3.444
3.814
11.354
12.404
15.896
2.244
17.293
22.031
11.532
1.638
9.321
6.700
6.904
13.520
16.174
44.309
41.602
15.357
11.699
13.513
11.431
0.381
9.334
33.936
6.800
41.068
76.016
11.773
7.665
9.798
6.015
11.616
7.682
12.205
19.209
6.255
6.846
4.447
0.299
0.606
9.084
8.971
44.762
47.718
7.780
17.149
2.438
15.240
2.963
8.449
5.421
9.153
6.326
9.756
6.915
13.098
23.281
35.785
13.815
5.035
0.944
12.473
5.260
21.537
4.877
0.858
8.914
8.017
4.566
8.190
3.296
15.583
3.272
0.814
6.029
22.105
18.435
3.401
12.761
8.456
18.158
14.047
4.350
3.749
18.673
16.490
17.774
15.401
4.171
10.162
20.565
6.800
31.575
15.477
34.758
20.098
9.781
4.576
2.300
12.054
14.258
24.972
9.742
25.049
8.193
0.865
15.803
3.366
2.019
7.862
10.035
2.503
11.704
25.784
11.776
3.495
5.953
10.849
12.610
15.947
4.803
1.614
13.390
2.953
12.521
14.687
12.006
7.841
0.203
6.029
2.190
17.139
4.800
4.175
3.165
4.104
7.927
5.771
7.332
6.995
13.395
14.864
12.827
30.875
4.020
1.792
9.790
0.951
6.039
2.125
15.978
9.998
2.616
0.000
4.995
2.407
0.000
5.133
7.708
12.016
0.436
9.531
2.649
1.069
8.714
4.999
1.442
5.186
4.002
2.207
0.000
0.000
0.000
0.000
0.000
5.545
3.176
9.996
2.013
0.000
0.000
0.000
2.551
1.299
4.066
0.041
7.629
0.245
1.169
5.277
7.456
16.442
0.434
0.000
0.230
0.000
0.271
1.730
0.786
4.506
5.435
0.021
0.778
0.692
3.641
0.199
0.000
0.000
5.176
5.562
0.017
0.048
0.000
0.000
0.000
0.000
0.000
0.000
0.467
0.997
8.035
4.171
0.278
1.892
0.000
0.121
0.000
0.000
0.000
1.152
12.545
0.389
0.000
0.000
0.000
0.000
5.021
8.560
0.000
0.000
0.000
0.000
0.000
0.000
0.000
1.861
0.007
0.017
5.769
1.035
0.000
0.058
3.773
5.885
0.850
1.257
0.000
0.000
0.000
0.000
0.000
9.634
3.485
2.898
0.051
0.000
0.000
0.103
3.547
0.000
0.000
0.000
0.000
0.669
0.000
2.802
0.082
0.412
2.905
0.584
5.603
9.737
9.429
0.000
0.000
0.010
15.951
6.568
0.903
0.000
0.134
1.411
4.666
0.505
3.002
4.631
11.343
6.808
1.205
0.402
5.263
0.982
23.270
22.289
14.481
18.186
39.791
0.124
0.381
16.359
8.279
20.756
12.095
3.409
4.147
6.688
9.513
3.777
3.114
1.672
11.977
0.034
10.105
8.794
29.986
9.393
6.564
1.160
9.459
4.522
5.842
11.682
2.956
0.003
0.735
7.980
4.836
9.591
2.896
0.843
12.567
19.332
27.025
9.691
2.800
4.704
11.271
16.914
104.259
3.107
9.855
16.936
3.522
7.869
4.652
6.374
3.560
7.306
1.239
9.012
7.447
2.410
4.140
8.681
3.691
2.922
2.793
108.167
48.903
2.468
9.321
8.932
20.139
30.054
49.078
6.496
7.522
17.733
4.752
0.563
3.519
0.000
0.000
0.000
34.039
37.982
4.168
0.014
11.896
12.736
4.348
20.019
2.402
4.498
3.850
17.987
14.938
13.237
14.219
6.499
3.821
4.717
10.253
5.881
4.266
10.331
7.134
3.548
15.017
11.762
1.387
23.720
0.910
9.584
18.701
17.629
6.481
5.935
3.037
5.866
23.940
23.785
11.478
7.599
12.919
11.240
16.782
118.932
2.539
13.274
5.909
8.583
12.832
47.399
8.514
12.136
8.027
10.310
40.853
22.701
92.762
2.233
9.613
18.375
15.285
11.045
10.543
4.643
7.419
8.911
24.242
4.654
10.387
7.891
6.194
14.911
12.754
9.627
10.784
14.114
12.579
3.983
6.734
17.235
8.041
7.893
5.129
10.372
9.033
27.195
23.528
10.040
0.307
20.817
15.408
6.357
0.233
0.000
0.000
0.000
0.000
0.000
0.000
3.129
6.137
7.764
5.445
12.483
16.024
7.977
7.775
8.434
8.839
0.469
0.924
6.393
8.600
10.574
3.356
17.163
17.084
2.678
0.000
4.844
15.230
1.988
0.343
5.927
6.842
23.768
0.000
0.000
0.000
0.000
0.000
0.000
0.000
1.294
8.878
9.953
2.599
1.222
0.179
0.000
0.048
6.487
20.864
10.547
0.769
0.000
2.379
3.100
0.021
0.609
0.014
2.355
15.365
0.513
0.000
0.000
0.000
0.000
0.000
0.000
0.000
0.000
0.000
0.043
0.036
3.497
0.364
0.000
4.104
1.873
0.000
0.000
0.415
0.000
0.000
0.000
0.000
0.000
0.000
0.000
0.000
0.000
0.000
2.221
0.062
2.929
0.805
1.040
4.074
0.021
0.000
13.330
0.409
0.117
0.194
0.498
0.000
0.000
0.000
0.000
0.000
0.000
0.000
3.363
0.000
0.000
0.000
0.000
0.000
0.525
0.113
0.010
0.000
0.000
0.000
0.000
0.000
0.000
0.000
0.000
0.000
0.000
0.000
0.000
0.000
0.000
0.000
0.000
0.000
0.000
0.000
0.000
0.000
0.000
0.000
3.111
4.408
0.000
6.760
8.023
2.053
9.802
0.007
3.783
4.731
0.203
0.000
0.000
0.000
0.000
0.000
0.000
0.000
0.546
100.837
0.031
0.027
0.257
0.048
0.000
0.000
0.000
0.275
0.048
1.768
0.065
0.000
0.000
0.034
0.196
0.000
0.088
2.949
0.000
0.484
1.638
3.986
0.772
0.034
8.631
16.503
0.053
0.056
0.208
9.436
17.099
5.646
8.825
6.231
2.111
0.000
0.570
42.891
12.112
9.179
11.025
0.424
4.997
5.615
25.421
21.104
11.764
0.000
0.000
0.129
6.695
8.731
11.391
4.408
14.423
41.600
30.240
0.460
0.721
7.306
16.613
13.829
23.277
6.206
0.457
15.094
2.692
15.199
0.630
13.273
136.279
9.019
4.436
5.061
45.916
28.643
11.865
13.427
20.943
27.507
1.373
1.524
0.000
3.620
15.309
12.940
0.793
9.105
0.000
2.458
4.319
0.021
0.000
9.417
10.901
18.229
19.149
50.026
2.407
14.979
3.432
13.630
9.455
20.555
22.055
5.620
0.477
0.003
8.377
2.410
6.636
11.879
8.980
8.037
32.753
12.844
10.042
2.420
0.242
3.045
5.215
9.496
10.427
6.324
1.414
8.538
0.470
2.180
12.327
3.268
1.856
10.564
11.678
24.050
7.915
9.668
10.803
14.849
25.576
12.250
0.354
8.332
5.308
24.994
13.496
20.266
18.086
13.369
14.830
8.233
15.175
19.068
4.525
0.242
14.742
9.984
13.287
8.861
2.262
6.942
0.635
17.880
132.789
34.621
5.625
4.841
3.092
21.387
22.893
47.458
10.784
12.597
4.913
7.696
3.093
3.133
12.823
1.358
8.025
35.556
14.706
4.324
3.040
5.981
14.207
4.927
1.421
11.271
16.752
24.409
16.929
10.269
29.212
12.686
3.292
2.630
2.096
5.866
2.057
7.045
6.173
32.562
7.718
10.159
16.035
111.873
0.034
9.024
2.506
12.221
15.971
11.568
12.696
6.197
10.434
4.346
0.103
7.327
11.604
4.885
13.355
7.790
2.295
4.825
10.530
7.531
14.517
20.476
30.695
1.191
0.000
0.000
0.000
0.177
2.091
1.646
12.250
0.000
1.885
11.319
2.850
0.069
0.014
0.000
0.000
0.053
5.174
13.946
9.541
28.012
0.906
1.009
2.238
0.409
0.000
0.000
0.000
0.000
0.000
0.000
1.991
14.464
4.350
0.625
0.000
1.301
0.436
4.020
10.099
0.560
0.000
0.175
4.317
0.003
6.557
4.642
0.336
1.313
0.000
0.575
2.160
0.192
5.656
0.304
0.000
0.000
0.000
0.010
10.149
25.378
0.767
0.007
0.000
0.000
0.000
0.000
0.058
0.000
0.000
1.233
0.000
1.772
1.772
0.084
5.552
2.534
0.062
0.000
0.000
0.261
0.148
0.000
0.000
0.000
0.000
0.148
0.000
2.602
4.848
15.645
6.842
5.208
0.875
0.000
0.000
0.000
0.985
0.172
0.000
0.003
0.000
0.000
0.000
0.924
0.000
0.072
1.233
0.000
0.997
0.783
0.000
0.000
0.000
0.000
0.134
0.000
0.000
0.484
0.113
0.728
1.233
0.000
0.000
0.003
0.079
3.722
0.536
6.310
5.655
16.668
17.252
1.181
0.021
1.236
0.391
0.611
7.709
5.349
17.703
0.469
1.547
2.414
3.862
23.109
0.179
0.312
1.583
10.852
3.996
23.459
7.273
10.973
3.938
16.157
11.417
27.404
11.611
6.870
3.890
2.402
0.244
19.518
20.586
7.840
5.926
17.975
2.448
15.659
14.495
4.841
2.184
4.597
4.037
14.849
7.069
3.959
8.875
14.763
4.592
6.908
14.814
0.048
0.002
9.828
23.324
12.241
15.038
13.565
2.935
0.319
0.793
15.989
26.947
3.272
12.720
9.891
9.023
2.506
4.844
8.360
13.625
6.614
22.766
14.447
0.455
0.000
0.118
10.126
6.248
5.792
9.021
16.414
3.601
8.171
11.405
13.103
16.222
20.205
19.060
24.884
10.586
4.425
9.048
33.266
59.402
1.423
0.093
4.906
18.498
36.694
2.048
1.512
1.751
1.806
0.336
9.412
15.250
6.046
4.096
26.106
16.504
16.905
40.169
45.247
15.228
7.325
10.834
6.585
52.357
1.274
0.759
0.896
3.653
12.294
7.224
82.420
3.950
10.937
13.045
2.499
3.316
2.901
0.443
7.165
16.582
5.136
4.549
11.762
13.572
4.607
3.553
3.828
12.380
14.560
25.402
10.916
110.375
3.316
8.549
8.966
8.703
5.327
8.351
19.039
12.912
1.967
1.725
15.807
7.596
10.344
31.594
1.655
4.750
2.046
11.081
8.574
11.798
0.488
32.047
49.444
7.357
3.497
12.006
23.511
5.574
2.609
15.137
2.525
10.288
24.597
4.003
3.574
24.764
0.412
0.309
1.143
5.689
113.312
3.533
6.202
4.604
21.118
6.492
3.129
8.640
14.145
27.934
4.056
10.928
14.691
0.086
5.500
2.266
15.000
20.718
17.571
1.105
5.939
1.916
7.938
12.047
21.540
8.758
9.203
1.739
11.515
3.450
12.104
20.350
11.271
4.408
6.513
3.253
0.546
23.746
7.335
10.540
9.538
0.875
9.931
2.764
7.735
2.788
0.714
0.000
0.000
0.000
1.663
0.000
0.000
0.000
0.000
0.002
1.040
7.282
10.276
17.252
10.166
5.723
1.394
12.415
10.147
3.220
1.988
4.516
8.581
2.365
10.399
8.998
4.068
7.414
3.471
4.937
12.435
0.570
1.679
0.000
2.942
3.675
9.987
12.408
0.175
0.000
0.000
0.000
0.036
0.000
0.000
0.652
0.312
2.705
5.756
5.735
0.937
5.994
2.626
2.221
7.539
0.141
5.126
2.050
2.345
7.862
2.935
0.000
0.000
0.003
0.000
0.000
0.002
5.991
0.790
0.000
0.000
0.000
0.000
0.000
0.000
0.000
3.856
1.291
0.000
0.000
0.000
0.000
0.000
0.007
0.000
2.743
0.251
0.010
0.330
0.000
0.000
0.000
0.000
0.000
0.000
0.000
0.000
0.002
0.000
0.000
0.000
0.000
0.000
0.000
16.483
1.298
1.020
5.107
3.677
3.883
6.389
0.017
0.573
6.652
0.003
0.009
0.838
0.240
0.003
0.000
0.002
0.000
0.000
0.000
0.182
0.621
0.086
0.031
2.740
0.000
2.081
13.317
0.000
0.000
0.000
0.161
2.894
2.135
0.000
0.687
3.471
4.576
0.064
0.103
0.903
9.654
0.542
5.606
8.065
1.102
0.683
0.285
0.913
0.000
5.891
0.175
6.252
18.914
16.716
21.013
22.213
13.894
11.086
12.294
0.532
0.000
3.869
3.289
18.258
14.428
21.602
6.358
1.995
11.848
4.049
3.825
23.875
11.561
1.627
7.191
16.764
5.263
0.275
0.709
2.597
0.000
12.387
8.003
130.332
16.931
8.315
0.489
3.390
3.476
15.137
6.928
6.424
4.882
19.549
25.696
19.099
9.920
7.230
6.686
15.862
8.502
6.209
6.650
18.249
14.528
15.491
0.051
11.028
11.560
16.929
6.221
2.753
21.633
66.361
11.809
10.138
13.400
9.503
6.465
9.325
15.553
10.458
14.025
12.600
17.734
25.818
5.249
21.444
22.053
10.313
75.528
78.475
4.201
16.847
4.872
9.898
6.945
3.419
1.888
2.187
3.739
28.334
2.139
1.039
17.134
6.085
2.710
8.692
6.918
14.006
3.272
0.299
8.774
47.658
5.608
11.682
13.184
8.801
8.885
15.765
131.793
10.236
9.472
0.000
0.134
11.787
13.355
4.008
3.401
4.534
9.164
12.281
11.779
22.742
12.432
12.900
7.838
21.291
7.831
7.100
18.859
11.688
24.812
17.884
19.944
23.816
9.179
7.508
11.477
12.112
13.781
14.529
22.103
6.305
7.993
10.773
27.613
49.198
10.791
22.937
2.118
1.581
13.681
9.307
15.539
22.211
9.071
70.282
6.286
6.822
5.301
6.230
4.714
121.804
72.242
9.366
1.111
13.778
27.493
29.031
83.566
0.790
19.765
9.005
21.842
17.564
9.592
2.705
3.231
4.077
1.603
89.288
16.462
16.095
6.037
3.976
19.480
1.852
10.425
3.111
19.118
10.885
3.701
6.616
2.973
0.000
0.336
0.000
0.000
0.000
0.000
0.000
0.000
0.000
0.000
0.014
0.000
0.010
3.845
5.596
16.617
3.756
1.287
3.105
7.587
0.724
0.000
0.000
0.000
2.884
5.780
16.110
4.044
11.982
9.980
13.757
7.878
9.665
1.463
0.257
0.110
0.000
1.083
4.676
4.134
0.022
1.480
13.214
52.285
8.590
2.853
4.019
2.002
0.000
2.558
0.009
8.871
20.460
2.014
2.604
0.000
0.000
0.000
0.261
0.000
0.000
0.122
3.299
1.694
4.661
0.719
0.029
0.199
0.235
2.728
8.866
9.891
1.723
1.571
4.326
1.639
1.016
5.770
0.505
4.408
2.649
4.031
7.922
0.762
0.000
0.000
0.000
0.086
4.252
0.000
0.000
0.000
0.203
0.000
1.428
0.271
0.000
0.000
4.638
2.105
0.000
0.002
0.000
0.000
0.000
0.000
0.000
0.000
19.772
0.000
0.680
0.000
0.000
0.003
0.000
1.188
17.681
0.093
0.000
0.065
16.445
0.034
0.000
0.000
0.000
0.000
0.134
0.079
6.252
9.860
11.948
16.375
0.415
0.264
0.000
0.000
0.000
0.000
0.002
0.000
0.000
0.191
0.240
0.010
6.171
2.187
8.626
5.840
0.082
6.238
2.328
9.043
18.090
3.804
0.000
4.679
1.596
0.038
0.000
0.000
2.455
3.330
0.007
0.000
0.000
0.153
0.003
1.202
0.000
8.949
0.000
4.525
16.279
53.411
0.000
6.389
1.785
8.940
7.397
15.123
17.276
27.438
6.339
12.088
7.002
0.000
0.000
0.309
2.403
13.867
10.550
3.354
87.367
4.722
8.755
19.382
2.393
10.252
18.550
20.109
89.430
130.840
0.457
0.005
0.000
0.000
0.513
8.636
3.821
9.860
31.112
144.947
3.483
6.746
17.568
19.185
12.557
11.695
14.677
9.280
12.432
1.070
6.079
7.771
7.811
6.636
1.925
3.418
13.196
20.683
3.172
12.193
40.579
3.086
6.870
4.268
15.153
3.207
51.047
0.371
5.383
3.171
11.036
11.395
7.634
12.514
2.537
11.565
27.481
6.908
23.034
6.808
8.580
1.487
5.253
9.453
4.223
0.865
4.913
10.214
6.654
3.766
2.489
6.827
20.203
26.184
10.976
12.686
11.450
3.977
4.475
17.880
3.928
3.571
12.753
23.082
18.210
32.561
10.193
3.924
2.656
1.442
19.314
6.214
9.338
12.804
26.795
16.759
4.130
70.992
12.288
17.386
34.964
3.838
18.311
15.523
14.806
14.916
15.707
31.833
34.746
67.272
10.785
2.050
3.104
1.861
0.343
0.282
14.399
13.371
14.897
12.947
30.034
16.958
28.276
1.603
16.366
12.195
6.322
13.700
12.054
12.763
119.318
2.908
7.042
2.958
11.644
2.898
0.606
1.248
16.052
21.652
5.933
1.516
12.439
15.195
46.737
2.063
7.938
9.174
2.968
56.913
0.364
13.050
15.178
7.958
11.635
9.668
20.534
18.361
30.302
6.660
6.422
20.271
1.166
2.218
1.440
1.332
8.755
3.032
1.027
1.905
7.714
3.426
0.034
0.714
3.983
4.968
2.386
13.754
8.724
6.454
15.717
35.642
23.193
1.044
2.810
15.322
11.824
0.755
2.441
0.199
5.177
6.461
5.091
9.532
16.522
10.099
10.609
1.610
3.574
19.003
63.877
9.828
1.452
22.021
15.482
58.051
2.484
10.392
4.803
10.361
11.515
7.198
0.287
0.244
0.055
0.031
0.000
0.106
5.682
6.273
2.132
10.468
5.170
2.939
5.066
0.275
0.027
6.252
15.401
3.502
1.140
3.995
4.437
2.347
0.127
0.000
0.000
0.000
0.000
0.000
0.000
0.000
3.921
8.257
1.751
0.987
11.882
0.850
0.000
0.000
2.448
0.282
1.018
2.997
1.658
2.939
1.703
0.021
0.000
0.000
0.000
0.000
0.000
0.000
0.000
0.934
4.910
5.782
0.000
0.000
0.000
0.000
1.243
7.965
0.000
2.625
3.349
0.000
0.000
0.429
