19790101
9.404
8.252
5.078
13.534
2.503
1.864
8.408
8.859
3.059
5.013
2.929
0.292
1.899
7.555
1.806
4.408
4.130
1.703
8.314
21.102
4.658
6.475
1.976
8.508
3.795
3.818
5.522
4.968
4.407
8.356
10.667
7.352
13.556
11.942
9.581
0.112
7.663
8.339
5.320
2.897
7.218
3.905
10.547
3.475
23.571
3.121
12.689
6.018
5.219
7.272
2.367
3.856
5.711
0.163
6.966
13.357
3.050
14.099
1.991
9.658
7.199
20.699
13.784
43.863
11.587
10.756
8.072
9.156
7.752
18.893
4.621
4.051
4.202
9.864
9.398
4.062
12.468
27.672
16.392
11.467
5.936
6.427
15.113
22.845
13.812
4.412
3.217
11.489
15.456
11.738
6.688
2.311
7.502
17.812
7.333
10.516
0.288
0.000
0.000
2.601
0.000
4.249
8.782
13.053
8.013
15.697
12.020
9.833
11.398
3.660
11.222
12.445
11.982
0.604
0.175
0.100
0.000
0.000
2.381
6.121
10.231
4.048
2.568
6.393
5.610
9.658
2.352
4.262
13.221
6.012
7.340
4.065
4.419
6.485
6.684
2.517
4.494
0.165
12.233
12.449
4.851
0.515
3.989
4.185
0.041
2.970
11.424
0.292
4.508
5.088
0.666
0.000
0.000
0.000
0.000
0.000
0.292
0.283
0.000
0.124
0.184
0.000
0.000
0.000
1.516
0.021
0.000
0.000
0.000
0.000
0.000
0.000
0.000
0.000
0.000
0.115
0.039
0.000
0.000
0.000
0.000
0.000
0.000
0.000
0.000
0.000
0.000
0.000
0.000
0.000
0.000
0.000
0.000
0.000
0.000
0.000
0.273
0.000
0.000
0.000
1.363
0.000
0.000
0.000
0.093
0.000
0.000
0.000
1.234
0.000
0.000
0.000
0.000
0.000
0.000
0.000
0.000
0.000
0.000
0.000
0.000
0.000
0.000
0.000
0.000
0.055
0.038
0.000
0.000
0.000
0.953
0.000
0.031
0.000
0.000
0.000
0.000
0.000
0.000
0.000
0.007
0.146
0.000
0.000
3.193
2.245
0.369
0.021
0.000
0.000
0.000
0.003
0.055
0.000
0.264
0.000
0.000
0.000
0.000
0.021
3.881
0.000
0.000
0.000
0.000
0.000
0.000
0.000
0.000
0.055
0.000
0.000
0.000
0.000
0.000
0.000
0.000
0.000
0.862
16.110
4.968
1.895
0.398
1.088
2.791
0.000
0.038
2.753
1.027
0.000
0.000
0.000
0.000
0.000
0.000
0.007
0.014
0.264
0.000
0.748
0.089
5.449
0.000
0.038
1.030
4.782
4.922
1.181
6.851
1.365
8.628
23.137
4.376
0.501
0.000
0.000
1.670
11.155
34.424
0.595
2.575
0.000
5.695
6.774
5.871
10.174
5.102
12.600
4.776
14.282
0.000
0.000
0.000
0.000
0.000
0.089
0.158
4.377
1.090
69.835
0.151
0.347
0.031
0.000
7.363
0.249
0.000
13.881
15.681
32.683
0.065
0.527
6.881
15.244
9.895
5.757
8.469
6.027
2.214
1.617
7.057
14.790
7.272
2.580
14.888
18.272
9.462
2.221
2.674
0.000
15.116
3.183
7.433
5.891
4.724
0.680
8.377
25.241
13.572
3.112
7.847
6.235
4.522
0.309
3.636
16.349
15.580
8.446
2.846
4.686
2.753
2.300
8.736
1.978
15.395
10.015
4.376
1.143
10.892
2.244
1.234
13.373
9.689
9.108
1.631
1.055
9.402
1.418
0.096
6.084
0.316
4.834
60.811
3.720
2.774
1.782
1.392
5.193
2.597
0.381
8.856
6.572
0.718
0.000
0.000
0.000
6.077
7.697
5.476
0.167
1.748
1.760
13.822
1.629
4.248
1.142
10.228
2.398
7.483
10.712
5.801
3.375
9.210
6.109
8.444
2.518
12.999
13.240
9.859
12.828
2.820
115.720
2.547
6.105
20.525
6.757
0.659
5.006
7.309
12.106
6.307
1.706
11.254
14.325
5.356
3.807
10.482
3.886
4.662
0.841
9.115
129.419
0.477
4.801
3.831
3.052
0.096
0.179
0.000
4.353
3.869
4.096
4.913
7.405
2.160
8.667
1.679
4.472
0.462
0.000
0.000
0.000
2.762
7.167
0.872
2.220
7.260
3.641
2.882
5.864
3.478
10.082
3.931
8.502
4.192
5.397
6.774
5.301
10.345
0.239
0.620
0.000
0.000
0.000
0.134
0.275
7.819
5.241
6.096
2.316
0.878
0.010
0.000
0.000
0.000
0.000
0.000
0.000
0.000
0.000
4.084
0.220
0.144
0.000
0.373
0.000
1.207
0.000
0.000
0.000
0.000
4.143
2.682
3.680
0.027
2.566
0.000
0.000
0.031
0.000
0.000
0.000
0.000
0.000
0.000
0.000
0.000
0.000
0.000
0.000
0.000
0.000
0.000
0.000
0.000
0.000
0.000
0.000
0.021
0.000
0.000
0.000
0.000
0.000
0.000
0.000
0.000
2.747
0.000
0.000
0.000
0.000
0.000
0.079
0.000
0.000
0.625
0.113
0.000
0.082
0.299
0.000
0.000
0.000
0.000
0.000
0.000
0.007
0.000
0.000
0.000
0.477
0.000
0.062
0.062
0.000
0.000
0.000
0.000
0.000
0.000
0.000
0.639
0.000
0.000
0.000
0.000
0.000
9.225
0.000
0.055
0.000
0.000
0.000
2.587
0.000
0.000
0.000
0.000
0.003
6.781
0.000
0.000
0.000
0.000
0.000
0.000
0.000
0.000
0.130
0.038
0.000
12.130
10.773
0.000
0.000
0.000
0.000
0.211
0.000
0.000
0.937
0.000
0.034
2.898
17.693
1.366
2.922
15.168
0.000
0.463
12.039
2.702
0.848
1.385
3.715
0.000
0.000
0.443
0.230
0.209
0.455
0.000
0.000
0.000
0.000
0.003
0.263
5.430
3.073
27.020
0.359
0.065
0.356
0.003
6.968
6.128
35.517
3.948
10.622
3.240
2.965
6.854
14.011
21.670
11.053
3.588
4.175
9.853
1.504
9.460
20.146
10.128
0.206
0.560
0.604
0.007
4.875
5.043
4.618
0.948
0.021
4.333
2.489
5.567
9.417
6.527
9.239
0.000
0.038
4.086
2.455
0.288
9.393
5.819
11.385
10.300
10.382
19.817
1.899
3.207
3.519
6.496
10.430
14.959
19.133
10.476
17.599
5.030
5.577
0.594
2.019
4.412
8.588
4.412
8.985
1.517
15.116
8.188
4.322
7.155
2.238
0.051
0.565
3.014
4.576
7.450
1.768
2.810
16.610
15.944
9.778
1.260
15.795
46.374
1.545
0.158
6.616
14.785
6.152
10.070
23.179
13.007
8.805
9.232
17.231
6.860
12.233
13.372
22.103
0.441
16.050
6.437
10.600
4.958
8.789
2.541
1.754
12.337
7.529
13.881
2.661
3.541
48.812
26.518
21.717
6.540
4.910
20.189
7.587
35.440
2.094
4.661
0.600
0.038
4.286
16.169
12.530
5.637
4.787
47.605
40.974
0.118
3.969
2.478
6.400
4.607
1.614
8.998
1.912
12.363
9.764
12.306
17.225
17.111
5.141
4.913
9.987
27.289
8.511
12.895
4.724
0.851
0.206
2.273
13.163
8.748
5.164
3.543
0.027
0.014
5.383
1.322
1.974
3.437
3.052
7.953
3.395
6.125
11.802
1.088
0.000
0.000
0.000
12.070
5.119
11.266
4.879
9.474
2.396
3.093
5.763
3.746
10.400
2.959
2.309
5.895
0.266
1.445
7.134
7.862
0.661
0.000
0.000
0.017
1.995
2.386
3.256
9.180
0.007
0.000
0.000
0.045
2.534
5.019
4.927
0.893
7.167
4.140
0.869
0.000
0.000
2.541
4.738
8.315
1.851
0.024
2.668
4.467
0.203
0.000
0.000
0.000
0.024
0.110
0.529
0.000
0.000
0.000
0.000
0.000
0.000
0.000
3.783
0.062
0.000
0.000
0.000
0.000
0.000
0.000
0.000
0.000
0.000
0.000
0.000
0.000
0.000
0.910
0.000
0.000
0.000
0.000
0.000
0.000
0.000
0.000
0.000
0.000
0.000
0.000
0.000
0.000
0.000
0.000
0.000
0.330
0.659
0.754
0.076
1.081
3.536
0.000
0.000
0.000
0.000
0.000
0.000
0.000
0.000
0.017
0.038
0.000
0.000
0.000
0.000
0.000
0.000
0.127
11.199
2.983
0.000
0.014
0.007
0.000
0.000
0.000
0.144
1.033
0.000
0.000
0.000
0.000
0.021
0.000
0.000
0.896
0.000
0.000
0.000
0.000
0.000
0.000
0.000
0.893
12.550
0.000
0.027
0.000
0.014
0.000
0.000
0.000
0.182
0.000
0.000
0.003
0.227
0.003
1.538
0.014
5.129
0.776
0.017
0.000
0.000
0.034
7.306
3.251
5.061
23.516
0.206
0.000
0.000
0.000
0.000
0.000
0.024
0.007
0.000
0.000
0.000
0.058
0.000
0.000
0.000
0.000
0.058
0.669
0.498
3.399
0.055
0.000
0.024
4.679
10.700
3.873
13.017
18.701
1.184
7.618
13.675
2.180
9.036
18.848
2.414
0.014
12.318
13.324
4.463
9.867
5.198
1.394
10.107
4.824
25.360
1.009
101.757
0.910
6.805
2.956
11.611
84.945
6.736
0.000
7.835
8.937
14.433
2.142
4.453
19.650
8.920
6.825
1.576
5.018
1.500
10.962
8.415
36.667
1.188
17.767
3.785
13.295
7.158
11.134
4.752
15.367
21.428
14.801
12.380
9.594
0.985
8.353
5.085
0.611
5.016
9.527
4.920
11.309
17.636
3.643
13.383
5.951
1.600
0.494
2.307
5.644
13.688
38.572
23.785
2.541
1.627
2.870
12.106
11.398
8.995
31.682
8.459
1.172
0.694
0.628
13.602
22.924
23.337
7.541
10.303
13.177
8.921
12.859
10.091
8.897
13.101
0.376
14.382
22.287
11.764
91.532
0.510
9.023
11.158
7.222
10.981
10.645
17.877
22.361
1.516
1.859
17.014
6.346
6.475
3.207
6.666
10.997
2.880
18.921
61.184
0.663
14.140
2.343
10.116
10.181
10.442
9.661
8.865
4.058
9.189
6.187
7.952
11.906
4.165
4.049
16.744
14.729
0.350
4.037
4.614
4.578
4.415
15.197
13.553
19.286
42.160
73.030
3.117
23.530
7.270
15.317
0.436
6.446
9.016
10.635
14.897
17.283
0.663
0.161
9.689
12.773
9.031
8.624
7.314
1.332
8.427
2.640
0.000
0.352
4.755
0.120
0.127
0.010
0.000
0.000
0.000
0.000
8.401
3.735
3.876
5.188
7.251
2.146
6.980
11.096
4.589
2.568
2.853
5.322
5.064
9.543
19.659
49.593
9.222
4.642
0.106
0.000
0.000
0.000
0.000
0.000
0.000
0.000
0.201
4.343
2.120
0.000
0.000
0.000
4.491
3.922
1.138
1.627
0.290
3.117
3.720
4.348
0.046
0.000
0.000
0.910
5.775
3.002
0.409
0.070
0.369
0.144
0.347
0.000
2.098
0.374
0.000
0.000
0.000
0.000
0.000
0.000
3.141
4.627
0.690
3.306
1.281
5.478
4.477
10.276
1.849
0.000
0.000
0.000
0.000
0.000
0.000
0.000
0.000
0.245
1.418
0.000
0.000
0.201
3.320
3.831
0.127
0.000
0.000
2.982
1.526
0.551
0.000
0.000
1.493
3.647
3.337
0.000
0.000
0.000
0.031
1.306
24.618
0.079
6.535
0.000
0.000
0.000
0.000
0.000
1.166
0.000
0.000
0.000
0.000
0.383
5.018
0.045
0.000
0.855
0.000
0.000
1.098
1.526
0.000
0.000
0.000
0.000
0.285
0.060
0.017
2.340
0.640
0.000
0.003
0.044
7.103
4.667
13.106
0.196
5.491
2.414
1.299
9.397
0.101
0.000
6.807
0.000
0.000
0.000
0.000
0.697
3.509
1.068
0.000
0.204
1.528
1.653
0.000
0.000
0.345
0.314
0.520
0.000
0.000
0.000
2.095
3.177
3.454
5.299
0.000
6.967
0.000
0.961
0.414
0.723
0.000
0.000
0.000
0.000
0.000
5.826
68.414
4.590
2.031
4.304
5.435
12.243
2.438
0.000
1.329
6.091
0.656
1.384
2.201
6.695
0.354
0.704
0.031
1.631
11.062
0.000
0.000
0.000
0.038
0.014
0.000
1.439
11.503
1.878
0.050
2.086
14.684
13.052
6.302
11.831
21.653
0.175
0.000
0.910
1.917
13.632
2.599
20.719
44.397
10.107
4.187
13.067
5.790
3.310
6.345
5.071
7.232
2.481
0.010
2.027
0.517
7.588
9.210
14.371
11.096
2.448
18.196
38.148
5.721
10.701
4.696
0.515
9.908
0.175
17.379
4.793
9.740
7.133
2.537
3.078
16.886
2.438
0.402
6.472
14.165
2.060
7.814
22.785
6.049
5.981
20.756
8.308
2.166
0.000
0.024
2.989
0.048
0.340
5.052
5.849
5.824
11.377
19.080
0.834
6.086
12.053
0.007
9.550
1.440
3.938
21.344
6.470
2.514
0.829
11.888
12.754
18.789
0.810
0.980
0.045
5.661
6.573
1.269
0.000
0.000
0.000
0.045
0.072
0.800
0.031
5.933
79.150
7.589
1.684
0.946
1.025
2.949
5.751
1.588
2.874
4.922
23.099
74.271
0.000
0.000
0.000
0.000
0.000
0.000
0.000
0.354
0.455
7.131
1.785
11.397
21.609
6.575
13.067
11.556
17.097
9.194
10.511
6.827
6.660
3.629
0.924
3.231
6.389
4.264
5.905
6.866
2.510
6.753
7.474
8.710
28.063
107.381
0.199
5.517
11.582
11.817
11.340
2.949
19.157
3.083
10.825
0.742
0.000
1.995
1.490
0.000
0.000
6.231
6.293
2.527
7.745
2.987
4.511
0.354
4.501
5.675
4.985
2.232
11.302
15.127
0.323
0.000
10.454
1.517
0.117
2.949
0.137
2.345
5.740
9.529
2.554
0.041
0.000
0.027
0.027
0.000
0.302
0.000
0.000
8.132
0.000
0.000
1.634
0.978
0.000
0.000
0.000
0.000
0.000
0.000
0.000
0.446
1.559
0.045
0.000
0.000
0.000
0.000
0.000
0.000
0.000
0.000
0.000
0.735
0.000
0.000
0.000
0.000
0.000
0.000
0.000
0.000
0.000
0.000
0.027
0.000
2.218
0.000
0.000
0.000
0.000
0.000
0.199
0.000
0.000
0.024
1.219
0.000
0.000
0.000
0.000
0.000
0.000
0.000
0.000
0.000
0.000
0.000
0.000
0.000
0.000
0.000
0.000
0.000
0.007
0.014
0.000
0.000
0.000
0.000
0.000
0.000
0.000
0.000
0.000
0.000
0.000
0.000
0.367
0.000
0.000
0.000
0.312
0.194
0.000
0.000
0.000
0.000
0.994
0.299
0.103
0.007
0.000
0.000
0.000
0.000
0.000
0.000
0.474
0.000
0.000
3.221
0.000
0.034
0.567
0.374
0.000
0.000
0.093
0.003
0.400
0.000
0.000
4.753
4.922
0.003
10.581
0.606
3.886
0.000
0.024
0.000
2.156
1.615
0.007
0.000
0.211
0.000
0.000
1.152
1.025
0.185
0.076
0.000
3.186
1.720
0.000
0.000
0.000
0.055
6.897
4.149
0.000
17.269
24.972
8.144
0.185
0.000
0.312
0.000
0.779
7.527
5.414
1.384
0.608
0.150
12.403
9.572
0.000
6.499
10.739
1.160
5.296
0.230
8.658
12.394
0.000
0.000
0.254
2.942
4.185
3.236
3.809
20.874
0.412
1.693
0.233
3.989
14.128
13.043
45.957
0.027
0.000
0.000
0.137
0.101
0.721
13.906
1.713
0.072
5.771
10.785
10.241
5.201
3.490
5.301
7.158
9.146
6.791
13.273
4.552
5.809
11.563
13.283
13.233
0.000
5.675
12.754
14.097
7.498
19.260
11.692
18.315
16.143
18.502
16.043
9.127
5.277
3.808
8.693
0.942
0.017
12.926
13.520
4.683
2.424
14.550
9.014
2.760
3.981
1.710
1.442
1.183
10.835
2.468
9.910
6.197
3.679
2.716
0.673
10.447
6.959
10.526
2.647
6.262
13.960
21.190
0.865
5.552
27.047
92.642
10.011
0.515
5.291
2.424
0.566
4.398
13.115
10.341
10.715
1.703
15.504
2.317
0.851
0.034
4.166
10.760
12.603
40.814
3.900
8.346
9.277
15.381
21.722
5.095
0.374
3.838
0.014
0.000
6.022
10.046
3.416
6.767
15.062
9.304
0.958
5.315
0.000
0.000
0.007
13.729
1.081
0.982
13.664
2.934
0.027
0.347
3.062
1.723
6.963
5.661
8.188
10.389
2.826
2.032
21.743
6.458
10.274
1.734
9.750
3.375
14.190
8.315
3.306
10.670
5.370
8.968
6.170
37.893
10.695
0.082
0.000
1.535
3.759
4.424
2.434
8.798
1.760
2.189
5.284
0.345
8.475
6.041
7.392
8.556
3.227
5.100
6.832
0.142
3.255
1.943
0.089
3.282
3.610
8.606
6.638
6.367
3.713
0.187
8.684
1.918
8.703
6.118
1.273
6.800
4.281
1.651
2.633
2.465
1.061
4.137
5.057
4.199
0.003
2.630
4.731
0.566
3.931
3.749
5.133
9.500
5.758
4.894
3.457
0.000
0.000
0.000
1.789
3.133
0.118
0.000
0.000
2.180
0.027
0.439
0.000
0.000
0.000
0.220
4.607
2.060
7.337
7.951
3.100
0.000
1.003
0.700
7.555
2.906
4.923
2.101
6.039
0.000
0.000
0.000
0.000
0.000
0.000
0.000
0.000
0.000
0.000
0.000
0.000
0.000
0.000
0.000
0.000
0.000
0.000
0.000
2.735
2.161
0.000
0.003
0.000
0.027
0.000
0.000
0.000
0.112
0.000
0.000
0.000
0.000
0.000
0.000
2.383
0.633
11.670
6.729
13.872
2.101
0.000
0.000
0.000
0.000
0.000
0.000
0.000
0.000
0.000
1.727
0.000
1.828
0.041
0.000
0.000
0.000
0.000
1.456
0.237
0.010
0.072
2.985
0.000
0.000
0.000
1.159
11.649
2.091
1.310
0.000
12.519
16.346
0.435
0.000
0.000
0.000
0.088
0.000
0.007
0.000
0.092
0.354
0.898
0.000
0.000
0.000
0.445
0.000
0.000
1.023
10.201
0.252
1.200
13.105
0.130
0.000
0.000
0.000
0.168
0.048
7.319
11.867
0.149
10.407
24.644
18.411
122.128
0.334
0.000
1.950
14.303
7.601
0.843
3.248
0.184
15.551
4.801
16.339
16.996
15.710
1.863
0.582
0.000
15.910
21.525
0.429
4.250
0.000
3.217
4.132
4.170
0.093
4.674
0.498
9.496
60.670
5.508
0.251
15.415
2.886
1.657
7.493
3.507
0.062
11.022
0.766
11.952
21.657
12.092
4.310
0.000
6.233
14.756
3.950
4.383
2.256
0.000
2.833
4.570
15.216
12.471
51.965
8.969
7.533
5.138
2.164
17.307
9.788
8.920
9.915
12.789
13.376
65.777
4.611
0.821
6.504
4.858
10.010
11.934
7.158
0.608
12.488
6.963
1.591
2.807
5.823
12.377
10.015
0.110
6.540
18.136
14.541
5.670
19.319
9.874
7.007
62.759
12.559
6.479
73.263
2.146
11.019
4.877
1.720
1.293
4.370
22.792
7.775
1.019
6.205
12.828
14.389
9.778
6.013
14.471
8.686
7.004
3.397
62.922
0.223
2.894
7.837
11.292
5.938
11.953
15.815
19.762
11.144
27.009
12.933
9.908
6.686
16.064
3.306
2.245
2.855
3.100
10.344
8.041
13.692
5.718
7.199
12.693
15.690
18.557
7.282
0.659
4.110
13.709
5.878
0.814
12.394
15.549
4.329
7.749
10.185
10.190
22.367
1.857
8.205
4.707
12.155
3.677
10.451
7.749
4.779
1.895
1.785
3.435
7.852
12.178
4.182
5.188
0.831
7.989
23.298
20.455
8.405
14.025
3.330
1.734
59.168
4.374
6.726
1.435
9.098
7.567
2.029
0.113
1.938
0.194
2.051
2.813
9.290
2.151
11.009
8.592
7.957
2.642
5.584
6.161
5.699
2.704
10.281
25.397
1.941
5.809
0.371
1.090
0.000
0.000
3.341
1.062
4.515
2.934
8.196
0.560
1.790
0.800
8.272
5.672
0.307
0.000
0.000
0.000
0.000
0.000
0.000
0.000
0.000
0.000
0.000
0.000
0.000
0.000
5.527
0.000
0.000
0.463
10.854
3.465
0.014
0.596
0.000
0.000
0.000
0.000
0.632
0.003
28.911
0.003
36.936
5.363
49.301
0.426
0.000
0.007
1.039
0.079
0.000
0.000
0.000
0.000
0.000
0.000
0.000
0.045
0.000
0.000
0.000
0.000
0.000
0.000
0.000
0.000
1.088
1.414
0.000
1.768
15.581
2.326
0.021
0.000
0.000
0.000
0.000
0.000
0.000
0.000
0.000
0.000
0.000
0.000
0.000
0.000
0.000
0.000
0.000
0.197
0.209
0.000
0.000
0.000
0.000
0.000
0.573
3.909
1.519
0.021
0.000
0.884
3.535
0.000
0.000
0.000
0.000
0.000
0.000
0.000
0.000
0.000
0.000
0.000
0.000
0.410
0.230
6.551
13.615
0.010
0.728
4.122
0.000
0.000
0.107
0.000
0.000
0.010
23.233
4.982
0.000
0.000
0.788
0.000
0.381
0.058
0.000
0.000
0.034
0.446
2.321
0.017
0.000
0.000
0.018
0.000
0.000
0.000
0.000
1.203
0.652
0.000
0.225
0.076
0.476
0.000
9.745
13.477
1.311
0.000
3.136
3.402
5.304
7.862
0.000
0.024
2.527
4.910
1.016
5.749
0.000
3.097
6.207
4.031
9.304
5.090
4.853
3.564
0.453
0.000
0.565
1.069
0.151
0.580
1.799
2.271
11.445
9.208
9.410
1.439
0.000
0.000
0.055
0.539
3.928
0.000
0.021
4.673
8.576
1.033
62.564
6.108
9.400
7.836
2.369
3.543
4.041
0.141
0.282
0.000
0.367
1.648
0.360
0.000
16.871
9.987
5.174
2.805
0.072
0.364
2.716
0.216
0.745
3.674
3.383
0.007
0.082
12.792
0.961
11.103
7.562
8.597
4.607
8.677
17.003
3.145
9.994
6.856
0.010
9.081
0.719
3.526
4.722
3.849
4.391
10.346
58.585
46.819
0.048
11.944
4.903
2.561
7.206
4.546
9.541
17.444
15.508
4.031
12.281
3.543
17.945
8.561
7.172
5.414
2.699
9.023
4.084
12.837
1.833
2.269
24.582
12.140
3.227
0.021
2.400
14.765
10.756
5.922
37.937
7.629
15.381
3.238
11.510
33.675
3.131
27.128
9.713
1.064
5.356
2.882
2.542
7.443
12.593
14.953
9.196
2.537
4.468
1.875
27.619
12.955
10.323
29.088
121.653
3.076
6.980
38.540
5.880
11.684
12.449
9.247
12.868
5.985
0.767
1.720
11.900
9.812
4.120
2.249
4.834
8.291
8.995
13.681
17.945
1.130
0.645
6.606
5.758
12.906
1.414
0.007
2.472
0.021
5.050
9.517
7.931
5.981
3.897
3.282
8.387
7.031
2.551
8.449
3.299
1.552
3.076
4.456
8.762
2.949
1.940
4.473
5.758
0.000
6.103
4.346
2.316
1.373
4.415
2.041
4.597
7.716
4.702
4.062
7.018
3.423
5.452
3.193
2.185
3.136
6.104
0.539
9.805
2.829
-99.000
0.045
0.233
0.000
0.000
0.000
0.338
4.206
2.626
0.445
0.000
2.712
0.000
6.594
2.060
0.000
0.000
0.000
0.000
0.000
0.000
0.000
0.000
0.000
0.000
0.000
0.000
0.000
0.000
0.000
0.000
0.000
0.000
0.000
0.000
0.000
0.000
0.000
0.000
0.000
0.000
0.000
0.000
0.000
0.000
0.014
1.433
0.000
0.000
0.000
0.000
0.000
2.918
0.000
0.000
0.000
0.000
0.000
0.000
0.000
0.000
0.000
0.000
0.000
0.027
0.000
0.000
0.000
0.000
0.000
0.000
2.087
0.000
2.868
0.000
1.339
0.556
0.000
0.000
5.373
7.969
2.760
0.000
0.000
0.000
0.000
0.000
0.000
0.960
7.141
0.034
2.953
0.079
1.655
0.014
0.000
0.000
1.561
9.029
0.000
0.000
0.048
0.000
0.000
0.058
0.367
0.000
36.541
1.610
9.412
1.796
0.010
0.000
0.000
0.000
0.007
0.000
0.000
0.007
0.000
0.000
0.007
0.000
0.000
0.041
0.000
0.000
0.529
0.000
0.179
0.189
0.000
0.000
15.813
0.831
0.120
0.000
0.000
0.000
0.000
0.136
1.267
3.008
0.851
2.510
9.345
5.974
0.000
0.000
0.000
1.172
0.601
0.045
0.000
0.000
0.000
0.057
0.582
5.627
5.479
5.655
6.046
3.919
1.792
0.764
10.712
0.000
0.000
0.000
0.000
0.000
1.275
0.000
0.000
3.929
0.225
6.015
17.204
2.974
4.230
16.307
11.397
12.160
9.095
10.720
6.055
13.549
42.436
1.423
0.302
0.755
12.540
3.807
17.975
7.469
0.210
0.461
0.014
0.000
6.441
3.599
20.138
4.601
11.848
6.707
10.283
0.429
4.533
-99.000
-99.000
-99.000
-99.000
-99.000
-99.000
-99.000
-99.000
12.830
9.939
14.553
9.888
15.872
9.259
1.954
15.927
13.712
4.216
5.284
2.444
1.995
4.053
25.337
8.286
27.977
2.276
0.738
3.739
12.016
6.369
17.794
1.868
2.596
14.416
17.846
15.400
1.377
0.580
0.996
2.094
9.237
132.255
8.894
0.105
0.021
15.062
7.955
12.260
0.027
0.000
0.000
0.000
0.000
0.000
3.385
1.729
17.273
3.788
13.429
2.040
5.495
19.563
34.654
8.859
2.635
14.571
14.735
2.204
3.638
15.587
1.950
0.560
12.154
8.633
1.666
6.456
18.008
38.258
0.484
0.000
0.000
0.000
0.000
0.000
0.000
7.686
22.531
4.836
4.442
10.785
17.485
12.104
1.542
1.109
13.558
20.575
8.823
9.159
11.089
5.629
7.199
0.000
0.076
6.721
2.650
5.481
10.761
6.767
0.932
0.000
0.840
2.614
15.019
6.489
17.739
11.431
0.294
0.000
9.244
3.749
0.843
0.553
1.854
4.274
7.864
3.045
5.715
2.882
1.009
4.542
2.901
0.522
0.776
3.121
6.600
1.806
7.927
0.051
0.000
0.000
0.000
0.000
4.091
5.411
5.157
6.885
2.584
0.041
1.497
7.175
0.161
0.010
0.110
0.000
0.000
0.000
0.000
0.000
0.000
0.570
0.278
0.000
1.967
0.048
3.722
4.432
2.098
0.247
0.000
0.000
0.017
2.074
2.050
1.651
15.357
0.457
0.000
0.000
0.000
0.000
0.000
0.014
10.300
0.000
0.000
0.000
0.000
0.000
0.000
6.981
4.892
0.058
0.000
0.000
0.000
0.000
0.000
3.040
4.182
0.000
4.546
0.000
0.000
0.000
0.000
2.172
0.000
1.197
0.312
0.000
0.000
0.000
0.000
0.000
1.763
0.000
0.000
0.000
0.000
0.000
0.000
0.000
0.000
0.000
0.000
0.084
0.041
0.000
0.000
0.000
0.000
0.000
0.000
0.000
0.010
0.000
0.000
0.000
0.000
0.000
0.000
0.000
0.000
0.000
0.000
0.000
0.000
0.227
0.000
0.395
0.000
0.357
0.000
0.053
0.000
0.000
0.000
0.000
0.453
0.000
0.000
0.000
0.153
0.000
0.000
0.000
0.029
9.568
0.476
0.024
0.000
0.000
0.045
0.014
1.487
0.748
0.000
0.000
0.386
0.348
0.082
0.000
15.147
0.000
0.000
0.000
0.288
1.483
0.000
0.000
0.000
0.000
0.000
0.000
0.139
0.000
0.230
1.512
0.000
6.032
8.439
0.720
12.983
11.201
0.000
0.000
3.049
9.495
3.685
0.000
0.007
0.074
1.789
0.793
0.120
6.386
0.000
0.000
0.031
0.000
0.000
0.000
23.775
0.453
0.405
0.048
1.483
13.661
0.525
0.007
0.517
10.561
2.468
23.497
0.021
0.189
7.278
14.765
5.926
10.559
7.721
0.312
11.597
0.007
0.000
10.660
5.733
2.434
0.292
0.233
1.222
6.738
2.190
3.917
0.453
1.226
8.432
0.014
6.681
15.496
9.943
1.305
2.674
2.328
3.643
34.143
14.895
0.000
0.000
14.289
7.151
0.113
4.499
7.313
0.115
0.000
0.000
0.000
18.328
25.443
6.557
10.900
8.962
0.055
8.471
10.280
8.192
6.956
5.402
0.802
2.357
4.507
1.344
5.718
1.110
4.467
9.397
3.953
8.415
9.041
4.825
3.169
3.161
1.753
2.010
1.907
0.003
10.760
3.395
12.308
0.838
8.253
6.525
15.184
12.846
14.662
4.286
6.515
7.226
8.541
3.456
12.856
12.391
4.788
10.993
11.196
1.392
6.609
8.652
10.925
12.748
12.202
6.714
2.149
0.048
2.510
4.195
0.000
2.249
10.887
13.458
7.828
0.113
10.403
27.064
36.173
3.485
8.542
0.999
0.100
4.075
7.635
12.658
5.085
2.496
1.566
1.627
0.642
0.601
8.796
8.516
2.908
3.856
2.853
19.068
6.612
2.596
15.226
6.798
12.581
14.692
4.858
12.157
10.312
4.321
5.977
0.294
15.547
3.176
1.691
5.449
9.290
1.449
6.307
0.245
15.046
0.000
7.321
0.908
7.811
1.090
6.018
0.136
0.192
0.062
1.157
0.251
2.626
2.407
0.034
0.000
6.183
1.305
8.308
1.274
4.261
5.833
0.041
3.873
0.872
3.478
3.529
2.187
7.811
9.826
6.376
2.616
3.526
9.740
0.302
1.555
1.253
1.449
5.617
35.002
2.669
0.172
0.000
3.922
0.074
0.000
0.000
0.303
1.511
0.000
0.000
0.000
0.000
0.000
0.000
0.000
5.383
4.772
2.196
0.000
2.664
1.804
0.000
3.033
5.694
0.000
0.063
0.000
0.000
2.161
0.443
0.000
0.000
0.000
3.018
1.830
7.941
0.347
0.000
0.000
0.000
0.000
0.000
0.000
0.000
0.000
0.000
0.000
0.000
0.000
0.000
0.000
0.000
0.000
0.000
0.000
0.000
0.000
0.000
0.000
0.000
0.000
0.000
0.000
0.000
0.000
0.000
0.000
0.000
0.000
0.000
0.000
0.000
0.000
0.000
0.000
0.000
0.000
0.000
0.000
0.000
0.000
0.000
0.000
0.000
0.000
0.000
0.000
0.014
0.000
0.000
0.000
0.000
0.000
0.000
0.000
0.000
0.000
0.000
0.000
0.000
1.191
0.889
0.000
0.017
0.069
6.674
15.408
20.520
0.000
0.000
0.010
0.000
0.000
0.000
4.274
0.106
0.000
0.021
0.000
0.000
0.000
0.000
0.235
0.161
0.807
12.734
0.038
0.000
0.010
6.532
3.378
0.000
0.000
0.000
0.000
0.000
0.278
4.803
0.669
0.821
2.750
0.021
3.967
0.000
0.000
0.000
0.017
0.227
0.000
0.000
0.000
0.003
0.314
10.128
0.000
0.000
0.003
0.007
0.788
1.207
6.579
8.068
0.031
0.182
0.000
10.628
3.934
4.745
3.964
2.970
4.345
8.370
4.740
13.645
20.520
0.917
0.093
0.088
1.892
16.545
7.248
16.136
18.345
5.097
0.948
0.374
8.068
9.002
9.471
1.198
19.955
80.410
30.676
2.577
6.424
3.450
3.900
8.022
4.607
0.120
7.574
50.746
1.941
14.610
0.000
5.527
13.410
5.998
15.350
6.772
6.430
4.547
2.319
10.399
15.468
3.172
0.872
10.348
4.147
10.411
21.787
4.223
6.664
8.511
3.716
2.141
9.503
1.248
6.819
13.666
26.776
33.186
29.557
19.044
1.040
2.087
1.754
3.979
8.310
18.282
1.682
15.547
4.820
1.464
11.292
7.596
4.988
2.118
1.480
0.755
3.138
12.655
12.675
3.200
4.068
8.961
0.556
8.789
0.201
0.000
10.715
15.795
2.822
1.536
2.403
9.575
8.006
12.638
40.035
6.606
0.374
6.372
1.308
2.259
4.966
11.948
2.740
11.089
16.497
7.920
3.358
3.811
0.673
5.672
10.289
0.264
5.871
24.084
4.439
6.259
8.964
32.190
8.202
3.090
5.390
4.017
6.581
2.513
6.377
0.961
4.278
2.194
7.804
8.350
25.212
2.345
8.628
3.124
8.257
6.659
5.795
14.025
2.050
3.097
3.159
0.814
1.202
16.874
24.345
3.790
6.382
3.045
0.079
0.463
14.097
2.901
1.517
10.646
9.366
13.098
10.701
9.342
19.703
29.696
1.430
6.571
8.140
1.420
26.177
0.000
0.000
0.000
0.000
0.000
1.469
17.755
4.326
8.573
14.143
5.000
0.340
0.088
0.000
0.000
0.000
0.000
0.184
1.176
0.829
0.055
0.138
2.474
7.210
5.030
7.560
1.808
4.350
3.668
5.430
0.681
1.899
2.839
3.691
4.515
8.427
0.742
0.000
0.000
2.044
7.840
3.926
9.247
0.247
0.000
0.000
0.000
2.496
0.100
1.725
1.905
0.017
0.000
4.413
6.743
3.557
5.854
0.529
0.000
0.640
0.000
0.000
0.000
0.000
0.000
0.000
0.000
0.000
0.000
0.000
0.000
0.000
0.000
0.000
0.000
0.000
0.000
0.000
0.000
3.054
6.207
4.137
0.771
0.000
0.069
1.466
0.772
2.074
0.000
0.000
0.055
0.000
0.000
0.000
0.561
0.000
0.000
0.000
0.000
0.285
0.000
0.000
0.000
0.007
0.069
0.000
0.000
0.031
0.051
0.800
0.000
0.000
0.000
0.000
0.000
0.007
0.000
5.261
0.000
0.000
0.000
0.345
0.235
0.867
0.000
0.000
0.000
0.000
0.091
0.000
0.235
0.643
0.000
0.000
0.000
0.000
0.000
0.000
0.000
0.000
0.000
0.000
0.251
0.000
0.000
0.010
11.706
0.192
0.000
0.000
0.199
0.000
0.000
0.000
0.000
0.065
0.010
0.000
0.165
0.055
0.000
0.000
0.000
0.445
0.000
0.209
0.038
0.645
0.288
0.989
0.460
9.711
15.800
3.756
0.000
0.000
0.000
7.055
0.565
4.439
11.711
4.767
12.885
29.821
2.585
5.703
7.144
6.928
1.543
0.079
2.812
0.010
0.000
0.000
0.000
0.024
2.465
10.814
9.277
24.693
6.468
6.015
0.585
0.000
3.049
6.594
3.201
0.000
0.000
0.000
0.000
0.000
1.333
0.007
2.465
3.401
0.000
0.000
7.160
9.762
10.034
36.645
12.681
0.051
0.000
3.191
9.969
1.238
0.007
4.878
0.935
1.042
3.324
24.869
9.804
3.831
5.540
10.281
18.839
17.561
5.325
9.158
14.069
13.666
5.237
12.126
5.490
4.489
3.735
9.548
92.644
2.647
4.142
5.279
7.932
7.639
9.821
68.258
1.439
0.439
1.296
16.133
8.896
10.538
9.517
9.604
7.641
8.308
7.878
15.930
7.941
4.393
6.147
6.428
9.060
3.421
14.598
12.162
13.214
4.875
13.315
14.173
10.830
13.346
19.706
4.642
17.786
19.449
28.810
18.177
0.887
3.157
0.481
0.000
0.900
21.981
28.257
0.038
5.152
5.527
19.240
5.637
14.426
2.498
15.209
11.584
4.879
0.608
1.868
2.997
12.059
9.780
0.000
6.012
16.035
19.705
23.167
0.524
11.306
10.882
7.373
6.230
8.398
3.066
6.674
6.822
6.832
15.966
4.824
4.741
10.169
6.073
0.900
7.831
4.576
12.085
3.864
2.129
7.052
7.536
3.723
5.167
1.202
8.868
3.385
14.519
7.721
8.209
0.027
0.027
5.847
11.312
15.110
7.797
4.312
7.615
0.591
3.200
7.042
4.044
1.459
2.479
8.549
4.515
12.258
5.713
18.512
13.616
1.226
9.462
9.393
5.733
14.028
3.993
0.000
3.155
4.319
0.000
0.000
0.000
0.000
0.000
0.000
0.000
0.223
1.428
6.724
1.272
15.264
11.445
8.368
5.351
8.741
4.750
0.491
6.024
3.773
0.185
0.000
6.786
0.893
0.000
0.000
0.007
0.000
0.000
0.010
0.000
0.000
0.000
0.000
0.000
2.688
3.236
11.084
12.263
0.237
0.000
0.003
0.000
0.000
0.000
0.000
0.000
0.000
0.000
0.000
0.000
0.951
5.985
1.615
0.209
0.000
0.000
0.000
0.000
0.000
0.000
0.000
0.000
0.312
0.000
0.000
0.000
0.000
0.000
0.000
0.017
0.000
0.000
0.000
0.000
0.000
0.000
0.000
0.000
0.000
0.000
0.000
0.000
0.000
0.000
0.000
0.000
0.000
2.400
0.000
5.431
3.241
2.657
0.209
0.000
0.000
0.000
0.000
0.000
0.000
0.000
0.000
0.000
0.335
0.268
0.000
0.000
0.000
0.992
0.000
0.000
0.062
0.118
0.218
2.259
0.000
0.000
1.231
0.000
0.000
0.000
0.000
0.000
0.000
0.297
0.000
0.000
0.000
0.148
0.000
0.000
0.000
0.000
0.000
0.065
0.093
0.000
0.903
0.000
0.000
1.892
0.776
0.000
0.000
0.000
0.000
0.000
0.000
0.000
1.730
7.495
0.769
0.000
3.217
0.309
0.000
1.614
0.340
0.196
14.674
0.000
0.000
0.000
0.000
0.000
0.000
0.000
0.000
0.000
0.003
0.062
0.156
0.454
0.017
5.751
5.655
0.000
0.316
0.112
0.000
0.039
3.095
0.000
0.100
4.067
2.827
0.130
0.960
8.926
8.710
6.396
15.218
1.165
0.137
0.968
0.000
8.782
0.017
14.543
5.764
12.360
6.506
4.010
5.160
1.672
0.000
3.728
6.698
2.044
14.567
46.385
2.674
70.076
0.113
3.086
4.221
12.772
11.316
12.160
17.970
6.152
7.256
0.185
0.045
12.614
99.567
0.930
11.410
3.799
16.140
16.299
6.999
8.597
5.682
4.616
12.499
2.788
5.577
7.036
2.023
12.155
10.695
19.427
9.091
1.624
7.529
4.723
3.042
0.577
16.153
8.738
5.727
8.629
0.062
10.027
2.127
7.879
7.850
0.182
7.653
0.051
2.043
5.194
5.840
0.000
5.425
10.739
4.480
23.210
12.293
4.779
2.160
0.076
0.000
17.152
14.317
0.512
4.116
8.731
8.322
8.576
7.112
10.818
0.307
2.305
0.718
0.457
1.183
5.110
14.976
8.771
4.483
8.569
1.040
10.399
8.966
7.709
19.346
0.282
5.064
1.181
6.018
11.910
5.768
10.713
17.770
6.698
1.387
3.564
4.792
1.512
3.026
3.804
0.263
0.100
0.000
0.503
4.961
6.993
3.468
11.946
5.164
0.659
14.287
7.491
12.360
8.432
0.656
2.662
4.456
5.370
11.639
0.484
7.258
1.837
2.915
5.335
0.038
0.000
0.137
5.026
0.745
2.293
1.087
5.277
10.835
2.333
3.557
9.987
10.856
9.974
11.347
11.412
0.522
0.415
0.065
0.436
1.421
1.140
1.823
0.254
7.069
1.710
1.263
0.000
0.000
0.000
2.046
3.341
4.055
1.507
0.161
0.000
3.577
6.097
5.201
2.896
6.235
6.393
0.000
1.167
0.745
3.797
9.908
14.097
0.985
0.000
0.000
0.000
0.000
0.000
0.000
0.000
0.014
8.393
0.000
0.175
1.648
5.740
3.809
4.518
2.719
0.000
0.000
0.814
0.000
0.021
0.000
0.000
0.000
0.000
0.000
0.000
0.000
0.000
0.000
0.000
0.000
0.000
2.539
9.971
0.846
0.000
0.000
0.000
0.000
0.000
0.027
0.000
0.000
0.000
0.000
0.000
0.000
0.000
0.000
0.000
0.000
0.000
0.742
1.806
0.000
0.000
0.000
0.000
0.000
0.000
0.000
0.000
0.000
0.000
0.000
0.000
0.000
0.000
0.000
0.000
0.000
0.000
0.000
0.000
0.000
0.000
0.000
0.000
15.987
0.000
0.000
0.000
0.000
0.000
0.000
0.000
0.000
0.000
0.254
0.563
0.668
0.309
0.000
0.000
0.000
0.000
0.000
0.000
0.000
0.000
2.321
4.686
0.000
0.000
0.000
0.000
0.000
0.167
0.000
0.000
0.000
0.000
0.034
0.021
0.000
0.000
0.268
0.223
0.000
0.000
0.000
0.000
0.000
0.000
0.000
0.000
0.000
0.031
0.488
0.017
1.126
5.200
0.603
0.089
0.000
0.106
5.291
1.641
0.544
6.053
2.098
0.000
1.013
0.000
4.189
1.473
0.151
0.000
0.000
0.000
5.782
0.486
0.869
0.000
0.000
3.004
0.000
0.532
1.112
4.892
0.000
0.347
14.780
10.454
0.000
6.242
0.130
1.281
3.152
2.125
4.789
0.209
0.000
0.021
0.778
3.933
5.726
0.000
0.000
0.021
0.000
0.000
0.000
0.252
0.203
0.000
8.650
1.303
0.000
1.233
0.247
6.090
3.260
0.292
8.673
0.712
7.516
13.772
2.707
0.954
7.030
0.421
8.154
7.989
0.086
6.987
4.116
10.168
4.393
0.010
6.703
0.195
0.000
3.598
4.067
3.732
1.275
0.177
0.000
0.000
9.082
0.170
13.484
4.928
19.683
5.526
10.190
4.467
0.048
0.000
0.388
0.000
1.137
0.245
0.621
0.800
0.007
0.000
6.022
5.768
0.038
0.000
0.148
5.273
0.038
1.723
0.000
11.773
160.284
5.205
21.839
128.961
6.451
11.632
1.681
11.319
0.285
6.544
0.494
8.298
22.172
5.323
9.064
7.199
16.136
1.366
2.753
8.123
17.923
5.216
8.827
1.715
3.816
1.037
15.292
5.529
11.968
10.016
12.131
4.765
4.697
0.305
8.690
16.689
2.069
5.785
1.584
22.010
0.228
0.000
0.000
0.000
4.041
1.020
8.519
4.930
9.517
0.203
5.109
9.987
1.404
3.148
5.500
13.712
13.201
5.107
5.050
6.945
11.218
12.643
2.287
3.608
0.364
4.099
6.822
3.660
3.727
3.002
14.461
11.532
15.989
4.245
15.958
1.105
0.000
0.000
1.880
8.591
9.424
12.221
4.261
0.209
7.538
12.415
3.157
0.987
0.656
2.333
5.708
2.405
3.814
0.000
5.555
2.365
5.301
5.358
0.000
2.676
2.419
4.453
1.554
0.000
0.000
0.000
1.632
4.214
8.794
4.231
2.456
0.299
1.752
0.017
0.000
0.000
0.000
0.000
0.000
2.616
0.000
0.000
0.000
1.669
0.000
0.000
0.000
0.000
0.000
0.000
0.000
0.000
0.010
0.000
0.000
0.000
1.787
2.762
3.603
0.999
2.458
0.000
0.034
0.007
3.619
0.388
0.000
0.000
0.000
0.000
0.000
0.000
0.000
0.216
2.414
9.265
0.680
6.939
0.000
0.000
0.000
0.000
0.000
0.000
0.000
0.000
0.000
0.000
0.000
0.000
0.000
0.000
0.000
0.000
0.000
0.000
0.000
0.000
0.000
0.000
0.000
0.000
0.000
0.000
0.000
0.000
0.034
0.048
4.401
1.389
6.275
2.510
2.611
2.949
0.000
0.000
0.000
0.000
0.000
0.003
0.007
1.387
0.980
0.706
0.469
0.264
0.000
0.288
0.000
0.000
0.000
0.000
4.558
0.875
9.635
9.781
1.320
0.000
0.000
0.000
3.267
0.039
0.000
0.000
0.000
0.336
2.496
0.000
0.000
0.000
0.000
0.117
0.014
0.106
0.215
0.309
0.117
3.032
2.971
9.359
0.563
0.000
5.260
0.051
0.000
0.000
0.000
0.000
0.774
0.103
0.125
3.720
3.119
0.000
0.000
0.563
0.000
0.000
0.000
0.000
1.995
0.074
0.000
0.000
0.000
1.559
0.282
0.000
0.000
0.058
1.517
0.000
0.161
1.390
0.000
1.802
0.000
0.000
6.451
4.556
38.662
2.499
8.609
4.255
38.600
1.233
0.000
1.931
57.768
0.000
0.069
0.000
0.082
14.837
4.508
10.681
4.226
4.171
0.031
17.788
12.253
4.758
4.432
17.295
23.682
0.000
0.000
22.398
11.747
11.213
2.007
2.753
0.972
3.397
6.101
11.453
3.677
5.145
0.141
0.000
0.903
0.371
5.431
20.332
88.127
6.516
3.692
14.210
5.505
9.222
11.038
4.515
9.994
3.014
4.491
17.832
18.265
6.104
2.554
12.730
5.067
2.108
5.421
5.644
13.884
4.841
8.981
4.322
13.669
4.501
1.878
8.202
8.557
12.912
9.003
13.676
1.524
20.687
9.024
9.954
13.542
10.715
6.382
6.065
0.742
1.051
7.989
9.750
34.823
13.678
8.390
4.197
20.313
15.029
2.201
1.579
1.354
13.592
3.308
21.427
7.230
24.259
5.859
13.309
7.073
10.557
2.008
4.976
9.096
11.339
20.593
0.680
0.549
17.699
11.237
7.673
3.399
3.462
0.956
7.345
10.298
5.567
12.603
29.091
86.844
3.699
8.188
5.074
5.479
2.088
4.364
2.638
17.494
5.200
5.380
3.432
17.747
10.205
11.881
29.371
1.044
3.191
11.886
9.977
0.364
6.087
5.031
10.411
5.188
6.161
11.621
23.540
5.152
11.179
4.218
0.803
0.941
4.475
3.045
14.107
12.636
4.334
4.161
1.452
0.889
3.080
0.673
3.334
11.968
7.400
5.301
6.067
6.042
0.000
2.807
0.316
3.516
9.273
0.096
0.000
0.000
0.000
0.000
0.000
0.501
0.961
7.134
5.864
5.672
45.143
2.781
0.000
1.596
0.000
1.000
1.828
0.000
0.000
0.240
0.000
3.497
5.843
7.210
0.716
0.000
0.000
0.000
0.000
2.316
4.894
3.595
3.754
0.000
0.000
0.000
0.000
0.000
3.234
2.515
0.000
0.357
0.000
0.000
2.187
0.398
0.632
5.219
8.517
0.000
0.000
7.579
0.208
0.000
0.000
0.000
0.000
3.177
0.000
0.000
0.000
0.000
0.000
0.000
0.000
0.000
0.000
0.000
0.000
0.000
0.000
0.000
0.000
0.000
4.625
0.007
0.000
0.000
0.000
0.000
0.000
0.000
0.000
0.000
0.000
3.797
0.640
0.000
0.000
0.100
0.000
0.000
0.027
11.110
0.062
0.000
0.003
0.000
0.000
0.000
0.000
0.000
0.000
0.014
0.000
0.051
0.000
0.000
0.000
0.000
0.000
0.000
0.000
0.364
0.000
0.663
0.000
0.007
1.682
0.000
0.000
0.000
0.000
0.000
0.000
0.000
0.000
0.000
0.034
0.000
0.041
0.000
0.096
0.000
0.000
0.000
0.156
0.309
0.556
0.000
0.000
0.539
0.295
0.000
0.000
0.000
0.000
0.343
2.149
0.391
0.014
0.000
0.000
0.271
6.042
0.752
3.698
0.000
1.775
0.251
1.315
2.963
7.944
12.070
0.529
6.458
11.192
1.923
43.396
0.453
0.803
0.954
0.000
0.000
3.577
9.036
1.394
1.308
7.272
9.364
10.523
3.263
0.045
10.518
3.150
4.432
9.665
0.257
0.314
0.000
0.062
9.925
9.768
15.522
2.046
0.577
0.000
0.000
12.143
13.433
1.337
2.091
2.083
3.267
6.410
9.263
6.600
7.752
11.132
0.556
0.000
4.461
0.385
11.927
7.369
8.473
4.240
14.497
11.791
13.422
0.282
7.052
6.844
8.137
4.532
0.556
0.000
0.973
3.296
3.238
0.000
0.000
1.723
16.035
22.155
9.603
3.351
14.274
90.692
6.496
2.795
10.701
2.735
7.986
6.424
5.675
5.740
11.979
7.060
68.124
2.197
3.753
10.739
12.881
11.367
1.353
5.002
5.728
6.650
4.408
15.333
0.508
11.707
2.338
1.591
4.834
5.723
17.494
10.379
8.181
9.194
5.466
14.495
3.584
12.586
16.390
12.207
10.761
2.372
17.774
8.377
0.391
9.011
7.460
5.809
5.287
23.483
23.820
3.828
9.472
14.107
14.962
0.189
0.113
2.008
2.177
0.000
0.113
0.058
6.164
11.276
0.529
3.553
5.641
6.379
15.934
51.207
8.635
5.905
10.967
10.530
5.960
11.639
15.824
72.927
2.520
5.050
7.783
3.840
3.548
8.655
11.163
3.107
0.220
11.795
28.405
26.412
0.271
5.085
71.694
3.183
2.189
2.774
17.736
8.011
0.364
12.379
4.876
4.080
3.559
10.852
7.006
3.157
1.727
5.232
12.075
7.742
5.172
9.323
3.294
0.637
1.420
8.573
4.481
9.498
3.732
4.405
12.150
8.559
1.646
3.693
0.918
0.000
0.000
0.000
0.127
0.014
0.311
3.965
4.092
5.874
10.071
8.834
3.952
1.382
0.055
9.800
5.646
5.773
0.201
2.795
1.923
2.108
8.628
0.000
0.014
2.208
14.131
0.663
0.000
0.000
0.000
0.000
4.518
1.651
0.628
0.000
4.432
0.000
4.062
6.228
0.000
0.000
1.947
2.420
0.388
0.000
0.000
0.000
0.000
0.192
0.000
4.086
0.003
0.000
0.000
0.000
0.436
0.000
0.000
0.000
0.000
0.000
0.000
0.000
0.000
0.000
0.000
0.000
0.000
0.000
0.000
15.573
2.747
1.457
0.000
0.000
0.000
0.000
0.000
0.000
0.000
0.000
0.000
0.000
0.000
0.000
0.000
0.000
0.000
4.324
0.462
0.000
0.000
0.000
0.000
0.000
0.000
0.000
0.000
0.000
0.000
0.000
0.000
0.000
0.000
0.000
0.010
0.000
0.000
0.000
0.000
0.000
0.000
0.000
0.000
0.000
0.000
0.000
0.000
0.000
0.000
0.000
0.000
0.051
0.410
0.113
6.109
9.086
2.175
0.000
0.000
0.048
0.391
0.000
0.103
0.000
0.620
0.918
0.000
0.086
1.401
6.573
2.190
4.732
0.340
0.026
0.229
0.033
0.057
0.000
0.000
0.000
0.000
3.884
9.996
1.240
0.126
0.000
0.000
0.034
0.197
0.000
0.000
0.223
0.000
0.000
0.000
2.223
0.563
6.065
3.152
0.115
3.308
6.309
2.596
0.112
0.000
1.818
0.637
0.214
0.000
0.000
0.232
1.185
0.134
0.113
0.051
0.000
0.176
0.311
0.007
0.342
3.663
0.000
0.000
0.000
0.529
0.000
1.455
14.593
7.687
16.765
1.717
10.616
10.485
12.360
16.595
7.926
6.636
4.037
7.938
18.083
52.580
4.365
10.258
6.465
12.435
1.219
10.446
6.805
4.165
0.000
1.159
0.302
10.355
20.855
12.548
3.663
2.669
13.024
10.106
8.623
4.182
1.294
7.503
10.188
2.474
11.087
5.874
3.673
0.144
0.000
0.000
0.000
10.871
4.770
13.755
1.536
6.624
13.977
1.499
5.160
6.125
3.408
12.576
3.681
14.725
3.257
1.880
5.603
11.470
4.736
5.201
0.990
0.000
3.601
15.079
0.311
4.659
3.516
2.063
0.378
1.078
1.984
16.661
0.000
1.136
13.961
7.124
15.456
11.625
16.083
1.294
0.108
5.421
7.763
2.383
2.046
9.778
7.199
0.992
7.450
2.759
19.657
8.638
11.647
6.948
3.421
8.705
5.970
18.926
3.435
5.411
16.090
16.478
31.486
22.029
13.647
10.132
8.054
0.666
3.516
10.907
5.579
1.500
5.778
14.553
4.527
3.601
1.705
8.501
1.109
2.149
4.985
16.888
18.448
16.557
11.546
3.423
1.243
5.095
4.611
9.579
20.596
0.319
0.000
0.000
1.315
3.402
3.286
10.495
6.430
5.509
7.852
0.000
0.000
0.000
0.000
1.324
3.389
8.020
6.763
8.030
9.163
10.605
18.083
14.049
8.758
4.439
8.240
2.396
0.000
0.000
0.000
4.535
0.900
0.017
4.559
12.027
4.975
9.817
0.659
0.038
10.241
1.929
0.000
0.000
0.000
0.000
0.000
0.000
0.000
0.000
3.910
3.547
2.089
0.906
0.000
0.000
0.438
5.393
5.679
0.752
2.975
6.475
0.000
0.000
0.000
0.000
0.000
0.000
0.608
1.311
0.000
0.000
0.000
0.000
0.000
3.792
7.327
1.004
4.274
0.000
0.000
0.000
0.100
2.105
0.000
0.000
0.000
0.000
1.006
3.313
0.120
4.285
0.954
0.000
0.000
0.000
0.000
0.000
0.000
0.000
0.158
0.000
0.000
0.000
0.000
0.000
0.000
0.000
0.000
0.000
0.010
6.039
0.340
0.000
0.000
0.000
0.566
0.000
0.000
0.000
0.000
0.000
0.000
0.000
0.000
0.000
0.000
0.220
0.000
0.000
0.000
0.000
0.000
0.000
0.000
0.000
0.000
0.000
0.000
0.000
0.000
0.156
0.000
0.000
0.000
0.000
0.000
0.000
0.000
0.000
0.000
0.000
0.007
1.854
4.635
5.129
0.645
0.144
0.663
0.000
0.000
0.000
0.079
0.000
0.000
0.000
0.007
0.000
0.000
0.429
0.151
0.041
1.078
0.000
0.000
0.529
0.189
0.000
0.000
0.000
0.713
0.000
1.104
0.333
6.067
3.636
5.418
0.021
0.000
0.000
0.750
0.288
0.000
0.000
0.000
0.000
0.000
0.121
0.000
2.650
5.481
1.250
8.145
0.000
0.000
0.000
0.000
0.000
0.000
0.000
0.000
0.000
0.000
9.471
0.148
3.394
4.614
2.932
2.859
9.253
0.129
0.544
98.132
1.361
1.806
1.185
0.118
5.261
5.493
6.657
14.435
74.855
0.282
7.702
0.096
31.198
13.850
3.917
3.186
9.400
12.057
27.067
27.023
5.128
8.017
2.365
8.465
9.246
1.511
0.802
9.616
7.182
3.329
9.586
0.041
4.443
8.643
3.428
16.171
11.620
5.939
3.361
7.296
14.608
0.870
12.160
29.529
5.062
2.015
2.822
2.898
0.172
4.968
6.118
4.788
6.048
11.254
11.275
5.946
20.174
11.728
21.125
16.486
8.315
12.614
8.030
0.760
1.028
11.391
12.245
12.209
5.591
0.105
3.217
1.456
7.045
12.339
0.051
0.827
0.021
1.619
8.674
10.438
4.453
30.451
2.194
16.771
19.133
27.444
0.445
11.661
4.593
20.253
68.477
4.031
6.075
5.208
7.221
15.553
2.954
6.746
14.770
0.860
2.692
7.984
9.718
11.704
4.643
5.121
19.382
7.199
0.733
1.097
13.855
15.929
6.762
12.200
2.971
5.593
2.530
11.596
13.551
10.063
8.911
8.746
3.540
5.191
14.114
9.994
3.418
6.097
11.060
136.383
12.248
6.551
1.157
8.687
18.958
11.062
14.232
39.498
0.146
7.828
3.687
1.550
0.710
7.563
7.567
5.550
3.140
2.954
7.275
5.775
12.500
0.021
0.000
0.000
0.362
0.151
0.000
5.039
10.068
7.136
2.114
9.701
29.056
0.322
1.341
0.000
0.000
0.000
0.000
1.770
2.019
2.101
7.357
5.873
0.318
8.276
36.452
29.350
0.518
6.969
5.810
0.251
0.082
5.135
2.159
4.631
8.382
0.098
9.706
0.673
0.062
3.574
9.356
7.090
4.559
0.010
0.000
0.000
0.000
0.000
0.000
0.000
0.000
0.000
0.000
0.048
0.000
0.000
5.591
9.419
0.000
0.031
0.000
0.000
0.000
0.000
0.000
0.000
0.000
1.947
2.158
15.074
0.500
0.000
0.000
0.000
0.000
0.000
0.010
0.247
0.000
0.000
0.000
0.000
0.000
0.000
0.000
0.000
0.000
0.000
0.000
0.000
0.000
0.000
0.000
0.000
0.000
0.000
0.000
0.000
0.000
0.000
0.000
0.000
0.000
0.000
0.000
0.000
0.000
0.000
0.003
0.360
0.000
0.007
0.445
1.754
0.000
0.000
0.000
0.000
0.239
3.758
0.323
0.000
0.623
0.000
0.000
0.000
0.000
0.000
0.003
4.420
5.435
0.227
0.000
0.000
0.000
0.000
0.000
0.994
2.719
6.356
0.000
0.000
0.017
0.024
0.000
0.000
0.000
0.000
0.148
0.162
0.000
0.000
0.000
0.000
0.000
0.421
4.027
0.000
0.433
0.600
0.000
0.000
0.050
0.154
0.000
0.031
5.322
0.000
0.000
0.318
1.913
0.115
0.000
0.000
0.000
0.000
0.007
38.605
0.000
0.000
0.000
0.000
0.000
0.065
0.041
3.051
3.540
0.208
0.010
7.920
0.098
5.650
0.544
4.379
0.000
0.000
3.553
0.017
4.607
0.196
26.474
0.000
3.011
0.038
5.476
10.495
0.130
0.000
0.000
2.767
11.718
6.719
0.000
0.934
18.079
0.546
1.157
8.786
25.602
0.124
0.117
0.168
0.000
5.823
12.106
12.016
1.916
2.978
19.730
9.077
12.316
1.347
1.814
2.159
0.947
0.041
9.354
11.294
4.628
0.261
2.734
0.000
0.000
0.000
0.386
0.000
1.142
1.015
4.815
0.208
0.142
2.655
11.291
2.623
12.179
2.428
9.170
11.913
8.607
0.642
0.185
8.209
4.340
13.082
4.927
20.898
14.262
2.925
6.837
17.516
12.741
15.601
4.020
0.154
4.501
3.873
16.030
19.669
13.067
4.434
0.000
3.742
4.704
14.981
0.460
4.106
7.467
5.792
4.165
2.043
8.974
11.556
2.438
14.749
0.439
4.103
11.117
2.103
5.473
7.986
15.515
2.434
4.158
4.456
5.541
2.771
0.323
38.795
175.618
16.948
11.151
2.822
3.426
11.719
9.148
3.643
12.698
4.288
10.878
30.489
2.456
5.162
1.578
8.357
19.416
19.500
2.069
23.358
13.702
8.205
13.795
5.409
2.120
7.714
8.112
7.242
11.067
0.704
11.948
20.306
30.041
12.809
2.977
0.573
0.000
0.790
0.000
0.000
0.000
0.000
2.765
9.465
13.348
3.318
1.887
1.306
17.733
2.746
0.568
17.891
11.120
0.316
11.283
1.289
3.277
1.066
9.481
15.507
4.525
0.096
1.857
12.217
15.110
0.599
6.363
4.094
10.401
1.380
3.100
4.178
0.017
0.000
1.941
0.953
0.024
0.000
0.027
13.445
2.700
0.067
4.484
5.396
4.195
2.679
3.485
0.185
0.000
0.846
2.596
0.000
0.014
0.000
0.175
0.086
2.592
0.000
0.000
7.416
1.198
7.369
1.981
1.792
8.355
7.994
27.225
1.176
0.017
1.735
5.102
3.155
2.070
2.795
2.372
9.117
0.000
0.951
0.000
0.000
0.000
0.000
0.000
0.000
0.000
1.821
2.577
0.000
0.000
0.000
0.000
0.000
0.000
0.000
0.000
0.000
0.000
0.000
0.000
0.000
0.000
0.000
0.000
0.000
0.000
0.000
0.000
0.000
0.000
0.000
0.000
0.000
0.000
0.000
0.000
0.000
0.000
0.000
0.000
3.876
0.714
1.351
4.082
0.656
2.677
0.000
0.000
0.000
0.000
0.000
0.000
0.000
0.000
0.000
0.000
0.000
1.097
0.637
5.459
0.051
1.497
5.680
0.000
0.000
0.000
0.000
0.000
0.000
0.000
0.000
0.000
0.000
0.000
0.330
0.000
0.278
0.196
0.000
0.000
0.000
0.000
1.847
0.034
0.000
0.735
4.844
32.022
0.000
0.000
0.000
0.000
1.135
2.496
0.000
0.000
0.549
12.373
1.236
0.000
0.371
0.000
0.000
0.000
0.000
0.000
0.498
2.381
0.963
1.011
0.000
0.000
0.000
0.000
0.000
0.000
0.000
0.000
1.548
0.021
0.141
0.079
2.257
1.802
13.302
4.760
0.000
0.000
0.000
0.000
0.306
3.319
1.514
0.003
0.848
0.000
5.265
0.000
0.230
0.530
0.000
0.000
0.000
0.000
0.000
0.000
5.588
7.469
0.067
0.323
11.287
32.626
0.309
3.342
2.934
10.341
6.173
4.523
0.618
12.971
19.067
0.245
13.935
0.144
3.474
27.172
3.266
5.639
14.722
9.616
2.788
0.487
0.079
0.000
0.058
0.100
0.228
21.113
0.920
4.015
54.947
39.003
35.666
6.089
8.581
5.454
8.264
15.617
20.302
0.972
3.996
1.535
3.040
1.947
4.971
21.183
7.764
7.006
8.903
7.094
6.511
3.008
18.938
0.110
8.830
13.754
1.112
34.787
13.498
21.425
2.402
4.350
17.323
9.238
3.874
5.414
1.120
34.578
1.126
2.202
0.203
2.469
0.000
0.003
2.693
11.015
0.436
6.358
0.434
9.570
10.506
4.405
2.391
13.067
11.561
6.619
0.204
0.000
0.000
3.292
4.333
9.153
0.003
7.498
11.752
0.257
1.215
1.916
0.793
3.856
3.823
7.975
0.812
8.633
2.711
4.815
24.578
25.682
11.870
10.574
1.814
6.206
1.931
17.396
11.549
15.487
4.922
2.850
14.842
2.917
8.348
3.183
2.017
9.021
12.955
0.862
12.911
9.429
6.757
0.580
10.650
6.705
10.065
12.878
9.265
15.062
0.268
0.000
1.188
10.180
0.930
4.480
1.991
3.124
4.316
0.522
0.707
16.150
7.982
25.866
1.061
4.271
0.007
2.455
7.965
18.522
0.642
0.395
6.238
3.619
3.897
1.208
7.316
5.641
0.000
0.343
8.899
7.275
5.407
0.093
0.000
0.000
0.000
2.024
1.699
1.651
2.365
7.436
9.084
1.339
0.000
0.000
0.000
0.000
0.000
0.000
0.089
0.000
8.432
8.010
13.475
3.619
7.931
2.870
0.209
0.000
0.000
0.000
0.000
0.000
0.000
0.000
2.211
0.000
1.944
3.687
6.573
0.010
0.000
0.000
0.000
0.111
0.000
0.216
0.000
3.603
0.000
0.000
0.000
1.284
0.000
0.000
0.000
0.000
0.927
0.000
0.000
0.000
0.000
0.000
0.000
0.000
0.000
0.144
0.000
0.000
0.000
0.000
0.000
0.000
0.000
0.000
0.000
0.409
0.000
0.045
0.007
0.000
0.000
0.117
0.000
0.000
0.000
0.000
0.000
0.000
0.000
0.000
0.000
0.000
0.000
0.000
0.069
0.275
6.667
0.000
0.000
0.000
0.000
0.000
0.000
0.000
0.000
3.771
0.000
0.000
0.000
0.000
0.000
0.000
0.000
0.014
0.003
0.000
0.000
0.000
0.000
0.000
0.000
0.000
0.000
0.000
0.000
0.000
0.326
2.606
0.134
0.000
0.000
0.000
0.000
0.000
0.000
0.000
0.000
0.400
0.371
0.000
0.000
0.000
0.000
0.000
0.000
0.391
0.136
2.511
3.725
0.000
0.000
0.000
0.000
0.000
0.000
0.000
0.000
0.000
0.000
0.000
0.000
0.000
0.621
0.000
0.000
0.000
13.812
10.592
35.019
0.017
0.000
0.000
1.174
9.213
8.841
0.410
6.190
16.653
5.655
5.888
2.120
0.869
16.543
3.395
4.101
8.583
0.843
6.276
4.745
0.000
7.694
6.556
9.173
7.414
11.767
4.351
0.007
12.552
0.010
0.000
0.000
0.000
3.161
1.002
13.740
21.609
19.887
2.915
0.666
1.825
3.045
9.975
11.515
15.578
6.590
26.824
13.290
19.617
4.368
5.807
13.664
1.466
9.457
14.464
1.009
0.072
0.000
0.000
1.950
0.065
0.824
41.358
73.634
0.003
0.000
0.621
3.613
8.805
9.747
113.974
11.158
6.729
4.522
12.085
0.618
0.937
10.286
11.058
3.248
8.199
16.088
12.088
6.108
34.561
56.703
7.996
1.837
3.965
6.760
17.861
16.692
11.900
16.761
50.561
2.795
10.238
17.019
7.289
10.413
5.878
9.053
1.360
4.479
11.409
1.871
7.732
1.421
2.225
5.593
9.088
6.729
4.110
2.592
3.001
5.067
15.295
24.036
7.505
10.928
71.888
6.260
17.537
15.697
15.965
16.390
17.393
7.694
15.264
22.876
7.622
10.542
4.511
7.445
12.857
0.814
0.807
0.000
0.608
0.427
0.244
12.638
11.302
12.502
5.255
1.947
0.098
0.520
0.577
9.350
9.460
1.352
3.577
5.483
9.914
19.942
0.679
5.545
1.366
3.486
0.755
15.578
15.199
7.905
12.404
8.846
3.849
11.103
10.331
12.136
4.820
6.351
21.780
9.544
7.673
8.521
4.305
12.234
53.037
19.600
0.038
0.000
0.364
0.024
5.026
2.424
4.037
6.018
6.327
13.668
7.690
13.285
11.125
5.342
5.430
11.824
5.984
5.632
10.863
7.323
2.624
6.604
4.522
7.574
4.513
2.641
1.945
5.849
1.410
2.640
4.317
0.122
0.000
0.000
0.000
0.281
6.312
0.400
7.787
7.026
0.843
5.708
0.103
0.000
1.686
1.778
0.000
0.000
0.000
0.055
0.010
0.706
1.982
0.324
0.007
4.807
0.385
0.142
5.354
0.000
2.039
8.272
21.576
0.127
0.000
2.208
1.852
0.639
1.171
0.839
7.306
1.363
0.113
1.308
0.000
2.741
1.816
2.438
0.000
0.000
0.000
0.000
0.000
0.000
0.000
0.000
0.000
2.190
4.467
1.598
0.481
0.000
0.000
0.000
0.000
0.000
0.000
0.000
0.000
0.000
0.000
0.000
0.000
0.000
0.000
0.000
0.000
0.000
0.000
0.000
0.000
0.151
0.000
0.000
0.000
0.000
0.000
1.995
0.000
0.000
0.000
0.000
0.000
0.000
0.000
0.000
0.000
0.000
0.000
0.000
0.000
0.000
0.297
0.041
0.100
0.014
0.000
0.000
0.000
0.000
0.000
0.000
0.000
0.000
0.051
0.007
0.000
0.000
0.010
7.427
0.257
0.000
0.003
1.109
3.670
3.368
0.920
0.068
0.000
0.000
0.000
0.000
2.436
0.201
0.129
0.000
0.000
0.074
0.007
0.000
0.000
0.000
0.000
0.482
0.000
0.007
0.069
0.050
0.975
0.000
0.000
0.000
9.072
0.050
0.031
0.003
0.000
0.000
0.000
0.127
0.000
0.000
0.000
0.295
12.339
0.048
0.000
0.000
0.506
1.084
3.862
51.938
0.000
5.901
11.849
2.759
2.553
0.000
0.000
4.084
0.000
0.000
1.857
2.452
1.871
2.427
7.411
47.732
0.027
9.591
9.459
2.785
0.160
7.663
5.110
0.000
0.000
13.673
2.448
10.128
0.350
0.069
18.148
11.877
6.736
3.921
7.800
10.279
1.442
11.288
17.544
15.432
2.077
5.260
1.845
10.451
12.270
10.351
0.539
2.793
0.021
0.007
8.844
0.000
0.000
0.024
0.934
0.000
1.222
0.045
0.000
0.000
0.000
0.000
0.549
0.062
5.407
2.654
8.506
0.621
4.110
10.629
12.758
7.443
7.773
13.511
3.181
0.041
8.068
6.224
1.250
8.669
13.582
12.600
7.296
1.425
10.643
40.464
11.203
2.826
7.241
1.579
12.415
6.544
1.830
0.989
2.405
20.895
5.251
0.563
0.154
72.396
5.025
2.427
19.168
8.566
3.186
11.381
7.320
3.749
9.064
18.903
15.971
9.132
1.445
0.879
1.912
13.252
13.307
0.220
8.006
2.244
5.026
16.960
10.832
2.111
10.849
5.473
2.606
1.366
6.506
12.730
10.979
0.072
2.012
6.746
11.522
97.021
0.515
11.659
22.398
7.330
2.331
0.443
9.525
1.837
12.796
7.141
10.440
4.911
16.229
9.663
11.557
2.125
2.997
9.748
9.295
8.224
4.836
4.314
3.811
2.494
14.648
1.987
7.237
1.993
12.094
2.462
0.105
8.871
8.361
13.879
4.408
2.319
5.088
0.822
6.935
1.528
5.006
5.735
12.645
1.260
2.791
10.008
0.446
1.523
3.323
4.523
2.266
4.753
2.472
7.018
0.354
2.245
6.434
5.939
0.058
0.000
0.000
0.000
0.000
0.000
0.000
0.065
0.000
0.000
0.000
0.000
0.000
0.000
1.974
4.480
0.000
0.903
0.807
0.000
0.000
0.000
0.000
0.000
0.000
0.000
0.000
0.254
1.820
6.904
1.401
5.042
0.409
1.830
0.000
0.000
0.000
0.000
0.000
0.000
0.000
0.000
0.000
0.000
0.628
5.095
11.150
0.000
0.000
0.000
0.000
0.880
0.283
0.608
1.243
0.010
0.000
0.000
0.000
0.000
0.000
0.000
0.000
0.000
0.000
4.594
0.642
0.000
0.000
0.000
0.000
0.000
0.000
0.000
0.000
0.000
0.000
0.000
0.000
0.000
0.000
0.000
0.000
0.149
0.000
0.496
0.000
0.000
0.000
0.000
0.000
0.000
0.146
0.000
0.000
0.000
0.000
0.000
0.000
0.003
0.000
0.000
0.000
0.000
0.000
0.000
0.000
0.000
0.000
0.000
0.000
0.000
0.000
0.000
0.000
0.000
0.000
0.000
0.000
0.000
0.000
0.000
0.000
0.000
0.000
0.000
0.053
0.000
0.000
0.786
0.151
0.000
0.000
0.000
0.000
0.000
0.000
0.000
0.000
0.328
0.000
0.000
0.661
0.000
1.653
0.544
0.000
0.000
0.000
0.027
0.007
0.000
0.000
0.172
0.021
0.000
0.027
0.025
0.000
3.397
0.463
0.003
0.302
0.884
0.043
0.000
0.000
1.011
0.560
0.089
2.812
0.282
5.134
0.000
0.003
0.000
0.000
0.003
0.000
0.000
0.000
0.000
0.000
0.000
0.000
0.000
8.394
4.089
27.880
0.034
2.064
0.000
0.081
0.000
0.000
0.041
0.007
0.460
0.120
0.000
0.000
0.000
3.085
1.390
6.465
0.000
0.000
0.000
0.158
0.000
0.000
0.000
0.000
0.000
0.000
0.003
0.189
2.232
0.000
0.000
0.000
0.024
6.849
0.134
0.486
0.000
0.405
0.076
1.562
0.021
0.000
0.000
3.318
0.000
0.043
0.000
6.400
9.527
12.131
1.437
6.568
33.560
16.843
68.176
1.694
25.596
18.002
11.918
5.172
4.865
7.543
4.103
9.257
0.003
0.324
2.245
0.500
0.010
3.703
0.100
0.000
4.482
2.386
3.944
0.355
6.841
0.541
4.084
4.756
31.867
3.088
4.419
0.285
1.863
4.000
0.730
12.296
4.305
12.986
1.988
8.326
12.887
0.407
7.725
13.415
18.800
6.563
14.720
82.047
6.487
4.746
0.412
3.219
3.188
8.351
14.710
0.309
0.000
0.000
0.000
5.873
1.559
1.638
15.285
10.482
15.935
14.722
2.420
11.541
1.439
9.131
11.884
30.535
2.238
10.301
5.859
4.964
3.098
11.908
67.935
0.177
1.692
5.976
11.953
5.954
2.508
3.557
4.100
2.820
3.838
0.000
1.360
1.121
0.000
0.000
0.271
0.312
0.000
5.675
8.156
13.601
3.181
0.409
0.000
0.000
5.651
8.178
2.070
6.894
4.207
6.810
1.033
0.000
0.141
5.594
1.461
12.258
7.678
11.683
30.012
2.075
0.003
0.000
3.675
0.544
3.095
2.908
7.557
1.941
0.381
0.000
1.337
3.770
0.565
7.378
0.649
1.571
0.000
0.525
0.000
1.246
0.003
0.209
0.000
0.007
3.205
0.263
0.000
0.000
0.000
0.000
0.000
0.000
0.000
2.983
4.997
0.323
0.000
0.000
0.000
0.000
0.000
0.000
0.000
0.000
0.000
0.000
0.000
0.000
0.000
0.000
0.062
0.000
0.027
4.189
5.078
0.021
0.000
0.000
1.257
0.154
0.000
0.000
0.000
0.000
0.000
0.144
0.000
0.000
0.000
0.000
0.168
0.103
0.000
1.926
0.000
0.000
0.000
0.000
0.000
0.000
0.000
0.000
0.000
0.000
0.000
0.000
0.000
0.000
0.000
0.000
0.000
0.000
0.252
0.379
0.000
0.000
0.060
0.000
0.007
0.000
0.000
0.031
0.191
0.000
0.000
0.000
0.034
0.014
0.000
0.000
0.010
0.000
0.000
0.272
0.203
0.000
0.000
0.623
0.039
0.206
0.113
0.086
0.007
0.117
0.414
1.753
0.000
0.000
0.000
0.000
0.024
0.125
0.000
0.000
0.000
0.000
1.667
0.669
0.141
0.000
0.117
0.000
0.862
0.000
0.007
0.038
0.070
0.118
0.014
0.000
0.000
0.920
2.177
0.000
3.830
1.579
1.563
3.763
4.841
0.984
0.000
0.000
0.735
6.784
0.038
0.000
0.000
9.443
9.687
6.707
8.817
0.920
8.035
7.327
0.165
1.061
18.756
24.542
0.000
0.580
7.886
2.585
44.694
0.000
0.896
6.108
0.312
13.015
13.736
15.913
5.720
0.934
4.031
4.223
18.575
0.076
7.934
0.772
13.417
6.367
9.465
18.366
0.127
15.151
4.755
7.356
0.021
15.824
10.471
0.819
5.764
4.075
10.979
11.676
0.206
10.761
17.909
13.292
12.996
8.126
1.977
22.580
47.995
8.326
0.235
0.000
8.310
11.256
9.052
6.859
15.899
7.470
7.191
0.089
0.000
0.000
0.000
0.062
1.663
4.539
2.252
1.031
0.000
0.021
0.021
0.000
3.341
12.583
8.988
1.102
0.000
8.795
5.970
0.731
15.599
3.271
10.101
13.670
3.825
2.979
5.566
7.712
12.554
11.954
0.640
3.416
10.803
2.017
0.451
2.331
10.764
22.074
37.060
14.596
7.692
10.315
66.079
12.682
13.486
14.040
5.629
10.610
0.647
0.369
6.825
4.597
6.858
0.000
5.560
10.667
4.860
12.085
15.204
11.922
12.876
5.586
10.506
4.952
12.868
9.022
0.493
14.735
7.345
12.206
3.547
7.696
15.442
27.413
10.181
2.022
15.489
8.136
18.747
21.283
15.839
5.303
18.266
0.576
3.356
5.136
6.830
7.701
1.414
2.036
2.925
3.498
3.018
6.396
6.135
2.915
1.119
2.122
11.467
20.150
11.927
0.663
8.226
0.385
11.302
15.292
7.066
14.545
6.025
5.476
6.314
1.614
3.419
0.656
0.364
7.024
4.988
10.101
0.247
1.854
10.337
8.789
2.616
4.058
2.043
1.178
0.000
0.000
2.453
3.928
5.433
0.000
0.834
0.045
4.563
7.093
2.510
2.304
0.750
0.014
0.048
3.159
0.000
0.000
0.048
4.819
7.040
0.249
9.220
0.728
4.652
0.106
0.089
0.532
0.172
4.647
5.349
0.694
0.206
1.478
0.000
0.728
0.000
0.000
0.000
0.000
0.309
0.000
0.000
0.000
0.000
0.000
0.000
0.000
0.000
0.000
0.055
0.038
0.000
0.000
0.000
0.000
0.560
0.000
2.884
1.823
0.000
0.000
0.000
0.000
0.000
0.000
0.000
0.000
0.154
1.099
0.000
0.000
0.000
0.000
0.120
0.000
0.977
0.000
0.000
0.165
0.000
0.000
0.000
0.000
0.000
0.000
0.000
0.000
0.000
0.000
0.000
0.000
0.000
0.000
0.000
0.000
0.000
0.000
0.000
0.000
0.000
0.000
0.003
0.041
0.000
0.014
0.000
0.000
0.000
0.000
1.003
0.000
1.542
3.698
4.459
0.000
0.000
0.000
0.000
0.000
0.000
0.000
0.487
8.072
0.046
0.000
0.292
0.000
0.544
0.000
0.168
1.325
1.554
0.000
0.000
0.017
0.285
0.000
0.000
0.077
0.134
5.234
37.496
0.419
0.278
3.795
7.579
1.488
0.024
0.000
1.088
0.000
0.540
0.000
10.609
0.980
6.653
0.000
0.000
13.269
0.530
10.678
0.120
0.148
1.251
30.909
2.123
6.842
0.000
4.737
1.320
15.649
10.107
4.432
33.520
20.163
6.846
7.505
1.401
2.335
0.055
0.000
0.010
4.911
6.873
3.780
24.247
7.203
6.286
0.031
11.553
1.353
1.078
0.518
7.816
8.082
4.803
0.304
0.000
0.000
0.000
1.974
7.472
10.914
0.606
2.475
3.969
1.033
0.659
2.293
9.168
0.803
0.031
0.144
4.271
14.317
10.375
12.111
2.050
2.304
5.768
6.520
14.591
15.501
2.166
8.425
9.053
0.615
9.050
12.761
11.961
1.785
1.507
0.141
8.046
0.000
0.000
0.000
0.000
0.000
0.900
0.621
0.058
0.000
0.000
0.826
0.611
6.036
3.088
0.021
1.246
27.397
0.625
0.041
6.176
13.709
2.122
5.076
2.372
7.680
14.928
0.086
0.896
8.556
5.296
5.950
0.240
17.523
13.489
3.547
0.316
3.704
11.203
12.094
12.174
5.812
2.044
18.797
9.965
9.730
12.840
11.814
0.992
16.689
10.197
2.802
6.496
11.759
2.829
0.010
9.398
7.351
11.924
12.131
7.416
15.007
0.848
9.380
10.652
18.749
12.693
4.590
3.931
10.828
0.862
7.150
12.720
4.247
5.265
10.022
3.100
32.925
2.867
8.408
5.517
18.430
13.091
2.671
0.364
0.213
2.925
2.139
7.957
23.686
3.828
8.892
4.350
17.685
11.587
12.277
12.085
18.229
3.625
0.532
7.775
21.574
2.973
0.288
0.000
0.000
0.000
0.209
0.000
1.095
5.555
10.310
0.978
15.290
4.199
5.273
2.547
0.518
0.199
1.885
5.977
11.570
4.630
6.844
2.087
7.248
4.592
27.639
0.000
0.335
0.024
0.000
7.611
2.125
3.643
1.699
2.173
0.000
0.000
0.245
0.000
0.000
0.136
0.534
0.031
2.106
0.343
14.631
8.669
5.582
0.695
11.016
7.272
0.024
2.757
2.256
5.685
0.594
2.558
0.058
6.571
0.542
0.017
0.000
0.000
0.048
0.000
0.000
0.000
0.000
0.000
3.876
1.610
6.441
0.000
3.351
2.293
0.014
0.000
2.103
0.007
2.997
0.000
0.000
0.000
0.000
0.000
0.000
0.000
1.351
0.000
0.000
1.123
0.000
0.000
0.000
0.000
0.000
0.000
0.000
0.000
0.000
0.000
0.000
0.000
0.000
0.000
0.000
0.048
0.000
0.000
0.000
0.000
0.000
0.000
0.000
0.000
0.000
0.000
4.065
0.845
17.249
3.368
0.278
0.000
0.000
0.000
0.000
0.000
0.000
0.000
0.000
0.000
0.000
0.000
0.000
20.744
6.587
5.397
0.000
0.000
0.000
0.000
0.000
0.000
0.000
0.000
0.007
0.000
1.411
0.000
0.000
34.826
3.366
3.097
0.000
0.000
0.000
0.000
0.000
0.000
0.524
1.353
0.000
4.283
9.491
12.547
0.000
0.000
0.000
1.945
4.849
1.191
28.923
2.328
0.134
0.378
8.060
0.165
15.704
7.622
13.788
1.452
6.492
0.000
5.946
0.082
0.220
0.041
0.000
0.000
0.000
0.000
0.000
0.000
0.000
0.007
0.000
0.673
0.000
0.000
2.872
8.470
0.014
1.208
10.737
14.777
60.322
0.934
0.242
0.000
7.643
10.305
0.000
0.000
10.352
4.849
3.553
7.592
9.731
0.342
1.233
0.299
0.000
6.406
15.189
0.287
0.000
11.227
0.654
0.822
14.116
2.954
3.959
0.297
4.370
6.254
5.205
5.749
11.125
11.802
10.607
1.402
7.086
0.397
4.041
4.707
17.103
6.847
2.798
1.634
13.611
14.337
6.370
19.822
1.269
1.007
0.000
0.000
6.382
6.824
1.713
0.000
0.136
2.611
7.714
6.856
7.747
6.926
2.494
4.614
1.123
11.814
11.735
9.326
10.590
9.299
11.314
9.628
16.641
1.754
8.621
47.730
0.560
4.225
1.114
4.504
1.033
3.179
16.783
2.189
2.438
1.508
3.758
0.062
0.669
5.531
5.117
0.007
0.000
1.387
3.141
4.704
1.739
11.197
28.008
5.042
4.214
1.483
0.412
6.214
9.122
13.136
18.749
15.872
27.734
1.899
6.376
1.559
0.000
0.000
0.000
0.000
3.763
1.583
5.085
11.464
1.789
10.470
0.252
12.691
15.698
31.488
1.445
0.749
0.103
11.343
1.363
4.166
11.047
15.406
11.400
10.246
12.353
2.178
3.190
6.569
20.742
4.848
12.058
8.993
13.626
12.087
12.533
5.107
0.091
8.046
12.274
15.074
14.002
5.483
12.825
34.391
0.441
11.397
4.597
8.041
17.956
10.935
4.338
6.551
11.834
2.094
6.363
1.533
7.120
14.541
15.027
2.817
3.766
6.840
7.598
25.480
2.278
3.250
4.486
1.414
6.187
12.693
0.213
2.568
12.027
0.930
0.594
0.268
0.003
0.350
0.000
0.000
0.000
1.281
11.628
0.450
0.000
0.000
0.000
0.007
0.000
0.051
2.328
4.834
8.387
9.259
6.494
0.460
0.000
0.000
2.002
0.862
5.455
2.990
0.000
0.000
0.000
2.472
5.342
0.113
3.679
1.653
0.000
0.419
0.230
0.000
0.000
0.000
0.000
0.000
2.264
0.359
0.000
7.999
0.000
0.654
0.623
0.663
0.278
0.000
0.021
0.000
0.984
3.419
0.000
0.000
0.218
1.944
0.000
0.000
0.000
0.000
1.277
0.412
0.000
0.000
3.466
3.200
5.541
0.201
0.000
0.000
0.000
0.000
0.000
0.894
0.615
0.000
0.000
0.000
0.000
0.000
0.000
0.000
0.000
0.000
0.000
0.000
0.000
0.319
0.000
0.000
0.000
0.000
0.003
0.000
0.007
0.788
1.389
2.163
1.289
1.735
0.000
0.000
0.379
4.589
0.014
0.000
0.168
0.165
0.115
14.584
0.000
0.000
0.000
0.000
1.178
0.000
0.000
3.193
0.072
6.424
0.642
0.141
0.000
0.000
0.000
0.000
0.000
1.293
0.397
0.003
0.253
0.000
0.000
0.000
0.000
0.204
2.570
4.594
0.066
0.000
2.055
11.151
2.384
11.884
4.876
8.413
5.086
0.244
1.427
0.221
4.468
2.977
19.305
13.017
0.000
1.788
0.000
0.355
0.000
0.623
0.062
73.147
0.748
0.024
0.127
0.014
0.000
0.000
0.022
20.532
0.651
2.216
10.565
4.193
9.253
3.406
1.670
14.827
26.026
96.089
0.230
0.000
0.000
0.665
9.641
2.214
18.177
7.911
3.854
4.399
6.858
11.357
15.865
3.407
2.465
5.390
2.735
10.240
0.639
0.711
4.329
0.000
3.002
6.297
5.784
12.694
4.635
8.020
0.400
0.000
0.000
2.745
3.080
17.290
0.367
8.785
9.521
7.654
1.322
6.501
3.800
9.893
9.908
2.053
4.576
3.238
9.307
34.834
141.399
4.314
6.927
7.363
2.559
7.051
3.287
8.356
8.676
2.517
3.993
6.949
5.411
7.395
0.055
6.669
5.213
1.670
4.288
1.595
0.000
4.216
18.979
0.542
2.142
6.073
4.398
13.942
2.592
0.261
2.328
3.193
3.557
8.319
16.843
4.240
8.228
17.980
29.577
0.031
0.021
0.000
4.719
2.795
1.938
12.696
5.136
2.252
44.810
14.076
11.687
0.821
2.802
14.265
1.770
0.716
22.549
7.694
2.292
0.587
12.097
1.305
18.766
0.951
6.908
10.626
4.559
26.343
0.900
4.161
33.086
8.260
5.188
1.339
9.441
8.545
1.912
0.151
0.000
11.041
20.524
8.583
4.316
3.313
7.299
9.895
3.842
4.185
1.998
0.656
4.111
8.175
2.365
3.495
11.721
6.856
1.179
2.414
6.053
2.494
1.603
1.459
9.780
2.532
4.190
1.876
1.308
2.220
2.378
0.223
1.618
3.747
4.520
8.317
10.358
9.781
9.199
1.615
12.494
17.830
17.027
6.209
0.034
0.010
0.110
0.278
0.000
0.000
0.000
0.536
3.160
4.467
8.909
3.761
0.316
1.786
0.000
1.720
0.048
0.000
0.397
0.103
1.547
0.000
1.814
4.146
4.364
6.339
0.082
0.000
3.394
10.042
2.298
2.528
0.415
1.904
0.000
1.112
0.000
2.250
3.790
0.000
0.000
0.000
0.000
0.007
0.003
0.989
0.000
0.000
1.885
0.048
0.000
0.000
0.000
0.000
0.000
4.812
0.000
0.000
0.000
0.000
0.000
0.000
6.896
3.115
0.000
0.000
0.000
0.000
0.000
0.000
2.069
0.000
0.000
0.000
0.000
0.000
0.000
0.000
0.000
0.000
0.000
0.965
0.144
0.333
0.000
0.000
0.000
0.000
0.000
0.000
0.000
0.000
0.000
0.000
0.000
0.000
0.000
0.000
0.000
0.000
0.000
0.000
0.000
0.000
0.000
0.000
0.000
0.000
0.000
0.000
0.000
0.000
0.000
1.799
6.746
6.362
2.489
0.000
0.000
0.700
0.000
0.000
0.000
0.000
0.000
0.000
0.017
0.000
0.839
0.000
0.000
0.000
0.000
0.379
0.062
1.354
0.176
0.000
0.062
0.604
0.000
0.101
0.072
0.000
0.000
0.000
0.000
0.000
0.000
0.000
0.000
0.000
0.132
0.108
0.000
0.000
0.007
0.318
0.000
0.000
0.000
0.000
0.247
1.449
1.954
0.072
0.522
0.000
0.000
0.000
0.000
2.063
5.888
0.240
12.449
2.750
0.000
0.000
0.395
0.000
1.119
14.476
3.492
12.823
0.312
1.495
10.303
18.769
0.285
0.079
2.268
9.456
0.599
1.033
6.996
16.296
2.788
3.849
0.268
10.871
5.731
4.074
0.329
6.872
9.577
21.058
14.823
13.872
7.568
9.630
8.889
5.907
7.033
14.143
1.128
0.014
0.000
2.405
9.510
69.818
12.305
1.092
15.268
1.857
9.177
17.115
7.127
3.886
0.000
2.719
3.371
4.868
0.587
9.692
14.014
7.862
4.649
23.427
15.463
4.728
1.789
5.071
49.452
78.968
3.492
0.089
0.000
0.108
0.216
0.014
0.000
0.172
6.479
7.478
1.095
1.727
2.468
1.727
1.667
8.532
12.356
21.808
16.246
17.104
4.590
41.515
56.229
3.135
6.578
26.096
129.944
2.781
5.304
3.136
9.489
37.604
12.947
12.600
20.613
6.190
5.674
19.336
16.129
1.820
10.631
7.760
3.251
12.603
9.617
15.444
67.601
1.909
8.658
13.181
15.651
2.608
2.150
13.542
11.688
21.378
6.972
0.712
1.457
10.283
12.593
9.926
11.217
26.877
13.960
13.268
2.396
39.015
0.817
9.397
6.303
9.242
2.863
2.575
27.892
0.446
9.754
13.022
13.424
13.051
20.222
6.382
8.099
9.076
12.391
20.761
22.910
1.239
10.815
6.242
4.082
5.043
7.970
3.663
6.583
9.828
1.924
13.863
13.271
15.298
6.838
14.989
11.089
10.762
1.822
10.166
5.957
3.154
4.889
8.851
45.171
19.866
0.038
0.038
0.000
2.077
1.909
3.210
4.827
3.438
5.510
0.201
0.031
1.075
0.055
0.027
0.000
0.000
0.000
0.000
2.642
0.328
0.000
0.000
0.000
0.000
0.000
0.000
0.000
0.000
0.000
0.000
0.000
0.681
3.789
4.513
0.534
1.527
0.000
0.000
0.000
0.081
0.000
0.000
3.524
1.718
4.316
0.003
1.875
0.000
1.535
5.507
5.620
0.000
0.000
0.010
4.851
0.735
0.913
2.953
0.000
0.000
0.000
0.000
0.000
0.000
1.538
0.000
0.000
0.000
0.000
0.000
0.000
0.000
0.000
0.000
0.000
0.000
0.000
0.000
0.000
0.000
0.000
0.000
0.000
0.000
0.000
0.000
0.000
3.529
1.681
0.000
0.000
0.000
0.000
0.000
0.000
0.422
0.010
0.000
2.062
0.010
0.000
0.318
0.000
1.214
0.000
0.000
0.000
0.000
0.000
0.000
0.000
0.000
0.000
0.000
0.174
0.000
2.451
0.000
0.223
0.000
0.000
0.257
0.158
0.000
0.000
0.179
0.000
0.000
0.000
0.000
0.000
0.094
2.110
0.017
0.034
0.316
0.034
0.000
0.257
3.054
0.017
0.000
0.000
0.000
0.100
3.083
5.982
0.264
0.000
0.000
0.000
0.211
0.072
1.152
7.251
0.000
0.000
0.039
0.694
7.035
2.014
0.000
0.000
0.154
2.173
0.000
0.033
7.696
2.108
6.377
2.262
3.171
0.070
1.799
7.364
0.000
3.955
18.708
15.707
10.667
2.472
16.191
3.984
10.895
2.103
4.281
12.072
1.387
1.612
0.000
0.103
0.000
0.000
0.000
11.870
15.153
5.768
0.103
21.765
5.150
6.010
1.033
1.196
19.012
9.392
0.297
18.186
15.990
0.560
0.000
0.467
0.000
2.673
7.878
3.033
4.043
11.879
0.024
1.101
6.348
12.878
2.299
20.344
4.607
3.653
3.910
7.097
19.054
17.084
12.294
5.339
9.840
50.947
2.226
15.432
4.202
17.794
1.119
4.762
11.247
5.737
2.443
2.391
9.647
6.794
6.760
57.287
44.536
19.604
1.868
1.116
0.000
4.837
11.093
1.051
10.768
7.532
1.490
5.596
22.725
5.836
0.189
1.265
2.987
2.323
2.961
1.675
5.708
11.606
6.255
5.435
13.299
10.954
6.395
5.052
1.263
14.444
11.354
21.763
13.623
5.015
4.559
4.535
0.706
3.631
0.118
6.427
0.261
0.058
4.050
2.238
14.487
2.554
2.698
0.000
0.000
10.106
1.602
4.247
19.650
2.822
1.802
17.592
5.258
2.474
2.570
0.031
8.647
10.413
7.948
1.396
18.842
12.257
15.819
12.597
1.694
5.497
17.043
6.801
16.666
18.979
20.769
5.016
25.895
12.554
11.405
5.691
20.342
33.407
8.068
0.779
1.399
4.123
19.438
5.270
9.131
0.000
9.402
12.910
14.440
7.287
6.436
14.370
15.335
153.055
13.489
4.616
11.395
96.748
5.321
2.135
6.588
9.428
4.921
9.841
6.198
54.718
1.903
8.176
8.716
2.325
1.767
10.901
7.153
4.047
2.814
4.011
7.291
4.364
2.555
11.589
5.540
11.759
3.089
5.170
1.197
0.000
0.000
5.246
1.054
7.714
5.390
0.978
0.000
3.353
0.875
4.731
0.271
0.000
0.000
0.000
1.071
0.841
2.644
9.998
0.405
9.692
1.919
1.493
1.507
2.098
3.934
0.000
0.000
0.000
0.000
0.007
0.446
0.000
0.199
0.000
3.121
0.992
0.000
0.000
0.000
0.000
0.000
0.000
0.000
0.000
2.111
0.000
0.000
0.000
0.000
0.017
0.000
0.000
0.333
0.021
0.000
0.000
0.000
0.000
0.000
0.000
0.000
0.000
0.000
0.000
0.000
0.000
0.000
0.829
0.000
0.000
1.766
4.446
5.788
1.421
0.000
0.000
0.000
8.827
1.708
0.000
6.032
0.000
0.990
0.000
0.000
2.292
0.285
0.896
0.000
0.000
0.000
0.000
0.000
0.000
0.000
0.000
0.000
0.000
0.000
0.007
0.000
0.000
0.070
1.378
0.000
0.000
0.000
0.000
0.189
1.030
0.000
0.000
0.000
0.000
0.000
0.000
0.000
0.000
0.000
0.853
3.708
1.691
0.316
0.000
0.000
0.000
0.000
0.000
0.216
0.323
1.195
1.868
0.515
0.537
0.000
0.000
0.000
0.148
1.456
0.000
0.000
0.000
0.017
4.372
8.631
0.000
0.000
0.477
5.936
0.000
0.000
0.000
1.381
0.003
5.335
0.000
0.000
0.165
0.508
0.299
3.989
15.855
2.180
0.385
3.358
0.518
9.946
13.874
44.374
7.565
10.646
14.313
15.656
9.891
12.071
0.419
3.787
7.000
0.268
9.949
5.660
12.227
8.755
34.099
0.000
0.000
9.482
8.059
83.985
0.187
12.250
17.978
10.636
7.251
0.190
3.294
15.443
7.926
7.057
12.825
7.366
19.072
0.432
3.292
38.514
6.048
3.811
0.976
3.856
9.968
6.401
4.662
0.000
11.739
4.635
3.770
9.956
8.865
7.619
7.397
15.817
0.769
0.000
1.196
16.502
15.449
2.772
6.767
8.995
21.842
25.186
104.585
10.049
12.236
13.460
3.864
12.338
2.920
8.722
8.324
7.625
2.840
12.118
7.313
6.159
5.490
3.577
12.265
0.292
4.988
1.140
3.169
9.029
6.952
9.584
6.472
17.475
8.889
25.790
91.465
20.702
3.591
9.311
16.740
8.514
2.745
7.189
5.219
4.266
1.075
3.486
13.053
0.553
15.000
20.596
16.644
38.965
5.077
1.564
13.808
2.323
2.004
6.109
21.142
12.997
10.604
10.857
16.804
40.716
3.556
7.629
12.039
1.841
14.266
6.774
44.151
16.209
3.202
6.116
4.013
4.580
2.426
10.680
9.533
12.316
4.512
1.403
11.182
2.230
6.686
8.877
8.511
6.279
13.754
16.108
13.839
15.144
31.545
12.839
1.013
0.609
0.233
6.621
8.956
4.458
18.376
12.466
21.475
20.011
17.564
20.514
19.425
12.487
0.668
9.237
4.261
3.086
2.554
47.499
15.326
11.373
0.130
0.041
3.727
6.173
1.078
3.411
0.603
3.831
13.313
13.106
6.363
1.620
0.086
0.230
3.176
4.952
8.702
6.326
4.398
5.273
14.835
20.047
19.349
14.854
6.451
2.151
2.355
0.573
0.031
0.000
0.000
0.000
0.000
0.036
15.889
8.037
9.771
1.516
0.316
0.130
0.000
0.884
1.562
6.170
1.744
4.219
4.243
3.469
4.192
3.955
0.882
3.214
5.328
13.699
8.889
86.864
2.637
0.000
0.000
0.000
0.000
0.000
0.000
0.000
1.634
0.062
13.184
6.345
4.264
4.467
2.935
5.919
5.091
0.000
0.000
0.000
0.000
0.141
2.520
0.048
0.000
0.000
0.000
0.000
0.000
0.000
0.000
0.000
0.000
0.000
0.000
0.000
0.000
2.354
0.000
0.000
4.760
0.079
0.000
0.000
0.268
0.000
0.000
0.000
0.000
0.000
0.000
0.000
5.891
0.000
0.187
3.997
0.000
0.000
0.003
0.000
5.677
4.185
5.966
0.017
2.166
5.730
0.000
0.843
0.908
0.055
10.234
0.000
1.814
0.000
0.000
0.000
0.601
0.000
0.000
0.000
1.037
0.000
6.848
0.161
0.000
0.000
0.000
0.000
0.000
0.000
0.000
0.000
0.000
0.000
0.000
0.000
4.268
13.235
5.766
7.903
0.278
0.000
0.433
0.000
0.000
0.141
0.402
0.000
0.000
0.000
0.000
0.000
2.225
38.263
1.277
0.000
0.000
0.000
21.125
0.391
0.000
1.607
4.885
0.000
0.010
0.000
0.014
8.077
29.848
2.460
0.000
0.000
0.000
0.000
2.022
10.626
4.449
14.179
5.116
3.660
13.455
13.791
11.097
7.851
3.267
4.225
1.801
4.199
22.684
92.967
14.095
13.831
0.939
0.000
10.054
15.467
21.617
16.969
0.000
0.572
0.678
9.199
0.000
4.940
0.000
11.844
22.156
7.162
8.176
6.456
7.320
0.443
1.361
0.810
0.087
15.961
25.566
22.105
6.466
4.266
7.550
14.973
4.333
11.146
3.201
16.062
14.308
1.003
0.113
7.443
6.372
2.862
7.577
13.451
15.769
24.548
17.455
15.348
17.609
5.335
6.056
7.742
11.556
14.900
1.289
18.309
18.230
11.398
0.783
9.115
4.688
12.076
12.531
16.435
13.008
17.628
21.980
5.061
10.851
4.959
0.070
9.976
28.685
4.820
48.759
100.717
16.193
14.152
9.329
6.075
8.121
8.571
9.936
17.061
6.334
6.592
5.086
0.292
0.666
8.887
10.763
16.416
81.728
4.134
15.123
2.615
16.318
3.419
10.380
6.866
5.400
6.267
6.671
4.630
10.454
18.931
58.988
11.237
4.487
0.436
13.417
6.290
13.523
3.234
0.467
5.301
5.164
4.257
3.833
3.341
19.758
2.832
2.487
12.614
21.289
15.034
3.878
5.145
8.202
17.743
9.524
8.535
3.471
14.141
22.381
16.413
22.416
5.201
9.435
20.836
6.412
36.409
12.442
53.764
17.430
9.040
2.716
2.287
9.023
15.611
22.589
8.729
18.481
3.282
1.336
13.541
3.818
2.287
7.886
9.568
2.036
10.274
24.410
10.646
3.409
4.910
11.385
10.185
15.858
5.668
0.587
21.928
2.214
13.366
19.291
12.518
7.536
0.206
6.925
4.298
19.161
3.543
2.877
1.140
7.220
7.694
7.179
7.706
5.327
10.228
15.223
11.295
26.244
3.464
2.606
10.667
1.346
6.568
1.109
11.429
6.839
2.678
0.000
4.343
2.259
0.062
7.337
5.874
12.284
0.855
7.361
1.497
2.647
9.098
5.672
1.353
4.609
3.073
1.105
0.000
0.000
0.000
0.000
0.000
6.921
3.227
6.964
1.915
0.000
0.000
0.000
0.488
0.488
6.065
0.017
4.492
0.443
1.294
4.794
8.767
15.474
0.312
0.000
0.151
0.000
0.000
1.174
0.990
4.856
5.766
0.027
0.027
0.980
4.527
0.065
0.000
0.000
0.342
2.980
0.014
0.141
0.000
0.000
0.000
0.000
0.000
0.000
0.041
0.594
8.262
2.078
0.192
1.955
0.000
0.390
0.191
0.000
0.000
2.649
10.731
0.319
0.000
0.000
0.000
0.000
1.042
4.952
0.000
0.000
0.000
0.000
0.000
0.000
0.000
2.971
0.000
0.000
6.751
0.438
0.000
0.000
4.659
4.321
0.352
1.315
0.000
0.000
0.000
0.000
0.000
10.537
1.892
2.520
0.048
0.000
0.000
0.010
10.372
0.000
0.000
0.000
0.000
0.120
0.165
1.857
0.024
0.975
2.839
1.332
3.447
12.288
7.055
0.000
0.000
0.000
3.248
4.456
0.875
0.000
0.000
1.188
4.820
0.038
1.449
6.921
9.531
3.329
0.539
0.151
2.602
3.907
21.022
20.445
10.664
27.922
24.884
0.144
0.000
11.615
5.255
17.661
14.715
8.030
4.364
4.154
4.999
5.243
0.213
0.841
12.981
0.034
9.965
10.291
35.903
9.962
5.567
4.932
9.074
5.287
4.058
11.870
3.387
0.000
1.437
10.412
4.328
10.432
5.145
1.004
9.774
13.848
23.842
6.307
0.838
6.312
12.451
15.340
97.304
4.492
6.868
15.467
3.747
5.421
3.595
3.480
6.321
13.534
1.524
8.600
4.923
1.638
4.944
10.128
2.005
2.359
8.207
134.538
67.635
2.170
7.903
11.410
17.441
29.416
35.668
4.443
7.416
19.580
7.265
1.833
1.787
0.038
0.000
0.000
26.398
47.183
1.375
0.000
8.411
13.103
2.946
19.782
5.766
3.490
5.754
23.293
10.791
9.766
14.171
5.634
3.291
5.562
16.016
21.777
3.129
16.476
4.113
3.105
14.986
6.911
7.278
28.978
0.702
10.399
9.659
19.426
6.770
3.943
0.459
5.388
15.211
16.955
12.594
4.140
2.568
9.484
17.005
85.400
2.565
10.569
8.358
11.724
13.850
28.588
9.307
12.281
10.396
11.682
21.656
10.382
55.817
3.732
5.871
16.773
18.363
12.078
5.466
2.989
7.138
7.541
21.142
5.528
10.279
8.039
7.249
12.782
10.039
12.391
9.040
11.457
8.154
5.026
7.062
16.902
9.132
5.067
4.216
8.047
5.565
15.697
11.536
10.885
0.275
10.894
14.499
6.333
0.182
0.000
0.000
0.000
0.000
0.000
0.000
4.190
6.351
5.234
8.456
5.028
9.372
14.530
3.977
7.105
8.113
1.263
0.524
7.658
6.236
9.005
2.905
18.898
23.950
1.504
0.000
6.654
16.126
2.314
0.206
7.354
8.065
17.104
0.000
0.000
0.000
0.000
0.000
0.000
0.000
0.805
5.955
10.022
2.135
2.990
0.645
0.003
0.007
8.798
21.317
17.458
0.711
0.000
1.813
4.189
0.038
0.534
0.000
2.163
14.710
0.379
0.000
0.000
0.000
0.000
0.000
0.000
0.000
0.000
0.000
0.027
0.000
2.712
2.123
0.038
2.977
0.000
0.000
0.000
0.429
0.000
0.000
0.000
0.000
0.000
0.000
0.000
0.000
0.000
0.000
1.245
0.031
5.122
1.815
0.965
3.488
0.000
0.204
10.095
0.407
0.321
0.494
0.498
0.000
0.000
0.000
0.000
0.000
0.000
0.000
2.896
0.000
0.000
0.000
0.000
0.000
0.797
0.707
0.089
0.000
0.000
0.000
0.000
0.000
0.000
0.000
0.000
0.000
0.000
0.000
0.000
0.000
0.000
0.000
0.000
0.000
0.000
0.000
0.000
0.000
0.000
0.000
4.051
2.499
0.000
1.796
7.986
0.827
4.214
0.093
9.349
4.264
0.093
0.000
0.000
0.000
0.000
0.000
0.000
0.000
0.457
121.457
0.014
0.100
0.175
1.387
0.000
0.000
0.000
0.000
0.010
0.635
0.196
0.000
0.000
0.000
0.027
0.000
0.057
1.993
0.000
0.031
1.040
2.232
3.162
0.031
9.622
4.876
0.103
0.000
0.280
10.887
8.513
4.171
18.675
4.297
1.095
0.000
0.649
8.923
12.548
11.342
15.357
0.438
6.903
9.114
30.600
15.736
12.976
0.000
0.000
0.101
5.636
8.051
4.319
5.297
18.309
50.705
37.141
0.227
0.295
3.203
16.778
10.585
17.276
4.692
0.292
9.057
3.519
16.866
1.998
9.462
172.803
12.346
6.533
5.733
44.756
32.066
9.644
12.765
20.345
35.561
1.081
0.000
0.000
2.057
13.960
14.849
1.243
5.871
0.000
1.624
5.524
0.031
0.000
9.479
7.340
19.679
15.578
27.504
3.389
14.739
3.220
16.026
10.004
20.387
19.552
7.302
0.093
0.175
2.671
4.189
8.792
10.523
11.141
8.820
39.980
8.494
5.967
2.959
2.352
4.717
3.955
5.902
10.722
7.560
3.504
1.698
2.448
1.356
14.765
4.075
2.127
3.838
17.891
24.118
8.707
9.160
12.214
9.031
22.285
5.943
0.252
12.116
7.972
28.534
7.031
11.223
7.217
12.670
18.934
13.235
11.544
15.003
4.219
0.803
15.221
12.597
8.398
6.839
1.523
3.064
1.605
7.103
131.235
54.721
3.763
5.509
4.678
18.121
32.942
62.395
4.752
11.821
1.960
8.585
2.997
2.316
7.661
1.049
9.749
42.898
15.207
2.688
3.871
5.000
16.481
11.417
2.032
9.984
15.913
27.289
15.728
9.754
16.208
8.920
5.991
2.153
0.711
0.812
4.855
8.803
12.418
42.850
10.231
9.901
10.842
140.198
0.017
2.714
4.072
7.697
16.025
15.722
11.388
6.877
9.158
3.299
0.017
9.840
15.556
3.440
16.248
7.793
2.228
3.909
6.142
4.897
13.796
20.706
21.119
0.666
0.000
0.000
0.000
0.141
3.028
1.389
6.339
0.000
1.572
5.232
1.820
0.834
0.000
0.000
0.000
0.000
2.285
6.290
8.199
19.212
1.178
1.559
3.392
0.501
0.000
0.000
0.000
0.000
0.000
0.000
3.080
36.849
3.742
0.415
0.000
0.144
0.000
4.738
7.493
1.147
0.000
0.728
2.281
0.003
5.550
2.961
0.065
1.809
0.000
0.031
2.609
0.000
4.582
0.057
0.000
0.000
0.683
0.113
9.603
28.266
0.781
0.000
0.000
0.000
0.000
0.000
0.000
0.000
0.000
1.763
0.002
1.617
1.662
0.079
4.395
2.390
0.350
0.007
0.000
0.474
0.285
0.000
0.000
0.000
0.000
0.017
0.000
2.702
8.665
15.144
9.630
10.107
0.965
0.000
0.000
0.000
0.000
0.077
0.000
0.007
0.000
0.000
0.000
1.154
0.000
0.130
0.645
0.000
1.452
0.570
0.000
0.000
0.024
0.000
0.474
0.000
0.000
0.642
0.228
1.401
0.618
0.000
0.000
0.003
0.045
4.298
0.977
9.083
5.812
19.362
10.324
0.460
0.000
0.831
0.786
0.240
12.581
4.068
15.072
0.173
1.699
0.920
5.593
16.311
0.450
0.261
0.494
7.066
5.706
26.910
3.346
26.930
5.754
13.455
9.014
28.142
9.476
13.063
1.593
1.351
0.137
22.917
18.024
14.540
4.885
20.045
6.602
9.349
19.707
4.312
1.109
5.603
3.450
12.033
7.131
5.697
7.047
13.942
3.979
6.091
14.179
0.027
0.002
6.988
16.696
12.700
7.879
12.700
2.180
0.204
1.940
11.762
16.455
2.666
7.289
12.094
13.759
3.287
7.860
7.203
13.803
6.412
28.362
18.416
0.378
0.000
0.345
10.928
3.028
1.689
7.735
13.489
2.589
8.130
10.578
10.791
11.781
19.125
12.511
26.913
24.568
3.476
8.272
26.735
97.964
0.772
0.072
13.321
13.033
12.051
1.547
2.093
1.926
3.217
0.474
10.931
16.768
9.036
2.554
51.176
21.207
14.626
16.555
31.139
12.004
7.366
7.186
7.991
36.959
2.929
0.841
2.105
5.016
16.879
9.927
76.163
3.572
9.615
11.417
1.049
3.521
2.134
0.161
4.686
11.762
2.802
6.362
18.347
7.996
7.457
1.298
3.873
13.774
9.541
16.970
4.225
52.431
4.254
9.321
10.222
3.308
1.816
10.428
18.224
5.109
4.556
0.769
16.922
10.662
13.620
20.129
1.401
1.445
2.632
11.848
8.933
12.554
0.723
24.340
38.991
2.556
5.845
11.400
26.003
6.245
3.468
13.908
2.486
15.827
9.793
6.254
5.054
17.073
0.062
0.563
2.032
1.823
55.666
4.000
3.241
6.094
18.490
5.229
4.580
8.621
11.192
29.838
6.678
8.082
18.107
0.079
4.542
3.406
10.440
31.902
18.212
0.797
7.560
0.632
5.586
12.823
30.054
11.549
15.623
2.216
10.670
9.342
11.019
17.216
12.892
3.032
7.318
2.932
5.878
18.176
5.031
6.496
9.433
0.989
7.210
3.921
6.049
2.324
0.330
0.000
0.000
0.000
3.665
0.000
0.000
0.000
0.000
0.002
1.428
9.428
8.655
14.487
8.319
2.252
0.611
10.164
11.644
3.153
1.682
8.070
6.707
3.469
9.311
7.642
6.420
5.095
3.849
3.763
5.442
1.071
1.301
0.000
3.735
1.215
12.833
9.136
0.192
0.000
0.000
0.000
0.000
0.000
0.000
0.230
0.124
2.616
4.721
6.369
0.419
10.574
3.097
1.782
7.773
0.048
3.090
1.675
0.652
5.514
6.326
1.830
0.000
0.010
0.007
0.000
0.002
2.499
2.111
0.000
0.000
0.000
0.000
0.000
0.000
0.000
0.223
0.000
0.000
0.000
0.000
0.000
0.000
0.007
0.000
1.669
0.065
0.007
0.010
0.041
0.000
0.000
0.000
0.000
0.000
0.000
0.000
0.002
0.000
0.000
0.000
0.000
0.000
0.000
14.155
0.446
0.405
3.583
6.297
4.504
6.842
0.034
0.309
7.440
1.562
0.007
1.061
0.213
0.062
0.000
0.002
0.000
0.000
0.000
0.170
1.936
0.127
0.000
2.340
0.000
0.635
13.163
0.000
0.022
0.000
0.062
2.839
1.789
0.000
1.418
4.439
3.718
0.060
1.531
2.055
6.194
0.051
4.662
6.183
0.443
1.023
0.330
1.116
0.010
4.741
3.983
6.547
20.206
28.904
27.993
12.265
20.318
4.055
5.133
0.917
0.000
9.244
6.657
19.274
18.987
22.416
12.806
5.335
16.270
7.448
1.241
23.085
9.019
1.923
4.468
15.467
0.613
0.082
1.624
3.311
0.000
13.230
6.509
71.051
13.384
9.471
0.941
0.221
4.211
23.219
2.812
4.934
3.725
14.936
28.961
9.826
9.283
8.916
7.229
15.498
10.253
3.143
5.176
19.805
14.804
15.089
0.065
9.201
13.045
11.910
13.197
2.681
9.084
86.102
11.798
10.904
11.618
7.169
4.932
6.777
16.092
4.522
14.983
13.366
17.830
22.045
5.229
16.874
22.326
14.619
58.327
42.751
7.409
13.784
7.927
11.319
5.134
1.116
1.349
2.953
2.166
21.745
3.538
2.246
18.032
6.044
5.202
5.489
4.717
11.077
4.772
0.333
14.057
30.206
4.278
9.801
16.085
8.810
12.032
11.781
39.952
12.473
9.239
0.000
0.048
15.818
11.410
2.419
1.873
3.929
6.428
10.430
16.119
24.424
11.264
15.918
4.721
19.439
1.689
7.932
10.880
14.516
13.424
19.017
18.914
21.540
6.793
7.340
13.499
14.711
14.457
10.564
10.911
4.027
11.440
12.281
38.064
76.115
15.305
22.985
3.691
8.193
11.822
10.854
13.213
24.875
12.171
26.165
2.839
11.948
4.321
7.071
8.415
146.425
91.005
16.988
1.104
15.690
27.071
24.603
53.769
0.817
16.766
8.827
23.885
12.452
4.266
1.432
4.072
2.206
3.481
39.671
9.524
10.042
3.898
3.238
14.272
4.885
4.247
5.366
19.375
14.468
8.492
14.447
0.385
0.000
0.069
0.000
0.000
0.179
0.000
0.000
0.000
0.000
0.000
0.000
0.000
0.539
2.650
3.385
16.964
3.186
2.287
1.421
6.485
0.872
0.019
0.000
0.000
2.702
5.170
16.170
3.529
13.414
14.361
11.814
3.342
8.128
1.334
0.041
0.144
0.000
0.754
9.541
3.759
0.005
1.710
9.932
14.749
9.886
3.996
1.770
2.025
0.024
0.504
0.345
7.103
10.755
2.406
1.257
0.000
0.000
0.000
0.445
0.000
0.000
0.772
2.618
7.153
2.843
0.705
0.000
0.010
0.084
3.140
7.625
10.200
1.899
2.122
4.099
10.271
0.192
4.633
0.482
14.437
7.230
3.165
4.552
0.033
0.000
0.000
0.000
0.021
4.436
0.000
0.000
0.000
0.021
0.000
1.027
1.916
0.000
0.000
9.462
3.177
0.010
0.002
0.000
0.000
0.000
0.000
0.000
0.000
12.621
0.000
0.175
0.014
0.000
0.003
0.000
0.208
17.813
0.055
0.000
0.055
14.440
0.007
0.000
0.000
0.000
0.000
0.010
0.488
8.564
7.821
11.199
18.987
0.436
0.718
0.000
0.000
0.000
0.000
0.002
0.000
0.000
0.170
0.189
0.010
6.516
0.618
7.759
4.916
0.299
7.752
0.494
7.951
19.121
3.807
0.000
8.926
1.071
0.051
0.000
0.000
0.704
3.066
0.000
0.000
0.000
0.000
0.031
2.317
0.000
17.374
0.000
2.898
13.604
87.125
0.000
8.648
1.648
11.014
9.783
18.690
21.574
19.789
17.271
16.994
3.759
0.000
0.000
0.443
3.382
18.921
17.712
4.580
97.485
6.286
9.798
22.757
2.561
7.903
17.839
21.214
57.240
84.723
0.573
0.000
0.000
0.000
0.117
6.295
3.885
8.014
18.723
179.007
5.338
4.292
19.758
22.884
10.823
15.106
22.005
9.998
29.430
1.235
2.800
9.822
3.644
8.587
1.690
3.607
10.174
21.106
12.547
1.586
52.408
13.723
4.812
2.753
17.712
8.442
67.320
0.184
3.437
5.236
10.930
9.265
4.867
10.990
2.415
19.896
26.743
5.651
15.776
5.902
4.475
1.967
4.649
10.204
4.432
1.236
7.797
6.884
6.818
3.306
3.299
11.670
20.193
16.605
13.280
9.709
11.082
5.025
6.800
7.371
9.695
4.954
5.778
9.328
16.924
14.382
9.723
2.438
2.355
8.892
16.224
5.610
12.260
9.362
24.836
5.675
3.486
45.324
6.128
13.455
13.393
4.264
17.633
15.566
14.974
17.918
26.177
26.827
17.973
51.547
5.903
0.817
6.626
2.753
0.354
0.302
12.899
19.963
11.991
14.495
36.887
17.142
22.577
1.686
16.651
9.713
1.967
13.256
17.333
12.880
105.338
4.642
10.389
6.753
9.850
5.418
0.294
0.797
18.493
18.642
6.103
1.679
20.218
17.166
28.688
1.868
13.156
7.807
2.000
62.862
0.113
15.783
16.699
17.238
6.300
12.815
20.314
19.073
34.878
4.391
4.623
15.142
0.657
1.919
0.594
1.308
4.769
2.870
1.610
1.143
10.626
9.618
0.034
0.151
3.516
9.647
2.589
11.879
9.280
2.275
13.252
11.172
23.076
1.044
3.270
18.076
11.673
0.910
2.184
0.905
4.075
7.776
5.733
10.746
13.393
5.627
8.023
1.881
3.189
18.615
54.743
10.873
3.728
20.720
7.963
15.650
3.765
10.585
2.496
16.363
8.475
9.333
0.311
0.185
0.134
0.003
0.000
0.038
6.286
5.984
2.420
9.170
8.027
2.901
5.766
0.127
0.000
4.999
14.794
4.855
0.906
3.938
2.826
1.444
0.089
0.000
0.000
0.000
0.000
0.000
0.000
0.000
1.943
11.680
2.262
2.398
11.403
0.862
0.000
0.000
2.891
0.611
0.376
1.782
3.869
3.601
1.535
0.000
0.003
0.000
0.000
0.010
0.000
0.000
0.000
0.443
4.882
5.243
0.000
0.000
0.000
0.062
1.820
9.843
0.000
3.761
0.695
0.000
0.000
0.000
