19790101
0.858
0.871
0.870
0.972
0.981
0.852
0.887
0.934
0.860
0.881
0.876
0.807
0.761
0.822
0.902
0.878
0.834
0.737
0.848
0.945
0.906
0.937
0.943
0.905
0.854
0.870
0.886
0.917
0.866
0.839
0.959
0.872
0.941
0.966
0.975
0.896
0.914
0.891
0.844
0.900
0.860
0.889
0.868
0.908
0.935
0.846
0.842
0.959
0.884
0.929
0.866
0.832
0.950
0.893
0.858
0.933
0.955
0.978
0.844
0.926
0.941
0.977
0.959
0.983
0.954
0.921
0.940
0.943
0.913
0.910
0.864
0.858
0.877
0.930
0.917
0.966
0.946
0.970
0.967
0.903
0.919
0.900
0.967
0.967
0.978
0.889
0.909
0.945
0.951
0.965
0.955
0.940
0.952
0.957
0.946
0.970
0.878
0.796
0.773
0.881
0.741
0.897
0.961
0.964
0.959
0.967
0.965
0.946
0.969
0.873
0.932
0.972
0.979
0.927
0.874
0.788
0.765
0.796
0.851
0.892
0.925
0.943
0.959
0.902
0.943
0.920
0.911
0.901
0.962
0.957
0.880
0.914
0.904
0.931
0.886
0.939
0.883
0.846
0.952
0.963
0.948
0.946
0.907
0.943
0.899
0.886
0.958
0.864
0.893
0.927
0.830
0.757
0.781
0.773
0.706
0.736
0.797
0.811
0.733
0.791
0.794
0.775
0.759
0.791
0.849
0.815
0.740
0.711
0.685
0.607
0.650
0.615
0.628
0.650
0.700
0.721
0.728
0.664
0.645
0.681
0.654
0.678
0.699
0.822
0.648
0.686
0.721
0.765
0.636
0.522
0.632
0.570
0.531
0.553
0.606
0.631
0.687
0.684
0.621
0.625
0.673
0.668
0.687
0.682
0.812
0.660
0.596
0.681
0.705
0.654
0.578
0.474
0.594
0.499
0.541
0.518
0.801
0.655
0.641
0.644
0.673
0.556
0.545
0.546
0.582
0.616
0.655
0.609
0.820
0.639
0.812
0.626
0.728
0.614
0.724
0.580
0.562
0.576
0.544
0.545
0.570
0.574
0.567
0.495
0.577
0.705
0.795
0.599
0.476
0.496
0.613
0.552
0.763
0.754
0.689
0.644
0.813
0.623
0.540
0.519
0.622
0.536
0.443
0.448
0.512
0.458
0.463
0.600
0.638
0.737
0.762
0.519
0.400
0.391
0.483
0.542
0.648
0.546
0.695
0.844
0.665
0.775
0.635
0.668
0.588
0.537
0.482
0.627
0.782
0.560
0.488
0.501
0.514
0.362
0.423
0.477
0.595
0.719
0.778
0.826
0.701
0.683
0.673
0.582
0.548
0.667
0.846
0.714
0.854
0.682
0.865
0.828
0.917
0.729
0.663
0.597
0.550
0.914
0.974
0.806
0.844
0.660
0.740
0.840
0.912
0.879
0.797
0.939
0.883
0.799
0.628
0.559
0.637
0.691
0.650
0.595
0.628
0.762
0.719
0.889
0.703
0.838
0.619
0.601
0.897
0.792
0.688
0.919
0.944
0.975
0.963
0.844
0.889
0.927
0.900
0.766
0.798
0.955
0.842
0.844
0.875
0.961
0.931
0.855
0.919
0.982
0.957
0.913
0.794
0.693
0.898
0.837
0.868
0.885
0.966
0.829
0.718
0.743
0.947
0.954
0.878
0.903
0.884
0.870
0.771
0.925
0.942
0.938
0.943
0.844
0.852
0.893
0.905
0.879
0.905
0.918
0.865
0.881
0.956
0.870
0.754
0.780
0.713
0.976
0.779
0.719
0.813
0.787
0.726
0.808
0.734
0.753
0.977
0.976
0.873
0.806
0.733
0.701
0.709
0.709
0.729
0.736
0.623
0.458
0.466
0.512
0.650
0.748
0.789
0.847
0.703
0.717
0.961
0.869
0.795
0.890
0.879
0.946
0.865
0.929
0.921
0.946
0.933
0.960
0.927
0.976
0.968
0.909
0.952
0.966
0.893
0.979
0.942
0.884
0.975
0.947
0.884
0.841
0.888
0.949
0.950
0.934
0.923
0.968
0.937
0.832
0.891
0.865
0.921
0.787
0.823
0.979
0.866
0.849
0.866
0.883
0.772
0.725
0.710
0.818
0.927
0.929
0.953
0.925
0.889
0.928
0.928
0.961
0.842
0.713
0.786
0.792
0.883
0.911
0.858
0.811
0.866
0.861
0.804
0.948
0.898
0.926
0.916
0.919
0.872
0.896
0.954
0.915
0.958
0.824
0.818
0.741
0.771
0.810
0.890
0.861
0.925
0.939
0.948
0.905
0.936
0.781
0.682
0.756
0.695
0.772
0.643
0.611
0.599
0.727
0.841
0.908
0.778
0.732
0.775
0.668
0.677
0.737
0.677
0.605
0.725
0.821
0.900
0.882
0.758
0.875
0.689
0.689
0.712
0.659
0.620
0.549
0.594
0.649
0.626
0.713
0.714
0.714
0.703
0.669
0.618
0.788
0.746
0.622
0.559
0.536
0.716
0.713
0.601
0.604
0.519
0.495
0.542
0.756
0.643
0.657
0.729
0.792
0.633
0.569
0.446
0.527
0.483
0.701
0.483
0.671
0.671
0.682
0.594
0.488
0.774
0.478
0.497
0.471
0.455
0.601
0.563
0.520
0.471
0.558
0.736
0.880
0.723
0.590
0.570
0.443
0.421
0.379
0.458
0.462
0.519
0.463
0.523
0.433
0.445
0.394
0.524
0.526
0.729
0.656
0.489
0.390
0.417
0.469
0.703
0.364
0.392
0.460
0.571
0.535
0.634
0.517
0.541
0.476
0.533
0.607
0.494
0.524
0.491
0.502
0.715
0.674
0.800
0.908
0.629
0.545
0.701
0.661
0.743
0.636
0.563
0.884
0.713
0.680
0.898
0.870
0.773
0.814
0.956
0.692
0.751
0.906
0.798
0.656
0.660
0.892
0.688
0.729
0.763
0.783
0.679
0.646
0.680
0.573
0.579
0.618
0.615
0.759
0.685
0.912
0.960
0.759
0.674
0.670
0.604
0.730
0.781
0.908
0.762
0.889
0.767
0.786
0.844
0.902
0.952
0.922
0.848
0.908
0.920
0.870
0.853
0.909
0.970
0.853
0.897
0.897
0.744
0.726
0.809
0.913
0.748
0.592
0.755
0.794
0.835
0.943
0.908
0.937
0.676
0.626
0.829
0.921
0.693
0.941
0.873
0.945
0.890
0.863
0.910
0.801
0.759
0.905
0.830
0.965
0.852
0.882
0.890
0.960
0.982
0.902
0.746
0.811
0.789
0.927
0.963
0.945
0.949
0.912
0.971
0.903
0.966
0.794
0.704
0.747
0.680
0.815
0.873
0.892
0.834
0.977
0.981
0.968
0.894
0.938
0.978
0.981
0.971
0.870
0.960
0.967
0.964
0.925
0.954
0.880
0.884
0.956
0.932
0.966
0.970
0.956
0.914
0.902
0.956
0.973
0.931
0.975
0.938
0.955
0.953
0.939
0.955
0.958
0.841
0.928
0.928
0.958
0.955
0.906
0.954
0.937
0.908
0.915
0.904
0.849
0.873
0.857
0.952
0.928
0.913
0.919
0.931
0.972
0.814
0.821
0.942
0.961
0.920
0.834
0.935
0.925
0.905
0.939
0.931
0.958
0.978
0.956
0.967
0.959
0.961
0.958
0.968
0.972
0.979
0.935
0.882
0.951
0.972
0.967
0.969
0.856
0.833
0.890
0.858
0.863
0.838
0.874
0.907
0.887
0.884
0.932
0.899
0.864
0.790
0.779
0.882
0.960
0.942
0.922
0.942
0.926
0.925
0.894
0.878
0.928
0.891
0.917
0.932
0.898
0.844
0.932
0.947
0.907
0.762
0.707
0.747
0.805
0.836
0.832
0.883
0.806
0.691
0.702
0.752
0.827
0.914
0.904
0.947
0.894
0.918
0.907
0.800
0.796
0.855
0.895
0.934
0.900
0.816
0.862
0.913
0.857
0.746
0.736
0.732
0.830
0.883
0.815
0.725
0.651
0.684
0.694
0.650
0.607
0.769
0.832
0.762
0.646
0.595
0.608
0.621
0.624
0.644
0.635
0.611
0.728
0.590
0.657
0.573
0.650
0.761
0.687
0.461
0.430
0.515
0.602
0.473
0.435
0.508
0.518
0.551
0.560
0.517
0.491
0.529
0.494
0.507
0.538
0.602
0.907
0.774
0.843
0.763
0.888
0.635
0.557
0.495
0.518
0.513
0.544
0.606
0.481
0.450
0.380
0.409
0.518
0.435
0.508
0.392
0.463
0.531
0.884
0.851
0.653
0.539
0.476
0.386
0.516
0.451
0.611
0.666
0.648
0.466
0.416
0.549
0.499
0.492
0.492
0.513
0.591
0.542
0.409
0.372
0.632
0.560
0.573
0.650
0.911
0.650
0.592
0.512
0.463
0.472
0.473
0.581
0.601
0.497
0.532
0.450
0.499
0.486
0.744
0.657
0.885
0.851
0.666
0.561
0.530
0.514
0.704
0.809
0.701
0.892
0.727
0.588
0.526
0.688
0.603
0.628
0.748
0.645
0.608
0.516
0.615
0.664
0.506
0.494
0.443
0.430
0.620
0.626
0.564
0.586
0.540
0.530
0.544
0.567
0.735
0.929
0.974
0.924
0.960
0.934
0.819
0.844
0.777
0.962
0.808
0.748
0.910
0.900
0.910
0.952
0.961
0.767
0.844
0.841
0.951
0.834
0.982
0.884
0.917
0.939
0.959
0.983
0.904
0.722
0.943
0.924
0.967
0.866
0.798
0.872
0.966
0.930
0.843
0.934
0.910
0.969
0.938
0.967
0.974
0.971
0.880
0.917
0.894
0.933
0.842
0.958
0.972
0.919
0.953
0.930
0.800
0.798
0.895
0.872
0.937
0.912
0.945
0.955
0.947
0.924
0.942
0.943
0.968
0.902
0.888
0.876
0.955
0.981
0.983
0.889
0.895
0.824
0.946
0.921
0.963
0.979
0.955
0.924
0.961
0.888
0.903
0.969
0.975
0.930
0.932
0.882
0.942
0.951
0.933
0.972
0.948
0.902
0.919
0.941
0.947
0.979
0.861
0.970
0.970
0.959
0.952
0.967
0.968
0.980
0.844
0.883
0.953
0.975
0.904
0.915
0.875
0.876
0.811
0.818
0.977
0.918
0.945
0.878
0.953
0.962
0.974
0.936
0.944
0.945
0.905
0.865
0.922
0.971
0.969
0.901
0.969
0.979
0.883
0.843
0.948
0.942
0.964
0.951
0.942
0.980
0.953
0.976
0.905
0.970
0.971
0.964
0.910
0.899
0.908
0.929
0.959
0.970
0.909
0.859
0.925
0.969
0.977
0.974
0.963
0.964
0.971
0.879
0.786
0.907
0.958
0.839
0.901
0.811
0.785
0.763
0.780
0.804
0.921
0.957
0.901
0.925
0.932
0.880
0.883
0.963
0.961
0.940
0.940
0.957
0.966
0.930
0.976
0.932
0.968
0.979
0.817
0.749
0.750
0.741
0.734
0.738
0.806
0.841
0.850
0.795
0.775
0.673
0.692
0.649
0.869
0.903
0.907
0.951
0.840
0.930
0.885
0.935
0.833
0.799
0.758
0.766
0.924
0.928
0.922
0.827
0.824
0.747
0.738
0.866
0.885
0.743
0.815
0.765
0.716
0.678
0.713
0.745
0.899
0.950
0.882
0.826
0.841
0.894
0.966
0.962
0.938
0.894
0.740
0.604
0.648
0.633
0.666
0.855
0.754
0.848
0.856
0.855
0.796
0.872
0.800
0.963
0.814
0.745
0.772
0.791
0.844
0.833
0.710
0.646
0.674
0.919
0.929
0.805
0.723
0.661
0.689
0.793
0.935
0.765
0.831
0.660
0.628
0.623
0.742
0.749
0.695
0.660
0.649
0.651
0.655
0.648
0.739
0.661
0.672
0.586
0.533
0.472
0.621
0.858
0.665
0.540
0.536
0.538
0.534
0.614
0.527
0.608
0.640
0.616
0.576
0.626
0.818
0.850
0.901
0.840
0.865
0.866
0.895
0.756
0.782
0.808
0.881
0.808
0.645
0.625
0.576
0.827
0.684
0.690
0.603
0.645
0.869
0.822
0.653
0.640
0.674
0.673
0.839
0.602
0.586
0.575
0.738
0.722
0.831
0.861
0.703
0.743
0.603
0.672
0.790
0.663
0.625
0.540
0.553
0.676
0.549
0.670
0.915
0.802
0.779
0.954
0.805
0.910
0.782
0.651
0.766
0.791
0.926
0.824
0.860
0.770
0.838
0.725
0.625
0.734
0.690
0.659
0.619
0.643
0.554
0.533
0.575
0.622
0.920
0.772
0.777
0.948
0.963
0.948
0.856
0.948
0.964
0.832
0.636
0.672
0.906
0.879
0.878
0.787
0.899
0.900
0.835
0.905
0.936
0.839
0.815
0.723
0.976
0.839
0.738
0.753
0.847
0.955
0.896
0.873
0.900
0.802
0.880
0.950
0.908
0.871
0.966
0.963
0.951
0.752
0.912
0.839
0.898
0.960
0.911
0.968
0.973
0.908
0.804
0.852
0.947
0.865
0.804
0.924
0.795
0.672
0.832
0.739
0.715
0.520
0.566
0.979
0.893
0.873
0.826
0.957
0.899
0.893
0.891
0.811
0.851
0.954
0.732
0.774
0.810
0.770
0.854
0.877
0.922
0.860
0.936
0.946
0.954
0.901
0.789
0.886
0.914
0.918
0.752
0.712
0.700
0.618
0.669
0.648
0.721
0.656
0.922
0.954
0.924
0.855
0.888
0.830
0.859
0.976
0.826
0.735
0.866
0.887
0.909
0.675
0.567
0.549
0.557
0.655
0.675
0.822
0.853
0.703
0.841
0.843
0.919
0.965
0.917
0.919
0.953
0.953
0.963
0.932
0.957
0.947
0.894
0.875
0.875
0.926
0.868
0.938
0.910
0.878
0.904
0.907
0.929
0.965
0.978
0.871
0.922
0.959
0.951
0.952
0.935
0.948
0.896
0.934
0.948
0.858
0.871
0.869
0.767
0.737
0.825
0.909
0.943
0.922
0.885
0.880
0.781
0.798
0.890
0.946
0.898
0.963
0.954
0.877
0.845
0.949
0.910
0.823
0.890
0.731
0.779
0.903
0.930
0.916
0.795
0.788
0.657
0.745
0.721
0.800
0.850
0.770
0.781
0.764
0.628
0.727
0.804
0.689
0.669
0.595
0.560
0.737
0.679
0.738
0.662
0.752
0.875
0.757
0.661
0.629
0.746
0.673
0.650
0.603
0.630
0.724
0.873
0.622
0.570
0.647
0.651
0.735
0.804
0.656
0.570
0.547
0.540
0.514
0.793
0.806
0.640
0.537
0.566
0.535
0.570
0.630
0.697
0.681
0.674
0.617
0.577
0.468
0.485
0.515
0.461
0.396
0.404
0.377
0.392
0.424
0.452
0.509
0.565
0.508
0.520
0.522
0.596
0.499
0.473
0.455
0.365
0.303
0.263
0.344
0.288
0.409
0.432
0.458
0.573
0.644
0.572
0.724
0.641
0.558
0.581
0.577
0.799
0.748
0.765
0.558
0.471
0.687
0.727
0.749
0.563
0.531
0.584
0.449
0.460
0.440
0.455
0.563
0.510
0.494
0.588
0.523
0.431
0.450
0.488
0.532
0.471
0.610
0.453
0.476
0.444
0.540
0.895
0.801
0.602
0.889
0.877
0.762
0.587
0.627
0.512
0.770
0.716
0.529
0.605
0.579
0.623
0.495
0.583
0.776
0.691
0.597
0.594
0.614
0.713
0.576
0.500
0.418
0.535
0.764
0.833
0.692
0.817
0.948
0.961
0.765
0.664
0.725
0.605
0.721
0.829
0.685
0.736
0.660
0.642
0.820
0.865
0.709
0.814
0.928
0.732
0.786
0.709
0.798
0.937
0.708
0.801
0.706
0.762
0.723
0.900
0.765
0.958
0.795
0.782
0.760
0.851
0.883
0.955
0.976
0.818
0.699
0.625
0.605
0.614
0.693
0.980
0.825
0.720
0.772
0.917
0.896
0.869
0.841
0.865
0.914
0.956
0.930
0.907
0.939
0.917
0.882
0.883
0.968
0.772
0.876
0.896
0.978
0.900
0.923
0.900
0.980
0.881
0.880
0.917
0.941
0.912
0.867
0.906
0.885
0.838
0.923
0.883
0.968
0.936
0.903
0.887
0.917
0.914
0.834
0.814
0.797
0.811
0.842
0.904
0.942
0.906
0.974
0.977
0.917
0.943
0.976
0.859
0.918
0.966
0.874
0.888
0.838
0.956
0.978
0.969
0.813
0.847
0.750
0.749
0.876
0.893
0.980
0.925
0.878
0.953
0.911
0.975
0.817
0.788
0.960
0.917
0.978
0.884
0.904
0.956
0.924
0.941
0.976
0.956
0.774
0.877
0.708
0.848
0.882
0.908
0.964
0.856
0.915
0.838
0.923
0.735
0.809
0.785
0.897
0.928
0.806
0.953
0.939
0.901
0.915
0.859
0.860
0.944
0.950
0.926
0.920
0.928
0.886
0.973
0.961
0.964
0.859
0.898
0.844
0.919
0.915
0.952
0.965
0.886
0.957
0.970
0.977
0.978
0.852
0.806
0.847
0.901
0.958
0.943
0.962
0.860
0.835
0.915
0.841
0.917
0.909
0.922
0.953
0.924
0.906
0.953
0.841
0.922
0.930
0.868
0.901
0.884
0.923
0.948
0.932
0.900
0.808
0.923
0.892
0.954
0.965
0.897
0.924
0.935
0.881
0.886
0.922
0.799
0.912
0.969
0.930
0.829
0.874
0.921
0.921
0.928
0.852
0.916
0.887
0.931
0.925
0.931
0.738
0.777
0.745
0.884
0.889
0.800
0.733
0.789
0.885
0.856
0.790
0.685
0.642
0.700
0.726
0.908
0.929
0.924
0.890
0.957
0.758
0.737
0.793
0.909
0.911
0.807
0.880
0.832
0.705
0.624
0.648
0.568
0.628
0.588
0.566
0.574
0.525
0.499
0.487
0.561
0.540
0.469
0.530
0.603
0.543
0.583
0.743
0.782
0.852
0.657
0.699
0.620
0.723
0.620
0.545
0.536
0.710
0.466
0.509
0.463
0.480
0.591
0.590
0.810
0.772
0.916
0.868
0.918
0.675
0.526
0.403
0.341
0.343
0.368
0.436
0.519
0.614
0.641
0.820
0.708
0.883
0.868
0.879
0.706
0.717
0.721
0.844
0.778
0.790
0.704
0.672
0.589
0.644
0.538
0.594
0.917
0.755
0.685
0.597
0.778
0.918
0.762
0.521
0.528
0.803
0.634
0.566
0.518
0.533
0.639
0.492
0.633
0.685
0.665
0.561
0.576
0.588
0.599
0.795
0.912
0.708
0.756
0.880
0.762
0.654
0.675
0.573
0.661
0.784
0.834
0.938
0.672
0.810
0.927
0.965
0.963
0.742
0.623
0.601
0.908
0.838
0.779
0.881
0.668
0.860
0.937
0.939
0.909
0.968
0.899
0.870
0.700
0.922
0.941
0.707
0.863
0.709
0.891
0.927
0.890
0.764
0.805
0.840
0.856
0.931
0.932
0.839
0.865
0.824
0.833
0.957
0.912
0.734
0.904
0.905
0.735
0.949
0.913
0.827
0.703
0.835
0.942
0.964
0.872
0.846
0.718
0.819
0.819
0.908
0.937
0.977
0.906
0.954
0.887
0.872
0.962
0.955
0.954
0.877
0.891
0.884
0.943
0.932
0.807
0.904
0.837
0.907
0.887
0.954
0.900
0.956
0.953
0.944
0.796
0.920
0.950
0.940
0.833
0.685
0.937
0.894
0.764
0.927
0.865
0.839
0.925
0.900
0.921
0.975
0.911
0.857
0.859
0.828
0.885
0.818
0.971
0.913
0.921
0.875
0.941
0.949
0.921
0.934
0.898
0.889
0.940
0.833
0.968
0.878
0.858
0.896
0.963
0.961
0.964
0.974
0.953
0.929
0.979
0.872
0.970
0.921
0.977
0.982
0.931
0.873
0.853
0.920
0.898
0.928
0.905
0.898
0.909
0.960
0.953
0.949
0.864
0.750
0.871
0.871
0.931
0.868
0.971
0.904
0.940
0.960
0.975
0.971
0.867
0.936
0.819
0.967
0.938
0.948
0.944
0.935
0.941
0.964
0.896
0.930
0.936
0.854
0.879
0.769
0.964
0.972
0.949
0.959
0.955
0.910
0.875
0.982
0.974
0.916
0.929
0.961
0.936
0.957
0.901
0.888
0.864
0.942
0.928
0.959
0.931
0.961
0.962
0.974
0.907
0.905
0.964
0.915
0.932
0.893
0.977
0.892
0.920
0.895
0.849
0.866
0.772
0.877
0.906
0.950
0.942
0.931
0.863
0.877
0.785
0.939
0.926
0.854
0.724
0.691
0.590
0.558
0.570
0.510
0.612
0.653
0.713
0.709
0.673
0.694
0.812
0.852
0.742
0.615
0.910
0.979
0.926
0.848
0.721
0.772
0.787
0.641
0.708
0.757
0.707
0.966
0.733
0.941
0.908
0.971
0.790
0.674
0.665
0.717
0.786
0.613
0.593
0.554
0.516
0.579
0.529
0.574
0.765
0.846
0.669
0.583
0.497
0.499
0.536
0.548
0.698
0.901
0.884
0.724
0.924
0.948
0.922
0.726
0.630
0.616
0.577
0.584
0.584
0.504
0.527
0.539
0.590
0.600
0.512
0.495
0.526
0.606
0.637
0.695
0.585
0.534
0.707
0.543
0.551
0.495
0.550
0.621
0.804
0.822
0.647
0.555
0.925
0.883
0.699
0.551
0.465
0.408
0.489
0.453
0.418
0.400
0.605
0.409
0.569
0.580
0.915
0.647
0.649
0.841
0.633
0.724
0.899
0.609
0.534
0.643
0.642
0.489
0.686
0.867
0.840
0.651
0.550
0.579
0.592
0.843
0.722
0.620
0.572
0.696
0.844
0.831
0.630
0.757
0.679
0.654
0.544
0.432
0.613
0.595
0.660
0.765
0.659
0.721
0.704
0.801
0.591
0.663
0.846
0.783
0.595
0.738
0.915
0.702
0.794
0.601
0.525
0.649
0.792
0.748
0.855
0.656
0.638
0.802
0.943
0.940
0.971
0.858
0.746
0.670
0.601
0.770
0.797
0.725
0.845
0.828
0.807
0.902
0.849
0.866
0.805
0.753
0.677
0.551
0.615
0.532
0.635
0.554
0.809
0.892
0.697
0.910
0.932
0.938
0.929
0.981
0.983
0.977
0.933
0.837
0.784
0.778
0.948
0.700
0.680
0.890
0.976
0.962
0.747
0.696
0.620
0.861
0.812
0.930
0.908
0.712
0.651
0.799
0.951
0.935
0.887
0.869
0.910
0.960
0.911
0.974
0.891
0.918
0.908
0.745
0.924
0.845
0.948
0.979
0.890
0.941
0.919
0.976
0.973
0.861
0.907
0.966
0.871
0.963
0.811
0.850
0.978
0.934
0.804
0.974
0.952
0.928
0.922
0.914
0.867
0.943
0.955
0.949
0.962
0.860
0.867
0.969
0.860
0.973
0.897
0.900
0.969
0.943
0.836
0.863
0.881
0.940
0.904
0.867
0.962
0.968
0.983
0.946
0.894
0.931
0.941
0.789
0.849
0.938
0.902
0.941
0.933
0.874
0.936
0.972
0.914
0.943
0.961
0.967
0.877
0.966
0.967
0.968
0.945
0.969
0.976
0.954
0.968
0.966
0.862
0.906
0.895
0.928
0.941
0.938
0.958
0.962
0.972
0.982
0.869
0.803
0.915
0.880
0.975
0.964
0.824
0.830
0.792
0.806
0.940
0.956
0.906
0.947
0.911
0.931
0.968
0.941
0.962
0.953
0.927
0.936
0.926
0.911
0.819
0.796
0.799
0.914
0.865
0.900
0.917
0.893
0.878
0.908
0.868
0.906
0.909
0.941
0.852
0.954
0.939
0.935
0.918
0.865
0.923
0.953
0.873
0.933
0.895
-99.000
0.960
0.774
0.659
0.648
0.653
0.829
0.872
0.972
0.892
0.812
0.891
0.773
0.936
0.862
0.764
0.663
0.675
0.701
0.617
0.702
0.635
0.684
0.608
0.692
0.758
0.645
0.577
0.579
0.629
0.718
0.708
0.830
0.532
0.511
0.518
0.662
0.761
0.556
0.598
0.501
0.482
0.671
0.725
0.835
0.868
0.892
0.874
0.687
0.624
0.670
0.803
0.719
0.503
0.442
0.483
0.553
0.654
0.618
0.631
0.614
0.722
0.692
0.630
0.812
0.691
0.644
0.602
0.549
0.579
0.611
0.801
0.615
0.893
0.944
0.837
0.843
0.789
0.713
0.813
0.904
0.858
0.661
0.591
0.833
0.600
0.579
0.507
0.683
0.635
0.694
0.910
0.771
0.594
0.629
0.546
0.572
0.626
0.976
0.809
0.696
0.770
0.554
0.492
0.528
0.602
0.582
0.965
0.965
0.850
0.820
0.668
0.658
0.624
0.527
0.542
0.566
0.473
0.531
0.715
0.595
0.556
0.528
0.574
0.702
0.603
0.588
0.702
0.681
0.678
0.639
0.515
0.507
0.706
0.777
0.801
0.566
0.558
0.654
0.763
0.710
0.803
0.849
0.795
0.688
0.791
0.954
0.629
0.599
0.714
0.749
0.894
0.617
0.568
0.561
0.542
0.566
0.831
0.890
0.936
0.752
0.817
0.816
0.664
0.595
0.927
0.646
0.591
0.622
0.589
0.624
0.730
0.639
0.582
0.784
0.656
0.907
0.981
0.911
0.870
0.881
0.882
0.918
0.913
0.946
0.956
0.937
0.966
0.743
0.723
0.809
0.935
0.866
0.971
0.969
0.882
0.807
0.792
0.689
0.752
0.793
0.932
0.940
0.952
0.969
0.952
0.797
0.872
-99.000
-99.000
-99.000
-99.000
-99.000
-99.000
-99.000
-99.000
0.902
0.948
0.918
0.867
0.917
0.904
0.847
0.838
0.955
0.946
0.966
0.897
0.841
0.967
0.981
0.938
0.979
0.920
0.828
0.846
0.907
0.918
0.953
0.880
0.924
0.953
0.921
0.971
0.934
0.855
0.868
0.792
0.889
0.937
0.926
0.831
0.766
0.897
0.906
0.909
0.701
0.595
0.703
0.702
0.723
0.716
0.842
0.811
0.929
0.942
0.962
0.950
0.945
0.940
0.922
0.926
0.946
0.920
0.954
0.939
0.873
0.951
0.943
0.857
0.960
0.908
0.906
0.838
0.858
0.978
0.865
0.646
0.620
0.604
0.575
0.588
0.705
0.885
0.958
0.897
0.952
0.937
0.951
0.955
0.875
0.832
0.954
0.964
0.859
0.917
0.954
0.976
0.975
0.857
0.823
0.884
0.913
0.895
0.956
0.968
0.841
0.774
0.938
0.846
0.957
0.865
0.965
0.928
0.852
0.884
0.918
0.916
0.898
0.820
0.863
0.915
0.944
0.954
0.947
0.953
0.860
0.836
0.843
0.840
0.815
0.893
0.927
0.949
0.957
0.792
0.749
0.737
0.754
0.710
0.886
0.909
0.859
0.913
0.863
0.841
0.823
0.912
0.841
0.779
0.705
0.661
0.686
0.715
0.664
0.702
0.821
0.872
0.863
0.843
0.854
0.796
0.881
0.916
0.893
0.844
0.803
0.771
0.767
0.898
0.905
0.917
0.930
0.831
0.708
0.662
0.608
0.665
0.669
0.736
0.953
0.668
0.594
0.581
0.561
0.760
0.851
0.909
0.941
0.805
0.713
0.623
0.564
0.604
0.685
0.822
0.899
0.842
0.883
0.667
0.672
0.571
0.591
0.572
0.652
0.680
0.696
0.546
0.500
0.605
0.635
0.652
0.809
0.686
0.631
0.580
0.589
0.475
0.465
0.478
0.600
0.622
0.600
0.613
0.606
0.579
0.623
0.631
0.525
0.546
0.505
0.479
0.510
0.544
0.510
0.616
0.467
0.415
0.389
0.418
0.512
0.406
0.448
0.437
0.425
0.543
0.461
0.506
0.805
0.725
0.617
0.560
0.491
0.471
0.513
0.572
0.781
0.553
0.535
0.577
0.582
0.479
0.407
0.495
0.481
0.627
0.576
0.599
0.506
0.501
0.526
0.586
0.554
0.576
0.623
0.510
0.479
0.617
0.570
0.510
0.837
0.598
0.587
0.581
0.575
0.759
0.616
0.564
0.574
0.564
0.486
0.509
0.933
0.710
0.705
0.779
0.639
0.904
0.948
0.702
0.797
0.961
0.668
0.602
0.695
0.881
0.878
0.587
0.516
0.575
0.673
0.645
0.843
0.922
0.747
0.658
0.630
0.615
0.499
0.566
0.927
0.742
0.857
0.725
0.762
0.893
0.888
0.639
0.750
0.952
0.925
0.970
0.732
0.688
0.776
0.901
0.925
0.903
0.920
0.827
0.946
0.946
0.703
0.795
0.813
0.958
0.771
0.692
0.631
0.915
0.740
0.925
0.902
0.747
0.822
0.763
0.720
0.895
0.861
0.872
0.809
0.910
0.885
0.885
0.967
0.720
0.673
0.797
0.923
0.799
0.912
0.933
0.801
0.642
0.763
0.706
0.667
0.848
0.820
0.891
0.848
0.713
0.797
0.856
0.896
0.846
0.950
0.878
0.906
0.843
0.909
0.963
0.918
0.950
0.961
0.947
0.908
0.918
0.980
0.966
0.855
0.942
0.892
0.801
0.796
0.869
0.942
0.977
0.868
0.894
0.910
0.933
0.946
0.972
0.850
0.870
0.947
0.925
0.913
0.919
0.969
0.936
0.946
0.967
0.852
0.903
0.921
0.916
0.960
0.951
0.946
0.826
0.916
0.918
0.939
0.732
0.764
0.857
0.964
0.895
0.685
0.917
0.855
0.853
0.889
0.959
0.832
0.789
0.760
0.834
0.954
0.966
0.824
0.936
0.903
0.919
0.802
0.979
0.900
0.915
0.960
0.875
0.942
0.923
0.955
0.964
0.906
0.965
0.944
0.905
0.957
0.972
0.894
0.880
0.877
0.963
0.910
0.874
0.928
0.926
0.742
0.894
0.808
0.979
0.875
0.966
0.890
0.946
0.964
0.969
0.885
0.847
0.811
0.912
0.922
0.888
0.968
0.908
0.821
0.976
0.941
0.943
0.923
0.912
0.931
0.804
0.802
0.823
0.888
0.935
0.892
0.947
0.966
0.928
0.887
0.906
0.973
0.947
0.901
0.907
0.852
0.869
0.978
0.902
0.842
0.810
0.846
0.822
0.742
0.760
0.820
0.848
0.725
0.741
0.685
0.695
0.710
0.725
0.695
0.813
0.927
0.938
0.797
0.862
0.823
0.719
0.851
0.841
0.768
0.829
0.804
0.809
0.892
0.839
0.803
0.760
0.665
0.868
0.880
0.961
0.800
0.703
0.615
0.593
0.566
0.573
0.576
0.553
0.572
0.567
0.606
0.446
0.420
0.521
0.627
0.621
0.547
0.507
0.532
0.618
0.603
0.607
0.543
0.620
0.687
0.574
0.510
0.438
0.405
0.403
0.421
0.449
0.611
0.462
0.413
0.391
0.442
0.551
0.580
0.535
0.569
0.501
0.477
0.389
0.369
0.417
0.426
0.353
0.448
0.369
0.473
0.562
0.578
0.573
0.505
0.549
0.507
0.449
0.424
0.496
0.450
0.463
0.480
0.546
0.532
0.653
0.520
0.540
0.555
0.882
0.783
0.954
0.615
0.493
0.571
0.439
0.510
0.523
0.694
0.680
0.576
0.471
0.467
0.435
0.414
0.408
0.550
0.571
0.523
0.729
0.806
0.633
0.682
0.910
0.820
0.699
0.651
0.657
0.618
0.560
0.661
0.787
0.649
0.722
0.943
0.818
0.794
0.712
0.548
0.482
0.477
0.498
0.499
0.550
0.531
0.777
0.728
0.771
0.592
0.592
0.477
0.634
0.590
0.847
0.804
0.892
0.815
0.843
0.700
0.915
0.718
0.850
0.867
0.936
0.847
0.765
0.925
0.963
0.980
0.878
0.694
0.691
0.768
0.949
0.932
0.937
0.958
0.973
0.939
0.768
0.918
0.939
0.945
0.756
0.951
0.981
0.934
0.912
0.916
0.925
0.949
0.958
0.962
0.730
0.743
0.885
0.874
0.929
0.638
0.733
0.862
0.830
0.957
0.924
0.954
0.943
0.901
0.892
0.953
0.925
0.773
0.920
0.949
0.936
0.926
0.942
0.886
0.843
0.962
0.845
0.920
0.834
0.880
0.939
0.969
0.953
0.977
0.977
0.911
0.945
0.946
0.891
0.876
0.935
0.913
0.960
0.854
0.874
0.962
0.968
0.929
0.962
0.859
0.820
0.815
0.915
0.975
0.946
0.926
0.970
0.841
0.912
0.775
0.687
0.817
0.956
0.849
0.916
0.863
0.930
0.969
0.931
0.980
0.976
0.912
0.970
0.978
0.889
0.824
0.951
0.888
0.966
0.886
0.968
0.946
0.851
0.848
0.980
0.951
0.782
0.932
0.983
0.977
0.921
0.979
0.981
0.944
0.929
0.944
0.956
0.905
0.959
0.962
0.915
0.955
0.953
0.906
0.907
0.983
0.928
0.935
0.902
0.976
0.953
0.948
0.947
0.915
0.935
0.957
0.922
0.852
0.928
0.977
0.983
0.902
0.963
0.827
0.807
0.969
0.935
0.856
0.964
0.886
0.969
0.953
0.964
0.948
0.978
0.913
0.922
0.966
0.872
0.974
0.783
0.696
0.695
0.736
0.717
0.853
0.976
0.977
0.963
0.941
0.975
0.846
0.724
0.715
0.727
0.734
0.782
0.905
0.942
0.962
0.883
0.864
0.885
0.923
0.950
0.957
0.941
0.958
0.896
0.941
0.907
0.852
0.876
0.846
0.901
0.969
0.893
0.802
0.756
0.908
0.943
0.943
0.969
0.869
0.756
0.789
0.770
0.926
0.907
0.861
0.898
0.818
0.876
0.918
0.906
0.898
0.920
0.930
0.810
0.725
0.631
0.554
0.552
0.659
0.709
0.687
0.737
0.745
0.785
0.655
0.624
0.582
0.607
0.566
0.710
0.678
0.612
0.603
0.699
0.807
0.891
0.952
0.871
0.722
0.688
0.715
0.865
0.864
0.704
0.683
0.596
0.722
0.711
0.671
0.684
0.618
0.522
0.518
0.556
0.719
0.616
0.520
0.594
0.712
0.872
0.746
0.647
0.666
0.703
0.666
0.641
0.511
0.543
0.617
0.538
0.685
0.654
0.807
0.879
0.632
0.521
0.456
0.592
0.586
0.562
0.536
0.644
0.635
0.599
0.558
0.535
0.611
0.433
0.308
0.369
0.349
0.368
0.460
0.492
0.538
0.575
0.681
0.620
0.490
0.595
0.652
0.802
0.711
0.654
0.661
0.760
0.817
0.656
0.715
0.546
0.615
0.659
0.670
0.750
0.969
0.731
0.677
0.700
0.733
0.640
0.817
0.756
0.823
0.828
0.842
0.828
0.820
0.931
0.940
0.591
0.632
0.655
0.923
0.764
0.810
0.836
0.977
0.980
0.794
0.714
0.875
0.937
0.934
0.912
0.705
0.871
0.940
0.696
0.561
0.557
0.644
0.706
0.892
0.884
0.953
0.973
0.927
0.797
0.631
0.824
0.880
0.797
0.677
0.561
0.592
0.619
0.596
0.837
0.778
0.830
0.914
0.820
0.656
0.811
0.868
0.767
0.951
0.925
0.710
0.625
0.909
0.955
0.898
0.774
0.778
0.847
0.864
0.878
0.872
0.826
0.803
0.833
0.918
0.906
0.867
0.869
0.839
0.934
0.959
0.882
0.924
0.946
0.843
0.863
0.902
0.962
0.924
0.965
0.893
0.870
0.798
0.964
0.981
0.981
0.920
0.932
0.962
0.934
0.962
0.951
0.930
0.967
0.921
0.945
0.973
0.941
0.919
0.916
0.952
0.961
0.867
0.897
0.969
0.961
0.960
0.951
0.962
0.967
0.967
0.915
0.934
0.961
0.941
0.957
0.975
0.966
0.893
0.808
0.760
0.769
0.918
0.962
0.840
0.887
0.865
0.976
0.965
0.971
0.900
0.951
0.969
0.977
0.962
0.842
0.898
0.932
0.870
0.807
0.859
0.917
0.967
0.973
0.923
0.916
0.959
0.954
0.902
0.962
0.866
0.898
0.934
0.916
0.961
0.926
0.941
0.958
0.951
0.969
0.966
0.960
0.967
0.954
0.919
0.905
0.965
0.937
0.930
0.857
0.921
0.893
0.960
0.903
0.926
0.761
0.792
0.864
0.934
0.955
0.957
0.913
0.945
0.840
0.855
0.887
0.963
0.910
0.894
0.950
0.898
0.955
0.955
0.967
0.972
0.933
0.923
0.966
0.927
0.943
0.871
0.724
0.903
0.939
0.708
0.666
0.653
0.559
0.548
0.659
0.824
0.888
0.811
0.934
0.919
0.970
0.961
0.973
0.936
0.951
0.929
0.888
0.864
0.951
0.878
0.704
0.909
0.856
0.774
0.723
0.697
0.648
0.661
0.583
0.711
0.689
0.760
0.673
0.721
0.787
0.851
0.942
0.974
0.891
0.749
0.737
0.735
0.713
0.745
0.823
0.695
0.520
0.627
0.569
0.569
0.758
0.870
0.867
0.699
0.621
0.671
0.673
0.762
0.801
0.728
0.693
0.676
0.799
0.618
0.641
0.622
0.564
0.595
0.629
0.746
0.488
0.445
0.410
0.575
0.665
0.536
0.565
0.578
0.541
0.645
0.523
0.537
0.659
0.440
0.429
0.512
0.736
0.652
0.618
0.828
0.817
0.897
0.682
0.741
0.601
0.387
0.448
0.433
0.526
0.557
0.592
0.568
0.731
0.556
0.553
0.599
0.603
0.654
0.660
0.623
0.690
0.657
0.658
0.779
0.603
0.537
0.584
0.447
0.402
0.404
0.441
0.444
0.422
0.430
0.535
0.503
0.713
0.568
0.392
0.347
0.391
0.433
0.452
0.601
0.826
0.599
0.652
0.588
0.565
0.572
0.638
0.519
0.527
0.436
0.413
0.500
0.648
0.538
0.607
0.836
0.814
0.669
0.678
0.730
0.677
0.682
0.687
0.762
0.922
0.617
0.546
0.514
0.503
0.502
0.605
0.579
0.617
0.603
0.564
0.696
0.660
0.854
0.592
0.850
0.819
0.654
0.656
0.607
0.630
0.594
0.700
0.626
0.690
0.594
0.733
0.654
0.799
0.863
0.910
0.895
0.947
0.940
0.714
0.662
0.785
0.929
0.673
0.870
0.916
0.962
0.915
0.849
0.713
0.671
0.614
0.720
0.765
0.715
0.786
0.903
0.755
0.946
0.864
0.846
0.679
0.831
0.925
0.902
0.928
0.958
0.945
0.742
0.785
0.966
0.846
0.820
0.884
0.831
0.920
0.967
0.965
0.957
0.927
0.891
0.973
0.941
0.947
0.895
0.813
0.813
0.934
0.842
0.975
0.894
0.916
0.883
0.836
0.899
0.907
0.924
0.938
0.939
0.794
0.929
0.823
0.947
0.928
0.886
0.911
0.741
0.723
0.853
0.823
0.743
0.912
0.893
0.920
0.969
0.971
0.971
0.861
0.813
0.729
0.936
0.962
0.777
0.833
0.887
0.928
0.868
0.864
0.963
0.903
0.864
0.969
0.906
0.780
0.830
0.914
0.958
0.909
0.965
0.942
0.943
0.969
0.946
0.975
0.933
0.849
0.833
0.833
0.956
0.937
0.926
0.913
0.977
0.922
0.883
0.833
0.851
0.955
0.892
0.740
0.744
0.707
0.848
0.885
0.888
0.877
0.942
0.964
0.906
0.934
0.945
0.953
0.920
0.781
0.812
0.846
0.903
0.956
0.876
0.913
0.864
0.933
0.955
0.790
0.785
0.835
0.905
0.845
0.906
0.856
0.927
0.978
0.964
0.919
0.922
0.963
0.926
0.944
0.970
0.905
0.920
0.798
0.797
0.901
0.887
0.882
0.762
0.937
0.932
0.854
0.724
0.732
0.820
0.888
0.927
0.925
0.942
0.836
0.812
0.859
0.855
0.861
0.901
0.933
0.809
0.725
0.791
0.850
0.922
0.941
0.944
0.887
0.774
0.774
0.705
0.643
0.757
0.713
0.807
0.832
0.927
0.818
0.890
0.871
0.816
0.860
0.835
0.917
0.771
0.727
0.884
0.706
0.670
0.661
0.631
0.665
0.698
0.685
0.743
0.634
0.679
0.755
0.699
0.715
0.733
0.921
0.951
0.845
0.625
0.659
0.639
0.654
0.745
0.730
0.618
0.512
0.526
0.562
0.572
0.617
0.603
0.616
0.627
0.548
0.622
0.811
0.827
0.505
0.534
0.550
0.559
0.653
0.639
0.617
0.650
0.637
0.621
0.533
0.375
0.336
0.342
0.352
0.386
0.432
0.411
0.384
0.515
0.506
0.430
0.493
0.425
0.679
0.528
0.540
0.539
0.464
0.345
0.386
0.306
0.385
0.457
0.644
0.639
0.673
0.694
0.563
0.586
0.622
0.567
0.453
0.464
0.404
0.529
0.807
0.855
0.631
0.543
0.536
0.495
0.590
0.603
0.523
0.555
0.607
0.513
0.545
0.534
0.494
0.479
0.432
0.414
0.347
0.469
0.430
0.403
0.428
0.572
0.422
0.412
0.383
0.439
0.491
0.470
0.579
0.592
0.700
0.690
0.692
0.491
0.691
0.613
0.719
0.937
0.793
0.713
0.809
0.624
0.731
0.778
0.768
0.509
0.674
0.761
0.872
0.827
0.750
0.535
0.493
0.489
0.526
0.588
0.643
0.842
0.657
0.619
0.879
0.912
0.837
0.816
0.679
0.626
0.837
0.902
0.899
0.766
0.726
0.610
0.675
0.735
0.685
0.637
0.645
0.843
0.767
0.641
0.595
0.720
0.694
0.688
0.886
0.782
0.658
0.675
0.761
0.811
0.819
0.677
0.887
0.850
0.887
0.950
0.708
0.656
0.903
0.842
0.921
0.919
0.793
0.895
0.786
0.899
0.819
0.693
0.772
0.799
0.649
0.866
0.825
0.751
0.884
0.762
0.619
0.636
0.854
0.698
0.885
0.839
0.948
0.884
0.913
0.926
0.833
0.583
0.591
0.598
0.851
0.864
0.668
0.703
0.619
0.561
0.789
0.637
0.660
0.554
0.603
0.807
0.660
0.535
0.515
0.620
0.945
0.863
0.878
0.969
0.899
0.962
0.830
0.934
0.722
0.783
0.896
0.832
0.938
0.906
0.964
0.907
0.965
0.888
0.953
0.873
0.961
0.848
0.928
0.934
0.912
0.924
0.958
0.904
0.959
0.963
0.970
0.868
0.937
0.907
0.918
0.919
0.845
0.865
0.779
0.966
0.868
0.719
0.628
0.692
0.874
0.869
0.928
0.944
0.928
0.885
0.900
0.962
0.878
0.901
0.907
0.947
0.963
0.948
0.925
0.913
0.877
0.978
0.919
0.856
0.753
0.851
0.950
0.926
0.790
0.887
0.926
0.946
0.975
0.926
0.960
0.847
0.777
0.669
0.824
0.922
0.898
0.920
0.908
0.836
0.894
0.936
0.858
0.853
0.851
0.826
0.814
0.876
0.883
0.720
0.918
0.875
0.937
0.932
0.719
0.797
0.877
0.926
0.930
0.749
0.709
0.675
0.786
0.853
0.952
0.902
0.868
0.783
0.830
0.914
0.736
0.662
0.639
0.694
0.786
0.706
0.674
0.647
0.717
0.924
0.814
0.659
0.522
0.543
0.586
0.666
0.677
0.659
0.777
0.693
0.620
0.657
0.893
0.897
0.918
0.913
0.818
0.708
0.723
0.745
0.837
0.726
0.646
0.606
0.590
0.575
0.540
0.588
0.688
0.730
0.757
0.957
0.822
0.835
0.695
0.709
0.567
0.519
0.466
0.492
0.469
0.495
0.496
0.529
0.572
0.547
0.514
0.467
0.546
0.500
0.528
0.458
0.570
0.506
0.513
0.521
0.527
0.553
0.419
0.497
0.562
0.566
0.856
0.654
0.708
0.898
0.805
0.649
0.732
0.760
0.608
0.518
0.484
0.425
0.459
0.494
0.578
0.691
0.716
0.760
0.780
0.697
0.614
0.624
0.655
0.619
0.579
0.546
0.894
0.685
0.726
0.921
0.951
0.640
0.660
0.610
0.768
0.589
0.535
0.553
0.523
0.576
0.876
0.799
0.696
0.556
0.608
0.616
0.561
0.522
0.565
0.522
0.504
0.483
0.639
0.900
0.726
0.752
0.822
0.726
0.578
0.545
0.562
0.454
0.611
0.571
0.700
0.902
0.674
0.721
0.488
0.572
0.514
0.440
0.412
0.397
0.436
0.502
0.694
0.605
0.581
0.763
0.585
0.427
0.387
0.556
0.606
0.734
0.727
0.767
0.826
0.754
0.606
0.612
0.955
0.968
0.959
0.826
0.877
0.810
0.979
0.851
0.734
0.916
0.849
0.633
0.692
0.622
0.744
0.947
0.879
0.965
0.796
0.861
0.692
0.911
0.901
0.768
0.840
0.957
0.956
0.793
0.688
0.956
0.922
0.915
0.909
0.902
0.806
0.957
0.862
0.969
0.967
0.950
0.811
0.690
0.692
0.819
0.930
0.911
0.973
0.920
0.895
0.909
0.919
0.897
0.934
0.892
0.870
0.841
0.863
0.882
0.928
0.934
0.871
0.891
0.911
0.922
0.921
0.899
0.864
0.907
0.951
0.971
0.973
0.973
0.901
0.932
0.919
0.953
0.951
0.977
0.866
0.956
0.908
0.902
0.931
0.962
0.976
0.981
0.869
0.821
0.923
0.926
0.948
0.982
0.878
0.841
0.969
0.903
0.912
0.974
0.860
0.916
0.901
0.916
0.901
0.949
0.884
0.965
0.975
0.981
0.980
0.943
0.881
0.968
0.929
0.827
0.961
0.971
0.893
0.921
0.904
0.874
0.933
0.958
0.945
0.966
0.974
0.907
0.981
0.911
0.949
0.972
0.983
0.903
0.921
0.876
0.920
0.946
0.925
0.906
0.953
0.937
0.965
0.952
0.955
0.879
0.982
0.853
0.830
0.896
0.942
0.965
0.975
0.901
0.950
0.969
0.910
0.962
0.921
0.943
0.881
0.915
0.839
0.965
0.974
0.978
0.951
0.938
0.881
0.897
0.825
0.884
0.899
0.947
0.948
0.966
0.907
0.829
0.749
0.809
0.881
0.917
0.746
0.743
0.725
0.708
0.727
0.855
0.838
0.887
0.904
0.958
0.952
0.971
0.888
0.748
0.846
0.769
0.807
0.877
0.834
0.789
0.765
0.793
0.881
0.898
0.937
0.968
0.793
0.738
0.689
0.679
0.887
0.937
0.964
0.931
0.726
0.652
0.641
0.747
0.830
0.959
0.911
0.823
0.922
0.747
0.801
0.902
0.736
0.758
0.779
0.910
0.726
0.728
0.821
0.750
0.690
0.658
0.705
0.704
0.903
0.651
0.623
0.691
0.691
0.614
0.624
0.683
0.540
0.501
0.533
0.557
0.600
0.574
0.640
0.661
0.625
0.835
0.590
0.584
0.658
0.533
0.423
0.378
0.502
0.526
0.527
0.618
0.835
0.727
0.646
0.596
0.514
0.531
0.559
0.694
0.864
0.673
0.598
0.600
0.767
0.628
0.577
0.525
0.649
0.639
0.723
0.587
0.598
0.480
0.434
0.503
0.526
0.516
0.433
0.560
0.571
0.514
0.708
0.751
0.690
0.644
0.574
0.507
0.549
0.716
0.619
0.592
0.532
0.530
0.536
0.587
0.490
0.442
0.559
0.789
0.667
0.460
0.609
0.569
0.641
0.816
0.578
0.501
0.497
0.795
0.585
0.511
0.477
0.548
0.657
0.694
0.608
0.589
0.627
0.592
0.504
0.891
0.751
0.840
0.645
0.780
0.891
0.880
0.832
0.913
0.908
0.847
0.804
0.936
0.865
0.961
0.769
0.739
0.794
0.658
0.489
0.621
0.899
0.939
0.899
0.874
0.851
0.920
0.921
0.841
0.942
0.827
0.861
0.923
0.660
0.706
0.670
0.789
0.882
0.869
0.968
0.876
0.877
0.677
0.650
0.870
0.881
0.795
0.840
0.832
0.811
0.921
0.824
0.834
0.866
0.907
0.889
0.691
0.926
0.771
0.897
0.969
0.934
0.812
0.934
0.956
0.928
0.837
0.836
0.933
0.938
0.945
0.847
0.686
0.636
0.759
0.755
0.755
0.673
0.650
0.920
0.960
0.856
0.885
0.934
0.976
0.963
0.856
0.968
0.862
0.954
0.965
0.927
0.792
0.843
0.947
0.972
0.869
0.877
0.912
0.907
0.937
0.923
0.936
0.932
0.944
0.968
0.882
0.904
0.950
0.974
0.947
0.836
0.969
0.954
0.954
0.973
0.953
0.964
0.971
0.843
0.843
0.907
0.921
0.960
0.960
0.881
0.952
0.868
0.940
0.937
0.927
0.926
0.964
0.956
0.960
0.911
0.968
0.975
0.797
0.756
0.657
0.785
0.617
0.764
0.819
0.911
0.945
0.771
0.878
0.885
0.915
0.959
0.926
0.944
0.934
0.960
0.927
0.944
0.937
0.966
0.980
0.953
0.918
0.948
0.923
0.902
0.955
0.943
0.953
0.852
0.860
0.964
0.967
0.903
0.867
0.967
0.970
0.981
0.954
0.963
0.939
0.921
0.932
0.950
0.927
0.938
0.969
0.921
0.941
0.842
0.914
0.951
0.948
0.909
0.940
0.936
0.904
0.904
0.877
0.932
0.950
0.911
0.949
0.958
0.976
0.914
0.977
0.938
0.805
0.783
0.760
0.835
0.810
0.814
0.951
0.906
0.882
0.941
0.960
0.953
0.918
0.807
0.925
0.934
0.914
0.917
0.893
0.917
0.921
0.963
0.790
0.828
0.850
0.965
0.860
0.766
0.700
0.834
0.804
0.900
0.900
0.779
0.801
0.896
0.841
0.880
0.896
0.880
0.782
0.910
0.951
0.657
0.561
0.660
0.673
0.695
0.909
0.891
0.896
0.886
0.732
0.636
0.684
0.852
0.709
0.606
0.589
0.676
0.723
0.664
0.652
0.646
0.683
0.664
0.633
0.605
0.675
0.759
0.884
0.912
0.906
0.785
0.702
0.744
0.669
0.562
0.648
0.534
0.552
0.501
0.485
0.527
0.522
0.556
0.528
0.729
0.949
0.677
0.646
0.560
0.605
0.517
0.471
0.492
0.443
0.396
0.410
0.453
0.698
0.425
0.348
0.386
0.440
0.516
0.580
0.542
0.501
0.571
0.523
0.544
0.486
0.436
0.539
0.577
0.536
0.460
0.355
0.332
0.445
0.508
0.559
0.578
0.531
0.832
0.801
0.762
0.648
0.562
0.502
0.519
0.473
0.554
0.534
0.573
0.831
0.645
0.516
0.635
0.741
0.883
0.879
0.806
0.844
0.749
0.651
0.691
0.629
0.615
0.674
0.664
0.933
0.895
0.735
0.647
0.502
0.469
0.531
0.547
0.656
0.715
0.665
0.632
0.550
0.543
0.617
0.577
0.804
0.821
0.786
0.819
0.916
0.851
0.672
0.604
0.826
0.656
0.660
0.590
0.690
0.560
0.823
0.585
0.567
0.711
0.572
0.536
0.662
0.612
0.601
0.863
0.662
0.706
0.681
0.737
0.652
0.770
0.902
0.901
0.959
0.861
0.953
0.923
0.961
0.961
0.954
0.892
0.881
0.937
0.878
0.887
0.919
0.953
0.809
0.932
0.893
0.913
0.922
0.914
0.798
0.842
0.819
0.861
0.954
0.935
0.953
0.851
0.944
0.845
0.929
0.856
0.819
0.893
0.921
0.741
0.904
0.790
0.856
0.711
0.707
0.723
0.708
0.615
0.760
0.978
0.906
0.783
0.946
0.780
0.933
0.903
0.934
0.898
0.841
0.916
0.883
0.778
0.854
0.926
0.907
0.882
0.824
0.781
0.786
0.936
0.770
0.713
0.925
0.902
0.723
0.797
0.759
0.956
0.754
0.826
0.888
0.868
0.954
0.893
0.928
0.901
0.721
0.720
0.809
0.876
0.815
0.929
0.926
0.943
0.864
0.951
0.966
0.969
0.964
0.959
0.959
0.887
0.914
0.971
0.925
0.939
0.972
0.973
0.980
0.921
0.918
0.944
0.927
0.816
0.839
0.933
0.923
0.818
0.778
0.952
0.853
0.901
0.818
0.856
0.865
0.864
0.890
0.936
0.954
0.975
0.913
0.928
0.941
0.842
0.877
0.885
0.977
0.827
0.745
0.709
0.811
0.906
0.936
0.916
0.882
0.965
0.977
0.792
0.752
0.837
0.830
0.821
0.883
0.935
0.898
0.956
0.948
0.927
0.976
0.909
0.942
0.912
0.937
0.879
0.765
0.812
0.726
0.887
0.845
0.828
0.917
0.951
0.970
0.968
0.875
0.840
0.981
0.878
0.914
0.819
0.775
0.682
0.709
0.807
0.835
0.794
0.943
0.916
0.891
0.857
0.773
0.791
0.771
0.937
0.944
0.881
0.862
0.946
0.711
0.814
0.683
0.649
0.614
0.700
0.873
0.848
0.722
0.703
0.591
0.667
0.702
0.831
0.975
0.882
0.888
0.771
0.764
0.699
0.843
0.878
0.845
0.760
0.721
0.801
0.857
0.894
0.784
0.879
0.844
0.775
0.738
0.704
0.679
0.625
0.701
0.637
0.822
0.539
0.583
0.537
0.561
0.654
0.678
0.722
0.711
0.690
0.680
0.708
0.712
0.655
0.566
0.767
0.611
0.577
0.553
0.514
0.561
0.615
0.618
0.689
0.641
0.672
0.553
0.417
0.512
0.396
0.366
0.390
0.459
0.401
0.443
0.433
0.396
0.318
0.353
0.265
0.349
0.503
0.426
0.411
0.345
0.399
0.400
0.435
0.470
0.457
0.495
0.647
0.740
0.755
0.691
0.698
0.617
0.737
0.784
0.613
0.503
0.531
0.744
0.467
0.416
0.496
0.492
0.647
0.704
0.567
0.620
0.559
0.561
0.504
0.480
0.615
0.557
0.482
0.471
0.420
0.607
0.669
0.863
0.740
0.831
0.920
0.973
0.794
0.677
0.720
0.639
0.773
0.635
0.624
0.607
0.645
0.530
0.543
0.553
0.762
0.873
0.860
0.833
0.689
0.633
0.478
0.508
0.685
0.707
0.656
0.625
0.536
0.540
0.797
0.753
0.895
0.935
0.834
0.833
0.862
0.724
0.717
0.955
0.720
0.873
0.758
0.786
0.699
0.796
0.689
0.768
0.922
0.725
0.777
0.694
0.936
0.933
0.936
0.937
0.906
0.820
0.899
0.967
0.937
0.928
0.907
0.819
0.943
0.859
0.924
0.903
0.947
0.965
0.916
0.707
0.759
0.856
0.946
0.965
0.972
0.930
0.939
0.944
0.970
0.902
0.914
0.976
0.901
0.938
0.889
0.868
0.764
0.858
0.871
0.921
0.911
0.921
0.842
0.942
0.889
0.913
0.912
0.963
0.963
0.960
0.970
0.958
0.824
0.910
0.957
0.980
0.890
0.841
0.942
0.913
0.909
0.978
0.978
0.876
0.764
0.834
0.923
0.917
0.897
0.978
0.856
0.930
0.970
0.982
0.906
0.923
0.915
0.981
0.981
0.950
0.973
0.881
0.840
0.961
0.933
0.932
0.967
0.940
0.932
0.976
0.956
0.951
0.898
0.925
0.933
0.965
0.984
0.931
0.935
0.960
0.884
0.968
0.870
0.884
0.850
0.950
0.965
0.938
0.951
0.929
0.899
0.928
0.975
0.968
0.943
0.852
0.928
0.978
0.977
0.950
0.940
0.956
0.973
0.961
0.976
0.976
0.863
0.929
0.971
0.888
0.900
0.876
0.944
0.925
0.960
0.929
0.946
0.905
0.980
0.790
0.775
0.764
0.880
0.864
0.893
0.931
0.932
0.971
0.890
0.967
0.977
0.929
0.880
0.764
0.709
0.772
0.806
0.919
0.913
0.927
0.934
0.969
0.881
0.915
0.983
0.975
0.907
0.936
0.924
0.929
0.832
0.944
0.928
0.829
0.949
0.813
0.950
0.945
0.812
0.886
0.941
0.946
0.968
0.787
0.750
0.770
0.765
0.764
0.728
0.649
0.684
0.709
0.728
0.718
0.841
0.706
0.920
0.925
0.839
0.773
0.754
0.748
0.711
0.675
0.654
0.682
0.792
0.834
0.906
0.972
0.739
0.605
0.714
0.687
0.658
0.694
0.682
0.759
0.702
0.694
0.581
0.616
0.620
0.578
0.556
0.563
0.507
0.514
0.569
0.615
0.593
0.592
0.500
0.491
0.533
0.506
0.514
0.564
0.610
0.600
0.641
0.531
0.473
0.489
0.450
0.408
0.460
0.614
0.666
0.805
0.793
0.668
0.706
0.842
0.597
0.569
0.637
0.585
0.590
0.746
0.802
0.737
0.779
0.789
0.689
0.632
0.635
0.593
0.655
0.800
0.763
0.732
0.678
0.521
0.526
0.637
0.706
0.635
0.679
0.812
0.684
0.542
0.538
0.532
0.455
0.416
0.475
0.434
0.486
0.551
0.517
0.406
0.514
0.556
0.586
0.674
0.866
0.692
0.686
0.579
0.541
0.531
0.491
0.493
0.605
0.602
0.738
0.729
0.682
0.712
0.695
0.820
0.574
0.600
0.579
0.560
0.698
0.801
0.740
0.579
0.622
0.680
0.632
0.576
0.702
0.915
0.844
0.794
0.811
0.923
0.694
0.791
0.781
0.783
0.765
0.623
0.761
0.824
0.800
0.706
0.811
0.677
0.919
0.732
0.860
0.917
0.838
0.640
0.569
0.650
0.873
0.806
0.723
0.741
0.929
0.695
0.735
0.850
0.937
0.928
0.888
0.704
0.753
0.931
0.935
0.943
0.794
0.837
0.952
0.977
0.870
0.813
0.851
0.915
0.934
0.764
0.932
0.930
0.965
0.787
0.777
0.669
0.642
0.770
0.670
0.604
0.644
0.800
0.843
0.850
0.823
0.928
0.929
0.896
0.861
0.843
0.843
0.888
0.875
0.886
0.752
0.811
0.762
0.949
0.917
0.979
0.965
0.893
0.817
0.878
0.966
0.954
0.932
0.789
0.775
0.782
0.888
0.969
0.948
0.964
0.835
0.927
0.862
0.911
0.786
0.829
0.859
0.772
0.666
0.753
0.912
0.966
0.860
0.974
0.915
0.959
0.962
0.930
0.939
0.961
0.923
0.964
0.860
0.865
0.963
0.936
0.881
0.919
0.981
0.967
0.953
0.885
0.913
0.963
0.980
0.945
0.968
0.937
0.970
0.983
0.971
0.905
0.897
0.935
0.977
0.966
0.926
0.981
0.960
0.964
0.947
0.951
0.908
0.964
0.966
0.957
0.970
0.884
0.924
0.934
0.959
0.917
0.917
0.777
0.715
0.699
0.663
0.568
0.602
0.617
0.800
0.940
0.976
0.909
0.977
0.891
0.971
0.980
0.891
0.962
0.945
0.924
0.962
0.943
0.937
0.932
0.911
0.960
0.964
0.929
0.910
0.908
0.947
0.897
0.949
0.960
0.971
0.941
0.913
0.935
0.826
0.722
0.849
0.938
0.822
0.822
0.922
0.978
0.877
0.875
0.926
0.956
0.963
0.968
0.931
0.854
0.741
0.809
0.956
0.787
0.760
0.802
0.778
0.813
0.890
0.739
0.757
0.963
0.856
0.931
0.886
0.800
0.941
0.954
0.958
0.888
0.903
0.857
0.882
0.879
0.889
0.874
0.875
0.873
0.716
0.857
0.813
0.714
0.742
0.719
0.663
0.743
0.764
0.653
0.838
0.718
0.705
0.631
0.716
0.628
0.565
0.535
0.557
0.613
0.612
0.567
0.604
0.630
0.636
0.699
0.602
0.585
0.626
0.741
0.644
0.579
0.596
0.556
0.534
0.552
0.598
0.558
0.631
0.566
0.526
0.548
0.611
0.908
0.907
0.719
0.898
0.911
0.897
0.659
0.725
0.571
0.488
0.466
0.447
0.513
0.487
0.624
0.692
0.798
0.768
0.842
0.937
0.751
0.740
0.756
0.714
0.616
0.584
0.499
0.482
0.489
0.574
0.561
0.519
0.495
0.549
0.549
0.513
0.573
0.526
0.633
0.561
0.556
0.540
0.698
0.665
0.665
0.585
0.876
0.880
0.628
0.503
0.450
0.478
0.538
0.803
0.591
0.585
0.690
0.884
0.804
0.709
0.861
0.504
0.557
0.487
0.546
0.487
0.593
0.719
0.638
0.584
0.536
0.561
0.475
0.684
0.547
0.520
0.448
0.413
0.577
0.645
0.528
0.511
0.656
0.634
0.915
0.780
0.584
0.540
0.611
0.523
0.589
0.773
0.615
0.692
0.601
0.618
0.631
0.679
0.772
0.632
0.487
0.468
0.534
0.472
0.511
0.571
0.792
0.706
0.594
0.599
0.780
0.957
0.722
0.836
0.853
0.901
0.832
0.896
0.845
0.905
0.936
0.830
0.914
0.703
0.792
0.976
0.922
0.792
0.902
0.902
0.846
0.772
0.607
0.571
0.789
0.731
0.696
0.939
0.774
0.945
0.977
0.966
0.915
0.854
0.876
0.906
0.838
0.954
0.890
0.892
0.826
0.778
0.799
0.797
0.869
0.928
0.962
0.907
0.780
0.777
0.838
0.873
0.881
0.775
0.922
0.943
0.799
0.911
0.944
0.969
0.860
0.879
0.947
0.953
0.899
0.882
0.940
0.975
0.906
0.887
0.882
0.828
0.702
0.716
0.882
0.925
0.875
0.862
0.850
0.919
0.865
0.797
0.731
0.925
0.837
0.904
0.812
0.747
0.778
0.903
0.900
0.911
0.847
0.874
0.964
0.863
0.853
0.858
0.730
0.778
0.911
0.940
0.857
0.947
0.973
0.849
0.950
0.967
0.958
0.947
0.888
0.889
0.834
0.904
0.830
0.951
0.977
0.915
0.881
0.836
0.930
0.872
0.959
0.878
0.941
0.925
0.956
0.941
0.842
0.873
0.947
0.950
0.937
0.956
0.968
0.967
0.872
0.756
0.932
0.965
0.863
0.928
0.857
0.894
0.897
0.953
0.900
0.953
0.949
0.961
0.926
0.945
0.867
0.914
0.949
0.979
0.935
0.836
0.919
0.870
0.884
0.902
0.887
0.924
0.826
0.803
0.963
0.889
0.886
0.775
0.749
0.743
0.775
0.917
0.873
0.975
0.896
0.895
0.936
0.854
0.669
0.566
0.530
0.525
0.606
0.643
0.812
0.730
0.951
0.959
0.968
0.891
0.923
0.967
0.830
0.752
0.731
0.684
0.661
0.664
0.703
0.703
0.874
0.815
0.840
0.857
0.924
0.765
0.717
0.723
0.694
0.727
0.847
0.808
0.787
0.865
0.756
0.699
0.758
0.757
0.651
0.564
0.623
0.626
0.688
0.694
0.636
0.639
0.570
0.638
0.688
0.601
0.576
0.836
0.711
0.580
0.547
0.592
0.593
0.618
0.723
0.633
0.731
0.842
0.736
0.672
0.619
0.620
0.696
0.797
0.731
0.640
0.541
0.528
0.446
0.409
0.522
0.567
0.617
0.581
0.609
0.685
0.736
0.706
0.873
0.664
0.724
0.482
0.487
0.470
0.499
0.547
0.541
0.740
0.835
0.557
0.529
0.469
0.380
0.457
0.412
0.546
0.601
0.484
0.528
0.350
0.289
0.309
0.447
0.524
0.571
0.630
0.614
0.482
0.548
0.558
0.625
0.561
0.478
0.555
0.459
0.377
0.342
0.400
0.555
0.708
0.645
0.382
0.362
0.345
0.343
0.343
0.518
0.682
0.608
0.600
0.915
0.662
0.598
0.484
0.483
0.430
0.530
0.475
0.514
0.647
0.495
0.486
0.481
0.396
0.484
0.618
0.564
0.631
0.910
0.953
0.866
0.687
0.581
0.618
0.693
0.942
0.947
0.789
0.847
0.978
0.935
0.907
0.770
0.908
0.925
0.951
0.845
0.980
0.908
0.932
0.835
0.712
0.861
0.924
0.928
0.897
0.907
0.885
0.697
0.881
0.855
0.760
0.794
0.807
0.925
0.790
0.855
0.957
0.860
0.884
0.808
0.738
0.767
0.829
0.864
0.936
0.932
0.963
0.977
0.973
0.832
0.888
0.956
0.834
0.857
0.952
0.871
0.746
0.614
0.627
0.836
0.699
0.702
0.821
0.953
0.712
0.608
0.795
0.926
0.849
0.704
0.964
0.949
0.898
0.853
0.877
0.859
0.759
0.886
0.836
0.885
0.895
0.962
0.962
0.862
0.968
0.969
0.973
0.817
0.934
0.972
0.968
0.963
0.956
0.916
0.948
0.955
0.962
0.980
0.970
0.975
0.945
0.955
0.911
0.941
0.951
0.960
0.913
0.929
0.926
0.957
0.974
0.977
0.926
0.956
0.952
0.899
0.957
0.982
0.968
0.973
0.941
0.889
0.969
0.967
0.971
0.957
0.886
0.879
0.817
0.919
0.890
0.917
0.812
0.939
0.974
0.861
0.896
0.746
0.802
0.769
0.776
0.927
0.967
0.971
0.938
0.972
0.871
0.951
0.854
0.849
0.931
0.926
0.900
0.853
0.971
0.968
0.924
0.928
0.857
0.861
0.932
0.959
0.960
0.956
0.969
0.959
0.901
0.974
0.982
0.961
0.940
0.938
0.978
0.955
0.904
0.921
0.957
0.960
0.980
0.976
0.865
0.799
0.812
0.851
0.927
0.902
0.916
0.873
0.960
0.956
0.971
0.980
0.918
0.967
0.862
0.958
0.866
0.900
0.956
0.953
0.907
0.950
0.966
0.955
0.939
0.969
0.960
0.971
0.952
0.920
0.854
0.804
0.773
0.764
0.847
0.863
0.908
0.843
0.929
0.933
0.926
0.852
0.848
0.819
0.889
0.917
0.918
0.805
0.827
0.856
0.814
0.840
0.881
0.880
0.858
0.856
0.813
0.802
0.870
0.803
0.842
0.965
0.967
0.855
0.812
0.938
0.825
0.767
0.904
0.857
0.923
0.922
0.869
0.891
0.792
0.845
0.908
0.916
0.773
0.792
0.769
0.756
0.673
0.653
0.669
0.736
0.700
0.820
0.848
0.937
0.846
0.741
0.791
0.670
0.589
0.670
0.641
0.613
0.685
0.633
0.559
0.608
0.573
0.489
0.517
0.476
0.469
0.537
0.480
0.546
0.656
0.822
0.555
0.493
0.496
0.525
0.668
0.638
0.449
0.430
0.510
0.586
0.679
0.514
0.569
0.419
0.379
0.463
0.421
0.358
0.398
0.414
0.847
0.630
0.595
0.609
0.564
0.542
0.459
0.474
0.484
0.523
0.488
0.613
0.499
0.431
0.481
0.481
0.464
0.631
0.673
0.597
0.585
0.802
0.805
0.661
0.652
0.484
0.577
0.580
0.549
0.565
0.837
0.666
0.725
0.678
0.673
0.700
0.548
0.458
0.432
0.421
0.543
0.658
0.541
0.541
0.578
0.557
0.625
0.564
0.484
0.481
0.620
0.612
0.574
0.631
0.511
0.466
0.439
0.681
0.477
0.503
0.482
0.539
0.861
0.592
0.523
0.509
0.518
0.511
0.677
0.880
0.643
0.642
0.864
0.886
0.742
0.597
0.607
0.803
0.714
0.656
0.795
0.780
0.723
0.624
0.860
0.948
0.691
0.909
0.916
0.849
0.777
0.734
0.801
0.696
0.764
0.940
0.803
0.902
0.692
0.639
0.958
0.975
0.922
0.908
0.857
0.723
0.763
0.933
0.944
0.956
0.832
0.906
0.890
0.959
0.970
0.914
0.880
0.823
0.722
0.765
0.928
0.655
0.600
0.642
0.630
0.621
0.630
0.658
0.623
0.611
0.571
0.587
0.833
0.654
0.806
0.687
0.744
0.732
0.752
0.825
0.872
0.792
0.902
0.950
0.948
0.748
0.745
0.927
0.770
0.853
0.942
0.956
0.938
0.924
0.870
0.931
0.975
0.861
0.925
0.774
0.891
0.976
0.977
0.885
0.816
0.940
0.845
0.683
0.682
0.913
0.960
0.900
0.955
0.917
0.854
0.947
0.969
0.807
0.906
0.943
0.972
0.964
0.899
0.876
0.865
0.955
0.973
0.848
0.922
0.937
0.922
0.981
0.967
0.867
0.907
0.851
0.805
0.850
0.923
0.929
0.979
0.881
0.767
0.845
0.913
0.941
0.821
0.956
0.966
0.906
0.889
0.858
0.970
0.885
0.980
0.962
0.966
0.957
0.951
0.973
0.971
0.933
0.904
0.950
0.927
0.943
0.942
0.933
0.957
0.944
0.968
0.969
0.941
0.921
0.970
0.944
0.904
0.962
0.969
0.966
0.956
0.965
0.952
0.886
0.952
0.895
0.914
0.950
0.945
0.905
0.919
0.941
0.866
0.929
0.902
0.945
0.883
0.900
0.894
0.946
0.947
0.908
0.917
0.929
0.805
0.749
0.793
0.762
0.747
0.761
0.774
0.901
0.919
0.850
0.722
0.722
0.689
0.815
0.834
0.941
0.870
0.788
0.927
0.857
0.771
0.653
0.707
0.692
0.630
0.700
0.784
0.841
0.942
0.903
0.924
0.883
0.883
0.794
0.758
0.733
0.683
0.730
0.825
0.768
0.781
0.771
0.793
0.718
0.796
0.958
0.918
0.749
0.689
0.668
0.771
0.845
0.965
0.910
0.900
0.715
0.692
0.748
0.726
0.714
0.641
0.734
0.709
0.672
0.701
0.889
0.753
0.641
0.547
0.511
0.486
0.510
0.607
0.623
0.628
0.623
0.784
0.653
0.561
0.647
0.653
0.704
0.605
0.604
0.712
0.710
0.679
0.579
0.548
0.574
0.503
0.595
0.590
0.599
0.606
0.645
0.537
0.525
0.443
0.479
0.458
0.487
0.503
0.428
0.358
0.326
0.371
0.364
0.414
0.525
0.496
0.473
0.436
0.459
0.512
0.433
0.445
0.500
0.493
0.710
0.701
0.668
0.566
0.543
0.521
0.500
0.523
0.532
0.548
0.654
0.575
0.491
0.402
0.458
0.500
0.500
0.500
0.496
0.506
0.656
0.684
0.636
0.811
0.549
0.543
0.479
0.491
0.442
0.458
0.594
0.486
0.582
0.508
0.604
0.699
0.656
0.539
0.625
0.517
0.713
0.705
0.643
0.600
0.678
0.757
0.709
0.641
0.687
0.700
0.680
0.625
0.657
0.832
0.653
0.563
0.608
0.604
0.621
0.538
0.560
0.537
0.723
0.594
0.491
0.492
0.485
0.762
0.877
0.851
0.718
0.733
0.785
0.692
0.716
0.607
0.669
0.556
0.586
0.536
0.493
0.594
0.755
0.770
0.745
0.790
0.610
0.563
0.644
0.722
0.653
0.642
0.484
0.607
0.654
0.488
0.489
0.574
0.816
0.693
0.627
0.630
0.661
0.797
0.925
0.842
0.797
0.757
0.678
0.908
0.697
0.558
0.552
0.728
0.670
0.660
0.795
0.917
0.882
0.926
0.904
0.887
0.983
0.909
0.981
0.923
0.943
0.970
0.934
0.909
0.954
0.815
0.889
0.879
0.832
0.905
0.768
0.795
0.808
0.842
0.703
0.708
0.828
0.923
0.963
0.771
0.928
0.830
0.870
0.937
0.976
0.904
0.972
0.863
0.925
0.928
0.843
0.920
0.963
0.934
0.853
0.921
0.950
0.894
0.966
0.928
0.962
0.944
0.970
0.921
0.962
0.958
0.886
0.911
0.921
0.903
0.935
0.887
0.667
0.732
0.791
0.873
0.913
0.823
0.959
0.963
0.962
0.943
0.935
0.965
0.961
0.973
0.981
0.910
0.874
0.929
0.974
0.962
0.955
0.937
0.936
0.839
0.926
0.951
0.966
0.954
0.919
0.842
0.890
0.846
0.919
0.864
0.848
0.910
0.787
0.819
0.867
0.840
0.717
0.851
0.891
0.958
0.954
0.917
0.795
0.821
0.889
0.918
0.876
0.864
0.891
0.923
0.889
0.744
0.818
0.888
0.874
0.924
0.931
0.962
0.982
0.982
0.842
0.809
0.909
0.888
0.860
0.856
0.859
0.933
0.830
0.735
0.788
0.923
0.911
0.930
0.906
0.841
0.756
0.888
0.935
0.862
0.878
0.839
0.817
0.962
0.896
0.868
0.823
0.801
0.698
0.665
0.709
0.695
0.731
0.786
0.971
0.764
0.761
0.687
0.597
0.675
0.694
0.668
0.700
0.644
0.566
0.662
0.606
0.625
0.730
0.765
0.704
0.796
0.706
0.860
0.843
0.823
0.762
0.687
0.824
0.811
0.635
0.731
0.759
0.796
0.867
0.844
0.765
0.728
0.775
0.718
0.720
0.812
0.705
0.743
0.657
0.635
0.663
0.548
0.510
0.493
0.469
0.454
0.562
0.556
0.479
0.404
0.373
0.333
0.404
0.386
0.453
0.620
0.717
0.654
0.608
0.589
0.531
0.498
0.435
0.389
0.413
0.523
0.634
0.569
0.588
0.787
0.684
0.592
0.681
0.594
0.592
0.516
0.555
0.663
0.766
0.588
0.484
0.567
0.792
0.769
0.873
0.815
0.818
0.880
0.711
0.763
0.636
0.560
0.480
0.534
0.553
0.646
0.696
0.590
0.652
0.629
0.628
0.590
0.835
0.480
0.527
0.602
0.860
0.733
0.730
0.661
0.514
0.533
0.511
0.569
0.634
0.672
0.816
0.728
0.874
0.867
0.863
0.880
0.844
0.663
0.655
0.679
0.767
0.973
0.680
0.706
0.674
0.722
0.848
0.963
0.956
0.866
0.897
0.878
0.914
0.808
0.935
0.829
0.561
0.663
0.698
0.864
0.807
0.634
0.668
0.817
0.766
0.918
0.877
0.969
0.832
0.743
0.787
0.728
0.933
0.750
0.797
0.811
0.918
0.884
0.968
0.949
0.830
0.946
0.966
0.925
0.798
0.949
0.951
0.873
0.941
0.895
0.949
0.953
0.953
0.976
0.961
0.947
0.967
0.938
0.952
0.929
0.970
0.976
0.853
0.736
0.918
0.902
0.915
0.971
0.962
0.875
0.916
0.807
0.741
0.621
0.548
0.704
0.750
0.849
0.818
0.695
0.587
0.549
0.568
0.610
0.839
0.867
0.978
0.842
0.752
0.900
0.896
0.854
0.950
0.886
0.902
0.916
0.884
0.939
0.952
0.972
0.980
0.913
0.875
0.831
0.914
0.982
0.968
0.865
0.946
0.967
0.905
0.943
0.956
0.958
0.976
0.929
0.926
0.966
0.964
0.964
0.977
0.908
0.970
0.967
0.923
0.692
0.859
0.834
0.919
0.941
0.962
0.926
0.976
0.913
0.948
0.936
0.934
0.950
0.824
0.972
0.963
0.958
0.872
0.936
0.953
0.974
0.923
0.960
0.971
0.899
0.971
0.920
0.940
0.945
0.967
0.958
0.950
0.971
0.896
0.974
0.888
0.929
0.927
0.961
0.948
0.888
0.956
0.889
0.850
0.845
0.922
0.964
0.972
0.973
0.972
0.902
0.947
0.972
0.940
0.963
0.961
0.979
0.941
0.939
0.961
0.982
0.888
0.927
0.911
0.943
0.876
0.899
0.877
0.928
0.915
0.950
0.940
0.948
0.876
0.788
0.855
0.865
0.905
0.878
0.807
0.772
0.925
0.888
0.952
0.952
0.942
0.826
0.857
0.849
0.697
0.706
0.736
0.867
0.910
0.902
0.886
0.805
0.871
0.863
0.796
0.884
0.827
0.894
0.906
0.796
0.882
0.841
0.760
0.898
0.737
0.758
0.672
0.717
0.950
0.772
0.662
0.582
0.588
0.601
0.601
0.609
0.632
0.609
0.699
0.876
0.949
0.693
0.771
0.836
0.739
0.695
0.787
0.944
0.776
0.718
0.665
0.583
0.651
0.740
0.670
0.639
0.768
0.822
0.861
0.674
0.596
0.677
0.756
0.668
0.836
0.712
0.730
0.637
0.722
0.636
0.615
0.588
0.580
0.687
0.572
0.559
0.590
0.592
0.588
0.528
0.512
0.471
0.621
0.490
0.584
0.639
0.627
0.642
0.693
0.526
0.577
0.660
0.664
0.583
0.675
0.595
0.535
0.513
0.718
0.810
0.653
0.756
0.908
0.574
0.477
0.675
0.488
0.499
0.455
0.632
0.748
0.599
0.647
0.585
0.670
0.588
0.586
0.498
0.578
0.731
0.894
0.685
0.567
0.560
0.428
0.386
0.422
0.560
0.599
0.776
0.628
0.646
0.703
0.779
0.955
0.726
0.568
0.543
0.626
0.864
0.865
0.722
0.856
0.787
0.939
0.670
0.651
0.882
0.813
0.956
0.864
0.666
0.800
0.978
0.912
0.911
0.820
0.828
0.811
0.954
0.941
0.880
0.980
0.903
0.981
0.885
0.910
0.922
0.711
0.629
0.833
0.942
0.928
0.893
0.963
0.940
0.903
0.816
0.959
0.892
0.855
0.784
0.869
0.890
0.934
0.828
0.846
0.688
0.654
0.867
0.854
0.876
0.844
0.841
0.885
0.965
0.957
0.872
0.942
0.801
0.800
0.762
0.850
0.936
0.963
0.967
0.820
0.765
0.922
0.964
0.887
0.973
0.897
0.969
0.946
0.941
0.977
0.918
0.962
0.953
0.978
0.851
0.845
0.879
0.792
0.859
0.767
0.671
0.853
0.874
0.872
0.680
0.880
0.947
0.833
0.921
0.916
0.769
0.805
0.883
0.937
0.851
0.931
0.913
0.837
0.854
0.811
0.923
0.977
0.810
0.840
0.922
0.967
0.956
0.931
0.922
0.946
0.870
0.938
0.862
0.894
0.912
0.968
0.973
0.879
0.902
0.912
0.958
0.968
0.956
0.889
0.948
0.920
0.947
0.827
0.940
0.957
0.809
0.875
0.956
0.905
0.904
0.972
0.979
0.897
0.957
0.955
0.970
0.971
0.957
0.916
0.955
0.918
0.965
0.943
0.952
0.904
0.897
0.929
0.972
0.936
0.867
0.866
0.914
0.972
0.961
0.810
0.843
0.804
0.904
0.913
0.932
0.874
0.823
0.866
0.978
0.943
0.971
0.948
0.915
0.960
0.948
0.968
0.964
0.920
0.847
0.774
0.705
0.772
0.855
0.761
0.801
0.922
0.964
0.890
0.937
0.951
0.933
0.953
0.964
0.804
0.857
0.869
0.937
0.977
0.951
0.890
0.935
0.930
0.954
0.775
0.788
0.852
0.858
0.973
0.943
0.925
0.882
0.913
0.883
0.773
0.795
0.768
0.749
0.798
0.874
0.766
0.875
0.856
0.964
0.941
0.958
0.916
0.966
0.965
0.903
0.879
0.889
0.948
0.972
0.941
0.900
0.932
0.826
0.790
0.759
0.733
0.823
0.827
0.769
0.810
0.766
0.732
0.929
0.872
0.949
0.826
0.833
0.952
0.909
0.832
0.886
0.846
0.901
0.732
0.691
0.756
0.709
0.644
0.719
0.679
0.859
0.761
0.771
0.861
0.743
0.674
0.708
0.710
0.621
0.600
0.532
0.585
0.614
0.649
0.679
0.588
0.612
0.574
0.667
0.569
0.608
0.556
0.568
0.542
0.500
0.506
0.623
0.775
0.662
0.650
0.784
0.850
0.857
0.832
0.772
0.667
0.608
0.584
0.519
0.635
0.622
0.658
0.527
0.473
0.587
0.600
0.684
0.934
0.770
0.928
0.624
0.524
0.443
0.400
0.491
0.483
0.433
0.503
0.504
0.618
0.562
0.704
0.637
0.773
0.732
0.833
0.648
0.630
0.588
0.562
0.478
0.562
0.672
0.770
0.647
0.789
0.706
0.969
0.672
0.589
0.651
0.672
0.843
0.764
0.948
0.902
0.850
0.690
0.908
0.856
0.952
0.896
0.931
0.828
0.810
0.784
0.925
0.751
0.640
0.628
0.503
0.518
0.551
0.611
0.611
0.624
0.720
0.657
0.636
0.647
0.610
0.590
0.551
0.972
0.757
0.859
0.925
0.947
0.979
0.965
0.768
0.698
0.977
0.775
0.837
0.632
0.909
0.891
0.814
0.928
0.963
0.796
0.776
0.682
0.601
0.868
0.945
0.814
0.781
0.897
0.880
0.923
0.926
0.862
0.785
0.816
0.773
0.914
0.859
0.819
0.886
0.824
0.939
0.824
0.895
0.834
0.844
0.910
0.967
0.937
0.851
0.845
0.966
0.960
0.932
0.973
0.820
0.883
0.820
0.793
0.848
0.913
0.877
0.784
0.693
0.785
0.957
0.868
0.951
0.936
0.819
0.924
0.935
0.934
0.950
0.925
0.899
0.969
0.926
0.902
0.958
0.811
0.804
0.892
0.848
0.845
0.825
0.885
0.827
0.837
0.887
0.850
0.920
0.843
0.836
0.787
0.722
0.832
0.816
0.831
0.797
0.728
0.848
0.917
0.927
0.877
0.973
0.934
0.973
0.905
0.794
0.878
0.873
0.927
0.947
0.892
0.954
0.972
0.941
0.889
0.771
0.625
0.644
0.541
0.889
0.886
0.872
0.946
0.897
0.968
0.843
0.891
0.928
0.965
0.829
0.875
0.817
0.937
0.914
0.912
0.927
0.930
0.907
0.938
0.956
0.936
0.956
0.973
0.935
0.962
0.973
0.961
0.940
0.930
0.970
0.966
0.940
0.919
0.970
0.964
0.964
0.961
0.949
0.967
0.841
0.868
0.890
0.899
0.977
0.960
0.954
0.956
0.945
0.939
0.927
0.915
0.963
0.928
0.965
0.891
0.960
0.938
0.945
0.963
0.964
0.954
0.931
0.869
0.911
0.959
0.890
0.904
0.967
0.897
0.847
0.846
0.782
0.807
0.757
0.759
0.752
0.804
0.957
0.884
0.764
0.756
0.820
0.830
0.844
0.823
0.831
0.853
0.923
0.911
0.957
0.854
0.797
0.788
0.819
0.835
0.909
0.915
0.857
0.812
0.734
0.876
0.952
0.881
0.900
0.929
0.879
0.941
0.786
0.779
0.689
0.643
0.678
0.727
0.858
0.901
0.879
0.945
0.857
0.899
0.874
0.798
0.795
0.705
0.857
0.840
0.855
0.922
0.781
0.850
0.787
0.789
0.729
0.713
0.705
0.738
0.944
0.811
0.782
0.779
0.945
0.929
0.921
0.835
0.794
0.833
0.761
0.797
0.827
0.914
0.906
0.764
0.688
0.685
0.705
0.657
0.637
0.620
0.604
0.658
0.544
0.581
0.760
0.767
0.579
0.517
0.490
0.489
0.494
0.576
0.668
0.672
0.748
0.777
0.701
0.705
0.583
0.666
0.732
0.923
0.797
0.668
0.794
0.715
0.743
0.886
0.793
0.659
0.684
0.627
0.874
0.717
0.740
0.820
0.712
0.714
0.758
0.651
0.573
0.599
0.439
0.373
0.498
0.573
0.640
0.593
0.596
0.663
0.577
0.667
0.523
0.787
0.775
0.754
0.838
0.817
0.676
0.876
0.775
0.955
0.908
0.879
0.930
0.778
0.920
0.696
0.927
0.843
0.955
0.956
0.731
0.886
0.829
0.805
0.698
0.650
0.579
0.955
0.842
0.813
0.784
0.808
0.637
0.596
0.655
0.944
0.845
0.814
0.915
0.859
0.977
0.951
0.810
0.947
0.922
0.982
0.774
0.720
0.659
0.758
0.942
0.919
0.910
0.962
0.914
0.922
0.950
0.902
0.948
0.898
0.910
0.864
0.820
0.926
0.946
0.753
0.871
0.757
0.770
0.888
0.921
0.932
0.936
0.978
0.845
0.831
0.832
0.868
0.905
0.895
0.919
0.880
0.863
0.886
0.920
0.781
0.725
0.967
0.949
0.928
0.949
0.951
0.866
0.831
0.980
0.984
0.954
0.914
0.908
0.914
0.896
0.938
0.905
0.923
0.949
0.919
0.917
0.877
0.772
0.835
0.870
0.872
0.924
0.812
0.699
0.787
0.964
0.862
0.827
0.846
0.827
0.907
0.906
0.787
0.835
0.855
0.890
0.896
0.967
0.900
0.961
0.915
0.978
0.790
0.713
0.893
0.919
0.915
0.930
0.951
0.898
0.895
0.980
0.961
0.929
0.962
0.862
0.889
0.845
0.900
0.945
0.928
0.927
0.939
0.907
0.932
0.874
0.809
0.910
0.938
0.964
0.976
0.943
0.959
0.896
0.928
0.891
0.876
0.963
0.870
0.950
0.813
0.814
0.942
0.934
0.911
0.882
0.938
0.876
0.967
0.918
0.983
0.912
0.888
0.871
0.955
0.927
0.911
0.949
0.968
0.845
0.820
0.900
0.971
0.946
0.931
0.959
0.909
0.939
0.889
0.851
0.883
0.808
0.848
0.925
0.931
0.916
0.955
0.936
0.943
0.960
0.890
0.896
0.934
0.966
0.962
0.844
0.837
0.883
0.810
0.737
0.736
0.745
0.828
0.919
0.869
0.917
0.943
0.903
0.886
0.874
0.928
0.793
0.683
0.826
0.810
0.896
0.712
0.831
0.858
0.854
0.886
0.846
0.720
0.827
0.908
0.844
0.900
0.877
0.882
0.812
0.864
0.809
0.884
0.928
0.729
0.684
0.702
0.655
0.776
0.880
0.823
0.709
0.748
0.884
0.734
0.650
0.650
0.739
0.729
0.788
0.840
0.752
0.739
0.675
0.663
0.719
0.819
0.789
0.899
0.791
0.711
0.726
0.700
0.626
0.636
0.761
0.615
0.539
0.596
0.549
0.566
0.612
0.608
0.578
0.607
0.576
0.687
0.603
0.664
0.670
0.632
0.596
0.608
0.481
0.501
0.517
0.552
0.592
0.497
0.589
0.486
0.541
0.641
0.521
0.570
0.535
0.456
0.443
0.414
0.412
0.414
0.398
0.545
0.470
0.391
0.431
0.493
0.450
0.758
0.916
0.747
0.705
0.519
0.473
0.645
0.719
0.650
0.570
0.573
0.556
0.536
0.662
0.597
0.580
0.490
0.518
0.482
0.481
0.488
0.502
0.722
0.708
0.798
0.649
0.636
0.480
0.455
0.517
0.452
0.369
0.437
0.427
0.451
0.453
0.464
0.421
0.411
0.522
0.576
0.462
0.556
0.560
0.563
0.662
0.511
0.378
0.372
0.625
0.575
0.656
0.702
0.709
0.669
0.517
0.554
0.650
0.631
0.798
0.771
0.804
0.879
0.742
0.692
0.646
0.632
0.777
0.927
0.868
0.933
0.777
0.758
0.806
0.938
0.861
0.860
0.845
0.841
0.729
0.883
0.840
0.965
0.866
0.898
0.722
0.924
0.853
0.948
0.733
0.876
0.908
0.913
0.904
0.932
0.932
0.917
0.779
0.732
0.825
0.877
0.771
0.652
0.592
0.634
0.800
0.977
0.855
0.825
0.893
0.851
0.851
0.911
0.970
0.952
0.827
0.857
0.930
0.933
0.848
0.959
0.949
0.922
0.950
0.952
0.966
0.930
0.870
0.901
0.974
0.978
0.914
0.715
0.703
0.703
0.700
0.637
0.595
0.651
0.742
0.944
0.976
0.903
0.875
0.724
0.862
0.913
0.906
0.948
0.972
0.943
0.903
0.956
0.980
0.971
0.877
0.959
0.954
0.932
0.921
0.961
0.942
0.890
0.936
0.959
0.969
0.892
0.972
0.967
0.971
0.972
0.958
0.972
0.876
0.874
0.817
0.973
0.921
0.846
0.911
0.914
0.967
0.878
0.846
0.921
0.967
0.974
0.961
0.955
0.867
0.937
0.937
0.900
0.946
0.978
0.964
0.966
0.947
0.977
0.979
0.910
0.929
0.940
0.926
0.955
0.973
0.949
0.938
0.876
0.928
0.963
0.960
0.966
0.964
0.935
0.972
0.973
0.975
0.853
0.907
0.917
0.980
0.975
0.924
0.905
0.877
0.978
0.954
0.936
0.964
0.965
0.897
0.972
0.929
0.966
0.864
0.917
0.941
0.950
0.948
0.961
0.982
0.945
0.822
0.779
0.747
0.781
0.904
0.840
0.908
0.912
0.928
0.792
0.807
0.874
0.869
0.804
0.770
0.660
0.621
0.731
0.860
0.795
0.664
0.608
0.593
0.597
0.542
0.545
0.536
0.560
0.602
0.608
0.791
0.815
0.922
0.930
0.828
0.869
0.790
0.781
0.685
0.767
0.780
0.850
0.880
0.875
0.968
0.890
0.894
0.721
0.799
0.849
0.937
0.740
0.672
0.684
0.853
0.979
0.828
0.892
0.712
0.733
0.692
0.763
0.722
0.760
0.886
0.811
0.673
0.679
0.685
0.693
0.639
0.601
0.746
0.674
0.738
0.524
0.540
0.492
0.405
0.482
0.559
0.620
0.643
0.515
0.604
0.590
0.628
0.875
0.774
0.524
0.489
0.500
0.624
0.673
0.552
0.850
0.688
0.718
0.831
0.711
0.559
0.576
0.650
0.671
0.501
0.527
0.640
0.519
0.528
0.525
0.474
0.535
0.520
0.563
0.562
0.554
0.607
0.502
0.643
0.626
0.725
0.655
0.613
0.522
0.585
0.705
0.582
0.526
0.418
0.451
0.604
0.615
0.858
0.691
0.687
0.752
0.668
0.627
0.610
0.607
0.464
0.379
0.406
0.415
0.484
0.861
0.811
0.708
0.625
0.624
0.471
0.407
0.541
0.673
0.851
0.588
0.592
0.548
0.593
0.718
0.743
0.632
0.598
0.511
0.599
0.624
0.758
0.730
0.797
0.769
0.852
0.803
0.661
0.629
0.874
0.673
0.845
0.881
0.723
0.873
0.897
0.952
0.946
0.929
0.637
0.929
0.938
0.814
0.724
0.571
0.515
0.709
0.582
0.629
0.726
0.950
0.775
0.698
0.923
0.745
0.963
0.739
0.843
0.896
0.893
0.909
0.958
0.966
0.764
0.591
0.630
0.579
0.651
0.869
0.864
0.797
0.907
0.715
0.589
0.632
0.886
0.846
0.955
0.953
0.916
0.885
0.922
0.962
0.940
0.927
0.961
0.956
0.981
0.951
0.942
0.948
0.969
0.954
0.968
0.904
0.863
0.922
0.878
0.967
0.955
0.848
0.966
0.972
0.830
0.828
0.850
0.826
0.949
0.962
0.895
0.878
0.929
0.901
0.856
0.972
0.968
0.896
0.866
0.904
0.860
0.934
0.938
0.835
0.921
0.908
0.908
0.969
0.957
0.957
0.965
0.952
0.942
0.876
0.968
0.960
0.980
0.900
0.928
0.878
0.940
0.848
0.891
0.793
0.788
0.834
0.891
0.920
0.900
0.876
0.775
0.680
0.812
0.848
0.849
0.932
0.941
0.856
0.940
0.701
0.697
0.765
0.681
0.890
0.936
0.834
0.805
0.945
0.948
0.941
0.970
0.846
0.828
0.851
0.927
0.950
0.916
0.967
0.974
0.972
0.920
0.960
0.928
0.915
0.962
0.939
0.811
0.859
0.871
0.972
0.930
0.968
0.801
0.912
0.918
0.972
0.940
0.966
0.886
0.923
0.981
0.932
0.964
0.958
0.981
0.966
0.848
0.908
0.959
0.938
0.950
0.973
0.974
0.974
0.936
0.876
0.863
0.825
0.927
0.913
0.890
0.930
0.899
0.926
0.947
0.951
0.963
0.955
0.939
0.963
0.955
0.812
0.760
0.767
0.875
0.920
0.966
0.951
0.928
0.858
0.855
0.889
0.952
0.811
0.729
0.784
0.733
0.806
0.871
0.838
0.956
0.909
0.910
0.959
0.938
0.929
0.969
0.869
0.752
0.784
0.792
0.746
0.713
0.816
0.770
0.782
0.740
0.861
0.923
0.750
0.719
0.754
0.851
0.833
0.716
0.701
0.772
0.852
0.777
0.768
0.719
0.733
0.855
0.748
0.723
0.852
0.826
0.695
0.737
0.731
0.656
0.619
0.583
0.592
0.578
0.582
0.601
0.534
0.738
0.713
0.852
0.732
0.681
0.838
0.823
0.847
0.904
0.882
0.727
0.821
0.906
0.882
0.794
0.919
0.755
0.777
0.674
0.706
0.805
0.669
0.758
0.563
0.546
0.463
0.523
0.542
0.565
0.656
0.571
0.555
0.505
0.584
0.564
0.598
0.479
0.625
0.785
0.600
0.523
0.517
0.484
0.625
0.665
0.465
0.416
0.365
0.378
0.406
0.438
0.482
0.501
0.627
0.759
0.880
0.813
0.752
0.590
0.536
0.554
0.607
0.662
0.816
0.786
0.706
0.637
0.617
0.751
0.611
0.551
0.547
0.664
0.734
0.608
0.638
0.562
0.637
0.617
0.914
0.608
0.530
0.648
0.599
0.474
0.436
0.460
0.639
0.550
0.759
0.526
0.489
0.568
0.651
0.671
0.861
0.956
0.785
0.829
0.745
0.640
0.923
0.797
0.964
0.917
0.894
0.953
0.958
0.914
0.953
0.785
0.759
0.855
0.778
0.825
0.885
0.931
0.835
0.867
0.630
0.576
0.707
0.710
0.926
0.808
0.883
0.941
0.947
0.782
0.693
0.707
0.924
0.965
0.918
0.931
0.900
0.979
0.807
0.804
0.908
0.825
0.958
0.838
0.895
0.838
0.883
0.852
0.796
0.823
0.967
0.926
0.970
0.913
0.940
0.946
0.880
0.767
0.712
0.676
0.950
0.977
0.882
0.901
0.911
0.970
0.924
0.973
0.960
0.935
0.972
0.857
0.948
0.909
0.933
0.876
0.931
0.979
0.965
0.962
0.961
0.956
0.980
0.982
0.953
0.906
0.937
0.922
0.957
0.854
0.917
0.868
0.965
0.967
0.967
0.981
0.966
0.872
0.960
0.960
0.971
0.952
0.960
0.962
0.926
0.956
0.939
0.920
0.853
0.929
0.905
0.959
0.932
0.841
0.858
0.929
0.874
0.872
0.962
0.966
0.956
0.934
0.966
0.958
0.935
0.946
0.899
0.941
0.944
0.969
0.975
0.975
0.971
0.975
0.945
0.962
0.969
0.884
0.879
0.885
0.965
0.964
0.919
0.857
0.959
0.976
0.941
0.967
0.953
0.937
0.970
0.973
0.881
0.978
0.979
0.816
0.951
0.912
0.928
0.970
0.974
0.968
0.969
0.964
0.958
0.969
0.969
0.972
0.963
0.931
0.973
0.934
0.865
0.949
0.980
0.959
0.964
0.880
0.846
0.920
0.919
0.919
0.945
0.865
0.877
0.954
0.938
0.964
0.971
0.878
0.875
0.902
0.949
0.928
0.959
0.954
0.946
0.956
0.967
0.965
0.964
0.924
0.857
0.970
0.933
0.710
0.694
0.744
0.758
0.769
0.814
0.965
0.940
0.938
0.974
0.881
0.870
0.845
0.821
0.904
0.956
0.875
0.907
0.925
0.904
0.902
0.917
0.874
0.861
0.872
0.960
0.927
0.980
0.888
0.808
0.816
0.777
0.704
0.679
0.783
0.842
0.897
0.917
0.873
0.904
0.957
0.944
0.885
0.912
0.942
0.842
0.746
0.694
0.741
0.844
0.943
0.884
0.791
0.753
0.706
0.686
0.637
0.664
0.694
0.654
0.539
0.591
0.639
0.638
0.683
0.854
0.758
0.733
0.835
0.866
0.783
0.711
0.776
0.736
0.714
0.742
0.656
0.604
0.684
0.821
0.900
0.840
0.815
0.829
0.749
0.713
0.715
0.728
0.936
0.819
0.703
0.780
0.822
0.754
0.848
0.727
0.838
0.736
0.926
0.757
0.709
0.745
0.741
0.657
0.730
0.704
0.562
0.498
0.683
0.789
0.886
0.655
0.540
0.417
0.509
0.646
0.648
0.548
0.551
0.619
0.463
0.466
0.559
0.733
0.696
0.916
0.974
0.950
0.751
0.628
0.737
0.737
0.627
0.594
0.807
0.843
0.675
0.662
0.718
0.663
0.631
0.971
0.854
0.654
0.605
0.564
0.890
0.763
0.677
0.625
0.867
0.764
0.624
0.525
0.668
0.708
0.979
0.864
0.683
0.593
0.772
0.739
0.696
0.876
0.720
0.909
0.810
0.841
0.931
0.914
0.925
0.937
0.905
0.798
0.929
0.713
0.915
0.936
0.937
0.867
0.922
0.798
0.883
0.905
0.959
0.946
0.700
0.666
0.751
0.742
0.765
0.828
0.765
0.860
0.950
0.962
0.840
0.902
0.940
0.777
0.759
0.791
0.658
0.897
0.956
0.930
0.964
0.960
0.958
0.977
0.963
0.972
0.962
0.910
0.941
0.917
0.830
0.827
0.918
0.917
0.933
0.961
0.949
0.950
0.852
0.978
0.973
0.941
0.812
0.923
0.978
0.967
0.943
0.956
0.966
0.972
0.839
0.799
0.903
0.829
0.768
0.956
0.981
0.977
0.951
0.975
0.981
0.960
0.886
0.953
0.962
0.952
0.976
0.975
0.940
0.917
0.942
0.933
0.930
0.911
0.971
0.970
0.894
0.924
0.884
0.851
0.862
0.869
0.947
0.982
0.980
0.975
0.973
0.937
0.956
0.892
0.949
0.947
0.973
0.958
0.952
0.900
0.916
0.942
0.968
0.980
0.896
0.821
0.903
0.877
0.933
0.973
0.939
0.955
0.942
0.971
0.971
0.948
0.958
0.937
0.942
0.895
0.972
0.962
0.941
0.936
0.927
0.914
0.955
0.898
0.938
0.937
0.969
0.964
0.974
0.957
0.907
0.972
0.965
0.979
0.977
0.953
0.969
0.945
0.939
0.907
0.972
0.934
0.948
0.913
0.950
0.974
0.901
0.924
0.964
0.899
0.942
0.940
0.967
0.947
0.974
0.922
0.934
0.936
0.956
0.958
0.955
0.947
0.954
0.933
0.903
0.944
0.952
0.958
0.974
0.858
0.917
0.879
0.973
0.972
0.952
0.963
0.970
0.970
0.930
0.956
0.877
0.955
0.965
0.929
0.936
0.904
0.856
0.940
0.941
0.949
0.896
0.943
0.964
0.956
0.865
0.931
0.919
0.866
0.922
0.939
0.968
0.907
0.895
0.970
0.895
0.933
0.982
0.944
0.966
0.983
0.846
0.765
0.776
0.797
0.755
0.832
0.870
0.913
0.953
0.921
0.771
0.738
0.810
0.924
0.927
0.908
0.956
0.959
0.899
0.879
0.930
0.909
0.963
0.939
0.867
0.825
0.785
0.842
0.874
0.835
0.904
0.921
0.928
0.931
0.883
0.846
0.937
0.788
0.850
0.891
0.901
0.884
0.741
0.668
0.585
0.650
0.739
0.690
0.710
0.796
0.884
0.898
0.937
0.785
0.899
0.745
0.843
0.809
0.738
0.758
0.849
0.934
0.804
0.675
0.562
0.667
0.702
0.799
0.903
0.668
0.612
0.574
0.526
0.528
0.632
0.651
0.831
0.738
0.708
0.848
0.816
0.694
0.630
0.829
0.928
0.877
0.717
0.693
0.686
0.715
0.673
0.680
0.804
0.737
0.711
0.580
0.511
0.496
0.551
0.859
0.694
0.567
0.572
0.511
0.591
0.738
0.934
0.863
0.824
0.739
0.791
0.863
0.911
0.951
0.851
0.735
0.680
0.868
0.925
0.821
0.644
0.620
0.769
0.836
0.793
0.700
0.788
0.872
0.934
0.711
0.587
0.844
0.671
0.814
0.880
0.788
0.947
0.980
0.806
0.639
0.948
0.875
0.931
0.942
0.853
0.926
0.849
0.809
0.911
0.736
0.705
0.854
0.773
0.935
0.842
0.837
0.900
0.883
0.906
0.945
0.836
0.912
0.918
0.898
0.691
0.729
0.824
0.975
0.899
0.812
0.800
0.859
0.900
0.948
0.973
0.862
0.894
0.886
0.937
0.973
0.933
0.965
0.937
0.960
0.859
0.952
0.789
0.748
0.832
0.841
0.916
0.963
0.971
0.951
0.927
0.935
0.919
0.964
0.923
0.939
0.924
0.915
0.932
0.946
0.972
0.929
0.967
0.907
0.960
0.900
0.746
0.751
0.691
0.718
0.729
0.899
0.954
0.944
0.742
0.881
0.929
0.870
0.930
0.824
0.793
0.902
0.867
0.978
0.896
0.961
0.915
0.963
0.926
0.980
0.932
0.953
0.903
0.930
0.882
0.913
0.954
0.939
0.863
0.910
0.941
0.967
0.968
0.975
0.958
0.936
0.910
0.962
0.930
0.952
0.817
0.896
0.883
0.902
0.965
0.947
0.958
0.905
0.933
0.936
0.973
0.929
0.965
0.927
0.896
0.966
0.912
0.949
0.901
0.945
0.911
0.955
0.941
0.926
0.938
0.922
0.882
0.962
0.925
0.926
0.945
0.929
0.960
0.918
0.947
0.950
0.932
0.951
0.889
0.863
0.941
0.944
0.934
0.941
0.967
0.929
0.950
0.956
0.904
0.786
0.880
0.949
0.941
0.878
0.789
0.716
0.676
0.644
0.634
0.659
0.803
0.905
0.917
0.859
0.896
0.949
0.925
0.938
0.890
0.919
0.864
0.797
0.899
0.922
0.964
0.899
0.948
0.974
0.925
0.770
0.864
0.942
0.923
0.854
0.930
0.939
0.978
0.712
0.622
0.619
0.624
0.659
0.650
0.629
0.768
0.864
0.939
0.889
0.844
0.730
0.779
0.805
0.897
0.976
0.960
0.911
0.772
0.821
0.955
0.732
0.790
0.846
0.865
0.966
0.829
0.753
0.766
0.770
0.686
0.660
0.655
0.784
0.736
0.674
0.712
0.765
0.865
0.771
0.827
0.850
0.817
0.719
0.760
0.826
0.741
0.629
0.662
0.581
0.613
0.573
0.579
0.531
0.548
0.657
0.759
0.768
0.796
0.820
0.752
0.821
0.766
0.753
0.908
0.774
0.775
0.703
0.766
0.735
0.679
0.633
0.581
0.727
0.703
0.743
0.825
0.696
0.578
0.531
0.596
0.644
0.684
0.697
0.627
0.465
0.461
0.464
0.524
0.538
0.485
0.496
0.456
0.459
0.505
0.463
0.430
0.542
0.614
0.553
0.313
0.392
0.381
0.447
0.461
0.459
0.527
0.488
0.543
0.785
0.730
0.762
0.893
0.879
0.906
0.657
0.816
0.878
0.628
0.457
0.401
0.428
0.498
0.488
0.461
0.451
0.668
0.898
0.624
0.600
0.629
0.653
0.581
0.750
0.682
0.592
0.598
0.762
0.587
0.489
0.474
0.516
0.531
0.453
0.483
0.756
0.617
0.599
0.627
0.762
0.747
0.738
0.744
0.787
0.617
0.686
0.681
0.757
0.931
0.735
0.942
0.814
0.715
0.567
0.597
0.969
0.897
0.911
0.933
0.718
0.881
0.848
0.937
0.912
0.923
0.541
0.488
0.576
0.728
0.796
0.893
0.891
0.847
0.960
0.926
0.753
0.773
0.896
0.935
0.936
0.885
0.954
0.923
0.961
0.832
0.928
0.723
0.840
0.960
0.929
0.920
0.922
0.978
0.962
0.957
0.917
0.957
0.955
0.805
0.903
0.700
0.843
0.976
0.927
0.786
0.807
0.621
0.828
0.839
0.690
0.683
0.880
0.959
0.944
0.931
0.964
0.891
0.962
0.887
0.896
0.906
0.951
0.960
0.942
0.819
0.765
0.892
0.882
0.840
0.944
0.959
0.939
0.961
0.961
0.934
0.948
0.793
0.946
0.892
0.954
0.952
0.965
0.941
0.971
0.830
0.848
0.959
0.943
0.790
0.930
0.930
0.966
0.932
0.976
0.961
0.928
0.956
0.957
0.873
0.868
0.877
0.920
0.967
0.968
0.964
0.931
0.971
0.974
0.949
0.970
0.926
0.832
0.923
0.947
0.950
0.950
0.850
0.929
0.940
0.929
0.893
0.963
0.942
0.939
0.888
0.924
0.964
0.978
0.879
0.951
0.930
0.962
0.922
0.891
0.932
0.934
0.966
0.974
0.969
0.962
0.956
0.922
0.968
0.973
0.888
0.916
0.950
0.976
0.916
0.977
0.965
0.969
0.924
0.977
0.909
0.915
0.882
0.880
0.946
0.975
0.966
0.907
0.975
0.978
0.880
0.914
0.947
0.973
0.959
0.950
0.960
0.967
0.965
0.948
0.814
0.948
0.948
0.946
0.936
0.952
0.926
0.942
0.960
0.952
0.947
0.952
0.972
0.834
0.778
0.780
0.720
0.802
0.872
0.873
0.974
0.770
0.834
0.939
0.912
0.823
0.771
0.719
0.682
0.847
0.924
0.963
0.971
0.925
0.859
0.873
0.866
0.881
0.749
0.711
0.752
0.729
0.732
0.735
0.886
0.953
0.944
0.919
0.731
0.817
0.858
0.949
0.935
0.876
0.739
0.778
0.912
0.819
0.897
0.973
0.872
0.822
0.731
0.778
0.886
0.842
0.917
0.815
0.718
0.787
0.741
0.812
0.856
0.980
0.953
0.925
0.769
0.771
0.719
0.809
0.785
0.803
0.740
0.838
0.787
0.806
0.821
0.809
0.936
0.865
0.851
0.711
0.607
0.661
0.778
0.674
0.704
0.657
0.615
0.723
0.694
0.796
0.867
0.938
0.924
0.844
0.830
0.733
0.728
0.697
0.782
0.701
0.654
0.560
0.524
0.516
0.696
0.813
0.687
0.740
0.700
0.699
0.618
0.743
0.585
0.553
0.565
0.560
0.612
0.626
0.628
0.765
0.749
0.649
0.861
0.563
0.578
0.600
0.615
0.773
0.664
0.814
0.824
0.943
0.889
0.789
0.865
0.886
0.824
0.807
0.891
0.901
0.965
0.853
0.756
0.822
0.741
0.912
0.748
0.699
0.872
0.893
0.825
0.922
0.910
0.881
0.920
0.955
0.946
0.965
0.935
0.967
0.938
0.839
0.739
0.939
0.961
0.964
0.904
0.936
0.972
0.898
0.952
0.924
0.929
0.863
0.935
0.932
0.897
0.839
0.911
0.906
0.889
0.925
0.933
0.776
0.756
0.832
0.959
0.881
0.919
0.940
0.875
0.762
0.692
0.906
0.974
0.932
0.841
0.950
0.979
0.902
0.974
0.932
0.928
0.914
0.965
0.954
0.771
0.713
0.820
0.915
0.922
0.872
0.941
0.963
0.911
0.910
0.947
0.957
0.956
0.969
0.972
0.972
0.965
0.916
0.853
0.970
0.972
0.955
0.859
0.949
0.970
0.983
0.910
0.878
0.908
0.780
0.716
0.788
0.949
0.931
0.923
0.957
0.938
0.973
0.973
0.963
0.958
0.933
0.940
0.927
0.973
0.922
0.811
0.822
0.778
0.915
0.959
0.983
0.948
0.961
0.950
0.890
0.939
0.960
0.864
0.859
0.950
0.968
0.906
0.934
0.898
0.950
0.898
0.932
0.950
0.968
0.981
0.968
0.982
0.968
0.973
0.973
0.883
0.883
0.919
0.962
0.973
0.919
0.879
0.947
0.911
0.970
0.969
0.957
0.866
0.877
0.927
0.947
0.933
0.802
0.903
0.916
0.957
0.909
0.967
0.929
0.964
0.917
0.964
0.949
0.931
0.979
0.960
0.893
0.967
0.910
0.820
0.875
0.953
0.983
0.972
0.879
0.898
0.964
0.935
0.901
0.894
0.845
0.971
0.882
0.962
0.929
0.803
0.907
0.867
0.885
0.957
0.965
0.966
0.917
0.874
0.887
0.947
0.970
0.936
0.933
0.854
0.954
0.919
0.898
0.953
0.973
0.930
0.933
0.874
0.858
0.916
0.932
0.950
0.930
0.823
0.934
0.854
0.940
0.955
0.847
0.758
0.747
0.802
0.873
0.745
0.755
0.683
0.645
0.627
0.847
0.925
0.875
0.947
0.942
0.973
0.878
0.924
0.927
0.960
0.973
0.932
0.941
0.891
0.923
0.963
0.885
0.877
0.901
0.896
0.957
0.898
0.884
0.792
0.876
0.915
0.965
0.981
0.820
0.774
0.805
0.777
0.812
0.701
0.771
0.789
0.819
0.878
0.879
0.935
0.812
0.903
0.917
0.833
0.951
0.895
0.952
0.861
0.873
0.911
0.923
0.892
0.720
0.740
0.711
0.664
0.672
0.953
0.920
0.790
0.774
0.707
0.707
0.742
0.687
0.650
0.814
0.774
0.570
0.661
0.692
0.728
0.646
0.694
0.742
0.872
0.821
0.748
0.685
0.797
0.676
0.603
0.565
0.648
0.621
0.638
0.626
0.588
0.599
0.499
0.487
0.603
0.539
0.770
0.943
0.802
0.805
0.910
0.940
0.855
0.891
0.710
0.674
0.821
0.832
0.659
0.760
0.697
0.565
0.514
0.512
0.530
0.493
0.516
0.715
0.925
0.695
0.714
0.711
0.657
0.706
0.875
0.687
0.555
0.615
0.685
0.695
0.664
0.539
0.579
0.653
0.700
0.591
0.650
0.741
0.777
0.712
0.810
0.953
0.842
0.668
0.703
0.829
0.781
0.730
0.746
0.846
0.942
0.944
0.956
0.971
0.917
0.916
0.919
0.794
0.682
0.872
0.817
0.903
0.949
0.945
0.906
0.849
0.900
0.832
0.811
0.940
0.894
0.848
0.874
0.905
0.886
0.764
0.685
0.754
0.675
0.855
0.896
0.958
0.951
0.940
0.829
0.743
0.775
0.926
0.897
0.865
0.925
0.971
0.970
0.936
0.966
0.917
0.961
0.959
0.938
0.921
0.923
0.951
0.969
0.948
0.736
0.908
0.955
0.925
0.947
0.922
0.967
0.977
0.969
0.965
0.967
0.962
0.907
0.883
0.942
0.966
0.894
0.944
0.923
0.957
0.956
0.974
0.973
0.962
0.970
0.916
0.915
0.935
0.954
0.973
0.977
0.977
0.981
0.868
0.934
0.970
0.968
0.915
0.957
0.969
0.974
0.971
0.907
0.975
0.979
0.825
0.931
0.972
0.924
0.929
0.943
0.925
0.915
0.953
0.981
0.983
0.912
0.797
0.828
0.896
0.954
0.898
0.869
0.899
0.953
0.954
0.963
0.964
0.963
0.902
0.946
0.957
0.952
0.940
0.965
0.859
0.971
0.916
0.943
0.965
0.920
0.875
0.882
0.948
0.939
0.957
0.974
0.881
0.967
0.961
0.967
0.964
0.966
0.975
0.923
0.906
0.920
0.955
0.968
0.964
0.952
0.945
0.895
0.963
0.912
0.822
0.936
0.981
0.982
0.969
0.897
0.942
0.953
0.953
0.972
0.860
0.962
0.914
0.946
0.980
0.981
0.887
0.890
0.967
0.916
0.966
0.899
0.968
0.965
0.891
0.956
0.944
0.938
0.886
0.932
0.956
0.936
0.955
0.888
0.808
0.793
0.708
0.689
0.814
0.695
0.686
0.677
0.631
0.692
0.728
0.722
0.728
0.880
0.921
0.908
0.895
0.855
0.857
0.921
0.909
0.836
0.744
0.727
0.883
0.933
0.944
0.901
0.954
0.923
0.951
0.928
0.953
0.850
0.880
0.770
0.740
0.819
0.916
0.954
0.877
0.846
0.903
0.971
0.946
0.978
0.934
0.845
0.842
0.860
0.888
0.937
0.978
0.920
0.867
0.749
0.824
0.776
0.755
0.753
0.687
0.862
0.882
0.953
0.880
0.894
0.842
0.824
0.829
0.839
0.907
0.920
0.900
0.875
0.909
0.960
0.877
0.949
0.901
0.935
0.880
0.932
0.927
0.928
0.777
0.678
0.696
0.834
0.905
0.875
0.697
0.719
0.743
0.739
0.747
0.790
0.728
0.683
0.839
0.875
0.654
0.660
0.747
0.805
0.670
0.676
0.711
0.722
0.905
0.781
0.822
0.737
0.733
0.709
0.717
0.690
0.936
0.737
0.680
0.719
0.932
0.677
0.648
0.656
0.660
0.638
0.690
0.763
0.852
0.892
0.940
0.945
0.831
0.683
0.535
0.539
0.627
0.554
0.628
0.593
0.608
0.621
0.640
0.661
0.822
0.841
0.873
0.903
0.774
0.842
0.825
0.850
0.956
0.822
0.678
0.894
0.828
0.756
0.626
0.610
0.806
0.891
0.668
0.636
0.589
0.619
0.672
0.667
0.675
0.831
0.720
0.803
0.895
0.951
0.707
0.856
0.834
0.865
0.851
0.939
0.957
0.972
0.945
0.954
0.907
0.685
0.614
0.678
0.814
0.836
0.913
0.829
0.982
0.812
0.908
0.914
0.894
0.836
0.960
0.938
0.969
0.974
0.845
0.824
0.718
0.673
0.692
0.915
0.838
0.905
0.959
0.977
0.872
0.910
0.950
0.952
0.928
0.915
0.953
0.920
0.973
0.852
0.769
0.872
0.954
0.897
0.920
0.861
0.955
0.976
0.905
0.913
0.961
0.813
0.815
0.876
0.959
0.972
0.978
0.805
0.896
0.796
0.898
0.971
0.914
0.937
0.927
0.944
0.951
0.908
0.964
0.965
0.974
0.956
0.918
0.929
0.882
0.825
0.882
0.910
0.936
0.907
0.923
0.978
0.957
0.982
0.964
0.970
0.964
0.920
0.976
0.978
0.956
0.920
0.952
0.971
0.971
0.948
0.961
0.922
0.856
0.922
0.918
0.906
0.947
0.950
0.949
0.955
0.922
0.959
0.981
0.953
0.959
0.948
0.946
0.932
0.930
0.952
0.931
0.977
0.954
0.972
0.966
0.941
0.972
0.978
0.913
0.856
0.957
0.968
0.934
0.948
0.973
0.956
0.954
0.937
0.962
0.917
0.900
0.899
0.936
0.920
0.980
0.973
0.905
0.925
0.938
0.940
0.804
0.796
0.945
0.925
0.978
0.838
0.950
0.952
0.982
0.954
0.969
0.917
0.897
0.979
0.817
0.870
0.906
0.950
0.930
0.923
0.955
0.965
0.964
0.930
0.888
0.963
0.955
0.849
0.896
0.862
0.931
0.922
0.864
0.881
0.886
0.921
0.852
0.818
0.868
0.865
0.881
0.966
0.932
0.968
0.960
0.970
0.960
0.914
0.854
0.962
0.970
0.876
0.912
0.870
0.900
0.960
0.879
0.889
0.955
0.950
0.976
0.914
0.909
0.974
0.954
0.934
0.905
0.970
0.978
0.964
0.954
0.950
0.952
0.960
0.948
0.969
0.870
0.913
0.873
0.825
0.800
0.774
0.883
0.894
0.882
0.944
0.904
0.856
0.936
0.811
0.727
0.921
0.955
0.903
0.850
0.936
0.957
0.926
0.861
0.770
0.731
0.699
0.726
0.713
0.733
0.900
0.885
0.894
0.791
0.839
0.937
0.895
0.798
0.782
0.808
0.825
0.847
0.901
0.878
0.850
0.906
0.841
0.800
0.774
0.785
0.663
0.700
0.651
0.783
0.848
0.924
0.950
0.821
0.714
0.735
0.810
0.883
0.970
0.812
0.858
0.903
0.747
0.682
0.834
