19790101
0.949
0.916
0.850
0.969
0.951
0.830
0.891
0.937
0.870
0.873
0.801
0.787
0.760
0.852
0.874
0.884
0.837
0.848
0.904
0.978
0.906
0.957
0.850
0.901
0.870
0.850
0.888
0.876
0.845
0.905
0.968
0.875
0.942
0.969
0.978
0.918
0.920
0.865
0.868
0.878
0.859
0.866
0.864
0.912
0.959
0.889
0.945
0.903
0.882
0.923
0.883
0.806
0.930
0.836
0.845
0.932
0.960
0.979
0.842
0.931
0.912
0.975
0.967
0.983
0.981
0.921
0.939
0.955
0.905
0.906
0.846
0.833
0.840
0.931
0.915
0.910
0.965
0.952
0.966
0.911
0.871
0.922
0.953
0.976
0.941
0.964
0.931
0.947
0.957
0.947
0.969
0.932
0.931
0.961
0.928
0.964
0.812
0.781
0.756
0.852
0.735
0.860
0.962
0.964
0.934
0.969
0.962
0.940
0.963
0.899
0.947
0.974
0.947
0.874
0.845
0.795
0.754
0.777
0.847
0.901
0.940
0.933
0.918
0.934
0.961
0.926
0.899
0.923
0.956
0.955
0.877
0.911
0.902
0.920
0.889
0.895
0.891
0.843
0.933
0.963
0.927
0.911
0.887
0.929
0.844
0.892
0.958
0.858
0.884
0.945
0.774
0.713
0.762
0.745
0.705
0.659
0.739
0.703
0.670
0.819
0.799
0.775
0.746
0.719
0.856
0.756
0.741
0.712
0.681
0.630
0.655
0.656
0.629
0.636
0.784
0.697
0.687
0.671
0.654
0.709
0.662
0.638
0.631
0.836
0.629
0.596
0.772
0.771
0.739
0.547
0.638
0.641
0.495
0.573
0.610
0.627
0.686
0.730
0.604
0.587
0.779
0.663
0.679
0.771
0.725
0.671
0.570
0.627
0.654
0.571
0.449
0.471
0.574
0.496
0.488
0.569
0.625
0.585
0.610
0.612
0.595
0.502
0.504
0.488
0.587
0.579
0.563
0.619
0.676
0.597
0.660
0.575
0.683
0.597
0.590
0.538
0.516
0.525
0.495
0.511
0.473
0.484
0.502
0.459
0.815
0.690
0.691
0.526
0.444
0.467
0.588
0.553
0.613
0.653
0.590
0.640
0.669
0.599
0.524
0.555
0.636
0.491
0.434
0.408
0.479
0.442
0.446
0.502
0.599
0.657
0.641
0.484
0.382
0.353
0.387
0.448
0.613
0.512
0.559
0.746
0.701
0.736
0.584
0.653
0.682
0.505
0.486
0.611
0.650
0.497
0.458
0.466
0.464
0.314
0.380
0.471
0.547
0.674
0.716
0.680
0.649
0.728
0.669
0.557
0.527
0.667
0.864
0.732
0.804
0.620
0.891
0.881
0.890
0.717
0.541
0.572
0.545
0.905
0.974
0.791
0.881
0.645
0.765
0.849
0.917
0.915
0.859
0.962
0.929
0.792
0.625
0.581
0.686
0.624
0.593
0.617
0.654
0.731
0.683
0.846
0.708
0.772
0.629
0.567
0.870
0.748
0.643
0.923
0.936
0.974
0.821
0.826
0.874
0.940
0.962
0.816
0.838
0.958
0.841
0.842
0.841
0.943
0.912
0.830
0.938
0.980
0.988
0.862
0.801
0.674
0.897
0.840
0.849
0.886
0.962
0.756
0.743
0.858
0.941
0.936
0.908
0.882
0.895
0.838
0.763
0.922
0.948
0.921
0.940
0.901
0.866
0.846
0.892
0.863
0.929
0.923
0.880
0.826
0.964
0.888
0.809
0.922
0.834
0.893
0.768
0.727
0.926
0.790
0.699
0.846
0.777
0.780
0.977
0.962
0.849
0.789
0.753
0.761
0.819
0.754
0.797
0.813
0.699
0.537
0.589
0.552
0.646
0.832
0.845
0.839
0.796
0.781
0.962
0.875
0.763
0.843
0.842
0.936
0.888
0.940
0.913
0.958
0.925
0.943
0.959
0.971
0.930
0.947
0.941
0.942
0.907
0.963
0.898
0.890
0.975
0.918
0.874
0.829
0.906
0.957
0.967
0.936
0.939
0.954
0.915
0.869
0.918
0.832
0.873
0.799
0.841
0.980
0.903
0.862
0.838
0.834
0.735
0.718
0.677
0.826
0.896
0.945
0.929
0.907
0.878
0.908
0.918
0.943
0.806
0.733
0.749
0.728
0.838
0.864
0.822
0.789
0.891
0.866
0.803
0.927
0.882
0.915
0.890
0.929
0.876
0.889
0.935
0.918
0.957
0.812
0.802
0.734
0.717
0.761
0.789
0.819
0.916
0.936
0.947
0.925
0.933
0.782
0.717
0.773
0.681
0.759
0.604
0.560
0.628
0.689
0.825
0.793
0.798
0.726
0.755
0.607
0.692
0.688
0.661
0.618
0.668
0.827
0.869
0.913
0.762
0.763
0.668
0.644
0.693
0.646
0.638
0.591
0.620
0.622
0.605
0.686
0.599
0.692
0.637
0.574
0.567
0.836
0.723
0.669
0.549
0.555
0.680
0.762
0.578
0.498
0.523
0.489
0.514
0.731
0.556
0.626
0.652
0.838
0.635
0.563
0.475
0.518
0.474
0.706
0.525
0.601
0.617
0.587
0.525
0.476
0.683
0.426
0.493
0.425
0.423
0.500
0.526
0.481
0.423
0.476
0.633
0.789
0.654
0.515
0.575
0.446
0.402
0.334
0.483
0.452
0.435
0.447
0.476
0.410
0.404
0.362
0.494
0.535
0.669
0.477
0.484
0.396
0.400
0.458
0.653
0.418
0.374
0.455
0.525
0.507
0.809
0.540
0.577
0.510
0.519
0.569
0.473
0.486
0.494
0.514
0.588
0.638
0.892
0.903
0.606
0.561
0.664
0.607
0.641
0.615
0.551
0.815
0.685
0.677
0.878
0.863
0.725
0.799
0.930
0.696
0.769
0.943
0.900
0.735
0.626
0.800
0.652
0.684
0.793
0.743
0.663
0.583
0.605
0.552
0.567
0.587
0.619
0.798
0.749
0.873
0.963
0.815
0.639
0.671
0.595
0.820
0.792
0.958
0.769
0.816
0.852
0.833
0.839
0.916
0.957
0.915
0.916
0.892
0.913
0.858
0.848
0.938
0.968
0.717
0.850
0.807
0.705
0.779
0.861
0.883
0.734
0.575
0.689
0.684
0.825
0.952
0.804
0.910
0.664
0.610
0.816
0.913
0.729
0.945
0.895
0.932
0.872
0.885
0.937
0.818
0.829
0.859
0.850
0.949
0.811
0.951
0.888
0.936
0.979
0.875
0.737
0.790
0.834
0.860
0.947
0.930
0.928
0.928
0.973
0.893
0.973
0.873
0.690
0.752
0.724
0.787
0.844
0.861
0.814
0.981
0.979
0.905
0.855
0.945
0.977
0.954
0.884
0.856
0.957
0.924
0.934
0.935
0.952
0.820
0.917
0.955
0.903
0.956
0.969
0.951
0.933
0.946
0.950
0.971
0.931
0.976
0.972
0.953
0.952
0.945
0.931
0.971
0.833
0.940
0.909
0.963
0.911
0.902
0.951
0.922
0.887
0.937
0.885
0.822
0.784
0.866
0.948
0.938
0.925
0.925
0.941
0.978
0.741
0.801
0.946
0.938
0.877
0.832
0.881
0.908
0.921
0.945
0.928
0.971
0.979
0.967
0.958
0.931
0.977
0.975
0.973
0.971
0.957
0.937
0.930
0.958
0.950
0.959
0.952
0.793
0.741
0.864
0.842
0.880
0.862
0.894
0.898
0.877
0.899
0.947
0.895
0.814
0.760
0.773
0.880
0.951
0.964
0.914
0.948
0.914
0.926
0.916
0.859
0.927
0.895
0.914
0.940
0.889
0.822
0.927
0.951
0.839
0.743
0.671
0.774
0.730
0.817
0.820
0.858
0.754
0.673
0.675
0.688
0.814
0.905
0.951
0.937
0.887
0.920
0.843
0.782
0.772
0.797
0.889
0.901
0.836
0.775
0.849
0.887
0.818
0.724
0.759
0.732
0.828
0.907
0.791
0.683
0.666
0.728
0.700
0.601
0.629
0.722
0.838
0.805
0.634
0.620
0.595
0.504
0.520
0.583
0.608
0.615
0.679
0.660
0.568
0.546
0.574
0.661
0.607
0.436
0.414
0.534
0.574
0.471
0.413
0.491
0.503
0.518
0.592
0.506
0.469
0.596
0.521
0.497
0.492
0.583
0.811
0.746
0.861
0.708
0.796
0.544
0.557
0.443
0.488
0.558
0.492
0.625
0.453
0.392
0.381
0.364
0.488
0.440
0.496
0.430
0.473
0.471
0.850
0.754
0.623
0.527
0.463
0.409
0.413
0.436
0.500
0.535
0.482
0.422
0.404
0.474
0.486
0.472
0.476
0.502
0.595
0.560
0.327
0.385
0.445
0.506
0.554
0.576
0.779
0.581
0.525
0.453
0.437
0.441
0.470
0.487
0.448
0.421
0.514
0.438
0.664
0.482
0.741
0.627
0.818
0.727
0.636
0.556
0.512
0.542
0.879
0.884
0.724
0.971
0.729
0.552
0.533
0.680
0.595
0.612
0.617
0.637
0.564
0.487
0.496
0.613
0.534
0.480
0.424
0.416
0.548
0.610
0.598
0.600
0.577
0.529
0.577
0.662
0.826
0.899
0.977
0.941
0.941
0.861
0.790
0.807
0.781
0.974
0.862
0.724
0.907
0.932
0.875
0.951
0.955
0.817
0.877
0.859
0.958
0.762
0.981
0.846
0.907
0.931
0.941
0.980
0.838
0.754
0.955
0.916
0.963
0.860
0.790
0.894
0.966
0.906
0.942
0.906
0.897
0.962
0.919
0.973
0.944
0.972
0.899
0.918
0.919
0.919
0.836
0.957
0.966
0.970
0.976
0.954
0.812
0.846
0.902
0.761
0.888
0.912
0.935
0.961
0.970
0.940
0.972
0.980
0.932
0.940
0.879
0.897
0.969
0.982
0.983
0.862
0.925
0.812
0.938
0.925
0.945
0.977
0.929
0.913
0.961
0.882
0.894
0.966
0.974
0.938
0.922
0.877
0.907
0.950
0.952
0.969
0.963
0.853
0.912
0.967
0.950
0.923
0.855
0.972
0.965
0.938
0.968
0.947
0.968
0.979
0.852
0.914
0.961
0.977
0.950
0.882
0.848
0.884
0.889
0.846
0.953
0.862
0.978
0.868
0.929
0.973
0.975
0.907
0.917
0.946
0.888
0.852
0.897
0.971
0.940
0.870
0.968
0.979
0.826
0.831
0.910
0.923
0.935
0.942
0.958
0.973
0.944
0.978
0.884
0.964
0.975
0.967
0.873
0.892
0.887
0.928
0.959
0.973
0.925
0.897
0.920
0.969
0.975
0.970
0.962
0.882
0.967
0.835
0.754
0.884
0.936
0.835
0.856
0.746
0.719
0.726
0.727
0.761
0.931
0.937
0.944
0.914
0.933
0.884
0.878
0.956
0.950
0.941
0.951
0.946
0.919
0.943
0.974
0.948
0.960
0.951
0.750
0.724
0.726
0.728
0.746
0.723
0.761
0.847
0.804
0.794
0.786
0.696
0.752
0.682
0.860
0.890
0.867
0.936
0.825
0.911
0.887
0.925
0.808
0.787
0.748
0.777
0.921
0.880
0.867
0.786
0.789
0.767
0.774
0.806
0.847
0.711
0.664
0.716
0.680
0.702
0.699
0.708
0.844
0.925
0.856
0.773
0.780
0.843
0.962
0.959
0.934
0.868
0.730
0.603
0.541
0.541
0.514
0.744
0.807
0.693
0.810
0.749
0.754
0.777
0.742
0.946
0.738
0.702
0.728
0.769
0.804
0.796
0.644
0.656
0.640
0.893
0.878
0.727
0.681
0.678
0.713
0.726
0.857
0.755
0.867
0.707
0.600
0.608
0.654
0.676
0.651
0.616
0.638
0.626
0.569
0.575
0.740
0.625
0.644
0.508
0.468
0.436
0.665
0.726
0.575
0.483
0.513
0.499
0.503
0.584
0.521
0.558
0.596
0.562
0.569
0.560
0.851
0.803
0.917
0.767
0.802
0.882
0.917
0.844
0.724
0.711
0.891
0.679
0.608
0.590
0.560
0.847
0.676
0.625
0.561
0.610
0.801
0.793
0.660
0.626
0.693
0.761
0.783
0.573
0.557
0.618
0.757
0.695
0.777
0.808
0.654
0.824
0.631
0.634
0.698
0.662
0.634
0.508
0.530
0.604
0.541
0.682
0.801
0.777
0.708
0.860
0.777
0.912
0.811
0.628
0.854
0.863
0.890
0.796
0.736
0.733
0.751
0.872
0.556
0.771
0.766
0.617
0.590
0.616
0.543
0.494
0.494
0.595
0.926
0.833
0.703
0.974
0.966
0.962
0.863
0.925
0.939
0.793
0.623
0.644
0.794
0.901
0.805
0.803
0.940
0.893
0.842
0.855
0.968
0.830
0.818
0.745
0.973
0.868
0.711
0.708
0.782
0.931
0.933
0.821
0.905
0.835
0.898
0.968
0.903
0.883
0.965
0.907
0.896
0.737
0.911
0.840
0.902
0.943
0.933
0.933
0.962
0.867
0.755
0.811
0.923
0.832
0.850
0.942
0.917
0.705
0.843
0.757
0.737
0.569
0.494
0.825
0.832
0.844
0.823
0.877
0.897
0.933
0.943
0.876
0.894
0.932
0.698
0.877
0.833
0.840
0.888
0.900
0.967
0.861
0.927
0.954
0.961
0.908
0.846
0.865
0.880
0.876
0.861
0.695
0.658
0.639
0.702
0.682
0.717
0.657
0.823
0.980
0.963
0.859
0.869
0.839
0.921
0.977
0.850
0.805
0.851
0.906
0.892
0.629
0.547
0.608
0.574
0.665
0.666
0.713
0.832
0.743
0.913
0.815
0.941
0.962
0.910
0.928
0.955
0.952
0.957
0.929
0.954
0.956
0.892
0.846
0.869
0.895
0.871
0.940
0.922
0.871
0.914
0.940
0.916
0.960
0.977
0.882
0.911
0.952
0.954
0.950
0.936
0.961
0.912
0.932
0.910
0.828
0.837
0.769
0.763
0.732
0.845
0.890
0.928
0.940
0.877
0.856
0.857
0.812
0.892
0.938
0.906
0.956
0.969
0.913
0.846
0.956
0.920
0.784
0.900
0.751
0.788
0.922
0.945
0.883
0.831
0.800
0.708
0.705
0.696
0.713
0.749
0.735
0.873
0.750
0.652
0.754
0.703
0.642
0.718
0.617
0.594
0.660
0.648
0.689
0.640
0.707
0.790
0.685
0.580
0.606
0.713
0.658
0.684
0.611
0.572
0.638
0.741
0.593
0.536
0.591
0.686
0.665
0.814
0.701
0.538
0.566
0.567
0.537
0.730
0.737
0.609
0.532
0.610
0.612
0.580
0.666
0.697
0.606
0.589
0.646
0.547
0.449
0.429
0.460
0.428
0.432
0.395
0.372
0.399
0.394
0.422
0.418
0.550
0.506
0.495
0.515
0.565
0.514
0.482
0.462
0.371
0.300
0.274
0.283
0.291
0.389
0.431
0.430
0.496
0.600
0.574
0.596
0.557
0.499
0.542
0.601
0.920
0.703
0.644
0.516
0.442
0.618
0.682
0.594
0.466
0.502
0.502
0.428
0.415
0.399
0.416
0.510
0.483
0.470
0.628
0.471
0.381
0.486
0.504
0.529
0.467
0.397
0.407
0.506
0.432
0.472
0.733
0.873
0.599
0.811
0.778
0.756
0.631
0.650
0.508
0.773
0.710
0.637
0.618
0.532
0.616
0.492
0.615
0.691
0.639
0.568
0.570
0.607
0.646
0.507
0.491
0.405
0.531
0.733
0.918
0.756
0.865
0.914
0.970
0.702
0.616
0.684
0.549
0.649
0.840
0.720
0.712
0.606
0.653
0.802
0.874
0.655
0.794
0.897
0.835
0.796
0.829
0.816
0.836
0.671
0.671
0.666
0.696
0.753
0.892
0.754
0.958
0.791
0.813
0.677
0.833
0.909
0.958
0.973
0.747
0.646
0.606
0.585
0.585
0.660
0.923
0.706
0.720
0.813
0.915
0.912
0.883
0.832
0.844
0.875
0.960
0.946
0.912
0.932
0.948
0.914
0.931
0.972
0.822
0.835
0.960
0.971
0.885
0.878
0.902
0.980
0.941
0.970
0.940
0.955
0.922
0.897
0.910
0.834
0.872
0.918
0.911
0.968
0.884
0.915
0.916
0.873
0.883
0.843
0.855
0.813
0.853
0.886
0.904
0.917
0.911
0.976
0.970
0.890
0.918
0.975
0.902
0.914
0.965
0.920
0.804
0.834
0.956
0.980
0.976
0.817
0.898
0.810
0.803
0.962
0.889
0.973
0.983
0.916
0.940
0.873
0.926
0.823
0.846
0.944
0.940
0.939
0.854
0.912
0.947
0.935
0.963
0.942
0.937
0.821
0.800
0.699
0.805
0.904
0.945
0.920
0.897
0.920
0.862
0.941
0.739
0.700
0.695
0.922
0.815
0.784
0.964
0.959
0.858
0.905
0.825
0.840
0.951
0.956
0.903
0.925
0.885
0.873
0.965
0.959
0.972
0.878
0.917
0.856
0.919
0.902
0.963
0.958
0.916
0.958
0.967
0.980
0.973
0.819
0.820
0.816
0.893
0.946
0.945
0.952
0.859
0.821
0.887
0.827
0.926
0.934
0.906
0.945
0.922
0.936
0.953
0.818
0.892
0.888
0.818
0.934
0.921
0.942
0.958
0.939
0.899
0.813
0.917
0.882
0.936
0.957
0.878
0.904
0.903
0.860
0.867
0.862
0.796
0.890
0.951
0.931
0.784
0.859
0.922
0.863
0.888
0.851
0.909
0.876
0.903
0.946
0.945
0.758
0.740
0.737
0.798
0.881
0.764
0.751
0.717
0.879
0.834
0.697
0.709
0.694
0.677
0.666
0.897
0.918
0.927
0.906
0.904
0.737
0.800
0.796
0.948
0.855
0.773
0.766
0.834
0.709
0.628
0.617
0.523
0.575
0.585
0.543
0.562
0.499
0.502
0.445
0.509
0.483
0.447
0.513
0.606
0.513
0.558
0.748
0.743
0.885
0.659
0.712
0.610
0.743
0.689
0.497
0.460
0.634
0.507
0.485
0.433
0.445
0.583
0.538
0.661
0.731
0.954
0.868
0.919
0.570
0.435
0.369
0.327
0.333
0.350
0.405
0.513
0.530
0.612
0.680
0.627
0.866
0.801
0.724
0.678
0.644
0.634
0.729
0.703
0.655
0.619
0.639
0.577
0.606
0.509
0.546
0.905
0.769
0.679
0.612
0.818
0.883
0.757
0.516
0.521
0.723
0.622
0.524
0.518
0.512
0.589
0.575
0.568
0.622
0.628
0.552
0.610
0.555
0.628
0.795
0.956
0.722
0.761
0.888
0.817
0.628
0.622
0.578
0.634
0.775
0.855
0.880
0.687
0.802
0.943
0.948
0.972
0.734
0.663
0.698
0.955
0.903
0.837
0.847
0.676
0.887
0.884
0.958
0.894
0.969
0.890
0.845
0.678
0.944
0.957
0.724
0.834
0.717
0.784
0.840
0.875
0.789
0.829
0.806
0.825
0.934
0.866
0.830
0.863
0.912
0.855
0.962
0.872
0.752
0.904
0.961
0.750
0.948
0.934
0.930
0.672
0.811
0.942
0.976
0.853
0.832
0.664
0.813
0.860
0.934
0.915
0.978
0.880
0.950
0.884
0.832
0.959
0.941
0.945
0.923
0.907
0.912
0.965
0.938
0.804
0.948
0.859
0.927
0.949
0.967
0.944
0.937
0.973
0.920
0.805
0.925
0.955
0.947
0.803
0.753
0.961
0.946
0.877
0.914
0.927
0.835
0.941
0.932
0.900
0.981
0.977
0.913
0.840
0.855
0.892
0.767
0.978
0.928
0.900
0.904
0.958
0.972
0.905
0.904
0.937
0.890
0.934
0.822
0.976
0.842
0.842
0.935
0.962
0.927
0.960
0.974
0.979
0.938
0.982
0.936
0.954
0.899
0.975
0.979
0.903
0.891
0.866
0.923
0.939
0.896
0.914
0.957
0.887
0.958
0.970
0.972
0.888
0.765
0.917
0.911
0.915
0.930
0.970
0.874
0.937
0.962
0.978
0.976
0.852
0.967
0.861
0.965
0.914
0.927
0.935
0.963
0.921
0.971
0.896
0.913
0.959
0.832
0.902
0.830
0.935
0.970
0.944
0.967
0.965
0.945
0.923
0.982
0.972
0.937
0.946
0.970
0.933
0.968
0.876
0.846
0.851
0.895
0.881
0.950
0.904
0.955
0.928
0.967
0.904
0.942
0.965
0.921
0.901
0.881
0.975
0.888
0.926
0.866
0.828
0.878
0.764
0.815
0.885
0.939
0.916
0.906
0.840
0.815
0.741
0.924
0.935
0.794
0.697
0.674
0.560
0.513
0.531
0.485
0.591
0.649
0.717
0.723
0.719
0.678
0.734
0.814
0.718
0.662
0.882
0.953
0.918
0.733
0.705
0.672
0.667
0.617
0.628
0.751
0.681
0.956
0.741
0.949
0.927
0.974
0.778
0.730
0.623
0.730
0.713
0.586
0.572
0.549
0.508
0.521
0.496
0.561
0.724
0.753
0.643
0.600
0.579
0.482
0.534
0.478
0.594
0.801
0.859
0.695
0.856
0.916
0.869
0.664
0.604
0.596
0.536
0.546
0.601
0.479
0.489
0.425
0.461
0.563
0.556
0.488
0.504
0.565
0.595
0.579
0.595
0.522
0.594
0.510
0.505
0.415
0.525
0.631
0.748
0.688
0.627
0.518
0.835
0.763
0.622
0.543
0.472
0.400
0.401
0.408
0.356
0.374
0.483
0.364
0.482
0.625
0.853
0.625
0.741
0.880
0.673
0.701
0.889
0.602
0.483
0.601
0.579
0.488
0.712
0.844
0.789
0.601
0.533
0.562
0.579
0.796
0.685
0.591
0.589
0.603
0.749
0.736
0.657
0.669
0.666
0.629
0.552
0.426
0.576
0.588
0.663
0.774
0.686
0.664
0.676
0.650
0.581
0.870
0.845
0.721
0.574
0.672
0.798
0.700
0.794
0.616
0.593
0.716
0.734
0.730
0.805
0.700
0.682
0.809
0.957
0.951
0.964
0.827
0.706
0.741
0.600
0.579
0.761
0.674
0.766
0.785
0.828
0.926
0.880
0.877
0.715
0.678
0.649
0.524
0.636
0.614
0.600
0.538
0.818
0.854
0.718
0.951
0.940
0.961
0.974
0.955
0.978
0.954
0.861
0.807
0.729
0.751
0.873
0.674
0.685
0.902
0.968
0.907
0.760
0.811
0.720
0.822
0.851
0.863
0.866
0.807
0.702
0.858
0.904
0.900
0.951
0.908
0.887
0.881
0.914
0.961
0.880
0.903
0.929
0.807
0.850
0.771
0.948
0.977
0.884
0.944
0.929
0.968
0.971
0.787
0.953
0.956
0.881
0.954
0.814
0.849
0.977
0.961
0.837
0.949
0.946
0.915
0.934
0.897
0.858
0.941
0.964
0.924
0.972
0.847
0.820
0.972
0.950
0.936
0.789
0.892
0.970
0.970
0.917
0.902
0.873
0.954
0.857
0.890
0.975
0.931
0.967
0.914
0.875
0.944
0.918
0.842
0.844
0.944
0.943
0.934
0.886
0.960
0.889
0.972
0.882
0.941
0.963
0.977
0.867
0.968
0.979
0.938
0.951
0.976
0.975
0.967
0.938
0.942
0.887
0.920
0.914
0.887
0.963
0.925
0.955
0.954
0.973
0.976
0.855
0.823
0.930
0.906
0.968
0.879
0.766
0.816
0.788
0.856
0.929
0.943
0.915
0.921
0.858
0.919
0.968
0.913
0.957
0.919
0.862
0.890
0.942
0.908
0.862
0.785
0.853
0.883
0.805
0.892
0.907
0.865
0.848
0.879
0.844
0.906
0.931
0.950
0.857
0.925
0.892
0.923
0.921
0.837
0.925
0.938
0.828
0.934
0.854
-99.000
0.976
0.730
0.569
0.649
0.633
0.816
0.848
0.956
0.866
0.767
0.860
0.726
0.883
0.829
0.834
0.667
0.653
0.713
0.606
0.639
0.626
0.683
0.577
0.668
0.625
0.601
0.581
0.631
0.640
0.682
0.694
0.689
0.499
0.491
0.510
0.624
0.639
0.545
0.589
0.492
0.494
0.642
0.685
0.805
0.735
0.887
0.850
0.643
0.603
0.615
0.721
0.666
0.477
0.424
0.444
0.551
0.660
0.602
0.632
0.607
0.701
0.724
0.681
0.691
0.678
0.616
0.575
0.582
0.678
0.597
0.744
0.553
0.872
0.826
0.722
0.806
0.670
0.763
0.707
0.863
0.808
0.623
0.590
0.669
0.518
0.532
0.504
0.635
0.717
0.660
0.774
0.778
0.582
0.667
0.548
0.541
0.586
0.933
0.723
0.615
0.527
0.444
0.412
0.496
0.537
0.491
0.920
0.970
0.895
0.796
0.656
0.615
0.567
0.524
0.514
0.582
0.490
0.505
0.715
0.605
0.529
0.523
0.599
0.632
0.586
0.590
0.682
0.607
0.572
0.626
0.518
0.565
0.887
0.875
0.705
0.495
0.499
0.625
0.645
0.596
0.770
0.806
0.732
0.685
0.822
0.786
0.582
0.598
0.617
0.763
0.812
0.626
0.577
0.511
0.516
0.542
0.803
0.912
0.850
0.774
0.787
0.790
0.648
0.613
0.897
0.559
0.555
0.594
0.578
0.593
0.880
0.649
0.565
0.691
0.699
0.865
0.957
0.892
0.870
0.921
0.917
0.947
0.911
0.945
0.959
0.958
0.970
0.728
0.715
0.758
0.948
0.846
0.969
0.950
0.921
0.768
0.724
0.632
0.801
0.847
0.927
0.967
0.970
0.965
0.881
0.792
0.860
-99.000
-99.000
-99.000
-99.000
-99.000
-99.000
-99.000
-99.000
0.871
0.941
0.924
0.856
0.942
0.972
0.875
0.839
0.944
0.929
0.942
0.851
0.814
0.969
0.981
0.939
0.948
0.841
0.810
0.813
0.919
0.948
0.949
0.866
0.930
0.947
0.916
0.974
0.892
0.854
0.813
0.775
0.872
0.940
0.936
0.828
0.744
0.886
0.932
0.944
0.674
0.565
0.670
0.761
0.677
0.655
0.825
0.815
0.947
0.928
0.943
0.956
0.927
0.916
0.952
0.946
0.930
0.897
0.957
0.939
0.890
0.941
0.828
0.860
0.958
0.903
0.872
0.861
0.864
0.982
0.868
0.621
0.590
0.555
0.569
0.577
0.714
0.902
0.971
0.910
0.924
0.937
0.959
0.958
0.894
0.821
0.963
0.981
0.874
0.935
0.951
0.974
0.978
0.812
0.791
0.868
0.887
0.880
0.960
0.910
0.781
0.757
0.864
0.815
0.951
0.868
0.953
0.903
0.811
0.831
0.905
0.904
0.866
0.826
0.833
0.870
0.933
0.931
0.942
0.903
0.831
0.847
0.873
0.835
0.825
0.902
0.927
0.933
0.952
0.772
0.727
0.771
0.699
0.684
0.860
0.903
0.844
0.897
0.887
0.828
0.837
0.940
0.805
0.748
0.678
0.634
0.664
0.714
0.705
0.662
0.753
0.801
0.790
0.791
0.828
0.760
0.860
0.900
0.840
0.760
0.746
0.748
0.733
0.880
0.863
0.890
0.953
0.759
0.685
0.653
0.612
0.699
0.647
0.769
0.918
0.626
0.564
0.598
0.610
0.659
0.777
0.882
0.924
0.724
0.681
0.696
0.577
0.618
0.606
0.828
0.901
0.728
0.864
0.748
0.676
0.556
0.548
0.617
0.692
0.680
0.660
0.514
0.494
0.587
0.571
0.653
0.805
0.716
0.615
0.575
0.607
0.448
0.452
0.469
0.567
0.745
0.567
0.614
0.600
0.634
0.664
0.557
0.563
0.480
0.449
0.429
0.453
0.499
0.451
0.493
0.388
0.410
0.379
0.382
0.420
0.359
0.405
0.448
0.376
0.514
0.467
0.435
0.650
0.626
0.573
0.803
0.569
0.418
0.462
0.483
0.661
0.514
0.441
0.511
0.487
0.407
0.324
0.477
0.519
0.680
0.625
0.509
0.478
0.459
0.590
0.507
0.531
0.492
0.561
0.469
0.439
0.561
0.529
0.469
0.870
0.565
0.537
0.535
0.502
0.602
0.578
0.576
0.570
0.535
0.488
0.554
0.871
0.626
0.689
0.878
0.636
0.912
0.965
0.717
0.800
0.974
0.671
0.572
0.692
0.903
0.847
0.572
0.493
0.591
0.650
0.670
0.698
0.877
0.667
0.666
0.617
0.547
0.491
0.582
0.960
0.778
0.753
0.703
0.774
0.878
0.799
0.636
0.775
0.955
0.886
0.948
0.683
0.739
0.808
0.926
0.887
0.922
0.951
0.820
0.915
0.886
0.706
0.832
0.807
0.932
0.752
0.644
0.629
0.924
0.735
0.817
0.779
0.734
0.841
0.719
0.816
0.933
0.890
0.878
0.782
0.911
0.841
0.918
0.979
0.779
0.731
0.864
0.856
0.756
0.887
0.897
0.772
0.629
0.709
0.718
0.804
0.836
0.805
0.870
0.874
0.687
0.774
0.802
0.916
0.893
0.971
0.807
0.850
0.850
0.943
0.947
0.855
0.905
0.939
0.900
0.905
0.905
0.973
0.970
0.815
0.903
0.877
0.891
0.778
0.867
0.975
0.980
0.861
0.937
0.959
0.967
0.957
0.961
0.877
0.870
0.945
0.920
0.944
0.923
0.967
0.934
0.953
0.966
0.841
0.895
0.921
0.927
0.958
0.951
0.935
0.745
0.825
0.871
0.903
0.723
0.761
0.903
0.974
0.936
0.765
0.915
0.897
0.927
0.875
0.919
0.799
0.764
0.826
0.873
0.949
0.963
0.829
0.935
0.869
0.922
0.792
0.907
0.908
0.934
0.974
0.870
0.924
0.944
0.932
0.968
0.922
0.965
0.949
0.887
0.964
0.965
0.888
0.873
0.880
0.978
0.907
0.850
0.909
0.919
0.817
0.913
0.799
0.944
0.802
0.967
0.881
0.928
0.909
0.969
0.823
0.859
0.822
0.885
0.916
0.912
0.954
0.828
0.797
0.961
0.869
0.947
0.883
0.901
0.930
0.801
0.804
0.810
0.890
0.917
0.859
0.945
0.965
0.923
0.850
0.884
0.975
0.966
0.883
0.909
0.834
0.861
0.970
0.893
0.838
0.816
0.830
0.776
0.731
0.751
0.820
0.843
0.741
0.769
0.703
0.714
0.693
0.670
0.657
0.799
0.874
0.896
0.760
0.834
0.792
0.715
0.823
0.812
0.695
0.746
0.702
0.725
0.802
0.854
0.723
0.711
0.714
0.808
0.825
0.951
0.764
0.699
0.605
0.584
0.546
0.598
0.569
0.581
0.595
0.518
0.571
0.623
0.518
0.582
0.634
0.556
0.514
0.486
0.612
0.538
0.539
0.561
0.473
0.580
0.731
0.576
0.525
0.466
0.386
0.394
0.432
0.457
0.543
0.454
0.360
0.298
0.467
0.505
0.499
0.467
0.517
0.401
0.415
0.381
0.366
0.409
0.553
0.327
0.342
0.345
0.424
0.549
0.547
0.537
0.445
0.469
0.459
0.416
0.367
0.404
0.452
0.470
0.467
0.512
0.543
0.579
0.494
0.495
0.532
0.799
0.803
0.824
0.583
0.496
0.483
0.453
0.476
0.493
0.661
0.628
0.582
0.484
0.432
0.496
0.381
0.437
0.476
0.581
0.522
0.746
0.650
0.522
0.575
0.775
0.814
0.677
0.547
0.595
0.645
0.573
0.699
0.748
0.628
0.699
0.842
0.730
0.763
0.818
0.535
0.466
0.483
0.501
0.419
0.605
0.561
0.691
0.660
0.926
0.619
0.632
0.458
0.540
0.576
0.662
0.720
0.687
0.714
0.718
0.651
0.872
0.680
0.746
0.884
0.874
0.690
0.771
0.928
0.958
0.964
0.836
0.695
0.698
0.720
0.968
0.934
0.944
0.971
0.931
0.854
0.755
0.874
0.960
0.947
0.777
0.960
0.981
0.958
0.836
0.903
0.908
0.955
0.960
0.968
0.798
0.713
0.905
0.822
0.914
0.745
0.893
0.955
0.872
0.956
0.930
0.908
0.927
0.859
0.923
0.936
0.974
0.851
0.913
0.952
0.943
0.964
0.962
0.951
0.926
0.943
0.836
0.929
0.842
0.863
0.923
0.971
0.969
0.974
0.947
0.863
0.945
0.905
0.914
0.871
0.939
0.906
0.954
0.882
0.963
0.981
0.982
0.959
0.926
0.823
0.765
0.823
0.933
0.976
0.959
0.966
0.967
0.853
0.908
0.777
0.685
0.857
0.960
0.897
0.950
0.860
0.911
0.966
0.955
0.981
0.947
0.863
0.961
0.978
0.827
0.861
0.960
0.884
0.969
0.887
0.972
0.957
0.953
0.836
0.979
0.918
0.823
0.867
0.983
0.966
0.914
0.921
0.982
0.915
0.933
0.963
0.963
0.970
0.897
0.975
0.830
0.871
0.925
0.938
0.925
0.984
0.936
0.918
0.902
0.969
0.944
0.910
0.958
0.940
0.920
0.916
0.876
0.838
0.942
0.965
0.967
0.935
0.968
0.812
0.797
0.969
0.958
0.822
0.967
0.910
0.971
0.937
0.962
0.937
0.976
0.900
0.923
0.966
0.885
0.925
0.724
0.652
0.659
0.645
0.691
0.816
0.982
0.978
0.936
0.932
0.975
0.826
0.757
0.711
0.698
0.707
0.730
0.906
0.921
0.941
0.790
0.760
0.858
0.926
0.943
0.938
0.943
0.939
0.878
0.919
0.851
0.836
0.832
0.840
0.894
0.967
0.852
0.800
0.748
0.803
0.934
0.963
0.975
0.823
0.763
0.755
0.743
0.864
0.877
0.845
0.857
0.799
0.893
0.900
0.906
0.868
0.920
0.892
0.768
0.718
0.593
0.528
0.543
0.652
0.721
0.704
0.748
0.722
0.749
0.643
0.612
0.646
0.515
0.530
0.775
0.720
0.590
0.576
0.687
0.783
0.854
0.938
0.900
0.717
0.709
0.675
0.780
0.800
0.692
0.643
0.655
0.666
0.700
0.608
0.667
0.564
0.492
0.503
0.517
0.628
0.585
0.498
0.602
0.611
0.825
0.691
0.631
0.602
0.624
0.644
0.525
0.439
0.507
0.556
0.526
0.622
0.580
0.777
0.620
0.561
0.487
0.494
0.515
0.617
0.552
0.479
0.611
0.611
0.544
0.553
0.516
0.616
0.427
0.290
0.356
0.341
0.352
0.513
0.443
0.487
0.578
0.693
0.600
0.454
0.558
0.595
0.775
0.655
0.579
0.679
0.768
0.705
0.618
0.604
0.505
0.532
0.564
0.711
0.662
0.755
0.610
0.649
0.703
0.668
0.611
0.631
0.685
0.682
0.794
0.821
0.775
0.763
0.904
0.934
0.549
0.624
0.619
0.923
0.762
0.835
0.879
0.912
0.948
0.939
0.772
0.891
0.959
0.925
0.866
0.721
0.869
0.741
0.620
0.575
0.524
0.561
0.695
0.855
0.918
0.952
0.974
0.919
0.829
0.612
0.755
0.882
0.731
0.631
0.542
0.578
0.582
0.570
0.718
0.747
0.725
0.821
0.735
0.641
0.856
0.901
0.769
0.937
0.924
0.695
0.593
0.840
0.899
0.897
0.709
0.745
0.779
0.881
0.880
0.949
0.888
0.894
0.903
0.888
0.912
0.880
0.914
0.871
0.921
0.949
0.916
0.961
0.963
0.898
0.878
0.907
0.965
0.890
0.973
0.903
0.884
0.855
0.938
0.983
0.979
0.968
0.854
0.951
0.959
0.956
0.946
0.941
0.960
0.914
0.928
0.950
0.935
0.914
0.954
0.895
0.953
0.879
0.905
0.965
0.963
0.946
0.952
0.963
0.964
0.963
0.965
0.915
0.954
0.946
0.979
0.981
0.894
0.843
0.857
0.747
0.783
0.948
0.947
0.763
0.832
0.838
0.976
0.975
0.972
0.868
0.956
0.967
0.974
0.922
0.876
0.895
0.915
0.795
0.730
0.850
0.881
0.966
0.978
0.929
0.907
0.958
0.957
0.917
0.959
0.879
0.940
0.949
0.931
0.961
0.910
0.958
0.953
0.945
0.936
0.965
0.957
0.963
0.957
0.911
0.875
0.961
0.892
0.899
0.846
0.907
0.927
0.956
0.925
0.892
0.801
0.774
0.810
0.924
0.961
0.942
0.906
0.926
0.829
0.859
0.891
0.899
0.890
0.849
0.944
0.914
0.953
0.960
0.961
0.955
0.910
0.902
0.942
0.903
0.902
0.876
0.717
0.866
0.933
0.641
0.667
0.629
0.534
0.526
0.643
0.759
0.825
0.829
0.897
0.902
0.966
0.971
0.973
0.938
0.943
0.903
0.842
0.849
0.895
0.812
0.771
0.816
0.794
0.717
0.682
0.661
0.620
0.610
0.555
0.596
0.616
0.779
0.686
0.685
0.741
0.878
0.931
0.979
0.845
0.720
0.675
0.722
0.677
0.728
0.677
0.610
0.553
0.579
0.554
0.542
0.758
0.867
0.850
0.634
0.554
0.628
0.638
0.663
0.706
0.699
0.632
0.664
0.712
0.526
0.624
0.557
0.529
0.596
0.622
0.661
0.437
0.408
0.385
0.559
0.566
0.468
0.531
0.607
0.492
0.477
0.526
0.544
0.606
0.410
0.395
0.429
0.620
0.632
0.618
0.848
0.735
0.761
0.557
0.641
0.521
0.374
0.464
0.409
0.489
0.518
0.591
0.516
0.738
0.537
0.577
0.613
0.532
0.560
0.650
0.571
0.652
0.570
0.513
0.841
0.577
0.514
0.598
0.400
0.333
0.366
0.397
0.429
0.339
0.404
0.440
0.453
0.566
0.498
0.356
0.379
0.354
0.379
0.389
0.558
0.800
0.630
0.596
0.565
0.541
0.528
0.644
0.587
0.478
0.379
0.418
0.442
0.532
0.581
0.633
0.949
0.738
0.644
0.660
0.738
0.605
0.683
0.636
0.621
0.917
0.628
0.562
0.559
0.468
0.467
0.517
0.561
0.751
0.607
0.537
0.658
0.629
0.635
0.534
0.813
0.810
0.680
0.585
0.563
0.504
0.514
0.672
0.610
0.650
0.734
0.663
0.614
0.664
0.766
0.880
0.920
0.946
0.929
0.652
0.673
0.615
0.879
0.634
0.821
0.900
0.964
0.905
0.827
0.841
0.714
0.656
0.755
0.821
0.820
0.776
0.924
0.687
0.949
0.740
0.776
0.693
0.838
0.914
0.879
0.955
0.969
0.901
0.721
0.718
0.963
0.868
0.768
0.869
0.859
0.937
0.963
0.933
0.918
0.905
0.867
0.970
0.973
0.939
0.929
0.810
0.823
0.948
0.936
0.974
0.902
0.950
0.888
0.889
0.827
0.927
0.912
0.959
0.937
0.797
0.959
0.820
0.953
0.908
0.948
0.899
0.756
0.778
0.894
0.825
0.728
0.894
0.912
0.924
0.979
0.977
0.933
0.917
0.887
0.723
0.921
0.964
0.820
0.867
0.900
0.949
0.846
0.923
0.963
0.848
0.825
0.873
0.848
0.762
0.813
0.915
0.963
0.899
0.972
0.954
0.900
0.967
0.899
0.980
0.894
0.854
0.869
0.848
0.968
0.915
0.910
0.951
0.978
0.908
0.841
0.856
0.861
0.911
0.891
0.744
0.721
0.667
0.788
0.864
0.873
0.872
0.940
0.972
0.881
0.963
0.955
0.958
0.938
0.791
0.805
0.853
0.867
0.960
0.869
0.888
0.853
0.931
0.939
0.763
0.743
0.788
0.901
0.855
0.897
0.836
0.945
0.973
0.946
0.875
0.929
0.961
0.953
0.947
0.973
0.905
0.879
0.798
0.827
0.848
0.852
0.887
0.795
0.891
0.863
0.827
0.726
0.721
0.789
0.863
0.915
0.940
0.919
0.806
0.821
0.829
0.858
0.784
0.889
0.892
0.807
0.716
0.766
0.789
0.918
0.937
0.951
0.843
0.746
0.765
0.715
0.671
0.694
0.669
0.706
0.784
0.919
0.878
0.949
0.850
0.828
0.858
0.785
0.929
0.761
0.731
0.787
0.698
0.665
0.676
0.665
0.653
0.708
0.648
0.625
0.610
0.656
0.711
0.688
0.655
0.688
0.894
0.946
0.834
0.602
0.645
0.631
0.653
0.661
0.730
0.615
0.553
0.517
0.531
0.639
0.538
0.570
0.586
0.546
0.523
0.598
0.722
0.707
0.481
0.473
0.499
0.577
0.622
0.614
0.583
0.592
0.576
0.602
0.438
0.361
0.342
0.343
0.317
0.341
0.398
0.340
0.351
0.543
0.444
0.395
0.447
0.386
0.731
0.518
0.495
0.517
0.458
0.352
0.279
0.315
0.363
0.444
0.571
0.544
0.597
0.632
0.499
0.511
0.492
0.513
0.426
0.420
0.369
0.514
0.627
0.795
0.590
0.510
0.499
0.458
0.563
0.548
0.497
0.513
0.590
0.482
0.537
0.543
0.474
0.451
0.404
0.405
0.414
0.514
0.401
0.400
0.466
0.426
0.427
0.360
0.349
0.447
0.477
0.462
0.583
0.754
0.690
0.630
0.628
0.482
0.655
0.640
0.687
0.874
0.882
0.663
0.759
0.646
0.694
0.815
0.676
0.492
0.668
0.625
0.880
0.686
0.785
0.503
0.473
0.559
0.549
0.568
0.565
0.838
0.685
0.665
0.900
0.919
0.694
0.813
0.645
0.616
0.835
0.791
0.899
0.726
0.731
0.641
0.684
0.728
0.640
0.615
0.569
0.713
0.756
0.640
0.559
0.619
0.681
0.652
0.826
0.765
0.627
0.640
0.698
0.891
0.738
0.616
0.839
0.755
0.851
0.937
0.760
0.656
0.800
0.839
0.879
0.900
0.777
0.901
0.799
0.816
0.837
0.657
0.769
0.703
0.595
0.788
0.692
0.770
0.793
0.750
0.638
0.672
0.795
0.678
0.900
0.868
0.951
0.902
0.882
0.890
0.750
0.591
0.653
0.620
0.810
0.887
0.650
0.679
0.588
0.603
0.612
0.759
0.710
0.591
0.631
0.803
0.648
0.578
0.539
0.733
0.887
0.905
0.898
0.974
0.880
0.978
0.825
0.902
0.706
0.814
0.756
0.842
0.927
0.880
0.971
0.866
0.966
0.894
0.919
0.871
0.950
0.821
0.926
0.889
0.876
0.910
0.939
0.895
0.966
0.970
0.969
0.890
0.943
0.860
0.909
0.945
0.856
0.864
0.792
0.968
0.810
0.689
0.630
0.627
0.795
0.837
0.957
0.966
0.926
0.877
0.879
0.962
0.868
0.875
0.894
0.955
0.962
0.920
0.925
0.922
0.880
0.974
0.843
0.840
0.786
0.842
0.954
0.916
0.811
0.907
0.937
0.948
0.974
0.929
0.956
0.842
0.823
0.679
0.765
0.912
0.910
0.903
0.908
0.805
0.888
0.930
0.880
0.807
0.806
0.818
0.798
0.867
0.881
0.729
0.882
0.860
0.928
0.931
0.721
0.812
0.851
0.923
0.900
0.727
0.691
0.674
0.763
0.833
0.935
0.872
0.845
0.736
0.804
0.894
0.739
0.677
0.626
0.646
0.756
0.765
0.699
0.774
0.694
0.839
0.778
0.671
0.596
0.555
0.566
0.648
0.615
0.558
0.665
0.625
0.531
0.607
0.813
0.835
0.904
0.877
0.849
0.748
0.763
0.744
0.838
0.683
0.608
0.590
0.605
0.605
0.530
0.586
0.600
0.704
0.811
0.959
0.803
0.829
0.642
0.586
0.525
0.503
0.469
0.565
0.564
0.509
0.643
0.565
0.531
0.544
0.474
0.457
0.484
0.521
0.469
0.542
0.562
0.568
0.480
0.474
0.476
0.448
0.437
0.450
0.497
0.520
0.701
0.630
0.704
0.957
0.857
0.705
0.652
0.695
0.634
0.519
0.460
0.385
0.420
0.495
0.578
0.611
0.705
0.681
0.627
0.632
0.566
0.580
0.535
0.537
0.541
0.523
0.776
0.677
0.733
0.936
0.908
0.635
0.612
0.579
0.677
0.572
0.503
0.485
0.514
0.557
0.815
0.699
0.591
0.479
0.540
0.617
0.610
0.471
0.519
0.584
0.503
0.541
0.671
0.788
0.678
0.747
0.747
0.730
0.525
0.510
0.508
0.447
0.609
0.569
0.590
0.764
0.759
0.772
0.470
0.466
0.470
0.430
0.440
0.417
0.533
0.514
0.603
0.576
0.542
0.659
0.585
0.400
0.386
0.503
0.611
0.692
0.684
0.764
0.702
0.724
0.661
0.575
0.918
0.966
0.912
0.773
0.866
0.766
0.978
0.819
0.663
0.831
0.921
0.618
0.672
0.600
0.600
0.863
0.894
0.971
0.745
0.922
0.755
0.895
0.919
0.740
0.772
0.945
0.930
0.759
0.701
0.926
0.936
0.892
0.893
0.835
0.782
0.930
0.849
0.964
0.886
0.921
0.745
0.667
0.694
0.797
0.862
0.913
0.972
0.931
0.864
0.952
0.918
0.900
0.942
0.923
0.863
0.779
0.860
0.927
0.960
0.944
0.905
0.919
0.928
0.918
0.899
0.893
0.889
0.908
0.929
0.946
0.970
0.977
0.897
0.927
0.892
0.954
0.959
0.981
0.862
0.959
0.902
0.871
0.915
0.962
0.981
0.980
0.858
0.768
0.887
0.920
0.954
0.960
0.878
0.862
0.949
0.926
0.886
0.936
0.857
0.923
0.885
0.901
0.836
0.969
0.929
0.967
0.951
0.968
0.941
0.938
0.918
0.967
0.937
0.817
0.907
0.967
0.935
0.904
0.869
0.833
0.864
0.945
0.968
0.962
0.975
0.890
0.970
0.942
0.972
0.966
0.973
0.937
0.928
0.898
0.916
0.949
0.961
0.880
0.967
0.927
0.959
0.978
0.908
0.853
0.977
0.900
0.840
0.938
0.943
0.964
0.949
0.884
0.924
0.971
0.889
0.948
0.932
0.914
0.840
0.923
0.816
0.957
0.966
0.963
0.914
0.878
0.878
0.898
0.828
0.886
0.930
0.933
0.954
0.957
0.881
0.820
0.783
0.781
0.866
0.902
0.763
0.722
0.726
0.704
0.723
0.800
0.818
0.839
0.939
0.966
0.926
0.978
0.809
0.723
0.863
0.795
0.723
0.863
0.765
0.748
0.696
0.720
0.863
0.880
0.926
0.923
0.762
0.733
0.671
0.638
0.833
0.869
0.941
0.903
0.720
0.677
0.615
0.681
0.731
0.907
0.842
0.734
0.841
0.748
0.747
0.876
0.739
0.716
0.757
0.907
0.705
0.712
0.851
0.731
0.693
0.662
0.665
0.674
0.834
0.570
0.614
0.661
0.654
0.626
0.569
0.598
0.520
0.455
0.551
0.521
0.575
0.517
0.639
0.602
0.627
0.787
0.543
0.522
0.616
0.496
0.416
0.357
0.529
0.533
0.490
0.609
0.823
0.748
0.601
0.508
0.466
0.555
0.505
0.701
0.837
0.642
0.618
0.560
0.619
0.646
0.528
0.502
0.535
0.637
0.604
0.548
0.544
0.489
0.438
0.510
0.389
0.395
0.375
0.489
0.552
0.512
0.789
0.718
0.616
0.676
0.564
0.471
0.525
0.566
0.559
0.544
0.538
0.532
0.478
0.546
0.449
0.461
0.488
0.725
0.575
0.443
0.499
0.569
0.594
0.646
0.554
0.502
0.483
0.743
0.546
0.455
0.472
0.500
0.621
0.754
0.615
0.580
0.589
0.518
0.473
0.809
0.724
0.735
0.664
0.665
0.831
0.806
0.840
0.852
0.919
0.763
0.881
0.945
0.887
0.860
0.733
0.662
0.757
0.645
0.512
0.603
0.851
0.929
0.866
0.833
0.869
0.907
0.870
0.767
0.942
0.816
0.897
0.967
0.682
0.630
0.671
0.723
0.917
0.903
0.958
0.862
0.824
0.652
0.597
0.828
0.906
0.792
0.870
0.912
0.744
0.871
0.854
0.888
0.840
0.908
0.861
0.667
0.800
0.755
0.945
0.957
0.884
0.843
0.894
0.955
0.934
0.798
0.883
0.925
0.922
0.926
0.832
0.716
0.695
0.781
0.828
0.810
0.682
0.706
0.915
0.964
0.947
0.877
0.935
0.978
0.916
0.815
0.945
0.806
0.936
0.957
0.934
0.810
0.903
0.935
0.979
0.909
0.910
0.908
0.896
0.951
0.909
0.945
0.926
0.953
0.956
0.944
0.916
0.924
0.972
0.979
0.888
0.934
0.969
0.972
0.972
0.946
0.925
0.956
0.938
0.894
0.899
0.895
0.965
0.973
0.887
0.949
0.849
0.931
0.919
0.958
0.893
0.972
0.938
0.944
0.894
0.967
0.971
0.756
0.747
0.750
0.709
0.636
0.672
0.790
0.891
0.961
0.763
0.862
0.912
0.887
0.951
0.933
0.906
0.896
0.958
0.941
0.941
0.922
0.963
0.979
0.969
0.890
0.964
0.979
0.888
0.965
0.964
0.944
0.831
0.830
0.946
0.975
0.854
0.876
0.981
0.906
0.969
0.879
0.967
0.953
0.890
0.921
0.926
0.897
0.918
0.959
0.934
0.924
0.788
0.893
0.947
0.915
0.887
0.955
0.925
0.904
0.877
0.880
0.929
0.931
0.881
0.944
0.941
0.976
0.895
0.945
0.898
0.784
0.729
0.726
0.795
0.790
0.806
0.927
0.875
0.910
0.946
0.961
0.930
0.905
0.761
0.882
0.948
0.928
0.887
0.857
0.892
0.901
0.954
0.778
0.854
0.871
0.957
0.811
0.705
0.691
0.771
0.729
0.842
0.880
0.793
0.757
0.874
0.805
0.879
0.916
0.846
0.735
0.865
0.926
0.559
0.557
0.628
0.647
0.658
0.843
0.858
0.884
0.740
0.678
0.649
0.658
0.776
0.678
0.574
0.545
0.669
0.712
0.725
0.698
0.607
0.707
0.683
0.639
0.572
0.639
0.743
0.852
0.970
0.792
0.748
0.678
0.713
0.624
0.547
0.587
0.480
0.516
0.488
0.485
0.486
0.575
0.515
0.468
0.647
0.833
0.627
0.630
0.612
0.526
0.459
0.426
0.454
0.421
0.380
0.385
0.445
0.518
0.414
0.283
0.299
0.420
0.463
0.541
0.499
0.449
0.474
0.468
0.520
0.425
0.429
0.440
0.513
0.530
0.473
0.348
0.355
0.423
0.453
0.508
0.557
0.522
0.793
0.783
0.697
0.580
0.508
0.432
0.556
0.517
0.521
0.480
0.604
0.701
0.596
0.500
0.622
0.768
0.874
0.843
0.756
0.766
0.737
0.607
0.566
0.583
0.595
0.709
0.608
0.880
0.830
0.663
0.602
0.491
0.465
0.538
0.573
0.653
0.660
0.666
0.637
0.557
0.519
0.631
0.650
0.732
0.810
0.682
0.667
0.827
0.759
0.645
0.640
0.744
0.594
0.586
0.554
0.616
0.567
0.720
0.543
0.529
0.546
0.485
0.526
0.633
0.595
0.568
0.811
0.627
0.672
0.615
0.699
0.618
0.786
0.909
0.866
0.961
0.885
0.904
0.923
0.946
0.944
0.964
0.831
0.854
0.905
0.840
0.861
0.930
0.960
0.800
0.945
0.868
0.912
0.949
0.878
0.773
0.791
0.718
0.859
0.929
0.855
0.909
0.809
0.926
0.867
0.939
0.886
0.796
0.912
0.852
0.716
0.897
0.777
0.853
0.688
0.626
0.648
0.627
0.763
0.812
0.975
0.819
0.773
0.956
0.798
0.891
0.898
0.888
0.956
0.847
0.885
0.925
0.783
0.857
0.920
0.922
0.867
0.828
0.757
0.814
0.925
0.783
0.705
0.878
0.969
0.802
0.863
0.781
0.976
0.735
0.843
0.887
0.851
0.940
0.883
0.927
0.894
0.717
0.743
0.857
0.832
0.815
0.928
0.910
0.884
0.889
0.953
0.942
0.962
0.976
0.929
0.935
0.869
0.932
0.973
0.942
0.919
0.974
0.976
0.977
0.952
0.935
0.955
0.936
0.842
0.892
0.964
0.946
0.832
0.821
0.950
0.852
0.895
0.816
0.824
0.882
0.873
0.874
0.939
0.970
0.973
0.945
0.916
0.931
0.887
0.882
0.863
0.967
0.777
0.734
0.710
0.798
0.886
0.893
0.923
0.895
0.962
0.961
0.733
0.745
0.805
0.790
0.837
0.855
0.926
0.935
0.941
0.946
0.921
0.975
0.959
0.949
0.947
0.916
0.867
0.738
0.811
0.741
0.871
0.823
0.810
0.894
0.960
0.940
0.969
0.816
0.773
0.974
0.907
0.866
0.720
0.708
0.666
0.709
0.734
0.864
0.750
0.894
0.923
0.883
0.754
0.692
0.706
0.643
0.915
0.932
0.870
0.861
0.937
0.714
0.744
0.660
0.650
0.610
0.698
0.794
0.766
0.678
0.701
0.625
0.652
0.678
0.820
0.950
0.789
0.899
0.721
0.737
0.652
0.747
0.810
0.756
0.737
0.685
0.760
0.813
0.886
0.786
0.909
0.924
0.729
0.621
0.596
0.625
0.553
0.587
0.609
0.705
0.496
0.529
0.541
0.550
0.690
0.632
0.697
0.751
0.694
0.624
0.722
0.697
0.673
0.606
0.683
0.678
0.607
0.520
0.471
0.518
0.707
0.599
0.634
0.596
0.620
0.545
0.414
0.438
0.378
0.350
0.366
0.397
0.382
0.390
0.442
0.371
0.320
0.374
0.231
0.397
0.449
0.466
0.314
0.288
0.337
0.312
0.418
0.407
0.451
0.445
0.550
0.615
0.705
0.761
0.708
0.572
0.616
0.693
0.543
0.444
0.472
0.532
0.344
0.403
0.435
0.459
0.504
0.547
0.587
0.656
0.565
0.491
0.433
0.442
0.535
0.591
0.541
0.438
0.390
0.534
0.528
0.632
0.678
0.852
0.776
0.953
0.732
0.628
0.603
0.541
0.730
0.801
0.555
0.501
0.598
0.469
0.514
0.473
0.696
0.887
0.879
0.887
0.570
0.525
0.472
0.429
0.599
0.682
0.591
0.622
0.513
0.547
0.876
0.742
0.843
0.907
0.850
0.736
0.841
0.693
0.639
0.969
0.699
0.795
0.716
0.735
0.763
0.785
0.719
0.833
0.980
0.726
0.778
0.722
0.957
0.949
0.909
0.843
0.906
0.840
0.907
0.954
0.959
0.922
0.812
0.884
0.913
0.822
0.857
0.889
0.920
0.907
0.900
0.694
0.766
0.891
0.867
0.940
0.954
0.900
0.917
0.882
0.964
0.850
0.901
0.979
0.882
0.890
0.855
0.898
0.732
0.856
0.904
0.884
0.932
0.906
0.894
0.950
0.963
0.944
0.933
0.968
0.963
0.961
0.967
0.870
0.796
0.884
0.953
0.978
0.919
0.783
0.927
0.905
0.934
0.978
0.915
0.859
0.754
0.835
0.936
0.886
0.857
0.976
0.842
0.932
0.969
0.971
0.924
0.900
0.906
0.979
0.983
0.970
0.920
0.956
0.878
0.969
0.931
0.907
0.968
0.894
0.896
0.955
0.973
0.942
0.899
0.902
0.956
0.958
0.944
0.909
0.935
0.945
0.960
0.962
0.803
0.840
0.824
0.951
0.968
0.972
0.932
0.939
0.846
0.921
0.979
0.956
0.924
0.878
0.937
0.976
0.968
0.927
0.896
0.949
0.968
0.963
0.972
0.979
0.797
0.933
0.948
0.849
0.868
0.860
0.964
0.931
0.927
0.942
0.942
0.895
0.973
0.783
0.739
0.725
0.882
0.843
0.857
0.910
0.963
0.942
0.873
0.945
0.977
0.921
0.856
0.733
0.682
0.779
0.790
0.896
0.892
0.903
0.925
0.974
0.840
0.871
0.979
0.970
0.893
0.941
0.916
0.880
0.821
0.936
0.894
0.811
0.956
0.800
0.938
0.900
0.787
0.864
0.898
0.959
0.953
0.758
0.740
0.743
0.755
0.758
0.728
0.624
0.600
0.689
0.738
0.783
0.755
0.687
0.904
0.959
0.837
0.855
0.706
0.734
0.691
0.673
0.644
0.661
0.678
0.828
0.866
0.926
0.681
0.617
0.656
0.688
0.664
0.737
0.662
0.791
0.678
0.684
0.627
0.595
0.608
0.580
0.666
0.550
0.533
0.515
0.539
0.535
0.599
0.604
0.473
0.501
0.536
0.481
0.492
0.547
0.571
0.615
0.526
0.516
0.473
0.474
0.390
0.475
0.434
0.595
0.693
0.682
0.700
0.672
0.612
0.760
0.595
0.525
0.586
0.514
0.511
0.851
0.750
0.694
0.702
0.721
0.685
0.671
0.568
0.569
0.552
0.793
0.791
0.649
0.564
0.489
0.455
0.594
0.657
0.573
0.611
0.813
0.583
0.556
0.514
0.548
0.440
0.392
0.453
0.450
0.489
0.571
0.393
0.346
0.453
0.501
0.537
0.630
0.786
0.632
0.602
0.596
0.506
0.490
0.431
0.432
0.579
0.560
0.807
0.582
0.601
0.617
0.644
0.701
0.507
0.513
0.559
0.549
0.641
0.877
0.601
0.522
0.547
0.640
0.562
0.545
0.604
0.816
0.879
0.745
0.722
0.797
0.643
0.745
0.679
0.728
0.628
0.576
0.700
0.721
0.786
0.678
0.771
0.629
0.747
0.801
0.831
0.888
0.791
0.605
0.568
0.653
0.913
0.776
0.674
0.778
0.912
0.703
0.676
0.785
0.972
0.848
0.754
0.679
0.658
0.889
0.943
0.920
0.885
0.857
0.963
0.954
0.921
0.868
0.765
0.873
0.908
0.685
0.887
0.948
0.973
0.749
0.762
0.662
0.623
0.663
0.673
0.597
0.632
0.718
0.760
0.768
0.785
0.839
0.910
0.820
0.912
0.890
0.829
0.912
0.951
0.829
0.723
0.820
0.777
0.948
0.896
0.968
0.967
0.937
0.827
0.921
0.957
0.974
0.915
0.815
0.873
0.860
0.926
0.976
0.982
0.889
0.753
0.816
0.825
0.885
0.792
0.815
0.869
0.833
0.803
0.793
0.923
0.940
0.906
0.945
0.900
0.927
0.964
0.924
0.913
0.957
0.923
0.964
0.841
0.863
0.963
0.829
0.849
0.886
0.981
0.979
0.954
0.922
0.898
0.966
0.978
0.935
0.974
0.932
0.940
0.984
0.918
0.892
0.934
0.907
0.980
0.939
0.917
0.976
0.965
0.970
0.948
0.956
0.879
0.976
0.968
0.973
0.974
0.827
0.917
0.960
0.976
0.904
0.871
0.814
0.733
0.668
0.564
0.555
0.627
0.635
0.765
0.962
0.977
0.882
0.948
0.923
0.979
0.980
0.899
0.962
0.971
0.899
0.959
0.904
0.886
0.924
0.895
0.962
0.940
0.870
0.888
0.903
0.968
0.938
0.939
0.959
0.971
0.916
0.909
0.953
0.825
0.674
0.882
0.895
0.776
0.724
0.856
0.976
0.862
0.806
0.931
0.947
0.932
0.947
0.886
0.837
0.734
0.767
0.903
0.778
0.793
0.783
0.734
0.777
0.859
0.778
0.705
0.919
0.857
0.913
0.864
0.774
0.929
0.937
0.981
0.947
0.850
0.856
0.911
0.867
0.869
0.867
0.869
0.895
0.711
0.802
0.785
0.709
0.775
0.675
0.644
0.673
0.708
0.673
0.825
0.716
0.681
0.666
0.664
0.674
0.517
0.465
0.530
0.605
0.589
0.536
0.611
0.657
0.577
0.592
0.542
0.555
0.659
0.709
0.591
0.562
0.571
0.537
0.544
0.540
0.559
0.503
0.539
0.639
0.565
0.597
0.585
0.885
0.875
0.725
0.855
0.850
0.856
0.710
0.659
0.603
0.482
0.467
0.451
0.492
0.482
0.596
0.588
0.698
0.723
0.832
0.923
0.671
0.714
0.800
0.727
0.682
0.546
0.441
0.459
0.445
0.540
0.502
0.545
0.480
0.524
0.586
0.486
0.572
0.512
0.618
0.504
0.547
0.486
0.636
0.606
0.613
0.580
0.770
0.869
0.679
0.536
0.467
0.417
0.514
0.931
0.614
0.533
0.608
0.892
0.744
0.620
0.629
0.482
0.547
0.563
0.494
0.503
0.631
0.620
0.623
0.596
0.512
0.541
0.438
0.745
0.538
0.498
0.460
0.426
0.555
0.615
0.541
0.487
0.687
0.669
0.901
0.850
0.562
0.545
0.518
0.542
0.545
0.681
0.661
0.617
0.620
0.553
0.669
0.582
0.692
0.588
0.455
0.403
0.498
0.449
0.454
0.512
0.715
0.798
0.705
0.578
0.783
0.966
0.716
0.842
0.858
0.845
0.828
0.855
0.827
0.928
0.967
0.773
0.892
0.696
0.730
0.981
0.897
0.916
0.893
0.859
0.801
0.706
0.559
0.559
0.824
0.724
0.724
0.944
0.773
0.955
0.981
0.960
0.915
0.855
0.846
0.856
0.804
0.920
0.921
0.793
0.886
0.781
0.705
0.759
0.908
0.935
0.933
0.878
0.793
0.760
0.825
0.761
0.871
0.732
0.921
0.943
0.799
0.879
0.915
0.951
0.795
0.895
0.953
0.939
0.889
0.839
0.868
0.978
0.917
0.884
0.961
0.811
0.741
0.656
0.836
0.924
0.896
0.839
0.754
0.858
0.855
0.823
0.743
0.897
0.803
0.889
0.725
0.610
0.691
0.805
0.854
0.949
0.861
0.845
0.963
0.802
0.863
0.880
0.707
0.789
0.845
0.914
0.828
0.966
0.973
0.831
0.941
0.958
0.949
0.934
0.859
0.912
0.835
0.919
0.857
0.971
0.962
0.949
0.863
0.832
0.921
0.919
0.939
0.878
0.957
0.903
0.960
0.953
0.906
0.854
0.939
0.947
0.911
0.920
0.964
0.951
0.787
0.732
0.896
0.966
0.857
0.936
0.852
0.849
0.864
0.954
0.864
0.952
0.942
0.944
0.886
0.914
0.801
0.795
0.903
0.973
0.922
0.798
0.875
0.888
0.855
0.878
0.856
0.932
0.825
0.760
0.952
0.902
0.879
0.789
0.731
0.720
0.754
0.903
0.850
0.957
0.870
0.861
0.922
0.844
0.633
0.538
0.521
0.529
0.668
0.652
0.720
0.707
0.941
0.964
0.969
0.902
0.946
0.956
0.755
0.716
0.686
0.673
0.640
0.669
0.669
0.721
0.789
0.769
0.823
0.868
0.893
0.757
0.713
0.678
0.623
0.686
0.740
0.779
0.781
0.824
0.773
0.646
0.688
0.686
0.698
0.614
0.596
0.594
0.639
0.611
0.582
0.554
0.551
0.554
0.698
0.581
0.603
0.701
0.579
0.598
0.554
0.516
0.546
0.569
0.694
0.649
0.659
0.857
0.694
0.637
0.688
0.582
0.616
0.653
0.617
0.560
0.576
0.548
0.480
0.446
0.471
0.632
0.556
0.547
0.615
0.600
0.742
0.678
0.816
0.682
0.558
0.429
0.424
0.466
0.439
0.493
0.474
0.722
0.729
0.547
0.477
0.440
0.456
0.438
0.399
0.475
0.391
0.435
0.435
0.306
0.279
0.404
0.412
0.443
0.496
0.537
0.515
0.477
0.530
0.561
0.628
0.481
0.430
0.500
0.392
0.363
0.328
0.335
0.489
0.609
0.514
0.343
0.341
0.298
0.338
0.284
0.477
0.568
0.656
0.608
0.908
0.610
0.538
0.482
0.452
0.414
0.478
0.459
0.470
0.507
0.455
0.440
0.485
0.426
0.494
0.539
0.523
0.606
0.869
0.933
0.867
0.651
0.593
0.656
0.621
0.936
0.921
0.738
0.841
0.961
0.880
0.872
0.841
0.880
0.920
0.890
0.835
0.958
0.886
0.898
0.808
0.648
0.840
0.932
0.927
0.871
0.918
0.856
0.662
0.877
0.777
0.719
0.689
0.696
0.896
0.806
0.918
0.960
0.898
0.792
0.729
0.748
0.806
0.887
0.905
0.937
0.960
0.963
0.979
0.978
0.891
0.875
0.935
0.832
0.861
0.944
0.811
0.724
0.608
0.617
0.767
0.717
0.699
0.855
0.966
0.748
0.623
0.753
0.932
0.916
0.751
0.978
0.945
0.902
0.838
0.962
0.842
0.694
0.867
0.839
0.888
0.905
0.965
0.971
0.910
0.980
0.974
0.973
0.823
0.910
0.969
0.967
0.962
0.966
0.913
0.918
0.875
0.964
0.971
0.973
0.981
0.941
0.953
0.881
0.924
0.958
0.929
0.920
0.957
0.890
0.946
0.960
0.966
0.904
0.955
0.921
0.908
0.939
0.982
0.971
0.965
0.981
0.914
0.971
0.966
0.971
0.960
0.939
0.905
0.924
0.919
0.898
0.949
0.795
0.920
0.974
0.838
0.830
0.735
0.828
0.728
0.759
0.940
0.942
0.942
0.922
0.874
0.866
0.854
0.840
0.883
0.944
0.936
0.895
0.892
0.972
0.970
0.907
0.924
0.825
0.891
0.910
0.963
0.967
0.926
0.954
0.898
0.893
0.977
0.976
0.944
0.924
0.911
0.969
0.966
0.901
0.951
0.927
0.945
0.981
0.952
0.785
0.789
0.784
0.796
0.912
0.854
0.902
0.871
0.961
0.959
0.971
0.974
0.911
0.969
0.905
0.951
0.904
0.898
0.952
0.951
0.909
0.937
0.960
0.940
0.962
0.975
0.968
0.937
0.922
0.882
0.812
0.799
0.781
0.734
0.818
0.884
0.887
0.819
0.903
0.917
0.923
0.931
0.839
0.791
0.856
0.942
0.883
0.820
0.777
0.793
0.863
0.835
0.890
0.858
0.802
0.803
0.826
0.768
0.867
0.815
0.818
0.954
0.959
0.829
0.767
0.913
0.834
0.802
0.880
0.818
0.896
0.916
0.873
0.871
0.774
0.791
0.885
0.893
0.751
0.767
0.771
0.754
0.737
0.711
0.692
0.679
0.646
0.810
0.849
0.862
0.785
0.726
0.780
0.708
0.593
0.626
0.626
0.599
0.595
0.571
0.512
0.554
0.553
0.477
0.526
0.469
0.503
0.517
0.543
0.586
0.626
0.712
0.596
0.492
0.526
0.551
0.627
0.715
0.424
0.423
0.431
0.500
0.593
0.473
0.493
0.409
0.350
0.354
0.454
0.350
0.374
0.372
0.767
0.592
0.613
0.569
0.528
0.465
0.434
0.465
0.435
0.495
0.439
0.528
0.414
0.416
0.441
0.492
0.413
0.770
0.653
0.562
0.554
0.825
0.762
0.597
0.615
0.621
0.506
0.592
0.522
0.642
0.753
0.712
0.604
0.753
0.666
0.609
0.480
0.476
0.405
0.378
0.538
0.636
0.512
0.495
0.488
0.510
0.641
0.523
0.502
0.462
0.747
0.564
0.549
0.614
0.476
0.492
0.417
0.567
0.446
0.436
0.478
0.537
0.963
0.621
0.509
0.472
0.527
0.569
0.743
0.925
0.661
0.766
0.886
0.813
0.742
0.591
0.617
0.860
0.672
0.615
0.792
0.752
0.756
0.671
0.809
0.965
0.643
0.865
0.895
0.800
0.648
0.797
0.876
0.762
0.705
0.921
0.852
0.915
0.696
0.611
0.964
0.953
0.865
0.864
0.860
0.812
0.763
0.924
0.942
0.954
0.847
0.931
0.844
0.928
0.969
0.941
0.897
0.852
0.730
0.729
0.802
0.659
0.601
0.653
0.677
0.663
0.666
0.644
0.620
0.588
0.593
0.554
0.595
0.588
0.839
0.758
0.773
0.715
0.732
0.842
0.891
0.817
0.916
0.928
0.871
0.717
0.772
0.935
0.796
0.865
0.947
0.956
0.908
0.834
0.874
0.973
0.968
0.824
0.919
0.781
0.843
0.967
0.966
0.843
0.821
0.947
0.881
0.735
0.711
0.948
0.943
0.881
0.968
0.938
0.858
0.942
0.971
0.860
0.918
0.952
0.969
0.955
0.848
0.822
0.825
0.939
0.967
0.864
0.925
0.915
0.851
0.982
0.961
0.855
0.930
0.897
0.856
0.833
0.891
0.938
0.979
0.888
0.806
0.848
0.932
0.932
0.762
0.892
0.967
0.903
0.840
0.816
0.950
0.870
0.957
0.953
0.960
0.919
0.948
0.967
0.935
0.912
0.902
0.911
0.943
0.927
0.920
0.928
0.945
0.938
0.957
0.964
0.920
0.893
0.972
0.876
0.823
0.924
0.963
0.967
0.954
0.933
0.911
0.874
0.945
0.892
0.916
0.958
0.949
0.884
0.908
0.953
0.840
0.912
0.843
0.929
0.833
0.860
0.883
0.918
0.868
0.868
0.880
0.943
0.782
0.727
0.778
0.747
0.655
0.743
0.710
0.871
0.852
0.753
0.692
0.687
0.650
0.681
0.810
0.893
0.815
0.802
0.914
0.852
0.703
0.744
0.716
0.754
0.626
0.666
0.744
0.804
0.885
0.876
0.913
0.893
0.845
0.762
0.749
0.723
0.658
0.691
0.814
0.774
0.734
0.722
0.788
0.705
0.746
0.957
0.928
0.753
0.642
0.661
0.752
0.786
0.920
0.850
0.850
0.674
0.643
0.696
0.740
0.716
0.658
0.671
0.701
0.639
0.649
0.936
0.761
0.516
0.516
0.500
0.465
0.482
0.528
0.534
0.601
0.597
0.736
0.582
0.555
0.562
0.605
0.629
0.612
0.650
0.744
0.643
0.646
0.544
0.569
0.523
0.519
0.552
0.562
0.534
0.567
0.554
0.476
0.515
0.415
0.457
0.421
0.456
0.452
0.398
0.349
0.320
0.352
0.370
0.382
0.466
0.500
0.453
0.423
0.431
0.448
0.396
0.420
0.474
0.475
0.601
0.621
0.538
0.582
0.521
0.493
0.441
0.472
0.475
0.535
0.598
0.464
0.388
0.345
0.422
0.495
0.444
0.425
0.454
0.478
0.600
0.653
0.629
0.696
0.546
0.504
0.468
0.448
0.489
0.444
0.530
0.477
0.522
0.440
0.456
0.534
0.564
0.478
0.647
0.588
0.751
0.720
0.613
0.659
0.672
0.671
0.663
0.621
0.641
0.637
0.643
0.619
0.698
0.890
0.652
0.544
0.581
0.555
0.588
0.538
0.518
0.511
0.618
0.504
0.423
0.452
0.497
0.799
0.796
0.806
0.670
0.679
0.653
0.641
0.662
0.552
0.648
0.507
0.555
0.546
0.472
0.485
0.731
0.765
0.651
0.792
0.582
0.522
0.615
0.600
0.619
0.627
0.493
0.573
0.573
0.482
0.501
0.495
0.778
0.636
0.601
0.557
0.574
0.703
0.729
0.752
0.716
0.758
0.648
0.822
0.622
0.526
0.580
0.735
0.606
0.678
0.790
0.879
0.859
0.917
0.934
0.838
0.980
0.921
0.981
0.898
0.954
0.970
0.981
0.958
0.945
0.875
0.900
0.925
0.822
0.920
0.860
0.807
0.802
0.841
0.723
0.679
0.795
0.958
0.967
0.757
0.914
0.876
0.835
0.930
0.971
0.889
0.959
0.839
0.885
0.905
0.846
0.924
0.975
0.942
0.893
0.919
0.943
0.875
0.923
0.944
0.934
0.901
0.975
0.919
0.931
0.941
0.885
0.908
0.938
0.918
0.977
0.850
0.640
0.661
0.830
0.864
0.923
0.859
0.972
0.969
0.966
0.947
0.901
0.952
0.962
0.974
0.927
0.936
0.860
0.949
0.955
0.952
0.915
0.972
0.970
0.818
0.913
0.936
0.959
0.956
0.875
0.832
0.855
0.840
0.898
0.802
0.840
0.925
0.756
0.735
0.854
0.820
0.729
0.830
0.891
0.962
0.956
0.834
0.765
0.772
0.834
0.930
0.881
0.785
0.878
0.912
0.864
0.733
0.736
0.866
0.841
0.928
0.964
0.952
0.981
0.978
0.817
0.771
0.866
0.848
0.844
0.818
0.859
0.881
0.833
0.721
0.789
0.897
0.879
0.917
0.865
0.837
0.729
0.821
0.891
0.854
0.845
0.836
0.778
0.921
0.884
0.845
0.783
0.734
0.706
0.693
0.641
0.693
0.746
0.740
0.968
0.694
0.736
0.631
0.571
0.664
0.677
0.708
0.704
0.582
0.547
0.581
0.648
0.586
0.681
0.693
0.756
0.749
0.666
0.845
0.843
0.778
0.716
0.685
0.705
0.766
0.637
0.632
0.695
0.778
0.777
0.832
0.719
0.688
0.661
0.583
0.605
0.654
0.728
0.689
0.629
0.597
0.618
0.529
0.501
0.479
0.433
0.414
0.515
0.435
0.480
0.419
0.369
0.302
0.426
0.424
0.411
0.525
0.679
0.666
0.624
0.553
0.476
0.449
0.363
0.326
0.408
0.469
0.603
0.625
0.532
0.605
0.684
0.547
0.603
0.597
0.549
0.470
0.637
0.660
0.689
0.562
0.477
0.550
0.599
0.697
0.741
0.789
0.680
0.772
0.692
0.680
0.581
0.480
0.463
0.591
0.555
0.569
0.615
0.572
0.640
0.571
0.554
0.574
0.629
0.447
0.485
0.617
0.760
0.622
0.631
0.554
0.457
0.479
0.487
0.527
0.575
0.590
0.766
0.630
0.792
0.801
0.822
0.893
0.850
0.629
0.661
0.647
0.623
0.919
0.675
0.670
0.615
0.750
0.883
0.907
0.969
0.830
0.928
0.948
0.799
0.810
0.935
0.794
0.563
0.672
0.725
0.830
0.847
0.583
0.736
0.792
0.836
0.899
0.898
0.912
0.794
0.700
0.750
0.783
0.900
0.702
0.825
0.820
0.919
0.921
0.974
0.968
0.788
0.918
0.972
0.891
0.807
0.907
0.957
0.912
0.944
0.867
0.936
0.923
0.875
0.971
0.959
0.909
0.967
0.894
0.952
0.937
0.971
0.977
0.879
0.761
0.880
0.893
0.935
0.970
0.966
0.892
0.922
0.803
0.694
0.600
0.537
0.762
0.841
0.852
0.720
0.670
0.567
0.571
0.565
0.601
0.820
0.912
0.973
0.832
0.687
0.826
0.915
0.836
0.954
0.878
0.882
0.943
0.888
0.936
0.960
0.973
0.981
0.914
0.848
0.849
0.910
0.956
0.925
0.851
0.943
0.971
0.924
0.882
0.958
0.908
0.981
0.926
0.913
0.942
0.957
0.971
0.966
0.878
0.937
0.931
0.880
0.679
0.840
0.863
0.958
0.949
0.933
0.953
0.958
0.897
0.958
0.904
0.949
0.929
0.808
0.970
0.947
0.929
0.876
0.948
0.950
0.964
0.932
0.958
0.966
0.879
0.973
0.962
0.928
0.947
0.968
0.908
0.922
0.973
0.889
0.947
0.808
0.916
0.887
0.958
0.921
0.867
0.931
0.903
0.862
0.889
0.928
0.961
0.976
0.927
0.970
0.904
0.938
0.972
0.925
0.956
0.940
0.944
0.893
0.875
0.919
0.976
0.879
0.923
0.880
0.950
0.835
0.846
0.839
0.933
0.924
0.915
0.877
0.920
0.838
0.747
0.876
0.917
0.908
0.900
0.763
0.761
0.895
0.898
0.935
0.928
0.922
0.825
0.811
0.781
0.686
0.664
0.739
0.851
0.877
0.912
0.908
0.842
0.863
0.821
0.718
0.835
0.800
0.908
0.885
0.826
0.872
0.816
0.750
0.760
0.719
0.732
0.641
0.725
0.918
0.684
0.612
0.566
0.573
0.610
0.585
0.537
0.543
0.611
0.727
0.843
0.844
0.659
0.704
0.709
0.740
0.652
0.823
0.938
0.731
0.715
0.606
0.565
0.647
0.580
0.630
0.555
0.680
0.822
0.755
0.721
0.570
0.650
0.761
0.635
0.743
0.703
0.644
0.584
0.732
0.628
0.689
0.609
0.598
0.544
0.521
0.503
0.547
0.562
0.693
0.449
0.500
0.447
0.504
0.480
0.539
0.598
0.577
0.533
0.616
0.516
0.572
0.654
0.657
0.560
0.569
0.631
0.520
0.609
0.653
0.774
0.670
0.644
0.748
0.545
0.513
0.577
0.494
0.484
0.490
0.646
0.683
0.784
0.714
0.558
0.642
0.560
0.552
0.499
0.553
0.645
0.811
0.688
0.502
0.548
0.441
0.410
0.420
0.513
0.551
0.686
0.630
0.593
0.672
0.697
0.936
0.664
0.508
0.531
0.675
0.661
0.827
0.658
0.848
0.723
0.828
0.639
0.622
0.833
0.804
0.928
0.811
0.673
0.772
0.953
0.817
0.868
0.784
0.858
0.801
0.959
0.941
0.846
0.980
0.933
0.979
0.902
0.815
0.800
0.626
0.555
0.682
0.924
0.912
0.875
0.975
0.933
0.888
0.758
0.904
0.763
0.749
0.739
0.857
0.865
0.857
0.824
0.682
0.605
0.651
0.781
0.805
0.869
0.827
0.798
0.892
0.974
0.918
0.819
0.854
0.796
0.702
0.712
0.802
0.947
0.936
0.956
0.820
0.770
0.949
0.970
0.884
0.953
0.836
0.902
0.952
0.914
0.955
0.937
0.954
0.938
0.930
0.832
0.870
0.763
0.745
0.820
0.712
0.638
0.840
0.797
0.795
0.626
0.801
0.963
0.806
0.929
0.938
0.794
0.787
0.889
0.916
0.826
0.826
0.904
0.843
0.816
0.803
0.954
0.976
0.771
0.832
0.934
0.978
0.898
0.905
0.941
0.962
0.898
0.934
0.868
0.905
0.920
0.947
0.958
0.877
0.950
0.881
0.948
0.965
0.956
0.868
0.947
0.928
0.936
0.916
0.928
0.920
0.778
0.835
0.947
0.943
0.938
0.968
0.979
0.870
0.936
0.922
0.959
0.969
0.953
0.908
0.945
0.938
0.959
0.953
0.969
0.919
0.873
0.877
0.976
0.923
0.918
0.886
0.946
0.976
0.889
0.767
0.732
0.779
0.902
0.920
0.937
0.889
0.920
0.872
0.949
0.961
0.966
0.924
0.957
0.920
0.942
0.933
0.962
0.957
0.776
0.739
0.682
0.736
0.866
0.744
0.788
0.920
0.966
0.870
0.939
0.931
0.899
0.928
0.916
0.808
0.842
0.851
0.928
0.957
0.926
0.878
0.891
0.959
0.941
0.758
0.742
0.835
0.825
0.949
0.881
0.894
0.871
0.870
0.821
0.735
0.829
0.739
0.748
0.756
0.840
0.756
0.931
0.857
0.961
0.970
0.963
0.925
0.960
0.964
0.871
0.864
0.856
0.936
0.899
0.889
0.876
0.908
0.832
0.787
0.775
0.726
0.779
0.814
0.698
0.711
0.738
0.720
0.842
0.807
0.928
0.805
0.838
0.953
0.938
0.814
0.900
0.834
0.872
0.727
0.657
0.723
0.709
0.615
0.657
0.671
0.816
0.774
0.755
0.828
0.759
0.638
0.698
0.685
0.674
0.616
0.528
0.619
0.603
0.679
0.692
0.576
0.574
0.553
0.648
0.579
0.628
0.534
0.620
0.548
0.504
0.478
0.580
0.677
0.627
0.617
0.869
0.831
0.898
0.865
0.735
0.683
0.609
0.533
0.513
0.636
0.593
0.606
0.486
0.467
0.554
0.551
0.665
0.952
0.801
0.905
0.578
0.496
0.407
0.375
0.471
0.482
0.430
0.453
0.492
0.603
0.546
0.523
0.616
0.812
0.723
0.735
0.591
0.531
0.528
0.490
0.397
0.471
0.578
0.571
0.613
0.821
0.700
0.958
0.669
0.547
0.558
0.654
0.826
0.726
0.952
0.853
0.852
0.671
0.891
0.851
0.948
0.898
0.941
0.824
0.825
0.732
0.921
0.713
0.589
0.487
0.448
0.489
0.527
0.597
0.582
0.558
0.721
0.637
0.648
0.588
0.625
0.569
0.576
0.978
0.718
0.866
0.949
0.944
0.980
0.872
0.718
0.649
0.965
0.795
0.751
0.620
0.885
0.828
0.798
0.908
0.964
0.787
0.746
0.670
0.591
0.876
0.941
0.762
0.736
0.924
0.843
0.816
0.885
0.788
0.756
0.754
0.764
0.875
0.845
0.802
0.882
0.898
0.882
0.783
0.824
0.803
0.806
0.868
0.969
0.979
0.861
0.823
0.949
0.966
0.873
0.979
0.789
0.846
0.758
0.744
0.798
0.872
0.858
0.740
0.673
0.870
0.897
0.854
0.936
0.962
0.871
0.932
0.881
0.951
0.958
0.927
0.912
0.967
0.959
0.872
0.960
0.820
0.863
0.881
0.769
0.827
0.799
0.840
0.787
0.815
0.915
0.870
0.895
0.830
0.851
0.771
0.722
0.861
0.854
0.768
0.716
0.785
0.883
0.910
0.927
0.924
0.979
0.939
0.981
0.976
0.789
0.893
0.855
0.927
0.972
0.929
0.959
0.914
0.945
0.811
0.707
0.609
0.626
0.563
0.869
0.831
0.845
0.936
0.904
0.961
0.804
0.896
0.948
0.921
0.808
0.871
0.809
0.934
0.863
0.890
0.929
0.902
0.922
0.914
0.981
0.943
0.967
0.953
0.958
0.960
0.974
0.963
0.961
0.907
0.967
0.904
0.869
0.909
0.960
0.969
0.958
0.955
0.919
0.975
0.838
0.864
0.862
0.896
0.976
0.971
0.928
0.948
0.955
0.905
0.937
0.936
0.939
0.941
0.955
0.887
0.951
0.962
0.935
0.980
0.912
0.898
0.922
0.866
0.889
0.958
0.878
0.883
0.958
0.903
0.826
0.850
0.783
0.789
0.741
0.732
0.735
0.748
0.954
0.863
0.816
0.776
0.782
0.767
0.776
0.782
0.832
0.829
0.915
0.893
0.915
0.826
0.787
0.767
0.805
0.823
0.892
0.899
0.789
0.770
0.762
0.821
0.938
0.850
0.885
0.925
0.845
0.861
0.747
0.754
0.685
0.651
0.637
0.646
0.856
0.834
0.834
0.965
0.862
0.875
0.864
0.860
0.773
0.669
0.842
0.825
0.820
0.911
0.775
0.794
0.757
0.667
0.656
0.674
0.702
0.707
0.957
0.842
0.704
0.738
0.899
0.944
0.924
0.802
0.729
0.767
0.715
0.688
0.793
0.862
0.831
0.747
0.685
0.646
0.635
0.597
0.595
0.577
0.592
0.641
0.524
0.575
0.704
0.727
0.527
0.524
0.475
0.487
0.487
0.533
0.577
0.612
0.733
0.695
0.657
0.667
0.554
0.560
0.667
0.935
0.713
0.626
0.752
0.701
0.702
0.847
0.767
0.657
0.669
0.541
0.765
0.674
0.663
0.757
0.642
0.776
0.711
0.573
0.481
0.543
0.368
0.354
0.437
0.524
0.582
0.538
0.600
0.606
0.549
0.552
0.491
0.672
0.621
0.648
0.693
0.679
0.680
0.854
0.854
0.894
0.857
0.761
0.808
0.727
0.787
0.668
0.814
0.809
0.961
0.952
0.738
0.847
0.725
0.648
0.632
0.558
0.558
0.922
0.805
0.723
0.687
0.685
0.589
0.557
0.637
0.874
0.797
0.771
0.889
0.815
0.978
0.967
0.798
0.938
0.944
0.977
0.707
0.667
0.622
0.683
0.948
0.842
0.947
0.970
0.940
0.900
0.950
0.877
0.957
0.908
0.867
0.821
0.810
0.883
0.898
0.827
0.808
0.755
0.768
0.850
0.918
0.946
0.923
0.958
0.825
0.832
0.709
0.832
0.894
0.907
0.889
0.887
0.875
0.875
0.903
0.782
0.757
0.964
0.933
0.936
0.900
0.951
0.871
0.885
0.974
0.973
0.939
0.915
0.884
0.872
0.879
0.917
0.910
0.908
0.894
0.909
0.937
0.853
0.750
0.813
0.873
0.876
0.874
0.779
0.668
0.760
0.974
0.840
0.845
0.828
0.893
0.902
0.890
0.740
0.809
0.886
0.876
0.872
0.964
0.859
0.956
0.898
0.905
0.764
0.700
0.773
0.921
0.881
0.914
0.977
0.877
0.881
0.981
0.924
0.947
0.966
0.850
0.923
0.823
0.871
0.899
0.964
0.857
0.898
0.929
0.954
0.927
0.778
0.843
0.959
0.961
0.977
0.930
0.934
0.889
0.932
0.877
0.936
0.954
0.966
0.887
0.768
0.791
0.933
0.972
0.902
0.847
0.948
0.885
0.933
0.948
0.981
0.954
0.855
0.854
0.948
0.936
0.900
0.947
0.934
0.861
0.856
0.908
0.951
0.911
0.909
0.952
0.906
0.928
0.874
0.813
0.888
0.821
0.798
0.880
0.884
0.863
0.952
0.919
0.948
0.958
0.899
0.905
0.958
0.965
0.914
0.817
0.825
0.830
0.766
0.742
0.735
0.733
0.800
0.914
0.875
0.890
0.928
0.865
0.881
0.853
0.910
0.775
0.683
0.799
0.809
0.824
0.711
0.762
0.869
0.867
0.902
0.801
0.692
0.844
0.891
0.836
0.884
0.859
0.887
0.844
0.810
0.807
0.838
0.895
0.695
0.649
0.699
0.650
0.728
0.817
0.809
0.746
0.702
0.795
0.727
0.632
0.636
0.694
0.701
0.687
0.744
0.741
0.657
0.654
0.639
0.676
0.758
0.793
0.876
0.744
0.673
0.699
0.666
0.627
0.611
0.749
0.574
0.521
0.596
0.543
0.533
0.615
0.610
0.571
0.611
0.587
0.784
0.670
0.774
0.703
0.641
0.564
0.649
0.498
0.488
0.583
0.571
0.569
0.512
0.456
0.422
0.541
0.530
0.557
0.563
0.543
0.484
0.441
0.433
0.402
0.399
0.387
0.474
0.446
0.386
0.458
0.521
0.408
0.728
0.850
0.742
0.665
0.463
0.423
0.532
0.662
0.595
0.521
0.513
0.488
0.481
0.610
0.511
0.529
0.515
0.452
0.468
0.461
0.475
0.481
0.811
0.629
0.719
0.559
0.552
0.453
0.534
0.489
0.438
0.321
0.429
0.422
0.421
0.431
0.423
0.419
0.409
0.527
0.558
0.461
0.489
0.532
0.537
0.558
0.484
0.407
0.355
0.464
0.638
0.648
0.655
0.653
0.629
0.474
0.514
0.643
0.740
0.866
0.759
0.808
0.896
0.681
0.649
0.641
0.588
0.761
0.927
0.850
0.916
0.743
0.673
0.784
0.960
0.783
0.688
0.776
0.788
0.685
0.861
0.817
0.965
0.782
0.885
0.738
0.887
0.841
0.945
0.730
0.804
0.871
0.938
0.948
0.959
0.922
0.908
0.822
0.774
0.869
0.905
0.765
0.689
0.555
0.597
0.868
0.977
0.853
0.844
0.971
0.831
0.858
0.953
0.899
0.917
0.806
0.840
0.898
0.875
0.793
0.940
0.952
0.930
0.938
0.968
0.976
0.946
0.886
0.884
0.970
0.982
0.937
0.716
0.645
0.798
0.721
0.653
0.578
0.631
0.807
0.925
0.965
0.825
0.828
0.686
0.823
0.895
0.901
0.953
0.971
0.969
0.839
0.934
0.978
0.928
0.844
0.959
0.962
0.906
0.911
0.952
0.926
0.926
0.916
0.940
0.933
0.888
0.962
0.970
0.968
0.956
0.955
0.962
0.882
0.931
0.815
0.942
0.916
0.838
0.946
0.942
0.974
0.870
0.829
0.955
0.970
0.963
0.948
0.894
0.855
0.878
0.943
0.884
0.950
0.978
0.968
0.965
0.922
0.978
0.972
0.902
0.920
0.934
0.889
0.892
0.976
0.904
0.907
0.941
0.962
0.969
0.968
0.973
0.965
0.913
0.966
0.972
0.976
0.839
0.923
0.955
0.975
0.949
0.965
0.876
0.861
0.981
0.925
0.949
0.962
0.969
0.911
0.973
0.930
0.972
0.883
0.944
0.935
0.947
0.952
0.944
0.980
0.943
0.779
0.759
0.749
0.803
0.872
0.856
0.874
0.913
0.854
0.761
0.750
0.830
0.798
0.807
0.709
0.621
0.623
0.705
0.800
0.793
0.635
0.582
0.574
0.566
0.531
0.527
0.563
0.553
0.585
0.622
0.756
0.791
0.923
0.912
0.800
0.864
0.756
0.738
0.672
0.761
0.755
0.830
0.847
0.892
0.922
0.787
0.852
0.731
0.825
0.862
0.937
0.762
0.691
0.705
0.847
0.922
0.845
0.816
0.717
0.677
0.733
0.745
0.675
0.719
0.884
0.809
0.684
0.791
0.698
0.659
0.615
0.610
0.666
0.678
0.677
0.513
0.554
0.509
0.411
0.496
0.512
0.579
0.644
0.513
0.554
0.595
0.545
0.800
0.667
0.519
0.484
0.590
0.622
0.592
0.539
0.715
0.655
0.697
0.799
0.656
0.537
0.576
0.649
0.747
0.477
0.532
0.584
0.518
0.500
0.507
0.527
0.535
0.486
0.557
0.570
0.536
0.577
0.448
0.605
0.598
0.559
0.631
0.660
0.519
0.559
0.504
0.393
0.414
0.436
0.429
0.534
0.569
0.757
0.696
0.638
0.648
0.632
0.610
0.552
0.603
0.393
0.384
0.374
0.388
0.461
0.777
0.724
0.630
0.658
0.632
0.466
0.470
0.529
0.627
0.769
0.577
0.567
0.542
0.628
0.813
0.689
0.543
0.536
0.459
0.591
0.593
0.799
0.730
0.786
0.808
0.827
0.703
0.615
0.636
0.879
0.659
0.815
0.851
0.790
0.854
0.841
0.959
0.830
0.912
0.679
0.911
0.960
0.782
0.676
0.597
0.547
0.617
0.580
0.647
0.748
0.907
0.831
0.663
0.903
0.786
0.967
0.743
0.812
0.942
0.940
0.864
0.956
0.963
0.673
0.536
0.553
0.522
0.629
0.814
0.738
0.788
0.919
0.730
0.579
0.783
0.925
0.887
0.957
0.948
0.881
0.912
0.910
0.966
0.939
0.922
0.962
0.962
0.980
0.946
0.955
0.965
0.971
0.825
0.900
0.927
0.858
0.936
0.892
0.967
0.909
0.839
0.925
0.971
0.910
0.853
0.924
0.779
0.889
0.963
0.904
0.904
0.947
0.885
0.824
0.970
0.947
0.843
0.834
0.900
0.836
0.909
0.882
0.842
0.925
0.886
0.874
0.963
0.966
0.964
0.961
0.881
0.934
0.880
0.969
0.897
0.975
0.882
0.900
0.824
0.869
0.798
0.861
0.732
0.665
0.820
0.830
0.861
0.881
0.920
0.710
0.666
0.837
0.849
0.805
0.957
0.965
0.832
0.937
0.781
0.685
0.736
0.714
0.872
0.932
0.781
0.755
0.932
0.945
0.956
0.974
0.883
0.804
0.911
0.921
0.951
0.891
0.978
0.976
0.963
0.923
0.956
0.896
0.900
0.966
0.918
0.813
0.815
0.836
0.970
0.943
0.935
0.725
0.908
0.911
0.970
0.938
0.931
0.879
0.916
0.975
0.938
0.932
0.949
0.977
0.970
0.856
0.923
0.960
0.934
0.946
0.968
0.977
0.892
0.911
0.865
0.866
0.811
0.918
0.901
0.870
0.866
0.870
0.928
0.942
0.942
0.959
0.936
0.932
0.950
0.933
0.823
0.731
0.741
0.846
0.901
0.953
0.941
0.889
0.788
0.832
0.916
0.953
0.812
0.736
0.734
0.730
0.765
0.869
0.828
0.946
0.885
0.927
0.940
0.917
0.896
0.906
0.855
0.690
0.759
0.782
0.746
0.706
0.786
0.764
0.777
0.734
0.868
0.894
0.757
0.696
0.709
0.740
0.806
0.757
0.672
0.682
0.794
0.744
0.754
0.711
0.686
0.755
0.715
0.652
0.812
0.777
0.658
0.681
0.633
0.598
0.519
0.555
0.571
0.644
0.570
0.569
0.531
0.625
0.721
0.794
0.739
0.669
0.709
0.833
0.802
0.842
0.742
0.694
0.710
0.885
0.905
0.809
0.890
0.731
0.772
0.656
0.615
0.817
0.700
0.710
0.541
0.502
0.437
0.476
0.531
0.507
0.657
0.575
0.517
0.526
0.551
0.719
0.608
0.467
0.555
0.781
0.584
0.479
0.505
0.454
0.525
0.591
0.472
0.375
0.375
0.377
0.372
0.422
0.437
0.483
0.484
0.634
0.807
0.735
0.670
0.519
0.492
0.560
0.607
0.613
0.702
0.725
0.691
0.669
0.550
0.837
0.552
0.632
0.492
0.592
0.660
0.535
0.524
0.507
0.659
0.604
0.812
0.593
0.543
0.620
0.641
0.443
0.407
0.400
0.625
0.478
0.637
0.507
0.445
0.514
0.635
0.714
0.789
0.912
0.810
0.722
0.771
0.628
0.908
0.820
0.975
0.938
0.891
0.920
0.956
0.914
0.945
0.772
0.812
0.806
0.737
0.883
0.883
0.956
0.848
0.869
0.614
0.561
0.746
0.782
0.913
0.898
0.870
0.971
0.938
0.831
0.667
0.685
0.938
0.962
0.885
0.956
0.883
0.979
0.758
0.807
0.926
0.828
0.913
0.794
0.905
0.884
0.922
0.890
0.748
0.867
0.888
0.884
0.981
0.913
0.939
0.921
0.859
0.706
0.673
0.684
0.961
0.980
0.879
0.907
0.909
0.966
0.963
0.978
0.945
0.940
0.951
0.839
0.955
0.881
0.869
0.877
0.927
0.941
0.967
0.916
0.953
0.957
0.980
0.981
0.883
0.868
0.939
0.900
0.927
0.872
0.938
0.887
0.965
0.963
0.967
0.981
0.981
0.850
0.967
0.964
0.955
0.970
0.937
0.930
0.905
0.948
0.890
0.925
0.872
0.936
0.966
0.962
0.964
0.850
0.849
0.946
0.884
0.880
0.963
0.971
0.934
0.925
0.955
0.944
0.982
0.931
0.899
0.899
0.915
0.964
0.955
0.976
0.951
0.970
0.936
0.960
0.959
0.872
0.922
0.898
0.965
0.971
0.944
0.877
0.913
0.979
0.953
0.972
0.930
0.963
0.973
0.970
0.890
0.980
0.985
0.855
0.899
0.880
0.877
0.973
0.975
0.972
0.969
0.977
0.967
0.970
0.973
0.971
0.966
0.887
0.966
0.951
0.937
0.934
0.978
0.957
0.975
0.859
0.807
0.912
0.916
0.931
0.974
0.895
0.849
0.967
0.929
0.970
0.911
0.881
0.852
0.874
0.922
0.956
0.950
0.952
0.954
0.956
0.966
0.969
0.964
0.919
0.825
0.933
0.851
0.657
0.668
0.720
0.758
0.729
0.818
0.962
0.960
0.941
0.898
0.863
0.852
0.885
0.840
0.867
0.928
0.868
0.874
0.911
0.891
0.880
0.893
0.849
0.859
0.870
0.957
0.914
0.981
0.877
0.797
0.792
0.779
0.700
0.628
0.802
0.787
0.842
0.899
0.863
0.907
0.936
0.933
0.867
0.868
0.961
0.823
0.705
0.667
0.730
0.768
0.926
0.790
0.724
0.749
0.674
0.701
0.660
0.641
0.678
0.633
0.577
0.584
0.698
0.583
0.623
0.820
0.744
0.798
0.797
0.781
0.729
0.646
0.740
0.716
0.761
0.718
0.597
0.577
0.661
0.738
0.882
0.761
0.723
0.774
0.710
0.648
0.628
0.661
0.890
0.784
0.750
0.668
0.763
0.784
0.806
0.714
0.744
0.709
0.915
0.784
0.641
0.664
0.678
0.608
0.724
0.607
0.506
0.451
0.578
0.655
0.892
0.649
0.455
0.437
0.472
0.575
0.613
0.506
0.579
0.550
0.429
0.443
0.492
0.628
0.714
0.864
0.964
0.925
0.710
0.574
0.703
0.635
0.619
0.580
0.682
0.674
0.532
0.542
0.630
0.599
0.622
0.969
0.740
0.581
0.560
0.541
0.876
0.728
0.620
0.598
0.832
0.633
0.561
0.506
0.545
0.692
0.975
0.830
0.624
0.509
0.668
0.669
0.631
0.845
0.669
0.910
0.766
0.883
0.905
0.912
0.907
0.909
0.900
0.790
0.908
0.714
0.945
0.912
0.906
0.783
0.814
0.662
0.858
0.938
0.955
0.950
0.665
0.639
0.737
0.775
0.607
0.740
0.667
0.856
0.962
0.922
0.859
0.885
0.932
0.835
0.774
0.800
0.633
0.896
0.960
0.936
0.969
0.936
0.961
0.970
0.954
0.971
0.959
0.919
0.971
0.871
0.740
0.864
0.857
0.939
0.897
0.971
0.953
0.974
0.804
0.977
0.938
0.930
0.861
0.930
0.969
0.949
0.865
0.948
0.972
0.973
0.778
0.835
0.880
0.854
0.829
0.964
0.982
0.969
0.945
0.973
0.981
0.922
0.825
0.932
0.974
0.947
0.979
0.970
0.963
0.909
0.911
0.916
0.939
0.895
0.971
0.973
0.918
0.926
0.853
0.814
0.830
0.928
0.973
0.982
0.982
0.958
0.948
0.927
0.958
0.875
0.944
0.927
0.955
0.951
0.940
0.884
0.923
0.946
0.973
0.947
0.897
0.833
0.959
0.885
0.964
0.964
0.878
0.928
0.914
0.962
0.966
0.919
0.958
0.887
0.932
0.944
0.968
0.949
0.879
0.930
0.945
0.952
0.941
0.910
0.912
0.960
0.971
0.964
0.982
0.917
0.930
0.982
0.974
0.980
0.976
0.969
0.955
0.972
0.958
0.907
0.956
0.924
0.948
0.897
0.968
0.956
0.879
0.953
0.901
0.889
0.919
0.939
0.972
0.957
0.976
0.961
0.964
0.938
0.956
0.959
0.961
0.952
0.948
0.970
0.925
0.962
0.958
0.968
0.970
0.854
0.919
0.925
0.973
0.939
0.925
0.906
0.945
0.963
0.955
0.935
0.860
0.957
0.966
0.935
0.932
0.864
0.852
0.932
0.951
0.902
0.882
0.939
0.972
0.967
0.867
0.923
0.929
0.870
0.892
0.955
0.967
0.898
0.941
0.951
0.886
0.913
0.976
0.967
0.958
0.971
0.801
0.771
0.756
0.793
0.734
0.781
0.862
0.900
0.925
0.889
0.741
0.744
0.785
0.954
0.898
0.925
0.890
0.977
0.870
0.844
0.927
0.903
0.967
0.900
0.850
0.769
0.807
0.801
0.843
0.810
0.887
0.906
0.868
0.871
0.852
0.817
0.884
0.754
0.801
0.885
0.873
0.868
0.820
0.691
0.629
0.565
0.688
0.648
0.690
0.735
0.850
0.891
0.842
0.762
0.902
0.796
0.684
0.763
0.784
0.683
0.823
0.950
0.790
0.620
0.543
0.641
0.638
0.741
0.757
0.577
0.566
0.537
0.571
0.495
0.613
0.631
0.775
0.673
0.675
0.831
0.756
0.652
0.587
0.751
0.904
0.813
0.717
0.645
0.667
0.685
0.645
0.623
0.801
0.720
0.693
0.548
0.479
0.452
0.516
0.730
0.699
0.579
0.581
0.524
0.609
0.683
0.883
0.790
0.743
0.810
0.853
0.856
0.865
0.916
0.783
0.702
0.678
0.866
0.922
0.830
0.644
0.584
0.778
0.744
0.769
0.698
0.782
0.884
0.866
0.751
0.603
0.751
0.779
0.813
0.927
0.786
0.939
0.980
0.796
0.651
0.938
0.874
0.927
0.913
0.814
0.855
0.827
0.867
0.905
0.709
0.698
0.834
0.724
0.926
0.931
0.920
0.935
0.934
0.880
0.939
0.802
0.830
0.897
0.874
0.668
0.736
0.877
0.937
0.890
0.754
0.816
0.841
0.880
0.944
0.979
0.875
0.915
0.867
0.970
0.978
0.899
0.938
0.954
0.954
0.923
0.949
0.833
0.851
0.923
0.873
0.937
0.927
0.902
0.924
0.915
0.975
0.918
0.944
0.915
0.958
0.880
0.917
0.965
0.939
0.971
0.948
0.963
0.915
0.962
0.885
0.771
0.753
0.678
0.681
0.735
0.893
0.950
0.898
0.756
0.875
0.939
0.886
0.952
0.914
0.866
0.917
0.904
0.981
0.888
0.964
0.917
0.969
0.900
0.972
0.977
0.930
0.932
0.889
0.886
0.909
0.956
0.917
0.935
0.895
0.938
0.929
0.949
0.971
0.960
0.928
0.879
0.960
0.941
0.950
0.844
0.947
0.892
0.918
0.976
0.967
0.960
0.884
0.929
0.954
0.962
0.922
0.966
0.936
0.888
0.921
0.902
0.952
0.842
0.934
0.915
0.945
0.948
0.911
0.895
0.897
0.909
0.969
0.946
0.917
0.956
0.939
0.962
0.943
0.949
0.966
0.953
0.962
0.866
0.790
0.957
0.947
0.935
0.927
0.967
0.962
0.949
0.980
0.909
0.800
0.891
0.951
0.959
0.859
0.739
0.689
0.658
0.636
0.633
0.655
0.816
0.904
0.922
0.824
0.862
0.945
0.917
0.890
0.886
0.921
0.844
0.821
0.905
0.918
0.936
0.934
0.955
0.970
0.904
0.755
0.815
0.932
0.945
0.805
0.887
0.912
0.931
0.629
0.639
0.612
0.619
0.631
0.689
0.611
0.751
0.899
0.957
0.831
0.790
0.742
0.750
0.779
0.900
0.972
0.945
0.891
0.769
0.806
0.931
0.717
0.882
0.857
0.867
0.966
0.820
0.730
0.736
0.696
0.678
0.667
0.600
0.729
0.709
0.666
0.703
0.696
0.823
0.804
0.785
0.811
0.775
0.687
0.720
0.796
0.621
0.626
0.616
0.597
0.602
0.557
0.558
0.543
0.571
0.676
0.773
0.734
0.769
0.786
0.697
0.816
0.693
0.697
0.930
0.777
0.740
0.751
0.784
0.741
0.655
0.628
0.571
0.649
0.626
0.753
0.763
0.670
0.540
0.493
0.611
0.661
0.634
0.563
0.574
0.432
0.452
0.465
0.501
0.490
0.464
0.447
0.433
0.442
0.449
0.423
0.414
0.450
0.449
0.604
0.462
0.470
0.424
0.398
0.450
0.453
0.500
0.489
0.538
0.786
0.655
0.818
0.804
0.860
0.860
0.621
0.805
0.828
0.567
0.458
0.399
0.370
0.418
0.479
0.489
0.478
0.604
0.900
0.597
0.537
0.589
0.594
0.554
0.641
0.609
0.550
0.555
0.664
0.550
0.476
0.467
0.509
0.528
0.459
0.484
0.813
0.650
0.511
0.603
0.739
0.705
0.701
0.729
0.716
0.511
0.616
0.615
0.759
0.926
0.702
0.974
0.787
0.685
0.545
0.564
0.974
0.919
0.901
0.937
0.729
0.788
0.808
0.923
0.944
0.925
0.538
0.514
0.585
0.759
0.835
0.916
0.873
0.903
0.962
0.869
0.728
0.688
0.883
0.963
0.957
0.909
0.889
0.808
0.956
0.847
0.930
0.766
0.883
0.982
0.918
0.844
0.897
0.978
0.962
0.932
0.908
0.964
0.972
0.797
0.785
0.637
0.820
0.962
0.910
0.774
0.840
0.634
0.846
0.885
0.704
0.672
0.884
0.960
0.963
0.953
0.910
0.832
0.921
0.910
0.900
0.931
0.964
0.940
0.937
0.828
0.760
0.934
0.842
0.834
0.958
0.941
0.970
0.968
0.966
0.903
0.862
0.790
0.955
0.907
0.936
0.928
0.970
0.956
0.858
0.785
0.843
0.950
0.957
0.826
0.919
0.944
0.970
0.950
0.980
0.964
0.973
0.960
0.958
0.861
0.920
0.886
0.958
0.957
0.955
0.942
0.907
0.979
0.976
0.959
0.968
0.904
0.814
0.926
0.952
0.955
0.945
0.870
0.914
0.874
0.923
0.944
0.981
0.923
0.917
0.882
0.966
0.957
0.970
0.865
0.943
0.901
0.939
0.868
0.860
0.966
0.873
0.947
0.976
0.972
0.913
0.880
0.873
0.966
0.932
0.859
0.956
0.960
0.974
0.916
0.975
0.973
0.954
0.945
0.966
0.905
0.926
0.899
0.899
0.926
0.981
0.927
0.908
0.966
0.981
0.886
0.929
0.887
0.965
0.961
0.941
0.948
0.964
0.961
0.903
0.765
0.937
0.959
0.946
0.940
0.959
0.946
0.924
0.928
0.943
0.950
0.937
0.954
0.795
0.729
0.773
0.675
0.806
0.814
0.870
0.968
0.785
0.839
0.966
0.914
0.776
0.749
0.707
0.675
0.777
0.897
0.956
0.931
0.953
0.934
0.875
0.862
0.850
0.739
0.734
0.750
0.719
0.693
0.683
0.857
0.951
0.921
0.864
0.713
0.822
0.807
0.914
0.937
0.842
0.720
0.765
0.873
0.755
0.863
0.905
0.827
0.805
0.710
0.762
0.854
0.801
0.915
0.848
0.694
0.720
0.745
0.777
0.833
0.982
0.922
0.825
0.720
0.773
0.705
0.803
0.792
0.720
0.717
0.791
0.789
0.799
0.792
0.727
0.908
0.853
0.829
0.705
0.678
0.726
0.810
0.648
0.615
0.655
0.584
0.727
0.667
0.753
0.863
0.920
0.901
0.877
0.769
0.733
0.674
0.633
0.750
0.695
0.624
0.551
0.533
0.561
0.667
0.711
0.662
0.665
0.703
0.646
0.695
0.721
0.567
0.548
0.547
0.533
0.600
0.583
0.667
0.870
0.675
0.631
0.621
0.450
0.547
0.596
0.610
0.699
0.669
0.827
0.804
0.949
0.890
0.724
0.738
0.840
0.841
0.726
0.883
0.895
0.953
0.844
0.765
0.795
0.782
0.950
0.720
0.692
0.756
0.829
0.838
0.934
0.876
0.825
0.901
0.959
0.950
0.964
0.955
0.961
0.927
0.798
0.740
0.931
0.959
0.967
0.864
0.949
0.966
0.917
0.957
0.904
0.895
0.847
0.865
0.941
0.900
0.888
0.886
0.921
0.868
0.938
0.935
0.752
0.715
0.823
0.950
0.856
0.936
0.914
0.820
0.751
0.748
0.924
0.969
0.873
0.849
0.965
0.937
0.959
0.969
0.939
0.973
0.902
0.967
0.964
0.775
0.725
0.772
0.885
0.901
0.863
0.936
0.968
0.916
0.925
0.938
0.957
0.967
0.975
0.971
0.974
0.966
0.847
0.930
0.972
0.971
0.897
0.818
0.965
0.935
0.983
0.925
0.884
0.923
0.763
0.751
0.788
0.909
0.935
0.896
0.956
0.952
0.972
0.967
0.954
0.973
0.939
0.940
0.897
0.966
0.925
0.805
0.787
0.748
0.912
0.944
0.984
0.954
0.950
0.953
0.901
0.909
0.938
0.821
0.891
0.943
0.977
0.907
0.938
0.964
0.947
0.888
0.899
0.942
0.970
0.976
0.956
0.980
0.971
0.977
0.922
0.873
0.867
0.938
0.961
0.950
0.861
0.881
0.937
0.955
0.975
0.982
0.943
0.872
0.881
0.930
0.920
0.948
0.782
0.915
0.970
0.939
0.907
0.965
0.960
0.942
0.949
0.958
0.977
0.932
0.978
0.956
0.907
0.968
0.863
0.817
0.925
0.970
0.982
0.925
0.877
0.906
0.957
0.927
0.887
0.908
0.875
0.977
0.875
0.934
0.909
0.782
0.870
0.881
0.911
0.961
0.967
0.939
0.887
0.846
0.907
0.955
0.969
0.931
0.977
0.881
0.959
0.935
0.915
0.967
0.977
0.908
0.927
0.884
0.835
0.889
0.896
0.930
0.930
0.813
0.921
0.868
0.956
0.921
0.817
0.757
0.731
0.768
0.842
0.750
0.738
0.674
0.644
0.634
0.819
0.917
0.917
0.958
0.951
0.945
0.861
0.925
0.946
0.975
0.967
0.965
0.938
0.904
0.947
0.961
0.914
0.920
0.836
0.862
0.955
0.882
0.853
0.793
0.846
0.920
0.955
0.977
0.798
0.784
0.811
0.780
0.800
0.708
0.726
0.758
0.784
0.825
0.872
0.913
0.814
0.887
0.911
0.886
0.949
0.902
0.898
0.853
0.855
0.903
0.869
0.818
0.742
0.661
0.707
0.643
0.659
0.949
0.872
0.775
0.767
0.675
0.680
0.693
0.676
0.609
0.752
0.729
0.520
0.587
0.660
0.666
0.578
0.645
0.669
0.888
0.821
0.724
0.715
0.745
0.622
0.600
0.550
0.626
0.553
0.632
0.572
0.547
0.555
0.491
0.480
0.495
0.485
0.683
0.916
0.753
0.736
0.831
0.914
0.827
0.872
0.727
0.662
0.878
0.783
0.755
0.651
0.613
0.524
0.480
0.489
0.514
0.516
0.465
0.655
0.846
0.687
0.643
0.672
0.602
0.667
0.825
0.640
0.545
0.556
0.591
0.605
0.629
0.501
0.579
0.659
0.684
0.565
0.576
0.663
0.794
0.689
0.796
0.966
0.847
0.638
0.667
0.779
0.763
0.795
0.687
0.814
0.935
0.938
0.955
0.956
0.930
0.940
0.895
0.748
0.619
0.800
0.835
0.919
0.944
0.942
0.923
0.817
0.907
0.897
0.798
0.926
0.961
0.798
0.879
0.942
0.879
0.727
0.671
0.733
0.649
0.888
0.904
0.957
0.935
0.947
0.768
0.807
0.767
0.917
0.921
0.850
0.932
0.972
0.969
0.956
0.931
0.912
0.942
0.940
0.909
0.881
0.943
0.964
0.962
0.952
0.715
0.877
0.932
0.898
0.915
0.875
0.937
0.982
0.969
0.957
0.955
0.914
0.938
0.904
0.915
0.941
0.939
0.941
0.930
0.963
0.943
0.974
0.977
0.969
0.951
0.898
0.870
0.949
0.901
0.972
0.971
0.972
0.943
0.851
0.926
0.962
0.976
0.924
0.972
0.981
0.971
0.973
0.932
0.980
0.969
0.777
0.928
0.969
0.932
0.963
0.946
0.953
0.948
0.951
0.982
0.954
0.908
0.764
0.783
0.917
0.970
0.818
0.862
0.877
0.949
0.942
0.961
0.971
0.954
0.929
0.944
0.966
0.939
0.920
0.968
0.907
0.976
0.944
0.954
0.971
0.946
0.911
0.921
0.925
0.951
0.962
0.950
0.869
0.949
0.966
0.964
0.969
0.948
0.954
0.892
0.877
0.893
0.951
0.963
0.954
0.964
0.907
0.883
0.938
0.918
0.874
0.952
0.979
0.984
0.975
0.898
0.946
0.972
0.972
0.958
0.821
0.964
0.957
0.944
0.980
0.982
0.883
0.872
0.979
0.954
0.962
0.916
0.962
0.947
0.894
0.958
0.945
0.953
0.895
0.925
0.965
0.939
0.930
0.889
0.796
0.735
0.657
0.689
0.695
0.649
0.650
0.635
0.635
0.700
0.764
0.719
0.703
0.862
0.878
0.949
0.888
0.851
0.827
0.917
0.884
0.747
0.755
0.703
0.832
0.932
0.954
0.905
0.958
0.962
0.951
0.982
0.932
0.854
0.879
0.799
0.743
0.795
0.890
0.926
0.814
0.865
0.908
0.979
0.943
0.978
0.910
0.853
0.812
0.806
0.880
0.959
0.980
0.923
0.822
0.757
0.835
0.759
0.756
0.702
0.664
0.846
0.899
0.939
0.881
0.867
0.840
0.784
0.758
0.813
0.908
0.958
0.884
0.823
0.901
0.933
0.847
0.973
0.917
0.913
0.908
0.888
0.845
0.853
0.747
0.668
0.675
0.737
0.888
0.864
0.673
0.738
0.739
0.654
0.743
0.749
0.704
0.676
0.860
0.863
0.612
0.630
0.721
0.760
0.682
0.630
0.644
0.672
0.916
0.750
0.767
0.774
0.718
0.659
0.719
0.675
0.932
0.710
0.646
0.677
0.921
0.605
0.614
0.607
0.639
0.612
0.654
0.681
0.869
0.890
0.964
0.942
0.827
0.762
0.494
0.562
0.532
0.548
0.588
0.565
0.585
0.588
0.624
0.612
0.781
0.785
0.841
0.869
0.742
0.872
0.759
0.825
0.914
0.818
0.671
0.884
0.785
0.665
0.587
0.600
0.926
0.868
0.677
0.586
0.547
0.589
0.614
0.638
0.661
0.932
0.767
0.728
0.908
0.889
0.649
0.829
0.794
0.909
0.876
0.934
0.959
0.968
0.964
0.913
0.902
0.670
0.579
0.603
0.818
0.878
0.833
0.876
0.976
0.842
0.920
0.966
0.878
0.850
0.967
0.948
0.971
0.982
0.905
0.751
0.641
0.630
0.689
0.911
0.886
0.904
0.962
0.977
0.884
0.883
0.940
0.968
0.901
0.958
0.957
0.914
0.979
0.831
0.888
0.909
0.963
0.913
0.862
0.845
0.965
0.973
0.914
0.943
0.968
0.782
0.798
0.843
0.952
0.939
0.978
0.800
0.892
0.835
0.923
0.948
0.883
0.938
0.871
0.959
0.966
0.894
0.966
0.954
0.951
0.959
0.875
0.921
0.890
0.795
0.866
0.891
0.959
0.904
0.948
0.932
0.951
0.960
0.954
0.973
0.976
0.913
0.977
0.933
0.951
0.941
0.959
0.975
0.959
0.982
0.974
0.868
0.857
0.835
0.901
0.926
0.963
0.954
0.968
0.944
0.907
0.967
0.971
0.964
0.965
0.962
0.944
0.933
0.950
0.959
0.949
0.975
0.977
0.955
0.968
0.940
0.964
0.970
0.887
0.834
0.962
0.947
0.965
0.946
0.970
0.957
0.963
0.913
0.965
0.930
0.894
0.915
0.963
0.963
0.982
0.971
0.950
0.920
0.949
0.950
0.850
0.809
0.959
0.893
0.976
0.856
0.973
0.957
0.977
0.929
0.929
0.945
0.922
0.982
0.813
0.900
0.922
0.957
0.962
0.968
0.961
0.956
0.969
0.937
0.889
0.971
0.916
0.859
0.915
0.829
0.924
0.910
0.878
0.868
0.892
0.930
0.838
0.793
0.867
0.917
0.882
0.948
0.954
0.959
0.968
0.963
0.930
0.909
0.842
0.965
0.973
0.857
0.910
0.831
0.887
0.956
0.897
0.890
0.960
0.949
0.948
0.853
0.873
0.962
0.950
0.934
0.919
0.972
0.975
0.970
0.972
0.942
0.883
0.944
0.961
0.943
0.853
0.941
0.838
0.813
0.786
0.755
0.872
0.936
0.888
0.953
0.925
0.876
0.916
0.785
0.731
0.926
0.973
0.899
0.839
0.928
0.945
0.951
0.843
0.749
0.720
0.713
0.768
0.755
0.692
0.849
0.867
0.942
0.826
0.845
0.935
0.869
0.777
0.767
0.777
0.764
0.809
0.920
0.882
0.886
0.862
0.794
0.722
0.760
0.769
0.691
0.666
0.629
0.649
0.803
0.875
0.980
0.818
0.720
0.729
0.741
0.837
0.933
0.763
0.813
0.871
0.773
0.649
0.688
