19790101
0.933
0.879
0.866
0.970
0.965
0.833
0.897
0.935
0.876
0.868
0.817
0.787
0.773
0.838
0.862
0.886
0.830
0.832
0.886
0.972
0.911
0.962
0.873
0.900
0.860
0.844
0.898
0.885
0.834
0.891
0.964
0.869
0.940
0.969
0.977
0.908
0.905
0.870
0.877
0.884
0.860
0.856
0.881
0.915
0.960
0.866
0.929
0.903
0.887
0.923
0.883
0.838
0.956
0.862
0.849
0.934
0.944
0.979
0.837
0.927
0.892
0.969
0.958
0.984
0.979
0.922
0.937
0.953
0.908
0.908
0.867
0.829
0.831
0.933
0.917
0.918
0.963
0.955
0.967
0.920
0.862
0.918
0.956
0.972
0.951
0.952
0.916
0.951
0.953
0.948
0.968
0.927
0.951
0.961
0.929
0.964
0.818
0.782
0.753
0.832
0.724
0.843
0.961
0.962
0.937
0.968
0.956
0.942
0.964
0.901
0.942
0.973
0.954
0.872
0.840
0.796
0.755
0.778
0.846
0.886
0.946
0.928
0.929
0.916
0.939
0.916
0.910
0.901
0.953
0.950
0.874
0.903
0.899
0.916
0.916
0.903
0.886
0.816
0.948
0.961
0.921
0.901
0.894
0.929
0.835
0.867
0.958
0.846
0.885
0.942
0.775
0.714
0.749
0.734
0.709
0.670
0.754
0.756
0.687
0.818
0.797
0.777
0.760
0.714
0.859
0.757
0.743
0.734
0.688
0.627
0.646
0.639
0.633
0.623
0.759
0.711
0.697
0.666
0.694
0.710
0.660
0.652
0.634
0.832
0.628
0.601
0.788
0.777
0.729
0.562
0.651
0.638
0.499
0.590
0.613
0.621
0.725
0.711
0.611
0.594
0.808
0.665
0.695
0.725
0.728
0.673
0.585
0.610
0.724
0.586
0.479
0.477
0.579
0.485
0.482
0.545
0.645
0.604
0.617
0.595
0.620
0.509
0.553
0.485
0.577
0.604
0.597
0.579
0.688
0.587
0.719
0.583
0.687
0.602
0.611
0.541
0.532
0.534
0.500
0.507
0.493
0.494
0.507
0.451
0.712
0.602
0.672
0.522
0.442
0.468
0.620
0.544
0.610
0.667
0.624
0.644
0.640
0.594
0.537
0.579
0.661
0.516
0.453
0.415
0.470
0.442
0.433
0.518
0.605
0.677
0.689
0.452
0.416
0.364
0.385
0.451
0.606
0.534
0.579
0.787
0.705
0.703
0.581
0.615
0.690
0.497
0.501
0.659
0.648
0.508
0.496
0.475
0.479
0.318
0.360
0.461
0.553
0.626
0.728
0.740
0.655
0.746
0.672
0.543
0.566
0.703
0.858
0.779
0.816
0.710
0.916
0.889
0.903
0.720
0.572
0.572
0.535
0.897
0.976
0.783
0.856
0.642
0.751
0.871
0.912
0.905
0.834
0.963
0.911
0.794
0.643
0.569
0.619
0.623
0.588
0.588
0.649
0.749
0.681
0.855
0.702
0.762
0.624
0.566
0.868
0.719
0.643
0.934
0.946
0.975
0.804
0.817
0.873
0.941
0.951
0.851
0.824
0.954
0.825
0.801
0.836
0.963
0.924
0.827
0.924
0.980
0.984
0.847
0.808
0.694
0.892
0.847
0.863
0.875
0.956
0.760
0.729
0.850
0.937
0.919
0.877
0.896
0.892
0.829
0.761
0.941
0.951
0.930
0.929
0.887
0.852
0.863
0.884
0.870
0.933
0.947
0.880
0.864
0.971
0.899
0.774
0.914
0.826
0.969
0.753
0.718
0.875
0.751
0.681
0.825
0.704
0.753
0.977
0.964
0.862
0.784
0.765
0.788
0.773
0.752
0.799
0.780
0.712
0.516
0.585
0.525
0.631
0.811
0.855
0.824
0.768
0.782
0.960
0.868
0.745
0.855
0.812
0.920
0.882
0.937
0.907
0.927
0.915
0.936
0.956
0.949
0.935
0.947
0.936
0.963
0.900
0.960
0.892
0.897
0.970
0.933
0.857
0.834
0.892
0.952
0.956
0.907
0.926
0.966
0.912
0.849
0.927
0.865
0.869
0.775
0.834
0.980
0.904
0.862
0.852
0.839
0.739
0.740
0.689
0.818
0.900
0.943
0.941
0.916
0.886
0.918
0.943
0.945
0.818
0.731
0.767
0.721
0.818
0.879
0.843
0.805
0.891
0.871
0.818
0.931
0.885
0.908
0.889
0.932
0.871
0.899
0.945
0.914
0.956
0.804
0.772
0.728
0.683
0.755
0.789
0.802
0.917
0.929
0.943
0.905
0.933
0.782
0.725
0.787
0.689
0.761
0.639
0.637
0.613
0.675
0.828
0.805
0.790
0.719
0.751
0.634
0.688
0.694
0.663
0.596
0.659
0.844
0.862
0.894
0.724
0.796
0.649
0.657
0.694
0.647
0.635
0.589
0.628
0.624
0.587
0.717
0.632
0.701
0.661
0.601
0.579
0.801
0.697
0.627
0.551
0.555
0.651
0.709
0.586
0.519
0.538
0.499
0.490
0.717
0.560
0.617
0.662
0.855
0.629
0.540
0.446
0.502
0.461
0.776
0.570
0.610
0.631
0.596
0.545
0.498
0.696
0.412
0.484
0.422
0.420
0.495
0.544
0.521
0.431
0.476
0.645
0.781
0.659
0.507
0.553
0.434
0.424
0.350
0.466
0.485
0.428
0.442
0.485
0.409
0.438
0.372
0.485
0.511
0.716
0.547
0.463
0.363
0.404
0.452
0.586
0.399
0.375
0.440
0.508
0.518
0.806
0.546
0.578
0.495
0.534
0.547
0.495
0.502
0.493
0.473
0.596
0.632
0.840
0.896
0.611
0.562
0.635
0.617
0.642
0.598
0.534
0.811
0.695
0.652
0.886
0.878
0.720
0.806
0.938
0.705
0.752
0.932
0.861
0.717
0.659
0.793
0.655
0.645
0.759
0.807
0.657
0.575
0.621
0.547
0.570
0.561
0.571
0.735
0.784
0.885
0.958
0.788
0.601
0.664
0.569
0.784
0.818
0.958
0.765
0.878
0.832
0.827
0.834
0.900
0.961
0.907
0.891
0.878
0.923
0.838
0.848
0.945
0.968
0.761
0.852
0.800
0.666
0.738
0.824
0.944
0.705
0.564
0.713
0.687
0.852
0.943
0.800
0.913
0.664
0.621
0.807
0.918
0.723
0.949
0.889
0.932
0.829
0.888
0.954
0.802
0.773
0.880
0.861
0.962
0.827
0.950
0.907
0.934
0.980
0.879
0.740
0.758
0.830
0.919
0.951
0.941
0.937
0.919
0.972
0.887
0.971
0.854
0.685
0.743
0.697
0.805
0.872
0.876
0.834
0.980
0.979
0.915
0.862
0.941
0.977
0.945
0.884
0.857
0.959
0.938
0.940
0.929
0.946
0.846
0.913
0.963
0.913
0.955
0.947
0.965
0.907
0.943
0.945
0.972
0.927
0.975
0.955
0.945
0.951
0.944
0.939
0.959
0.832
0.934
0.916
0.970
0.905
0.895
0.951
0.943
0.879
0.928
0.864
0.823
0.791
0.847
0.951
0.933
0.908
0.913
0.938
0.979
0.765
0.796
0.946
0.945
0.875
0.836
0.920
0.914
0.924
0.940
0.921
0.972
0.979
0.957
0.950
0.949
0.976
0.973
0.967
0.962
0.966
0.925
0.908
0.953
0.952
0.953
0.941
0.805
0.748
0.867
0.840
0.875
0.852
0.884
0.902
0.895
0.907
0.951
0.900
0.828
0.762
0.783
0.881
0.956
0.964
0.909
0.946
0.897
0.920
0.917
0.876
0.932
0.901
0.906
0.939
0.890
0.829
0.920
0.948
0.853
0.765
0.680
0.756
0.762
0.818
0.828
0.888
0.764
0.683
0.660
0.705
0.805
0.894
0.938
0.925
0.885
0.917
0.854
0.780
0.762
0.803
0.903
0.921
0.853
0.786
0.845
0.893
0.822
0.728
0.758
0.714
0.802
0.878
0.800
0.686
0.643
0.723
0.746
0.636
0.613
0.701
0.842
0.757
0.639
0.613
0.596
0.501
0.528
0.615
0.605
0.631
0.692
0.677
0.606
0.584
0.587
0.702
0.608
0.443
0.420
0.509
0.599
0.479
0.423
0.494
0.500
0.518
0.582
0.490
0.464
0.510
0.491
0.506
0.496
0.572
0.802
0.756
0.855
0.699
0.820
0.576
0.619
0.462
0.484
0.517
0.483
0.639
0.453
0.405
0.375
0.409
0.484
0.432
0.466
0.422
0.456
0.465
0.823
0.775
0.630
0.547
0.474
0.408
0.397
0.447
0.511
0.570
0.507
0.437
0.388
0.481
0.505
0.458
0.473
0.527
0.614
0.546
0.359
0.386
0.474
0.529
0.532
0.609
0.836
0.596
0.549
0.474
0.438
0.434
0.473
0.499
0.460
0.408
0.522
0.436
0.577
0.473
0.717
0.659
0.837
0.716
0.632
0.545
0.514
0.553
0.858
0.825
0.723
0.974
0.695
0.548
0.508
0.630
0.614
0.608
0.614
0.625
0.575
0.491
0.530
0.580
0.496
0.470
0.419
0.407
0.521
0.604
0.605
0.657
0.594
0.539
0.530
0.634
0.819
0.892
0.975
0.933
0.917
0.897
0.831
0.818
0.778
0.976
0.822
0.715
0.912
0.922
0.885
0.962
0.959
0.778
0.869
0.855
0.954
0.745
0.982
0.838
0.907
0.933
0.930
0.982
0.853
0.739
0.951
0.915
0.965
0.852
0.821
0.882
0.969
0.911
0.906
0.901
0.893
0.959
0.913
0.974
0.939
0.973
0.892
0.918
0.905
0.932
0.845
0.958
0.972
0.971
0.974
0.958
0.783
0.820
0.900
0.807
0.897
0.904
0.926
0.944
0.955
0.936
0.967
0.978
0.918
0.927
0.896
0.882
0.969
0.983
0.983
0.874
0.920
0.815
0.933
0.924
0.940
0.980
0.914
0.911
0.959
0.882
0.892
0.965
0.974
0.932
0.925
0.886
0.921
0.959
0.953
0.969
0.964
0.867
0.905
0.962
0.938
0.965
0.835
0.963
0.972
0.944
0.964
0.968
0.969
0.980
0.844
0.890
0.963
0.975
0.956
0.893
0.879
0.880
0.856
0.834
0.967
0.878
0.971
0.871
0.959
0.973
0.974
0.915
0.913
0.936
0.875
0.847
0.909
0.972
0.958
0.869
0.968
0.980
0.834
0.820
0.924
0.908
0.932
0.942
0.948
0.976
0.949
0.979
0.893
0.965
0.972
0.961
0.866
0.899
0.889
0.934
0.964
0.970
0.925
0.871
0.911
0.969
0.973
0.970
0.960
0.907
0.969
0.828
0.746
0.851
0.951
0.826
0.829
0.749
0.717
0.724
0.724
0.752
0.932
0.935
0.923
0.912
0.922
0.895
0.886
0.959
0.953
0.937
0.951
0.950
0.936
0.935
0.973
0.936
0.954
0.941
0.758
0.719
0.726
0.729
0.747
0.719
0.738
0.821
0.817
0.829
0.805
0.705
0.730
0.688
0.864
0.879
0.866
0.965
0.832
0.906
0.884
0.929
0.821
0.795
0.739
0.781
0.934
0.907
0.886
0.792
0.796
0.775
0.780
0.809
0.852
0.759
0.706
0.721
0.688
0.711
0.680
0.700
0.872
0.939
0.830
0.826
0.801
0.840
0.965
0.961
0.933
0.853
0.727
0.620
0.567
0.547
0.521
0.750
0.802
0.727
0.809
0.775
0.730
0.788
0.761
0.947
0.750
0.703
0.720
0.763
0.809
0.797
0.643
0.646
0.656
0.895
0.880
0.757
0.682
0.660
0.689
0.714
0.904
0.715
0.866
0.692
0.596
0.639
0.672
0.663
0.656
0.637
0.649
0.603
0.612
0.606
0.797
0.599
0.646
0.512
0.498
0.443
0.667
0.716
0.562
0.490
0.527
0.501
0.527
0.565
0.542
0.546
0.599
0.582
0.562
0.559
0.820
0.791
0.916
0.758
0.844
0.864
0.911
0.857
0.738
0.708
0.888
0.699
0.613
0.571
0.566
0.850
0.718
0.628
0.563
0.624
0.774
0.792
0.637
0.630
0.697
0.721
0.849
0.593
0.573
0.604
0.759
0.707
0.775
0.810
0.681
0.800
0.635
0.650
0.679
0.742
0.617
0.553
0.501
0.618
0.538
0.626
0.880
0.786
0.758
0.890
0.800
0.925
0.797
0.623
0.822
0.848
0.928
0.763
0.784
0.781
0.742
0.815
0.579
0.774
0.762
0.634
0.592
0.619
0.552
0.504
0.533
0.620
0.928
0.818
0.738
0.978
0.967
0.964
0.878
0.930
0.959
0.794
0.623
0.657
0.814
0.894
0.805
0.795
0.929
0.914
0.796
0.878
0.964
0.809
0.809
0.749
0.963
0.842
0.696
0.690
0.785
0.929
0.927
0.813
0.897
0.850
0.915
0.950
0.883
0.884
0.958
0.906
0.907
0.728
0.906
0.828
0.898
0.943
0.932
0.945
0.958
0.866
0.763
0.826
0.945
0.826
0.849
0.935
0.893
0.691
0.903
0.762
0.727
0.576
0.497
0.890
0.807
0.836
0.821
0.891
0.875
0.918
0.937
0.905
0.869
0.941
0.687
0.858
0.828
0.837
0.880
0.901
0.955
0.861
0.893
0.952
0.958
0.914
0.831
0.844
0.878
0.881
0.881
0.712
0.647
0.651
0.718
0.671
0.694
0.640
0.843
0.980
0.952
0.854
0.837
0.797
0.890
0.977
0.812
0.822
0.862
0.893
0.887
0.644
0.554
0.579
0.563
0.649
0.664
0.700
0.816
0.728
0.878
0.813
0.931
0.964
0.893
0.936
0.950
0.956
0.955
0.924
0.952
0.955
0.886
0.841
0.869
0.901
0.866
0.923
0.906
0.853
0.914
0.934
0.914
0.961
0.974
0.871
0.912
0.951
0.955
0.952
0.933
0.961
0.904
0.934
0.906
0.861
0.841
0.777
0.766
0.761
0.878
0.895
0.907
0.934
0.860
0.859
0.872
0.835
0.914
0.940
0.902
0.956
0.969
0.918
0.841
0.954
0.930
0.800
0.881
0.748
0.815
0.922
0.946
0.889
0.841
0.804
0.770
0.732
0.713
0.729
0.768
0.742
0.868
0.778
0.640
0.717
0.780
0.663
0.724
0.640
0.617
0.661
0.650
0.714
0.678
0.719
0.816
0.706
0.580
0.608
0.700
0.663
0.649
0.604
0.637
0.680
0.740
0.601
0.542
0.596
0.679
0.645
0.761
0.697
0.547
0.575
0.599
0.526
0.712
0.768
0.612
0.537
0.641
0.605
0.555
0.673
0.703
0.635
0.613
0.609
0.572
0.446
0.499
0.486
0.443
0.436
0.405
0.377
0.397
0.387
0.436
0.420
0.558
0.498
0.498
0.506
0.632
0.490
0.480
0.484
0.373
0.305
0.274
0.294
0.349
0.437
0.412
0.441
0.507
0.608
0.588
0.622
0.567
0.505
0.566
0.622
0.814
0.691
0.650
0.510
0.441
0.621
0.663
0.600
0.484
0.497
0.534
0.422
0.414
0.411
0.427
0.500
0.494
0.450
0.666
0.480
0.409
0.471
0.494
0.527
0.466
0.430
0.420
0.484
0.442
0.487
0.774
0.838
0.583
0.823
0.791
0.786
0.629
0.610
0.503
0.743
0.719
0.577
0.554
0.536
0.546
0.497
0.600
0.737
0.660
0.591
0.575
0.612
0.650
0.523
0.484
0.413
0.506
0.733
0.859
0.734
0.852
0.925
0.970
0.699
0.659
0.652
0.561
0.652
0.821
0.766
0.691
0.625
0.638
0.801
0.886
0.655
0.814
0.898
0.758
0.800
0.774
0.777
0.871
0.662
0.662
0.674
0.694
0.755
0.857
0.774
0.958
0.766
0.785
0.682
0.841
0.887
0.956
0.965
0.752
0.645
0.603
0.590
0.589
0.660
0.944
0.746
0.729
0.811
0.920
0.922
0.882
0.857
0.864
0.891
0.960
0.930
0.931
0.923
0.936
0.906
0.912
0.974
0.774
0.835
0.952
0.978
0.896
0.894
0.919
0.980
0.926
0.967
0.938
0.961
0.891
0.868
0.911
0.848
0.780
0.926
0.900
0.970
0.861
0.920
0.924
0.866
0.890
0.826
0.827
0.817
0.842
0.862
0.901
0.951
0.916
0.973
0.960
0.890
0.916
0.974
0.909
0.932
0.967
0.927
0.816
0.836
0.956
0.980
0.977
0.796
0.847
0.773
0.788
0.938
0.876
0.974
0.981
0.922
0.947
0.848
0.921
0.806
0.826
0.954
0.935
0.956
0.861
0.915
0.943
0.922
0.965
0.977
0.970
0.857
0.802
0.690
0.833
0.928
0.910
0.916
0.911
0.908
0.831
0.950
0.734
0.696
0.679
0.929
0.806
0.800
0.961
0.938
0.858
0.895
0.831
0.871
0.953
0.947
0.910
0.935
0.867
0.863
0.966
0.956
0.972
0.855
0.901
0.849
0.933
0.901
0.953
0.950
0.890
0.953
0.966
0.978
0.977
0.834
0.816
0.803
0.893
0.946
0.935
0.961
0.871
0.818
0.905
0.844
0.927
0.928
0.910
0.949
0.924
0.940
0.950
0.816
0.898
0.924
0.829
0.924
0.913
0.931
0.953
0.942
0.901
0.799
0.929
0.892
0.946
0.965
0.890
0.918
0.915
0.862
0.862
0.881
0.786
0.885
0.963
0.934
0.795
0.867
0.908
0.876
0.882
0.862
0.911
0.871
0.912
0.939
0.926
0.769
0.739
0.751
0.828
0.877
0.772
0.745
0.720
0.867
0.826
0.721
0.747
0.687
0.689
0.679
0.909
0.895
0.921
0.897
0.908
0.733
0.791
0.788
0.931
0.888
0.819
0.823
0.825
0.698
0.644
0.655
0.544
0.600
0.595
0.553
0.585
0.509
0.513
0.460
0.505
0.486
0.458
0.495
0.620
0.519
0.560
0.769
0.765
0.851
0.639
0.731
0.600
0.732
0.667
0.501
0.460
0.658
0.514
0.458
0.430
0.440
0.572
0.547
0.681
0.728
0.939
0.863
0.913
0.631
0.466
0.372
0.327
0.334
0.355
0.377
0.520
0.523
0.581
0.716
0.624
0.849
0.806
0.724
0.663
0.625
0.622
0.758
0.705
0.675
0.629
0.644
0.538
0.609
0.500
0.546
0.912
0.771
0.694
0.593
0.830
0.901
0.738
0.500
0.499
0.714
0.635
0.520
0.506
0.497
0.571
0.569
0.617
0.625
0.616
0.548
0.573
0.548
0.630
0.746
0.940
0.713
0.724
0.917
0.761
0.627
0.625
0.588
0.657
0.804
0.853
0.901
0.703
0.842
0.949
0.948
0.971
0.748
0.649
0.697
0.948
0.872
0.823
0.842
0.662
0.872
0.892
0.953
0.901
0.968
0.890
0.817
0.678
0.919
0.956
0.725
0.833
0.712
0.813
0.867
0.888
0.759
0.839
0.809
0.840
0.933
0.869
0.831
0.838
0.880
0.819
0.941
0.885
0.785
0.920
0.948
0.754
0.957
0.919
0.884
0.649
0.817
0.951
0.972
0.870
0.834
0.674
0.810
0.845
0.925
0.918
0.977
0.894
0.931
0.889
0.836
0.960
0.927
0.937
0.922
0.922
0.917
0.961
0.942
0.805
0.939
0.863
0.927
0.940
0.964
0.930
0.937
0.974
0.919
0.803
0.914
0.951
0.944
0.810
0.740
0.955
0.951
0.862
0.933
0.931
0.844
0.939
0.920
0.914
0.980
0.975
0.906
0.823
0.850
0.900
0.769
0.976
0.931
0.888
0.898
0.957
0.973
0.922
0.911
0.937
0.889
0.934
0.862
0.967
0.853
0.823
0.895
0.968
0.942
0.958
0.973
0.977
0.936
0.981
0.932
0.957
0.912
0.976
0.981
0.897
0.891
0.874
0.922
0.929
0.916
0.916
0.937
0.887
0.964
0.963
0.937
0.886
0.769
0.902
0.886
0.876
0.929
0.969
0.894
0.922
0.940
0.980
0.973
0.860
0.963
0.853
0.966
0.915
0.934
0.939
0.940
0.912
0.971
0.893
0.918
0.959
0.839
0.901
0.814
0.954
0.976
0.943
0.963
0.969
0.941
0.894
0.981
0.968
0.943
0.924
0.969
0.938
0.955
0.860
0.874
0.829
0.922
0.892
0.956
0.898
0.956
0.942
0.971
0.901
0.928
0.965
0.921
0.897
0.864
0.976
0.874
0.933
0.859
0.831
0.842
0.780
0.831
0.879
0.937
0.909
0.923
0.850
0.826
0.752
0.924
0.946
0.814
0.706
0.687
0.574
0.524
0.538
0.498
0.593
0.644
0.722
0.739
0.689
0.667
0.759
0.853
0.733
0.653
0.877
0.944
0.915
0.743
0.701
0.659
0.690
0.598
0.639
0.776
0.680
0.964
0.744
0.957
0.925
0.975
0.784
0.723
0.638
0.726
0.713
0.580
0.567
0.539
0.503
0.520
0.506
0.554
0.723
0.768
0.631
0.577
0.572
0.492
0.528
0.494
0.608
0.806
0.900
0.689
0.890
0.915
0.877
0.671
0.686
0.604
0.556
0.560
0.588
0.484
0.486
0.424
0.466
0.571
0.572
0.493
0.532
0.561
0.618
0.642
0.616
0.540
0.617
0.504
0.501
0.456
0.522
0.622
0.758
0.714
0.629
0.516
0.828
0.810
0.632
0.525
0.459
0.401
0.416
0.414
0.370
0.363
0.515
0.366
0.488
0.598
0.821
0.618
0.718
0.876
0.647
0.721
0.883
0.597
0.500
0.609
0.585
0.489
0.660
0.834
0.793
0.607
0.548
0.533
0.572
0.787
0.688
0.583
0.582
0.572
0.759
0.735
0.645
0.723
0.631
0.619
0.566
0.426
0.564
0.585
0.673
0.755
0.680
0.641
0.667
0.655
0.552
0.860
0.887
0.748
0.598
0.740
0.896
0.684
0.813
0.593
0.593
0.689
0.734
0.697
0.780
0.666
0.654
0.803
0.962
0.945
0.963
0.851
0.704
0.669
0.587
0.611
0.735
0.652
0.776
0.792
0.792
0.926
0.864
0.882
0.727
0.676
0.651
0.544
0.599
0.618
0.595
0.539
0.795
0.858
0.730
0.964
0.930
0.943
0.949
0.958
0.979
0.965
0.867
0.784
0.713
0.727
0.851
0.666
0.681
0.891
0.968
0.961
0.761
0.736
0.686
0.780
0.817
0.881
0.865
0.798
0.678
0.804
0.891
0.886
0.934
0.884
0.908
0.889
0.907
0.968
0.871
0.887
0.931
0.783
0.873
0.768
0.944
0.977
0.878
0.937
0.930
0.970
0.943
0.777
0.952
0.960
0.881
0.946
0.819
0.854
0.976
0.960
0.825
0.957
0.927
0.920
0.939
0.907
0.859
0.962
0.960
0.919
0.972
0.853
0.821
0.970
0.937
0.928
0.792
0.890
0.968
0.969
0.857
0.911
0.871
0.957
0.862
0.891
0.979
0.931
0.975
0.936
0.880
0.929
0.926
0.832
0.859
0.951
0.941
0.946
0.890
0.956
0.888
0.972
0.908
0.945
0.955
0.974
0.871
0.972
0.979
0.962
0.952
0.976
0.977
0.962
0.945
0.940
0.870
0.923
0.906
0.905
0.941
0.919
0.956
0.948
0.973
0.975
0.849
0.808
0.924
0.908
0.967
0.900
0.783
0.842
0.779
0.847
0.926
0.942
0.910
0.909
0.900
0.934
0.966
0.897
0.947
0.930
0.861
0.883
0.921
0.905
0.871
0.793
0.856
0.886
0.810
0.912
0.915
0.869
0.831
0.868
0.842
0.896
0.909
0.943
0.879
0.930
0.906
0.931
0.911
0.836
0.919
0.924
0.830
0.935
0.864
-99.000
0.974
0.738
0.574
0.644
0.619
0.805
0.842
0.954
0.845
0.770
0.855
0.727
0.875
0.847
0.843
0.679
0.632
0.715
0.606
0.657
0.647
0.686
0.570
0.680
0.648
0.618
0.585
0.610
0.667
0.699
0.680
0.690
0.499
0.489
0.507
0.646
0.651
0.529
0.585
0.495
0.488
0.641
0.678
0.812
0.743
0.891
0.873
0.670
0.590
0.657
0.745
0.696
0.492
0.428
0.451
0.543
0.680
0.590
0.615
0.602
0.699
0.720
0.657
0.703
0.672
0.665
0.595
0.568
0.578
0.578
0.772
0.566
0.887
0.849
0.721
0.813
0.679
0.714
0.732
0.878
0.849
0.623
0.578
0.665
0.521
0.533
0.496
0.623
0.727
0.658
0.766
0.778
0.601
0.656
0.565
0.569
0.605
0.937
0.727
0.632
0.522
0.428
0.409
0.488
0.549
0.502
0.932
0.964
0.899
0.780
0.672
0.600
0.557
0.503
0.503
0.567
0.492
0.512
0.626
0.584
0.527
0.504
0.580
0.624
0.578
0.587
0.728
0.621
0.617
0.620
0.504
0.557
0.878
0.812
0.691
0.495
0.475
0.607
0.607
0.588
0.737
0.800
0.727
0.681
0.835
0.781
0.571
0.572
0.617
0.751
0.847
0.619
0.554
0.528
0.523
0.541
0.803
0.920
0.881
0.768
0.780
0.796
0.645
0.595
0.898
0.554
0.577
0.597
0.559
0.565
0.834
0.655
0.579
0.705
0.670
0.860
0.973
0.898
0.861
0.898
0.909
0.949
0.892
0.935
0.966
0.959
0.978
0.753
0.721
0.728
0.952
0.841
0.971
0.954
0.860
0.759
0.731
0.631
0.793
0.833
0.919
0.947
0.965
0.964
0.889
0.784
0.858
-99.000
-99.000
-99.000
-99.000
-99.000
-99.000
-99.000
-99.000
0.903
0.947
0.920
0.868
0.951
0.958
0.874
0.853
0.945
0.934
0.938
0.856
0.818
0.970
0.981
0.948
0.960
0.832
0.827
0.829
0.933
0.943
0.950
0.867
0.922
0.955
0.909
0.967
0.916
0.842
0.836
0.769
0.893
0.947
0.938
0.822
0.754
0.902
0.917
0.939
0.658
0.568
0.670
0.756
0.669
0.652
0.835
0.809
0.937
0.912
0.940
0.950
0.927
0.912
0.960
0.934
0.945
0.891
0.955
0.906
0.863
0.940
0.862
0.852
0.954
0.910
0.889
0.862
0.854
0.981
0.863
0.648
0.586
0.564
0.582
0.580
0.688
0.882
0.963
0.896
0.928
0.935
0.957
0.958
0.851
0.816
0.965
0.977
0.891
0.938
0.951
0.977
0.976
0.807
0.789
0.884
0.875
0.869
0.959
0.927
0.803
0.735
0.893
0.819
0.953
0.875
0.958
0.917
0.806
0.818
0.907
0.893
0.838
0.820
0.832
0.875
0.937
0.932
0.931
0.901
0.820
0.864
0.865
0.826
0.835
0.895
0.934
0.921
0.956
0.761
0.726
0.753
0.718
0.692
0.864
0.896
0.849
0.909
0.882
0.807
0.828
0.936
0.815
0.753
0.688
0.638
0.665
0.722
0.707
0.652
0.754
0.797
0.784
0.780
0.841
0.735
0.878
0.900
0.837
0.755
0.731
0.742
0.736
0.886
0.871
0.889
0.947
0.779
0.693
0.656
0.621
0.687
0.647
0.744
0.928
0.638
0.589
0.618
0.595
0.675
0.772
0.888
0.909
0.764
0.708
0.712
0.561
0.586
0.615
0.812
0.895
0.738
0.868
0.743
0.669
0.562
0.545
0.622
0.712
0.694
0.674
0.529
0.504
0.583
0.594
0.654
0.801
0.701
0.628
0.574
0.591
0.456
0.454
0.470
0.586
0.704
0.555
0.615
0.601
0.569
0.635
0.567
0.578
0.484
0.436
0.426
0.455
0.510
0.468
0.523
0.434
0.400
0.379
0.395
0.508
0.432
0.406
0.489
0.373
0.590
0.533
0.452
0.678
0.627
0.582
0.705
0.556
0.443
0.464
0.485
0.731
0.529
0.468
0.527
0.519
0.455
0.364
0.466
0.512
0.673
0.605
0.518
0.488
0.500
0.545
0.512
0.542
0.522
0.565
0.476
0.429
0.575
0.534
0.463
0.871
0.566
0.533
0.560
0.497
0.667
0.591
0.570
0.559
0.535
0.470
0.561
0.904
0.631
0.693
0.861
0.604
0.931
0.954
0.708
0.835
0.983
0.678
0.582
0.700
0.874
0.839
0.553
0.496
0.573
0.630
0.663
0.776
0.917
0.674
0.656
0.627
0.558
0.495
0.546
0.956
0.757
0.797
0.688
0.740
0.886
0.850
0.646
0.743
0.955
0.852
0.968
0.687
0.662
0.785
0.914
0.890
0.912
0.923
0.791
0.953
0.872
0.683
0.841
0.811
0.933
0.738
0.669
0.617
0.917
0.731
0.862
0.813
0.751
0.826
0.719
0.777
0.918
0.908
0.878
0.788
0.905
0.858
0.914
0.979
0.765
0.681
0.854
0.860
0.730
0.867
0.903
0.772
0.628
0.686
0.683
0.797
0.855
0.829
0.875
0.853
0.694
0.781
0.822
0.945
0.909
0.969
0.824
0.831
0.854
0.926
0.939
0.846
0.889
0.940
0.900
0.900
0.909
0.977
0.977
0.833
0.884
0.867
0.851
0.755
0.870
0.958
0.980
0.865
0.913
0.956
0.957
0.955
0.967
0.845
0.881
0.957
0.931
0.916
0.913
0.970
0.937
0.949
0.960
0.832
0.892
0.912
0.926
0.960
0.952
0.944
0.740
0.851
0.898
0.927
0.735
0.770
0.891
0.974
0.930
0.788
0.910
0.867
0.922
0.903
0.935
0.806
0.753
0.816
0.866
0.953
0.968
0.831
0.897
0.880
0.891
0.788
0.907
0.892
0.936
0.962
0.887
0.936
0.950
0.923
0.973
0.926
0.958
0.946
0.901
0.964
0.964
0.886
0.871
0.856
0.976
0.911
0.860
0.937
0.932
0.811
0.925
0.814
0.966
0.816
0.956
0.889
0.938
0.913
0.968
0.834
0.852
0.804
0.873
0.910
0.890
0.960
0.869
0.794
0.967
0.879
0.944
0.879
0.897
0.930
0.809
0.834
0.802
0.877
0.908
0.858
0.945
0.962
0.915
0.839
0.893
0.974
0.912
0.878
0.909
0.843
0.858
0.978
0.909
0.842
0.820
0.852
0.782
0.732
0.755
0.845
0.839
0.724
0.777
0.690
0.702
0.708
0.653
0.661
0.801
0.898
0.887
0.768
0.843
0.799
0.703
0.840
0.850
0.703
0.756
0.720
0.755
0.824
0.851
0.748
0.722
0.691
0.805
0.845
0.960
0.792
0.711
0.611
0.592
0.551
0.589
0.564
0.577
0.599
0.652
0.617
0.530
0.471
0.577
0.609
0.571
0.514
0.499
0.606
0.552
0.547
0.552
0.499
0.578
0.741
0.608
0.545
0.464
0.383
0.393
0.474
0.463
0.540
0.439
0.363
0.302
0.478
0.519
0.511
0.498
0.518
0.410
0.395
0.378
0.381
0.395
0.508
0.336
0.422
0.345
0.447
0.531
0.539
0.541
0.450
0.508
0.468
0.393
0.367
0.409
0.443
0.464
0.462
0.511
0.543
0.622
0.488
0.494
0.535
0.830
0.826
0.894
0.626
0.491
0.479
0.450
0.473
0.475
0.694
0.655
0.553
0.455
0.414
0.478
0.393
0.432
0.497
0.582
0.510
0.796
0.672
0.540
0.593
0.799
0.814
0.702
0.571
0.599
0.643
0.566
0.689
0.805
0.633
0.719
0.851
0.735
0.775
0.726
0.564
0.469
0.489
0.524
0.429
0.576
0.543
0.673
0.694
0.922
0.599
0.593
0.441
0.546
0.588
0.689
0.747
0.725
0.686
0.725
0.635
0.870
0.709
0.770
0.863
0.855
0.733
0.776
0.919
0.961
0.973
0.837
0.685
0.694
0.731
0.966
0.930
0.959
0.972
0.935
0.893
0.756
0.884
0.959
0.947
0.754
0.959
0.982
0.955
0.821
0.906
0.922
0.939
0.967
0.954
0.804
0.709
0.884
0.812
0.916
0.694
0.817
0.951
0.869
0.946
0.931
0.928
0.923
0.878
0.900
0.939
0.967
0.808
0.932
0.954
0.927
0.964
0.948
0.924
0.903
0.945
0.831
0.925
0.837
0.874
0.931
0.970
0.953
0.980
0.953
0.852
0.919
0.872
0.898
0.871
0.950
0.895
0.956
0.872
0.916
0.977
0.982
0.934
0.935
0.815
0.768
0.803
0.929
0.976
0.952
0.954
0.962
0.809
0.914
0.750
0.679
0.826
0.966
0.880
0.919
0.868
0.932
0.969
0.946
0.981
0.945
0.860
0.956
0.976
0.852
0.866
0.963
0.870
0.971
0.895
0.966
0.958
0.875
0.815
0.980
0.901
0.787
0.886
0.982
0.963
0.914
0.931
0.981
0.910
0.936
0.966
0.971
0.958
0.887
0.973
0.834
0.897
0.928
0.935
0.936
0.984
0.937
0.915
0.911
0.968
0.955
0.918
0.950
0.949
0.938
0.926
0.903
0.843
0.942
0.966
0.971
0.916
0.953
0.806
0.788
0.968
0.964
0.822
0.966
0.910
0.972
0.955
0.954
0.941
0.976
0.897
0.935
0.962
0.879
0.940
0.732
0.661
0.656
0.656
0.693
0.795
0.981
0.973
0.961
0.957
0.974
0.819
0.758
0.690
0.697
0.711
0.731
0.905
0.929
0.922
0.801
0.773
0.865
0.922
0.948
0.937
0.924
0.943
0.890
0.923
0.876
0.838
0.837
0.834
0.906
0.967
0.862
0.801
0.738
0.800
0.947
0.966
0.975
0.842
0.763
0.744
0.736
0.868
0.872
0.840
0.859
0.791
0.883
0.876
0.907
0.895
0.922
0.889
0.778
0.721
0.588
0.518
0.534
0.647
0.726
0.696
0.756
0.713
0.772
0.654
0.630
0.647
0.519
0.510
0.785
0.725
0.599
0.574
0.676
0.804
0.897
0.941
0.873
0.719
0.701
0.696
0.780
0.821
0.686
0.638
0.643
0.678
0.673
0.617
0.697
0.575
0.483
0.507
0.541
0.681
0.573
0.500
0.588
0.612
0.837
0.706
0.630
0.622
0.633
0.662
0.539
0.449
0.515
0.571
0.519
0.639
0.588
0.754
0.623
0.591
0.495
0.478
0.523
0.669
0.571
0.496
0.594
0.620
0.535
0.559
0.528
0.657
0.425
0.291
0.402
0.338
0.375
0.479
0.458
0.496
0.565
0.697
0.644
0.474
0.527
0.596
0.816
0.668
0.566
0.671
0.762
0.722
0.619
0.603
0.535
0.518
0.559
0.692
0.690
0.763
0.638
0.632
0.692
0.682
0.591
0.593
0.692
0.710
0.786
0.828
0.739
0.821
0.930
0.939
0.540
0.595
0.615
0.954
0.744
0.808
0.867
0.921
0.964
0.917
0.757
0.899
0.958
0.931
0.867
0.722
0.859
0.835
0.628
0.576
0.525
0.560
0.705
0.871
0.897
0.955
0.973
0.936
0.834
0.606
0.754
0.845
0.731
0.635
0.524
0.576
0.574
0.569
0.710
0.720
0.755
0.855
0.741
0.636
0.844
0.887
0.783
0.943
0.934
0.695
0.582
0.874
0.914
0.879
0.717
0.762
0.788
0.833
0.896
0.908
0.864
0.893
0.904
0.929
0.906
0.875
0.912
0.870
0.933
0.957
0.901
0.949
0.959
0.890
0.868
0.915
0.969
0.906
0.973
0.901
0.889
0.859
0.945
0.982
0.971
0.918
0.858
0.954
0.947
0.956
0.948
0.939
0.955
0.925
0.933
0.942
0.934
0.914
0.943
0.914
0.956
0.858
0.914
0.966
0.962
0.929
0.951
0.962
0.968
0.964
0.956
0.917
0.954
0.951
0.975
0.981
0.919
0.876
0.842
0.747
0.768
0.939
0.946
0.790
0.864
0.827
0.976
0.965
0.970
0.874
0.953
0.953
0.975
0.918
0.873
0.899
0.927
0.808
0.720
0.857
0.919
0.965
0.977
0.920
0.905
0.952
0.958
0.904
0.959
0.864
0.923
0.938
0.930
0.960
0.917
0.913
0.954
0.942
0.941
0.962
0.945
0.967
0.935
0.904
0.877
0.958
0.905
0.896
0.833
0.903
0.906
0.956
0.914
0.887
0.799
0.767
0.815
0.924
0.956
0.955
0.911
0.934
0.820
0.839
0.888
0.903
0.889
0.852
0.937
0.898
0.957
0.968
0.965
0.957
0.911
0.910
0.954
0.907
0.903
0.893
0.720
0.870
0.927
0.643
0.645
0.643
0.532
0.518
0.633
0.716
0.836
0.820
0.907
0.883
0.962
0.968
0.973
0.933
0.939
0.907
0.860
0.853
0.923
0.843
0.748
0.779
0.815
0.727
0.714
0.634
0.619
0.608
0.561
0.630
0.597
0.759
0.666
0.674
0.756
0.853
0.930
0.976
0.812
0.702
0.708
0.746
0.681
0.682
0.688
0.629
0.557
0.622
0.563
0.549
0.746
0.863
0.836
0.628
0.564
0.638
0.649
0.649
0.735
0.718
0.645
0.640
0.759
0.541
0.633
0.564
0.599
0.605
0.592
0.645
0.436
0.417
0.390
0.557
0.562
0.478
0.523
0.590
0.497
0.492
0.513
0.539
0.585
0.421
0.397
0.460
0.620
0.609
0.644
0.829
0.766
0.779
0.648
0.669
0.542
0.363
0.466
0.452
0.489
0.509
0.602
0.512
0.739
0.559
0.556
0.599
0.549
0.637
0.619
0.578
0.633
0.586
0.558
0.913
0.607
0.509
0.598
0.424
0.344
0.381
0.405
0.443
0.359
0.407
0.434
0.463
0.589
0.529
0.375
0.358
0.361
0.383
0.411
0.538
0.736
0.603
0.617
0.555
0.549
0.541
0.650
0.536
0.438
0.382
0.412
0.430
0.529
0.537
0.638
0.912
0.788
0.691
0.661
0.752
0.662
0.677
0.637
0.670
0.904
0.625
0.542
0.495
0.483
0.454
0.522
0.591
0.616
0.590
0.581
0.662
0.656
0.697
0.519
0.827
0.805
0.691
0.644
0.568
0.509
0.524
0.672
0.609
0.639
0.690
0.689
0.632
0.693
0.797
0.876
0.905
0.943
0.925
0.673
0.660
0.651
0.900
0.629
0.833
0.919
0.969
0.947
0.867
0.790
0.705
0.611
0.726
0.843
0.827
0.810
0.881
0.695
0.925
0.765
0.771
0.681
0.847
0.914
0.876
0.944
0.973
0.886
0.721
0.747
0.970
0.853
0.743
0.871
0.858
0.936
0.970
0.945
0.948
0.923
0.878
0.969
0.951
0.942
0.924
0.816
0.844
0.953
0.917
0.969
0.926
0.951
0.868
0.849
0.819
0.911
0.913
0.948
0.922
0.773
0.948
0.843
0.946
0.918
0.915
0.913
0.766
0.738
0.880
0.837
0.728
0.886
0.920
0.928
0.980
0.979
0.927
0.887
0.847
0.713
0.919
0.963
0.788
0.868
0.906
0.941
0.851
0.898
0.961
0.843
0.826
0.903
0.848
0.776
0.821
0.924
0.953
0.907
0.969
0.928
0.924
0.965
0.935
0.978
0.897
0.876
0.906
0.856
0.967
0.909
0.909
0.942
0.976
0.885
0.900
0.813
0.840
0.917
0.887
0.731
0.712
0.666
0.795
0.867
0.868
0.865
0.940
0.963
0.879
0.956
0.954
0.958
0.934
0.784
0.819
0.873
0.892
0.960
0.861
0.903
0.869
0.924
0.939
0.762
0.738
0.779
0.898
0.846
0.889
0.817
0.947
0.973
0.936
0.879
0.928
0.960
0.958
0.947
0.972
0.905
0.870
0.779
0.808
0.826
0.834
0.876
0.788
0.916
0.860
0.844
0.721
0.702
0.796
0.867
0.929
0.933
0.916
0.809
0.796
0.826
0.848
0.834
0.893
0.909
0.812
0.713
0.761
0.792
0.914
0.936
0.953
0.859
0.749
0.764
0.725
0.693
0.689
0.677
0.733
0.781
0.928
0.862
0.916
0.824
0.845
0.873
0.769
0.939
0.773
0.727
0.778
0.707
0.659
0.685
0.665
0.643
0.706
0.687
0.624
0.586
0.653
0.726
0.691
0.653
0.682
0.877
0.942
0.839
0.601
0.630
0.616
0.696
0.653
0.726
0.613
0.526
0.521
0.566
0.608
0.546
0.576
0.594
0.552
0.523
0.592
0.721
0.725
0.483
0.486
0.519
0.582
0.603
0.613
0.580
0.627
0.598
0.611
0.478
0.384
0.345
0.336
0.312
0.337
0.398
0.371
0.364
0.517
0.480
0.404
0.439
0.391
0.794
0.530
0.478
0.513
0.464
0.351
0.316
0.323
0.369
0.443
0.579
0.560
0.579
0.652
0.525
0.536
0.513
0.533
0.428
0.418
0.391
0.501
0.642
0.764
0.581
0.519
0.497
0.446
0.577
0.549
0.503
0.524
0.573
0.518
0.531
0.533
0.450
0.439
0.423
0.471
0.414
0.516
0.412
0.406
0.459
0.437
0.416
0.371
0.343
0.423
0.440
0.481
0.554
0.725
0.668
0.598
0.643
0.479
0.749
0.627
0.695
0.910
0.835
0.678
0.712
0.612
0.701
0.772
0.648
0.523
0.582
0.634
0.869
0.738
0.752
0.526
0.502
0.575
0.526
0.610
0.610
0.811
0.707
0.660
0.881
0.931
0.704
0.818
0.635
0.651
0.850
0.786
0.860
0.743
0.671
0.591
0.645
0.749
0.664
0.585
0.576
0.729
0.694
0.626
0.549
0.631
0.667
0.636
0.868
0.759
0.665
0.656
0.737
0.856
0.747
0.641
0.883
0.800
0.869
0.949
0.743
0.658
0.846
0.813
0.921
0.915
0.745
0.881
0.808
0.837
0.831
0.619
0.771
0.822
0.618
0.768
0.712
0.768
0.801
0.733
0.624
0.645
0.815
0.673
0.896
0.875
0.955
0.881
0.880
0.901
0.717
0.580
0.671
0.600
0.798
0.816
0.647
0.692
0.586
0.570
0.602
0.699
0.673
0.575
0.617
0.771
0.637
0.574
0.533
0.722
0.892
0.892
0.896
0.970
0.879
0.971
0.827
0.913
0.695
0.802
0.735
0.804
0.936
0.884
0.975
0.870
0.972
0.876
0.916
0.875
0.956
0.838
0.927
0.890
0.863
0.892
0.942
0.890
0.964
0.967
0.970
0.864
0.925
0.859
0.897
0.929
0.815
0.866
0.785
0.969
0.795
0.675
0.624
0.609
0.799
0.830
0.946
0.958
0.922
0.886
0.876
0.962
0.861
0.888
0.895
0.948
0.963
0.921
0.913
0.922
0.877
0.980
0.890
0.842
0.765
0.836
0.954
0.905
0.833
0.897
0.943
0.948
0.976
0.920
0.958
0.852
0.823
0.667
0.776
0.919
0.902
0.903
0.905
0.804
0.889
0.937
0.856
0.806
0.809
0.827
0.805
0.876
0.894
0.725
0.890
0.886
0.923
0.921
0.692
0.812
0.862
0.925
0.908
0.722
0.684
0.664
0.753
0.842
0.930
0.879
0.860
0.750
0.779
0.890
0.758
0.677
0.632
0.654
0.777
0.766
0.704
0.703
0.682
0.835
0.798
0.651
0.558
0.556
0.565
0.638
0.654
0.597
0.785
0.630
0.552
0.611
0.825
0.862
0.894
0.878
0.844
0.719
0.764
0.758
0.842
0.696
0.610
0.592
0.602
0.605
0.531
0.592
0.605
0.738
0.803
0.964
0.801
0.842
0.656
0.619
0.552
0.502
0.468
0.548
0.551
0.526
0.627
0.537
0.550
0.542
0.478
0.466
0.592
0.543
0.473
0.464
0.499
0.534
0.464
0.461
0.464
0.448
0.419
0.462
0.493
0.539
0.720
0.614
0.677
0.946
0.838
0.718
0.660
0.724
0.636
0.497
0.457
0.383
0.424
0.496
0.580
0.623
0.668
0.716
0.699
0.652
0.604
0.599
0.555
0.560
0.545
0.526
0.764
0.684
0.741
0.929
0.903
0.629
0.601
0.586
0.707
0.579
0.497
0.500
0.519
0.559
0.810
0.685
0.603
0.482
0.560
0.628
0.610
0.480
0.511
0.559
0.503
0.497
0.680
0.835
0.681
0.710
0.743
0.716
0.522
0.504
0.514
0.434
0.618
0.566
0.618
0.800
0.724
0.714
0.499
0.497
0.467
0.425
0.419
0.389
0.585
0.508
0.613
0.576
0.542
0.648
0.583
0.402
0.380
0.494
0.615
0.664
0.689
0.813
0.708
0.797
0.636
0.540
0.894
0.974
0.929
0.788
0.861
0.780
0.982
0.893
0.672
0.845
0.905
0.610
0.643
0.602
0.629
0.877
0.883
0.972
0.758
0.922
0.753
0.909
0.898
0.770
0.823
0.955
0.943
0.740
0.692
0.929
0.938
0.903
0.879
0.845
0.758
0.964
0.864
0.979
0.939
0.932
0.749
0.674
0.705
0.806
0.875
0.919
0.960
0.919
0.866
0.922
0.912
0.900
0.941
0.908
0.884
0.806
0.867
0.924
0.958
0.928
0.906
0.912
0.924
0.907
0.899
0.914
0.896
0.899
0.951
0.975
0.978
0.975
0.900
0.915
0.914
0.956
0.960
0.979
0.857
0.954
0.900
0.891
0.916
0.964
0.979
0.980
0.850
0.775
0.887
0.934
0.958
0.953
0.876
0.863
0.953
0.918
0.890
0.932
0.830
0.898
0.865
0.903
0.850
0.968
0.915
0.966
0.942
0.974
0.940
0.936
0.911
0.969
0.938
0.837
0.932
0.968
0.954
0.921
0.889
0.860
0.870
0.949
0.960
0.955
0.973
0.883
0.978
0.954
0.970
0.970
0.980
0.928
0.892
0.892
0.930
0.948
0.946
0.878
0.962
0.937
0.965
0.967
0.907
0.858
0.977
0.909
0.830
0.933
0.936
0.972
0.962
0.876
0.923
0.976
0.893
0.931
0.922
0.911
0.836
0.910
0.817
0.963
0.964
0.959
0.914
0.882
0.872
0.893
0.828
0.886
0.915
0.943
0.955
0.950
0.887
0.830
0.779
0.774
0.878
0.900
0.755
0.718
0.726
0.702
0.724
0.758
0.806
0.826
0.925
0.962
0.921
0.979
0.837
0.727
0.846
0.788
0.756
0.852
0.768
0.735
0.727
0.726
0.864
0.902
0.921
0.930
0.765
0.731
0.704
0.634
0.847
0.905
0.942
0.909
0.715
0.675
0.610
0.678
0.757
0.913
0.875
0.745
0.849
0.736
0.746
0.856
0.760
0.721
0.795
0.906
0.711
0.722
0.826
0.721
0.685
0.683
0.653
0.667
0.872
0.589
0.625
0.647
0.662
0.632
0.556
0.624
0.516
0.457
0.570
0.548
0.568
0.549
0.636
0.612
0.600
0.786
0.573
0.533
0.629
0.489
0.424
0.360
0.537
0.531
0.498
0.602
0.797
0.734
0.615
0.534
0.492
0.578
0.503
0.692
0.829
0.635
0.600
0.574
0.625
0.687
0.537
0.501
0.535
0.620
0.589
0.574
0.558
0.511
0.426
0.498
0.399
0.377
0.364
0.497
0.532
0.504
0.690
0.687
0.607
0.651
0.537
0.498
0.515
0.592
0.566
0.544
0.531
0.516
0.489
0.543
0.449
0.443
0.491
0.743
0.607
0.435
0.498
0.558
0.580
0.674
0.578
0.485
0.541
0.692
0.551
0.458
0.461
0.504
0.625
0.789
0.627
0.573
0.589
0.525
0.491
0.833
0.731
0.758
0.646
0.731
0.826
0.794
0.812
0.861
0.918
0.791
0.868
0.943
0.864
0.904
0.710
0.675
0.775
0.659
0.498
0.600
0.814
0.927
0.861
0.876
0.882
0.901
0.896
0.746
0.935
0.868
0.879
0.967
0.675
0.661
0.649
0.713
0.905
0.896
0.966
0.859
0.824
0.681
0.613
0.854
0.893
0.817
0.828
0.891
0.766
0.901
0.850
0.854
0.853
0.903
0.854
0.678
0.883
0.780
0.936
0.970
0.898
0.808
0.931
0.956
0.934
0.805
0.868
0.908
0.924
0.919
0.832
0.702
0.682
0.784
0.834
0.781
0.664
0.708
0.919
0.963
0.876
0.865
0.940
0.978
0.935
0.807
0.941
0.800
0.930
0.956
0.927
0.801
0.871
0.938
0.977
0.889
0.902
0.910
0.898
0.941
0.934
0.935
0.907
0.957
0.940
0.929
0.886
0.934
0.968
0.963
0.899
0.953
0.954
0.978
0.977
0.956
0.923
0.966
0.915
0.898
0.899
0.900
0.960
0.955
0.889
0.958
0.872
0.942
0.921
0.944
0.898
0.967
0.940
0.951
0.907
0.970
0.974
0.757
0.756
0.717
0.750
0.628
0.673
0.736
0.889
0.941
0.764
0.859
0.904
0.897
0.954
0.925
0.918
0.908
0.955
0.944
0.952
0.926
0.969
0.982
0.955
0.892
0.956
0.968
0.894
0.957
0.965
0.929
0.830
0.834
0.964
0.978
0.883
0.868
0.980
0.933
0.963
0.875
0.965
0.953
0.897
0.928
0.927
0.908
0.908
0.956
0.931
0.907
0.798
0.895
0.947
0.934
0.893
0.955
0.922
0.902
0.880
0.878
0.932
0.944
0.890
0.942
0.950
0.974
0.898
0.950
0.887
0.800
0.726
0.720
0.782
0.778
0.800
0.922
0.879
0.903
0.938
0.960
0.931
0.903
0.752
0.907
0.949
0.916
0.888
0.854
0.898
0.891
0.961
0.796
0.861
0.874
0.966
0.814
0.711
0.698
0.768
0.747
0.877
0.865
0.788
0.755
0.891
0.808
0.883
0.924
0.849
0.732
0.842
0.924
0.576
0.556
0.619
0.638
0.663
0.833
0.857
0.875
0.789
0.702
0.643
0.701
0.787
0.696
0.590
0.560
0.672
0.711
0.736
0.721
0.619
0.680
0.646
0.630
0.576
0.641
0.733
0.856
0.945
0.813
0.785
0.673
0.728
0.659
0.554
0.608
0.518
0.507
0.513
0.491
0.491
0.560
0.485
0.477
0.631
0.914
0.641
0.624
0.595
0.527
0.479
0.443
0.461
0.418
0.342
0.353
0.443
0.520
0.430
0.288
0.324
0.429
0.453
0.552
0.522
0.466
0.479
0.481
0.534
0.436
0.419
0.440
0.507
0.513
0.476
0.358
0.339
0.409
0.491
0.515
0.549
0.519
0.795
0.776
0.708
0.577
0.510
0.448
0.534
0.533
0.525
0.486
0.588
0.667
0.586
0.495
0.638
0.791
0.910
0.823
0.760
0.761
0.740
0.629
0.569
0.581
0.603
0.708
0.605
0.887
0.854
0.664
0.622
0.490
0.462
0.538
0.547
0.685
0.688
0.633
0.617
0.537
0.509
0.616
0.662
0.801
0.793
0.685
0.717
0.835
0.771
0.697
0.600
0.768
0.601
0.593
0.564
0.622
0.576
0.752
0.547
0.558
0.583
0.494
0.545
0.619
0.570
0.618
0.855
0.610
0.646
0.608
0.721
0.615
0.765
0.909
0.893
0.957
0.863
0.934
0.922
0.948
0.956
0.945
0.845
0.871
0.903
0.854
0.887
0.892
0.966
0.786
0.946
0.857
0.905
0.933
0.879
0.778
0.798
0.747
0.865
0.937
0.870
0.936
0.827
0.933
0.860
0.926
0.868
0.806
0.895
0.885
0.730
0.891
0.774
0.848
0.695
0.660
0.656
0.640
0.703
0.815
0.975
0.829
0.805
0.951
0.803
0.853
0.887
0.895
0.943
0.823
0.890
0.904
0.781
0.858
0.908
0.909
0.872
0.793
0.740
0.791
0.940
0.765
0.709
0.865
0.956
0.753
0.800
0.772
0.971
0.732
0.777
0.864
0.873
0.943
0.908
0.917
0.889
0.719
0.758
0.867
0.815
0.806
0.935
0.912
0.897
0.879
0.927
0.960
0.955
0.977
0.938
0.929
0.864
0.913
0.972
0.949
0.912
0.974
0.977
0.979
0.941
0.929
0.934
0.938
0.829
0.885
0.960
0.916
0.806
0.825
0.953
0.845
0.884
0.819
0.851
0.871
0.854
0.882
0.949
0.969
0.971
0.945
0.908
0.934
0.886
0.912
0.869
0.971
0.785
0.725
0.707
0.782
0.882
0.897
0.925
0.891
0.962
0.941
0.748
0.758
0.805
0.807
0.828
0.862
0.922
0.923
0.943
0.948
0.911
0.976
0.959
0.956
0.950
0.911
0.851
0.727
0.800
0.744
0.867
0.821
0.823
0.900
0.959
0.942
0.961
0.813
0.778
0.978
0.918
0.859
0.715
0.725
0.667
0.703
0.733
0.841
0.725
0.900
0.935
0.901
0.743
0.692
0.705
0.670
0.927
0.936
0.880
0.868
0.939
0.709
0.732
0.655
0.632
0.627
0.681
0.783
0.784
0.680
0.698
0.589
0.654
0.686
0.823
0.962
0.810
0.894
0.733
0.724
0.648
0.748
0.817
0.768
0.733
0.687
0.751
0.828
0.885
0.756
0.898
0.898
0.716
0.625
0.597
0.654
0.567
0.593
0.642
0.666
0.497
0.530
0.539
0.537
0.681
0.621
0.694
0.691
0.728
0.620
0.755
0.682
0.674
0.572
0.687
0.686
0.603
0.538
0.479
0.525
0.647
0.605
0.619
0.599
0.635
0.519
0.428
0.451
0.378
0.353
0.363
0.435
0.392
0.380
0.441
0.370
0.333
0.319
0.235
0.388
0.452
0.496
0.356
0.297
0.310
0.319
0.427
0.392
0.467
0.446
0.567
0.620
0.705
0.714
0.708
0.572
0.617
0.714
0.566
0.451
0.458
0.538
0.363
0.418
0.457
0.463
0.522
0.554
0.557
0.635
0.541
0.527
0.500
0.442
0.571
0.584
0.517
0.404
0.401
0.549
0.547
0.664
0.629
0.817
0.813
0.949
0.732
0.657
0.610
0.568
0.776
0.713
0.569
0.499
0.621
0.467
0.478
0.500
0.691
0.834
0.825
0.881
0.581
0.523
0.472
0.436
0.595
0.670
0.583
0.616
0.511
0.548
0.857
0.727
0.881
0.903
0.835
0.757
0.852
0.698
0.688
0.960
0.702
0.805
0.740
0.718
0.746
0.816
0.729
0.840
0.975
0.712
0.759
0.707
0.949
0.959
0.908
0.856
0.905
0.848
0.926
0.940
0.961
0.916
0.829
0.878
0.910
0.801
0.863
0.890
0.943
0.902
0.888
0.680
0.757
0.856
0.880
0.943
0.957
0.913
0.932
0.896
0.962
0.843
0.911
0.977
0.889
0.886
0.837
0.895
0.748
0.847
0.862
0.890
0.932
0.929
0.880
0.937
0.953
0.931
0.928
0.963
0.957
0.958
0.962
0.847
0.800
0.894
0.961
0.981
0.892
0.781
0.906
0.895
0.931
0.979
0.901
0.849
0.752
0.841
0.936
0.923
0.846
0.980
0.845
0.925
0.971
0.976
0.897
0.918
0.907
0.980
0.984
0.970
0.929
0.932
0.871
0.963
0.928
0.941
0.967
0.889
0.882
0.951
0.972
0.944
0.888
0.908
0.948
0.958
0.977
0.887
0.923
0.961
0.939
0.961
0.851
0.866
0.837
0.948
0.966
0.974
0.942
0.932
0.846
0.913
0.972
0.951
0.906
0.872
0.942
0.980
0.961
0.930
0.935
0.956
0.969
0.962
0.967
0.975
0.818
0.937
0.956
0.869
0.874
0.869
0.967
0.904
0.928
0.937
0.942
0.899
0.972
0.773
0.744
0.726
0.883
0.850
0.836
0.903
0.960
0.947
0.879
0.957
0.977
0.918
0.857
0.726
0.681
0.739
0.792
0.907
0.881
0.909
0.931
0.973
0.832
0.876
0.981
0.978
0.892
0.940
0.923
0.878
0.789
0.933
0.892
0.802
0.957
0.802
0.936
0.912
0.792
0.879
0.908
0.960
0.943
0.765
0.744
0.741
0.757
0.763
0.727
0.625
0.608
0.711
0.742
0.740
0.766
0.689
0.898
0.936
0.824
0.837
0.701
0.733
0.716
0.666
0.646
0.639
0.695
0.809
0.865
0.955
0.690
0.618
0.653
0.693
0.662
0.678
0.687
0.827
0.698
0.671
0.569
0.615
0.614
0.579
0.653
0.543
0.574
0.503
0.540
0.516
0.576
0.604
0.461
0.531
0.557
0.504
0.501
0.561
0.575
0.603
0.546
0.514
0.485
0.491
0.435
0.435
0.444
0.575
0.660
0.720
0.696
0.660
0.647
0.766
0.606
0.529
0.586
0.526
0.555
0.836
0.724
0.706
0.694
0.701
0.678
0.669
0.590
0.560
0.547
0.739
0.765
0.661
0.549
0.478
0.467
0.582
0.648
0.604
0.669
0.832
0.596
0.532
0.514
0.557
0.444
0.383
0.450
0.435
0.486
0.588
0.412
0.361
0.461
0.516
0.555
0.631
0.813
0.661
0.613
0.588
0.504
0.508
0.465
0.440
0.569
0.571
0.850
0.588
0.607
0.618
0.688
0.721
0.505
0.510
0.565
0.522
0.652
0.872
0.609
0.519
0.556
0.665
0.577
0.544
0.604
0.809
0.864
0.718
0.724
0.835
0.620
0.773
0.680
0.728
0.654
0.586
0.732
0.732
0.804
0.670
0.801
0.642
0.770
0.736
0.838
0.881
0.768
0.615
0.581
0.626
0.902
0.732
0.684
0.789
0.917
0.714
0.725
0.805
0.964
0.828
0.765
0.696
0.667
0.887
0.959
0.938
0.861
0.845
0.962
0.973
0.940
0.845
0.787
0.877
0.905
0.713
0.895
0.954
0.970
0.732
0.787
0.647
0.613
0.650
0.675
0.599
0.652
0.706
0.805
0.787
0.809
0.885
0.926
0.847
0.871
0.880
0.849
0.913
0.953
0.830
0.722
0.817
0.748
0.948
0.905
0.973
0.968
0.894
0.828
0.937
0.953
0.976
0.886
0.819
0.899
0.864
0.931
0.973
0.981
0.932
0.768
0.843
0.824
0.882
0.767
0.805
0.902
0.845
0.820
0.809
0.930
0.954
0.894
0.958
0.891
0.915
0.963
0.944
0.917
0.964
0.936
0.958
0.849
0.875
0.959
0.837
0.876
0.879
0.981
0.976
0.949
0.896
0.876
0.963
0.974
0.937
0.973
0.929
0.927
0.984
0.926
0.894
0.905
0.907
0.979
0.926
0.910
0.974
0.968
0.969
0.959
0.933
0.886
0.976
0.968
0.969
0.974
0.823
0.906
0.950
0.961
0.896
0.861
0.778
0.712
0.681
0.573
0.557
0.622
0.637
0.758
0.957
0.977
0.898
0.950
0.920
0.979
0.978
0.892
0.958
0.971
0.899
0.955
0.908
0.898
0.904
0.900
0.958
0.937
0.873
0.878
0.916
0.971
0.923
0.942
0.959
0.968
0.928
0.908
0.949
0.817
0.682
0.847
0.889
0.796
0.752
0.825
0.976
0.864
0.816
0.924
0.925
0.933
0.943
0.878
0.843
0.734
0.775
0.906
0.778
0.781
0.783
0.739
0.771
0.855
0.781
0.700
0.940
0.845
0.906
0.874
0.774
0.941
0.951
0.980
0.914
0.865
0.843
0.915
0.883
0.859
0.884
0.874
0.904
0.707
0.830
0.789
0.726
0.745
0.657
0.643
0.686
0.699
0.695
0.826
0.710
0.676
0.666
0.655
0.682
0.528
0.479
0.509
0.651
0.588
0.547
0.642
0.650
0.579
0.582
0.560
0.554
0.644
0.703
0.602
0.550
0.573
0.545
0.535
0.525
0.536
0.534
0.578
0.615
0.569
0.572
0.606
0.877
0.878
0.737
0.937
0.852
0.858
0.667
0.677
0.583
0.477
0.468
0.452
0.485
0.461
0.606
0.601
0.721
0.726
0.819
0.930
0.682
0.727
0.794
0.693
0.678
0.556
0.465
0.470
0.430
0.532
0.519
0.519
0.468
0.522
0.551
0.480
0.548
0.520
0.605
0.511
0.516
0.489
0.656
0.603
0.624
0.590
0.801
0.876
0.678
0.522
0.462
0.441
0.514
0.897
0.624
0.541
0.610
0.892
0.739
0.632
0.666
0.473
0.532
0.555
0.475
0.451
0.615
0.655
0.580
0.611
0.504
0.535
0.429
0.700
0.538
0.495
0.465
0.426
0.584
0.642
0.537
0.492
0.662
0.691
0.882
0.822
0.562
0.534
0.515
0.478
0.561
0.736
0.623
0.670
0.619
0.581
0.677
0.582
0.687
0.582
0.469
0.404
0.493
0.458
0.471
0.541
0.820
0.716
0.621
0.572
0.768
0.965
0.699
0.809
0.840
0.869
0.842
0.835
0.813
0.914
0.963
0.800
0.896
0.684
0.730
0.981
0.925
0.891
0.880
0.866
0.806
0.699
0.540
0.523
0.750
0.704
0.656
0.938
0.772
0.920
0.971
0.955
0.918
0.832
0.832
0.881
0.855
0.935
0.894
0.831
0.860
0.765
0.742
0.753
0.897
0.936
0.950
0.870
0.813
0.790
0.829
0.794
0.889
0.706
0.913
0.943
0.795
0.894
0.915
0.958
0.799
0.884
0.949
0.951
0.875
0.852
0.891
0.977
0.915
0.875
0.916
0.805
0.724
0.664
0.835
0.911
0.850
0.833
0.765
0.878
0.851
0.846
0.743
0.926
0.830
0.909
0.739
0.618
0.680
0.828
0.858
0.934
0.841
0.869
0.958
0.782
0.813
0.885
0.738
0.795
0.836
0.925
0.819
0.960
0.972
0.830
0.946
0.955
0.944
0.934
0.843
0.909
0.827
0.901
0.898
0.971
0.958
0.933
0.886
0.823
0.931
0.914
0.915
0.887
0.951
0.888
0.955
0.956
0.894
0.847
0.943
0.954
0.923
0.946
0.968
0.966
0.799
0.723
0.880
0.963
0.838
0.919
0.854
0.843
0.873
0.939
0.859
0.952
0.945
0.958
0.885
0.909
0.820
0.843
0.917
0.976
0.917
0.798
0.910
0.880
0.863
0.890
0.888
0.929
0.829
0.752
0.945
0.896
0.863
0.767
0.726
0.723
0.733
0.937
0.852
0.964
0.881
0.889
0.924
0.838
0.619
0.531
0.518
0.514
0.659
0.653
0.813
0.706
0.938
0.962
0.966
0.899
0.935
0.965
0.771
0.711
0.690
0.675
0.635
0.681
0.653
0.725
0.767
0.776
0.825
0.866
0.905
0.754
0.710
0.685
0.611
0.673
0.739
0.785
0.730
0.828
0.735
0.647
0.696
0.711
0.700
0.630
0.614
0.593
0.676
0.619
0.593
0.566
0.561
0.562
0.672
0.587
0.615
0.745
0.595
0.596
0.557
0.535
0.574
0.567
0.673
0.631
0.652
0.814
0.708
0.628
0.679
0.602
0.611
0.714
0.643
0.573
0.555
0.524
0.441
0.439
0.466
0.590
0.569
0.547
0.596
0.606
0.714
0.617
0.839
0.717
0.564
0.430
0.454
0.473
0.425
0.476
0.475
0.680
0.689
0.540
0.473
0.430
0.441
0.400
0.371
0.482
0.391
0.428
0.455
0.308
0.282
0.402
0.396
0.460
0.501
0.555
0.534
0.460
0.520
0.538
0.622
0.489
0.451
0.493
0.419
0.358
0.331
0.353
0.489
0.638
0.527
0.353
0.348
0.317
0.324
0.296
0.478
0.647
0.669
0.630
0.908
0.632
0.543
0.481
0.454
0.421
0.460
0.454
0.468
0.516
0.451
0.440
0.475
0.414
0.499
0.537
0.535
0.582
0.854
0.919
0.876
0.662
0.573
0.638
0.667
0.926
0.923
0.767
0.833
0.959
0.911
0.870
0.850
0.855
0.926
0.894
0.836
0.949
0.896
0.904
0.863
0.667
0.840
0.930
0.929
0.882
0.911
0.857
0.670
0.882
0.782
0.702
0.700
0.701
0.878
0.778
0.914
0.960
0.884
0.812
0.736
0.743
0.796
0.892
0.900
0.937
0.941
0.973
0.977
0.976
0.879
0.849
0.955
0.838
0.868
0.950
0.827
0.735
0.617
0.596
0.758
0.695
0.695
0.859
0.963
0.726
0.608
0.765
0.927
0.915
0.732
0.979
0.943
0.929
0.832
0.958
0.851
0.703
0.866
0.847
0.891
0.900
0.960
0.967
0.894
0.976
0.973
0.967
0.799
0.917
0.972
0.967
0.962
0.964
0.916
0.933
0.859
0.950
0.974
0.972
0.979
0.932
0.955
0.881
0.907
0.945
0.938
0.962
0.938
0.888
0.936
0.962
0.962
0.918
0.935
0.922
0.889
0.950
0.982
0.963
0.970
0.978
0.925
0.971
0.967
0.971
0.965
0.923
0.881
0.901
0.918
0.887
0.943
0.784
0.919
0.975
0.834
0.835
0.731
0.829
0.739
0.750
0.930
0.948
0.959
0.928
0.901
0.854
0.872
0.813
0.870
0.945
0.949
0.934
0.884
0.972
0.970
0.890
0.923
0.821
0.885
0.894
0.965
0.974
0.939
0.958
0.912
0.888
0.976
0.975
0.951
0.920
0.923
0.967
0.965
0.916
0.933
0.936
0.942
0.980
0.946
0.787
0.774
0.778
0.796
0.911
0.839
0.906
0.878
0.956
0.959
0.969
0.974
0.911
0.962
0.890
0.955
0.909
0.902
0.949
0.950
0.924
0.939
0.947
0.936
0.939
0.970
0.969
0.946
0.925
0.890
0.811
0.796
0.797
0.732
0.822
0.876
0.895
0.828
0.921
0.912
0.912
0.895
0.829
0.786
0.862
0.935
0.885
0.804
0.775
0.797
0.862
0.820
0.868
0.872
0.788
0.839
0.816
0.790
0.879
0.788
0.819
0.955
0.946
0.824
0.756
0.904
0.817
0.760
0.891
0.808
0.903
0.921
0.867
0.853
0.773
0.808
0.901
0.907
0.753
0.776
0.773
0.758
0.750
0.685
0.690
0.663
0.654
0.823
0.852
0.880
0.831
0.712
0.767
0.716
0.619
0.642
0.625
0.603
0.678
0.644
0.513
0.589
0.553
0.479
0.526
0.476
0.480
0.538
0.537
0.527
0.625
0.715
0.593
0.501
0.499
0.543
0.607
0.673
0.434
0.430
0.426
0.504
0.607
0.497
0.534
0.392
0.339
0.372
0.455
0.365
0.388
0.368
0.769
0.587
0.608
0.566
0.533
0.492
0.428
0.476
0.434
0.495
0.437
0.514
0.406
0.410
0.459
0.476
0.416
0.818
0.640
0.525
0.523
0.809
0.736
0.631
0.630
0.565
0.503
0.557
0.490
0.572
0.727
0.730
0.627
0.693
0.646
0.611
0.491
0.463
0.445
0.367
0.560
0.599
0.513
0.530
0.481
0.529
0.657
0.523
0.475
0.462
0.790
0.552
0.558
0.603
0.474
0.506
0.420
0.607
0.449
0.469
0.478
0.540
0.970
0.623
0.510
0.479
0.539
0.596
0.740
0.908
0.626
0.729
0.902
0.806
0.755
0.582
0.621
0.839
0.669
0.612
0.778
0.744
0.748
0.659
0.834
0.972
0.667
0.882
0.895
0.789
0.649
0.754
0.880
0.710
0.661
0.935
0.841
0.921
0.698
0.619
0.954
0.967
0.892
0.885
0.858
0.787
0.775
0.920
0.946
0.956
0.863
0.905
0.838
0.930
0.970
0.939
0.880
0.836
0.688
0.695
0.801
0.662
0.593
0.643
0.640
0.659
0.658
0.649
0.597
0.578
0.595
0.561
0.642
0.628
0.815
0.740
0.785
0.707
0.733
0.843
0.880
0.811
0.910
0.940
0.868
0.721
0.754
0.913
0.796
0.879
0.946
0.955
0.920
0.856
0.857
0.971
0.966
0.858
0.900
0.780
0.866
0.967
0.966
0.824
0.830
0.947
0.881
0.746
0.723
0.945
0.936
0.876
0.965
0.957
0.856
0.943
0.967
0.855
0.915
0.951
0.967
0.962
0.865
0.835
0.834
0.945
0.965
0.865
0.931
0.912
0.856
0.983
0.967
0.845
0.908
0.876
0.857
0.829
0.919
0.943
0.979
0.889
0.781
0.844
0.943
0.943
0.794
0.924
0.965
0.907
0.827
0.819
0.946
0.865
0.971
0.951
0.957
0.930
0.942
0.970
0.931
0.924
0.905
0.922
0.944
0.943
0.926
0.910
0.937
0.902
0.961
0.962
0.934
0.884
0.970
0.885
0.838
0.941
0.969
0.967
0.956
0.919
0.908
0.859
0.947
0.878
0.912
0.945
0.953
0.893
0.889
0.949
0.855
0.910
0.857
0.924
0.830
0.863
0.894
0.925
0.872
0.863
0.878
0.956
0.789
0.731
0.751
0.762
0.655
0.726
0.717
0.873
0.840
0.805
0.716
0.684
0.639
0.706
0.815
0.876
0.827
0.778
0.917
0.857
0.714
0.699
0.719
0.727
0.633
0.667
0.714
0.796
0.889
0.912
0.903
0.896
0.849
0.802
0.780
0.710
0.658
0.695
0.779
0.722
0.745
0.713
0.802
0.713
0.710
0.959
0.928
0.753
0.630
0.680
0.721
0.788
0.937
0.871
0.866
0.699
0.664
0.707
0.732
0.758
0.672
0.663
0.691
0.646
0.656
0.920
0.739
0.522
0.520
0.502
0.486
0.483
0.612
0.535
0.586
0.614
0.726
0.635
0.570
0.546
0.616
0.642
0.635
0.625
0.719
0.639
0.673
0.548
0.597
0.534
0.502
0.547
0.565
0.546
0.628
0.571
0.503
0.522
0.420
0.470
0.419
0.465
0.453
0.423
0.357
0.348
0.363
0.378
0.392
0.479
0.490
0.469
0.410
0.432
0.448
0.401
0.428
0.489
0.475
0.586
0.599
0.554
0.562
0.529
0.495
0.454
0.477
0.469
0.548
0.600
0.472
0.406
0.335
0.422
0.481
0.460
0.428
0.464
0.469
0.578
0.643
0.643
0.710
0.549
0.573
0.516
0.459
0.464
0.414
0.527
0.480
0.524
0.446
0.451
0.578
0.563
0.493
0.595
0.518
0.711
0.733
0.620
0.646
0.677
0.675
0.674
0.609
0.641
0.668
0.639
0.631
0.666
0.835
0.661
0.549
0.580
0.560
0.602
0.505
0.513
0.516
0.605
0.527
0.427
0.441
0.468
0.761
0.825
0.816
0.672
0.731
0.638
0.639
0.643
0.561
0.630
0.524
0.557
0.541
0.474
0.491
0.703
0.732
0.673
0.788
0.579
0.528
0.624
0.642
0.611
0.636
0.520
0.605
0.599
0.500
0.493
0.514
0.784
0.655
0.570
0.577
0.562
0.717
0.810
0.732
0.728
0.715
0.625
0.817
0.645
0.512
0.558
0.702
0.591
0.645
0.719
0.874
0.854
0.927
0.916
0.852
0.981
0.923
0.981
0.909
0.954
0.973
0.979
0.973
0.955
0.883
0.893
0.918
0.822
0.898
0.829
0.782
0.791
0.816
0.676
0.656
0.795
0.947
0.957
0.752
0.915
0.865
0.845
0.908
0.942
0.875
0.972
0.845
0.868
0.898
0.840
0.916
0.972
0.937
0.859
0.924
0.947
0.864
0.924
0.961
0.935
0.898
0.975
0.914
0.923
0.925
0.851
0.920
0.905
0.913
0.973
0.854
0.643
0.661
0.839
0.879
0.913
0.825
0.972
0.968
0.953
0.943
0.890
0.950
0.931
0.973
0.932
0.932
0.857
0.944
0.954
0.920
0.932
0.972
0.959
0.811
0.899
0.945
0.968
0.950
0.876
0.852
0.862
0.829
0.895
0.810
0.839
0.932
0.744
0.752
0.852
0.820
0.721
0.824
0.884
0.958
0.952
0.843
0.760
0.769
0.824
0.909
0.872
0.795
0.880
0.907
0.855
0.721
0.736
0.881
0.833
0.924
0.957
0.954
0.980
0.978
0.808
0.793
0.883
0.856
0.849
0.825
0.873
0.894
0.819
0.729
0.778
0.890
0.876
0.917
0.860
0.838
0.747
0.820
0.876
0.852
0.826
0.816
0.775
0.895
0.878
0.862
0.796
0.766
0.691
0.675
0.651
0.672
0.729
0.743
0.972
0.726
0.727
0.631
0.569
0.658
0.689
0.695
0.691
0.591
0.559
0.598
0.644
0.578
0.698
0.654
0.709
0.802
0.682
0.849
0.850
0.764
0.702
0.646
0.736
0.783
0.633
0.669
0.737
0.753
0.811
0.818
0.715
0.684
0.675
0.572
0.656
0.697
0.667
0.731
0.620
0.600
0.629
0.531
0.512
0.503
0.435
0.399
0.566
0.543
0.467
0.429
0.377
0.306
0.420
0.397
0.445
0.521
0.666
0.674
0.591
0.549
0.486
0.467
0.384
0.353
0.397
0.467
0.602
0.599
0.535
0.618
0.685
0.545
0.598
0.584
0.532
0.469
0.581
0.617
0.661
0.555
0.464
0.543
0.603
0.705
0.735
0.754
0.695
0.795
0.672
0.815
0.614
0.511
0.464
0.582
0.532
0.591
0.611
0.571
0.615
0.570
0.579
0.563
0.690
0.450
0.478
0.571
0.765
0.625
0.660
0.575
0.459
0.492
0.493
0.525
0.615
0.573
0.765
0.622
0.812
0.796
0.830
0.868
0.848
0.645
0.632
0.642
0.667
0.938
0.675
0.643
0.617
0.717
0.867
0.886
0.954
0.842
0.920
0.930
0.871
0.790
0.908
0.854
0.565
0.672
0.703
0.824
0.844
0.601
0.692
0.818
0.732
0.902
0.910
0.920
0.801
0.733
0.766
0.744
0.893
0.685
0.797
0.794
0.907
0.913
0.967
0.957
0.808
0.920
0.976
0.871
0.754
0.930
0.953
0.907
0.940
0.855
0.945
0.930
0.849
0.969
0.959
0.940
0.964
0.924
0.939
0.932
0.971
0.972
0.855
0.746
0.876
0.930
0.922
0.969
0.967
0.890
0.928
0.801
0.685
0.597
0.530
0.695
0.845
0.861
0.736
0.669
0.584
0.560
0.564
0.617
0.819
0.902
0.977
0.825
0.706
0.849
0.913
0.830
0.955
0.882
0.894
0.926
0.871
0.935
0.956
0.977
0.981
0.923
0.827
0.843
0.895
0.966
0.932
0.867
0.929
0.971
0.926
0.924
0.965
0.911
0.978
0.922
0.920
0.962
0.956
0.969
0.972
0.887
0.949
0.934
0.896
0.678
0.835
0.845
0.929
0.944
0.936
0.955
0.978
0.904
0.956
0.925
0.948
0.944
0.773
0.969
0.944
0.925
0.864
0.948
0.954
0.960
0.931
0.944
0.967
0.899
0.970
0.975
0.940
0.952
0.969
0.925
0.921
0.971
0.880
0.953
0.812
0.907
0.887
0.951
0.916
0.883
0.931
0.898
0.847
0.884
0.927
0.962
0.974
0.926
0.959
0.902
0.925
0.972
0.931
0.958
0.949
0.961
0.917
0.884
0.912
0.975
0.876
0.918
0.878
0.944
0.840
0.851
0.840
0.948
0.917
0.923
0.890
0.902
0.832
0.755
0.866
0.903
0.912
0.876
0.766
0.762
0.903
0.894
0.916
0.921
0.937
0.821
0.817
0.841
0.691
0.680
0.753
0.854
0.889
0.914
0.892
0.832
0.874
0.818
0.726
0.843
0.794
0.886
0.894
0.787
0.861
0.821
0.757
0.793
0.728
0.764
0.644
0.735
0.934
0.723
0.628
0.575
0.581
0.612
0.590
0.553
0.548
0.607
0.719
0.824
0.860
0.661
0.724
0.715
0.777
0.658
0.817
0.953
0.769
0.712
0.628
0.579
0.641
0.596
0.648
0.583
0.684
0.822
0.739
0.706
0.573
0.651
0.750
0.646
0.746
0.672
0.632
0.583
0.712
0.582
0.651
0.583
0.584
0.555
0.534
0.518
0.552
0.553
0.671
0.477
0.492
0.445
0.522
0.484
0.529
0.586
0.573
0.554
0.604
0.499
0.536
0.646
0.605
0.535
0.582
0.583
0.523
0.541
0.628
0.797
0.666
0.671
0.756
0.504
0.474
0.588
0.495
0.450
0.460
0.638
0.693
0.711
0.694
0.513
0.607
0.545
0.556
0.490
0.530
0.663
0.830
0.672
0.512
0.616
0.474
0.408
0.414
0.521
0.530
0.684
0.630
0.576
0.640
0.787
0.945
0.690
0.503
0.528
0.656
0.676
0.740
0.637
0.830
0.703
0.884
0.639
0.600
0.877
0.804
0.933
0.781
0.662
0.746
0.965
0.810
0.861
0.770
0.850
0.780
0.958
0.940
0.866
0.980
0.932
0.970
0.880
0.842
0.801
0.638
0.562
0.714
0.923
0.914
0.866
0.968
0.919
0.891
0.775
0.939
0.785
0.778
0.718
0.861
0.876
0.851
0.815
0.690
0.617
0.598
0.792
0.820
0.869
0.814
0.794
0.884
0.972
0.931
0.816
0.869
0.808
0.710
0.699
0.795
0.948
0.953
0.960
0.812
0.722
0.923
0.954
0.876
0.962
0.862
0.952
0.951
0.886
0.955
0.915
0.954
0.896
0.954
0.807
0.870
0.789
0.771
0.801
0.704
0.625
0.801
0.796
0.777
0.629
0.792
0.939
0.781
0.887
0.923
0.767
0.776
0.901
0.921
0.832
0.851
0.899
0.841
0.819
0.800
0.947
0.970
0.772
0.838
0.941
0.980
0.902
0.888
0.939
0.960
0.903
0.910
0.874
0.912
0.920
0.945
0.969
0.870
0.945
0.906
0.951
0.967
0.956
0.860
0.948
0.931
0.935
0.903
0.948
0.925
0.763
0.818
0.956
0.942
0.926
0.964
0.978
0.879
0.957
0.936
0.970
0.971
0.947
0.898
0.944
0.933
0.960
0.941
0.959
0.906
0.900
0.884
0.975
0.922
0.909
0.881
0.948
0.978
0.908
0.765
0.745
0.766
0.875
0.913
0.934
0.891
0.919
0.894
0.965
0.963
0.970
0.925
0.927
0.925
0.932
0.926
0.965
0.959
0.789
0.745
0.680
0.725
0.878
0.738
0.786
0.923
0.954
0.856
0.951
0.943
0.912
0.929
0.921
0.801
0.833
0.842
0.929
0.964
0.923
0.882
0.896
0.935
0.945
0.740
0.751
0.803
0.808
0.957
0.897
0.894
0.853
0.874
0.843
0.729
0.830
0.719
0.757
0.755
0.833
0.793
0.917
0.854
0.962
0.971
0.957
0.919
0.958
0.964
0.867
0.877
0.844
0.948
0.900
0.896
0.892
0.920
0.844
0.786
0.812
0.728
0.802
0.829
0.718
0.761
0.743
0.750
0.862
0.838
0.919
0.803
0.824
0.949
0.911
0.809
0.876
0.819
0.897
0.744
0.656
0.771
0.709
0.607
0.675
0.693
0.831
0.776
0.760
0.869
0.755
0.652
0.702
0.695
0.712
0.645
0.544
0.574
0.556
0.666
0.713
0.563
0.589
0.556
0.665
0.574
0.662
0.543
0.601
0.541
0.508
0.479
0.561
0.671
0.629
0.625
0.870
0.827
0.888
0.854
0.737
0.672
0.616
0.578
0.511
0.623
0.586
0.623
0.502
0.459
0.533
0.570
0.673
0.935
0.804
0.890
0.577
0.501
0.420
0.386
0.469
0.480
0.452
0.469
0.497
0.609
0.605
0.543
0.618
0.851
0.723
0.744
0.592
0.556
0.549
0.490
0.406
0.500
0.595
0.595
0.630
0.770
0.662
0.951
0.666
0.554
0.572
0.643
0.808
0.752
0.943
0.847
0.822
0.667
0.906
0.811
0.947
0.902
0.931
0.827
0.810
0.730
0.914
0.707
0.583
0.493
0.455
0.480
0.525
0.580
0.607
0.558
0.698
0.638
0.649
0.627
0.633
0.543
0.575
0.971
0.704
0.835
0.950
0.952
0.980
0.898
0.726
0.637
0.945
0.798
0.736
0.615
0.898
0.804
0.770
0.901
0.954
0.766
0.724
0.658
0.594
0.863
0.943
0.760
0.708
0.914
0.839
0.820
0.907
0.790
0.741
0.744
0.742
0.879
0.801
0.781
0.883
0.889
0.922
0.791
0.860
0.756
0.818
0.873
0.964
0.960
0.856
0.829
0.960
0.958
0.890
0.979
0.811
0.861
0.747
0.750
0.825
0.894
0.852
0.741
0.687
0.865
0.911
0.847
0.940
0.945
0.847
0.921
0.873
0.948
0.953
0.950
0.905
0.965
0.964
0.891
0.963
0.801
0.867
0.861
0.758
0.831
0.789
0.840
0.797
0.815
0.904
0.841
0.892
0.831
0.834
0.740
0.710
0.858
0.847
0.764
0.723
0.773
0.860
0.905
0.931
0.917
0.982
0.931
0.977
0.977
0.779
0.883
0.868
0.936
0.971
0.923
0.956
0.947
0.940
0.837
0.706
0.608
0.614
0.563
0.855
0.807
0.822
0.935
0.890
0.963
0.792
0.894
0.932
0.934
0.780
0.856
0.817
0.933
0.881
0.894
0.929
0.900
0.909
0.933
0.978
0.935
0.968
0.968
0.947
0.958
0.973
0.955
0.945
0.892
0.965
0.926
0.856
0.907
0.962
0.968
0.960
0.948
0.920
0.974
0.849
0.863
0.868
0.889
0.976
0.970
0.919
0.942
0.951
0.913
0.925
0.922
0.964
0.936
0.963
0.892
0.946
0.959
0.930
0.978
0.923
0.909
0.926
0.861
0.896
0.953
0.872
0.878
0.958
0.889
0.829
0.832
0.785
0.782
0.747
0.727
0.744
0.771
0.961
0.849
0.795
0.746
0.775
0.763
0.770
0.774
0.821
0.831
0.921
0.869
0.927
0.824
0.785
0.767
0.811
0.813
0.885
0.891
0.795
0.776
0.777
0.832
0.946
0.857
0.884
0.948
0.854
0.861
0.751
0.763
0.692
0.627
0.638
0.662
0.866
0.847
0.858
0.975
0.858
0.873
0.830
0.838
0.755
0.681
0.812
0.871
0.833
0.918
0.746
0.768
0.770
0.695
0.663
0.669
0.739
0.726
0.937
0.845
0.718
0.747
0.886
0.931
0.927
0.830
0.720
0.788
0.736
0.736
0.788
0.854
0.879
0.739
0.697
0.694
0.663
0.619
0.611
0.593
0.598
0.635
0.531
0.581
0.674
0.736
0.548
0.539
0.459
0.483
0.485
0.524
0.565
0.618
0.716
0.710
0.652
0.691
0.561
0.575
0.663
0.941
0.729
0.622
0.729
0.705
0.688
0.856
0.766
0.641
0.636
0.535
0.778
0.665
0.656
0.743
0.644
0.800
0.734
0.608
0.481
0.555
0.382
0.361
0.454
0.568
0.640
0.555
0.595
0.591
0.509
0.554
0.494
0.635
0.658
0.659
0.732
0.694
0.713
0.886
0.826
0.929
0.863
0.766
0.853
0.731
0.778
0.675
0.834
0.752
0.961
0.959
0.724
0.840
0.731
0.675
0.643
0.583
0.545
0.933
0.812
0.750
0.706
0.714
0.597
0.559
0.638
0.917
0.794
0.783
0.913
0.847
0.977
0.939
0.770
0.941
0.939
0.983
0.730
0.687
0.636
0.686
0.953
0.849
0.946
0.972
0.926
0.905
0.920
0.893
0.968
0.894
0.853
0.858
0.821
0.884
0.900
0.782
0.832
0.728
0.763
0.851
0.905
0.947
0.912
0.955
0.800
0.796
0.746
0.842
0.905
0.908
0.878
0.876
0.869
0.878
0.887
0.791
0.742
0.964
0.934
0.909
0.890
0.936
0.866
0.866
0.978
0.981
0.942
0.937
0.880
0.893
0.875
0.938
0.923
0.933
0.900
0.905
0.918
0.860
0.765
0.810
0.875
0.859
0.858
0.785
0.676
0.805
0.975
0.830
0.852
0.841
0.873
0.900
0.876
0.778
0.824
0.854
0.874
0.888
0.960
0.850
0.948
0.895
0.914
0.751
0.689
0.779
0.912
0.891
0.899
0.974
0.894
0.858
0.980
0.928
0.929
0.957
0.834
0.913
0.829
0.863
0.903
0.960
0.872
0.906
0.933
0.929
0.915
0.785
0.860
0.953
0.965
0.976
0.917
0.912
0.883
0.931
0.887
0.892
0.968
0.954
0.883
0.763
0.779
0.932
0.972
0.912
0.860
0.936
0.881
0.945
0.939
0.979
0.949
0.853
0.854
0.943
0.929
0.894
0.940
0.944
0.868
0.836
0.904
0.942
0.924
0.890
0.950
0.893
0.931
0.880
0.812
0.877
0.830
0.805
0.865
0.897
0.870
0.953
0.930
0.947
0.954
0.888
0.918
0.941
0.965
0.921
0.818
0.826
0.849
0.769
0.741
0.722
0.737
0.786
0.897
0.875
0.918
0.938
0.869
0.893
0.840
0.912
0.766
0.696
0.814
0.792
0.840
0.712
0.772
0.861
0.876
0.917
0.793
0.701
0.826
0.911
0.853
0.869
0.868
0.877
0.808
0.826
0.783
0.823
0.911
0.713
0.676
0.701
0.684
0.720
0.844
0.792
0.794
0.703
0.821
0.738
0.635
0.636
0.691
0.717
0.705
0.803
0.744
0.669
0.684
0.634
0.681
0.777
0.804
0.883
0.752
0.669
0.669
0.669
0.618
0.611
0.764
0.576
0.522
0.595
0.551
0.532
0.624
0.609
0.570
0.604
0.574
0.712
0.678
0.730
0.700
0.656
0.574
0.633
0.519
0.508
0.572
0.573
0.560
0.597
0.522
0.435
0.542
0.606
0.574
0.623
0.561
0.497
0.445
0.435
0.405
0.400
0.394
0.480
0.431
0.387
0.481
0.521
0.400
0.703
0.843
0.728
0.687
0.471
0.425
0.627
0.644
0.599
0.535
0.522
0.504
0.492
0.608
0.556
0.537
0.520
0.471
0.465
0.462
0.473
0.475
0.740
0.651
0.723
0.564
0.571
0.478
0.528
0.469
0.449
0.318
0.413
0.415
0.412
0.458
0.426
0.407
0.418
0.537
0.566
0.454
0.485
0.562
0.565
0.552
0.490
0.384
0.365
0.562
0.607
0.676
0.702
0.648
0.647
0.473
0.506
0.635
0.696
0.846
0.732
0.812
0.860
0.652
0.653
0.640
0.598
0.729
0.925
0.840
0.930
0.746
0.672
0.790
0.948
0.789
0.684
0.760
0.820
0.731
0.910
0.829
0.966
0.789
0.866
0.689
0.916
0.849
0.913
0.732
0.848
0.875
0.927
0.925
0.951
0.901
0.898
0.861
0.778
0.850
0.886
0.757
0.710
0.572
0.607
0.820
0.977
0.854
0.796
0.965
0.824
0.865
0.959
0.912
0.942
0.813
0.847
0.863
0.872
0.789
0.943
0.960
0.935
0.949
0.969
0.953
0.927
0.879
0.887
0.969
0.981
0.938
0.703
0.649
0.754
0.691
0.663
0.575
0.630
0.796
0.938
0.972
0.853
0.826
0.701
0.816
0.905
0.893
0.955
0.975
0.950
0.863
0.943
0.978
0.934
0.881
0.960
0.956
0.909
0.903
0.944
0.927
0.924
0.924
0.937
0.939
0.885
0.961
0.970
0.969
0.950
0.957
0.962
0.894
0.933
0.811
0.951
0.919
0.810
0.938
0.930
0.974
0.870
0.851
0.948
0.969
0.967
0.947
0.907
0.851
0.902
0.948
0.881
0.934
0.976
0.964
0.965
0.935
0.978
0.972
0.908
0.906
0.930
0.878
0.882
0.980
0.916
0.928
0.949
0.958
0.966
0.960
0.966
0.951
0.946
0.965
0.975
0.983
0.850
0.913
0.936
0.975
0.959
0.956
0.877
0.887
0.980
0.922
0.949
0.962
0.964
0.901
0.970
0.925
0.972
0.883
0.940
0.934
0.949
0.917
0.953
0.980
0.943
0.794
0.761
0.745
0.788
0.868
0.845
0.883
0.893
0.872
0.789
0.747
0.792
0.777
0.756
0.696
0.621
0.611
0.679
0.783
0.795
0.647
0.585
0.576
0.570
0.530
0.527
0.546
0.555
0.594
0.608
0.732
0.772
0.910
0.914
0.798
0.895
0.770
0.742
0.658
0.746
0.737
0.806
0.843
0.874
0.941
0.823
0.878
0.718
0.799
0.857
0.921
0.776
0.704
0.703
0.869
0.953
0.829
0.806
0.701
0.666
0.706
0.711
0.663
0.748
0.862
0.784
0.669
0.733
0.643
0.688
0.622
0.621
0.664
0.678
0.715
0.507
0.548
0.495
0.392
0.519
0.512
0.582
0.651
0.537
0.540
0.605
0.560
0.838
0.673
0.520
0.490
0.524
0.560
0.575
0.496
0.750
0.651
0.735
0.779
0.657
0.551
0.592
0.617
0.744
0.488
0.536
0.634
0.554
0.522
0.483
0.514
0.525
0.479
0.551
0.592
0.538
0.571
0.451
0.632
0.601
0.558
0.631
0.680
0.536
0.522
0.516
0.427
0.465
0.404
0.440
0.534
0.534
0.775
0.689
0.664
0.648
0.640
0.629
0.565
0.607
0.416
0.391
0.370
0.384
0.472
0.778
0.798
0.647
0.629
0.628
0.468
0.450
0.537
0.605
0.785
0.566
0.546
0.542
0.575
0.765
0.702
0.569
0.543
0.477
0.583
0.586
0.776
0.764
0.789
0.837
0.829
0.757
0.615
0.605
0.879
0.647
0.813
0.852
0.764
0.855
0.845
0.948
0.860
0.919
0.671
0.913
0.958
0.774
0.676
0.587
0.577
0.630
0.567
0.659
0.748
0.869
0.817
0.651
0.910
0.760
0.958
0.732
0.772
0.950
0.930
0.870
0.952
0.969
0.679
0.538
0.616
0.512
0.627
0.816
0.817
0.784
0.909
0.721
0.566
0.703
0.922
0.848
0.954
0.936
0.863
0.890
0.936
0.969
0.959
0.927
0.958
0.965
0.979
0.946
0.957
0.964
0.971
0.837
0.916
0.913
0.872
0.930
0.880
0.969
0.928
0.830
0.958
0.960
0.923
0.836
0.877
0.745
0.886
0.967
0.912
0.890
0.946
0.905
0.868
0.972
0.939
0.844
0.827
0.888
0.841
0.918
0.887
0.854
0.928
0.895
0.881
0.962
0.953
0.960
0.939
0.889
0.944
0.880
0.971
0.882
0.974
0.872
0.896
0.836
0.883
0.778
0.849
0.735
0.687
0.796
0.835
0.901
0.874
0.924
0.700
0.661
0.824
0.820
0.816
0.926
0.963
0.844
0.942
0.775
0.702
0.775
0.682
0.875
0.934
0.799
0.805
0.936
0.939
0.961
0.973
0.872
0.819
0.898
0.917
0.940
0.899
0.979
0.976
0.961
0.905
0.950
0.903
0.907
0.967
0.937
0.789
0.839
0.853
0.969
0.934
0.935
0.723
0.910
0.912
0.967
0.941
0.926
0.883
0.916
0.974
0.942
0.937
0.953
0.981
0.972
0.850
0.911
0.959
0.929
0.941
0.971
0.978
0.941
0.914
0.881
0.870
0.814
0.918
0.893
0.878
0.863
0.882
0.933
0.927
0.915
0.961
0.936
0.943
0.943
0.941
0.809
0.729
0.738
0.856
0.900
0.945
0.941
0.905
0.803
0.833
0.869
0.953
0.824
0.708
0.736
0.707
0.753
0.871
0.820
0.948
0.902
0.923
0.936
0.911
0.901
0.913
0.826
0.708
0.776
0.780
0.717
0.709
0.800
0.777
0.766
0.723
0.844
0.897
0.759
0.696
0.713
0.743
0.795
0.714
0.676
0.677
0.795
0.727
0.732
0.714
0.661
0.762
0.715
0.658
0.785
0.830
0.676
0.714
0.665
0.602
0.514
0.555
0.577
0.625
0.560
0.580
0.491
0.643
0.691
0.794
0.731
0.693
0.742
0.849
0.806
0.848
0.764
0.689
0.714
0.884
0.890
0.808
0.915
0.727
0.704
0.655
0.597
0.800
0.672
0.688
0.612
0.511
0.431
0.479
0.522
0.513
0.631
0.560
0.532
0.556
0.533
0.656
0.546
0.469
0.602
0.733
0.578
0.479
0.503
0.457
0.573
0.636
0.488
0.377
0.374
0.377
0.377
0.434
0.446
0.477
0.493
0.628
0.832
0.737
0.674
0.535
0.501
0.553
0.601
0.607
0.747
0.736
0.705
0.701
0.569
0.763
0.574
0.641
0.520
0.591
0.668
0.516
0.544
0.521
0.606
0.592
0.833
0.589
0.522
0.622
0.678
0.454
0.428
0.406
0.583
0.493
0.660
0.511
0.426
0.500
0.616
0.660
0.788
0.914
0.824
0.749
0.740
0.622
0.933
0.812
0.972
0.917
0.893
0.931
0.958
0.926
0.949
0.758
0.780
0.812
0.734
0.845
0.887
0.944
0.862
0.903
0.620
0.552
0.740
0.768
0.929
0.865
0.867
0.969
0.938
0.795
0.650
0.706
0.952
0.968
0.927
0.937
0.888
0.974
0.764
0.780
0.924
0.842
0.934
0.796
0.887
0.902
0.905
0.892
0.723
0.833
0.907
0.862
0.974
0.913
0.943
0.929
0.865
0.731
0.684
0.654
0.961
0.979
0.907
0.893
0.916
0.968
0.966
0.977
0.949
0.964
0.950
0.838
0.954
0.868
0.896
0.869
0.933
0.952
0.967
0.956
0.944
0.958
0.979
0.980
0.875
0.851
0.910
0.903
0.942
0.882
0.929
0.885
0.963
0.961
0.969
0.977
0.976
0.851
0.955
0.970
0.969
0.960
0.943
0.948
0.910
0.940
0.901
0.892
0.859
0.934
0.961
0.959
0.968
0.846
0.871
0.948
0.881
0.875
0.960
0.964
0.947
0.926
0.962
0.944
0.978
0.902
0.895
0.921
0.912
0.963
0.945
0.975
0.934
0.966
0.934
0.953
0.952
0.864
0.926
0.905
0.966
0.956
0.919
0.857
0.925
0.978
0.947
0.970
0.935
0.967
0.973
0.973
0.896
0.976
0.981
0.867
0.892
0.886
0.874
0.972
0.975
0.969
0.961
0.978
0.970
0.970
0.972
0.971
0.967
0.901
0.961
0.944
0.914
0.920
0.977
0.962
0.973
0.883
0.812
0.911
0.912
0.920
0.960
0.865
0.847
0.967
0.938
0.969
0.926
0.856
0.854
0.880
0.923
0.943
0.950
0.951
0.945
0.957
0.966
0.969
0.964
0.937
0.849
0.920
0.861
0.656
0.669
0.719
0.747
0.733
0.790
0.962
0.953
0.925
0.909
0.863
0.847
0.857
0.825
0.883
0.945
0.870
0.886
0.910
0.902
0.892
0.884
0.851
0.860
0.876
0.961
0.920
0.980
0.866
0.808
0.793
0.781
0.701
0.657
0.779
0.785
0.843
0.897
0.869
0.894
0.940
0.934
0.856
0.870
0.957
0.818
0.706
0.662
0.723
0.758
0.915
0.809
0.754
0.761
0.704
0.706
0.700
0.649
0.680
0.654
0.570
0.592
0.693
0.593
0.633
0.797
0.721
0.760
0.823
0.803
0.748
0.652
0.747
0.698
0.737
0.720
0.624
0.586
0.618
0.742
0.882
0.773
0.738
0.763
0.724
0.645
0.671
0.680
0.907
0.790
0.762
0.691
0.756
0.860
0.789
0.746
0.781
0.690
0.919
0.814
0.676
0.680
0.707
0.633
0.782
0.676
0.522
0.449
0.564
0.688
0.897
0.648
0.476
0.451
0.479
0.558
0.637
0.515
0.566
0.557
0.485
0.457
0.487
0.625
0.713
0.893
0.968
0.945
0.726
0.565
0.701
0.664
0.620
0.589
0.688
0.708
0.535
0.561
0.634
0.619
0.630
0.973
0.736
0.600
0.605
0.536
0.866
0.720
0.633
0.657
0.821
0.645
0.559
0.516
0.560
0.691
0.973
0.821
0.607
0.508
0.657
0.662
0.660
0.856
0.649
0.881
0.811
0.896
0.898
0.918
0.911
0.921
0.873
0.786
0.873
0.709
0.956
0.919
0.913
0.831
0.818
0.667
0.845
0.942
0.956
0.956
0.657
0.632
0.695
0.778
0.632
0.791
0.677
0.859
0.960
0.915
0.871
0.884
0.923
0.801
0.736
0.772
0.625
0.867
0.957
0.943
0.965
0.929
0.958
0.970
0.954
0.970
0.964
0.890
0.971
0.861
0.756
0.797
0.849
0.931
0.901
0.959
0.953
0.962
0.811
0.977
0.963
0.948
0.844
0.914
0.971
0.955
0.879
0.954
0.976
0.972
0.783
0.841
0.887
0.857
0.830
0.966
0.981
0.972
0.944
0.970
0.980
0.935
0.829
0.937
0.976
0.944
0.980
0.979
0.951
0.911
0.922
0.920
0.935
0.893
0.972
0.969
0.921
0.952
0.858
0.793
0.813
0.924
0.962
0.982
0.982
0.965
0.942
0.914
0.955
0.887
0.940
0.927
0.964
0.941
0.947
0.887
0.916
0.947
0.973
0.951
0.880
0.809
0.950
0.876
0.958
0.954
0.891
0.919
0.903
0.962
0.958
0.918
0.959
0.881
0.877
0.935
0.971
0.953
0.885
0.922
0.951
0.961
0.949
0.919
0.904
0.952
0.971
0.968
0.981
0.922
0.913
0.980
0.965
0.979
0.979
0.958
0.955
0.970
0.955
0.919
0.945
0.926
0.956
0.898
0.970
0.964
0.913
0.961
0.911
0.888
0.930
0.943
0.972
0.955
0.976
0.955
0.948
0.933
0.959
0.965
0.960
0.950
0.936
0.972
0.921
0.961
0.964
0.962
0.974
0.845
0.921
0.905
0.971
0.942
0.922
0.916
0.947
0.958
0.941
0.937
0.873
0.960
0.966
0.932
0.939
0.900
0.849
0.934
0.928
0.925
0.899
0.937
0.970
0.967
0.865
0.909
0.903
0.841
0.897
0.950
0.969
0.883
0.927
0.946
0.888
0.923
0.979
0.957
0.952
0.977
0.810
0.749
0.758
0.767
0.732
0.781
0.858
0.900
0.931
0.900
0.738
0.740
0.785
0.959
0.913
0.940
0.886
0.973
0.897
0.838
0.942
0.897
0.971
0.921
0.855
0.784
0.792
0.790
0.835
0.810
0.886
0.905
0.875
0.875
0.860
0.834
0.910
0.774
0.780
0.893
0.874
0.857
0.814
0.714
0.599
0.556
0.647
0.644
0.696
0.737
0.834
0.893
0.922
0.774
0.912
0.790
0.704
0.744
0.750
0.683
0.813
0.952
0.793
0.650
0.536
0.664
0.642
0.729
0.810
0.584
0.585
0.539
0.521
0.508
0.607
0.614
0.757
0.672
0.657
0.828
0.763
0.648
0.604
0.794
0.885
0.808
0.706
0.617
0.671
0.647
0.637
0.630
0.811
0.752
0.682
0.566
0.493
0.439
0.514
0.766
0.696
0.572
0.582
0.513
0.616
0.651
0.880
0.777
0.752
0.806
0.837
0.860
0.883
0.932
0.764
0.690
0.677
0.893
0.907
0.797
0.628
0.578
0.797
0.771
0.750
0.704
0.803
0.894
0.893
0.717
0.587
0.754
0.756
0.813
0.939
0.830
0.940
0.978
0.790
0.631
0.939
0.854
0.939
0.927
0.809
0.856
0.843
0.848
0.924
0.724
0.683
0.808
0.703
0.915
0.919
0.917
0.931
0.937
0.872
0.948
0.812
0.860
0.883
0.853
0.657
0.693
0.863
0.951
0.905
0.756
0.763
0.833
0.878
0.953
0.975
0.873
0.904
0.878
0.954
0.977
0.912
0.942
0.952
0.956
0.889
0.953
0.837
0.848
0.912
0.842
0.916
0.958
0.930
0.943
0.912
0.953
0.912
0.949
0.910
0.939
0.880
0.915
0.959
0.947
0.971
0.943
0.964
0.919
0.961
0.875
0.736
0.766
0.662
0.672
0.696
0.896
0.958
0.902
0.725
0.875
0.934
0.872
0.953
0.833
0.828
0.881
0.907
0.979
0.888
0.963
0.930
0.958
0.886
0.972
0.970
0.925
0.926
0.869
0.884
0.913
0.949
0.931
0.925
0.887
0.928
0.936
0.954
0.971
0.957
0.884
0.863
0.960
0.945
0.948
0.849
0.941
0.893
0.926
0.975
0.955
0.955
0.889
0.925
0.932
0.936
0.917
0.961
0.935
0.884
0.933
0.899
0.963
0.851
0.924
0.912
0.948
0.943
0.901
0.875
0.890
0.893
0.967
0.912
0.910
0.944
0.933
0.961
0.937
0.944
0.962
0.951
0.948
0.880
0.822
0.950
0.951
0.935
0.921
0.965
0.946
0.947
0.979
0.905
0.790
0.882
0.950
0.946
0.856
0.740
0.687
0.655
0.633
0.629
0.643
0.786
0.899
0.904
0.840
0.866
0.934
0.935
0.906
0.879
0.913
0.827
0.811
0.887
0.910
0.942
0.916
0.952
0.969
0.906
0.755
0.804
0.913
0.904
0.801
0.911
0.923
0.958
0.627
0.601
0.608
0.611
0.627
0.680
0.616
0.750
0.895
0.961
0.847
0.783
0.750
0.730
0.747
0.895
0.972
0.941
0.890
0.760
0.800
0.935
0.713
0.824
0.823
0.847
0.967
0.822
0.724
0.733
0.689
0.664
0.657
0.589
0.724
0.694
0.685
0.685
0.695
0.794
0.795
0.770
0.825
0.753
0.691
0.704
0.774
0.653
0.584
0.633
0.595
0.597
0.557
0.567
0.527
0.577
0.653
0.773
0.741
0.786
0.803
0.723
0.819
0.699
0.686
0.933
0.785
0.747
0.736
0.768
0.749
0.657
0.614
0.578
0.646
0.644
0.709
0.783
0.662
0.525
0.496
0.599
0.628
0.661
0.603
0.579
0.444
0.454
0.460
0.505
0.519
0.456
0.465
0.451
0.435
0.437
0.426
0.412
0.442
0.418
0.581
0.477
0.381
0.416
0.392
0.440
0.449
0.488
0.498
0.538
0.766
0.683
0.776
0.849
0.856
0.868
0.615
0.789
0.845
0.576
0.457
0.398
0.371
0.416
0.480
0.460
0.447
0.580
0.909
0.596
0.535
0.585
0.592
0.543
0.626
0.641
0.543
0.551
0.673
0.546
0.467
0.459
0.508
0.518
0.454
0.456
0.789
0.639
0.524
0.615
0.713
0.743
0.698
0.734
0.690
0.491
0.588
0.632
0.728
0.905
0.702
0.964
0.799
0.700
0.544
0.568
0.971
0.907
0.902
0.937
0.727
0.819
0.815
0.927
0.941
0.922
0.548
0.513
0.566
0.716
0.816
0.902
0.873
0.869
0.977
0.867
0.730
0.675
0.887
0.956
0.956
0.898
0.879
0.804
0.954
0.853
0.923
0.737
0.877
0.982
0.931
0.854
0.910
0.979
0.964
0.956
0.923
0.965
0.973
0.782
0.799
0.633
0.806
0.969
0.929
0.782
0.876
0.628
0.857
0.891
0.713
0.660
0.884
0.961
0.964
0.953
0.914
0.855
0.943
0.897
0.897
0.932
0.960
0.953
0.936
0.785
0.748
0.933
0.824
0.837
0.957
0.951
0.961
0.968
0.961
0.928
0.906
0.757
0.947
0.900
0.927
0.944
0.958
0.947
0.891
0.780
0.851
0.970
0.958
0.807
0.939
0.947
0.971
0.935
0.975
0.958
0.972
0.962
0.956
0.830
0.924
0.893
0.961
0.947
0.971
0.925
0.923
0.978
0.980
0.959
0.971
0.911
0.808
0.929
0.952
0.951
0.918
0.869
0.910
0.862
0.924
0.941
0.978
0.937
0.923
0.886
0.967
0.956
0.975
0.869
0.961
0.895
0.944
0.875
0.852
0.967
0.893
0.928
0.970
0.969
0.923
0.863
0.876
0.965
0.930
0.858
0.940
0.962
0.974
0.909
0.963
0.963
0.953
0.943
0.956
0.912
0.927
0.899
0.922
0.947
0.978
0.917
0.900
0.950
0.980
0.872
0.914
0.891
0.968
0.965
0.941
0.958
0.955
0.962
0.911
0.764
0.934
0.955
0.927
0.946
0.954
0.928
0.927
0.938
0.954
0.946
0.951
0.950
0.825
0.732
0.763
0.689
0.758
0.814
0.839
0.974
0.759
0.834
0.947
0.879
0.768
0.750
0.707
0.677
0.767
0.863
0.953
0.942
0.940
0.877
0.847
0.866
0.856
0.732
0.719
0.748
0.716
0.720
0.688
0.877
0.951
0.925
0.887
0.730
0.817
0.804
0.907
0.944
0.863
0.737
0.752
0.852
0.752
0.866
0.937
0.828
0.812
0.719
0.743
0.861
0.788
0.906
0.828
0.703
0.714
0.742
0.823
0.848
0.981
0.919
0.820
0.710
0.774
0.709
0.805
0.770
0.726
0.714
0.782
0.765
0.790
0.818
0.754
0.899
0.845
0.809
0.695
0.644
0.674
0.787
0.642
0.681
0.651
0.587
0.720
0.663
0.727
0.859
0.931
0.907
0.892
0.780
0.737
0.663
0.644
0.728
0.662
0.641
0.554
0.552
0.560
0.631
0.711
0.649
0.674
0.679
0.639
0.669
0.707
0.589
0.543
0.556
0.542
0.586
0.578
0.638
0.805
0.652
0.599
0.613
0.456
0.504
0.610
0.597
0.701
0.667
0.796
0.805
0.941
0.891
0.697
0.749
0.828
0.789
0.727
0.891
0.917
0.961
0.786
0.721
0.796
0.783
0.950
0.731
0.674
0.722
0.836
0.833
0.938
0.876
0.880
0.898
0.956
0.935
0.960
0.958
0.957
0.931
0.799
0.737
0.949
0.962
0.957
0.883
0.946
0.967
0.910
0.963
0.907
0.866
0.834
0.867
0.939
0.889
0.848
0.878
0.937
0.876
0.951
0.933
0.753
0.705
0.828
0.947
0.851
0.937
0.939
0.827
0.736
0.733
0.925
0.959
0.885
0.859
0.957
0.926
0.935
0.951
0.937
0.973
0.905
0.969
0.964
0.781
0.693
0.804
0.899
0.897
0.851
0.930
0.964
0.902
0.927
0.947
0.953
0.964
0.974
0.975
0.973
0.960
0.864
0.876
0.971
0.971
0.892
0.812
0.963
0.942
0.980
0.913
0.872
0.905
0.757
0.721
0.789
0.911
0.934
0.884
0.961
0.952
0.962
0.971
0.954
0.973
0.924
0.924
0.894
0.944
0.881
0.795
0.782
0.788
0.927
0.956
0.984
0.947
0.950
0.951
0.884
0.893
0.951
0.822
0.879
0.932
0.960
0.872
0.948
0.930
0.939
0.881
0.899
0.941
0.970
0.978
0.959
0.981
0.968
0.975
0.914
0.851
0.864
0.936
0.957
0.953
0.863
0.884
0.943
0.937
0.974
0.982
0.948
0.870
0.875
0.916
0.937
0.942
0.786
0.919
0.972
0.945
0.902
0.965
0.953
0.926
0.961
0.963
0.970
0.934
0.975
0.932
0.879
0.966
0.853
0.809
0.910
0.971
0.983
0.933
0.895
0.901
0.965
0.939
0.874
0.885
0.872
0.976
0.868
0.940
0.907
0.780
0.871
0.878
0.911
0.965
0.969
0.913
0.893
0.853
0.903
0.947
0.969
0.934
0.965
0.869
0.957
0.924
0.902
0.963
0.976
0.903
0.928
0.900
0.846
0.885
0.907
0.936
0.932
0.809
0.937
0.869
0.956
0.933
0.814
0.726
0.726
0.727
0.824
0.712
0.758
0.681
0.644
0.619
0.804
0.915
0.908
0.957
0.948
0.944
0.877
0.929
0.944
0.971
0.960
0.947
0.933
0.883
0.942
0.962
0.916
0.913
0.866
0.863
0.943
0.857
0.851
0.789
0.845
0.911
0.959
0.978
0.781
0.761
0.796
0.757
0.817
0.714
0.733
0.754
0.777
0.833
0.885
0.923
0.821
0.895
0.925
0.850
0.955
0.903
0.893
0.837
0.840
0.883
0.880
0.821
0.759
0.677
0.734
0.637
0.674
0.936
0.881
0.760
0.764
0.655
0.662
0.696
0.690
0.606
0.753
0.718
0.515
0.593
0.659
0.668
0.572
0.627
0.675
0.855
0.775
0.677
0.731
0.724
0.626
0.599
0.539
0.682
0.590
0.641
0.583
0.563
0.599
0.510
0.463
0.506
0.489
0.657
0.919
0.748
0.726
0.837
0.852
0.812
0.873
0.696
0.647
0.835
0.736
0.693
0.660
0.635
0.513
0.475
0.485
0.504
0.490
0.452
0.608
0.818
0.647
0.587
0.671
0.599
0.687
0.819
0.615
0.546
0.542
0.618
0.622
0.622
0.503
0.564
0.645
0.687
0.584
0.600
0.690
0.778
0.696
0.784
0.942
0.818
0.605
0.678
0.774
0.687
0.800
0.686
0.820
0.940
0.942
0.951
0.932
0.918
0.918
0.908
0.761
0.604
0.771
0.835
0.920
0.935
0.936
0.904
0.810
0.912
0.824
0.777
0.938
0.930
0.780
0.875
0.938
0.907
0.761
0.682
0.743
0.649
0.860
0.897
0.965
0.950
0.960
0.770
0.770
0.761
0.913
0.890
0.845
0.898
0.972
0.967
0.933
0.925
0.919
0.919
0.943
0.919
0.893
0.949
0.958
0.958
0.941
0.702
0.880
0.936
0.915
0.911
0.885
0.952
0.980
0.967
0.971
0.944
0.946
0.930
0.895
0.924
0.936
0.924
0.953
0.934
0.969
0.931
0.975
0.975
0.962
0.948
0.902
0.847
0.945
0.899
0.977
0.965
0.965
0.970
0.865
0.938
0.972
0.968
0.920
0.970
0.978
0.961
0.979
0.937
0.967
0.982
0.756
0.915
0.965
0.908
0.964
0.951
0.937
0.947
0.954
0.982
0.954
0.887
0.741
0.779
0.915
0.964
0.811
0.864
0.879
0.956
0.944
0.962
0.969
0.958
0.940
0.947
0.958
0.931
0.922
0.959
0.858
0.975
0.929
0.949
0.974
0.948
0.907
0.912
0.941
0.937
0.961
0.946
0.888
0.955
0.963
0.966
0.957
0.950
0.960
0.886
0.879
0.904
0.951
0.955
0.961
0.973
0.896
0.880
0.935
0.935
0.877
0.957
0.981
0.984
0.979
0.892
0.942
0.972
0.969
0.965
0.844
0.964
0.960
0.950
0.980
0.982
0.870
0.860
0.978
0.937
0.977
0.905
0.950
0.948
0.896
0.955
0.945
0.940
0.902
0.928
0.961
0.932
0.948
0.874
0.770
0.713
0.635
0.684
0.670
0.627
0.627
0.645
0.621
0.691
0.736
0.728
0.715
0.867
0.891
0.945
0.880
0.857
0.811
0.925
0.887
0.740
0.729
0.687
0.825
0.931
0.953
0.890
0.959
0.959
0.950
0.964
0.953
0.843
0.854
0.788
0.731
0.789
0.931
0.926
0.824
0.837
0.908
0.974
0.942
0.974
0.900
0.848
0.793
0.796
0.859
0.944
0.980
0.899
0.851
0.712
0.812
0.741
0.754
0.698
0.659
0.827
0.887
0.950
0.875
0.861
0.822
0.772
0.759
0.834
0.917
0.959
0.888
0.818
0.892
0.933
0.845
0.965
0.924
0.910
0.898
0.913
0.868
0.833
0.761
0.673
0.688
0.743
0.892
0.823
0.677
0.707
0.711
0.646
0.747
0.752
0.706
0.658
0.844
0.893
0.616
0.624
0.720
0.763
0.649
0.628
0.625
0.677
0.920
0.742
0.773
0.767
0.731
0.661
0.748
0.697
0.933
0.717
0.658
0.688
0.914
0.608
0.584
0.608
0.660
0.597
0.641
0.684
0.819
0.879
0.968
0.943
0.832
0.743
0.501
0.573
0.538
0.545
0.585
0.571
0.593
0.578
0.603
0.621
0.779
0.767
0.852
0.864
0.731
0.866
0.791
0.859
0.926
0.799
0.668
0.849
0.797
0.673
0.582
0.576
0.899
0.869
0.617
0.585
0.558
0.562
0.618
0.650
0.636
0.904
0.729
0.771
0.904
0.909
0.673
0.840
0.806
0.900
0.885
0.945
0.960
0.972
0.943
0.934
0.904
0.680
0.587
0.622
0.844
0.882
0.861
0.869
0.976
0.842
0.922
0.965
0.863
0.849
0.970
0.955
0.971
0.981
0.868
0.744
0.637
0.630
0.686
0.901
0.892
0.889
0.953
0.977
0.877
0.877
0.939
0.960
0.903
0.936
0.958
0.907
0.975
0.807
0.859
0.916
0.943
0.911
0.844
0.823
0.960
0.978
0.914
0.914
0.958
0.782
0.799
0.840
0.961
0.949
0.979
0.785
0.899
0.817
0.913
0.946
0.867
0.942
0.906
0.955
0.969
0.869
0.968
0.955
0.957
0.926
0.878
0.921
0.877
0.775
0.861
0.882
0.946
0.911
0.942
0.940
0.955
0.957
0.953
0.968
0.962
0.906
0.981
0.928
0.950
0.923
0.964
0.976
0.963
0.977
0.965
0.870
0.847
0.844
0.904
0.914
0.962
0.962
0.969
0.943
0.904
0.967
0.967
0.960
0.957
0.956
0.943
0.935
0.961
0.973
0.931
0.975
0.972
0.965
0.958
0.934
0.957
0.974
0.919
0.825
0.960
0.968
0.964
0.952
0.974
0.952
0.965
0.899
0.961
0.930
0.888
0.917
0.965
0.961
0.981
0.964
0.947
0.895
0.954
0.935
0.811
0.769
0.954
0.896
0.963
0.836
0.966
0.963
0.977
0.922
0.953
0.958
0.921
0.981
0.808
0.897
0.920
0.968
0.949
0.955
0.964
0.967
0.970
0.929
0.884
0.970
0.882
0.835
0.912
0.842
0.925
0.919
0.877
0.868
0.877
0.924
0.822
0.791
0.856
0.912
0.853
0.957
0.939
0.952
0.964
0.943
0.928
0.910
0.844
0.964
0.972
0.847
0.891
0.825
0.884
0.953
0.892
0.882
0.954
0.942
0.952
0.859
0.872
0.971
0.937
0.916
0.910
0.971
0.972
0.972
0.965
0.956
0.904
0.954
0.961
0.967
0.863
0.918
0.845
0.807
0.777
0.763
0.881
0.925
0.884
0.955
0.924
0.878
0.914
0.784
0.729
0.904
0.974
0.917
0.836
0.911
0.934
0.950
0.860
0.748
0.729
0.701
0.749
0.746
0.680
0.859
0.870
0.957
0.833
0.830
0.932
0.874
0.768
0.771
0.800
0.786
0.809
0.913
0.874
0.881
0.853
0.803
0.717
0.758
0.785
0.721
0.677
0.609
0.636
0.799
0.880
0.978
0.814
0.713
0.720
0.753
0.871
0.954
0.784
0.819
0.880
0.762
0.638
0.708
