19790101
0.944
0.884
0.869
0.970
0.929
0.824
0.906
0.929
0.884
0.890
0.820
0.779
0.777
0.874
0.854
0.890
0.852
0.845
0.900
0.965
0.915
0.957
0.860
0.902
0.864
0.840
0.892
0.905
0.874
0.895
0.966
0.875
0.939
0.969
0.971
0.900
0.918
0.866
0.885
0.874
0.867
0.854
0.892
0.907
0.963
0.862
0.950
0.910
0.886
0.924
0.867
0.842
0.955
0.839
0.846
0.935
0.937
0.978
0.829
0.919
0.893
0.975
0.958
0.984
0.981
0.921
0.933
0.964
0.905
0.907
0.883
0.835
0.861
0.943
0.922
0.900
0.969
0.955
0.974
0.925
0.835
0.925
0.956
0.970
0.933
0.955
0.914
0.950
0.952
0.950
0.964
0.922
0.950
0.960
0.922
0.961
0.802
0.772
0.742
0.799
0.720
0.842
0.952
0.962
0.935
0.967
0.943
0.934
0.957
0.905
0.945
0.971
0.943
0.860
0.824
0.796
0.746
0.769
0.837
0.894
0.955
0.905
0.914
0.915
0.931
0.911
0.907
0.906
0.953
0.951
0.874
0.913
0.891
0.927
0.932
0.877
0.905
0.779
0.945
0.959
0.912
0.872
0.890
0.923
0.783
0.845
0.934
0.831
0.882
0.937
0.747
0.685
0.736
0.785
0.743
0.665
0.747
0.761
0.687
0.828
0.793
0.772
0.743
0.692
0.860
0.738
0.743
0.735
0.697
0.647
0.631
0.624
0.644
0.646
0.741
0.725
0.697
0.673
0.712
0.718
0.656
0.655
0.641
0.818
0.640
0.604
0.802
0.752
0.682
0.578
0.661
0.648
0.521
0.675
0.650
0.614
0.771
0.725
0.606
0.601
0.848
0.653
0.696
0.719
0.708
0.681
0.617
0.598
0.742
0.596
0.470
0.481
0.597
0.484
0.470
0.540
0.598
0.603
0.612
0.588
0.644
0.519
0.554
0.517
0.591
0.614
0.615
0.569
0.670
0.589
0.649
0.583
0.655
0.644
0.592
0.535
0.528
0.527
0.475
0.533
0.518
0.510
0.500
0.447
0.816
0.628
0.691
0.532
0.461
0.482
0.663
0.549
0.564
0.662
0.652
0.661
0.595
0.597
0.567
0.615
0.748
0.538
0.480
0.421
0.472
0.450
0.429
0.532
0.565
0.612
0.620
0.411
0.404
0.386
0.377
0.466
0.591
0.541
0.551
0.804
0.724
0.702
0.601
0.641
0.681
0.487
0.519
0.745
0.649
0.472
0.486
0.465
0.466
0.335
0.351
0.464
0.555
0.621
0.677
0.742
0.663
0.779
0.701
0.557
0.633
0.735
0.868
0.782
0.848
0.710
0.897
0.921
0.900
0.708
0.514
0.563
0.542
0.874
0.975
0.772
0.854
0.642
0.787
0.885
0.904
0.919
0.830
0.963
0.901
0.808
0.656
0.577
0.626
0.607
0.587
0.593
0.687
0.753
0.660
0.825
0.735
0.697
0.625
0.579
0.865
0.689
0.654
0.939
0.950
0.973
0.791
0.823
0.879
0.942
0.934
0.867
0.841
0.945
0.838
0.772
0.825
0.963
0.928
0.813
0.936
0.979
0.952
0.843
0.807
0.719
0.882
0.883
0.895
0.854
0.927
0.773
0.743
0.879
0.926
0.894
0.877
0.911
0.882
0.778
0.759
0.941
0.952
0.913
0.886
0.888
0.828
0.858
0.873
0.851
0.940
0.944
0.883
0.879
0.972
0.927
0.762
0.922
0.840
0.967
0.803
0.770
0.903
0.754
0.739
0.846
0.699
0.773
0.976
0.941
0.884
0.782
0.813
0.793
0.789
0.764
0.867
0.791
0.759
0.557
0.607
0.550
0.725
0.844
0.869
0.779
0.815
0.804
0.955
0.857
0.758
0.890
0.858
0.926
0.899
0.934
0.900
0.918
0.925
0.933
0.973
0.906
0.939
0.954
0.945
0.966
0.906
0.953
0.870
0.888
0.964
0.935
0.856
0.850
0.898
0.952
0.962
0.896
0.931
0.955
0.905
0.856
0.929
0.885
0.884
0.775
0.834
0.979
0.909
0.867
0.853
0.844
0.757
0.796
0.697
0.824
0.914
0.924
0.930
0.920
0.885
0.927
0.952
0.947
0.831
0.743
0.786
0.730
0.826
0.885
0.845
0.815
0.911
0.893
0.836
0.935
0.879
0.903
0.894
0.933
0.911
0.927
0.938
0.906
0.959
0.803
0.751
0.722
0.654
0.734
0.771
0.778
0.919
0.939
0.945
0.911
0.927
0.792
0.765
0.800
0.774
0.772
0.653
0.605
0.656
0.669
0.842
0.804
0.779
0.724
0.719
0.635
0.736
0.700
0.692
0.614
0.657
0.853
0.875
0.916
0.780
0.803
0.685
0.638
0.667
0.665
0.652
0.609
0.639
0.649
0.571
0.688
0.635
0.703
0.655
0.574
0.588
0.784
0.705
0.582
0.602
0.573
0.625
0.687
0.602
0.540
0.556
0.509
0.492
0.667
0.558
0.616
0.677
0.855
0.604
0.592
0.479
0.516
0.485
0.702
0.586
0.621
0.626
0.597
0.581
0.534
0.676
0.438
0.518
0.429
0.432
0.474
0.528
0.540
0.442
0.454
0.606
0.727
0.645
0.520
0.564
0.440
0.460
0.388
0.476
0.509
0.443
0.442
0.478
0.425
0.438
0.374
0.469
0.525
0.732
0.529
0.479
0.410
0.395
0.466
0.562
0.442
0.385
0.431
0.493
0.508
0.887
0.552
0.604
0.502
0.540
0.541
0.499
0.504
0.522
0.529
0.587
0.591
0.851
0.912
0.599
0.555
0.615
0.620
0.635
0.592
0.532
0.760
0.704
0.640
0.852
0.855
0.713
0.823
0.936
0.712
0.746
0.935
0.826
0.686
0.661
0.742
0.664
0.632
0.769
0.784
0.645
0.583
0.625
0.550
0.589
0.551
0.559
0.706
0.841
0.893
0.958
0.776
0.543
0.674
0.560
0.811
0.855
0.957
0.763
0.900
0.835
0.864
0.846
0.892
0.962
0.897
0.930
0.884
0.951
0.825
0.833
0.953
0.960
0.736
0.877
0.799
0.656
0.806
0.820
0.922
0.676
0.584
0.761
0.683
0.879
0.935
0.796
0.897
0.653
0.621
0.821
0.861
0.696
0.953
0.909
0.931
0.813
0.904
0.933
0.811
0.781
0.877
0.880
0.965
0.858
0.962
0.927
0.937
0.977
0.876
0.749
0.742
0.841
0.930
0.936
0.940
0.905
0.912
0.968
0.881
0.968
0.832
0.691
0.760
0.731
0.822
0.902
0.838
0.811
0.977
0.979
0.896
0.840
0.931
0.977
0.946
0.870
0.885
0.959
0.955
0.942
0.925
0.944
0.914
0.911
0.967
0.922
0.956
0.928
0.974
0.916
0.970
0.944
0.969
0.929
0.975
0.966
0.944
0.948
0.938
0.936
0.946
0.822
0.940
0.904
0.970
0.876
0.915
0.962
0.953
0.889
0.919
0.870
0.802
0.776
0.835
0.949
0.940
0.924
0.915
0.953
0.980
0.767
0.789
0.936
0.902
0.873
0.849
0.922
0.914
0.926
0.934
0.914
0.971
0.979
0.946
0.932
0.959
0.976
0.974
0.963
0.957
0.935
0.902
0.905
0.955
0.930
0.945
0.923
0.807
0.706
0.873
0.831
0.860
0.850
0.899
0.906
0.890
0.911
0.951
0.889
0.813
0.748
0.781
0.879
0.951
0.961
0.902
0.948
0.877
0.899
0.919
0.888
0.936
0.884
0.895
0.943
0.880
0.815
0.921
0.946
0.836
0.760
0.720
0.781
0.804
0.843
0.846
0.913
0.760
0.688
0.691
0.729
0.821
0.895
0.944
0.884
0.864
0.927
0.829
0.770
0.721
0.801
0.903
0.916
0.840
0.782
0.843
0.894
0.818
0.741
0.763
0.680
0.760
0.802
0.787
0.705
0.657
0.746
0.747
0.669
0.610
0.670
0.865
0.755
0.643
0.619
0.598
0.523
0.550
0.618
0.636
0.637
0.721
0.694
0.636
0.612
0.589
0.705
0.586
0.444
0.421
0.518
0.612
0.502
0.434
0.484
0.515
0.513
0.611
0.484
0.477
0.561
0.498
0.500
0.485
0.573
0.756
0.772
0.816
0.690
0.838
0.580
0.622
0.484
0.532
0.506
0.464
0.643
0.455
0.410
0.403
0.375
0.556
0.437
0.430
0.427
0.471
0.458
0.802
0.791
0.626
0.525
0.480
0.411
0.373
0.462
0.494
0.541
0.466
0.439
0.384
0.460
0.507
0.442
0.480
0.597
0.640
0.575
0.402
0.401
0.440
0.528
0.515
0.625
0.836
0.584
0.540
0.460
0.422
0.415
0.502
0.509
0.431
0.376
0.517
0.452
0.593
0.463
0.688
0.636
0.783
0.693
0.615
0.562
0.515
0.562
0.860
0.814
0.793
0.978
0.700
0.537
0.542
0.619
0.649
0.654
0.573
0.632
0.576
0.494
0.539
0.596
0.523
0.470
0.432
0.409
0.534
0.620
0.559
0.715
0.624
0.560
0.543
0.668
0.867
0.886
0.974
0.948
0.909
0.913
0.853
0.798
0.791
0.975
0.837
0.717
0.902
0.930
0.895
0.972
0.940
0.734
0.884
0.863
0.957
0.768
0.981
0.817
0.914
0.914
0.950
0.973
0.843
0.724
0.961
0.905
0.964
0.853
0.849
0.913
0.968
0.899
0.920
0.916
0.894
0.938
0.885
0.975
0.918
0.971
0.892
0.917
0.909
0.942
0.861
0.956
0.963
0.964
0.972
0.963
0.812
0.884
0.896
0.807
0.886
0.911
0.914
0.931
0.952
0.941
0.965
0.977
0.931
0.934
0.912
0.912
0.970
0.981
0.982
0.900
0.910
0.863
0.940
0.926
0.939
0.960
0.875
0.902
0.936
0.873
0.886
0.960
0.974
0.923
0.922
0.889
0.931
0.958
0.947
0.965
0.962
0.861
0.905
0.966
0.943
0.943
0.815
0.961
0.971
0.924
0.951
0.965
0.970
0.979
0.840
0.906
0.958
0.967
0.957
0.897
0.914
0.930
0.877
0.856
0.967
0.852
0.976
0.890
0.965
0.971
0.971
0.902
0.868
0.936
0.866
0.849
0.923
0.967
0.935
0.866
0.969
0.977
0.821
0.801
0.898
0.892
0.911
0.945
0.965
0.973
0.955
0.981
0.893
0.964
0.974
0.963
0.858
0.896
0.908
0.935
0.964
0.970
0.926
0.854
0.909
0.968
0.969
0.966
0.949
0.867
0.945
0.790
0.717
0.812
0.941
0.797
0.825
0.724
0.693
0.697
0.688
0.720
0.931
0.927
0.933
0.910
0.923
0.886
0.896
0.960
0.956
0.920
0.915
0.946
0.897
0.945
0.974
0.938
0.943
0.912
0.739
0.698
0.704
0.714
0.743
0.714
0.729
0.793
0.792
0.857
0.843
0.723
0.720
0.724
0.843
0.912
0.864
0.956
0.805
0.888
0.889
0.925
0.836
0.782
0.736
0.766
0.934
0.899
0.886
0.778
0.811
0.773
0.776
0.781
0.824
0.793
0.756
0.762
0.694
0.676
0.678
0.680
0.874
0.930
0.829
0.850
0.799
0.858
0.954
0.961
0.923
0.815
0.720
0.652
0.606
0.630
0.569
0.704
0.791
0.736
0.820
0.756
0.691
0.706
0.739
0.913
0.723
0.690
0.714
0.756
0.778
0.760
0.626
0.611
0.655
0.883
0.860
0.744
0.668
0.694
0.688
0.676
0.893
0.707
0.879
0.702
0.589
0.650
0.659
0.650
0.686
0.631
0.662
0.591
0.591
0.627
0.774
0.593
0.631
0.557
0.460
0.471
0.702
0.668
0.589
0.481
0.528
0.500
0.515
0.576
0.584
0.561
0.636
0.583
0.592
0.584
0.830
0.797
0.932
0.739
0.853
0.849
0.916
0.877
0.745
0.731
0.897
0.678
0.619
0.553
0.572
0.837
0.778
0.645
0.560
0.640
0.736
0.764
0.633
0.637
0.695
0.730
0.833
0.594
0.561
0.591
0.776
0.724
0.799
0.819
0.696
0.815
0.594
0.708
0.678
0.754
0.593
0.560
0.465
0.588
0.542
0.589
0.841
0.778
0.758
0.893
0.805
0.942
0.826
0.620
0.798
0.873
0.889
0.743
0.780
0.789
0.751
0.829
0.588
0.829
0.817
0.657
0.587
0.600
0.553
0.531
0.559
0.599
0.914
0.821
0.713
0.967
0.965
0.966
0.875
0.925
0.976
0.790
0.620
0.699
0.809
0.896
0.775
0.763
0.951
0.924
0.822
0.904
0.958
0.809
0.845
0.755
0.879
0.807
0.664
0.684
0.723
0.913
0.936
0.820
0.912
0.878
0.926
0.949
0.887
0.918
0.925
0.874
0.897
0.722
0.889
0.826
0.892
0.928
0.913
0.913
0.929
0.839
0.761
0.820
0.954
0.833
0.860
0.937
0.932
0.756
0.932
0.774
0.735
0.605
0.532
0.822
0.767
0.785
0.814
0.889
0.867
0.912
0.943
0.933
0.889
0.933
0.664
0.866
0.793
0.839
0.885
0.919
0.919
0.898
0.922
0.944
0.958
0.912
0.828
0.817
0.881
0.850
0.850
0.686
0.653
0.677
0.737
0.644
0.683
0.653
0.802
0.979
0.958
0.828
0.801
0.777
0.861
0.952
0.803
0.824
0.859
0.912
0.861
0.619
0.555
0.595
0.594
0.649
0.715
0.671
0.814
0.720
0.908
0.843
0.944
0.964
0.879
0.945
0.955
0.954
0.938
0.914
0.948
0.949
0.878
0.821
0.868
0.901
0.869
0.884
0.892
0.850
0.921
0.935
0.914
0.961
0.977
0.862
0.912
0.946
0.954
0.951
0.912
0.956
0.929
0.934
0.880
0.874
0.837
0.770
0.789
0.759
0.907
0.893
0.881
0.929
0.863
0.861
0.885
0.857
0.914
0.930
0.886
0.953
0.968
0.924
0.816
0.946
0.920
0.763
0.848
0.754
0.819
0.930
0.939
0.886
0.851
0.806
0.749
0.744
0.718
0.731
0.756
0.739
0.902
0.757
0.671
0.766
0.725
0.645
0.721
0.735
0.669
0.654
0.637
0.710
0.685
0.754
0.836
0.714
0.601
0.634
0.678
0.677
0.635
0.624
0.653
0.715
0.778
0.638
0.544
0.599
0.711
0.647
0.723
0.756
0.581
0.606
0.642
0.530
0.683
0.795
0.615
0.549
0.636
0.614
0.526
0.626
0.673
0.604
0.641
0.665
0.601
0.462
0.420
0.510
0.450
0.457
0.422
0.400
0.419
0.399
0.522
0.427
0.563
0.506
0.492
0.519
0.642
0.558
0.493
0.549
0.387
0.323
0.296
0.308
0.455
0.519
0.421
0.466
0.499
0.604
0.580
0.594
0.546
0.504
0.565
0.615
0.795
0.644
0.631
0.498
0.442
0.598
0.686
0.613
0.469
0.490
0.504
0.437
0.428
0.424
0.461
0.494
0.508
0.471
0.760
0.513
0.443
0.577
0.510
0.530
0.469
0.458
0.457
0.497
0.425
0.492
0.719
0.815
0.612
0.843
0.739
0.849
0.639
0.606
0.540
0.723
0.750
0.582
0.544
0.538
0.508
0.542
0.685
0.731
0.664
0.596
0.570
0.628
0.606
0.495
0.492
0.414
0.502
0.742
0.846
0.752
0.866
0.939
0.970
0.686
0.658
0.608
0.558
0.672
0.814
0.788
0.676
0.639
0.620
0.781
0.893
0.632
0.802
0.913
0.783
0.849
0.791
0.805
0.857
0.672
0.628
0.706
0.726
0.801
0.869
0.806
0.959
0.748
0.802
0.668
0.836
0.905
0.958
0.947
0.724
0.628
0.604
0.589
0.574
0.657
0.926
0.734
0.713
0.819
0.935
0.929
0.897
0.832
0.845
0.890
0.966
0.913
0.943
0.913
0.903
0.920
0.932
0.973
0.756
0.837
0.949
0.977
0.880
0.918
0.940
0.980
0.941
0.978
0.942
0.960
0.880
0.855
0.916
0.802
0.745
0.877
0.912
0.968
0.850
0.923
0.938
0.841
0.845
0.805
0.801
0.817
0.866
0.852
0.891
0.954
0.912
0.953
0.916
0.875
0.906
0.971
0.918
0.925
0.965
0.951
0.807
0.835
0.952
0.978
0.977
0.777
0.856
0.818
0.827
0.943
0.869
0.957
0.981
0.905
0.950
0.863
0.902
0.802
0.845
0.953
0.943
0.945
0.874
0.929
0.932
0.936
0.965
0.976
0.920
0.855
0.764
0.697
0.824
0.935
0.916
0.928
0.925
0.924
0.816
0.959
0.722
0.678
0.670
0.923
0.806
0.805
0.958
0.953
0.834
0.879
0.834
0.872
0.945
0.943
0.924
0.954
0.851
0.833
0.959
0.953
0.972
0.841
0.903
0.852
0.941
0.903
0.929
0.949
0.907
0.953
0.959
0.977
0.972
0.847
0.821
0.809
0.909
0.919
0.921
0.967
0.880
0.832
0.918
0.851
0.932
0.948
0.917
0.943
0.919
0.946
0.942
0.818
0.866
0.904
0.790
0.915
0.912
0.941
0.948
0.939
0.885
0.781
0.934
0.868
0.940
0.963
0.875
0.923
0.909
0.853
0.841
0.858
0.801
0.888
0.950
0.922
0.785
0.866
0.911
0.858
0.873
0.854
0.901
0.879
0.921
0.945
0.934
0.758
0.729
0.749
0.817
0.871
0.778
0.711
0.715
0.851
0.754
0.672
0.753
0.693
0.681
0.686
0.913
0.861
0.918
0.907
0.904
0.737
0.818
0.808
0.918
0.893
0.826
0.812
0.836
0.694
0.665
0.686
0.543
0.614
0.604
0.561
0.632
0.526
0.552
0.480
0.498
0.487
0.497
0.496
0.593
0.524
0.556
0.724
0.769
0.877
0.648
0.712
0.607
0.708
0.673
0.506
0.434
0.647
0.545
0.447
0.446
0.453
0.545
0.540
0.655
0.715
0.935
0.861
0.920
0.646
0.489
0.377
0.334
0.344
0.358
0.365
0.548
0.505
0.597
0.683
0.612
0.839
0.832
0.696
0.656
0.602
0.594
0.731
0.704
0.624
0.604
0.663
0.540
0.608
0.474
0.534
0.907
0.759
0.702
0.590
0.878
0.896
0.712
0.484
0.522
0.665
0.652
0.502
0.475
0.522
0.560
0.554
0.604
0.609
0.624
0.555
0.580
0.545
0.606
0.668
0.950
0.696
0.733
0.917
0.731
0.612
0.602
0.588
0.629
0.791
0.863
0.888
0.707
0.861
0.951
0.959
0.980
0.758
0.662
0.718
0.949
0.887
0.800
0.815
0.647
0.868
0.899
0.957
0.906
0.970
0.891
0.792
0.679
0.913
0.948
0.726
0.809
0.712
0.797
0.830
0.931
0.735
0.894
0.799
0.829
0.913
0.845
0.851
0.849
0.912
0.804
0.922
0.886
0.768
0.907
0.925
0.769
0.962
0.925
0.906
0.642
0.843
0.957
0.935
0.869
0.826
0.650
0.777
0.852
0.931
0.925
0.978
0.909
0.902
0.906
0.852
0.957
0.919
0.923
0.923
0.931
0.929
0.962
0.942
0.775
0.938
0.847
0.932
0.958
0.964
0.899
0.907
0.975
0.921
0.835
0.907
0.947
0.935
0.813
0.776
0.962
0.967
0.869
0.911
0.947
0.886
0.959
0.948
0.921
0.981
0.970
0.932
0.866
0.852
0.915
0.765
0.975
0.930
0.899
0.893
0.959
0.972
0.929
0.901
0.956
0.898
0.917
0.860
0.963
0.893
0.808
0.904
0.957
0.920
0.956
0.970
0.972
0.954
0.980
0.938
0.963
0.900
0.976
0.980
0.883
0.887
0.889
0.925
0.935
0.929
0.913
0.923
0.911
0.961
0.966
0.953
0.881
0.830
0.955
0.907
0.856
0.949
0.967
0.914
0.899
0.946
0.980
0.951
0.837
0.964
0.866
0.960
0.890
0.921
0.932
0.933
0.893
0.949
0.866
0.911
0.953
0.867
0.883
0.802
0.930
0.976
0.934
0.958
0.970
0.934
0.886
0.981
0.957
0.919
0.918
0.959
0.955
0.950
0.856
0.856
0.797
0.907
0.870
0.951
0.886
0.958
0.936
0.968
0.899
0.932
0.955
0.942
0.878
0.865
0.976
0.868
0.934
0.849
0.825
0.833
0.783
0.812
0.850
0.914
0.890
0.921
0.852
0.811
0.757
0.925
0.955
0.796
0.703
0.693
0.568
0.513
0.520
0.518
0.551
0.695
0.738
0.740
0.680
0.666
0.757
0.834
0.751
0.679
0.887
0.934
0.906
0.745
0.695
0.691
0.692
0.610
0.623
0.817
0.698
0.949
0.763
0.946
0.933
0.975
0.788
0.724
0.660
0.738
0.670
0.567
0.564
0.549
0.503
0.525
0.515
0.558
0.744
0.697
0.633
0.594
0.587
0.533
0.606
0.599
0.617
0.791
0.903
0.699
0.883
0.905
0.870
0.650
0.667
0.567
0.558
0.556
0.595
0.505
0.540
0.473
0.460
0.585
0.603
0.513
0.545
0.524
0.586
0.637
0.610
0.532
0.562
0.470
0.470
0.421
0.501
0.613
0.757
0.720
0.623
0.513
0.795
0.791
0.599
0.527
0.465
0.423
0.418
0.426
0.403
0.403
0.489
0.394
0.487
0.597
0.769
0.645
0.751
0.866
0.641
0.655
0.820
0.616
0.504
0.634
0.639
0.529
0.658
0.813
0.789
0.607
0.582
0.565
0.571
0.684
0.660
0.575
0.580
0.576
0.691
0.708
0.667
0.719
0.638
0.618
0.610
0.485
0.555
0.581
0.656
0.720
0.677
0.609
0.623
0.622
0.529
0.814
0.878
0.728
0.606
0.763
0.886
0.701
0.835
0.600
0.563
0.736
0.764
0.681
0.790
0.664
0.705
0.788
0.970
0.938
0.961
0.848
0.671
0.696
0.553
0.564
0.702
0.647
0.766
0.788
0.796
0.931
0.881
0.891
0.670
0.638
0.636
0.556
0.617
0.646
0.579
0.530
0.787
0.825
0.701
0.973
0.881
0.917
0.937
0.938
0.972
0.924
0.847
0.743
0.688
0.735
0.788
0.677
0.652
0.870
0.955
0.930
0.739
0.714
0.673
0.760
0.812
0.891
0.861
0.858
0.667
0.712
0.896
0.884
0.949
0.893
0.925
0.906
0.901
0.966
0.867
0.883
0.949
0.795
0.918
0.780
0.969
0.976
0.869
0.907
0.922
0.966
0.935
0.759
0.967
0.954
0.885
0.916
0.821
0.864
0.976
0.961
0.830
0.956
0.900
0.932
0.941
0.912
0.861
0.955
0.954
0.914
0.970
0.848
0.805
0.969
0.944
0.936
0.779
0.883
0.968
0.970
0.889
0.946
0.870
0.969
0.887
0.904
0.977
0.928
0.966
0.935
0.872
0.936
0.951
0.856
0.882
0.959
0.961
0.922
0.886
0.960
0.863
0.976
0.893
0.938
0.934
0.981
0.892
0.967
0.964
0.942
0.959
0.975
0.976
0.954
0.946
0.898
0.858
0.923
0.913
0.897
0.920
0.922
0.956
0.952
0.970
0.967
0.842
0.805
0.927
0.924
0.966
0.861
0.768
0.839
0.762
0.864
0.925
0.933
0.909
0.900
0.897
0.944
0.963
0.873
0.920
0.899
0.843
0.851
0.908
0.912
0.917
0.846
0.873
0.884
0.759
0.896
0.902
0.847
0.815
0.851
0.855
0.888
0.920
0.944
0.902
0.926
0.884
0.932
0.902
0.828
0.935
0.920
0.814
0.924
0.906
-99.000
0.982
0.722
0.555
0.644
0.625
0.777
0.831
0.950
0.830
0.772
0.829
0.728
0.901
0.865
0.854
0.701
0.673
0.669
0.636
0.660
0.673
0.720
0.614
0.717
0.670
0.639
0.664
0.633
0.669
0.702
0.637
0.645
0.488
0.501
0.547
0.631
0.538
0.504
0.585
0.530
0.516
0.630
0.665
0.745
0.708
0.879
0.879
0.674
0.593
0.674
0.735
0.729
0.491
0.457
0.484
0.535
0.694
0.599
0.632
0.629
0.695
0.711
0.671
0.700
0.663
0.698
0.633
0.585
0.607
0.570
0.744
0.562
0.869
0.777
0.723
0.791
0.670
0.691
0.732
0.863
0.850
0.619
0.574
0.652
0.523
0.527
0.528
0.601
0.725
0.710
0.709
0.703
0.596
0.654
0.601
0.581
0.617
0.892
0.690
0.648
0.474
0.428
0.399
0.471
0.519
0.498
0.910
0.933
0.894
0.809
0.669
0.626
0.564
0.533
0.528
0.570
0.517
0.505
0.594
0.559
0.479
0.487
0.594
0.618
0.567
0.568
0.789
0.629
0.600
0.631
0.516
0.608
0.899
0.799
0.627
0.477
0.441
0.583
0.623
0.602
0.738
0.823
0.711
0.710
0.878
0.719
0.531
0.558
0.597
0.760
0.776
0.610
0.520
0.534
0.539
0.520
0.737
0.899
0.845
0.756
0.783
0.742
0.663
0.627
0.841
0.515
0.560
0.593
0.539
0.552
0.809
0.658
0.582
0.695
0.694
0.867
0.950
0.868
0.848
0.911
0.935
0.954
0.920
0.943
0.961
0.962
0.981
0.800
0.713
0.701
0.951
0.837
0.969
0.948
0.852
0.750
0.722
0.638
0.826
0.832
0.908
0.932
0.965
0.970
0.903
0.770
0.859
-99.000
-99.000
-99.000
-99.000
-99.000
-99.000
-99.000
-99.000
0.917
0.954
0.926
0.892
0.948
0.966
0.870
0.869
0.948
0.935
0.924
0.855
0.809
0.963
0.980
0.948
0.957
0.817
0.820
0.820
0.942
0.940
0.946
0.846
0.924
0.946
0.901
0.962
0.917
0.847
0.822
0.782
0.892
0.950
0.926
0.825
0.758
0.899
0.924
0.951
0.639
0.561
0.632
0.750
0.641
0.626
0.808
0.790
0.939
0.881
0.942
0.955
0.912
0.901
0.964
0.930
0.961
0.913
0.957
0.885
0.851
0.927
0.860
0.829
0.947
0.915
0.856
0.852
0.862
0.979
0.848
0.673
0.601
0.549
0.614
0.597
0.684
0.874
0.962
0.906
0.917
0.932
0.951
0.955
0.843
0.798
0.958
0.971
0.893
0.938
0.947
0.976
0.972
0.770
0.769
0.914
0.844
0.870
0.951
0.924
0.779
0.717
0.865
0.821
0.950
0.858
0.957
0.917
0.789
0.773
0.904
0.874
0.842
0.848
0.821
0.880
0.937
0.930
0.914
0.883
0.809
0.886
0.862
0.816
0.854
0.911
0.956
0.902
0.950
0.731
0.708
0.739
0.745
0.711
0.858
0.891
0.846
0.912
0.878
0.801
0.838
0.945
0.809
0.760
0.683
0.628
0.677
0.750
0.745
0.669
0.759
0.808
0.771
0.750
0.858
0.727
0.880
0.899
0.840
0.758
0.736
0.728
0.704
0.880
0.850
0.859
0.957
0.768
0.686
0.659
0.635
0.703
0.663
0.744
0.920
0.622
0.604
0.674
0.666
0.655
0.761
0.881
0.914
0.757
0.718
0.740
0.566
0.583
0.622
0.820
0.872
0.724
0.863
0.709
0.664
0.574
0.555
0.728
0.709
0.705
0.684
0.529
0.516
0.570
0.617
0.618
0.782
0.744
0.651
0.611
0.640
0.461
0.458
0.490
0.602
0.715
0.558
0.638
0.604
0.549
0.661
0.567
0.605
0.486
0.440
0.417
0.479
0.535
0.495
0.441
0.427
0.397
0.386
0.391
0.527
0.423
0.392
0.503
0.377
0.575
0.517
0.470
0.587
0.578
0.602
0.688
0.564
0.461
0.459
0.497
0.725
0.527
0.466
0.522
0.526
0.451
0.371
0.450
0.524
0.697
0.611
0.521
0.473
0.518
0.538
0.485
0.537
0.504
0.556
0.476
0.446
0.601
0.523
0.437
0.883
0.553
0.522
0.573
0.479
0.653
0.593
0.582
0.548
0.538
0.471
0.581
0.747
0.607
0.706
0.861
0.602
0.904
0.936
0.708
0.827
0.982
0.683
0.584
0.694
0.860
0.774
0.532
0.491
0.583
0.619
0.723
0.719
0.901
0.638
0.658
0.612
0.555
0.501
0.516
0.960
0.798
0.771
0.706
0.808
0.906
0.817
0.642
0.714
0.958
0.799
0.961
0.678
0.677
0.764
0.926
0.884
0.932
0.908
0.775
0.951
0.810
0.665
0.865
0.812
0.918
0.749
0.694
0.652
0.910
0.713
0.840
0.842
0.761
0.839
0.691
0.834
0.938
0.923
0.866
0.797
0.905
0.858
0.938
0.976
0.754
0.662
0.877
0.871
0.746
0.854
0.882
0.750
0.644
0.652
0.661
0.800
0.883
0.856
0.894
0.899
0.718
0.804
0.855
0.955
0.909
0.963
0.807
0.792
0.882
0.918
0.942
0.820
0.846
0.936
0.919
0.903
0.910
0.974
0.970
0.823
0.870
0.850
0.839
0.752
0.884
0.923
0.974
0.818
0.932
0.951
0.962
0.957
0.958
0.858
0.880
0.949
0.946
0.898
0.910
0.965
0.900
0.933
0.957
0.841
0.912
0.896
0.934
0.949
0.935
0.921
0.773
0.803
0.904
0.895
0.729
0.780
0.905
0.974
0.921
0.842
0.925
0.892
0.951
0.935
0.926
0.785
0.715
0.820
0.891
0.954
0.962
0.838
0.873
0.864
0.887
0.805
0.926
0.902
0.921
0.951
0.886
0.936
0.948
0.909
0.972
0.941
0.956
0.953
0.890
0.963
0.953
0.889
0.906
0.856
0.976
0.909
0.878
0.937
0.944
0.824
0.928
0.822
0.962
0.824
0.958
0.892
0.933
0.892
0.961
0.809
0.838
0.786
0.836
0.892
0.893
0.937
0.838
0.788
0.955
0.857
0.941
0.851
0.900
0.919
0.805
0.875
0.818
0.867
0.877
0.837
0.939
0.962
0.912
0.844
0.892
0.961
0.848
0.845
0.910
0.834
0.864
0.980
0.905
0.849
0.817
0.876
0.759
0.736
0.782
0.829
0.830
0.722
0.782
0.737
0.697
0.696
0.641
0.674
0.816
0.897
0.867
0.756
0.831
0.803
0.700
0.842
0.843
0.693
0.737
0.706
0.733
0.779
0.831
0.748
0.718
0.678
0.798
0.837
0.955
0.798
0.720
0.614
0.592
0.540
0.598
0.601
0.591
0.621
0.679
0.650
0.489
0.465
0.577
0.645
0.589
0.518
0.514
0.620
0.547
0.559
0.562
0.551
0.554
0.740
0.649
0.584
0.531
0.466
0.506
0.546
0.509
0.554
0.457
0.380
0.302
0.466
0.527
0.521
0.511
0.504
0.422
0.436
0.507
0.452
0.543
0.393
0.335
0.455
0.426
0.457
0.516
0.532
0.549
0.453
0.485
0.486
0.363
0.361
0.352
0.405
0.456
0.457
0.520
0.544
0.627
0.490
0.499
0.552
0.824
0.823
0.866
0.649
0.498
0.479
0.461
0.466
0.471
0.700
0.647
0.528
0.473
0.411
0.459
0.398
0.465
0.511
0.592
0.558
0.873
0.657
0.526
0.610
0.768
0.824
0.692
0.565
0.615
0.711
0.606
0.635
0.807
0.630
0.694
0.801
0.714
0.800
0.684
0.593
0.474
0.479
0.557
0.429
0.569
0.528
0.656
0.702
0.945
0.593
0.566
0.428
0.529
0.617
0.675
0.773
0.696
0.653
0.701
0.646
0.862
0.735
0.780
0.870
0.805
0.742
0.853
0.878
0.965
0.964
0.885
0.675
0.702
0.743
0.971
0.921
0.971
0.976
0.913
0.853
0.733
0.910
0.961
0.949
0.771
0.960
0.980
0.946
0.849
0.900
0.915
0.930
0.966
0.938
0.788
0.735
0.902
0.815
0.928
0.719
0.866
0.958
0.893
0.938
0.934
0.910
0.921
0.844
0.916
0.941
0.940
0.825
0.941
0.943
0.930
0.971
0.938
0.932
0.928
0.930
0.835
0.919
0.822
0.868
0.929
0.971
0.952
0.971
0.949
0.861
0.898
0.846
0.889
0.873
0.953
0.922
0.968
0.883
0.931
0.965
0.979
0.937
0.917
0.839
0.778
0.815
0.929
0.973
0.932
0.941
0.961
0.793
0.922
0.749
0.678
0.829
0.966
0.884
0.907
0.853
0.940
0.966
0.956
0.982
0.908
0.837
0.953
0.946
0.841
0.875
0.961
0.853
0.970
0.907
0.960
0.966
0.900
0.818
0.978
0.893
0.828
0.885
0.981
0.949
0.910
0.892
0.979
0.898
0.947
0.957
0.971
0.965
0.885
0.973
0.825
0.873
0.926
0.968
0.928
0.983
0.942
0.906
0.911
0.965
0.951
0.912
0.945
0.955
0.930
0.924
0.876
0.828
0.943
0.958
0.944
0.914
0.957
0.790
0.782
0.963
0.961
0.821
0.955
0.906
0.969
0.953
0.937
0.935
0.975
0.908
0.932
0.961
0.889
0.931
0.692
0.628
0.622
0.628
0.712
0.769
0.978
0.963
0.945
0.962
0.969
0.817
0.749
0.675
0.691
0.712
0.708
0.864
0.907
0.870
0.783
0.774
0.864
0.926
0.948
0.939
0.923
0.932
0.905
0.923
0.855
0.840
0.824
0.839
0.917
0.961
0.842
0.794
0.739
0.797
0.941
0.966
0.979
0.826
0.775
0.704
0.721
0.827
0.844
0.816
0.841
0.775
0.855
0.854
0.909
0.900
0.909
0.891
0.760
0.739
0.551
0.491
0.518
0.662
0.727
0.696
0.762
0.710
0.768
0.657
0.642
0.655
0.541
0.519
0.797
0.782
0.667
0.572
0.670
0.814
0.927
0.915
0.870
0.730
0.710
0.716
0.770
0.810
0.692
0.626
0.694
0.646
0.655
0.658
0.768
0.576
0.495
0.516
0.519
0.647
0.582
0.520
0.610
0.588
0.781
0.682
0.627
0.636
0.627
0.725
0.525
0.488
0.518
0.581
0.515
0.633
0.580
0.735
0.605
0.600
0.495
0.552
0.520
0.769
0.567
0.498
0.564
0.638
0.541
0.561
0.544
0.749
0.423
0.297
0.453
0.411
0.380
0.487
0.464
0.489
0.564
0.780
0.673
0.520
0.486
0.596
0.831
0.653
0.534
0.677
0.802
0.693
0.610
0.573
0.543
0.516
0.568
0.701
0.675
0.716
0.617
0.605
0.707
0.758
0.578
0.560
0.683
0.650
0.677
0.855
0.703
0.863
0.926
0.940
0.501
0.565
0.620
0.943
0.747
0.807
0.869
0.914
0.961
0.939
0.810
0.888
0.923
0.922
0.821
0.727
0.845
0.730
0.612
0.579
0.521
0.538
0.716
0.887
0.925
0.953
0.972
0.935
0.850
0.583
0.736
0.837
0.729
0.624
0.523
0.589
0.571
0.578
0.687
0.698
0.745
0.889
0.721
0.642
0.817
0.898
0.800
0.911
0.936
0.693
0.584
0.851
0.914
0.838
0.703
0.765
0.782
0.809
0.922
0.918
0.884
0.881
0.907
0.934
0.913
0.884
0.927
0.884
0.935
0.956
0.909
0.965
0.943
0.887
0.854
0.913
0.963
0.899
0.959
0.893
0.902
0.857
0.938
0.981
0.937
0.893
0.864
0.946
0.949
0.947
0.937
0.924
0.958
0.918
0.921
0.923
0.921
0.876
0.928
0.891
0.948
0.846
0.943
0.962
0.961
0.910
0.952
0.961
0.960
0.960
0.964
0.901
0.946
0.961
0.979
0.980
0.897
0.861
0.858
0.764
0.779
0.937
0.950
0.753
0.859
0.816
0.973
0.964
0.967
0.872
0.953
0.942
0.965
0.906
0.887
0.899
0.936
0.885
0.736
0.856
0.950
0.966
0.976
0.914
0.909
0.949
0.950
0.891
0.955
0.864
0.920
0.934
0.935
0.961
0.911
0.893
0.950
0.933
0.896
0.959
0.941
0.968
0.921
0.906
0.882
0.936
0.898
0.903
0.846
0.925
0.890
0.954
0.919
0.856
0.779
0.771
0.826
0.928
0.953
0.958
0.931
0.929
0.811
0.836
0.896
0.885
0.879
0.836
0.940
0.906
0.953
0.970
0.961
0.953
0.902
0.907
0.950
0.914
0.883
0.917
0.724
0.836
0.904
0.606
0.638
0.649
0.517
0.503
0.619
0.667
0.810
0.830
0.913
0.866
0.962
0.964
0.971
0.935
0.929
0.902
0.868
0.848
0.899
0.826
0.742
0.768
0.788
0.716
0.719
0.649
0.623
0.596
0.577
0.600
0.589
0.729
0.665
0.697
0.780
0.862
0.933
0.974
0.805
0.700
0.722
0.728
0.668
0.727
0.673
0.602
0.566
0.644
0.567
0.559
0.742
0.884
0.804
0.633
0.590
0.657
0.655
0.619
0.752
0.776
0.639
0.637
0.778
0.543
0.637
0.616
0.622
0.609
0.570
0.604
0.423
0.405
0.387
0.555
0.642
0.565
0.507
0.640
0.533
0.493
0.547
0.585
0.590
0.438
0.414
0.475
0.609
0.621
0.642
0.828
0.757
0.749
0.633
0.669
0.534
0.349
0.487
0.493
0.489
0.501
0.605
0.505
0.720
0.620
0.577
0.586
0.531
0.640
0.623
0.604
0.625
0.593
0.537
0.864
0.584
0.510
0.624
0.427
0.341
0.399
0.417
0.416
0.357
0.476
0.437
0.473
0.572
0.544
0.435
0.434
0.369
0.374
0.411
0.538
0.733
0.636
0.639
0.567
0.558
0.553
0.686
0.535
0.415
0.382
0.396
0.426
0.514
0.540
0.637
0.893
0.764
0.727
0.697
0.741
0.670
0.662
0.587
0.638
0.877
0.658
0.564
0.496
0.490
0.455
0.541
0.601
0.639
0.603
0.585
0.614
0.691
0.692
0.510
0.901
0.804
0.717
0.647
0.548
0.515
0.541
0.663
0.572
0.606
0.730
0.729
0.641
0.694
0.748
0.851
0.879
0.945
0.863
0.671
0.689
0.641
0.885
0.636
0.825
0.893
0.969
0.952
0.897
0.796
0.710
0.605
0.768
0.907
0.836
0.852
0.895
0.688
0.915
0.729
0.761
0.729
0.868
0.916
0.859
0.952
0.971
0.938
0.733
0.722
0.927
0.865
0.722
0.872
0.856
0.941
0.967
0.925
0.944
0.927
0.868
0.969
0.944
0.908
0.919
0.807
0.842
0.958
0.943
0.970
0.919
0.937
0.880
0.850
0.825
0.917
0.923
0.928
0.893
0.757
0.951
0.847
0.942
0.898
0.874
0.915
0.792
0.771
0.858
0.833
0.718
0.870
0.920
0.926
0.979
0.978
0.895
0.854
0.824
0.705
0.920
0.958
0.803
0.877
0.935
0.930
0.867
0.943
0.962
0.800
0.817
0.839
0.823
0.776
0.818
0.931
0.948
0.905
0.966
0.937
0.928
0.964
0.927
0.980
0.857
0.888
0.920
0.857
0.967
0.913
0.915
0.948
0.956
0.848
0.931
0.849
0.883
0.898
0.859
0.710
0.675
0.677
0.766
0.879
0.866
0.879
0.942
0.951
0.861
0.957
0.951
0.949
0.938
0.787
0.844
0.894
0.896
0.959
0.869
0.913
0.852
0.917
0.936
0.750
0.726
0.770
0.891
0.850
0.867
0.805
0.950
0.966
0.902
0.874
0.936
0.959
0.946
0.947
0.971
0.894
0.862
0.775
0.804
0.811
0.831
0.873
0.798
0.916
0.847
0.845
0.715
0.689
0.742
0.845
0.911
0.925
0.892
0.779
0.749
0.814
0.840
0.841
0.906
0.897
0.787
0.716
0.764
0.787
0.924
0.937
0.957
0.856
0.735
0.755
0.733
0.682
0.652
0.696
0.722
0.741
0.943
0.834
0.876
0.811
0.848
0.874
0.768
0.940
0.764
0.714
0.749
0.715
0.664
0.735
0.670
0.627
0.711
0.694
0.594
0.594
0.650
0.722
0.704
0.645
0.689
0.872
0.942
0.822
0.592
0.643
0.619
0.705
0.623
0.718
0.626
0.571
0.536
0.640
0.687
0.571
0.588
0.602
0.558
0.527
0.576
0.705
0.721
0.476
0.481
0.531
0.580
0.587
0.611
0.586
0.631
0.617
0.640
0.495
0.413
0.360
0.364
0.313
0.337
0.436
0.388
0.382
0.502
0.525
0.432
0.446
0.400
0.847
0.582
0.509
0.527
0.490
0.376
0.359
0.408
0.386
0.441
0.529
0.547
0.571
0.680
0.512
0.521
0.490
0.521
0.424
0.409
0.406
0.503
0.620
0.762
0.547
0.503
0.488
0.449
0.593
0.549
0.514
0.508
0.582
0.537
0.584
0.549
0.451
0.431
0.443
0.528
0.434
0.534
0.386
0.393
0.517
0.441
0.450
0.369
0.352
0.453
0.492
0.484
0.574
0.877
0.638
0.570
0.616
0.502
0.825
0.590
0.701
0.868
0.840
0.710
0.688
0.623
0.707
0.756
0.612
0.585
0.557
0.667
0.897
0.747
0.716
0.542
0.495
0.639
0.553
0.656
0.636
0.871
0.699
0.679
0.912
0.929
0.685
0.808
0.634
0.644
0.835
0.772
0.836
0.763
0.659
0.595
0.657
0.760
0.676
0.587
0.567
0.697
0.678
0.610
0.546
0.631
0.674
0.635
0.850
0.750
0.669
0.653
0.703
0.859
0.794
0.647
0.901
0.749
0.871
0.939
0.753
0.651
0.846
0.797
0.923
0.907
0.723
0.868
0.836
0.851
0.853
0.616
0.790
0.701
0.626
0.757
0.698
0.802
0.761
0.728
0.618
0.634
0.831
0.680
0.929
0.873
0.950
0.877
0.908
0.888
0.705
0.584
0.682
0.601
0.804
0.712
0.674
0.674
0.579
0.583
0.691
0.745
0.735
0.589
0.659
0.744
0.636
0.573
0.556
0.752
0.907
0.921
0.909
0.970
0.882
0.970
0.806
0.927
0.678
0.836
0.765
0.789
0.923
0.893
0.971
0.868
0.970
0.848
0.898
0.886
0.957
0.852
0.917
0.893
0.850
0.881
0.933
0.891
0.963
0.966
0.967
0.877
0.911
0.847
0.901
0.936
0.797
0.881
0.794
0.969
0.779
0.679
0.657
0.629
0.815
0.823
0.933
0.942
0.914
0.886
0.868
0.955
0.854
0.889
0.890
0.943
0.964
0.892
0.908
0.921
0.884
0.978
0.930
0.843
0.754
0.809
0.954
0.897
0.858
0.882
0.950
0.943
0.974
0.907
0.953
0.859
0.841
0.673
0.763
0.918
0.913
0.904
0.902
0.782
0.883
0.929
0.851
0.793
0.796
0.806
0.819
0.883
0.878
0.711
0.868
0.866
0.912
0.906
0.679
0.834
0.879
0.927
0.887
0.711
0.681
0.655
0.756
0.866
0.963
0.869
0.853
0.769
0.752
0.859
0.770
0.681
0.643
0.671
0.837
0.805
0.713
0.703
0.688
0.825
0.825
0.654
0.624
0.574
0.587
0.658
0.670
0.645
0.748
0.620
0.582
0.611
0.843
0.868
0.891
0.857
0.842
0.728
0.767
0.748
0.843
0.699
0.604
0.607
0.651
0.610
0.546
0.609
0.593
0.765
0.829
0.959
0.816
0.826
0.718
0.637
0.594
0.511
0.474
0.610
0.631
0.550
0.595
0.582
0.572
0.569
0.482
0.486
0.605
0.619
0.505
0.443
0.512
0.494
0.470
0.454
0.453
0.478
0.449
0.459
0.492
0.548
0.699
0.623
0.739
0.941
0.831
0.730
0.689
0.750
0.685
0.502
0.467
0.402
0.455
0.506
0.526
0.651
0.650
0.686
0.625
0.669
0.612
0.624
0.580
0.564
0.549
0.575
0.768
0.726
0.797
0.940
0.860
0.625
0.582
0.590
0.690
0.582
0.508
0.520
0.550
0.571
0.815
0.642
0.583
0.465
0.534
0.566
0.577
0.489
0.478
0.564
0.520
0.552
0.721
0.822
0.665
0.692
0.728
0.706
0.511
0.497
0.502
0.396
0.649
0.563
0.619
0.781
0.743
0.681
0.530
0.517
0.466
0.435
0.415
0.393
0.623
0.561
0.616
0.580
0.534
0.595
0.595
0.399
0.385
0.499
0.654
0.627
0.688
0.776
0.714
0.776
0.688
0.570
0.874
0.969
0.935
0.761
0.909
0.803
0.983
0.889
0.672
0.777
0.872
0.615
0.632
0.606
0.641
0.870
0.879
0.965
0.762
0.919
0.780
0.924
0.885
0.786
0.830
0.965
0.960
0.716
0.694
0.913
0.920
0.920
0.856
0.831
0.740
0.927
0.849
0.974
0.905
0.952
0.720
0.678
0.698
0.740
0.869
0.902
0.960
0.921
0.848
0.944
0.901
0.922
0.940
0.906
0.927
0.805
0.871
0.923
0.959
0.927
0.911
0.940
0.925
0.890
0.897
0.907
0.912
0.898
0.950
0.976
0.979
0.960
0.910
0.907
0.919
0.953
0.956
0.978
0.855
0.958
0.902
0.899
0.909
0.942
0.977
0.978
0.843
0.806
0.880
0.939
0.963
0.922
0.867
0.882
0.943
0.925
0.874
0.862
0.802
0.894
0.889
0.926
0.891
0.969
0.928
0.966
0.948
0.972
0.925
0.936
0.919
0.963
0.948
0.852
0.931
0.966
0.957
0.916
0.916
0.872
0.859
0.942
0.962
0.948
0.966
0.884
0.975
0.970
0.956
0.940
0.967
0.940
0.883
0.901
0.940
0.933
0.945
0.870
0.960
0.931
0.964
0.963
0.903
0.842
0.970
0.915
0.821
0.919
0.926
0.972
0.963
0.870
0.913
0.976
0.872
0.919
0.920
0.906
0.829
0.903
0.804
0.962
0.950
0.935
0.906
0.842
0.823
0.880
0.828
0.893
0.919
0.948
0.950
0.933
0.891
0.836
0.804
0.753
0.875
0.890
0.792
0.711
0.727
0.708
0.734
0.729
0.790
0.839
0.932
0.961
0.920
0.978
0.818
0.721
0.823
0.780
0.773
0.847
0.762
0.731
0.747
0.717
0.847
0.909
0.929
0.906
0.755
0.725
0.673
0.617
0.811
0.915
0.936
0.916
0.698
0.672
0.638
0.659
0.796
0.902
0.889
0.746
0.840
0.752
0.724
0.832
0.784
0.717
0.828
0.902
0.729
0.719
0.855
0.713
0.701
0.757
0.658
0.673
0.834
0.575
0.641
0.657
0.674
0.662
0.561
0.652
0.537
0.482
0.579
0.571
0.593
0.593
0.653
0.610
0.602
0.828
0.578
0.567
0.646
0.548
0.504
0.405
0.446
0.571
0.478
0.605
0.802
0.752
0.622
0.545
0.496
0.609
0.495
0.712
0.840
0.666
0.596
0.589
0.596
0.690
0.582
0.489
0.515
0.619
0.583
0.604
0.548
0.527
0.447
0.511
0.374
0.343
0.358
0.489
0.574
0.540
0.648
0.661
0.569
0.641
0.529
0.500
0.517
0.579
0.578
0.541
0.528
0.512
0.491
0.544
0.439
0.438
0.491
0.708
0.574
0.456
0.498
0.557
0.595
0.644
0.597
0.494
0.582
0.654
0.505
0.436
0.466
0.497
0.589
0.776
0.600
0.581
0.586
0.516
0.539
0.840
0.722
0.738
0.653
0.752
0.775
0.769
0.821
0.876
0.939
0.760
0.870
0.931
0.806
0.883
0.678
0.639
0.718
0.637
0.530
0.689
0.832
0.918
0.826
0.858
0.887
0.933
0.884
0.696
0.905
0.856
0.887
0.967
0.690
0.676
0.594
0.680
0.883
0.917
0.966
0.834
0.782
0.688
0.627
0.875
0.891
0.808
0.806
0.907
0.766
0.872
0.857
0.880
0.891
0.906
0.825
0.691
0.811
0.796
0.942
0.966
0.883
0.794
0.940
0.958
0.933
0.813
0.869
0.905
0.916
0.909
0.837
0.707
0.675
0.805
0.843
0.767
0.653
0.730
0.925
0.960
0.911
0.847
0.936
0.979
0.912
0.793
0.893
0.765
0.909
0.929
0.895
0.808
0.902
0.940
0.976
0.892
0.866
0.920
0.906
0.930
0.934
0.921
0.898
0.964
0.943
0.937
0.899
0.923
0.931
0.955
0.917
0.945
0.961
0.972
0.978
0.960
0.898
0.967
0.941
0.904
0.896
0.907
0.955
0.938
0.906
0.954
0.853
0.931
0.917
0.937
0.910
0.961
0.933
0.931
0.908
0.968
0.969
0.737
0.753
0.700
0.744
0.640
0.681
0.708
0.901
0.919
0.732
0.849
0.925
0.895
0.953
0.934
0.907
0.904
0.955
0.962
0.951
0.925
0.969
0.980
0.941
0.887
0.948
0.975
0.879
0.952
0.962
0.915
0.827
0.830
0.966
0.979
0.883
0.882
0.982
0.891
0.942
0.851
0.966
0.953
0.871
0.932
0.914
0.896
0.876
0.947
0.923
0.884
0.783
0.873
0.943
0.938
0.891
0.955
0.901
0.894
0.841
0.878
0.899
0.943
0.878
0.930
0.939
0.973
0.893
0.930
0.851
0.792
0.721
0.743
0.752
0.761
0.792
0.883
0.883
0.896
0.948
0.954
0.928
0.893
0.748
0.937
0.952
0.917
0.861
0.850
0.900
0.856
0.956
0.824
0.863
0.857
0.965
0.791
0.697
0.685
0.730
0.752
0.879
0.845
0.795
0.741
0.887
0.782
0.884
0.919
0.830
0.717
0.842
0.923
0.540
0.547
0.580
0.635
0.661
0.787
0.816
0.881
0.776
0.696
0.653
0.723
0.812
0.698
0.571
0.546
0.672
0.720
0.747
0.745
0.648
0.676
0.642
0.633
0.597
0.639
0.749
0.841
0.912
0.783
0.766
0.659
0.728
0.659
0.579
0.618
0.545
0.519
0.524
0.508
0.493
0.583
0.474
0.482
0.600
0.888
0.631
0.611
0.615
0.553
0.490
0.500
0.484
0.541
0.419
0.370
0.456
0.449
0.531
0.305
0.381
0.429
0.443
0.563
0.531
0.485
0.469
0.500
0.559
0.425
0.419
0.406
0.496
0.505
0.510
0.389
0.348
0.389
0.502
0.510
0.547
0.531
0.842
0.798
0.680
0.542
0.503
0.431
0.567
0.539
0.499
0.482
0.576
0.649
0.567
0.531
0.642
0.802
0.837
0.776
0.764
0.674
0.666
0.578
0.525
0.572
0.600
0.698
0.594
0.846
0.809
0.679
0.598
0.491
0.452
0.550
0.538
0.696
0.703
0.581
0.638
0.565
0.529
0.669
0.645
0.821
0.745
0.655
0.733
0.851
0.740
0.704
0.582
0.731
0.615
0.587
0.574
0.601
0.573
0.752
0.558
0.543
0.557
0.482
0.616
0.611
0.574
0.570
0.822
0.564
0.569
0.590
0.690
0.607
0.768
0.917
0.911
0.954
0.865
0.919
0.925
0.924
0.954
0.945
0.875
0.844
0.908
0.873
0.921
0.905
0.969
0.798
0.951
0.858
0.935
0.944
0.862
0.741
0.773
0.734
0.842
0.936
0.852
0.950
0.813
0.940
0.911
0.947
0.886
0.798
0.909
0.903
0.786
0.916
0.802
0.839
0.695
0.655
0.663
0.656
0.811
0.851
0.969
0.810
0.834
0.952
0.804
0.842
0.890
0.895
0.946
0.822
0.883
0.929
0.792
0.898
0.918
0.911
0.871
0.755
0.709
0.792
0.938
0.750
0.713
0.854
0.934
0.769
0.785
0.800
0.954
0.726
0.761
0.869
0.892
0.939
0.899
0.913
0.893
0.737
0.752
0.880
0.821
0.826
0.936
0.911
0.899
0.888
0.914
0.961
0.945
0.975
0.944
0.930
0.855
0.917
0.975
0.945
0.910
0.972
0.979
0.974
0.965
0.935
0.925
0.946
0.828
0.887
0.965
0.908
0.812
0.866
0.953
0.835
0.877
0.834
0.848
0.871
0.842
0.869
0.947
0.971
0.963
0.947
0.893
0.920
0.895
0.908
0.875
0.969
0.762
0.703
0.693
0.756
0.875
0.869
0.910
0.892
0.956
0.888
0.729
0.757
0.815
0.770
0.820
0.866
0.917
0.916
0.942
0.950
0.907
0.973
0.962
0.952
0.946
0.905
0.820
0.715
0.773
0.737
0.857
0.783
0.827
0.902
0.954
0.949
0.960
0.807
0.754
0.967
0.941
0.780
0.679
0.693
0.655
0.689
0.713
0.802
0.684
0.881
0.939
0.925
0.735
0.676
0.697
0.676
0.936
0.932
0.873
0.869
0.914
0.736
0.703
0.640
0.598
0.669
0.662
0.758
0.764
0.670
0.691
0.588
0.680
0.690
0.820
0.936
0.799
0.899
0.690
0.692
0.661
0.720
0.816
0.783
0.723
0.685
0.723
0.815
0.872
0.766
0.893
0.890
0.714
0.707
0.566
0.641
0.591
0.597
0.639
0.588
0.486
0.529
0.576
0.540
0.681
0.639
0.747
0.673
0.732
0.611
0.793
0.688
0.670
0.602
0.684
0.713
0.632
0.603
0.508
0.570
0.647
0.587
0.614
0.599
0.630
0.518
0.483
0.470
0.378
0.358
0.373
0.468
0.563
0.379
0.414
0.412
0.464
0.435
0.252
0.422
0.529
0.501
0.360
0.297
0.291
0.316
0.470
0.363
0.483
0.435
0.560
0.605
0.685
0.718
0.723
0.593
0.584
0.645
0.554
0.437
0.443
0.527
0.380
0.438
0.450
0.459
0.495
0.539
0.535
0.602
0.535
0.543
0.477
0.439
0.502
0.551
0.506
0.391
0.408
0.512
0.544
0.655
0.615
0.762
0.784
0.957
0.710
0.665
0.597
0.569
0.703
0.675
0.546
0.491
0.596
0.474
0.509
0.511
0.681
0.824
0.817
0.950
0.587
0.505
0.456
0.414
0.570
0.655
0.562
0.619
0.504
0.584
0.865
0.731
0.844
0.867
0.848
0.751
0.858
0.693
0.694
0.957
0.695
0.771
0.752
0.712
0.806
0.809
0.785
0.903
0.979
0.714
0.724
0.755
0.966
0.968
0.895
0.838
0.912
0.877
0.937
0.975
0.941
0.898
0.825
0.876
0.892
0.765
0.793
0.928
0.948
0.889
0.892
0.662
0.782
0.870
0.898
0.935
0.935
0.900
0.922
0.898
0.952
0.807
0.912
0.974
0.890
0.893
0.840
0.885
0.763
0.855
0.848
0.892
0.924
0.942
0.891
0.919
0.962
0.942
0.939
0.957
0.944
0.955
0.948
0.820
0.832
0.922
0.961
0.980
0.886
0.788
0.892
0.889
0.949
0.979
0.833
0.834
0.736
0.841
0.939
0.928
0.845
0.980
0.844
0.932
0.968
0.974
0.862
0.894
0.906
0.978
0.983
0.957
0.948
0.933
0.876
0.961
0.912
0.932
0.967
0.876
0.851
0.963
0.965
0.942
0.882
0.892
0.947
0.951
0.946
0.866
0.917
0.962
0.947
0.945
0.844
0.882
0.847
0.949
0.965
0.962
0.913
0.937
0.821
0.895
0.978
0.937
0.908
0.885
0.953
0.980
0.947
0.899
0.928
0.938
0.967
0.965
0.964
0.963
0.782
0.937
0.963
0.873
0.867
0.875
0.968
0.888
0.905
0.929
0.939
0.900
0.902
0.734
0.715
0.710
0.884
0.846
0.846
0.889
0.959
0.943
0.869
0.955
0.976
0.892
0.835
0.701
0.668
0.708
0.745
0.876
0.889
0.896
0.923
0.973
0.800
0.870
0.980
0.978
0.876
0.939
0.921
0.850
0.771
0.907
0.888
0.815
0.958
0.813
0.942
0.890
0.776
0.842
0.909
0.955
0.911
0.755
0.736
0.722
0.744
0.756
0.751
0.641
0.626
0.708
0.742
0.753
0.741
0.723
0.893
0.939
0.822
0.845
0.704
0.744
0.724
0.665
0.616
0.649
0.699
0.801
0.868
0.942
0.664
0.610
0.647
0.699
0.673
0.666
0.704
0.780
0.705
0.656
0.574
0.631
0.612
0.577
0.662
0.565
0.556
0.515
0.539
0.585
0.578
0.640
0.456
0.543
0.608
0.541
0.533
0.584
0.582
0.591
0.503
0.529
0.518
0.499
0.492
0.440
0.479
0.556
0.688
0.739
0.673
0.665
0.645
0.750
0.645
0.527
0.566
0.545
0.571
0.826
0.706
0.691
0.702
0.684
0.707
0.673
0.604
0.555
0.555
0.774
0.831
0.628
0.535
0.464
0.481
0.575
0.625
0.619
0.669
0.847
0.583
0.536
0.522
0.594
0.455
0.398
0.448
0.460
0.471
0.580
0.408
0.349
0.441
0.507
0.551
0.615
0.768
0.643
0.608
0.648
0.505
0.524
0.433
0.421
0.535
0.564
0.789
0.571
0.599
0.578
0.674
0.634
0.498
0.498
0.569
0.531
0.606
0.889
0.542
0.496
0.536
0.668
0.558
0.519
0.558
0.782
0.851
0.723
0.720
0.801
0.619
0.798
0.685
0.703
0.627
0.592
0.717
0.710
0.797
0.657
0.809
0.624
0.775
0.740
0.811
0.833
0.778
0.602
0.576
0.623
0.920
0.759
0.685
0.822
0.933
0.729
0.706
0.843
0.975
0.810
0.729
0.681
0.618
0.861
0.954
0.929
0.867
0.832
0.961
0.971
0.951
0.875
0.788
0.874
0.900
0.714
0.884
0.949
0.964
0.726
0.758
0.653
0.607
0.636
0.707
0.612
0.644
0.683
0.813
0.766
0.755
0.823
0.922
0.845
0.881
0.940
0.861
0.917
0.960
0.791
0.717
0.830
0.799
0.952
0.908
0.968
0.966
0.919
0.835
0.958
0.952
0.979
0.858
0.814
0.875
0.874
0.957
0.974
0.979
0.903
0.788
0.802
0.818
0.915
0.739
0.801
0.903
0.871
0.868
0.827
0.935
0.946
0.922
0.955
0.878
0.922
0.961
0.946
0.914
0.963
0.932
0.911
0.846
0.885
0.956
0.867
0.903
0.876
0.981
0.975
0.942
0.888
0.865
0.959
0.973
0.947
0.972
0.924
0.900
0.982
0.903
0.875
0.908
0.903
0.975
0.942
0.892
0.974
0.968
0.973
0.958
0.924
0.886
0.977
0.956
0.951
0.971
0.788
0.911
0.952
0.963
0.894
0.876
0.790
0.706
0.677
0.578
0.563
0.637
0.696
0.751
0.952
0.975
0.899
0.915
0.937
0.977
0.971
0.891
0.951
0.964
0.897
0.947
0.891
0.884
0.881
0.893
0.959
0.931
0.868
0.875
0.920
0.972
0.936
0.943
0.941
0.961
0.922
0.887
0.944
0.803
0.666
0.822
0.833
0.764
0.715
0.794
0.972
0.895
0.833
0.909
0.905
0.926
0.928
0.864
0.830
0.725
0.773
0.887
0.766
0.781
0.774
0.731
0.776
0.830
0.793
0.706
0.921
0.832
0.909
0.867
0.771
0.945
0.955
0.979
0.927
0.879
0.830
0.931
0.880
0.846
0.877
0.882
0.927
0.708
0.783
0.796
0.727
0.715
0.640
0.633
0.670
0.709
0.731
0.854
0.718
0.669
0.683
0.619
0.703
0.608
0.501
0.522
0.637
0.592
0.560
0.662
0.628
0.595
0.586
0.580
0.568
0.634
0.711
0.623
0.559
0.571
0.556
0.542
0.527
0.519
0.565
0.617
0.651
0.636
0.627
0.621
0.880
0.884
0.747
0.932
0.859
0.848
0.655
0.640
0.553
0.464
0.463
0.467
0.475
0.459
0.566
0.562
0.680
0.722
0.800
0.924
0.685
0.719
0.826
0.704
0.718
0.581
0.458
0.472
0.406
0.526
0.524
0.528
0.455
0.526
0.521
0.522
0.567
0.529
0.578
0.497
0.497
0.474
0.661
0.583
0.596
0.601
0.773
0.861
0.644
0.513
0.467
0.423
0.505
0.898
0.614
0.530
0.581
0.892
0.765
0.609
0.629
0.472
0.537
0.567
0.463
0.454
0.644
0.666
0.626
0.668
0.526
0.519
0.421
0.673
0.541
0.491
0.466
0.431
0.641
0.610
0.539
0.513
0.670
0.776
0.927
0.859
0.572
0.550
0.490
0.467
0.592
0.739
0.647
0.643
0.613
0.579
0.717
0.555
0.638
0.567
0.447
0.392
0.486
0.460
0.440
0.518
0.843
0.831
0.625
0.563
0.758
0.966
0.694
0.770
0.849
0.867
0.874
0.806
0.773
0.919
0.968
0.759
0.896
0.682
0.717
0.976
0.921
0.887
0.904
0.858
0.766
0.715
0.549
0.497
0.721
0.696
0.672
0.935
0.824
0.956
0.978
0.943
0.932
0.843
0.860
0.869
0.867
0.925
0.881
0.771
0.841
0.833
0.779
0.752
0.891
0.935
0.944
0.854
0.863
0.840
0.853
0.810
0.922
0.720
0.909
0.937
0.791
0.924
0.901
0.923
0.783
0.900
0.950
0.930
0.846
0.866
0.897
0.976
0.924
0.866
0.845
0.826
0.740
0.648
0.802
0.878
0.837
0.843
0.757
0.874
0.862
0.895
0.743
0.922
0.850
0.913
0.744
0.593
0.651
0.820
0.837
0.906
0.809
0.879
0.931
0.790
0.816
0.874
0.761
0.818
0.830
0.913
0.783
0.965
0.963
0.839
0.944
0.944
0.944
0.936
0.864
0.923
0.834
0.912
0.906
0.975
0.955
0.944
0.914
0.851
0.954
0.921
0.912
0.909
0.949
0.893
0.955
0.954
0.905
0.813
0.959
0.957
0.922
0.946
0.964
0.964
0.803
0.719
0.839
0.965
0.830
0.908
0.865
0.842
0.870
0.930
0.858
0.952
0.939
0.956
0.875
0.897
0.794
0.821
0.917
0.972
0.905
0.783
0.917
0.876
0.860
0.892
0.900
0.931
0.838
0.732
0.941
0.902
0.852
0.753
0.729
0.716
0.733
0.958
0.833
0.955
0.873
0.883
0.927
0.824
0.580
0.519
0.529
0.523
0.664
0.699
0.769
0.693
0.951
0.963
0.965
0.906
0.943
0.956
0.764
0.705
0.693
0.670
0.634
0.708
0.674
0.755
0.758
0.789
0.828
0.879
0.935
0.748
0.710
0.636
0.590
0.664
0.718
0.792
0.734
0.834
0.738
0.646
0.678
0.729
0.691
0.663
0.660
0.582
0.813
0.634
0.645
0.612
0.649
0.555
0.660
0.598
0.665
0.758
0.604
0.607
0.575
0.584
0.539
0.568
0.636
0.605
0.647
0.807
0.718
0.666
0.717
0.611
0.603
0.690
0.668
0.606
0.571
0.599
0.582
0.467
0.453
0.589
0.574
0.550
0.605
0.588
0.744
0.649
0.826
0.695
0.569
0.494
0.474
0.480
0.452
0.489
0.486
0.688
0.654
0.553
0.485
0.431
0.482
0.387
0.382
0.473
0.387
0.440
0.453
0.310
0.303
0.518
0.381
0.486
0.497
0.556
0.546
0.456
0.526
0.591
0.665
0.476
0.452
0.552
0.449
0.377
0.392
0.355
0.471
0.635
0.516
0.345
0.359
0.337
0.321
0.314
0.474
0.562
0.700
0.665
0.873
0.616
0.522
0.502
0.469
0.427
0.425
0.440
0.470
0.490
0.436
0.429
0.521
0.411
0.523
0.523
0.532
0.580
0.873
0.911
0.880
0.641
0.612
0.656
0.686
0.925
0.907
0.731
0.846
0.946
0.888
0.881
0.888
0.820
0.940
0.905
0.856
0.950
0.899
0.900
0.858
0.674
0.834
0.927
0.939
0.887
0.918
0.880
0.667
0.882
0.731
0.682
0.695
0.665
0.843
0.754
0.917
0.955
0.918
0.826
0.714
0.743
0.792
0.919
0.900
0.947
0.955
0.961
0.972
0.972
0.901
0.843
0.934
0.802
0.886
0.952
0.817
0.711
0.632
0.588
0.736
0.698
0.704
0.886
0.967
0.727
0.610
0.792
0.960
0.939
0.756
0.980
0.933
0.909
0.833
0.963
0.848
0.722
0.880
0.866
0.874
0.926
0.964
0.955
0.891
0.966
0.967
0.970
0.813
0.875
0.968
0.967
0.956
0.960
0.936
0.921
0.858
0.964
0.972
0.960
0.977
0.920
0.953
0.874
0.904
0.939
0.930
0.968
0.956
0.902
0.926
0.959
0.960
0.932
0.929
0.911
0.876
0.943
0.980
0.946
0.969
0.981
0.890
0.969
0.962
0.968
0.967
0.956
0.878
0.913
0.920
0.881
0.944
0.861
0.911
0.972
0.829
0.809
0.723
0.786
0.752
0.730
0.926
0.937
0.952
0.928
0.848
0.855
0.824
0.808
0.869
0.948
0.945
0.933
0.890
0.969
0.972
0.882
0.910
0.824
0.870
0.855
0.968
0.974
0.929
0.956
0.892
0.874
0.973
0.971
0.952
0.911
0.923
0.959
0.962
0.915
0.938
0.925
0.939
0.979
0.920
0.746
0.759
0.765
0.762
0.899
0.821
0.901
0.872
0.949
0.955
0.969
0.971
0.924
0.952
0.910
0.957
0.919
0.892
0.945
0.952
0.933
0.933
0.935
0.927
0.932
0.974
0.955
0.918
0.916
0.887
0.825
0.786
0.793
0.714
0.806
0.893
0.902
0.825
0.921
0.903
0.911
0.917
0.805
0.779
0.827
0.936
0.868
0.813
0.769
0.777
0.865
0.801
0.861
0.868
0.778
0.828
0.789
0.799
0.890
0.780
0.830
0.958
0.963
0.814
0.756
0.874
0.830
0.782
0.895
0.807
0.910
0.922
0.896
0.858
0.779
0.827
0.899
0.899
0.740
0.769
0.773
0.758
0.753
0.707
0.704
0.685
0.664
0.818
0.883
0.873
0.822
0.720
0.777
0.724
0.647
0.654
0.628
0.609
0.712
0.649
0.546
0.608
0.544
0.489
0.546
0.504
0.496
0.574
0.577
0.521
0.634
0.641
0.572
0.536
0.529
0.582
0.584
0.687
0.441
0.442
0.449
0.627
0.622
0.513
0.571
0.384
0.388
0.348
0.487
0.406
0.419
0.385
0.719
0.577
0.619
0.580
0.527
0.489
0.439
0.485
0.427
0.494
0.424
0.481
0.400
0.413
0.444
0.470
0.415
0.869
0.631
0.521
0.504
0.821
0.727
0.655
0.625
0.602
0.485
0.551
0.503
0.545
0.752
0.760
0.633
0.679
0.652
0.609
0.482
0.546
0.540
0.364
0.580
0.580
0.502
0.561
0.474
0.523
0.623
0.505
0.457
0.468
0.861
0.556
0.582
0.575
0.475
0.493
0.416
0.560
0.457
0.474
0.518
0.559
0.970
0.674
0.501
0.501
0.553
0.632
0.764
0.914
0.623
0.719
0.885
0.764
0.759
0.572
0.626
0.791
0.677
0.643
0.720
0.752
0.755
0.668
0.869
0.974
0.687
0.874
0.894
0.791
0.650
0.762
0.871
0.715
0.646
0.923
0.861
0.924
0.692
0.619
0.962
0.961
0.902
0.894
0.891
0.823
0.801
0.905
0.945
0.958
0.865
0.900
0.842
0.934
0.964
0.930
0.903
0.829
0.693
0.702
0.808
0.679
0.591
0.629
0.642
0.635
0.681
0.644
0.587
0.584
0.592
0.599
0.662
0.624
0.844
0.774
0.812
0.740
0.722
0.839
0.897
0.821
0.922
0.935
0.841
0.724
0.771
0.909
0.804
0.883
0.949
0.946
0.910
0.834
0.858
0.978
0.953
0.831
0.894
0.795
0.878
0.962
0.926
0.785
0.827
0.950
0.896
0.755
0.733
0.965
0.934
0.853
0.962
0.971
0.828
0.940
0.958
0.873
0.927
0.952
0.963
0.971
0.855
0.814
0.819
0.940
0.961
0.863
0.931
0.895
0.859
0.982
0.966
0.853
0.908
0.902
0.885
0.812
0.906
0.958
0.979
0.867
0.779
0.850
0.949
0.947
0.794
0.932
0.967
0.916
0.822
0.799
0.932
0.868
0.966
0.929
0.964
0.915
0.922
0.967
0.894
0.929
0.889
0.910
0.942
0.944
0.901
0.881
0.912
0.884
0.958
0.955
0.937
0.886
0.968
0.856
0.809
0.937
0.958
0.958
0.941
0.893
0.914
0.844
0.941
0.859
0.905
0.933
0.953
0.890
0.870
0.954
0.833
0.856
0.835
0.892
0.824
0.856
0.886
0.916
0.842
0.840
0.875
0.975
0.791
0.724
0.724
0.767
0.660
0.736
0.706
0.834
0.818
0.788
0.710
0.700
0.614
0.665
0.829
0.885
0.815
0.763
0.934
0.863
0.716
0.684
0.665
0.706
0.632
0.660
0.703
0.796
0.882
0.924
0.907
0.912
0.839
0.828
0.787
0.700
0.651
0.689
0.737
0.666
0.737
0.698
0.798
0.694
0.707
0.964
0.932
0.777
0.639
0.689
0.700
0.782
0.872
0.911
0.830
0.673
0.626
0.680
0.724
0.751
0.674
0.650
0.670
0.634
0.654
0.930
0.718
0.487
0.515
0.536
0.568
0.530
0.644
0.560
0.575
0.652
0.699
0.661
0.584
0.564
0.598
0.647
0.683
0.658
0.712
0.650
0.643
0.543
0.609
0.516
0.516
0.534
0.576
0.526
0.625
0.522
0.481
0.486
0.425
0.482
0.416
0.468
0.454
0.434
0.419
0.386
0.387
0.400
0.408
0.472
0.450
0.461
0.405
0.420
0.451
0.404
0.440
0.491
0.477
0.583
0.611
0.540
0.542
0.541
0.507
0.464
0.498
0.481
0.568
0.603
0.416
0.396
0.342
0.424
0.475
0.470
0.408
0.461
0.458
0.622
0.647
0.665
0.647
0.575
0.582
0.519
0.469
0.427
0.391
0.478
0.473
0.518
0.444
0.432
0.593
0.568
0.495
0.588
0.507
0.710
0.726
0.640
0.629
0.688
0.609
0.655
0.584
0.627
0.673
0.623
0.656
0.670
0.810
0.696
0.571
0.586
0.553
0.589
0.496
0.514
0.502
0.633
0.521
0.454
0.424
0.463
0.755
0.810
0.829
0.663
0.723
0.604
0.655
0.631
0.580
0.636
0.563
0.586
0.569
0.475
0.491
0.645
0.713
0.658
0.777
0.561
0.523
0.602
0.582
0.589
0.631
0.534
0.603
0.585
0.517
0.510
0.532
0.737
0.645
0.532
0.570
0.541
0.708
0.742
0.704
0.708
0.685
0.643
0.724
0.655
0.503
0.573
0.692
0.593
0.639
0.718
0.905
0.843
0.949
0.915
0.851
0.976
0.918
0.980
0.913
0.967
0.969
0.976
0.974
0.947
0.891
0.894
0.917
0.803
0.854
0.813
0.781
0.754
0.831
0.721
0.665
0.799
0.955
0.951
0.766
0.915
0.834
0.860
0.888
0.934
0.888
0.972
0.848
0.832
0.895
0.861
0.914
0.960
0.935
0.869
0.928
0.939
0.855
0.901
0.957
0.931
0.897
0.973
0.899
0.906
0.902
0.842
0.901
0.896
0.929
0.980
0.843
0.642
0.638
0.848
0.869
0.903
0.812
0.971
0.963
0.933
0.945
0.875
0.949
0.915
0.973
0.913
0.949
0.864
0.939
0.938
0.889
0.914
0.970
0.957
0.808
0.895
0.926
0.967
0.940
0.865
0.860
0.865
0.832
0.871
0.764
0.817
0.888
0.698
0.732
0.844
0.809
0.716
0.814
0.886
0.954
0.950
0.816
0.738
0.738
0.822
0.928
0.865
0.789
0.864
0.899
0.896
0.722
0.732
0.875
0.814
0.917
0.955
0.948
0.980
0.966
0.786
0.828
0.877
0.838
0.839
0.826
0.879
0.863
0.802
0.730
0.752
0.904
0.854
0.916
0.844
0.833
0.731
0.787
0.842
0.858
0.787
0.789
0.751
0.859
0.872
0.860
0.760
0.765
0.677
0.647
0.658
0.660
0.725
0.746
0.934
0.696
0.687
0.600
0.555
0.647
0.698
0.683
0.667
0.594
0.568
0.610
0.678
0.580
0.686
0.629
0.700
0.798
0.670
0.831
0.828
0.749
0.707
0.638
0.708
0.775
0.642
0.647
0.719
0.720
0.787
0.776
0.696
0.667
0.665
0.566
0.632
0.678
0.653
0.767
0.597
0.586
0.640
0.526
0.549
0.571
0.509
0.380
0.590
0.558
0.465
0.447
0.445
0.321
0.451
0.438
0.472
0.485
0.628
0.702
0.551
0.535
0.477
0.465
0.378
0.359
0.400
0.451
0.582
0.589
0.519
0.586
0.768
0.555
0.591
0.591
0.512
0.473
0.590
0.602
0.694
0.550
0.453
0.552
0.594
0.646
0.697
0.728
0.661
0.743
0.628
0.789
0.580
0.510
0.474
0.567
0.530
0.596
0.586
0.585
0.630
0.577
0.579
0.551
0.628
0.443
0.463
0.551
0.700
0.600
0.646
0.547
0.453
0.462
0.519
0.500
0.611
0.543
0.753
0.580
0.791
0.752
0.819
0.871
0.829
0.650
0.593
0.633
0.659
0.934
0.663
0.643
0.645
0.712
0.905
0.864
0.924
0.815
0.944
0.931
0.827
0.756
0.883
0.893
0.573
0.654
0.760
0.822
0.850
0.594
0.685
0.862
0.747
0.916
0.896
0.905
0.824
0.761
0.780
0.739
0.910
0.670
0.822
0.768
0.903
0.929
0.971
0.952
0.805
0.908
0.972
0.875
0.735
0.938
0.954
0.897
0.920
0.834
0.944
0.934
0.819
0.964
0.963
0.945
0.963
0.929
0.942
0.947
0.971
0.954
0.849
0.737
0.864
0.944
0.933
0.964
0.966
0.879
0.929
0.796
0.670
0.609
0.542
0.680
0.846
0.862
0.743
0.661
0.586
0.563
0.576
0.609
0.778
0.899
0.975
0.807
0.704
0.850
0.904
0.815
0.944
0.870
0.884
0.932
0.885
0.934
0.963
0.978
0.979
0.933
0.790
0.835
0.893
0.928
0.899
0.875
0.923
0.969
0.936
0.928
0.966
0.905
0.976
0.920
0.935
0.958
0.948
0.967
0.945
0.864
0.938
0.914
0.893
0.675
0.819
0.850
0.925
0.926
0.935
0.952
0.961
0.903
0.940
0.931
0.963
0.954
0.779
0.964
0.925
0.915
0.859
0.931
0.952
0.933
0.933
0.911
0.955
0.903
0.961
0.977
0.958
0.950
0.968
0.930
0.894
0.951
0.883
0.943
0.806
0.885
0.846
0.934
0.903
0.912
0.918
0.893
0.839
0.862
0.915
0.956
0.975
0.911
0.953
0.891
0.921
0.969
0.909
0.957
0.936
0.940
0.929
0.877
0.912
0.967
0.832
0.905
0.882
0.946
0.843
0.819
0.831
0.951
0.898
0.908
0.883
0.904
0.826
0.734
0.865
0.919
0.911
0.853
0.784
0.781
0.892
0.906
0.907
0.916
0.927
0.813
0.777
0.811
0.691
0.672
0.722
0.868
0.886
0.897
0.898
0.837
0.852
0.781
0.735
0.789
0.767
0.872
0.892
0.790
0.837
0.832
0.763
0.770
0.731
0.767
0.698
0.751
0.866
0.684
0.619
0.572
0.577
0.610
0.585
0.635
0.548
0.604
0.705
0.769
0.792
0.635
0.715
0.676
0.861
0.667
0.825
0.944
0.759
0.757
0.632
0.616
0.650
0.609
0.655
0.578
0.642
0.809
0.690
0.727
0.571
0.643
0.686
0.645
0.738
0.688
0.640
0.589
0.726
0.604
0.684
0.591
0.587
0.562
0.545
0.516
0.554
0.533
0.590
0.484
0.485
0.444
0.472
0.486
0.506
0.598
0.557
0.559
0.607
0.486
0.526
0.648
0.604
0.553
0.549
0.555
0.519
0.531
0.582
0.796
0.625
0.684
0.696
0.497
0.464
0.543
0.510
0.433
0.451
0.638
0.685
0.788
0.660
0.516
0.599
0.564
0.573
0.501
0.523
0.652
0.800
0.654
0.507
0.644
0.510
0.428
0.451
0.531
0.554
0.652
0.617
0.570
0.634
0.804
0.928
0.680
0.502
0.542
0.781
0.637
0.708
0.648
0.807
0.732
0.836
0.629
0.611
0.832
0.747
0.877
0.752
0.651
0.720
0.961
0.775
0.873
0.744
0.852
0.748
0.952
0.945
0.859
0.977
0.957
0.929
0.864
0.797
0.767
0.613
0.537
0.650
0.889
0.900
0.859
0.966
0.916
0.866
0.765
0.939
0.784
0.787
0.707
0.871
0.896
0.833
0.812
0.652
0.600
0.611
0.750
0.823
0.854
0.806
0.808
0.881
0.970
0.919
0.801
0.857
0.819
0.694
0.688
0.803
0.950
0.945
0.941
0.805
0.808
0.928
0.951
0.865
0.966
0.839
0.947
0.954
0.868
0.954
0.927
0.947
0.870
0.907
0.785
0.877
0.769
0.737
0.761
0.682
0.613
0.768
0.733
0.725
0.611
0.731
0.886
0.755
0.893
0.926
0.756
0.755
0.903
0.894
0.815
0.854
0.905
0.839
0.852
0.792
0.938
0.960
0.758
0.821
0.942
0.970
0.892
0.866
0.946
0.961
0.933
0.897
0.854
0.910
0.921
0.941
0.970
0.855
0.946
0.912
0.947
0.966
0.957
0.844
0.942
0.924
0.917
0.935
0.951
0.922
0.771
0.777
0.927
0.947
0.941
0.933
0.974
0.851
0.954
0.932
0.968
0.968
0.914
0.880
0.936
0.950
0.962
0.942
0.962
0.908
0.911
0.891
0.974
0.908
0.911
0.908
0.950
0.973
0.854
0.731
0.695
0.746
0.870
0.908
0.949
0.884
0.923
0.889
0.940
0.941
0.967
0.922
0.939
0.917
0.908
0.923
0.963
0.960
0.769
0.727
0.662
0.717
0.853
0.732
0.787
0.919
0.945
0.839
0.947
0.905
0.915
0.916
0.897
0.784
0.814
0.838
0.926
0.957
0.900
0.868
0.876
0.935
0.937
0.712
0.724
0.792
0.787
0.952
0.882
0.880
0.839
0.877
0.850
0.725
0.843
0.657
0.715
0.728
0.818
0.816
0.910
0.862
0.959
0.971
0.955
0.914
0.952
0.953
0.844
0.870
0.829
0.946
0.883
0.892
0.885
0.901
0.840
0.773
0.827
0.724
0.820
0.828
0.717
0.719
0.729
0.771
0.819
0.800
0.876
0.771
0.837
0.921
0.849
0.779
0.865
0.778
0.835
0.791
0.653
0.718
0.702
0.621
0.677
0.717
0.798
0.769
0.770
0.861
0.762
0.639
0.696
0.691
0.699
0.656
0.552
0.554
0.561
0.676
0.733
0.576
0.573
0.549
0.646
0.597
0.680
0.586
0.644
0.544
0.560
0.473
0.566
0.629
0.620
0.614
0.888
0.769
0.888
0.863
0.725
0.674
0.644
0.626
0.538
0.611
0.616
0.618
0.565
0.505
0.502
0.573
0.651
0.929
0.853
0.866
0.550
0.491
0.409
0.391
0.543
0.523
0.506
0.480
0.509
0.565
0.612
0.533
0.630
0.915
0.739
0.744
0.570
0.554
0.519
0.474
0.408
0.481
0.554
0.584
0.614
0.733
0.683
0.952
0.667
0.543
0.558
0.624
0.790
0.761
0.949
0.824
0.807
0.648
0.850
0.747
0.941
0.901
0.931
0.813
0.799
0.740
0.893
0.695
0.582
0.464
0.446
0.463
0.561
0.548
0.621
0.568
0.688
0.636
0.630
0.622
0.629
0.526
0.585
0.946
0.678
0.767
0.949
0.952
0.979
0.847
0.687
0.633
0.927
0.797
0.709
0.607
0.864
0.770
0.761
0.892
0.947
0.758
0.730
0.642
0.612
0.807
0.944
0.723
0.642
0.902
0.802
0.800
0.901
0.760
0.765
0.718
0.767
0.876
0.852
0.815
0.888
0.910
0.929
0.816
0.853
0.747
0.820
0.858
0.961
0.952
0.872
0.818
0.946
0.945
0.844
0.975
0.804
0.846
0.714
0.755
0.846
0.888
0.868
0.718
0.650
0.841
0.906
0.850
0.939
0.921
0.843
0.924
0.851
0.942
0.951
0.963
0.908
0.945
0.964
0.900
0.952
0.799
0.881
0.867
0.772
0.824
0.782
0.844
0.792
0.802
0.918
0.838
0.875
0.812
0.845
0.718
0.703
0.833
0.846
0.761
0.721
0.785
0.831
0.921
0.925
0.923
0.979
0.926
0.974
0.954
0.762
0.868
0.857
0.941
0.971
0.925
0.955
0.910
0.931
0.840
0.682
0.585
0.581
0.582
0.791
0.820
0.821
0.937
0.859
0.962
0.765
0.915
0.940
0.914
0.788
0.845
0.834
0.945
0.866
0.885
0.917
0.920
0.909
0.927
0.977
0.923
0.970
0.963
0.958
0.938
0.970
0.948
0.965
0.896
0.957
0.939
0.815
0.892
0.941
0.966
0.959
0.907
0.905
0.973
0.856
0.869
0.904
0.911
0.973
0.962
0.905
0.937
0.952
0.889
0.925
0.917
0.965
0.940
0.958
0.886
0.941
0.954
0.925
0.976
0.885
0.872
0.910
0.839
0.882
0.951
0.865
0.874
0.948
0.876
0.822
0.812
0.785
0.766
0.755
0.720
0.738
0.753
0.955
0.822
0.793
0.737
0.768
0.751
0.773
0.749
0.811
0.853
0.922
0.849
0.910
0.812
0.776
0.754
0.796
0.804
0.886
0.881
0.777
0.784
0.752
0.839
0.957
0.866
0.879
0.961
0.845
0.818
0.734
0.762
0.713
0.627
0.634
0.655
0.855
0.837
0.854
0.978
0.856
0.881
0.789
0.843
0.761
0.719
0.817
0.859
0.820
0.920
0.734
0.728
0.804
0.754
0.657
0.654
0.712
0.721
0.934
0.851
0.712
0.746
0.882
0.917
0.932
0.828
0.703
0.782
0.729
0.707
0.762
0.845
0.869
0.746
0.701
0.688
0.662
0.617
0.614
0.596
0.601
0.624
0.556
0.595
0.660
0.781
0.538
0.588
0.458
0.538
0.503
0.545
0.550
0.620
0.719
0.731
0.666
0.712
0.569
0.554
0.649
0.917
0.711
0.617
0.705
0.743
0.704
0.899
0.766
0.650
0.660
0.557
0.727
0.650
0.625
0.769
0.645
0.810
0.732
0.602
0.467
0.524
0.384
0.372
0.450
0.611
0.701
0.557
0.600
0.591
0.501
0.544
0.518
0.585
0.651
0.638
0.689
0.653
0.735
0.870
0.844
0.914
0.856
0.760
0.808
0.714
0.687
0.668
0.830
0.736
0.958
0.955
0.731
0.828
0.738
0.673
0.626
0.594
0.525
0.941
0.764
0.720
0.661
0.676
0.580
0.550
0.614
0.924
0.778
0.800
0.893
0.862
0.958
0.912
0.782
0.946
0.938
0.982
0.720
0.688
0.654
0.669
0.924
0.828
0.953
0.970
0.912
0.886
0.914
0.896
0.967
0.890
0.823
0.873
0.864
0.882
0.862
0.744
0.800
0.711
0.777
0.830
0.875
0.949
0.903
0.954
0.802
0.747
0.741
0.792
0.893
0.913
0.869
0.892
0.876
0.874
0.864
0.829
0.775
0.954
0.927
0.930
0.861
0.908
0.875
0.895
0.974
0.970
0.934
0.941
0.868
0.882
0.871
0.942
0.943
0.964
0.874
0.857
0.902
0.857
0.761
0.808
0.883
0.826
0.862
0.775
0.667
0.845
0.976
0.842
0.862
0.851
0.872
0.900
0.873
0.778
0.810
0.852
0.870
0.892
0.939
0.835
0.914
0.919
0.870
0.729
0.689
0.735
0.916
0.871
0.872
0.973
0.909
0.836
0.974
0.924
0.922
0.937
0.837
0.918
0.818
0.890
0.902
0.960
0.864
0.909
0.935
0.949
0.944
0.827
0.859
0.949
0.971
0.974
0.908
0.881
0.874
0.915
0.891
0.881
0.964
0.939
0.850
0.744
0.753
0.928
0.972
0.893
0.883
0.935
0.886
0.945
0.944
0.966
0.954
0.818
0.853
0.958
0.937
0.877
0.944
0.932
0.879
0.827
0.907
0.909
0.937
0.861
0.940
0.897
0.929
0.879
0.794
0.869
0.839
0.782
0.836
0.855
0.844
0.944
0.930
0.939
0.952
0.864
0.931
0.962
0.964
0.910
0.803
0.808
0.833
0.764
0.733
0.704
0.741
0.759
0.867
0.853
0.917
0.918
0.846
0.889
0.814
0.907
0.784
0.713
0.763
0.788
0.803
0.720
0.759
0.864
0.888
0.933
0.769
0.697
0.815
0.902
0.856
0.854
0.850
0.861
0.806
0.809
0.763
0.806
0.891
0.724
0.680
0.704
0.722
0.670
0.801
0.777
0.839
0.708
0.822
0.747
0.626
0.631
0.645
0.720
0.710
0.771
0.740
0.657
0.726
0.660
0.686
0.775
0.816
0.861
0.796
0.653
0.679
0.676
0.627
0.651
0.773
0.557
0.521
0.600
0.590
0.564
0.638
0.671
0.585
0.617
0.600
0.721
0.731
0.744
0.694
0.666
0.584
0.655
0.567
0.534
0.590
0.590
0.562
0.597
0.562
0.472
0.535
0.538
0.554
0.660
0.535
0.565
0.471
0.453
0.409
0.396
0.401
0.501
0.498
0.414
0.496
0.577
0.381
0.695
0.840
0.744
0.691
0.483
0.428
0.641
0.617
0.622
0.546
0.513
0.500
0.492
0.587
0.551
0.543
0.553
0.482
0.487
0.480
0.506
0.482
0.737
0.658
0.679
0.561
0.564
0.474
0.573
0.485
0.443
0.331
0.410
0.434
0.416
0.512
0.439
0.410
0.426
0.590
0.575
0.460
0.484
0.559
0.588
0.560
0.489
0.396
0.362
0.558
0.591
0.672
0.674
0.668
0.633
0.494
0.490
0.669
0.703
0.879
0.704
0.835
0.837
0.623
0.650
0.640
0.572
0.694
0.932
0.849
0.921
0.716
0.690
0.790
0.955
0.794
0.662
0.702
0.811
0.735
0.851
0.827
0.956
0.776
0.866
0.709
0.895
0.843
0.872
0.719
0.816
0.857
0.948
0.941
0.975
0.889
0.875
0.868
0.793
0.862
0.932
0.757
0.729
0.610
0.642
0.854
0.975
0.858
0.777
0.965
0.810
0.884
0.966
0.870
0.919
0.764
0.791
0.829
0.862
0.758
0.936
0.959
0.937
0.920
0.962
0.954
0.907
0.886
0.865
0.966
0.981
0.948
0.693
0.670
0.783
0.693
0.687
0.587
0.649
0.819
0.913
0.888
0.814
0.809
0.712
0.774
0.906
0.888
0.958
0.975
0.967
0.842
0.948
0.973
0.911
0.876
0.956
0.966
0.889
0.897
0.944
0.946
0.899
0.909
0.940
0.930
0.883
0.952
0.966
0.963
0.919
0.956
0.954
0.909
0.930
0.825
0.945
0.928
0.822
0.949
0.949
0.971
0.870
0.839
0.950
0.968
0.957
0.939
0.874
0.830
0.907
0.957
0.879
0.926
0.973
0.952
0.966
0.917
0.979
0.935
0.916
0.876
0.932
0.875
0.870
0.978
0.878
0.937
0.960
0.964
0.963
0.955
0.950
0.933
0.953
0.962
0.973
0.983
0.843
0.925
0.924
0.958
0.948
0.963
0.870
0.900
0.980
0.890
0.963
0.958
0.958
0.901
0.965
0.921
0.969
0.882
0.944
0.938
0.932
0.893
0.947
0.979
0.924
0.770
0.738
0.738
0.781
0.863
0.841
0.872
0.886
0.860
0.756
0.718
0.733
0.734
0.739
0.657
0.602
0.614
0.633
0.773
0.758
0.641
0.571
0.571
0.566
0.535
0.533
0.558
0.578
0.657
0.614
0.707
0.769
0.886
0.908
0.829
0.915
0.736
0.731
0.670
0.727
0.729
0.760
0.846
0.888
0.943
0.782
0.879
0.725
0.783
0.863
0.923
0.765
0.723
0.727
0.863
0.915
0.848
0.831
0.685
0.617
0.722
0.706
0.661
0.742
0.876
0.792
0.686
0.725
0.622
0.693
0.623
0.645
0.698
0.769
0.763
0.523
0.558
0.522
0.422
0.573
0.535
0.589
0.655
0.567
0.533
0.625
0.595
0.823
0.663
0.544
0.516
0.533
0.562
0.551
0.483
0.723
0.656
0.698
0.757
0.659
0.552
0.584
0.603
0.740
0.497
0.551
0.594
0.574
0.524
0.493
0.515
0.548
0.480
0.528
0.632
0.544
0.579
0.473
0.603
0.590
0.564
0.672
0.730
0.547
0.520
0.512
0.423
0.459
0.405
0.434
0.555
0.524
0.761
0.727
0.662
0.625
0.632
0.612
0.568
0.623
0.409
0.411
0.379
0.389
0.507
0.781
0.797
0.662
0.641
0.621
0.480
0.512
0.556
0.622
0.792
0.553
0.531
0.587
0.617
0.789
0.718
0.548
0.545
0.494
0.649
0.574
0.655
0.788
0.763
0.848
0.818
0.817
0.633
0.615
0.871
0.648
0.836
0.852
0.782
0.864
0.806
0.956
0.858
0.917
0.686
0.908
0.966
0.752
0.669
0.595
0.653
0.647
0.572
0.652
0.795
0.830
0.842
0.659
0.913
0.759
0.937
0.761
0.766
0.974
0.941
0.829
0.948
0.961
0.648
0.522
0.612
0.483
0.650
0.794
0.801
0.781
0.880
0.691
0.590
0.708
0.927
0.874
0.956
0.918
0.828
0.865
0.915
0.968
0.961
0.924
0.940
0.964
0.980
0.921
0.961
0.933
0.970
0.791
0.906
0.902
0.866
0.891
0.877
0.953
0.946
0.837
0.966
0.952
0.936
0.826
0.879
0.717
0.882
0.961
0.909
0.903
0.945
0.881
0.865
0.971
0.940
0.819
0.794
0.888
0.834
0.902
0.877
0.854
0.913
0.891
0.840
0.959
0.951
0.953
0.915
0.862
0.935
0.854
0.971
0.885
0.948
0.838
0.888
0.829
0.881
0.768
0.856
0.741
0.694
0.787
0.804
0.917
0.842
0.911
0.676
0.663
0.823
0.797
0.792
0.932
0.957
0.829
0.950
0.836
0.735
0.814
0.680
0.881
0.946
0.804
0.836
0.935
0.939
0.965
0.967
0.882
0.820
0.921
0.933
0.936
0.891
0.979
0.974
0.963
0.914
0.945
0.898
0.893
0.964
0.947
0.782
0.834
0.880
0.966
0.945
0.908
0.690
0.897
0.904
0.967
0.932
0.911
0.895
0.919
0.946
0.939
0.908
0.947
0.980
0.963
0.832
0.912
0.958
0.932
0.945
0.963
0.979
0.893
0.917
0.907
0.874
0.836
0.907
0.890
0.888
0.851
0.895
0.927
0.913
0.868
0.955
0.930
0.946
0.931
0.939
0.844
0.719
0.730
0.854
0.895
0.932
0.928
0.891
0.797
0.839
0.849
0.940
0.797
0.688
0.731
0.697
0.744
0.849
0.811
0.955
0.882
0.932
0.939
0.898
0.887
0.894
0.799
0.702
0.778
0.782
0.738
0.744
0.786
0.778
0.766
0.738
0.819
0.860
0.725
0.698
0.705
0.761
0.807
0.696
0.690
0.660
0.800
0.727
0.746
0.710
0.673
0.726
0.712
0.651
0.730
0.812
0.644
0.746
0.662
0.664
0.534
0.562
0.603
0.659
0.560
0.663
0.558
0.631
0.709
0.746
0.740
0.725
0.720
0.875
0.826
0.836
0.739
0.681
0.686
0.875
0.856
0.802
0.924
0.727
0.700
0.677
0.587
0.765
0.684
0.680
0.588
0.495
0.425
0.489
0.575
0.535
0.631
0.573
0.514
0.506
0.534
0.669
0.547
0.514
0.566
0.749
0.594
0.493
0.536
0.471
0.603
0.621
0.523
0.380
0.382
0.391
0.392
0.460
0.450
0.493
0.492
0.592
0.832
0.724
0.657
0.533
0.471
0.568
0.598
0.582
0.731
0.741
0.702
0.715
0.557
0.727
0.604
0.716
0.533
0.590
0.685
0.529
0.541
0.514
0.595
0.602
0.821
0.590
0.512
0.660
0.699
0.471
0.442
0.422
0.578
0.493
0.660
0.517
0.413
0.490
0.598
0.655
0.789
0.892
0.832
0.746
0.753
0.622
0.944
0.803
0.974
0.920
0.894
0.914
0.958
0.923
0.943
0.788
0.788
0.822
0.733
0.878
0.896
0.945
0.873
0.927
0.622
0.539
0.792
0.769
0.932
0.857
0.883
0.968
0.926
0.779
0.647
0.703
0.956
0.959
0.918
0.922
0.874
0.970
0.749
0.821
0.947
0.845
0.925
0.790
0.870
0.936
0.904
0.888
0.714
0.848
0.891
0.852
0.975
0.905
0.914
0.920
0.854
0.737
0.678
0.692
0.955
0.976
0.888
0.900
0.923
0.967
0.965
0.975
0.940
0.977
0.917
0.812
0.944
0.861
0.895
0.874
0.942
0.942
0.956
0.961
0.937
0.941
0.975
0.978
0.864
0.830
0.918
0.904
0.934
0.886
0.929
0.878
0.962
0.958
0.968
0.971
0.977
0.853
0.936
0.967
0.966
0.966
0.944
0.932
0.926
0.943
0.875
0.891
0.850
0.931
0.965
0.960
0.974
0.876
0.871
0.951
0.896
0.882
0.955
0.955
0.942
0.921
0.955
0.940
0.977
0.910
0.884
0.927
0.911
0.951
0.900
0.975
0.908
0.941
0.920
0.950
0.941
0.874
0.929
0.909
0.967
0.934
0.916
0.863
0.913
0.976
0.933
0.967
0.929
0.963
0.975
0.973
0.903
0.979
0.982
0.892
0.880
0.767
0.897
0.958
0.963
0.964
0.959
0.977
0.969
0.965
0.971
0.969
0.971
0.870
0.941
0.921
0.947
0.909
0.976
0.972
0.975
0.887
0.775
0.885
0.899
0.920
0.962
0.855
0.847
0.963
0.954
0.968
0.907
0.848
0.852
0.849
0.911
0.944
0.937
0.939
0.921
0.958
0.965
0.965
0.962
0.936
0.843
0.904
0.846
0.619
0.651
0.707
0.741
0.724
0.757
0.952
0.953
0.927
0.888
0.851
0.849
0.840
0.832
0.860
0.936
0.847
0.864
0.900
0.905
0.872
0.876
0.825
0.852
0.864
0.960
0.934
0.981
0.853
0.800
0.783
0.784
0.708
0.658
0.758
0.748
0.822
0.895
0.863
0.879
0.925
0.917
0.848
0.865
0.946
0.782
0.699
0.650
0.697
0.745
0.913
0.765
0.716
0.748
0.707
0.714
0.693
0.667
0.664
0.702
0.600
0.603
0.701
0.606
0.634
0.794
0.712
0.794
0.846
0.789
0.743
0.668
0.773
0.681
0.722
0.725
0.667
0.605
0.604
0.725
0.887
0.746
0.718
0.825
0.783
0.696
0.653
0.693
0.889
0.793
0.818
0.688
0.743
0.882
0.756
0.782
0.761
0.701
0.945
0.835
0.694
0.681
0.720
0.640
0.830
0.694
0.500
0.415
0.559
0.639
0.870
0.674
0.462
0.464
0.510
0.527
0.637
0.552
0.568
0.527
0.462
0.456
0.462
0.577
0.756
0.917
0.967
0.942
0.696
0.547
0.668
0.636
0.599
0.589
0.655
0.643
0.488
0.485
0.618
0.604
0.645
0.971
0.702
0.596
0.592
0.535
0.862
0.710
0.617
0.650
0.829
0.621
0.550
0.532
0.558
0.690
0.956
0.809
0.590
0.489
0.615
0.645
0.692
0.829
0.694
0.886
0.824
0.908
0.901
0.934
0.910
0.898
0.837
0.795
0.854
0.709
0.955
0.914
0.900
0.865
0.795
0.638
0.841
0.946
0.959
0.951
0.635
0.625
0.701
0.834
0.613
0.815
0.645
0.842
0.960
0.885
0.884
0.894
0.910
0.805
0.743
0.748
0.602
0.852
0.960
0.946
0.932
0.901
0.957
0.968
0.951
0.967
0.946
0.886
0.968
0.885
0.729
0.802
0.838
0.889
0.881
0.947
0.956
0.952
0.811
0.973
0.941
0.955
0.899
0.894
0.961
0.948
0.832
0.949
0.976
0.958
0.758
0.839
0.878
0.864
0.856
0.968
0.977
0.971
0.948
0.957
0.979
0.930
0.794
0.933
0.970
0.914
0.981
0.980
0.950
0.904
0.915
0.916
0.928
0.865
0.970
0.966
0.933
0.944
0.853
0.792
0.773
0.916
0.963
0.979
0.983
0.939
0.944
0.864
0.958
0.896
0.931
0.915
0.961
0.930
0.929
0.876
0.902
0.949
0.975
0.931
0.873
0.794
0.938
0.877
0.963
0.941
0.870
0.897
0.907
0.969
0.949
0.921
0.949
0.866
0.861
0.942
0.968
0.950
0.881
0.918
0.953
0.962
0.946
0.941
0.892
0.960
0.969
0.975
0.982
0.920
0.909
0.972
0.940
0.980
0.979
0.957
0.954
0.972
0.951
0.916
0.965
0.913
0.948
0.901
0.969
0.924
0.931
0.962
0.888
0.886
0.926
0.943
0.969
0.950
0.975
0.975
0.956
0.936
0.951
0.964
0.959
0.959
0.889
0.974
0.904
0.962
0.969
0.965
0.977
0.843
0.927
0.899
0.967
0.932
0.902
0.902
0.939
0.947
0.932
0.913
0.889
0.961
0.967
0.942
0.939
0.888
0.850
0.934
0.914
0.911
0.895
0.938
0.973
0.965
0.852
0.904
0.885
0.820
0.885
0.946
0.966
0.883
0.928
0.941
0.894
0.921
0.977
0.941
0.939
0.967
0.772
0.729
0.742
0.753
0.715
0.751
0.855
0.895
0.925
0.880
0.697
0.739
0.774
0.937
0.869
0.952
0.882
0.968
0.910
0.831
0.928
0.891
0.955
0.895
0.841
0.763
0.755
0.781
0.814
0.811
0.904
0.905
0.860
0.853
0.854
0.839
0.887
0.769
0.749
0.865
0.861
0.854
0.830
0.707
0.616
0.535
0.617
0.634
0.696
0.716
0.811
0.893
0.895
0.767
0.927
0.788
0.732
0.807
0.721
0.680
0.777
0.953
0.794
0.619
0.530
0.686
0.654
0.706
0.749
0.573
0.585
0.576
0.485
0.518
0.595
0.612
0.720
0.650
0.662
0.856
0.751
0.652
0.632
0.801
0.876
0.802
0.709
0.616
0.669
0.640
0.650
0.621
0.838
0.754
0.683
0.573
0.508
0.427
0.515
0.791
0.694
0.590
0.592
0.510
0.622
0.634
0.855
0.720
0.724
0.822
0.833
0.854
0.894
0.898
0.715
0.673
0.657
0.875
0.883
0.765
0.623
0.565
0.774
0.732
0.708
0.689
0.802
0.906
0.861
0.700
0.572
0.708
0.758
0.831
0.953
0.841
0.940
0.973
0.782
0.621
0.900
0.842
0.947
0.923
0.820
0.861
0.815
0.835
0.933
0.711
0.666
0.817
0.667
0.904
0.941
0.936
0.930
0.947
0.907
0.945
0.804
0.855
0.883
0.871
0.644
0.676
0.888
0.940
0.904
0.725
0.733
0.850
0.872
0.956
0.975
0.860
0.913
0.896
0.957
0.976
0.914
0.921
0.956
0.956
0.877
0.945
0.846
0.864
0.936
0.877
0.927
0.936
0.890
0.957
0.897
0.913
0.908
0.967
0.916
0.946
0.863
0.921
0.954
0.954
0.972
0.943
0.961
0.926
0.965
0.902
0.745
0.770
0.661
0.667
0.690
0.898
0.941
0.888
0.700
0.851
0.930
0.878
0.961
0.857
0.832
0.877
0.923
0.976
0.894
0.962
0.926
0.956
0.899
0.970
0.978
0.905
0.931
0.842
0.885
0.919
0.943
0.942
0.929
0.865
0.930
0.924
0.958
0.969
0.957
0.845
0.856
0.953
0.943
0.949
0.847
0.904
0.881
0.915
0.977
0.952
0.947
0.900
0.929
0.933
0.921
0.912
0.962
0.927
0.883
0.928
0.911
0.969
0.859
0.899
0.904
0.950
0.943
0.881
0.845
0.886
0.904
0.969
0.909
0.901
0.951
0.932
0.957
0.933
0.950
0.966
0.951
0.947
0.887
0.842
0.949
0.974
0.942
0.912
0.961
0.945
0.955
0.977
0.898
0.784
0.874
0.950
0.942
0.843
0.733
0.683
0.650
0.634
0.633
0.640
0.773
0.894
0.867
0.840
0.842
0.922
0.935
0.881
0.868
0.915
0.831
0.811
0.878
0.885
0.926
0.915
0.955
0.969
0.891
0.752
0.805
0.926
0.900
0.791
0.913
0.924
0.925
0.589
0.560
0.597
0.610
0.631
0.679
0.627
0.743
0.888
0.954
0.838
0.793
0.792
0.717
0.710
0.889
0.968
0.953
0.879
0.753
0.803
0.921
0.709
0.811
0.799
0.845
0.964
0.821
0.731
0.702
0.686
0.652
0.644
0.607
0.703
0.675
0.710
0.690
0.695
0.784
0.834
0.768
0.828
0.723
0.727
0.675
0.755
0.643
0.561
0.640
0.606
0.610
0.562
0.598
0.545
0.607
0.635
0.756
0.746
0.815
0.816
0.737
0.826
0.685
0.710
0.940
0.798
0.774
0.756
0.762
0.751
0.665
0.608
0.603
0.615
0.641
0.688
0.788
0.693
0.530
0.553
0.596
0.634
0.677
0.624
0.580
0.457
0.456
0.471
0.511
0.532
0.488
0.461
0.455
0.452
0.433
0.436
0.420
0.438
0.458
0.627
0.562
0.399
0.417
0.394
0.431
0.455
0.484
0.535
0.563
0.749
0.676
0.728
0.869
0.838
0.848
0.632
0.843
0.837
0.552
0.469
0.422
0.398
0.384
0.492
0.476
0.444
0.581
0.947
0.593
0.530
0.588
0.581
0.533
0.590
0.636
0.531
0.546
0.652
0.544
0.469
0.465
0.507
0.527
0.465
0.482
0.784
0.648
0.513
0.623
0.686
0.782
0.706
0.751
0.710
0.490
0.553
0.599
0.795
0.912
0.687
0.970
0.800
0.699
0.541
0.576
0.955
0.890
0.896
0.936
0.733
0.825
0.852
0.936
0.940
0.921
0.527
0.512
0.550
0.705
0.849
0.879
0.868
0.910
0.979
0.873
0.708
0.654
0.848
0.959
0.955
0.914
0.857
0.784
0.945
0.862
0.929
0.741
0.885
0.982
0.925
0.818
0.910
0.976
0.967
0.947
0.925
0.966
0.971
0.768
0.706
0.611
0.776
0.961
0.946
0.803
0.839
0.644
0.852
0.908
0.764
0.641
0.888
0.920
0.964
0.952
0.906
0.828
0.926
0.890
0.904
0.935
0.958
0.952
0.945
0.780
0.750
0.886
0.826
0.858
0.966
0.960
0.968
0.968
0.934
0.896
0.915
0.795
0.949
0.893
0.887
0.945
0.960
0.965
0.854
0.799
0.850
0.969
0.969
0.830
0.912
0.970
0.968
0.955
0.966
0.963
0.949
0.953
0.922
0.782
0.930
0.907
0.964
0.918
0.974
0.892
0.915
0.980
0.982
0.944
0.966
0.929
0.807
0.930
0.960
0.920
0.914
0.911
0.879
0.819
0.947
0.973
0.983
0.916
0.927
0.896
0.963
0.957
0.979
0.849
0.971
0.854
0.938
0.854
0.843
0.952
0.883
0.925
0.968
0.968
0.899
0.862
0.867
0.964
0.954
0.863
0.965
0.968
0.972
0.926
0.960
0.960
0.940
0.945
0.955
0.899
0.914
0.936
0.935
0.958
0.976
0.901
0.905
0.935
0.979
0.868
0.905
0.891
0.964
0.963
0.939
0.958
0.949
0.958
0.898
0.747
0.929
0.944
0.912
0.943
0.943
0.931
0.922
0.928
0.943
0.949
0.951
0.940
0.777
0.715
0.750
0.692
0.717
0.781
0.793
0.961
0.745
0.805
0.920
0.883
0.760
0.703
0.701
0.685
0.741
0.820
0.942
0.927
0.953
0.881
0.853
0.894
0.859
0.714
0.725
0.751
0.685
0.731
0.684
0.845
0.956
0.922
0.861
0.723
0.780
0.764
0.890
0.943
0.872
0.742
0.768
0.814
0.743
0.857
0.930
0.824
0.816
0.717
0.710
0.838
0.757
0.882
0.791
0.693
0.697
0.755
0.845
0.834
0.978
0.902
0.800
0.715
0.768
0.709
0.803
0.758
0.735
0.708
0.751
0.747
0.792
0.822
0.756
0.871
0.835
0.799
0.694
0.619
0.665
0.788
0.662
0.678
0.644
0.598
0.686
0.643
0.741
0.883
0.941
0.913
0.930
0.786
0.738
0.643
0.638
0.702
0.642
0.604
0.557
0.551
0.595
0.630
0.701
0.648
0.676
0.696
0.630
0.698
0.692
0.590
0.544
0.615
0.558
0.610
0.570
0.652
0.787
0.654
0.646
0.596
0.452
0.481
0.617
0.598
0.691
0.672
0.802
0.834
0.944
0.882
0.667
0.677
0.801
0.752
0.672
0.904
0.916
0.948
0.757
0.692
0.744
0.774
0.939
0.716
0.654
0.665
0.767
0.831
0.940
0.860
0.942
0.907
0.957
0.904
0.958
0.954
0.935
0.892
0.755
0.721
0.941
0.960
0.961
0.880
0.944
0.964
0.899
0.959
0.891
0.812
0.835
0.829
0.931
0.870
0.862
0.858
0.921
0.874
0.939
0.939
0.737
0.700
0.791
0.931
0.833
0.927
0.946
0.808
0.712
0.749
0.911
0.941
0.856
0.856
0.940
0.922
0.942
0.922
0.928
0.974
0.904
0.968
0.945
0.772
0.669
0.804
0.919
0.861
0.786
0.893
0.958
0.876
0.922
0.940
0.905
0.963
0.971
0.968
0.972
0.943
0.845
0.880
0.967
0.974
0.884
0.794
0.966
0.920
0.953
0.904
0.863
0.905
0.755
0.733
0.831
0.891
0.937
0.836
0.971
0.966
0.940
0.965
0.956
0.969
0.908
0.925
0.870
0.951
0.894
0.810
0.803
0.832
0.940
0.971
0.984
0.930
0.936
0.955
0.868
0.901
0.920
0.820
0.857
0.921
0.936
0.887
0.950
0.907
0.916
0.863
0.873
0.931
0.964
0.975
0.947
0.981
0.979
0.977
0.905
0.830
0.857
0.944
0.943
0.912
0.900
0.868
0.950
0.945
0.971
0.981
0.928
0.853
0.880
0.912
0.923
0.948
0.791
0.917
0.975
0.908
0.893
0.966
0.970
0.917
0.970
0.966
0.964
0.932
0.973
0.918
0.865
0.950
0.806
0.793
0.914
0.957
0.981
0.924
0.882
0.893
0.965
0.933
0.878
0.882
0.872
0.977
0.861
0.904
0.889
0.769
0.847
0.860
0.914
0.962
0.970
0.901
0.911
0.832
0.891
0.959
0.966
0.929
0.967
0.860
0.958
0.939
0.901
0.962
0.976
0.893
0.918
0.847
0.857
0.895
0.888
0.915
0.932
0.796
0.936
0.891
0.959
0.933
0.801
0.711
0.708
0.717
0.833
0.719
0.742
0.711
0.686
0.641
0.789
0.931
0.925
0.956
0.952
0.953
0.859
0.914
0.943
0.975
0.952
0.967
0.931
0.880
0.951
0.955
0.908
0.909
0.876
0.845
0.908
0.846
0.818
0.768
0.838
0.894
0.962
0.976
0.776
0.751
0.788
0.755
0.804
0.779
0.708
0.736
0.745
0.820
0.893
0.918
0.801
0.900
0.921
0.841
0.948
0.900
0.897
0.825
0.811
0.874
0.874
0.854
0.752
0.693
0.761
0.653
0.680
0.905
0.861
0.742
0.742
0.632
0.651
0.689
0.687
0.627
0.713
0.649
0.490
0.586
0.664
0.698
0.576
0.616
0.664
0.845
0.749
0.685
0.735
0.679
0.632
0.632
0.567
0.670
0.618
0.662
0.621
0.586
0.639
0.636
0.488
0.527
0.494
0.616
0.919
0.766
0.682
0.802
0.828
0.818
0.854
0.719
0.654
0.825
0.707
0.676
0.678
0.621
0.508
0.473
0.488
0.533
0.484
0.454
0.547
0.786
0.634
0.552
0.651
0.593
0.635
0.811
0.604
0.552
0.514
0.577
0.587
0.598
0.477
0.572
0.660
0.677
0.608
0.657
0.709
0.775
0.684
0.744
0.927
0.756
0.598
0.683
0.744
0.655
0.810
0.744
0.799
0.944
0.950
0.959
0.899
0.922
0.894
0.904
0.781
0.594
0.735
0.891
0.936
0.927
0.920
0.940
0.833
0.925
0.862
0.787
0.945
0.934
0.773
0.834
0.940
0.838
0.728
0.679
0.740
0.650
0.863
0.891
0.963
0.947
0.966
0.763
0.708
0.757
0.929
0.843
0.835
0.876
0.963
0.966
0.908
0.915
0.928
0.898
0.950
0.915
0.887
0.953
0.963
0.950
0.945
0.711
0.863
0.934
0.902
0.910
0.867
0.920
0.981
0.967
0.973
0.918
0.929
0.900
0.905
0.932
0.905
0.929
0.958
0.955
0.974
0.932
0.972
0.973
0.961
0.945
0.904
0.841
0.945
0.926
0.977
0.946
0.928
0.946
0.869
0.935
0.960
0.957
0.933
0.975
0.973
0.963
0.976
0.918
0.915
0.964
0.715
0.877
0.927
0.883
0.954
0.954
0.928
0.946
0.948
0.981
0.945
0.876
0.718
0.761
0.929
0.969
0.808
0.826
0.862
0.917
0.924
0.963
0.963
0.972
0.935
0.916
0.958
0.919
0.897
0.944
0.901
0.954
0.932
0.952
0.976
0.935
0.934
0.943
0.953
0.928
0.964
0.946
0.876
0.947
0.961
0.974
0.958
0.935
0.959
0.901
0.930
0.918
0.948
0.949
0.962
0.978
0.872
0.868
0.926
0.933
0.904
0.973
0.976
0.984
0.981
0.899
0.940
0.971
0.970
0.960
0.844
0.969
0.971
0.956
0.977
0.979
0.840
0.846
0.958
0.934
0.982
0.899
0.949
0.943
0.884
0.950
0.968
0.938
0.913
0.932
0.961
0.934
0.951
0.823
0.737
0.681
0.620
0.679
0.617
0.604
0.598
0.633
0.617
0.688
0.717
0.726
0.752
0.845
0.882
0.945
0.863
0.858
0.804
0.921
0.902
0.711
0.713
0.677
0.806
0.927
0.956
0.858
0.961
0.962
0.952
0.918
0.943
0.830
0.860
0.760
0.737
0.780
0.942
0.916
0.808
0.833
0.913
0.976
0.946
0.973
0.889
0.857
0.802
0.752
0.786
0.930
0.979
0.907
0.848
0.704
0.814
0.740
0.764
0.688
0.650
0.792
0.867
0.947
0.865
0.860
0.794
0.747
0.730
0.841
0.892
0.954
0.868
0.809
0.882
0.957
0.841
0.959
0.912
0.919
0.895
0.898
0.852
0.800
0.750
0.659
0.710
0.750
0.885
0.802
0.666
0.656
0.674
0.606
0.713
0.764
0.694
0.657
0.829
0.904
0.583
0.572
0.680
0.720
0.615
0.617
0.604
0.647
0.903
0.723
0.730
0.764
0.728
0.631
0.716
0.646
0.941
0.708
0.652
0.693
0.916
0.562
0.590
0.573
0.636
0.573
0.609
0.637
0.827
0.873
0.973
0.947
0.804
0.759
0.477
0.576
0.516
0.533
0.568
0.582
0.558
0.529
0.609
0.605
0.779
0.731
0.829
0.839
0.720
0.883
0.754
0.863
0.879
0.783
0.645
0.830
0.777
0.651
0.578
0.575
0.810
0.872
0.597
0.569
0.556
0.540
0.589
0.655
0.640
0.922
0.743
0.777
0.916
0.931
0.673
0.847
0.801
0.908
0.911
0.947
0.960
0.965
0.963
0.921
0.891
0.681
0.580
0.612
0.840
0.900
0.894
0.849
0.965
0.845
0.933
0.967
0.845
0.860
0.968
0.965
0.969
0.983
0.865
0.718
0.603
0.592
0.663
0.880
0.903
0.877
0.951
0.982
0.883
0.836
0.947
0.963
0.899
0.946
0.958
0.893
0.977
0.794
0.828
0.927
0.896
0.937
0.829
0.829
0.948
0.973
0.913
0.901
0.959
0.785
0.811
0.841
0.961
0.965
0.980
0.755
0.837
0.852
0.925
0.935
0.857
0.945
0.874
0.971
0.970
0.870
0.940
0.967
0.949
0.920
0.840
0.910
0.861
0.775
0.884
0.888
0.943
0.913
0.940
0.957
0.935
0.943
0.960
0.958
0.956
0.916
0.977
0.889
0.970
0.945
0.958
0.957
0.952
0.967
0.952
0.853
0.838
0.901
0.915
0.884
0.966
0.966
0.965
0.942
0.903
0.970
0.952
0.962
0.972
0.961
0.956
0.950
0.964
0.973
0.921
0.974
0.968
0.951
0.921
0.896
0.957
0.975
0.918
0.844
0.951
0.968
0.959
0.965
0.977
0.947
0.966
0.862
0.946
0.930
0.885
0.939
0.969
0.965
0.979
0.961
0.942
0.907
0.947
0.971
0.795
0.735
0.957
0.881
0.950
0.834
0.971
0.962
0.979
0.932
0.957
0.957
0.916
0.982
0.787
0.886
0.944
0.980
0.921
0.963
0.963
0.966
0.970
0.923
0.882
0.966
0.877
0.843
0.938
0.846
0.912
0.910
0.896
0.858
0.878
0.933
0.788
0.750
0.831
0.927
0.849
0.947
0.947
0.925
0.961
0.911
0.899
0.893
0.838
0.963
0.972
0.833
0.875
0.829
0.875
0.941
0.889
0.873
0.951
0.928
0.942
0.837
0.859
0.970
0.926
0.895
0.933
0.965
0.965
0.970
0.953
0.951
0.892
0.950
0.963
0.977
0.871
0.893
0.835
0.812
0.768
0.756
0.902
0.925
0.884
0.954
0.947
0.876
0.909
0.780
0.743
0.894
0.972
0.913
0.825
0.901
0.918
0.944
0.870
0.742
0.728
0.708
0.751
0.732
0.663
0.806
0.853
0.963
0.853
0.842
0.939
0.856
0.753
0.768
0.814
0.791
0.787
0.886
0.880
0.886
0.850
0.800
0.714
0.756
0.789
0.758
0.696
0.619
0.608
0.754
0.884
0.969
0.794
0.703
0.708
0.740
0.854
0.948
0.788
0.830
0.880
0.763
0.664
0.661
