19790101
1.239
1.139
1.060
0.995
1.248
1.344
1.083
0.777
0.771
1.208
1.627
1.588
1.487
1.286
1.830
1.540
1.129
0.687
0.806
0.707
0.546
1.005
1.322
1.289
1.320
1.213
1.407
1.531
1.086
0.624
0.702
0.863
1.096
0.960
0.967
0.670
1.210
1.295
1.206
1.123
1.191
1.341
1.240
0.960
0.871
1.363
1.493
1.602
0.893
0.965
1.252
1.214
1.820
1.049
1.197
0.750
1.072
1.449
0.952
0.885
1.388
0.924
1.010
0.953
0.697
0.875
0.806
0.817
0.930
1.074
1.366
1.177
0.854
0.847
0.673
0.780
0.930
1.004
1.517
1.186
0.935
0.954
1.278
0.817
1.208
0.790
1.043
0.705
0.662
0.589
0.894
0.995
0.989
0.944
0.541
2.048
2.278
1.459
1.085
0.829
0.833
0.830
0.743
0.946
1.130
0.731
0.782
0.656
0.775
0.553
0.813
1.383
1.403
2.029
1.830
1.750
1.591
0.800
1.213
1.050
0.922
1.012
0.904
0.725
0.829
0.939
0.697
0.606
0.572
0.829
0.775
0.741
0.818
0.911
0.850
0.872
0.718
0.913
0.562
0.716
0.787
0.871
0.836
1.568
1.199
0.803
1.234
0.893
1.183
1.791
2.359
1.409
0.739
0.718
0.966
0.808
0.926
1.488
2.145
1.894
1.252
0.888
0.710
1.318
1.819
2.117
1.511
1.278
0.973
0.864
1.068
0.847
1.190
0.848
0.794
1.578
2.038
1.478
1.216
0.534
0.815
1.222
1.198
0.481
1.337
1.012
1.051
0.639
0.966
1.800
1.799
1.340
1.020
1.082
1.260
0.959
1.402
1.596
1.041
1.018
2.353
1.030
1.277
0.946
1.340
0.995
1.070
1.159
1.171
0.888
0.921
1.043
0.686
0.926
1.465
1.250
1.142
1.204
1.515
1.352
1.018
1.144
1.273
1.130
1.353
1.322
1.182
0.913
1.374
1.260
1.006
1.129
1.034
0.773
1.485
1.202
1.635
1.691
1.055
1.043
1.137
1.561
1.634
1.611
0.917
1.015
1.346
2.396
1.611
0.714
1.417
1.002
1.459
1.559
1.194
0.922
1.813
1.488
1.161
1.102
2.047
2.417
1.313
1.309
1.715
1.424
1.424
1.494
1.140
1.526
1.518
1.582
0.990
1.355
1.055
1.343
1.687
1.021
1.382
1.103
1.583
1.227
1.100
1.116
1.495
1.502
1.242
2.264
2.374
1.595
1.295
1.054
0.819
1.768
1.300
1.021
1.504
1.204
1.790
1.436
1.491
1.642
1.385
1.320
1.293
1.027
1.254
1.272
1.028
1.261
1.040
0.993
1.340
1.533
1.066
1.458
1.545
0.886
0.899
0.969
1.501
1.947
1.229
1.084
1.076
0.830
1.259
1.083
0.965
2.899
1.477
1.133
0.928
1.367
1.383
1.586
1.248
1.414
1.742
1.500
0.890
1.496
1.928
1.644
1.083
1.703
1.511
1.204
0.535
1.378
1.257
1.276
1.226
1.127
1.295
1.375
0.983
0.853
0.822
1.421
1.427
1.143
1.386
1.387
1.056
1.928
0.891
1.047
1.277
1.135
1.441
1.034
1.117
1.335
1.383
1.507
1.551
1.255
0.740
0.854
0.989
0.769
1.250
1.097
1.016
0.946
0.843
1.307
1.489
0.917
1.245
1.306
1.394
1.120
1.082
1.099
1.186
0.796
0.987
1.005
1.295
1.105
1.428
1.135
1.002
1.411
1.033
1.451
0.958
1.467
1.614
1.216
1.014
1.549
1.774
1.409
1.475
1.007
1.353
1.256
1.327
1.429
1.241
1.098
1.074
1.424
2.126
1.354
1.009
1.185
1.338
1.585
1.014
0.801
0.988
0.825
0.853
0.852
0.732
1.004
0.959
0.931
0.499
0.923
0.650
1.815
0.884
0.766
0.917
1.007
0.841
0.840
1.096
0.750
0.742
0.760
0.823
1.607
1.428
1.159
0.763
0.994
0.974
1.211
1.051
1.273
1.122
1.207
0.927
1.266
1.189
1.768
0.934
1.075
1.029
0.961
1.192
1.041
0.920
1.063
0.674
0.833
0.587
0.890
0.846
1.510
0.829
2.115
2.099
1.682
0.880
0.955
1.047
0.747
0.753
1.327
0.847
0.806
1.078
0.756
0.670
0.781
0.802
0.650
1.144
1.099
0.736
0.671
0.933
0.886
1.438
1.202
0.760
1.245
1.079
1.126
0.725
0.521
0.966
1.103
1.663
1.180
0.812
0.779
1.072
0.786
1.273
1.272
0.724
1.189
1.207
1.353
1.060
0.994
1.186
1.167
1.976
1.911
1.389
0.820
1.617
1.402
0.871
0.813
0.686
1.236
0.912
1.002
1.922
2.257
1.681
1.309
1.217
1.089
1.012
0.706
1.458
1.030
0.930
1.048
1.219
1.103
0.822
0.737
0.835
1.067
0.931
0.793
1.079
1.403
0.988
1.263
1.579
1.080
1.260
1.354
1.240
1.950
1.637
0.989
0.866
1.198
1.038
1.135
0.989
1.119
0.789
1.219
1.379
1.069
1.443
1.490
1.175
1.322
0.978
1.539
1.176
1.494
0.957
1.478
1.189
1.725
1.224
1.216
3.003
1.761
1.186
0.942
1.066
1.211
1.326
1.285
1.484
1.470
0.928
0.813
1.473
1.058
1.743
1.736
1.274
0.999
1.751
1.574
2.302
1.246
1.414
1.342
1.196
1.015
1.715
1.644
1.010
1.048
1.894
1.417
1.191
1.158
1.192
1.413
1.173
1.858
1.148
1.674
1.728
1.148
1.653
1.220
1.252
1.710
0.924
1.364
1.034
1.291
0.977
1.184
1.282
1.134
0.903
1.390
1.151
0.820
1.178
0.938
0.979
1.256
1.399
1.522
1.447
1.457
1.622
1.566
1.234
1.410
1.503
1.984
1.893
1.753
1.142
1.891
0.946
1.653
1.510
1.246
1.483
1.411
0.858
1.059
1.253
1.534
1.517
1.264
1.256
0.727
0.625
0.953
1.324
1.335
1.460
1.015
1.147
0.816
0.738
1.495
1.155
0.982
1.217
0.936
1.187
1.358
1.433
1.394
1.623
1.422
1.234
0.831
1.559
1.582
1.844
1.532
2.133
1.109
1.545
0.982
0.725
1.258
1.145
1.319
1.366
1.195
1.747
1.513
1.467
1.226
1.190
1.068
1.042
1.011
1.122
1.031
1.371
1.602
1.378
1.452
1.148
0.768
1.333
1.251
1.045
0.988
1.171
1.440
1.533
1.460
1.607
1.348
0.936
1.504
1.128
0.923
0.863
1.226
1.230
0.903
0.965
0.602
0.925
0.763
0.626
0.891
0.899
1.081
1.152
1.226
1.070
1.114
1.093
1.356
1.567
1.022
1.027
0.902
0.857
0.930
1.264
0.858
0.955
0.954
0.743
0.961
0.648
0.727
0.833
0.893
1.209
0.848
1.000
0.744
1.013
1.103
1.078
1.118
1.003
1.706
1.691
1.136
0.751
0.706
0.730
1.075
1.713
0.926
1.420
0.936
1.631
1.143
1.089
1.204
1.131
0.846
0.813
0.688
0.745
0.663
1.360
1.031
1.194
1.023
1.138
1.041
1.009
0.886
0.892
0.728
0.750
1.037
1.539
0.888
1.053
1.013
1.172
1.032
1.046
1.301
0.886
0.678
0.767
0.845
0.959
1.065
1.521
1.349
0.963
0.842
0.818
0.775
0.915
0.938
0.670
0.889
0.928
0.516
0.800
0.897
0.892
0.633
0.529
0.895
0.805
0.753
1.095
1.748
1.060
1.026
0.948
0.922
1.298
1.386
1.401
1.482
1.245
0.894
1.267
1.223
0.765
0.803
0.930
0.758
1.246
1.970
0.927
1.002
1.055
0.804
0.968
1.319
1.035
0.884
1.385
1.996
1.119
0.716
0.992
1.383
0.667
1.405
0.829
1.068
0.504
0.575
1.071
1.329
1.300
0.886
1.561
1.842
1.816
1.444
1.686
1.320
1.098
1.009
0.891
0.794
0.937
1.257
1.179
1.384
1.319
2.681
2.826
2.058
1.067
0.849
1.688
2.775
1.813
1.191
1.063
0.909
1.149
1.031
0.870
1.118
1.272
1.016
1.151
1.457
1.284
1.196
0.766
1.575
2.209
1.374
1.203
1.297
0.755
1.768
1.165
0.950
1.815
2.189
1.454
0.838
1.286
0.995
1.127
1.060
1.207
1.346
1.539
1.187
1.322
2.293
1.394
1.184
1.189
1.038
1.290
1.466
1.126
1.165
1.564
1.336
1.282
1.447
1.997
1.750
1.362
1.660
0.711
1.774
1.363
1.810
1.262
1.373
1.411
1.744
1.562
1.390
1.192
1.145
1.082
2.170
1.519
1.464
1.539
0.711
1.258
1.682
0.983
0.892
1.299
1.525
1.256
1.754
0.919
1.198
1.458
1.072
1.106
1.003
1.327
0.668
0.963
1.001
1.044
1.147
1.253
1.162
1.630
2.139
1.389
1.202
1.393
1.454
1.175
1.666
0.856
1.378
1.535
1.255
1.493
1.609
1.124
1.045
0.942
1.098
1.350
1.026
0.964
1.808
1.536
0.984
1.409
0.927
1.240
1.019
0.869
1.145
0.522
0.821
1.562
1.289
1.493
1.050
1.018
1.326
1.187
1.030
1.014
0.693
1.299
1.081
1.412
0.983
0.773
0.894
1.302
1.506
0.909
1.020
1.357
0.618
0.990
0.890
1.197
0.770
0.943
1.096
0.632
0.670
0.973
0.885
1.058
1.041
0.704
0.726
0.858
0.776
1.151
1.259
1.252
1.568
1.443
0.985
1.083
1.236
1.153
1.067
0.500
0.802
0.797
0.831
0.637
1.106
1.258
0.944
0.837
0.859
1.452
0.989
0.891
1.072
1.113
1.112
0.887
1.477
1.310
1.057
0.924
0.949
0.746
1.313
0.630
1.022
0.959
0.703
0.631
1.089
0.781
0.929
1.114
0.734
0.863
1.419
1.537
1.300
1.141
0.815
1.027
0.787
0.865
0.661
1.091
1.131
0.817
0.760
1.116
0.855
1.235
1.114
1.310
1.296
1.302
0.884
1.299
0.894
1.003
1.199
0.774
0.943
0.761
1.144
1.142
0.858
1.045
1.095
0.896
1.425
1.274
1.141
1.554
1.666
1.131
0.812
0.934
1.311
0.982
0.690
1.071
1.454
0.907
0.943
0.676
0.613
0.865
1.358
1.279
1.224
0.730
0.528
1.000
0.988
0.812
0.755
0.909
0.947
0.877
0.996
1.649
1.341
1.527
1.597
1.532
1.137
1.627
1.292
1.372
1.439
1.540
1.327
0.917
0.799
0.750
0.909
1.091
0.582
0.925
0.835
0.403
0.639
0.869
1.053
0.744
1.137
0.572
0.640
0.731
0.509
1.758
2.009
2.005
1.997
1.652
1.399
1.147
1.053
0.848
1.035
1.139
0.845
1.248
0.688
0.936
1.285
0.972
1.094
1.125
1.011
0.973
0.928
1.532
1.838
0.948
1.451
1.297
1.262
1.243
0.964
1.528
1.499
1.377
1.408
1.704
1.024
1.185
1.267
1.053
0.823
1.261
1.157
1.342
1.046
0.850
1.147
1.217
1.075
1.102
0.743
0.919
0.941
1.203
1.541
1.018
1.325
0.898
0.760
0.706
0.881
0.842
0.873
1.077
1.257
1.151
0.967
1.243
0.946
1.336
0.910
1.052
1.069
0.984
1.072
1.106
0.898
0.929
1.662
1.384
0.765
0.859
0.910
0.941
1.078
1.352
1.413
1.491
1.552
0.880
1.193
1.213
1.346
1.151
1.014
1.043
0.928
1.221
1.286
0.888
1.300
1.803
1.540
1.078
1.542
1.074
1.019
1.172
1.061
1.443
1.472
1.173
0.737
1.686
1.189
1.319
1.197
1.041
1.060
1.064
0.893
1.330
1.226
0.922
0.960
0.729
1.129
0.941
1.202
1.091
1.197
1.476
1.399
1.516
1.291
0.993
1.471
1.291
1.298
1.294
1.202
1.377
1.899
2.041
1.389
1.024
1.413
1.862
1.413
1.120
1.142
1.113
1.536
1.453
1.200
1.249
1.125
1.520
1.818
1.278
1.693
1.787
1.537
1.774
1.812
1.523
1.029
1.620
1.155
0.992
0.857
1.558
1.607
0.926
0.800
0.936
1.268
1.321
1.365
1.025
1.145
1.553
1.083
1.131
1.039
1.528
1.646
1.612
0.916
1.061
0.871
0.929
0.933
0.926
0.601
0.962
1.046
1.358
1.575
1.330
1.101
1.418
1.396
0.965
1.535
1.388
0.987
1.254
1.060
1.098
0.993
1.555
1.265
1.279
1.487
1.126
1.098
1.112
1.365
0.637
0.794
1.241
0.947
1.148
0.944
1.311
1.034
1.002
1.086
0.860
1.233
1.259
1.162
1.269
0.999
0.917
0.931
1.251
0.915
1.400
1.690
1.322
1.004
0.995
0.915
0.873
0.839
1.339
0.936
1.086
1.247
1.451
1.275
1.126
1.479
1.074
1.257
1.153
0.924
0.749
1.022
1.012
0.862
0.954
1.032
1.331
1.532
1.313
1.303
1.690
1.050
0.795
1.062
0.590
0.770
0.746
0.867
1.241
0.747
1.029
1.078
1.158
1.695
1.175
1.283
1.214
1.406
0.924
1.175
1.129
0.840
1.114
1.479
1.320
0.778
0.787
1.095
1.310
1.388
1.510
1.478
1.738
1.617
1.578
1.418
1.420
1.161
1.281
1.089
0.803
0.927
0.943
0.761
0.861
1.008
1.036
0.871
0.991
0.827
1.130
0.640
0.896
1.006
0.889
1.148
0.708
0.865
0.827
0.995
1.003
0.830
0.622
0.616
0.812
1.255
0.815
0.820
0.638
0.651
0.839
0.796
0.452
0.780
0.892
0.894
1.082
1.020
1.696
1.012
0.799
0.885
0.852
0.883
0.691
1.044
1.210
1.112
1.237
0.834
0.982
1.002
0.744
0.643
0.825
0.885
1.552
1.429
0.848
1.031
1.385
1.039
1.182
0.761
2.088
1.357
0.747
0.717
1.042
1.127
1.030
1.188
1.182
1.055
0.746
0.816
1.380
2.236
2.125
1.341
0.849
0.908
1.428
1.356
1.012
1.078
0.756
1.179
0.671
0.745
0.911
1.128
1.135
0.954
0.981
1.641
1.425
1.113
1.210
1.588
1.528
1.149
1.201
1.433
1.353
1.047
1.024
1.036
1.125
1.103
2.325
1.472
1.503
1.215
0.916
1.235
1.140
1.060
1.150
1.288
1.129
1.227
1.550
1.358
1.381
1.722
2.074
1.783
1.486
1.077
0.946
0.639
1.227
1.164
1.540
1.524
1.338
1.190
1.264
1.012
0.828
1.601
1.648
1.804
1.670
1.308
0.963
1.081
1.197
1.442
1.338
0.910
0.944
1.391
1.398
1.477
1.299
1.300
1.036
1.531
1.270
1.415
1.460
1.219
2.173
1.574
1.409
1.226
1.469
1.050
1.060
1.119
1.632
1.581
0.814
1.904
1.420
1.301
1.209
1.640
1.197
1.109
1.685
1.337
0.784
0.736
1.342
1.586
1.225
1.217
1.022
1.546
1.174
1.244
1.027
1.315
1.744
0.943
1.114
1.576
1.232
1.964
1.191
1.379
1.608
1.318
1.439
1.551
1.184
2.185
1.273
1.252
1.458
0.836
1.174
1.269
0.818
1.037
1.004
1.227
1.244
1.270
1.831
1.362
1.334
1.452
1.228
1.348
1.606
1.373
1.054
2.212
1.282
1.221
1.211
1.083
0.975
1.278
1.121
1.644
0.899
1.303
1.328
1.194
1.441
0.943
1.231
1.206
1.392
1.171
1.470
1.299
0.980
0.740
1.298
1.266
1.444
1.394
1.586
1.187
1.561
1.249
1.507
1.375
1.314
1.114
1.013
0.924
0.980
0.985
1.102
0.858
0.803
0.888
1.127
0.991
1.213
0.727
0.708
1.132
1.342
1.062
0.967
0.831
0.957
0.976
0.906
0.764
0.981
0.851
0.783
0.786
1.397
0.784
1.117
1.249
0.902
1.083
0.863
0.998
1.215
1.218
1.126
1.658
1.271
1.915
1.060
0.974
1.136
0.942
1.153
0.814
0.894
0.763
1.131
0.603
0.805
1.157
0.913
1.062
0.690
1.237
1.112
0.635
0.974
1.121
1.132
1.034
1.134
0.892
0.918
0.590
1.019
0.942
0.773
0.952
1.618
0.731
0.949
0.830
1.039
0.771
1.201
0.718
0.705
1.136
0.687
0.890
1.198
1.385
1.311
1.603
1.622
1.281
1.086
0.852
1.041
0.712
0.950
1.155
1.151
1.253
2.057
1.076
0.822
1.682
0.859
0.979
1.038
1.417
1.205
1.479
1.009
0.702
0.749
0.786
0.618
1.153
1.195
1.354
1.276
0.696
0.818
1.189
1.445
1.319
0.956
0.860
0.812
0.807
0.905
0.739
1.195
2.439
1.082
0.882
1.039
0.733
0.866
0.704
0.956
1.292
1.145
0.942
0.847
0.735
0.730
0.454
0.641
0.914
0.637
1.562
1.318
1.224
1.144
0.838
0.538
0.725
0.709
0.558
0.596
1.117
1.223
0.908
0.863
0.747
0.822
0.907
0.777
1.840
1.106
0.880
1.039
0.825
0.783
1.122
0.983
1.142
1.004
1.135
0.946
0.877
0.849
0.979
0.896
0.763
0.579
0.922
0.986
0.858
1.014
1.125
0.963
0.924
0.904
1.118
0.711
1.808
2.189
1.205
0.820
1.302
1.488
1.257
1.219
1.115
0.709
1.110
1.197
1.352
1.181
1.095
0.977
1.170
1.216
1.138
1.037
1.076
1.332
1.716
1.360
1.489
1.669
1.439
1.529
1.528
1.285
1.257
2.080
1.701
0.929
1.060
1.253
1.173
1.073
1.130
1.236
1.175
0.845
1.309
0.996
1.030
0.944
1.300
1.254
1.471
1.459
1.190
0.925
1.140
1.288
1.599
1.232
0.802
0.832
1.955
2.894
1.399
1.724
1.767
1.619
1.474
1.232
1.100
1.434
0.867
1.397
1.190
0.943
1.254
1.126
1.062
1.105
1.427
1.348
1.172
1.400
1.167
1.044
1.246
1.362
2.097
1.556
0.945
1.076
1.041
1.579
1.097
1.082
2.229
1.795
0.912
1.887
1.360
1.077
1.183
1.088
1.357
1.388
1.313
1.349
1.092
1.129
1.095
1.433
1.147
1.637
0.807
1.481
1.240
1.168
1.217
1.222
1.829
0.860
0.868
1.551
0.591
1.126
0.996
1.075
1.395
1.132
0.995
1.388
1.293
1.615
0.899
1.244
1.578
1.410
1.447
0.870
1.167
0.684
1.032
0.938
0.786
1.190
1.243
0.973
0.865
1.192
1.628
1.006
1.459
1.197
1.146
1.620
1.364
1.057
1.356
1.375
1.720
1.113
0.814
0.819
1.241
1.180
1.508
1.220
0.969
0.705
1.144
1.097
1.270
0.931
1.583
1.391
1.297
0.889
1.120
1.224
1.429
1.376
1.132
0.930
0.965
0.844
0.840
0.995
1.258
1.072
1.330
1.221
1.002
0.852
0.954
0.871
0.935
1.001
1.096
1.030
0.994
1.018
0.888
0.967
1.314
1.193
0.999
1.040
0.858
0.943
1.106
1.332
1.504
1.461
0.689
0.787
0.905
0.967
1.033
0.699
0.920
0.992
0.907
0.873
0.898
1.124
1.029
1.049
1.072
1.346
1.384
1.031
0.690
1.118
0.634
0.871
0.847
0.844
0.886
0.903
1.045
0.930
1.182
1.183
1.165
1.156
0.983
1.080
0.806
0.769
0.640
0.914
0.902
1.047
1.012
1.136
0.967
0.541
0.763
1.085
1.082
1.086
1.039
1.155
1.125
1.031
1.089
0.720
0.648
1.011
1.007
1.279
1.207
0.931
0.752
0.795
0.955
1.290
1.030
0.991
0.630
0.987
1.400
1.078
1.038
0.794
0.877
0.556
0.797
1.202
0.970
0.824
0.967
0.759
0.868
1.283
1.264
1.084
0.976
1.044
0.784
0.475
0.921
0.920
1.392
1.467
0.648
1.002
0.866
1.121
0.743
1.427
1.282
1.240
1.162
0.821
1.113
0.650
0.800
0.714
0.801
0.918
0.651
1.045
1.069
0.797
0.735
0.887
0.804
0.769
0.971
1.250
0.979
0.616
0.676
0.916
0.685
0.813
0.750
0.884
0.975
0.808
0.943
0.812
1.385
1.652
1.446
1.601
2.148
2.420
1.966
1.667
0.765
1.081
0.921
1.044
0.755
1.360
0.839
0.947
1.042
0.881
0.878
0.620
0.954
1.206
1.319
1.192
0.945
1.025
1.612
1.564
1.225
0.968
0.744
1.251
0.944
1.462
1.325
1.000
1.025
1.053
1.975
1.866
1.600
1.482
1.566
1.383
1.462
1.192
0.790
1.196
1.305
0.814
0.828
1.261
0.883
1.074
1.098
1.287
1.183
0.975
1.421
1.006
1.519
1.521
1.182
0.734
1.140
1.327
1.084
1.715
1.439
1.272
1.419
0.848
0.898
1.344
1.224
1.183
1.143
1.180
0.702
1.018
1.131
1.456
1.497
1.398
1.658
1.300
0.865
1.173
1.171
1.324
1.327
1.200
1.132
0.815
1.214
1.362
1.262
1.049
1.732
1.808
1.052
0.909
1.974
1.655
1.390
1.063
1.069
1.047
0.849
0.963
1.432
1.161
1.315
1.163
1.023
1.003
1.345
1.196
1.557
0.986
0.731
1.167
1.094
1.369
1.208
1.426
1.049
1.586
1.205
1.314
1.077
1.407
1.110
1.566
1.020
1.270
1.322
1.259
0.957
0.973
0.739
1.429
1.576
1.452
1.765
1.003
1.167
1.418
0.885
1.040
1.727
1.119
1.097
1.138
1.105
1.683
1.413
1.293
1.284
1.359
1.374
1.167
1.155
1.148
1.203
1.468
1.301
1.012
1.071
1.675
1.638
1.092
1.081
1.182
1.214
0.934
0.953
0.996
1.605
1.326
1.040
1.179
1.598
1.300
1.173
1.330
1.325
1.409
1.230
1.078
1.057
2.226
1.430
1.376
0.867
1.105
0.896
1.400
1.292
1.073
1.413
1.249
1.536
0.995
1.131
1.507
1.532
1.205
1.308
1.543
0.895
1.170
0.961
1.416
1.598
1.601
1.554
1.010
0.986
1.096
1.016
1.278
0.956
0.973
0.872
1.009
1.221
1.073
1.492
1.066
0.949
0.880
0.924
0.970
0.759
0.975
0.818
1.286
0.967
0.611
0.763
1.469
1.443
0.883
0.547
0.881
0.886
1.113
1.176
0.958
0.715
1.059
1.024
1.092
0.955
1.046
1.171
1.375
1.224
0.912
0.962
0.938
0.997
0.455
0.762
0.735
1.021
1.336
0.885
0.991
0.948
1.405
2.044
0.947
0.820
0.904
0.889
0.970
1.353
1.004
1.388
1.251
1.062
0.869
1.118
0.805
0.987
1.219
0.942
1.123
0.787
0.625
0.864
0.663
0.958
0.910
0.901
1.117
0.930
0.728
0.800
0.602
1.191
0.983
0.885
0.866
0.813
0.687
0.873
1.114
0.852
0.751
0.925
1.013
0.883
0.814
1.697
2.021
1.021
1.195
1.394
0.721
1.046
0.665
0.566
1.075
1.139
0.995
1.440
1.304
1.123
1.071
1.144
0.987
0.755
1.026
0.859
1.044
0.696
0.899
0.988
0.827
0.620
1.100
1.116
0.690
1.006
0.964
0.819
0.604
1.020
0.896
0.853
0.573
0.847
1.266
0.759
1.204
1.170
1.132
1.048
-99.000
1.320
1.541
1.482
1.079
0.895
1.170
0.805
1.128
0.936
0.611
1.075
1.009
0.891
1.213
1.024
1.034
0.984
0.733
0.798
1.132
1.327
1.068
1.007
1.016
1.020
1.134
1.190
0.698
0.956
0.786
0.651
1.898
2.148
1.573
1.225
1.181
1.567
1.650
1.238
1.291
1.353
0.980
1.105
1.021
0.960
0.847
0.937
0.807
0.922
1.139
1.036
1.979
2.370
1.447
1.241
1.280
1.090
1.010
0.869
1.387
1.233
0.890
0.669
1.047
0.636
1.061
1.014
1.097
0.847
0.768
0.983
1.234
1.306
1.305
0.981
1.269
1.390
0.993
0.904
1.083
1.221
1.244
1.147
1.850
1.460
1.621
1.110
0.987
1.062
0.658
1.052
1.167
1.118
1.508
1.280
1.136
1.010
1.120
0.950
0.955
1.403
1.551
1.339
1.509
1.186
1.467
1.822
1.034
1.009
1.537
1.237
1.118
1.353
0.915
1.369
1.397
1.280
1.081
0.702
1.089
1.418
1.540
1.169
1.298
1.118
1.322
1.538
0.848
1.341
0.957
1.370
1.023
1.062
1.080
1.351
1.483
1.305
1.521
1.372
1.343
1.385
1.340
1.053
1.157
1.657
2.223
1.815
1.222
1.353
1.003
1.455
1.618
1.834
1.520
0.809
1.464
1.273
0.797
1.504
1.181
1.085
1.319
1.505
0.963
1.974
1.686
1.257
1.301
1.140
1.359
1.293
1.100
1.385
1.584
1.745
1.000
0.834
0.833
1.131
1.134
1.077
1.196
1.044
0.955
0.910
1.058
0.862
1.004
1.340
1.345
1.041
0.763
0.937
1.005
0.639
1.349
1.514
1.512
1.024
1.369
1.192
0.639
0.569
0.829
1.014
1.476
1.078
-99.000
-99.000
-99.000
-99.000
-99.000
-99.000
-99.000
-99.000
0.989
0.775
0.775
1.098
1.129
0.938
0.684
1.031
1.051
0.921
0.916
1.215
1.516
0.948
1.050
1.253
0.794
1.278
1.236
1.213
0.945
0.746
1.018
1.141
1.013
1.323
0.768
0.826
1.196
1.154
1.613
1.234
0.861
0.896
1.180
0.830
1.257
1.062
1.010
1.803
1.715
1.589
1.525
1.152
1.483
1.477
0.930
0.852
0.659
0.961
1.039
0.543
1.078
1.004
0.569
0.741
0.906
0.676
0.653
0.907
0.791
0.879
1.166
0.972
0.891
0.772
1.507
1.389
1.615
2.325
1.068
1.291
1.300
1.662
1.613
1.676
1.193
0.963
1.132
0.855
0.635
0.966
0.754
0.599
0.910
1.300
0.934
0.870
0.857
0.956
0.911
1.181
2.030
1.386
1.351
0.757
1.076
0.803
0.660
1.228
1.243
1.363
1.352
0.971
0.859
1.003
0.639
1.717
1.784
1.057
1.022
1.038
0.947
0.991
0.739
0.838
0.651
0.831
0.831
0.852
1.023
1.368
1.097
1.398
1.088
0.880
0.810
0.747
1.448
1.687
1.057
0.657
0.742
1.234
1.507
1.122
0.550
0.834
0.834
1.210
0.832
1.692
1.715
2.139
2.678
1.937
1.140
0.600
0.818
0.911
0.933
1.111
0.831
1.082
1.048
0.652
1.056
1.210
1.512
1.609
0.921
1.299
1.601
1.240
0.922
0.673
1.308
2.174
1.580
1.465
1.397
0.884
0.878
0.766
1.958
1.882
1.419
0.906
0.861
1.284
0.924
0.738
0.580
0.843
1.267
1.454
1.161
0.953
1.299
1.058
1.094
0.913
1.295
1.036
0.986
0.781
1.455
1.194
1.133
1.150
1.646
1.824
1.019
1.442
1.189
1.264
1.293
0.993
1.183
0.799
2.552
2.148
1.178
1.044
1.107
1.033
1.535
1.811
2.205
1.029
0.788
1.406
0.991
1.457
1.271
1.109
0.904
1.165
1.178
1.254
1.539
1.353
1.816
1.616
1.055
1.099
1.564
1.113
1.190
1.776
1.227
1.055
1.395
1.346
1.532
1.064
1.479
1.342
1.524
1.118
1.632
1.671
1.781
0.928
1.571
1.254
1.393
1.856
1.580
1.347
1.155
1.509
1.749
1.601
1.510
1.552
1.426
1.637
1.976
1.560
1.302
1.466
1.446
1.412
1.606
1.479
1.697
1.156
1.280
1.457
1.634
1.224
1.128
1.613
1.710
1.657
1.359
1.211
0.877
1.237
1.154
1.574
0.951
1.464
1.407
1.571
1.243
0.992
1.159
1.361
1.231
1.391
1.698
1.465
1.288
0.925
1.171
1.279
1.773
1.313
1.678
1.821
1.490
1.555
0.801
1.053
1.196
1.049
1.044
1.315
1.140
1.179
1.046
0.855
1.180
1.047
1.130
1.088
1.194
0.993
1.077
0.980
1.003
1.458
1.663
1.593
1.233
1.528
1.344
1.259
0.947
1.362
1.251
1.152
1.423
1.611
1.200
1.324
1.269
1.460
1.523
0.685
0.860
1.040
1.321
0.985
1.129
1.164
1.086
1.110
1.753
1.429
1.294
1.139
1.233
1.001
1.613
1.376
1.560
1.742
1.229
1.006
0.908
1.214
1.434
1.418
1.275
1.650
1.291
0.648
1.140
1.145
1.072
0.899
0.870
1.242
1.202
0.779
0.782
0.896
0.761
0.924
0.854
1.147
1.285
1.074
1.105
0.972
1.023
1.184
1.525
0.719
1.035
1.040
0.822
0.849
0.841
0.941
1.052
0.619
0.832
0.749
1.071
0.987
0.674
0.663
1.087
0.847
1.227
0.936
0.808
0.663
0.683
1.032
1.156
1.129
1.318
1.212
1.154
1.736
1.487
1.093
1.039
1.158
1.055
1.223
1.223
0.957
0.968
1.086
1.672
1.464
0.926
0.732
0.745
0.951
1.132
1.002
0.932
1.177
1.072
1.207
1.007
0.802
0.622
0.894
0.881
0.675
1.133
0.838
0.977
0.801
0.678
0.699
1.289
0.978
0.588
1.474
0.779
0.610
1.164
1.258
1.218
1.346
0.922
1.054
0.843
1.224
1.038
1.257
0.920
0.832
0.715
1.585
2.231
1.534
1.169
0.987
0.860
0.726
1.488
1.642
1.228
0.969
1.147
0.724
0.989
0.822
0.726
0.655
1.295
0.913
0.954
0.715
1.068
0.802
0.733
0.715
1.205
0.963
1.211
1.261
1.223
1.019
1.182
1.019
2.482
1.279
1.183
0.773
1.805
1.709
0.894
0.878
0.724
1.072
2.001
1.363
0.960
0.979
1.289
1.187
0.980
0.860
0.914
1.103
1.559
1.415
1.310
1.231
0.924
1.245
1.310
0.793
0.952
0.824
1.039
0.960
1.167
0.922
1.049
1.298
1.030
1.078
2.087
1.432
1.660
2.356
2.301
1.706
0.939
1.122
1.078
1.158
0.852
0.926
1.284
1.028
0.803
1.776
2.171
2.246
1.534
0.876
0.903
1.063
0.983
1.246
0.937
1.180
1.136
1.279
1.404
1.270
0.953
1.277
0.912
1.719
1.277
1.010
1.204
1.317
1.557
1.403
1.282
1.650
0.763
0.640
1.321
0.820
0.967
1.112
0.920
1.169
1.316
1.144
1.307
1.544
1.237
0.996
1.262
1.335
1.292
1.303
0.871
0.929
1.326
1.599
1.080
1.321
1.101
1.587
1.583
0.961
1.108
1.740
1.510
0.896
1.472
1.234
1.897
1.460
1.162
1.312
1.320
1.382
1.290
1.066
1.124
1.161
1.764
0.969
1.587
1.127
2.184
0.997
1.037
1.451
1.279
0.860
1.200
1.401
1.063
0.953
1.130
1.213
0.989
1.466
1.794
1.106
1.334
1.516
1.485
1.702
1.147
2.094
1.252
1.942
1.512
1.082
1.286
1.818
0.985
1.137
1.326
1.158
0.862
1.076
1.249
1.051
1.682
1.208
1.380
1.020
0.861
1.130
0.897
1.542
1.471
1.346
1.146
0.978
1.456
1.258
1.321
1.116
1.486
1.183
1.222
1.000
0.686
1.705
0.942
1.310
1.093
0.783
1.117
1.484
1.082
0.883
1.030
1.250
1.439
0.775
0.763
1.224
1.156
1.565
1.494
0.742
0.889
1.247
1.182
1.326
1.423
0.800
0.965
0.729
1.363
0.967
0.981
0.798
0.689
0.958
0.717
1.277
1.438
1.429
1.437
0.829
0.842
0.749
0.891
0.862
1.220
1.478
1.292
1.131
0.989
0.846
1.021
0.870
0.734
0.970
1.134
1.075
0.883
0.959
1.244
0.917
0.601
1.061
0.967
1.076
0.832
1.026
1.157
1.485
1.303
1.207
0.672
0.932
0.891
1.012
1.124
1.151
1.747
1.478
1.246
0.845
1.082
0.966
1.155
1.331
1.098
0.624
1.170
1.519
1.024
0.782
0.864
0.990
0.923
0.909
1.196
0.987
0.669
0.750
0.963
0.918
0.878
0.667
1.204
0.977
0.925
1.285
0.950
0.949
1.442
1.409
0.972
0.616
0.849
0.917
0.873
0.916
0.785
1.264
0.886
0.821
0.577
0.419
1.007
1.219
1.014
0.810
0.544
0.907
0.687
1.194
0.936
0.739
0.844
0.929
1.032
0.793
0.651
0.797
0.825
1.983
1.823
1.198
0.647
0.490
0.839
0.748
0.809
0.913
0.917
1.023
0.913
0.858
0.824
1.025
0.642
0.557
2.083
2.239
1.763
1.474
1.366
1.288
1.169
1.121
0.868
0.589
1.048
1.283
1.257
1.614
1.461
1.551
1.192
1.070
0.690
0.840
0.680
1.283
0.938
0.888
0.801
0.766
0.783
0.853
0.862
0.755
0.661
1.017
1.144
1.134
1.170
0.788
1.352
1.995
1.239
1.199
1.103
0.881
1.255
1.561
0.753
0.533
0.900
1.054
1.304
1.042
0.794
1.100
1.769
1.117
0.998
0.870
0.909
0.651
1.805
0.806
2.331
2.655
1.835
1.754
1.318
0.684
0.751
0.828
0.948
0.858
1.578
1.392
0.987
0.958
1.034
0.725
1.023
1.304
1.473
1.522
1.334
1.205
1.194
1.086
1.537
1.467
1.067
1.550
1.135
1.165
0.997
1.374
1.619
1.006
1.069
1.290
1.696
2.034
1.454
1.019
1.194
0.972
1.139
1.154
1.295
1.545
1.337
1.345
1.101
1.250
1.546
1.251
1.141
1.149
1.382
1.486
1.150
1.115
1.331
1.390
1.072
1.150
1.371
1.149
1.390
1.340
1.629
1.758
1.085
1.578
1.026
1.446
2.635
1.992
1.713
1.003
1.060
0.898
1.461
1.460
1.321
1.066
2.126
1.496
0.991
1.839
0.975
1.416
1.371
1.693
1.008
1.279
1.313
1.198
1.611
0.980
1.137
1.200
1.093
0.963
1.745
1.242
1.167
0.893
1.800
1.802
1.297
1.380
1.511
1.518
1.062
1.106
1.074
0.998
1.434
1.620
1.608
1.172
1.407
1.251
0.909
1.161
1.074
1.070
1.267
1.129
0.907
0.883
1.093
1.875
1.437
2.040
1.660
1.091
1.227
1.489
1.578
1.180
1.113
0.677
0.427
0.776
1.061
1.222
1.400
1.255
1.047
1.214
1.450
1.452
1.523
1.621
1.484
1.579
1.544
1.421
1.521
1.393
1.456
1.795
1.505
1.673
0.674
0.977
1.980
1.783
1.401
1.775
0.990
1.441
1.629
1.058
1.161
0.790
0.684
1.142
0.790
0.846
1.197
1.039
0.856
0.957
0.994
0.909
0.852
0.788
1.049
0.890
1.059
1.224
0.993
0.913
1.322
0.671
0.945
0.989
1.250
0.887
1.384
0.808
0.899
0.930
0.826
0.593
0.686
0.803
0.827
0.896
1.095
0.867
0.972
0.718
0.820
0.735
0.659
1.007
1.386
0.796
1.048
1.121
0.979
0.699
0.707
0.734
0.698
0.837
1.094
1.146
0.982
1.267
0.668
1.263
1.103
1.150
1.732
1.454
1.209
0.821
0.890
0.861
1.257
1.082
1.034
0.800
1.051
0.842
1.014
0.836
0.710
0.854
0.836
0.633
1.284
0.976
1.000
0.897
0.686
0.589
0.914
0.758
0.531
0.743
0.977
0.784
1.380
1.207
0.866
0.795
0.799
0.774
1.019
0.831
0.660
1.253
0.783
0.699
0.781
1.013
0.690
0.860
0.857
0.803
1.061
0.949
0.819
1.222
1.285
0.935
2.068
1.108
0.846
1.030
0.792
0.724
0.822
0.935
0.934
0.963
0.960
1.038
1.318
0.742
1.193
0.955
0.861
0.669
0.628
0.642
0.910
1.220
0.903
0.563
0.844
0.861
1.008
0.617
0.870
1.776
2.148
0.981
1.628
2.667
1.739
0.876
0.998
0.925
1.055
0.949
1.009
1.031
0.905
0.794
0.698
0.562
0.862
1.109
0.977
1.475
1.289
0.749
0.839
1.721
1.525
1.056
0.883
1.448
1.929
1.660
0.984
0.833
0.874
1.790
0.894
1.414
0.859
0.951
1.444
1.123
0.864
1.282
1.391
1.099
0.688
1.250
1.303
1.395
0.979
0.654
1.346
1.413
1.393
2.364
1.689
0.909
1.089
1.104
1.433
1.150
1.040
1.028
1.301
1.723
2.730
1.157
0.824
0.663
1.075
1.286
2.172
1.815
2.219
1.771
0.973
0.732
1.001
0.882
1.124
0.947
1.050
1.105
1.152
1.016
1.406
1.403
1.089
1.446
1.864
1.039
1.095
1.235
1.619
1.174
1.924
1.620
1.682
1.411
1.277
0.913
1.580
1.230
1.730
1.037
1.299
0.776
0.711
0.979
1.154
0.972
1.369
1.204
0.947
1.145
1.578
1.703
1.471
2.515
2.645
1.500
1.404
1.267
1.201
1.052
1.730
1.435
0.990
1.215
2.745
1.565
1.000
1.229
1.702
1.650
1.243
1.518
0.994
1.134
1.190
0.988
1.500
0.976
1.161
0.753
1.174
1.223
1.577
1.617
1.744
1.397
0.997
0.944
0.881
1.189
1.309
1.199
1.032
1.305
1.219
1.135
1.142
1.269
1.239
1.710
1.484
1.614
1.527
0.604
1.291
1.512
1.109
1.332
1.605
0.908
0.911
1.535
1.110
1.278
1.549
1.255
1.025
1.194
1.288
1.364
1.293
1.374
1.367
1.144
1.030
0.928
1.218
0.997
1.179
1.197
1.172
1.276
1.119
0.977
1.395
1.284
0.823
1.431
1.333
1.207
1.680
1.702
1.109
1.118
0.879
1.200
1.289
0.690
1.136
1.054
0.954
1.335
1.177
1.145
0.908
0.847
0.785
1.003
1.474
1.040
0.838
0.826
1.280
1.335
1.236
1.117
0.961
0.980
1.187
1.245
1.010
1.056
1.025
0.947
1.254
1.102
1.416
1.057
0.808
1.042
0.633
1.212
1.028
1.249
1.171
1.121
0.893
0.697
1.284
1.295
1.137
1.154
1.039
0.817
1.151
1.176
0.831
0.859
0.973
1.410
1.236
1.222
1.202
0.892
0.786
0.724
1.074
0.921
1.333
1.214
1.059
0.964
0.644
1.035
0.975
1.003
1.487
1.009
0.702
1.212
1.433
1.582
1.387
1.291
1.164
0.746
0.705
0.693
1.082
0.931
0.819
0.734
0.869
1.089
1.132
1.613
1.168
0.944
0.975
0.862
1.032
1.011
0.836
0.969
1.169
1.236
1.323
1.236
1.460
1.630
1.068
0.884
1.384
0.958
0.775
0.919
1.061
1.641
1.395
0.584
0.756
0.748
1.139
1.036
1.037
1.250
0.959
1.026
0.888
1.161
1.175
0.910
1.890
1.496
1.167
1.013
0.981
1.006
1.035
1.066
0.775
0.500
0.758
0.833
0.714
0.516
0.827
0.561
1.104
1.461
1.584
1.239
0.951
0.879
1.063
0.968
0.838
0.973
1.176
0.945
0.999
0.966
1.011
0.831
1.003
0.935
0.697
1.254
1.345
1.341
1.034
0.679
0.899
0.993
0.567
1.080
1.476
1.224
0.783
0.595
1.579
2.261
1.797
1.225
0.904
1.165
1.309
1.160
1.041
1.131
1.157
1.218
0.885
1.339
1.198
0.942
1.191
1.704
1.066
0.962
1.197
1.205
2.248
1.958
1.504
1.011
0.552
0.825
1.276
0.964
0.827
0.629
1.207
1.157
1.011
0.951
1.001
1.770
1.603
0.970
1.014
0.892
1.262
1.388
1.112
1.145
2.182
1.152
0.608
1.059
0.950
1.435
1.133
1.296
1.358
1.248
2.548
2.100
1.063
1.207
1.164
1.492
1.716
1.389
1.176
1.260
1.629
1.642
1.669
1.427
1.319
1.620
1.253
1.252
1.228
1.361
1.185
1.583
1.008
0.886
1.338
1.399
1.127
1.333
1.332
1.790
1.713
1.275
1.065
1.133
1.475
1.515
1.271
1.180
1.220
1.450
1.293
1.283
1.816
1.400
1.190
1.276
1.450
1.769
1.797
1.307
1.443
1.163
1.255
1.006
1.426
1.064
1.547
1.589
1.243
1.218
1.432
1.449
1.270
1.518
0.856
1.152
1.193
2.210
1.345
0.919
1.347
0.976
1.736
1.321
1.540
1.171
1.417
0.957
1.318
0.953
1.685
1.396
1.484
1.508
0.907
1.495
1.178
1.170
0.663
1.429
1.100
1.344
1.449
1.456
1.044
1.711
1.262
0.983
1.163
1.550
1.538
1.688
1.161
1.252
1.248
1.031
1.210
0.870
0.975
0.829
1.157
0.918
1.461
1.369
1.095
1.136
1.180
1.088
1.023
1.413
1.169
0.827
0.855
1.274
1.399
1.501
1.260
1.341
1.137
1.401
1.688
1.274
1.335
1.516
1.258
1.358
1.817
1.539
1.363
1.459
1.679
1.261
1.589
1.184
1.115
1.683
1.444
1.244
1.333
1.122
0.896
1.412
1.133
0.656
0.999
1.048
1.135
1.512
1.645
1.237
1.419
1.285
1.051
1.635
1.517
1.417
1.466
1.228
1.189
0.792
0.781
0.649
1.137
0.871
0.864
1.077
1.388
1.093
0.725
1.327
1.427
1.087
1.156
1.032
1.284
1.281
1.404
1.402
1.337
1.222
1.310
1.570
1.670
1.501
1.257
1.122
0.823
0.948
0.804
1.220
0.700
0.819
1.434
1.469
1.378
1.161
0.730
1.058
0.721
0.981
0.610
0.896
1.013
0.949
0.928
0.886
0.912
0.910
1.025
1.095
0.937
0.757
0.872
0.714
0.662
0.465
1.047
0.980
0.758
0.743
0.692
1.089
1.243
1.383
1.479
1.885
1.231
1.543
1.692
0.984
0.852
0.937
0.888
1.106
0.929
1.043
0.798
0.706
0.973
1.024
0.738
0.934
0.712
1.150
0.933
1.128
1.469
1.482
1.287
0.822
1.051
1.077
1.096
1.009
0.449
0.741
0.905
0.826
0.920
0.997
0.782
1.319
1.425
1.624
0.707
0.683
0.794
0.743
0.973
0.835
0.752
0.987
0.789
1.264
0.968
0.916
0.708
0.688
0.979
1.377
0.803
0.508
0.521
1.013
0.792
0.650
0.895
1.040
1.287
1.533
1.751
1.495
1.115
1.009
1.117
1.059
0.979
1.009
1.081
1.381
1.301
1.332
1.103
0.984
1.459
1.421
0.954
1.054
1.133
1.222
0.876
1.095
1.324
0.902
0.736
1.025
1.006
1.092
1.077
1.165
1.348
0.890
0.928
0.873
0.985
0.856
1.422
1.316
0.725
1.106
2.340
1.516
1.123
0.909
0.665
1.087
1.063
1.486
1.049
0.983
0.897
1.138
1.884
1.146
0.581
1.587
2.478
1.956
1.138
0.904
0.747
0.501
1.502
1.362
1.234
0.907
1.950
1.426
1.292
1.571
1.268
0.763
0.647
1.288
0.950
1.110
1.643
1.138
1.139
0.943
1.234
1.726
1.058
1.344
1.117
0.888
0.962
0.625
1.574
1.061
1.061
0.790
1.124
1.459
1.707
1.030
0.919
1.503
1.616
1.299
1.033
1.105
1.300
1.569
1.200
1.094
1.435
1.133
0.990
0.903
1.592
1.125
1.509
1.228
1.458
1.083
1.357
0.897
0.940
1.344
1.211
2.001
1.455
1.351
1.400
1.515
1.646
1.736
1.342
1.328
1.641
1.092
1.502
1.070
1.202
1.105
1.242
0.884
1.255
1.362
1.216
1.944
1.199
1.286
1.006
0.940
1.333
1.309
1.074
1.080
1.270
1.651
1.622
1.855
1.789
1.367
1.420
1.667
1.722
1.754
2.068
2.830
1.761
1.238
1.356
1.255
1.508
0.944
1.234
0.904
1.524
0.673
1.341
1.643
1.180
1.072
1.043
1.291
0.914
1.289
0.963
1.512
1.274
1.354
1.072
1.231
1.412
1.676
1.173
1.212
0.791
1.103
1.139
0.964
1.163
1.334
1.624
1.187
1.035
1.026
1.322
1.237
0.992
1.227
0.852
1.262
1.531
0.970
1.163
1.062
0.771
1.115
1.137
1.345
1.662
1.565
1.427
0.726
1.271
1.233
1.046
0.856
1.153
1.072
1.249
1.018
0.783
1.008
1.438
1.035
0.889
0.702
0.906
0.841
1.105
0.781
0.976
1.285
0.941
1.176
0.724
0.848
1.075
0.742
0.784
0.857
0.749
0.826
0.518
0.798
0.969
1.161
0.651
1.185
1.306
1.028
0.950
1.600
1.080
1.069
1.024
1.207
1.071
0.791
1.217
1.053
1.122
1.022
0.841
1.694
1.557
0.807
1.050
0.698
0.758
0.862
0.963
0.754
0.585
1.042
1.077
1.221
1.084
0.741
0.828
0.924
0.822
0.968
0.953
0.624
0.981
1.242
1.470
1.045
0.525
0.653
0.824
0.840
0.823
0.973
0.622
0.621
0.908
1.199
0.919
1.186
1.012
0.871
0.469
0.750
1.076
1.058
0.833
0.992
1.171
1.220
0.987
0.981
1.153
1.039
0.851
0.887
0.875
0.843
0.846
0.722
1.018
0.862
1.202
1.029
1.113
0.918
1.188
1.012
0.937
1.036
0.949
0.954
1.093
0.966
0.848
1.325
1.242
0.775
0.609
0.585
0.613
0.927
1.122
1.226
1.513
1.208
2.270
1.470
1.349
1.312
1.134
0.846
0.933
1.246
1.178
0.837
0.674
0.904
1.553
1.776
0.920
1.078
0.781
0.762
1.112
1.126
1.272
0.840
0.972
0.956
0.833
1.007
1.467
1.873
1.427
1.179
0.932
1.064
0.684
0.584
1.604
1.805
0.971
0.926
1.362
1.018
0.951
1.415
1.299
1.329
1.016
1.279
1.481
1.478
1.406
1.359
0.886
1.126
1.191
1.786
1.362
1.028
0.586
0.962
1.329
1.899
2.404
1.556
0.776
0.744
0.881
1.111
0.694
1.236
1.235
1.090
1.168
1.082
0.872
1.064
1.162
1.176
1.512
2.448
1.402
0.766
1.017
1.333
1.317
1.555
0.926
1.167
1.177
0.991
2.552
1.440
1.023
1.120
0.935
1.150
0.944
1.246
1.096
0.978
0.941
1.127
0.880
0.969
1.251
1.426
1.077
1.385
1.560
1.762
0.956
1.495
1.522
1.367
1.596
1.501
1.508
1.584
1.122
1.068
1.394
1.030
1.455
1.121
1.481
1.548
1.695
1.440
1.802
1.473
1.910
1.392
1.197
1.399
1.355
0.924
0.952
1.390
1.082
1.530
1.254
1.164
1.346
1.489
1.238
1.367
1.380
1.014
0.970
1.368
1.543
1.129
1.485
0.874
0.674
1.210
1.440
1.541
1.353
0.751
1.533
1.573
1.027
1.367
1.232
1.074
0.839
1.017
1.085
0.952
0.880
0.903
0.946
1.799
1.315
1.487
1.710
1.595
1.120
1.300
0.785
0.909
1.170
0.950
1.192
1.041
1.463
1.434
1.265
0.892
1.051
0.929
1.244
1.108
1.474
0.955
0.928
1.226
1.240
1.553
1.733
1.565
0.734
0.836
0.963
0.960
0.676
0.911
1.216
1.001
0.716
1.294
0.785
1.711
1.293
1.535
1.335
1.031
0.738
1.008
1.338
1.167
0.923
1.305
1.541
1.287
1.156
1.275
1.085
1.478
1.380
1.386
1.338
1.399
1.041
1.506
1.297
0.735
0.637
0.816
1.709
1.015
0.780
1.060
1.145
1.083
1.325
1.281
1.316
1.268
1.302
1.073
0.698
1.582
1.024
1.196
1.124
1.222
1.182
0.960
0.801
0.988
0.963
0.954
1.241
1.036
0.955
0.942
1.039
1.131
0.874
0.994
1.048
0.621
0.728
0.634
1.132
0.633
0.806
1.051
1.051
0.945
0.828
0.809
0.926
1.203
0.935
0.917
1.103
1.169
0.956
0.950
0.624
0.636
0.604
1.111
1.312
1.137
0.977
1.198
1.139
1.074
1.105
0.936
0.896
1.256
1.408
0.894
0.697
0.895
0.899
1.017
1.039
0.833
0.446
0.611
0.871
0.942
1.670
0.818
0.816
0.737
0.851
0.596
0.646
0.827
0.870
0.969
0.733
0.770
1.312
1.040
0.876
0.818
1.652
0.461
0.784
0.982
0.845
1.361
1.055
0.899
0.791
0.983
0.675
1.014
0.971
0.977
0.962
0.719
0.784
1.081
0.889
0.841
0.964
0.885
0.702
0.701
0.869
0.619
0.761
0.795
0.623
0.887
1.615
1.887
1.478
1.282
0.853
1.207
1.144
1.144
1.011
1.024
1.127
1.102
0.672
0.769
0.904
1.068
1.073
0.647
1.315
0.810
0.988
0.922
0.799
1.002
1.012
1.127
0.778
1.057
1.846
1.392
0.815
1.244
0.804
1.038
0.966
0.920
1.100
1.193
1.302
1.318
1.224
1.360
1.232
1.571
1.697
2.400
1.175
0.977
1.049
1.334
1.234
0.771
1.072
1.721
1.460
0.934
0.867
0.896
2.553
2.202
1.586
0.634
0.559
0.781
0.753
1.046
0.674
0.622
1.272
1.526
1.711
1.447
0.868
1.092
1.155
1.048
0.905
0.663
0.682
1.020
1.023
1.090
0.894
1.354
1.587
1.028
0.945
1.533
1.649
1.695
1.623
2.456
1.214
0.714
1.013
1.087
1.701
1.169
1.032
1.040
1.212
0.909
1.540
1.210
1.535
1.130
1.195
1.164
1.070
1.443
1.169
1.160
1.208
1.070
0.995
1.126
1.148
1.282
1.206
1.726
1.649
1.199
1.186
1.090
1.473
1.461
1.189
1.004
1.065
0.890
1.382
1.381
1.394
0.977
0.909
1.786
1.607
0.942
1.089
1.723
1.554
1.189
1.042
1.198
1.231
1.220
1.351
1.097
1.119
1.314
1.162
1.314
0.792
1.159
1.201
1.923
1.120
1.534
1.647
1.280
1.014
1.387
1.106
0.634
1.465
1.236
1.106
1.371
1.399
1.167
1.605
1.879
0.888
1.188
1.186
1.310
1.187
1.174
1.307
1.177
1.623
1.401
1.303
1.082
1.075
1.359
1.152
1.662
1.624
1.721
1.086
1.123
1.260
1.342
1.471
1.500
1.216
1.438
1.389
1.262
1.132
0.976
0.927
0.924
1.035
1.166
1.092
0.813
0.724
1.201
0.989
1.090
0.892
1.198
0.844
0.976
0.934
0.793
0.956
0.767
0.905
1.006
1.115
1.511
1.561
1.121
0.783
0.943
0.930
1.262
1.237
0.684
1.016
0.761
1.548
1.159
1.533
1.436
1.255
1.347
1.239
1.603
1.898
1.934
1.222
1.248
1.147
1.103
0.986
1.107
0.908
0.637
1.025
0.837
1.030
0.935
1.178
1.088
0.907
1.007
1.030
1.081
1.114
1.329
1.276
1.630
1.191
0.913
1.320
0.919
1.136
0.874
0.575
1.283
1.266
1.176
1.188
1.407
1.173
1.048
0.947
1.017
0.893
0.641
0.978
1.466
1.076
1.500
0.958
1.181
1.071
1.018
0.867
0.825
0.724
0.756
0.560
0.648
0.752
0.836
0.910
0.865
1.076
1.230
0.803
0.793
1.133
1.482
0.794
0.738
0.840
0.851
0.878
0.701
0.977
1.295
1.072
0.847
1.327
1.350
1.210
1.111
0.912
0.980
0.742
0.733
0.786
0.820
0.781
0.739
0.909
0.992
0.939
0.908
1.858
1.965
1.218
0.986
1.169
0.969
1.187
1.347
1.117
0.541
1.918
1.469
1.327
0.755
0.992
0.809
0.744
0.648
0.768
0.642
0.732
0.720
0.626
0.760
1.115
1.227
0.958
1.822
1.010
0.963
0.986
0.948
0.942
0.731
0.798
0.799
1.037
1.824
1.787
1.165
1.341
1.002
0.659
1.428
1.728
1.791
1.433
1.271
0.918
1.414
0.712
0.931
1.004
1.394
1.544
0.863
0.919
0.948
0.841
1.058
0.999
0.807
0.923
1.002
1.451
0.636
1.156
1.256
0.934
2.004
1.589
1.322
1.085
1.030
1.637
0.893
1.114
0.985
1.106
1.352
1.423
0.884
0.995
0.929
1.259
1.078
1.424
1.206
1.061
1.179
1.158
0.822
0.620
0.955
0.764
1.106
1.081
1.249
1.055
0.667
1.412
2.517
1.305
0.961
1.372
1.036
0.881
1.006
1.104
1.346
1.269
0.695
0.870
0.765
1.695
0.775
2.243
1.865
1.085
0.976
1.002
0.870
1.180
1.298
1.188
1.501
1.220
1.443
1.739
2.017
2.261
1.655
0.931
0.520
1.536
1.072
0.775
1.163
1.237
1.306
0.705
0.970
1.375
1.274
1.587
1.207
1.497
1.247
1.196
1.036
1.747
1.387
1.483
1.646
1.443
1.100
1.184
1.296
1.227
1.272
1.817
1.885
2.409
1.606
0.757
1.315
0.976
1.693
1.533
1.337
1.339
1.499
1.749
1.536
0.983
1.792
1.227
1.163
1.455
1.408
1.242
1.426
1.135
1.115
1.172
1.825
1.297
1.209
1.224
1.189
1.467
1.478
1.207
1.378
0.962
1.369
0.990
1.245
1.222
1.616
1.109
0.776
1.337
1.453
1.090
1.127
1.590
0.985
1.328
1.399
1.142
1.607
1.345
1.145
1.590
1.119
1.666
0.788
1.253
1.366
1.541
1.410
1.436
0.950
1.495
1.657
1.721
1.224
1.602
1.257
0.978
0.821
1.266
1.472
1.397
1.136
0.976
0.780
1.088
1.015
0.730
1.338
1.221
1.171
1.720
1.140
0.807
1.182
1.082
1.598
1.105
0.684
0.918
1.092
1.315
1.463
0.872
0.923
0.916
1.154
1.360
1.056
1.350
0.804
1.015
0.980
0.880
0.968
1.386
1.449
1.387
1.545
1.310
1.046
1.026
1.210
1.440
1.059
0.971
0.917
0.988
1.050
0.930
0.778
0.537
1.022
1.091
1.023
0.827
0.971
0.739
0.639
1.091
0.992
1.196
0.875
0.938
1.022
1.518
2.060
1.711
1.094
1.158
1.427
0.907
0.637
0.856
1.171
1.274
0.825
0.729
1.114
0.972
0.763
0.955
1.093
1.075
1.126
0.920
0.697
0.761
0.500
0.903
0.972
0.892
1.034
1.230
0.796
0.773
0.992
1.531
0.682
0.783
0.847
0.614
1.160
1.328
1.838
1.539
1.135
0.826
0.739
0.780
0.990
0.912
1.052
0.924
1.468
1.247
0.828
1.076
1.054
0.708
0.663
0.820
0.743
0.670
0.770
0.582
0.873
1.086
1.064
0.785
0.987
1.184
1.049
1.070
0.987
0.798
0.917
1.205
1.002
1.439
1.722
1.756
1.026
0.972
0.813
0.651
0.918
0.719
0.812
1.456
1.241
1.107
1.061
1.056
1.300
1.497
1.594
1.108
0.671
0.771
0.698
0.773
0.517
1.277
1.087
1.236
1.205
0.906
1.017
1.043
0.881
1.213
1.016
0.881
0.901
0.915
0.844
0.897
0.720
1.391
0.979
0.882
0.989
0.787
1.988
2.136
1.832
1.965
1.646
1.178
0.665
1.580
1.327
1.093
0.649
0.835
0.957
0.857
1.072
0.764
1.181
0.827
1.196
1.179
1.408
1.454
1.263
1.093
0.846
0.864
0.900
2.601
2.456
1.609
1.022
1.303
0.842
1.004
0.959
0.891
1.198
0.915
1.217
2.012
2.028
1.604
0.888
0.902
1.370
1.487
1.115
0.985
1.018
0.887
1.851
1.795
1.197
0.944
1.115
1.029
1.127
1.739
2.007
1.739
1.510
1.305
1.499
1.201
0.995
1.477
1.130
1.138
1.253
1.190
0.894
1.393
1.513
1.508
1.637
1.096
1.498
1.090
1.325
1.219
1.154
1.163
1.055
0.880
1.214
1.406
0.809
0.829
1.419
1.785
1.239
1.057
1.157
1.581
2.340
1.640
0.962
1.713
1.477
1.330
1.264
2.769
2.050
1.077
0.984
1.091
0.865
1.218
1.400
1.376
1.504
1.261
1.366
1.235
1.333
0.965
1.057
1.762
1.752
1.356
1.803
1.458
1.613
1.542
1.646
1.829
1.083
1.145
0.892
1.590
1.257
1.582
1.408
1.070
1.333
1.502
1.857
1.438
1.659
1.563
1.447
1.196
1.187
1.196
0.997
1.379
1.333
1.368
1.158
1.055
0.754
1.199
1.652
1.282
1.495
1.472
1.291
0.999
1.754
1.416
1.380
1.103
1.447
1.130
1.042
1.664
1.323
2.097
0.796
1.213
1.124
1.044
0.777
0.959
1.286
1.207
0.734
1.223
1.018
1.003
1.186
1.133
0.922
0.936
0.922
1.054
0.916
1.255
0.946
1.087
1.387
1.105
1.057
1.297
1.167
0.799
0.850
1.010
1.527
1.166
1.481
1.740
1.404
1.706
1.352
1.584
1.582
1.470
1.318
1.858
1.411
1.436
1.075
0.928
0.947
0.694
0.890
1.597
1.375
1.531
1.058
0.929
0.715
0.743
1.067
1.213
1.299
0.840
0.739
1.049
1.393
1.847
1.515
1.066
0.918
0.927
0.799
1.534
1.214
1.589
1.503
1.543
1.713
1.397
1.102
1.289
1.590
1.069
1.143
1.187
0.962
1.096
1.190
0.654
0.822
0.980
1.321
0.731
0.893
1.015
1.276
1.167
0.611
1.198
0.737
0.847
1.792
0.792
1.044
1.072
1.083
0.857
0.690
0.938
1.171
0.924
1.704
1.589
0.706
0.917
1.006
0.580
0.902
0.836
1.102
0.597
0.662
0.943
0.645
0.897
0.893
0.700
0.825
1.079
1.019
1.059
1.117
0.686
0.869
1.032
1.971
1.630
1.027
1.172
1.303
1.137
0.709
0.718
1.415
1.316
1.496
1.765
0.921
1.055
1.400
0.947
0.908
0.921
0.576
0.771
0.760
0.752
1.080
0.902
0.791
0.726
0.914
1.284
1.160
1.001
0.926
0.612
0.984
0.928
0.766
0.834
1.160
1.632
1.366
1.576
1.481
1.091
1.392
1.331
0.914
0.599
0.827
0.877
0.798
0.567
0.856
0.623
0.766
0.986
1.102
1.376
2.012
1.621
1.838
1.455
0.929
1.051
0.828
0.472
0.934
1.074
0.947
1.019
1.353
1.472
1.008
0.851
1.798
1.297
0.805
0.951
1.035
1.316
1.291
1.101
0.988
0.949
0.966
0.964
1.213
1.448
1.024
1.222
1.290
1.166
1.222
1.067
0.924
1.104
1.268
1.215
1.605
1.156
1.052
1.081
0.706
0.820
1.078
1.048
1.171
1.160
0.967
0.835
1.080
1.009
1.092
1.086
1.158
1.620
1.344
1.849
0.984
1.213
1.141
1.245
0.804
0.655
0.925
0.879
0.880
1.149
1.009
1.131
1.516
1.169
1.891
1.519
2.026
2.430
2.235
1.650
1.162
0.876
1.280
1.291
1.646
1.221
1.385
0.954
0.789
1.066
1.147
1.001
0.784
1.407
1.271
1.736
1.482
1.343
1.213
1.408
0.934
1.275
1.319
1.568
1.067
1.352
1.011
1.394
1.426
1.481
1.351
1.412
1.472
1.678
0.894
1.369
1.298
1.121
1.426
1.049
1.487
1.372
1.507
1.181
1.406
1.271
1.434
1.530
1.356
2.008
1.652
1.147
1.364
1.703
1.211
1.744
1.432
1.341
1.449
1.219
1.046
1.368
1.436
1.129
1.317
1.318
1.196
1.578
1.659
1.827
0.896
1.271
1.070
1.109
1.115
1.526
1.388
1.451
1.626
1.474
1.589
1.428
1.467
1.460
1.094
0.975
1.181
1.263
1.466
1.291
1.408
1.943
1.866
2.294
1.775
1.356
1.326
0.846
1.219
1.321
0.810
1.311
1.594
1.362
1.128
0.978
0.760
1.767
1.387
1.331
1.560
1.481
1.529
1.368
0.941
1.242
0.635
0.947
0.884
1.373
1.454
1.320
1.624
1.790
1.448
1.072
1.060
1.115
0.939
0.817
0.908
1.065
0.799
0.962
0.651
1.088
1.344
1.289
1.716
1.384
1.187
1.420
1.011
1.052
0.677
0.959
1.089
1.295
1.542
1.237
0.826
1.091
0.851
0.898
0.714
0.957
1.212
0.863
0.849
1.285
0.898
0.794
1.088
1.361
1.117
0.850
0.792
0.666
0.948
0.778
0.953
1.030
0.734
1.261
0.921
0.774
1.173
1.314
0.692
0.914
1.220
1.215
1.383
1.254
1.573
1.592
1.537
1.457
1.234
1.362
1.108
1.347
1.373
0.788
1.022
0.923
0.914
1.264
1.260
1.265
1.250
1.344
0.765
0.665
0.967
0.928
0.867
0.624
0.766
0.708
0.979
1.096
1.264
1.011
1.185
0.947
0.650
1.246
1.061
0.980
0.775
0.723
0.698
0.849
0.786
1.009
0.932
0.830
1.033
1.062
0.667
0.741
0.792
0.794
1.503
1.858
1.320
0.901
0.642
1.027
0.896
0.698
1.290
1.228
0.706
0.772
0.741
0.767
1.017
0.712
1.708
1.477
1.165
0.867
0.758
0.707
0.999
0.894
0.702
1.166
0.989
0.919
1.653
1.001
1.174
0.944
0.800
1.609
1.502
1.679
1.308
1.105
0.645
0.903
0.843
0.995
0.849
1.412
2.757
2.086
1.909
1.551
1.232
0.777
0.745
1.122
1.251
0.953
0.888
0.385
0.616
0.518
2.054
1.710
1.057
2.026
1.619
1.632
1.182
1.081
0.837
0.942
1.265
1.318
0.997
1.596
1.491
1.309
0.786
1.095
1.294
1.649
0.869
0.724
1.092
0.949
0.861
1.342
2.351
1.046
0.851
0.798
0.939
1.202
1.132
0.734
1.110
0.734
0.905
0.881
0.962
1.140
1.042
2.321
1.922
1.485
1.233
1.112
0.956
0.778
0.861
1.262
1.086
1.064
0.901
0.674
1.045
1.260
0.761
1.103
1.179
0.878
1.012
1.195
0.848
1.332
0.728
1.283
1.565
0.893
1.153
1.127
1.030
1.345
1.094
1.257
1.002
1.272
1.047
1.060
1.190
1.001
1.507
1.444
0.836
1.625
1.487
0.805
1.421
1.541
1.286
1.864
0.798
1.277
2.309
1.477
0.740
1.844
1.248
1.356
1.350
1.624
1.261
1.304
1.055
1.099
1.346
1.646
1.214
1.276
1.672
0.969
1.370
1.527
1.340
2.042
2.376
1.650
1.314
1.126
1.649
1.430
1.852
1.323
1.210
1.616
1.047
1.103
0.928
1.477
1.213
1.162
1.087
1.304
1.672
1.793
1.856
1.488
1.483
0.972
1.093
1.390
1.327
1.394
0.882
1.520
1.073
1.091
0.984
1.181
0.860
1.160
1.362
1.585
0.941
1.079
1.048
0.827
0.931
1.050
1.042
0.849
0.942
1.243
1.117
1.368
1.626
1.161
1.202
0.905
0.776
0.784
1.074
1.399
1.734
1.083
1.140
1.253
1.275
1.017
1.448
1.339
0.780
0.864
1.259
1.654
1.578
1.438
0.948
1.147
1.261
0.950
0.863
0.906
1.085
0.823
0.885
1.144
1.125
1.138
0.543
1.233
1.781
1.349
1.457
1.594
1.331
1.602
1.665
1.906
0.937
0.852
1.009
0.842
0.952
1.332
0.946
0.748
1.490
1.420
1.580
1.789
1.599
1.542
1.224
0.939
0.864
0.719
1.128
1.023
1.901
1.719
0.666
1.019
1.168
1.085
0.699
0.641
0.624
1.015
1.132
0.990
0.678
0.749
0.867
0.765
1.135
1.010
1.291
0.852
1.088
0.776
0.892
0.715
0.854
1.186
0.663
0.740
0.936
0.812
0.757
1.219
0.788
0.614
0.662
0.738
1.126
1.072
0.612
0.719
0.725
1.183
0.981
1.430
0.850
0.794
1.177
0.957
1.691
0.944
1.259
1.745
1.715
1.658
1.665
1.358
1.016
0.933
1.280
0.833
1.087
1.335
0.837
1.207
1.254
0.996
0.990
0.678
0.788
0.760
0.893
0.729
0.601
0.537
1.261
1.348
1.613
0.798
1.092
1.022
0.850
1.125
1.207
0.882
0.634
0.719
1.088
0.964
0.909
0.552
0.585
0.711
0.975
0.850
2.380
1.144
1.084
0.813
0.981
1.045
0.794
1.180
0.734
1.048
0.736
0.510
1.019
1.736
0.916
1.061
0.596
0.743
0.942
1.074
0.896
0.948
1.027
0.738
1.284
1.230
1.416
1.200
1.284
1.107
0.778
0.888
1.616
1.818
1.474
1.283
1.295
1.003
1.011
1.141
0.985
0.758
0.834
1.270
1.625
1.063
0.678
0.597
0.802
1.322
1.721
1.306
1.203
0.838
1.172
1.359
0.860
0.884
0.928
1.239
1.003
0.844
0.696
0.746
1.223
0.793
1.110
1.042
1.015
1.116
0.960
0.801
1.170
0.932
0.837
1.084
0.955
1.327
0.853
2.753
1.694
1.107
0.795
0.623
0.635
0.705
0.948
1.154
1.111
1.052
1.007
1.065
1.128
0.839
0.558
0.870
1.224
0.935
1.321
1.400
0.824
0.984
1.367
1.036
0.999
1.937
1.603
1.599
1.342
1.189
0.841
0.982
1.000
1.773
1.510
1.536
0.784
0.880
1.330
1.463
3.090
1.751
1.056
0.856
0.533
0.672
0.948
1.313
1.385
1.219
1.139
1.347
1.078
1.163
1.656
1.197
1.128
1.199
1.154
1.393
1.615
1.454
1.738
1.773
1.982
1.712
1.093
1.357
1.194
1.447
1.620
1.766
2.188
1.525
0.908
0.999
0.751
0.829
1.012
1.025
1.486
1.089
1.044
1.123
1.262
1.028
1.116
1.518
0.740
1.149
2.441
1.509
1.152
1.396
0.958
0.999
1.237
1.159
1.269
1.203
1.374
1.553
1.624
1.623
1.831
1.007
1.152
1.030
1.324
1.525
1.186
1.622
1.636
2.000
1.355
1.009
0.803
1.068
1.656
1.190
1.620
0.781
1.306
1.260
1.459
1.667
2.432
2.408
1.332
1.253
1.350
0.997
0.890
0.918
1.018
1.296
1.462
1.114
1.259
0.818
1.098
0.989
1.314
1.022
1.119
1.241
0.661
1.031
1.213
1.013
0.811
1.008
1.475
1.336
0.931
1.113
0.967
1.086
0.903
0.990
1.340
1.202
0.854
0.824
1.221
1.176
1.225
1.084
1.088
1.058
1.083
1.254
1.272
1.353
1.044
1.173
1.381
1.317
0.990
1.792
1.227
1.211
1.341
1.011
0.923
0.890
0.925
1.148
0.947
1.401
1.527
1.391
1.334
1.758
1.541
0.948
0.908
0.929
1.329
1.648
1.777
1.417
1.448
1.234
0.872
0.897
1.130
1.677
1.246
1.150
0.733
1.330
1.630
1.804
1.601
1.280
1.101
1.508
1.570
0.831
1.108
1.653
1.480
1.024
0.947
1.671
0.966
0.602
1.194
1.188
1.094
1.102
0.817
0.696
0.698
1.018
1.501
1.197
1.071
0.709
0.873
1.065
1.092
0.945
0.990
0.968
1.050
1.267
1.243
1.349
1.786
1.903
1.399
0.925
0.956
1.244
1.474
1.008
0.694
1.015
0.968
0.860
0.695
0.999
0.976
1.465
1.282
1.151
0.980
1.009
0.838
1.287
1.434
1.231
0.809
0.936
0.827
1.054
0.632
0.912
1.062
1.004
0.672
0.932
1.044
0.909
1.239
0.986
1.106
1.682
1.052
1.009
1.020
0.772
0.783
1.022
1.103
1.086
0.738
0.965
0.971
0.609
0.683
1.013
0.839
1.000
1.051
0.992
0.946
0.759
1.074
1.051
0.835
0.726
1.020
1.251
0.750
1.658
1.319
1.653
1.094
0.921
1.240
0.884
1.054
0.934
0.956
1.055
0.813
0.769
1.013
0.791
0.952
1.147
1.100
1.318
0.835
0.629
1.215
0.918
0.644
0.624
1.197
1.321
1.216
0.982
0.887
1.104
0.766
0.989
0.883
1.353
1.139
0.657
1.296
1.207
0.961
1.286
1.100
1.409
1.060
0.929
1.253
1.066
1.178
1.218
0.745
1.214
1.565
1.310
1.465
0.924
2.064
2.235
1.440
0.951
0.661
1.240
1.037
0.928
1.518
1.181
1.380
1.572
1.763
0.904
1.496
1.144
1.005
1.009
1.326
1.049
0.882
0.984
1.406
1.530
0.890
1.246
0.916
1.205
0.985
0.805
0.914
1.251
0.899
1.376
1.356
1.052
0.730
1.291
1.075
1.460
1.370
1.293
1.285
1.330
1.263
1.610
1.696
1.775
1.828
1.162
1.389
1.277
0.950
1.577
1.221
1.222
1.183
1.513
1.837
1.538
1.468
1.532
1.731
1.464
1.263
1.279
0.936
0.996
1.598
1.027
1.034
1.083
1.489
1.382
1.729
1.723
1.873
1.391
1.152
1.276
1.230
0.992
1.136
1.592
1.825
1.445
1.477
0.890
1.560
0.997
1.112
1.404
1.524
1.351
1.716
1.186
1.223
1.167
1.215
1.179
1.255
1.381
1.446
0.998
1.410
0.997
0.800
1.170
1.619
0.956
1.445
1.545
1.446
1.524
1.310
1.350
1.136
1.242
1.560
1.383
1.065
1.217
1.434
1.390
1.560
1.573
1.316
1.990
1.672
1.220
1.918
1.355
0.959
1.278
1.478
0.869
1.426
1.261
1.083
1.205
1.256
1.240
1.108
1.325
1.543
1.673
1.487
1.396
1.490
1.238
1.699
1.346
1.915
1.572
2.231
2.261
1.922
1.358
1.804
1.002
1.075
1.342
1.667
1.436
1.413
1.580
1.490
1.383
1.312
1.686
1.278
1.512
1.311
1.110
1.706
1.399
1.460
1.025
1.669
1.999
1.826
1.454
1.094
1.395
0.629
0.893
0.843
0.849
0.753
1.151
0.759
0.779
0.766
0.696
1.262
1.030
0.780
0.856
1.048
1.195
1.172
1.471
1.617
1.533
1.466
1.716
1.462
1.331
0.630
0.818
0.924
1.238
1.253
1.398
0.963
1.154
1.081
1.061
1.023
1.131
1.047
0.913
1.213
0.827
0.701
0.842
0.962
0.898
0.983
0.986
0.852
0.990
1.108
0.845
1.028
0.865
1.315
1.012
1.099
0.900
1.016
0.996
1.382
1.455
1.440
1.146
0.889
0.847
1.084
0.726
0.550
0.776
0.842
1.069
1.020
0.910
0.523
1.006
0.838
0.724
0.920
1.129
0.953
0.682
0.686
1.092
0.959
0.786
0.936
1.091
0.928
0.823
0.875
0.943
1.241
0.965
1.109
0.938
0.771
1.215
1.201
1.159
1.370
1.401
1.671
1.256
1.107
1.107
1.164
1.043
1.192
0.970
0.871
0.873
0.979
1.101
1.156
1.405
1.136
0.946
0.988
1.071
1.048
0.824
0.805
1.728
1.401
0.835
0.807
0.971
1.192
0.780
0.982
0.882
1.290
1.244
0.936
1.530
1.223
0.929
0.731
0.913
1.049
0.942
0.838
1.013
1.051
0.970
0.996
0.854
0.998
0.861
0.936
0.796
0.974
0.693
0.946
1.131
1.307
0.945
1.248
2.090
2.109
1.955
1.640
1.388
0.896
1.016
0.751
1.455
1.665
1.237
0.822
0.771
1.241
1.412
1.406
1.391
1.328
1.447
1.230
1.263
1.035
1.185
0.849
0.988
0.921
0.923
1.057
1.179
1.071
1.259
1.053
1.482
1.253
0.936
0.805
0.849
1.070
1.050
2.055
2.331
1.012
0.932
0.832
0.664
0.947
1.244
1.330
0.648
1.048
1.391
1.695
1.235
1.513
0.880
0.672
0.785
1.235
1.180
1.223
0.912
1.024
1.288
1.883
1.768
1.578
0.699
1.583
1.511
1.410
1.563
1.484
1.487
1.262
1.237
1.255
1.544
1.204
0.909
1.225
1.286
1.264
1.482
1.178
0.931
1.178
1.202
1.087
0.986
1.814
1.922
1.855
0.861
1.176
1.267
1.027
1.255
1.313
1.336
1.292
1.277
1.124
1.119
1.088
1.551
1.856
1.423
1.411
1.623
1.579
1.183
1.516
1.651
1.244
0.809
1.426
1.165
1.443
1.062
1.173
1.177
1.386
1.407
0.789
1.274
1.286
1.364
0.755
1.195
0.830
1.297
1.218
1.089
0.985
1.430
1.313
1.294
1.226
0.674
0.961
1.442
1.261
1.257
1.920
1.288
1.481
1.457
1.345
1.328
1.757
1.526
1.204
1.431
0.674
0.780
1.116
1.439
1.139
1.431
1.679
0.784
1.082
1.263
1.124
1.019
0.957
1.356
0.869
1.337
0.912
1.364
1.040
1.407
0.643
0.954
1.229
0.853
0.950
0.855
0.858
1.341
1.081
0.802
0.825
0.600
0.722
0.745
0.588
1.410
1.486
1.073
1.026
0.847
1.084
0.778
1.137
1.192
1.007
0.919
1.118
1.698
1.620
1.641
1.348
0.857
0.870
1.041
1.127
1.291
1.091
1.223
1.236
1.644
1.068
0.621
1.461
1.473
1.132
1.026
0.918
0.996
1.088
1.198
0.890
0.940
0.809
0.699
0.525
0.505
1.121
1.190
1.252
1.296
0.982
0.723
0.755
0.960
0.767
1.002
0.704
0.634
1.051
0.819
0.927
0.617
0.760
0.932
0.678
0.865
1.112
1.050
0.917
1.110
1.308
1.419
1.356
0.718
0.920
0.868
0.711
0.798
0.945
0.956
0.840
0.839
0.713
1.089
0.753
0.704
0.876
0.947
0.909
0.765
0.652
0.809
0.690
0.841
0.859
1.022
0.962
0.903
0.556
0.841
0.859
0.784
0.789
0.748
1.365
1.230
0.799
0.886
0.897
0.725
0.875
0.998
1.149
1.080
1.128
0.863
0.767
1.070
1.160
0.736
0.781
0.795
0.738
0.844
0.851
0.956
0.860
1.138
1.062
0.864
0.756
0.998
1.075
0.817
0.824
0.881
1.168
1.086
0.757
0.895
1.338
0.943
0.959
1.081
1.051
0.726
0.881
0.971
0.736
1.077
1.249
1.407
1.219
1.204
0.898
1.715
0.891
0.922
0.830
0.996
1.188
1.030
0.926
0.881
0.726
0.542
0.947
1.115
1.119
0.992
1.355
1.235
0.964
0.948
1.034
0.756
0.912
0.792
1.173
1.670
1.350
0.626
1.118
1.188
1.607
1.369
1.848
1.844
1.718
1.690
1.245
1.113
1.301
1.009
1.264
1.352
1.347
0.992
0.998
1.414
1.099
1.240
1.272
0.635
1.138
1.237
0.749
1.349
0.960
1.021
1.022
1.134
1.263
0.864
1.027
1.682
1.167
0.998
1.297
1.118
0.985
0.885
2.222
0.923
1.344
0.942
1.042
1.083
1.436
0.964
1.509
1.191
1.293
1.139
1.362
1.320
1.275
1.303
1.153
1.400
1.338
1.215
1.347
1.333
1.205
1.583
1.113
1.034
0.974
1.395
1.567
1.137
1.135
1.758
1.018
0.916
1.247
1.544
1.637
0.989
1.571
1.368
1.739
1.151
1.258
1.018
1.106
1.517
1.120
1.365
1.345
1.508
1.160
1.025
1.535
1.331
1.499
1.337
1.737
1.595
1.476
1.040
0.948
1.096
1.364
1.416
1.744
1.103
1.313
1.564
1.092
1.322
1.167
1.240
1.482
1.328
1.086
1.190
1.226
1.486
1.330
1.541
1.360
1.395
1.195
1.420
0.788
1.507
1.175
1.556
0.983
1.218
1.238
1.298
1.259
0.869
1.269
0.705
0.665
1.243
1.342
1.377
1.958
1.796
1.106
1.343
1.244
1.161
0.956
0.965
0.703
1.292
1.083
1.244
1.575
1.367
1.375
0.868
1.263
1.371
1.161
1.344
1.330
1.028
1.471
1.003
1.342
1.503
1.438
1.091
0.930
0.895
1.504
1.220
1.422
1.647
1.598
1.396
0.742
1.018
1.193
1.371
1.315
0.555
0.711
0.847
1.148
1.207
1.209
1.027
0.757
0.744
0.531
0.747
1.326
1.352
1.477
1.222
1.774
1.386
1.567
1.771
1.570
1.776
1.407
1.706
1.738
1.551
0.888
0.968
1.139
0.945
1.054
0.948
1.103
0.969
1.194
1.875
1.400
1.161
1.773
1.273
0.914
0.949
0.847
1.094
0.818
0.879
0.799
0.883
1.052
1.093
0.627
0.694
0.962
1.100
0.581
0.705
0.538
0.866
0.912
1.073
0.910
0.776
0.733
1.292
0.810
1.047
1.096
0.801
0.715
1.749
1.255
1.107
1.070
0.833
0.891
1.062
1.263
1.149
1.248
0.786
1.005
0.587
0.802
0.813
0.791
0.803
0.536
0.716
0.572
0.872
0.823
1.002
1.057
1.098
0.938
0.785
0.951
1.116
1.197
1.348
1.457
1.098
1.094
0.720
1.054
1.200
1.119
0.857
1.252
0.705
0.725
0.754
0.773
1.042
0.869
0.789
0.758
1.756
2.310
1.747
1.582
0.833
0.866
0.859
1.504
0.901
1.096
1.267
1.006
1.233
1.045
0.844
0.815
0.786
0.955
0.952
0.801
0.729
0.959
1.058
0.880
0.651
1.351
1.590
1.263
0.963
0.836
0.835
1.035
0.772
0.857
0.802
0.964
0.966
1.101
1.011
0.755
1.523
1.490
1.109
0.836
0.903
0.825
0.944
0.898
0.946
0.790
0.646
0.930
0.945
0.937
0.664
1.224
0.817
0.832
1.104
0.948
0.920
0.979
0.819
0.993
1.061
0.932
1.028
1.008
1.036
0.960
1.431
1.180
1.210
1.071
0.919
0.741
1.076
0.719
0.927
1.122
1.160
0.985
0.970
1.013
0.924
1.305
1.299
1.204
1.013
0.923
0.864
1.972
2.214
1.539
0.961
0.790
1.200
1.637
0.891
0.736
0.907
0.738
1.162
0.953
1.141
1.163
1.411
1.090
0.984
1.051
1.027
1.030
1.091
1.197
1.231
1.231
1.294
0.776
1.068
0.732
1.808
2.291
1.307
0.791
1.077
0.848
1.438
1.549
1.556
1.294
0.906
0.997
1.195
0.824
1.227
1.177
1.524
2.227
1.676
2.129
2.000
1.231
0.752
1.156
1.141
0.988
1.167
0.779
1.508
1.143
1.640
0.754
2.964
2.295
1.155
0.935
0.932
1.263
1.077
1.098
1.338
1.442
1.230
0.824
1.118
1.223
1.409
1.155
1.267
1.289
1.421
1.166
1.335
0.889
1.023
0.827
1.237
0.797
0.611
0.870
1.189
1.458
1.630
1.093
2.177
1.853
1.852
1.418
1.144
1.273
1.288
1.347
1.171
1.309
1.670
1.210
1.612
1.294
1.427
1.605
1.743
1.513
1.112
0.817
0.831
2.465
1.710
1.231
1.298
0.945
1.109
1.133
1.327
1.056
1.370
1.131
0.800
0.898
1.499
1.161
1.836
1.519
1.021
0.687
1.222
1.297
1.020
1.384
1.714
1.208
1.318
1.523
1.665
1.180
0.905
1.309
1.440
1.243
1.035
1.200
0.886
1.214
1.481
1.533
1.217
1.022
0.666
0.546
1.021
0.599
0.957
1.302
0.724
1.044
1.077
1.666
1.569
0.838
1.033
1.110
1.537
1.455
1.218
1.332
1.016
0.758
0.988
1.183
1.228
1.226
1.003
0.877
1.183
1.164
1.144
0.877
0.995
0.980
1.199
1.170
1.505
1.123
1.401
1.264
1.332
1.517
1.179
0.870
0.806
1.257
1.215
1.250
1.510
1.129
1.174
1.148
1.337
1.412
1.224
1.470
1.013
0.967
0.735
0.588
0.972
0.878
0.784
1.041
1.313
1.242
0.970
1.066
1.003
1.256
0.799
1.175
2.278
1.773
1.444
1.285
1.166
1.185
0.877
1.064
1.059
0.924
0.926
1.512
0.910
1.156
1.179
1.454
0.852
0.785
0.463
0.806
1.159
1.015
0.957
0.956
0.967
1.082
1.163
0.730
0.745
0.621
0.904
0.909
0.793
0.595
0.812
1.127
1.290
1.418
1.000
0.863
0.684
0.571
0.737
0.691
0.548
0.775
0.958
1.031
0.843
0.710
0.620
0.899
0.712
0.986
1.426
1.074
0.696
0.669
0.781
0.585
0.829
0.974
0.811
0.962
0.794
1.233
1.251
0.974
0.807
0.644
1.012
1.030
0.797
1.038
2.356
2.203
1.734
1.392
1.024
0.939
1.118
1.133
1.084
1.295
2.094
1.209
1.008
1.756
1.979
1.682
1.192
1.069
0.968
0.974
0.847
1.794
1.616
1.613
0.935
1.037
0.934
1.048
1.446
1.790
1.165
0.759
1.193
0.774
1.026
1.044
0.869
0.991
1.731
2.017
0.903
0.875
0.868
0.931
1.027
1.063
1.288
1.211
0.702
0.664
0.928
1.151
0.926
0.785
0.839
1.131
1.021
1.097
1.236
0.756
1.115
1.155
1.388
1.248
1.299
1.021
1.251
1.275
0.825
1.214
1.183
0.667
0.879
1.312
1.505
1.199
0.932
0.882
1.078
1.419
0.660
1.299
1.058
0.768
1.028
1.083
2.023
1.794
0.987
1.404
1.743
0.914
0.992
1.107
2.075
2.140
1.483
1.116
1.036
1.167
0.983
1.365
1.128
1.230
1.141
1.104
1.233
1.255
1.127
1.416
0.849
1.204
1.259
1.353
1.353
0.901
0.769
0.946
1.143
1.404
1.001
1.081
0.770
1.437
1.177
1.546
0.912
1.409
1.618
1.405
2.237
2.281
0.945
1.174
1.007
1.160
1.202
1.239
1.154
1.116
1.324
1.510
1.617
1.109
1.511
1.258
1.375
1.392
1.075
0.867
1.054
0.794
1.487
1.163
1.217
1.935
1.425
1.612
1.156
0.787
0.852
1.235
1.262
1.224
1.417
1.523
1.326
1.131
0.865
1.299
1.158
1.813
1.996
1.903
1.967
1.595
1.504
1.188
0.887
1.285
1.049
1.063
0.996
1.173
0.928
0.846
1.817
1.248
1.281
1.386
1.325
1.264
1.000
0.880
1.187
0.996
0.730
0.993
0.977
0.761
0.889
1.362
1.229
1.116
1.016
1.536
0.901
1.600
1.005
1.069
1.229
1.028
0.714
0.834
0.672
1.105
1.627
1.464
1.273
0.845
0.708
1.100
0.946
1.017
1.255
1.251
1.300
0.873
0.937
0.944
0.777
1.066
1.211
1.205
0.972
1.121
0.789
0.800
1.378
1.128
1.105
1.328
1.272
0.813
0.894
1.227
1.182
0.805
1.131
1.390
1.121
1.029
1.067
1.007
1.645
2.113
1.321
1.759
0.915
1.414
0.926
1.002
1.122
1.220
1.498
1.757
1.054
1.301
0.911
1.321
1.296
0.686
1.295
1.880
1.528
1.598
0.866
0.746
1.076
1.184
0.878
1.172
1.068
0.899
1.146
1.271
1.215
1.112
0.857
1.546
0.951
1.079
1.068
1.129
1.145
0.652
0.626
1.048
1.081
1.147
0.659
0.633
1.401
1.173
1.411
1.041
1.328
1.565
1.244
1.125
1.132
1.448
1.524
1.380
0.742
0.801
1.222
0.904
0.907
0.843
1.270
0.734
0.987
1.054
1.026
1.046
0.911
1.016
1.285
1.120
0.854
1.053
1.061
0.938
1.393
1.306
0.750
0.679
0.647
0.696
0.896
0.927
1.043
1.299
1.301
1.038
1.318
1.077
0.900
0.631
0.783
0.806
0.879
0.685
0.861
0.845
2.103
1.333
1.123
1.211
2.033
1.610
1.036
0.783
1.326
1.179
1.011
0.988
1.607
1.310
0.866
0.881
0.794
0.965
1.058
1.476
0.939
1.275
1.172
1.550
1.182
0.969
0.758
1.779
1.800
1.236
0.827
0.646
0.892
0.836
0.776
1.228
1.157
0.731
0.860
0.767
1.243
1.502
0.688
0.460
1.205
1.078
1.122
1.195
0.831
1.038
0.913
0.665
1.028
1.239
1.331
0.838
1.670
1.556
1.568
1.213
0.734
1.069
1.072
1.051
0.700
1.246
1.139
1.060
1.379
1.421
1.231
2.326
2.390
1.541
1.699
1.490
1.369
1.112
0.787
1.146
0.965
1.125
0.684
1.910
2.061
1.221
0.735
1.295
0.841
1.250
2.037
1.893
1.125
1.052
0.872
0.834
1.121
1.238
1.329
1.080
1.082
0.903
1.466
1.377
2.081
2.909
1.865
1.560
1.009
0.590
1.514
1.090
1.043
1.214
1.136
1.299
1.442
1.189
1.292
1.097
1.294
1.631
1.131
1.410
1.641
1.828
1.931
1.534
1.140
2.164
1.095
1.391
1.467
1.079
1.217
1.393
0.793
1.195
1.839
1.979
2.402
1.706
0.569
1.094
1.496
1.570
1.183
1.091
1.264
1.083
1.558
1.699
1.733
2.849
2.150
1.216
1.312
1.566
1.154
1.058
1.435
1.528
1.340
1.418
0.988
1.083
1.733
1.152
0.934
1.256
1.645
1.133
1.352
1.530
1.197
1.241
1.963
1.321
1.372
1.398
1.066
1.301
1.049
0.931
0.421
1.911
1.473
0.904
1.348
1.363
0.779
1.329
1.220
1.082
1.281
1.349
1.272
1.365
1.341
1.100
0.874
1.008
1.170
1.025
1.353
1.098
1.038
0.776
0.965
0.938
1.246
1.619
1.459
1.167
0.960
1.170
1.713
1.631
1.291
0.934
0.976
0.870
1.373
1.372
1.895
1.246
0.966
1.244
0.586
1.276
1.023
1.041
1.053
1.265
1.302
1.424
1.172
1.215
1.041
0.803
0.796
1.201
1.015
1.088
1.171
1.508
1.945
1.322
0.979
1.170
1.676
1.459
1.524
1.058
1.301
1.638
1.509
1.941
2.066
1.932
1.400
1.147
0.791
0.754
0.561
0.876
0.905
1.282
1.104
1.410
0.682
0.883
0.814
1.111
0.957
0.899
1.033
0.943
0.721
1.247
0.998
0.678
0.804
0.888
1.325
1.278
1.046
1.242
1.336
1.231
1.169
1.615
0.959
0.795
0.836
0.993
0.945
1.017
0.614
0.895
1.004
1.376
1.503
1.168
1.708
0.848
1.084
1.084
0.484
0.711
0.893
0.935
0.670
0.763
0.882
1.039
1.199
1.105
0.953
0.943
1.562
1.144
0.749
0.859
0.872
0.872
0.570
0.844
0.998
0.714
0.667
1.087
1.031
0.839
0.760
1.163
1.087
0.886
1.088
1.151
0.892
0.821
0.622
0.581
0.833
0.617
0.812
0.962
0.931
0.880
0.918
0.756
0.748
1.143
0.854
1.133
2.000
1.694
0.980
0.787
1.010
1.057
0.939
0.946
0.990
1.289
1.378
0.904
1.003
1.402
1.152
2.113
2.198
1.368
1.023
1.187
1.829
2.249
2.144
1.951
1.837
1.669
1.742
1.392
1.065
0.668
0.777
1.168
1.510
1.389
1.435
1.471
1.919
1.771
1.136
0.839
0.732
1.182
0.990
1.132
0.714
1.053
1.086
0.978
0.799
0.573
0.874
0.716
0.985
1.195
1.295
1.079
1.076
1.227
1.172
1.076
1.103
1.094
0.602
1.189
1.155
0.912
0.842
1.046
1.042
1.110
0.878
1.255
1.393
0.866
0.843
0.901
1.572
1.431
1.284
1.550
0.868
1.290
0.985
1.417
0.910
1.324
0.903
1.020
1.005
1.761
1.568
1.513
1.225
0.971
0.641
1.402
1.343
1.209
1.595
1.475
1.382
1.144
1.186
1.143
1.792
2.201
1.612
1.094
1.291
1.350
0.988
1.378
1.014
1.163
1.105
1.186
0.908
1.501
1.114
1.427
1.567
1.145
1.082
1.818
1.868
0.948
1.592
1.414
1.159
0.937
1.186
1.283
1.385
1.584
1.845
1.285
0.870
1.229
1.365
1.282
1.975
2.515
1.451
1.348
0.949
1.316
1.220
1.209
1.054
1.037
1.564
1.335
1.129
0.857
0.899
1.487
1.608
2.114
1.280
0.829
1.294
1.140
1.099
1.407
1.201
1.429
1.090
1.191
0.827
1.178
1.093
1.713
1.580
0.717
0.886
1.313
1.032
0.877
0.944
0.832
1.595
1.536
0.842
1.421
0.963
1.140
0.954
1.515
1.333
1.552
1.391
1.199
1.262
1.854
1.337
0.968
1.416
1.317
1.488
1.183
1.363
0.768
0.749
1.282
1.339
1.451
0.823
0.787
1.133
1.326
1.271
1.320
1.551
1.042
1.712
1.011
1.046
0.876
1.152
1.318
1.378
0.859
0.927
0.639
1.015
1.480
0.869
0.694
1.044
1.138
1.045
0.953
0.900
0.499
0.902
0.926
0.935
0.933
1.116
0.909
1.280
1.521
1.576
0.786
1.002
1.150
0.915
0.928
0.953
1.081
1.150
1.289
1.421
1.037
0.727
0.665
0.843
0.935
0.849
1.339
0.957
0.807
1.463
1.323
1.296
1.389
1.020
1.053
1.016
1.315
1.146
1.121
1.020
0.788
0.625
0.914
0.961
1.104
1.072
0.691
0.820
1.263
1.499
1.297
1.348
1.091
1.232
1.309
1.342
1.366
1.347
1.035
1.485
1.389
1.136
1.898
1.728
1.135
1.207
0.898
0.748
0.697
1.125
1.588
1.613
1.512
1.245
1.103
0.904
0.762
1.893
1.116
0.688
0.900
0.863
0.975
0.993
1.310
0.819
0.597
1.121
1.230
0.682
0.516
0.669
1.023
1.270
1.084
0.971
0.605
1.135
1.281
1.555
0.977
0.877
1.298
1.722
1.162
0.883
0.871
0.802
0.940
1.141
0.590
0.641
1.231
0.886
0.826
0.699
1.146
0.850
1.047
0.972
0.779
1.020
0.817
0.563
0.890
1.507
1.177
1.202
1.210
1.173
0.689
0.987
0.909
0.899
0.785
0.691
0.969
0.880
0.911
0.861
1.040
0.816
1.666
1.720
1.376
1.148
0.935
0.769
0.872
0.784
0.665
1.124
0.950
1.101
2.946
1.600
1.226
1.151
1.021
1.221
1.166
1.121
0.987
0.630
1.076
1.064
0.892
0.904
0.720
2.817
1.113
0.903
0.915
0.887
1.822
2.316
1.475
0.880
0.869
0.813
1.691
0.733
1.014
1.279
0.829
0.872
0.668
0.739
1.155
1.243
0.804
0.927
1.146
0.945
1.150
0.832
1.089
1.195
1.213
1.173
1.093
1.438
1.076
1.416
1.535
1.560
1.257
1.386
1.114
0.718
1.378
1.097
1.330
1.173
0.842
0.964
1.483
1.285
1.235
0.839
1.388
0.877
1.116
1.226
0.802
1.286
1.017
1.021
1.335
1.438
1.000
1.175
3.001
1.551
1.762
1.890
1.244
0.968
0.861
1.066
1.146
1.143
1.230
0.850
0.639
0.709
1.211
1.269
1.204
1.209
1.324
1.122
1.050
1.375
1.428
1.628
1.624
2.130
1.690
0.962
1.068
1.539
1.716
1.795
1.255
1.889
1.223
1.678
1.659
1.461
0.785
1.002
1.231
0.965
0.925
1.032
1.151
1.048
1.596
1.154
1.488
1.015
1.447
1.322
1.015
1.334
1.305
1.407
1.216
1.730
1.383
1.282
1.331
1.632
1.122
1.366
1.354
1.000
1.298
1.666
1.647
1.279
1.543
1.726
1.207
1.393
1.277
0.955
1.446
1.264
1.433
0.799
1.350
0.900
1.358
0.855
1.131
1.042
0.661
0.983
0.862
1.015
1.129
1.053
1.108
0.813
0.989
1.095
1.307
1.638
1.989
1.357
1.304
1.255
0.872
0.982
0.962
0.902
1.011
1.909
1.704
1.299
1.156
1.032
1.382
1.883
0.757
1.166
1.295
1.041
1.023
1.188
1.452
1.613
1.403
0.902
1.392
1.525
0.978
1.466
1.251
0.518
0.920
1.391
1.310
1.328
2.051
1.781
1.620
1.217
0.789
0.825
0.801
0.846
0.899
1.013
0.733
0.762
0.887
1.015
1.278
0.798
1.148
1.233
1.211
0.907
1.068
0.925
1.118
1.334
1.042
0.909
0.671
1.035
0.831
0.791
0.937
1.024
1.215
1.020
1.151
0.763
0.626
0.585
0.972
0.913
1.241
1.137
1.290
1.049
0.732
0.997
1.307
1.207
0.841
1.002
1.501
1.149
1.142
0.801
1.090
0.950
1.109
0.974
1.554
1.563
0.903
0.943
1.285
1.057
0.817
1.187
0.800
1.158
0.806
1.247
1.120
1.088
0.888
1.198
2.083
1.358
1.397
0.969
1.226
1.011
0.963
1.274
1.082
0.937
1.198
0.856
1.427
0.841
0.649
0.658
0.874
1.238
0.596
0.746
0.740
0.959
1.020
0.613
1.172
1.311
1.177
0.884
0.554
1.081
0.839
0.903
1.269
0.461
0.483
0.655
0.813
1.207
1.482
1.028
1.035
0.879
0.825
1.121
1.343
1.466
1.313
1.341
1.182
0.817
0.815
0.814
0.676
1.120
1.104
1.009
1.193
1.141
1.350
1.315
1.147
1.023
0.681
0.728
0.569
0.583
0.571
0.776
0.963
1.183
1.384
0.920
1.367
1.926
2.070
1.996
1.364
1.295
0.781
1.143
0.857
0.759
0.752
1.696
1.713
1.310
1.075
1.184
1.231
0.715
0.958
0.887
0.856
0.940
1.123
1.005
1.042
0.844
0.898
0.889
0.804
1.590
1.666
1.514
1.370
0.643
0.707
0.874
0.797
1.197
1.194
0.952
0.812
0.562
0.785
0.764
1.073
0.971
1.705
1.058
0.830
1.354
1.219
0.977
1.174
1.860
1.814
1.338
0.751
0.813
1.425
1.334
0.856
0.869
1.126
1.283
1.125
0.868
1.152
1.196
1.014
0.907
1.177
1.406
0.878
0.863
1.062
1.311
0.817
0.963
0.975
0.850
0.902
1.455
1.159
1.359
1.267
1.211
1.043
0.746
1.139
1.020
1.419
1.001
1.091
1.564
1.103
1.300
1.200
0.944
1.508
0.854
1.010
1.105
1.460
1.446
0.924
1.167
1.255
1.785
1.508
1.056
1.242
1.254
1.318
1.813
1.754
1.343
1.383
1.412
1.480
1.445
1.472
2.107
1.609
0.927
1.463
1.940
1.482
0.945
0.719
1.620
1.457
1.015
1.478
1.402
1.095
0.760
1.354
1.311
1.640
1.447
1.386
1.384
1.100
2.436
1.294
1.096
1.112
0.979
0.775
1.066
1.248
1.162
1.237
1.518
1.637
1.641
1.457
1.167
1.829
1.967
2.338
1.615
1.113
1.474
1.168
1.258
0.985
1.287
1.066
1.124
0.914
1.243
0.987
1.020
0.885
0.843
1.319
1.258
0.807
1.052
0.945
1.466
1.364
1.052
1.001
0.900
0.718
0.714
1.573
1.781
1.499
1.379
1.417
1.381
1.184
0.798
0.984
1.295
1.705
1.140
1.598
1.368
1.656
1.527
2.081
1.360
0.974
1.014
0.980
0.974
0.902
1.630
0.911
1.175
1.081
0.979
1.147
1.421
1.171
1.216
1.277
0.950
1.132
1.186
0.774
0.710
1.293
1.379
1.530
0.906
0.766
0.854
1.026
1.352
1.286
1.097
0.867
1.184
2.138
1.611
1.270
1.563
1.360
0.753
0.856
0.880
0.929
0.945
1.272
1.015
1.171
0.914
0.826
0.725
0.918
1.744
0.806
0.930
1.113
1.228
1.261
1.302
0.995
0.708
1.111
1.311
1.289
1.089
1.321
1.324
0.922
1.289
0.922
1.314
1.164
1.581
1.167
1.072
0.835
0.862
1.204
1.052
1.121
1.194
1.304
0.901
1.092
1.012
1.396
1.575
1.120
1.418
1.246
0.970
1.182
1.099
0.789
0.678
0.877
0.905
0.668
1.465
1.080
1.069
0.925
0.632
0.729
0.977
0.822
0.638
0.831
0.918
1.086
0.949
0.965
0.834
0.839
1.165
0.820
1.008
0.665
0.731
1.111
0.627
0.567
0.831
1.113
1.019
0.990
0.946
1.028
0.869
1.125
1.362
1.040
0.761
1.255
1.165
1.397
1.139
0.695
1.046
0.904
1.655
1.144
0.950
0.743
0.638
0.821
1.619
1.691
0.981
0.891
1.010
1.176
0.843
0.731
1.166
1.072
0.789
0.896
1.237
1.412
0.647
0.598
1.038
0.992
1.039
0.895
0.984
0.683
0.571
0.768
0.904
0.838
0.857
0.775
0.894
1.040
0.601
1.408
0.878
1.004
1.261
1.206
0.791
0.886
0.656
0.644
1.026
0.759
0.885
0.787
0.941
0.604
0.395
1.476
1.888
1.988
0.983
1.013
1.369
1.596
1.044
0.786
0.621
1.058
2.189
1.490
0.952
1.337
0.665
0.817
0.487
0.659
0.552
0.654
0.814
0.931
0.818
1.379
1.252
1.076
0.868
0.826
1.004
0.905
1.169
0.757
0.770
1.047
0.911
0.836
0.923
1.306
1.564
1.468
1.293
0.605
1.140
0.866
0.627
0.946
1.311
1.053
1.025
1.451
1.359
1.132
1.490
1.721
0.954
0.722
0.648
1.147
1.270
0.932
1.068
1.057
1.070
0.988
1.125
1.259
0.938
0.994
0.900
2.274
2.027
1.184
0.702
0.999
1.322
1.492
1.124
1.475
1.704
1.280
1.346
1.125
1.197
0.949
1.580
1.327
0.944
1.128
1.339
1.080
1.515
1.252
0.928
1.072
0.964
1.199
1.666
1.737
1.797
1.692
1.248
1.769
1.229
1.013
1.260
1.010
1.175
1.284
1.574
1.375
1.008
1.034
0.997
1.083
1.631
1.490
1.481
1.258
1.620
0.970
1.692
0.705
1.155
1.231
1.185
1.713
1.330
1.047
1.132
1.154
1.341
1.853
1.810
1.271
1.267
1.341
0.856
0.917
0.948
1.207
1.236
0.946
1.298
0.817
1.331
1.529
1.224
1.490
1.169
1.164
1.209
1.135
1.396
1.778
1.452
1.103
1.357
1.662
1.186
1.190
1.025
1.219
1.195
0.964
0.935
1.226
1.652
1.641
1.041
0.705
1.192
1.333
1.401
0.831
1.024
0.761
1.081
1.021
0.807
0.701
1.419
1.117
1.269
1.242
1.282
0.969
1.258
1.616
1.119
1.122
0.758
0.866
1.105
1.034
0.735
0.862
0.956
1.015
1.109
1.035
0.871
1.177
0.953
0.642
0.868
0.646
0.857
0.835
0.993
1.135
1.431
2.359
1.604
2.193
1.747
1.600
1.488
1.012
1.139
1.255
1.562
1.163
1.002
1.143
1.367
1.411
1.438
0.937
0.836
1.109
0.993
1.043
0.553
0.649
0.617
0.655
0.713
0.773
0.972
0.953
0.709
0.911
0.957
0.846
0.782
0.799
0.889
0.876
0.486
0.705
1.155
1.126
0.810
0.965
1.022
0.979
0.838
0.922
1.166
0.986
0.637
0.718
0.947
0.845
0.911
1.096
0.986
0.677
1.005
0.895
0.951
1.129
0.991
0.857
1.072
0.610
0.903
0.752
1.073
1.014
1.020
1.053
0.593
0.880
1.141
1.212
0.761
0.914
0.590
0.809
0.869
0.575
0.991
1.443
1.626
0.583
1.317
1.106
0.867
1.073
0.774
0.951
0.698
1.051
1.145
0.714
1.089
1.693
2.124
1.660
1.813
1.899
1.707
1.287
1.275
1.218
0.847
0.984
1.233
0.907
0.871
0.857
0.835
1.073
1.101
0.907
1.295
0.813
0.894
0.774
0.840
0.706
1.502
1.191
0.808
1.154
0.605
1.516
0.891
0.932
0.886
2.249
2.499
1.737
1.844
1.386
0.798
0.917
1.041
1.411
0.639
1.296
1.162
1.024
0.774
1.203
1.093
0.984
1.497
1.573
1.111
0.718
1.076
1.957
1.842
1.184
1.058
0.844
1.265
1.566
0.765
0.966
1.280
1.422
1.316
1.208
1.050
1.005
1.015
0.870
0.946
1.093
1.097
1.160
1.177
1.186
0.927
1.027
0.882
1.024
0.853
1.511
1.741
1.080
1.189
0.719
0.954
0.866
1.167
1.383
1.089
0.956
1.067
1.374
0.804
1.446
1.110
1.471
1.867
2.803
2.330
1.426
0.777
1.157
1.327
1.140
1.529
0.752
1.386
1.175
1.447
0.970
0.886
1.258
1.203
0.890
1.217
2.110
2.417
2.229
1.546
1.029
0.746
0.943
1.326
1.518
1.237
1.159
1.758
1.603
0.970
0.518
0.572
0.684
0.938
1.526
1.100
1.463
1.297
0.923
1.002
1.232
1.601
1.449
1.050
1.117
1.004
1.524
1.092
1.046
1.637
1.823
1.721
1.527
1.036
1.123
1.268
0.953
1.275
1.156
0.797
1.073
1.386
1.106
1.027
1.172
1.474
1.334
1.058
1.006
1.447
1.696
1.819
1.947
1.881
1.319
1.673
1.255
2.642
1.285
0.991
1.183
1.571
1.465
1.422
1.220
1.234
1.111
1.378
1.559
1.080
0.717
1.277
1.064
0.802
1.078
1.620
1.445
1.258
1.095
0.967
1.279
1.211
1.509
1.493
1.132
0.659
2.016
2.042
1.076
1.481
1.404
1.218
1.003
1.165
0.947
0.953
2.045
1.014
1.063
1.215
1.024
0.947
0.813
1.430
1.886
1.144
1.231
1.268
1.431
1.420
0.855
1.014
1.525
1.185
0.960
0.479
0.865
1.020
0.909
1.143
0.898
1.550
1.858
1.117
1.564
1.346
1.595
1.499
1.647
2.386
1.130
1.187
1.588
1.428
1.215
1.170
0.850
1.110
1.524
1.302
0.889
0.923
1.059
0.762
1.370
1.702
1.483
1.359
0.945
1.334
1.497
1.485
1.053
1.009
0.617
0.589
1.544
1.703
1.658
1.165
1.270
1.365
1.293
1.394
0.989
1.698
1.731
1.149
0.840
0.781
1.125
0.892
1.174
1.111
1.171
0.924
0.863
1.042
1.023
0.990
1.308
1.405
1.133
1.083
0.974
1.005
0.883
1.258
0.958
0.943
0.821
0.916
1.534
1.339
1.186
1.292
0.744
1.307
1.406
0.897
1.510
1.120
0.911
0.904
1.262
1.128
1.346
0.975
0.728
0.819
0.916
1.290
1.106
0.929
1.322
1.374
0.970
1.296
0.934
0.875
0.616
0.825
1.123
1.427
0.848
1.370
0.867
0.815
0.705
0.722
0.718
0.985
0.788
1.122
0.762
0.693
1.088
1.130
0.858
1.135
1.059
0.860
1.340
0.960
0.991
2.277
0.884
0.840
1.221
0.954
0.821
0.573
0.892
1.184
1.135
1.333
0.954
0.755
0.748
0.777
0.819
0.790
1.223
1.255
0.778
0.451
0.548
0.840
2.549
1.923
1.306
1.130
1.103
1.269
1.167
0.892
0.826
0.809
0.924
0.889
0.975
1.668
1.751
1.218
1.279
1.305
0.819
0.714
0.779
0.604
0.563
0.741
1.284
1.626
1.528
1.707
1.312
1.346
1.364
0.889
1.161
1.153
1.306
0.995
1.054
1.231
1.295
0.726
1.425
0.833
1.424
1.410
0.990
1.257
1.180
1.037
1.322
1.369
1.159
1.076
1.007
0.684
0.847
1.625
1.999
0.921
0.985
1.049
0.786
1.287
1.539
1.591
0.989
0.853
1.181
1.013
0.851
0.907
1.039
1.317
1.164
1.427
1.547
1.301
1.043
1.188
0.985
1.166
0.926
1.318
1.616
1.378
1.017
0.559
1.121
1.621
1.398
1.453
1.080
0.934
0.990
1.087
2.348
0.867
0.990
0.959
1.007
1.090
1.090
1.237
1.316
1.033
0.904
1.409
1.436
1.202
1.131
1.440
1.422
2.294
1.601
1.780
1.312
0.791
0.916
1.537
1.349
0.982
1.219
1.375
1.935
1.494
1.480
1.255
1.310
0.957
1.144
1.331
1.207
1.132
1.427
1.571
1.216
1.132
0.971
1.176
1.055
0.996
1.042
0.682
1.000
0.901
0.858
1.536
1.621
0.844
1.069
1.101
0.853
0.847
1.191
1.088
0.822
0.836
0.822
0.669
0.947
0.854
1.340
1.612
1.500
1.344
1.116
1.134
1.386
0.935
1.357
0.908
0.790
1.007
1.071
0.901
1.313
0.846
0.891
1.149
1.390
0.937
1.083
1.318
1.424
1.234
1.165
1.121
0.898
0.942
0.828
0.899
1.718
1.741
1.707
1.304
1.164
1.212
1.497
0.977
1.248
0.961
0.764
0.882
1.133
1.299
0.792
1.203
1.609
1.657
1.121
0.962
0.897
1.473
0.991
0.917
0.977
1.135
1.282
1.099
0.878
0.916
0.981
0.945
1.153
1.175
1.219
1.157
1.114
1.536
1.122
1.123
1.255
0.880
0.941
1.266
1.307
1.202
1.467
1.395
1.895
0.792
0.996
1.343
1.148
1.238
1.078
1.341
0.934
1.127
0.974
1.210
1.346
1.064
1.824
1.755
1.594
1.001
0.847
1.267
1.220
1.193
1.237
1.451
1.254
1.536
1.440
1.292
1.394
0.934
1.165
0.906
0.966
1.017
1.514
1.703
1.356
0.890
0.898
1.563
0.841
0.854
1.014
0.977
1.316
0.957
1.137
1.030
1.054
1.510
0.793
1.193
0.620
0.581
0.784
0.731
1.125
1.278
1.464
1.019
1.307
1.769
1.656
1.196
1.370
1.307
0.564
0.696
0.907
0.733
0.777
1.119
1.172
1.219
1.364
0.923
0.950
1.171
1.131
0.871
0.894
1.166
0.932
0.982
1.152
0.889
0.959
1.155
1.243
0.964
0.789
0.975
0.971
2.107
1.124
1.256
1.455
0.791
0.765
0.685
0.768
0.986
0.972
1.124
0.753
0.867
0.861
1.020
0.877
1.045
1.041
0.693
0.593
0.988
1.243
1.135
1.009
0.912
1.283
1.095
0.875
0.959
1.355
1.041
1.065
0.777
2.194
1.987
0.989
1.028
1.294
1.201
1.336
1.359
1.512
1.240
0.852
1.278
1.112
1.029
0.808
0.540
1.161
0.931
0.602
0.607
0.696
0.696
0.727
0.839
0.667
0.735
0.448
0.824
0.425
0.810
0.818
1.048
0.929
1.027
1.193
1.424
1.038
0.856
1.676
1.582
1.436
0.733
0.849
0.963
0.956
1.062
1.110
1.233
1.230
1.421
1.252
1.430
1.247
0.765
1.358
0.996
0.970
1.344
1.009
1.244
1.075
0.977
1.115
1.005
0.876
0.969
1.114
0.959
1.015
1.752
1.012
0.525
0.785
1.106
1.190
0.995
1.323
1.462
2.557
2.271
1.522
0.972
0.780
1.091
1.131
1.229
0.938
1.189
0.785
1.008
1.557
1.324
1.760
1.235
1.234
1.150
0.918
1.174
1.384
0.797
0.955
1.013
1.243
1.094
1.438
1.019
0.899
1.490
1.332
1.180
1.350
0.876
0.618
1.238
0.946
1.155
1.115
1.758
2.196
2.143
2.192
1.693
1.070
0.657
1.009
1.571
1.196
1.338
1.035
1.422
1.319
1.178
1.058
1.115
1.406
1.073
1.268
1.120
1.404
1.475
1.242
1.295
1.832
1.389
1.472
1.283
1.159
1.202
1.217
2.069
1.115
1.013
1.155
1.252
1.530
1.563
1.449
1.464
0.988
1.346
0.833
1.091
0.980
0.985
1.941
1.856
1.371
1.350
0.600
0.976
0.586
0.935
0.915
0.934
1.007
1.008
1.350
0.716
1.047
1.200
1.172
0.821
1.132
1.243
1.406
1.640
1.246
1.206
1.098
1.216
1.121
1.138
1.493
2.015
1.728
1.229
1.444
1.697
1.063
0.961
0.433
0.819
1.177
1.526
1.063
0.834
1.295
1.312
1.038
0.755
0.856
1.288
2.095
1.440
1.030
1.212
1.351
1.367
1.625
0.734
0.999
1.041
0.987
1.063
1.468
1.215
1.532
1.672
1.115
1.059
1.128
0.913
0.830
1.070
1.241
0.915
0.984
1.043
1.086
1.362
0.978
1.127
1.104
0.817
0.924
1.125
1.198
0.966
1.110
0.646
1.075
0.944
1.134
0.923
1.098
1.118
1.329
1.328
0.951
0.769
1.084
1.256
0.845
0.738
1.165
0.984
1.476
1.238
0.852
1.514
1.732
1.099
0.627
1.373
1.213
1.215
1.532
1.424
1.126
1.225
1.390
0.694
1.079
1.007
1.200
1.288
1.289
1.353
1.332
1.217
0.713
0.670
0.694
1.114
0.905
0.935
1.200
1.020
0.977
1.163
1.510
0.933
0.696
0.619
0.843
0.838
1.000
0.948
0.840
0.859
1.183
1.503
0.872
0.833
1.170
0.896
1.156
1.230
1.012
0.975
0.877
1.045
0.614
0.735
1.225
0.898
0.856
1.480
1.104
1.018
0.678
1.519
1.233
1.038
0.893
0.862
0.810
0.892
0.823
0.810
1.207
1.199
0.959
1.012
0.661
0.765
1.197
1.022
0.619
1.291
1.387
1.498
1.526
1.624
1.593
1.452
1.273
1.697
1.682
1.508
1.156
1.005
0.877
1.101
1.007
0.988
0.555
1.018
1.048
0.999
0.903
1.606
1.447
1.245
0.880
1.077
0.991
0.598
0.779
0.700
0.658
0.705
1.559
1.413
0.962
1.040
0.817
0.890
1.167
0.642
1.489
1.054
0.999
1.007
0.832
0.641
0.994
1.010
1.012
0.902
1.153
1.003
0.972
0.824
0.981
1.222
0.708
0.803
1.135
1.276
1.051
0.959
1.188
1.031
1.094
0.544
0.775
0.965
1.185
1.072
0.959
1.014
0.543
0.717
1.229
1.018
0.775
1.005
1.080
0.870
0.856
0.617
0.679
1.026
1.008
1.094
1.044
0.802
0.897
0.727
0.995
1.205
1.141
1.159
1.313
1.189
1.340
1.295
1.360
1.308
2.424
1.907
1.341
0.752
0.829
0.988
0.839
0.911
1.029
1.217
1.149
1.166
1.005
1.022
0.941
1.441
1.219
1.956
1.570
1.067
1.106
2.106
2.225
1.066
1.435
1.254
0.945
1.095
1.295
1.376
1.177
0.862
1.374
1.581
2.322
2.079
1.380
1.049
1.344
1.397
1.421
0.993
1.249
1.236
0.990
1.064
1.195
1.170
1.317
0.874
1.213
1.097
0.897
1.310
1.214
1.406
1.477
1.136
1.396
1.412
1.554
1.567
1.762
1.550
1.134
1.206
1.149
1.214
1.225
1.430
1.023
0.767
1.103
1.299
1.340
1.036
0.743
0.929
0.925
1.013
0.779
0.633
0.904
0.721
0.947
1.041
1.492
1.534
1.298
1.407
0.993
1.378
1.346
0.976
0.998
0.825
0.726
1.157
1.115
0.788
0.964
1.127
1.231
1.208
1.122
1.566
1.357
1.034
1.174
1.331
1.309
0.795
1.149
0.896
0.958
0.941
0.775
1.048
1.200
1.159
0.968
1.028
1.295
1.404
1.398
1.445
1.252
1.685
1.455
1.398
1.495
1.191
1.045
0.964
1.616
1.575
1.481
1.410
1.155
1.209
1.379
1.492
1.443
1.389
1.188
1.583
1.248
1.770
1.347
0.887
1.246
1.264
0.983
0.997
0.832
1.083
1.212
1.359
1.550
1.537
1.922
1.347
1.296
0.727
0.982
1.063
0.924
0.922
0.687
0.905
1.179
0.867
1.116
0.809
0.698
1.090
0.900
0.825
1.051
0.736
1.407
1.405
1.514
1.118
1.202
1.236
0.710
0.948
0.975
0.813
1.058
1.066
0.723
1.062
0.745
0.756
1.184
0.653
0.794
0.950
0.976
0.799
0.713
1.070
1.388
0.888
0.968
1.405
1.364
0.668
1.289
0.938
0.658
0.951
0.705
1.216
1.232
0.818
0.886
1.139
1.206
1.418
1.135
0.683
1.316
0.757
1.015
1.148
0.998
1.281
1.395
0.773
1.283
1.116
1.059
1.086
0.786
0.717
0.815
1.041
0.820
0.767
1.429
1.225
0.808
0.619
0.896
1.246
1.181
1.001
0.912
0.757
0.972
0.756
0.784
0.757
0.557
0.882
1.023
1.149
1.447
0.939
1.256
0.953
1.854
1.513
0.999
0.836
0.811
0.804
0.843
0.717
0.616
0.994
1.590
1.349
1.083
0.834
0.700
0.720
1.033
1.427
1.087
0.734
0.976
1.061
0.904
0.582
1.176
1.184
0.879
0.990
0.732
0.694
0.811
0.813
0.757
0.602
0.952
0.896
0.762
1.353
1.149
0.734
2.036
0.751
0.822
1.386
1.433
0.977
0.957
0.949
0.770
0.881
0.582
1.008
1.231
1.244
1.543
1.372
1.029
0.721
0.883
1.115
0.731
1.022
1.430
1.332
1.538
1.648
1.845
1.458
0.868
0.927
1.115
1.052
1.151
1.311
1.123
1.503
1.939
1.180
0.778
1.198
1.128
1.117
1.033
0.866
1.039
1.870
1.255
1.450
1.414
0.875
1.016
1.033
0.893
1.140
1.149
1.035
1.498
1.154
0.946
1.301
1.237
1.060
1.499
0.878
1.119
1.427
0.895
1.054
1.104
