19790101
0.603
0.597
0.606
0.558
0.506
0.464
0.456
0.414
0.384
0.454
0.555
0.573
0.540
0.624
0.556
0.553
0.573
0.503
0.483
0.541
0.538
0.562
0.531
0.560
0.617
0.573
0.584
0.534
0.563
0.512
0.477
0.507
0.556
0.562
0.516
0.559
0.552
0.557
0.515
0.478
0.511
0.591
0.591
0.605
0.594
0.553
0.490
0.466
0.519
0.508
0.538
0.531
0.576
0.590
0.669
0.714
0.725
0.670
0.643
0.664
0.625
0.591
0.643
0.655
0.673
0.646
0.611
0.601
0.595
0.592
0.637
0.607
0.577
0.533
0.484
0.509
0.562
0.593
0.641
0.630
0.601
0.598
0.578
0.527
0.455
0.498
0.534
0.476
0.539
0.484
0.493
0.512
0.597
0.621
0.664
0.605
0.519
0.523
0.612
0.572
0.597
0.606
0.646
0.644
0.579
0.773
0.753
0.673
0.583
0.581
0.589
0.570
0.459
0.524
0.796
0.741
0.807
0.841
0.845
0.865
0.844
0.814
0.748
0.887
0.838
0.750
0.798
0.757
0.767
0.727
0.715
0.724
0.765
0.757
0.718
0.762
0.890
0.833
0.814
0.845
0.776
0.736
0.763
0.671
0.638
0.705
0.740
0.651
0.700
0.667
0.618
0.608
0.762
0.772
0.775
0.747
0.776
0.791
0.721
0.786
0.901
0.792
0.821
0.783
0.803
0.796
0.947
0.738
0.737
0.745
0.820
0.779
0.805
0.847
0.752
0.798
0.844
0.845
0.781
0.919
0.834
0.809
0.881
0.812
0.827
0.776
0.766
0.878
0.931
0.864
0.832
0.769
0.879
0.811
0.814
0.832
0.811
0.765
0.732
0.791
0.763
0.715
0.746
0.772
0.732
0.751
0.777
0.740
0.743
0.731
0.807
0.773
0.897
0.811
0.810
0.725
0.745
0.790
0.731
0.732
0.765
0.859
0.748
0.793
0.731
0.754
0.715
0.690
0.724
0.695
0.663
0.723
0.765
0.691
0.701
0.716
0.724
0.708
0.724
0.732
0.720
0.723
0.844
0.742
0.746
0.764
0.748
0.767
0.801
0.825
0.901
0.832
0.732
0.737
0.725
0.756
0.706
0.677
0.659
0.650
0.711
0.687
0.649
0.646
0.694
0.676
0.685
0.686
0.727
0.686
0.703
0.688
0.652
0.658
0.635
0.641
0.640
0.679
0.674
0.731
0.620
0.537
0.548
0.577
0.588
0.588
0.642
0.592
0.559
0.551
0.561
0.586
0.611
0.660
0.640
0.635
0.659
0.649
0.593
0.536
0.509
0.486
0.526
0.501
0.539
0.528
0.534
0.527
0.488
0.547
0.564
0.599
0.557
0.507
0.458
0.474
0.564
0.657
0.674
0.653
0.619
0.619
0.623
0.569
0.573
0.503
0.508
0.538
0.494
0.408
0.376
0.489
0.504
0.535
0.514
0.511
0.527
0.549
0.557
0.529
0.465
0.480
0.463
0.487
0.534
0.565
0.562
0.566
0.592
0.559
0.510
0.417
0.463
0.465
0.464
0.432
0.482
0.418
0.454
0.518
0.453
0.418
0.487
0.462
0.493
0.501
0.520
0.559
0.565
0.516
0.609
0.592
0.627
0.644
0.555
0.579
0.542
0.522
0.492
0.538
0.595
0.551
0.610
0.567
0.509
0.485
0.556
0.557
0.614
0.566
0.512
0.505
0.454
0.490
0.481
0.467
0.417
0.455
0.437
0.415
0.454
0.526
0.666
0.654
0.628
0.684
0.691
0.703
0.646
0.638
0.591
0.656
0.671
0.660
0.637
0.597
0.637
0.648
0.624
0.612
0.705
0.694
0.653
0.632
0.619
0.660
0.623
0.609
0.632
0.708
0.781
0.796
0.727
0.689
0.619
0.596
0.647
0.641
0.600
0.592
0.637
0.637
0.678
0.733
0.744
0.736
0.763
0.694
0.639
0.649
0.635
0.624
0.611
0.594
0.581
0.540
0.559
0.587
0.647
0.631
0.607
0.642
0.559
0.594
0.600
0.589
0.594
0.603
0.615
0.577
0.578
0.604
0.649
0.711
0.695
0.660
0.674
0.740
0.899
0.743
0.718
0.813
0.775
0.756
0.710
0.665
0.702
0.644
0.589
0.631
0.676
0.655
0.706
0.714
0.672
0.715
0.682
0.705
0.712
0.774
0.747
0.813
0.827
0.714
0.788
0.711
0.701
0.697
0.701
0.731
0.748
0.769
0.755
0.767
0.726
0.723
0.731
0.726
0.766
0.820
0.698
0.888
0.802
0.793
0.789
0.912
0.887
0.846
0.938
0.787
0.779
0.723
0.774
0.770
0.812
0.783
0.740
0.743
0.733
0.745
0.742
0.764
0.767
0.751
0.714
0.726
0.796
0.827
0.899
0.767
0.824
0.774
0.769
0.829
0.760
0.733
0.768
0.758
0.777
0.761
0.725
0.701
0.698
0.698
0.879
0.737
0.762
0.761
0.840
0.709
0.763
0.722
0.762
0.736
0.681
0.734
0.734
0.715
0.703
0.738
0.754
0.800
0.803
0.751
0.800
0.731
0.708
0.870
0.784
0.714
0.729
0.736
0.751
0.690
0.695
0.672
0.674
0.739
0.657
0.677
0.748
0.688
0.745
0.710
0.645
0.664
0.724
0.664
0.664
0.704
0.676
0.599
0.538
0.535
0.605
0.625
0.601
0.655
0.710
0.649
0.658
0.663
0.655
0.671
0.643
0.583
0.643
0.702
0.649
0.637
0.523
0.482
0.544
0.549
0.536
0.570
0.809
0.672
0.671
0.883
0.807
0.743
0.698
0.703
0.650
0.668
0.662
0.640
0.603
0.506
0.509
0.410
0.437
0.546
0.596
0.635
0.610
0.634
0.660
0.640
0.599
0.591
0.603
0.655
0.674
0.585
0.520
0.498
0.537
0.501
0.530
0.502
0.528
0.526
0.525
0.501
0.487
0.551
0.591
0.574
0.593
0.579
0.597
0.579
0.591
0.639
0.626
0.574
0.519
0.510
0.513
0.572
0.532
0.542
0.536
0.526
0.499
0.526
0.550
0.532
0.484
0.553
0.486
0.443
0.408
0.512
0.505
0.488
0.521
0.508
0.481
0.479
0.490
0.447
0.444
0.411
0.502
0.532
0.561
0.591
0.617
0.596
0.588
0.609
0.570
0.576
0.569
0.568
0.558
0.485
0.434
0.433
0.525
0.626
0.659
0.611
0.622
0.582
0.614
0.580
0.553
0.539
0.574
0.531
0.552
0.567
0.541
0.560
0.610
0.583
0.635
0.633
0.546
0.518
0.562
0.608
0.584
0.632
0.626
0.601
0.681
0.594
0.533
0.583
0.579
0.626
0.641
0.558
0.555
0.526
0.542
0.576
0.576
0.626
0.570
0.597
0.587
0.609
0.656
0.613
0.630
0.594
0.567
0.575
0.594
0.631
0.623
0.596
0.509
0.530
0.512
0.476
0.513
0.505
0.526
0.501
0.498
0.446
0.412
0.447
0.402
0.530
0.881
0.851
0.845
0.848
0.849
0.884
0.820
0.821
0.844
0.915
0.871
0.866
0.908
0.850
0.794
0.780
0.769
0.721
0.727
0.707
0.775
0.729
0.806
0.804
0.791
0.766
0.822
0.739
0.760
0.715
0.724
0.710
0.710
0.693
0.622
0.615
0.590
0.764
0.688
0.734
0.811
0.787
0.800
0.787
0.738
0.768
0.726
0.692
0.696
0.670
0.718
0.728
0.695
0.735
0.773
0.772
0.712
0.718
0.720
0.813
0.741
0.751
0.724
0.684
0.746
0.847
0.705
0.701
0.777
0.758
0.691
0.721
0.740
0.732
0.711
0.713
0.737
0.713
0.774
0.724
0.758
0.770
0.714
0.788
0.703
0.720
0.726
0.722
0.712
0.741
0.818
0.774
0.735
0.762
0.782
0.735
0.698
0.677
0.690
0.680
0.730
0.729
0.798
0.733
0.798
0.737
0.748
0.719
0.796
0.788
0.774
0.737
0.705
0.759
0.729
0.931
0.827
0.897
0.870
0.847
0.789
0.770
0.787
0.761
0.754
0.834
0.799
0.783
0.782
0.784
0.702
0.733
0.857
0.773
0.779
0.768
0.722
0.759
0.723
0.818
0.698
0.731
0.797
0.679
0.860
0.800
0.796
0.726
0.915
0.854
0.745
0.810
0.696
0.753
0.653
0.680
0.697
0.767
0.734
0.713
0.694
0.884
0.756
0.714
0.823
0.830
0.741
0.729
0.705
0.734
0.754
0.700
0.789
0.697
0.690
0.647
0.611
0.626
0.625
0.781
0.679
0.749
0.749
0.695
0.652
0.665
0.683
0.596
0.503
0.635
0.729
0.641
0.746
0.629
0.659
0.628
0.607
0.613
0.593
0.617
0.623
0.586
0.522
0.581
0.584
0.643
0.647
0.593
0.562
0.521
0.495
0.486
0.536
0.513
0.466
0.400
0.498
0.548
0.419
0.399
0.519
0.493
0.465
0.401
0.497
0.517
0.560
0.545
0.522
0.478
0.508
0.563
0.550
0.619
0.528
0.564
0.572
0.536
0.690
0.657
0.524
0.515
0.571
0.568
0.551
0.579
0.558
0.522
0.470
0.521
0.539
0.579
0.545
0.488
0.512
0.512
0.540
0.565
0.532
0.511
0.540
0.518
0.513
0.483
0.498
0.537
0.595
0.675
0.629
0.569
0.622
0.596
0.602
0.607
0.614
0.570
0.537
0.578
0.576
0.566
0.626
0.627
0.718
0.719
0.818
0.789
0.701
0.665
0.631
0.610
0.515
0.478
0.579
0.504
0.566
0.621
0.553
0.517
0.524
0.564
0.592
0.610
0.639
0.696
0.639
0.557
0.506
0.503
0.552
0.507
0.484
0.511
0.546
0.508
0.554
0.558
0.567
0.565
0.587
0.587
0.572
0.535
0.588
0.615
0.596
0.612
0.613
0.627
0.620
0.558
0.564
0.582
0.659
0.619
0.588
0.575
0.606
0.603
0.637
0.649
0.726
0.698
0.654
0.684
0.625
0.634
0.712
0.631
0.586
0.599
0.597
0.601
0.637
0.607
0.549
0.553
0.445
0.486
0.526
0.513
0.548
0.560
0.525
0.548
0.580
0.562
0.596
0.666
0.642
0.558
0.456
0.412
0.506
0.557
0.557
0.504
0.475
0.472
0.456
0.471
0.597
0.568
0.595
0.737
0.704
0.685
0.661
0.607
0.633
0.649
0.488
0.512
0.562
0.593
0.609
0.676
0.656
0.646
0.647
0.640
0.629
0.724
0.661
0.872
0.921
0.928
0.885
0.878
0.841
0.864
0.899
0.935
0.939
0.921
0.898
0.904
0.842
0.821
0.902
0.954
0.922
0.950
0.936
0.880
0.932
0.941
0.849
0.806
0.845
0.810
0.831
0.868
0.824
0.807
0.759
0.752
0.775
0.802
0.749
0.742
0.748
0.802
0.818
0.782
0.806
0.818
0.777
0.782
0.792
0.793
0.812
0.799
0.745
0.765
0.920
0.761
0.793
0.811
0.815
0.771
0.849
0.774
0.896
0.852
0.825
0.814
0.825
0.872
0.818
0.836
0.876
0.801
0.863
0.777
0.847
0.865
0.881
0.782
0.756
0.847
0.792
0.811
0.818
0.754
0.746
0.763
0.759
0.742
0.710
0.756
0.749
0.833
0.794
0.797
0.785
0.764
0.837
0.818
0.850
0.853
0.829
0.893
0.896
0.933
0.814
0.755
0.780
0.825
0.785
0.777
0.753
0.774
0.734
0.934
0.807
0.782
0.747
0.789
0.765
0.861
0.724
0.773
0.800
0.767
0.710
0.661
0.681
0.755
0.733
0.894
0.778
0.814
0.833
0.793
0.875
0.789
0.745
0.745
0.721
0.746
0.732
0.715
0.772
0.748
0.696
0.739
0.765
0.792
0.760
0.711
0.728
0.692
0.708
0.801
0.719
0.637
0.577
0.630
0.672
0.691
0.675
0.791
0.724
0.650
0.543
0.536
0.624
0.668
0.733
0.636
0.586
0.577
0.633
0.587
0.599
0.598
0.617
0.581
0.575
0.560
0.540
0.636
0.642
0.662
0.634
0.554
0.576
0.651
0.631
0.573
0.559
0.559
0.552
0.571
0.571
0.550
0.545
0.544
0.558
0.705
0.586
0.563
0.574
0.602
0.576
0.500
0.566
0.561
0.554
0.521
0.517
0.513
0.526
0.515
0.481
0.497
0.520
0.511
0.540
0.523
0.515
0.540
0.533
0.534
0.535
0.535
0.560
0.537
0.539
0.539
0.490
0.434
0.520
0.613
0.566
0.481
0.531
0.558
0.599
0.603
0.614
0.549
0.521
0.526
0.623
0.595
0.569
0.539
0.486
0.468
0.460
0.479
0.473
0.534
0.599
0.608
0.607
0.585
0.543
0.515
0.416
0.411
0.430
0.407
0.421
0.434
0.416
0.450
0.461
0.553
0.462
0.430
0.494
0.536
0.537
0.531
0.511
0.495
0.478
0.502
0.517
0.474
0.491
0.532
0.566
0.578
0.696
0.718
0.699
0.668
0.664
0.624
0.629
0.657
0.720
0.773
0.886
0.834
0.703
0.590
0.583
0.589
0.557
0.573
0.637
0.679
0.657
0.624
0.657
0.618
0.606
0.716
0.775
0.640
0.572
0.493
0.529
0.552
0.494
0.492
0.516
0.525
0.554
0.596
0.629
0.658
0.692
0.700
0.716
0.679
0.659
0.589
0.569
0.537
0.576
0.624
0.640
0.682
0.673
0.665
0.670
0.656
0.612
0.631
0.635
0.640
0.620
0.586
0.663
0.620
0.673
0.669
0.757
0.709
0.706
0.724
0.667
0.662
0.651
0.613
0.684
0.689
0.631
0.591
0.667
0.642
0.647
0.643
0.641
0.609
0.622
0.645
0.669
0.714
0.631
0.627
0.639
0.638
0.634
0.729
0.668
0.647
0.648
0.654
0.653
0.709
0.639
0.605
0.678
0.678
0.678
0.724
0.720
0.727
0.690
0.668
0.667
0.637
0.644
0.593
0.622
0.624
0.650
0.636
0.669
0.704
0.714
0.687
0.626
0.668
0.687
0.720
0.686
0.678
0.696
0.729
0.692
0.694
0.702
0.660
0.760
0.736
0.767
0.787
0.765
0.728
0.697
0.726
0.669
0.673
0.707
0.720
0.793
0.753
0.683
0.633
0.658
0.695
0.747
0.679
0.669
0.625
0.582
0.661
0.756
0.704
0.697
0.738
0.780
0.701
0.725
0.760
0.753
0.734
0.786
0.754
0.701
0.656
0.656
0.669
0.716
0.674
0.679
0.677
0.661
0.695
0.743
0.658
0.633
0.710
0.796
0.813
0.702
0.581
0.518
0.695
0.796
0.873
0.802
0.694
0.674
0.802
0.779
0.701
0.725
0.708
0.758
0.692
0.706
0.725
0.774
0.641
0.726
0.771
0.717
0.701
0.698
0.679
0.732
0.652
0.706
0.649
0.626
0.547
0.564
0.697
0.705
0.653
0.616
0.558
0.558
0.633
0.635
0.649
0.683
0.669
0.600
0.625
0.583
0.588
0.602
0.551
0.587
0.596
0.634
0.576
0.487
0.486
0.537
0.573
0.615
0.601
0.624
0.632
0.644
0.640
0.618
0.625
0.669
0.644
0.609
0.526
0.492
0.546
0.544
0.550
0.537
0.505
0.440
0.439
0.462
0.492
0.522
0.501
0.478
0.495
0.558
0.649
0.624
0.633
0.611
0.671
0.673
0.574
0.559
0.611
0.596
0.549
0.460
0.453
0.426
0.402
0.444
0.466
0.487
0.500
0.476
0.558
0.530
0.481
0.502
0.518
0.499
0.491
0.508
0.404
0.445
0.577
0.504
0.520
0.491
0.600
0.630
0.571
0.609
0.519
0.444
0.466
0.472
0.479
0.505
0.511
0.456
0.441
0.454
0.501
0.483
0.481
0.537
0.520
0.543
0.573
0.596
0.537
0.532
0.510
0.512
0.532
0.557
0.514
0.555
0.579
0.567
0.548
0.535
0.645
0.552
0.540
0.534
0.490
0.500
0.471
0.472
0.533
0.551
0.545
0.629
0.589
0.578
0.497
0.449
0.531
0.493
0.443
0.454
0.462
0.493
0.485
0.471
0.495
0.554
0.583
0.569
0.576
0.547
0.538
0.521
0.539
0.547
0.535
0.536
0.560
0.452
0.546
0.552
0.510
0.543
0.587
0.598
0.599
0.570
0.534
0.545
0.456
0.544
0.517
0.495
0.480
0.463
0.535
0.537
0.550
0.605
0.646
0.643
0.611
0.605
0.589
0.598
0.553
0.570
0.557
0.522
0.484
0.441
0.427
0.454
0.538
0.672
0.697
0.679
0.653
0.627
0.596
0.625
0.646
0.613
0.598
0.482
0.581
0.581
0.632
0.730
0.585
0.506
0.599
0.673
0.553
0.465
0.527
0.543
0.541
0.732
0.652
0.623
0.652
0.743
0.642
0.688
0.686
0.726
0.788
0.861
0.867
0.891
0.845
0.807
0.849
0.844
0.780
0.759
0.760
0.736
0.782
0.823
0.815
0.763
0.811
0.769
0.733
0.734
0.762
0.790
0.720
0.831
0.777
0.769
0.832
0.828
0.768
0.772
0.778
0.829
0.947
0.937
0.866
0.876
0.872
0.841
0.778
0.824
0.743
0.772
0.882
0.789
0.761
0.826
0.765
0.867
0.797
0.774
0.806
0.788
0.773
0.720
0.724
0.751
0.836
0.775
0.746
0.809
0.888
0.784
0.797
0.831
0.767
0.814
0.795
0.795
0.821
0.784
0.854
0.816
0.758
0.794
0.797
0.872
0.878
0.802
0.788
0.745
0.819
0.798
0.784
0.801
0.834
0.784
0.784
0.943
0.881
0.857
0.945
0.949
0.853
0.858
0.824
0.884
0.823
0.776
0.766
0.776
0.769
0.801
0.790
0.789
0.776
0.751
0.770
0.739
0.755
0.754
0.799
0.843
0.856
0.747
0.843
0.741
0.852
0.752
0.774
0.746
0.677
0.673
0.669
0.723
0.734
0.898
0.891
0.918
0.884
0.803
0.787
0.786
0.784
0.813
0.789
0.835
0.812
0.941
0.906
0.886
0.896
0.882
0.839
0.824
0.811
0.763
0.698
0.734
0.742
0.726
0.718
0.691
0.644
0.569
0.663
0.695
0.680
0.676
0.676
0.723
0.747
0.729
0.688
0.592
0.543
0.547
0.577
0.640
0.712
0.692
0.658
0.643
0.671
0.676
0.667
0.679
0.628
0.634
0.642
0.647
0.638
0.619
0.611
0.626
0.613
0.607
0.607
0.579
0.568
0.573
0.530
0.569
0.557
0.579
0.591
0.601
0.612
0.646
0.681
0.655
0.636
0.661
0.619
0.661
0.627
0.674
0.610
0.603
0.527
0.513
0.490
0.473
0.515
0.556
0.542
0.536
0.471
0.467
0.471
0.501
0.578
0.591
0.595
0.521
0.418
0.469
0.541
0.582
0.566
0.547
0.485
0.524
0.584
0.580
0.525
0.527
0.461
0.464
0.472
0.485
0.498
0.482
0.410
0.388
0.434
0.456
0.431
0.453
0.494
0.508
0.471
0.522
0.552
0.527
0.526
0.549
0.504
0.525
0.502
0.477
0.458
0.479
0.462
0.540
0.567
0.611
0.558
0.503
0.490
0.491
0.484
0.535
0.535
0.520
0.514
0.489
0.515
0.496
0.513
0.554
0.543
0.526
0.513
0.484
0.460
0.430
0.423
0.419
0.452
0.526
0.549
0.541
0.550
0.582
0.559
0.543
0.548
0.566
0.558
0.560
0.600
0.623
0.680
0.667
0.664
0.691
0.752
0.740
0.765
0.751
0.819
0.722
0.671
0.582
0.556
0.608
0.693
0.702
0.764
0.720
0.801
0.817
0.776
0.723
0.784
0.753
0.672
0.595
0.566
0.558
0.587
0.606
0.561
0.570
0.593
0.605
0.586
0.592
0.647
0.740
0.843
0.826
0.758
0.645
0.649
0.670
0.693
0.671
0.711
0.690
0.660
0.791
0.790
0.808
0.861
0.828
0.837
0.809
0.867
0.906
0.840
0.849
0.814
0.862
0.870
0.850
0.896
0.826
0.757
0.799
0.856
0.874
0.906
0.882
0.835
0.837
0.828
0.856
0.858
0.863
0.837
0.866
0.840
0.855
0.829
0.842
0.834
0.827
0.830
0.795
0.847
0.809
0.819
0.793
0.827
0.816
0.797
0.835
0.814
0.818
0.868
0.814
0.777
0.816
0.780
0.817
0.803
0.841
0.809
0.826
0.835
0.830
0.871
0.861
0.810
0.765
0.782
0.770
0.767
0.742
0.766
0.854
0.946
0.949
0.856
0.929
0.874
0.873
0.893
0.842
0.934
0.829
0.848
0.859
0.825
0.865
0.853
0.902
0.858
0.839
0.934
0.925
0.854
0.873
0.920
0.887
0.877
0.886
0.895
0.914
0.912
0.877
0.951
0.956
0.937
0.839
0.911
0.959
0.855
0.818
0.814
0.839
0.856
0.858
0.882
0.817
0.853
0.914
0.858
0.842
0.819
0.896
0.946
0.939
0.870
0.951
0.889
0.792
0.836
0.880
0.842
0.877
0.841
0.794
0.764
0.821
0.877
0.835
0.833
0.847
0.929
0.819
0.836
0.765
0.762
0.853
0.795
0.812
0.793
0.812
0.823
0.786
0.845
0.784
0.773
0.796
0.810
0.838
0.791
0.737
0.740
0.778
0.769
0.810
0.863
0.806
0.810
0.777
0.802
0.860
0.768
0.791
0.676
0.688
0.738
0.707
0.684
0.689
0.683
0.636
0.649
0.651
0.587
0.602
0.611
0.555
0.570
0.607
0.579
0.545
0.531
0.562
0.549
0.575
0.625
0.604
0.548
0.570
0.610
0.602
0.616
0.605
0.578
0.525
0.384
0.406
0.521
0.504
0.544
0.563
0.596
0.565
0.567
0.585
0.559
0.498
0.463
0.477
0.404
0.423
0.495
0.607
0.511
0.597
0.632
0.584
0.642
0.706
0.675
0.612
0.554
0.560
0.577
0.632
0.627
0.581
0.566
0.485
0.484
0.493
0.492
0.518
0.491
0.436
0.410
0.456
0.448
0.383
0.500
0.535
0.517
0.568
0.572
0.627
0.617
0.642
0.589
0.514
0.476
0.465
0.443
0.534
0.692
0.590
0.567
0.553
0.544
0.526
0.500
0.536
0.581
0.580
0.597
0.683
0.648
0.553
0.479
0.455
0.481
0.520
0.448
0.504
0.589
0.568
0.582
0.564
0.575
0.535
0.503
0.521
0.551
0.575
0.605
0.569
0.600
0.595
0.613
0.608
0.607
0.589
0.564
0.558
0.598
0.571
0.604
0.593
0.557
0.569
0.619
0.620
0.613
0.642
0.640
0.624
0.588
0.562
0.581
0.558
0.547
0.546
0.550
0.500
0.498
0.510
0.588
0.580
0.573
0.634
0.604
0.557
0.583
0.549
0.555
0.556
0.544
0.564
0.582
0.611
0.583
0.583
0.584
0.577
0.658
0.654
0.680
0.794
0.742
0.715
0.684
0.680
0.685
0.663
0.650
0.660
0.649
0.728
0.842
0.769
0.743
0.726
0.774
0.818
0.819
0.816
0.811
0.757
0.790
0.785
0.701
0.690
0.748
0.797
0.777
0.780
0.754
0.754
0.772
0.798
0.852
0.762
0.741
0.719
0.762
0.760
0.773
0.777
0.757
0.815
0.811
0.872
0.743
0.667
0.682
0.873
0.907
0.927
0.921
0.878
0.874
0.833
0.820
0.799
0.802
0.764
0.881
0.822
0.820
0.689
0.729
0.763
0.736
0.757
0.792
0.799
0.776
0.798
0.780
0.773
0.819
0.880
0.891
0.882
0.822
-99.000
0.978
0.829
0.827
0.845
0.867
0.943
0.887
0.834
0.905
0.802
0.910
0.837
0.905
0.838
0.845
0.808
0.805
0.779
0.911
0.859
0.818
0.860
0.864
0.859
0.881
0.850
0.827
0.827
0.805
0.804
0.807
0.806
0.817
0.807
0.831
0.858
0.886
0.877
0.857
0.803
0.874
0.962
0.940
0.960
0.962
0.922
0.949
0.886
0.820
0.812
0.839
0.796
0.792
0.825
0.799
0.808
0.805
0.765
0.759
0.749
0.817
0.764
0.701
0.722
0.804
0.764
0.773
0.910
0.863
0.843
0.819
0.805
0.837
0.792
0.800
0.847
0.827
0.780
0.750
0.783
0.743
0.730
0.687
0.683
0.706
0.684
0.694
0.717
0.779
0.773
0.820
0.807
0.757
0.805
0.848
0.949
0.847
0.895
0.795
0.796
0.848
0.806
0.870
0.877
0.872
0.822
0.805
0.801
0.757
0.888
0.834
0.764
0.805
0.770
0.753
0.756
0.728
0.744
0.688
0.599
0.692
0.795
0.779
0.718
0.768
0.780
0.808
0.758
0.746
0.748
0.708
0.745
0.704
0.694
0.691
0.626
0.595
0.581
0.621
0.690
0.672
0.642
0.660
0.644
0.768
0.639
0.555
0.625
0.628
0.657
0.629
0.645
0.646
0.648
0.660
0.605
0.652
0.605
0.608
0.617
0.613
0.611
0.567
0.580
0.590
0.572
0.584
0.594
0.601
0.637
0.570
0.591
0.615
0.601
0.618
0.633
0.746
0.701
0.683
0.680
0.674
0.675
0.689
0.661
0.673
0.717
0.717
0.660
0.615
0.628
0.582
0.505
0.464
0.478
0.483
0.472
0.495
0.517
0.555
0.594
0.598
0.600
0.678
0.601
0.595
0.585
0.528
-99.000
-99.000
-99.000
-99.000
-99.000
-99.000
-99.000
-99.000
0.603
0.608
0.582
0.608
0.610
0.652
0.662
0.738
0.684
0.628
0.564
0.606
0.595
0.607
0.591
0.591
0.517
0.496
0.489
0.496
0.501
0.510
0.484
0.493
0.500
0.443
0.513
0.549
0.574
0.576
0.537
0.512
0.492
0.528
0.539
0.550
0.588
0.558
0.565
0.553
0.533
0.582
0.642
0.629
0.647
0.721
0.661
0.582
0.593
0.612
0.653
0.663
0.684
0.661
0.669
0.572
0.556
0.619
0.624
0.549
0.574
0.629
0.551
0.546
0.553
0.534
0.512
0.510
0.502
0.540
0.550
0.580
0.602
0.668
0.743
0.739
0.815
0.733
0.685
0.714
0.719
0.736
0.770
0.700
0.671
0.693
0.687
0.673
0.710
0.790
0.832
0.777
0.742
0.730
0.710
0.699
0.756
0.775
0.739
0.718
0.735
0.710
0.712
0.703
0.675
0.749
0.754
0.744
0.718
0.727
0.747
0.772
0.759
0.715
0.673
0.656
0.673
0.638
0.757
0.710
0.692
0.739
0.710
0.668
0.711
0.667
0.679
0.657
0.614
0.601
0.670
0.709
0.731
0.695
0.708
0.766
0.697
0.713
0.683
0.650
0.549
0.527
0.661
0.712
0.684
0.694
0.777
0.901
0.772
0.723
0.699
0.758
0.743
0.740
0.742
0.782
0.817
0.702
0.777
0.778
0.787
0.725
0.737
0.721
0.760
0.795
0.827
0.805
0.800
0.743
0.778
0.786
0.833
0.781
0.718
0.754
0.756
0.901
0.956
0.845
0.815
0.823
0.921
0.849
0.843
0.806
0.852
0.870
0.812
0.828
0.788
0.792
0.778
0.777
0.760
0.803
0.786
0.784
0.857
0.804
0.746
0.815
0.792
0.855
0.831
0.858
0.785
0.798
0.846
0.772
0.742
0.649
0.606
0.763
0.818
0.794
0.824
0.769
0.677
0.599
0.690
0.686
0.720
0.761
0.732
0.753
0.751
0.762
0.726
0.709
0.738
0.715
0.703
0.730
0.734
0.793
0.773
0.724
0.755
0.751
0.750
0.823
0.743
0.764
0.794
0.748
0.673
0.667
0.651
0.618
0.627
0.676
0.689
0.690
0.646
0.654
0.725
0.653
0.669
0.672
0.643
0.596
0.602
0.651
0.594
0.552
0.612
0.613
0.673
0.677
0.621
0.612
0.656
0.626
0.568
0.579
0.574
0.660
0.633
0.600
0.545
0.587
0.588
0.605
0.570
0.571
0.586
0.583
0.601
0.588
0.538
0.504
0.455
0.427
0.461
0.469
0.538
0.575
0.578
0.549
0.581
0.555
0.431
0.432
0.466
0.463
0.523
0.562
0.480
0.447
0.386
0.440
0.485
0.520
0.565
0.570
0.539
0.517
0.539
0.492
0.505
0.463
0.461
0.511
0.505
0.477
0.425
0.486
0.536
0.535
0.528
0.443
0.429
0.455
0.503
0.503
0.501
0.482
0.510
0.483
0.461
0.477
0.483
0.459
0.498
0.526
0.518
0.541
0.570
0.568
0.544
0.487
0.449
0.486
0.464
0.466
0.418
0.426
0.456
0.477
0.524
0.562
0.572
0.544
0.493
0.483
0.436
0.423
0.481
0.512
0.567
0.487
0.469
0.513
0.618
0.582
0.554
0.541
0.602
0.601
0.585
0.585
0.548
0.547
0.594
0.600
0.591
0.529
0.561
0.592
0.659
0.585
0.533
0.497
0.550
0.525
0.529
0.499
0.499
0.527
0.573
0.567
0.540
0.538
0.495
0.499
0.490
0.478
0.501
0.523
0.515
0.560
0.521
0.493
0.510
0.517
0.556
0.592
0.571
0.551
0.588
0.547
0.555
0.552
0.510
0.512
0.540
0.515
0.448
0.477
0.464
0.462
0.410
0.551
0.532
0.555
0.632
0.696
0.718
0.587
0.564
0.567
0.561
0.493
0.621
0.546
0.757
0.650
0.606
0.588
0.639
0.596
0.636
0.601
0.620
0.599
0.679
0.699
0.631
0.668
0.652
0.620
0.636
0.629
0.660
0.727
0.749
0.697
0.664
0.679
0.635
0.679
0.693
0.706
0.755
0.737
0.748
0.807
0.770
0.810
0.801
0.821
0.858
0.877
0.859
0.918
0.913
0.840
0.815
0.790
0.795
0.808
0.813
0.830
0.725
0.703
0.697
0.758
0.848
0.746
0.702
0.763
0.721
0.678
0.705
0.727
0.731
0.775
0.794
0.754
0.664
0.681
0.724
0.713
0.690
0.654
0.630
0.608
0.684
0.736
0.689
0.729
0.728
0.723
0.882
0.770
0.845
0.757
0.776
0.736
0.822
0.798
0.783
0.859
0.920
0.900
0.819
0.764
0.770
0.777
0.870
0.834
0.788
0.850
0.871
0.805
0.797
0.849
0.848
0.830
0.867
0.858
0.818
0.841
0.949
0.961
0.951
0.882
0.841
0.829
0.921
0.960
0.898
0.867
0.926
0.854
0.870
0.831
0.879
0.836
0.902
0.855
0.830
0.912
0.900
0.913
0.853
0.826
0.828
0.856
0.818
0.829
0.815
0.892
0.868
0.857
0.825
0.788
0.759
0.769
0.850
0.915
0.927
0.955
0.912
0.882
0.906
0.824
0.814
0.827
0.779
0.809
0.835
0.771
0.807
0.890
0.788
0.792
0.793
0.848
0.766
0.755
0.870
0.712
0.832
0.875
0.935
0.820
0.767
0.843
0.809
0.756
0.760
0.700
0.766
0.776
0.752
0.773
0.783
0.697
0.753
0.756
0.736
0.682
0.782
0.762
0.661
0.666
0.681
0.701
0.766
0.698
0.676
0.652
0.637
0.691
0.658
0.661
0.629
0.639
0.639
0.633
0.652
0.585
0.577
0.621
0.649
0.678
0.647
0.606
0.592
0.601
0.552
0.573
0.595
0.595
0.612
0.650
0.667
0.645
0.639
0.590
0.562
0.540
0.581
0.613
0.644
0.657
0.650
0.612
0.631
0.703
0.621
0.555
0.617
0.637
0.688
0.648
0.619
0.606
0.556
0.566
0.536
0.513
0.502
0.496
0.482
0.459
0.483
0.520
0.510
0.497
0.511
0.426
0.330
0.368
0.498
0.554
0.757
0.586
0.560
0.582
0.568
0.595
0.554
0.535
0.548
0.614
0.630
0.612
0.575
0.593
0.569
0.599
0.592
0.592
0.564
0.587
0.540
0.510
0.530
0.586
0.550
0.574
0.548
0.571
0.568
0.551
0.541
0.508
0.580
0.583
0.626
0.661
0.559
0.540
0.540
0.475
0.493
0.533
0.541
0.518
0.546
0.597
0.645
0.607
0.625
0.597
0.569
0.550
0.577
0.590
0.569
0.530
0.500
0.485
0.490
0.524
0.551
0.516
0.540
0.500
0.539
0.567
0.556
0.500
0.484
0.513
0.586
0.604
0.598
0.528
0.491
0.511
0.508
0.503
0.511
0.511
0.557
0.640
0.561
0.591
0.557
0.541
0.549
0.442
0.460
0.429
0.486
0.440
0.415
0.390
0.440
0.480
0.513
0.531
0.558
0.606
0.635
0.625
0.628
0.602
0.570
0.601
0.630
0.611
0.713
0.741
0.784
0.756
0.712
0.749
0.775
0.732
0.734
0.803
0.833
0.827
0.828
0.825
0.865
0.835
0.866
0.796
0.804
0.894
0.892
0.846
0.843
0.799
0.795
0.806
0.779
0.803
0.812
0.882
0.895
0.903
0.858
0.878
0.842
0.850
0.847
0.826
0.855
0.821
0.796
0.770
0.764
0.823
0.872
0.909
0.925
0.883
0.949
0.928
0.941
0.938
0.925
0.949
0.916
0.928
0.877
0.888
0.925
0.889
0.844
0.814
0.796
0.883
0.886
0.866
0.881
0.839
0.834
0.857
0.839
0.869
0.868
0.869
0.899
0.882
0.848
0.897
0.886
0.916
0.885
0.906
0.960
0.920
0.895
0.847
0.867
0.873
0.862
0.889
0.891
0.888
0.816
0.806
0.822
0.891
0.814
0.844
0.880
0.958
0.940
0.949
0.960
0.925
0.843
0.893
0.921
0.964
0.914
0.842
0.871
0.933
0.843
0.861
0.920
0.901
0.957
0.878
0.897
0.887
0.878
0.792
0.759
0.757
0.764
0.762
0.760
0.724
0.816
0.817
0.837
0.837
0.900
0.834
0.852
0.957
0.852
0.802
0.753
0.800
0.828
0.863
0.810
0.803
0.928
0.867
0.862
0.846
0.831
0.851
0.815
0.849
0.845
0.800
0.791
0.845
0.779
0.853
0.830
0.745
0.716
0.744
0.801
0.773
0.756
0.719
0.720
0.709
0.747
0.720
0.668
0.696
0.674
0.641
0.605
0.655
0.727
0.755
0.747
0.793
0.821
0.752
0.717
0.690
0.714
0.712
0.695
0.654
0.665
0.692
0.679
0.720
0.704
0.686
0.700
0.623
0.602
0.623
0.627
0.560
0.527
0.471
0.536
0.594
0.562
0.426
0.547
0.581
0.667
0.699
0.705
0.649
0.624
0.640
0.671
0.634
0.651
0.665
0.691
0.638
0.599
0.596
0.616
0.583
0.571
0.568
0.610
0.617
0.630
0.595
0.590
0.544
0.483
0.511
0.567
0.575
0.643
0.591
0.588
0.611
0.634
0.613
0.543
0.474
0.410
0.389
0.418
0.424
0.444
0.370
0.351
0.520
0.502
0.530
0.496
0.652
0.737
0.643
0.593
0.576
0.604
0.553
0.561
0.538
0.536
0.532
0.645
0.653
0.721
0.704
0.692
0.668
0.689
0.694
0.715
0.703
0.705
0.679
0.657
0.638
0.664
0.641
0.666
0.621
0.703
0.641
0.676
0.647
0.593
0.538
0.580
0.612
0.606
0.632
0.596
0.587
0.541
0.564
0.575
0.599
0.596
0.591
0.573
0.539
0.575
0.579
0.607
0.618
0.594
0.794
0.732
0.712
0.665
0.657
0.641
0.650
0.642
0.614
0.610
0.616
0.606
0.588
0.541
0.481
0.445
0.388
0.436
0.445
0.408
0.459
0.506
0.556
0.576
0.572
0.495
0.525
0.576
0.585
0.625
0.619
0.629
0.624
0.596
0.522
0.467
0.490
0.561
0.592
0.617
0.603
0.550
0.547
0.486
0.473
0.495
0.535
0.559
0.595
0.592
0.601
0.540
0.523
0.541
0.510
0.540
0.588
0.582
0.612
0.633
0.706
0.642
0.681
0.688
0.641
0.604
0.734
0.684
0.633
0.633
0.622
0.574
0.579
0.640
0.592
0.635
0.656
0.644
0.663
0.696
0.663
0.707
0.711
0.752
0.790
0.760
0.770
0.829
0.765
0.769
0.825
0.761
0.722
0.730
0.701
0.709
0.717
0.748
0.740
0.708
0.689
0.729
0.621
0.609
0.672
0.747
0.693
0.760
0.684
0.609
0.644
0.615
0.595
0.666
0.742
0.758
0.771
0.750
0.791
0.915
0.778
0.833
0.778
0.862
0.863
0.810
0.774
0.805
0.765
0.757
0.798
0.707
0.746
0.822
0.796
0.766
0.759
0.727
0.744
0.735
0.712
0.724
0.740
0.731
0.769
0.812
0.784
0.795
0.797
0.716
0.836
0.768
0.808
0.886
0.865
0.780
0.789
0.804
0.795
0.868
0.880
0.807
0.762
0.726
0.850
0.901
0.815
0.834
0.784
0.794
0.760
0.788
0.798
0.788
0.808
0.741
0.717
0.838
0.861
0.803
0.766
0.764
0.773
0.849
0.810
0.749
0.730
0.792
0.743
0.822
0.740
0.783
0.728
0.742
0.795
0.777
0.781
0.771
0.751
0.740
0.717
0.703
0.720
0.723
0.753
0.751
0.738
0.779
0.739
0.712
0.701
0.662
0.674
0.669
0.672
0.676
0.689
0.682
0.675
0.686
0.657
0.685
0.678
0.640
0.653
0.653
0.685
0.655
0.588
0.620
0.746
0.667
0.692
0.654
0.648
0.657
0.656
0.645
0.548
0.667
0.911
0.916
0.935
0.783
0.745
0.763
0.845
0.721
0.719
0.730
0.709
0.662
0.638
0.665
0.651
0.638
0.614
0.617
0.612
0.572
0.630
0.690
0.652
0.602
0.524
0.465
0.478
0.505
0.527
0.564
0.565
0.573
0.587
0.630
0.592
0.541
0.491
0.477
0.521
0.526
0.524
0.587
0.612
0.569
0.580
0.523
0.489
0.455
0.601
0.656
0.573
0.565
0.589
0.682
0.597
0.599
0.557
0.560
0.568
0.576
0.535
0.476
0.440
0.456
0.499
0.565
0.562
0.556
0.549
0.580
0.621
0.547
0.516
0.487
0.465
0.473
0.440
0.475
0.485
0.460
0.513
0.546
0.576
0.541
0.492
0.518
0.504
0.553
0.555
0.524
0.522
0.486
0.443
0.481
0.457
0.510
0.540
0.566
0.576
0.511
0.512
0.501
0.560
0.547
0.533
0.543
0.524
0.454
0.452
0.506
0.531
0.526
0.510
0.540
0.625
0.674
0.589
0.580
0.577
0.568
0.536
0.506
0.488
0.530
0.539
0.551
0.536
0.566
0.584
0.581
0.656
0.676
0.669
0.600
0.546
0.545
0.522
0.538
0.532
0.531
0.488
0.712
0.602
0.551
0.549
0.567
0.489
0.538
0.579
0.571
0.438
0.479
0.502
0.568
0.523
0.535
0.556
0.566
0.549
0.548
0.576
0.591
0.629
0.665
0.609
0.648
0.624
0.562
0.483
0.438
0.532
0.589
0.608
0.569
0.577
0.551
0.518
0.476
0.510
0.618
0.602
0.617
0.602
0.575
0.615
0.630
0.579
0.516
0.583
0.641
0.579
0.539
0.637
0.644
0.645
0.592
0.655
0.652
0.610
0.602
0.648
0.700
0.666
0.654
0.704
0.754
0.812
0.796
0.805
0.721
0.737
0.681
0.671
0.635
0.720
0.724
0.708
0.768
0.802
0.772
0.770
0.879
0.859
0.732
0.674
0.720
0.897
0.959
0.941
0.955
0.853
0.767
0.744
0.724
0.773
0.767
0.808
0.750
0.765
0.803
0.838
0.802
0.800
0.764
0.811
0.822
0.817
0.900
0.805
0.804
0.830
0.827
0.800
0.786
0.825
0.799
0.824
0.890
0.876
0.818
0.771
0.844
0.844
0.789
0.792
0.799
0.780
0.745
0.724
0.773
0.793
0.812
0.827
0.767
0.778
0.780
0.790
0.784
0.745
0.791
0.802
0.777
0.757
0.773
0.833
0.794
0.867
0.771
0.788
0.784
0.737
0.830
0.862
0.769
0.731
0.807
0.803
0.885
0.874
0.781
0.799
0.742
0.767
0.781
0.722
0.836
0.846
0.850
0.729
0.845
0.810
0.736
0.776
0.827
0.765
0.655
0.682
0.691
0.693
0.734
0.870
0.733
0.859
0.949
0.953
0.879
0.842
0.925
0.793
0.820
0.790
0.851
0.855
0.916
0.884
0.852
0.809
0.834
0.751
0.723
0.757
0.776
0.787
0.840
0.797
0.819
0.849
0.798
0.792
0.796
0.795
0.719
0.729
0.731
0.701
0.682
0.703
0.668
0.661
0.676
0.700
0.666
0.683
0.672
0.642
0.593
0.645
0.605
0.536
0.511
0.580
0.628
0.641
0.664
0.651
0.589
0.661
0.811
0.802
0.665
0.573
0.683
0.621
0.594
0.632
0.633
0.623
0.675
0.599
0.604
0.644
0.639
0.655
0.625
0.634
0.626
0.657
0.634
0.622
0.594
0.549
0.566
0.503
0.458
0.466
0.457
0.426
0.446
0.483
0.420
0.447
0.501
0.545
0.615
0.585
0.548
0.538
0.520
0.510
0.457
0.453
0.570
0.627
0.688
0.650
0.613
0.614
0.535
0.581
0.590
0.503
0.431
0.394
0.392
0.474
0.540
0.536
0.505
0.482
0.493
0.437
0.443
0.428
0.425
0.462
0.474
0.462
0.438
0.421
0.458
0.520
0.428
0.490
0.551
0.524
0.506
0.508
0.465
0.410
0.504
0.522
0.527
0.496
0.505
0.527
0.433
0.350
0.400
0.421
0.413
0.442
0.458
0.497
0.501
0.454
0.416
0.487
0.531
0.487
0.518
0.517
0.556
0.583
0.556
0.577
0.560
0.582
0.682
0.804
0.745
0.764
0.682
0.651
0.718
0.722
0.638
0.579
0.611
0.647
0.673
0.664
0.773
0.685
0.677
0.661
0.730
0.673
0.718
0.787
0.856
0.811
0.841
0.794
0.743
0.707
0.666
0.707
0.665
0.614
0.556
0.568
0.547
0.582
0.608
0.582
0.592
0.605
0.637
0.649
0.660
0.682
0.691
0.687
0.721
0.736
0.768
0.706
0.677
0.708
0.695
0.688
0.643
0.681
0.661
0.679
0.677
0.681
0.707
0.752
0.798
0.755
0.809
0.770
0.718
0.715
0.733
0.822
0.813
0.744
0.733
0.672
0.702
0.717
0.784
0.720
0.703
0.688
0.696
0.682
0.616
0.614
0.570
0.602
0.601
0.664
0.666
0.652
0.650
0.629
0.606
0.590
0.629
0.706
0.699
0.711
0.711
0.708
0.747
0.628
0.661
0.731
0.684
0.723
0.676
0.678
0.638
0.638
0.644
0.610
0.602
0.542
0.569
0.637
0.703
0.678
0.566
0.715
0.674
0.661
0.669
0.727
0.720
0.784
0.859
0.868
0.775
0.799
0.747
0.716
0.798
0.851
0.772
0.742
0.782
0.735
0.745
0.719
0.791
0.776
0.696
0.695
0.734
0.935
0.925
0.842
0.815
0.829
0.852
0.848
0.873
0.841
0.808
0.843
0.790
0.796
0.788
0.780
0.778
0.756
0.804
0.861
0.849
0.768
0.830
0.904
0.802
0.817
0.824
0.786
0.774
0.746
0.806
0.769
0.877
0.895
0.848
0.925
0.766
0.783
0.846
0.816
0.770
0.730
0.807
0.792
0.792
0.788
0.771
0.769
0.805
0.802
0.804
0.786
0.853
0.802
0.758
0.811
0.749
0.729
0.737
0.763
0.798
0.725
0.695
0.713
0.703
0.765
0.714
0.705
0.714
0.700
0.735
0.725
0.752
0.707
0.723
0.646
0.711
0.661
0.661
0.685
0.640
0.585
0.602
0.704
0.906
0.833
0.773
0.732
0.729
0.852
0.838
0.722
0.706
0.706
0.705
0.759
0.709
0.712
0.690
0.666
0.657
0.677
0.640
0.685
0.751
0.674
0.598
0.620
0.584
0.576
0.543
0.549
0.562
0.566
0.609
0.657
0.563
0.528
0.569
0.630
0.621
0.599
0.620
0.644
0.548
0.467
0.504
0.556
0.583
0.557
0.589
0.599
0.543
0.507
0.556
0.467
0.488
0.516
0.629
0.599
0.554
0.539
0.575
0.611
0.564
0.577
0.554
0.536
0.563
0.546
0.549
0.500
0.405
0.476
0.547
0.615
0.714
0.582
0.604
0.578
0.539
0.496
0.469
0.541
0.728
0.592
0.562
0.548
0.501
0.514
0.542
0.572
0.518
0.463
0.589
0.601
0.498
0.480
0.601
0.611
0.621
0.589
0.548
0.504
0.532
0.501
0.524
0.517
0.521
0.573
0.468
0.389
0.370
0.470
0.557
0.615
0.639
0.589
0.447
0.397
0.388
0.387
0.425
0.493
0.534
0.528
0.521
0.574
0.613
0.647
0.596
0.585
0.556
0.552
0.552
0.528
0.497
0.528
0.501
0.551
0.603
0.612
0.534
0.545
0.556
0.582
0.535
0.582
0.545
0.592
0.562
0.535
0.520
0.550
0.523
0.544
0.531
0.547
0.539
0.544
0.528
0.511
0.515
0.500
0.499
0.565
0.626
0.579
0.555
0.581
0.557
0.548
0.545
0.569
0.539
0.565
0.530
0.547
0.523
0.531
0.560
0.527
0.526
0.485
0.495
0.501
0.535
0.557
0.513
0.508
0.559
0.553
0.546
0.557
0.517
0.450
0.535
0.579
0.590
0.609
0.622
0.578
0.581
0.577
0.590
0.570
0.568
0.508
0.470
0.437
0.489
0.498
0.560
0.573
0.486
0.433
0.590
0.607
0.579
0.581
0.619
0.608
0.654
0.639
0.639
0.633
0.673
0.678
0.667
0.631
0.586
0.616
0.672
0.704
0.718
0.761
0.715
0.676
0.778
0.689
0.650
0.676
0.714
0.675
0.700
0.783
0.735
0.694
0.684
0.634
0.557
0.623
0.689
0.728
0.742
0.723
0.792
0.907
0.913
0.813
0.906
0.748
0.713
0.822
0.718
0.718
0.700
0.700
0.733
0.813
0.744
0.685
0.714
0.714
0.719
0.719
0.717
0.773
0.710
0.730
0.752
0.817
0.826
0.842
0.710
0.696
0.717
0.831
0.800
0.791
0.754
0.775
0.760
0.734
0.712
0.673
0.555
0.533
0.584
0.596
0.685
0.710
0.715
0.680
0.696
0.918
0.753
0.687
0.742
0.742
0.698
0.726
0.767
0.757
0.766
0.696
0.763
0.702
0.855
0.710
0.695
0.671
0.689
0.709
0.779
0.732
0.706
0.852
0.734
0.779
0.911
0.871
0.718
0.713
0.703
0.731
0.687
0.668
0.642
0.681
0.708
0.701
0.711
0.721
0.719
0.704
0.678
0.646
0.657
0.752
0.918
0.817
0.744
0.692
0.638
0.647
0.659
0.678
0.597
0.553
0.604
0.749
0.645
0.658
0.580
0.541
0.556
0.625
0.696
0.663
0.666
0.669
0.667
0.645
0.632
0.555
0.471
0.424
0.391
0.499
0.541
0.614
0.564
0.491
0.459
0.624
0.605
0.567
0.505
0.601
0.623
0.580
0.521
0.514
0.402
0.432
0.655
0.783
0.681
0.646
0.670
0.644
0.636
0.644
0.666
0.716
0.629
0.632
0.592
0.625
0.542
0.540
0.477
0.510
0.530
0.518
0.528
0.579
0.627
0.644
0.652
0.623
0.533
0.502
0.521
0.560
0.587
0.600
0.645
0.608
0.595
0.589
0.607
0.646
0.642
0.567
0.596
0.599
0.556
0.552
0.546
0.593
0.581
0.560
0.589
0.535
0.475
0.444
0.428
0.476
0.511
0.483
0.630
0.630
0.564
0.517
0.490
0.489
0.470
0.454
0.470
0.488
0.454
0.470
0.504
0.529
0.472
0.452
0.424
0.385
0.396
0.370
0.565
0.577
0.549
0.554
0.566
0.507
0.534
0.494
0.489
0.587
0.567
0.528
0.558
0.536
0.568
0.544
0.530
0.551
0.489
0.498
0.559
0.583
0.540
0.535
0.556
0.528
0.563
0.565
0.587
0.566
0.510
0.444
0.459
0.509
0.512
0.517
0.552
0.592
0.556
0.551
0.523
0.564
0.567
0.584
0.560
0.569
0.579
0.561
0.533
0.534
0.545
0.572
0.569
0.544
0.538
0.530
0.602
0.618
0.606
0.512
0.533
0.551
0.564
0.541
0.537
0.489
0.529
0.552
0.585
0.497
0.489
0.489
0.463
0.474
0.447
0.476
0.439
0.420
0.470
0.420
0.345
0.503
0.542
0.493
0.418
0.439
0.542
0.600
0.645
0.657
0.602
0.586
0.625
0.609
0.618
0.599
0.607
0.612
0.607
0.601
0.613
0.559
0.575
0.626
0.626
0.622
0.595
0.613
0.676
0.642
0.660
0.642
0.627
0.592
0.709
0.716
0.676
0.671
0.656
0.675
0.672
0.732
0.693
0.669
0.677
0.679
0.719
0.681
0.724
0.666
0.831
0.750
0.678
0.802
0.731
0.876
0.794
0.723
0.737
0.853
0.742
0.810
0.739
0.747
0.813
0.745
0.691
0.707
0.693
0.682
0.722
0.693
0.674
0.674
0.642
0.663
0.659
0.658
0.699
0.699
0.804
0.785
0.769
0.845
0.829
0.805
0.778
0.799
0.775
0.782
0.850
0.838
0.800
0.767
0.766
0.833
0.832
0.837
0.813
0.919
0.899
0.813
0.720
0.722
0.784
0.789
0.806
0.818
0.907
0.798
0.839
0.869
0.840
0.795
0.751
0.809
0.839
0.934
0.839
0.754
0.768
0.828
0.785
0.771
0.837
0.793
0.784
0.825
0.825
0.806
0.788
0.780
0.819
0.755
0.722
0.745
0.869
0.860
0.931
0.781
0.848
0.738
0.715
0.750
0.720
0.658
0.831
0.931
0.799
0.815
0.804
0.783
0.742
0.772
0.816
0.782
0.751
0.752
0.875
0.792
0.864
0.843
0.842
0.766
0.703
0.738
0.682
0.748
0.717
0.721
0.700
0.720
0.739
0.726
0.692
0.666
0.708
0.667
0.786
0.727
0.689
0.768
0.677
0.760
0.905
0.833
0.689
0.613
0.658
0.781
0.755
0.779
0.885
0.681
0.643
0.676
0.717
0.640
0.611
0.660
0.692
0.690
0.766
0.702
0.649
0.628
0.669
0.707
0.649
0.646
0.630
0.631
0.694
0.589
0.630
0.635
0.634
0.631
0.618
0.566
0.573
0.612
0.663
0.611
0.623
0.616
0.567
0.551
0.534
0.479
0.550
0.587
0.672
0.696
0.615
0.568
0.552
0.578
0.594
0.595
0.604
0.558
0.526
0.533
0.590
0.556
0.523
0.538
0.568
0.644
0.609
0.474
0.463
0.446
0.449
0.538
0.518
0.528
0.547
0.539
0.541
0.556
0.501
0.551
0.556
0.556
0.500
0.532
0.545
0.521
0.548
0.641
0.598
0.613
0.604
0.553
0.507
0.548
0.517
0.534
0.527
0.403
0.374
0.459
0.517
0.513
0.518
0.538
0.560
0.634
0.646
0.591
0.603
0.626
0.608
0.576
0.551
0.546
0.533
0.559
0.555
0.554
0.485
0.506
0.541
0.573
0.582
0.588
0.526
0.525
0.532
0.510
0.512
0.529
0.495
0.452
0.436
0.398
0.419
0.497
0.504
0.473
0.477
0.455
0.488
0.492
0.502
0.516
0.515
0.555
0.581
0.529
0.518
0.560
0.597
0.537
0.502
0.507
0.467
0.488
0.462
0.476
0.525
0.504
0.471
0.534
0.543
0.581
0.566
0.595
0.575
0.562
0.573
0.552
0.532
0.490
0.507
0.498
0.536
0.580
0.570
0.574
0.571
0.583
0.598
0.587
0.523
0.553
0.542
0.499
0.553
0.576
0.620
0.610
0.596
0.491
0.507
0.497
0.477
0.490
0.510
0.539
0.544
0.541
0.554
0.569
0.553
0.656
0.700
0.667
0.671
0.677
0.692
0.659
0.645
0.610
0.680
0.742
0.699
0.679
0.710
0.663
0.656
0.712
0.653
0.625
0.640
0.645
0.742
0.701
0.655
0.647
0.668
0.736
0.720
0.686
0.646
0.645
0.757
0.716
0.669
0.594
0.617
0.644
0.654
0.631
0.637
0.729
0.709
0.764
0.759
0.702
0.689
0.605
0.649
0.682
0.679
0.760
0.733
0.827
0.863
0.733
0.707
0.697
0.716
0.738
0.765
0.782
0.798
0.737
0.774
0.755
0.789
0.726
0.778
0.793
0.817
0.791
0.744
0.782
0.795
0.818
0.750
0.718
0.774
0.840
0.769
0.721
0.757
0.812
0.745
0.792
0.770
0.829
0.828
0.929
0.925
0.860
0.793
0.793
0.748
0.752
0.807
0.768
0.735
0.715
0.812
0.760
0.779
0.905
0.844
0.865
0.782
0.832
0.924
0.735
0.704
0.844
0.787
0.828
0.786
0.779
0.811
0.785
0.908
0.803
0.747
0.743
0.736
0.723
0.675
0.718
0.907
0.750
0.756
0.710
0.757
0.739
0.745
0.696
0.838
0.707
0.753
0.717
0.757
0.722
0.712
0.717
0.715
0.696
0.792
0.790
0.829
0.742
0.735
0.761
0.820
0.702
0.777
0.779
0.714
0.747
0.754
0.721
0.719
0.790
0.743
0.740
0.725
0.678
0.739
0.704
0.643
0.709
0.670
0.688
0.659
0.633
0.650
0.664
0.722
0.656
0.626
0.595
0.629
0.633
0.667
0.623
0.636
0.633
0.642
0.573
0.470
0.568
0.530
0.536
0.479
0.451
0.536
0.640
0.666
0.612
0.643
0.628
0.621
0.617
0.603
0.558
0.526
0.532
0.574
0.586
0.599
0.588
0.521
0.480
0.567
0.547
0.605
0.582
0.587
0.628
0.607
0.664
0.624
0.579
0.531
0.589
0.581
0.591
0.534
0.617
0.694
0.573
0.481
0.452
0.414
0.379
0.476
0.607
0.772
0.720
0.706
0.547
0.577
0.685
0.543
0.539
0.605
0.591
0.592
0.565
0.445
0.532
0.466
0.413
0.371
0.411
0.447
0.479
0.457
0.369
0.333
0.332
0.406
0.499
0.528
0.480
0.447
0.411
0.448
0.449
0.457
0.474
0.510
0.491
0.369
0.456
0.396
0.448
0.493
0.525
0.514
0.587
0.569
0.557
0.512
0.535
0.540
0.540
0.535
0.585
0.576
0.595
0.600
0.587
0.573
0.532
0.544
0.578
0.530
0.528
0.544
0.535
0.590
0.593
0.594
0.537
0.553
0.562
0.509
0.453
0.517
0.499
0.489
0.504
0.484
0.513
0.533
0.541
0.540
0.522
0.524
0.577
0.625
0.591
0.596
0.560
0.592
0.548
0.550
0.497
0.554
0.595
0.571
0.546
0.569
0.602
0.597
0.581
0.560
0.584
0.562
0.593
0.544
0.555
0.552
0.504
0.486
0.508
0.554
0.572
0.589
0.528
0.582
0.555
0.616
0.595
0.568
0.547
0.522
0.539
0.534
0.507
0.595
0.547
0.614
0.613
0.611
0.603
0.643
0.661
0.647
0.656
0.673
0.687
0.638
0.668
0.634
0.693
0.703
0.685
0.720
0.705
0.726
0.741
0.727
0.684
0.666
0.650
0.820
0.915
0.931
0.815
0.823
0.837
0.938
0.958
0.913
0.857
0.763
0.802
0.844
0.753
0.770
0.878
0.944
0.950
0.941
0.924
0.780
0.704
0.787
0.940
0.860
0.709
0.705
0.742
0.738
0.691
0.684
0.643
0.704
0.660
0.793
0.771
0.812
0.850
0.948
0.943
0.960
0.945
0.960
0.892
0.882
0.829
0.814
0.803
0.789
0.842
0.857
0.832
0.775
0.848
0.919
0.950
0.858
0.801
0.866
0.827
0.821
0.800
0.800
0.790
0.827
0.794
0.879
0.754
0.691
0.764
0.764
0.860
0.875
0.795
0.780
0.783
0.836
0.839
0.856
0.783
0.748
0.777
0.766
0.774
0.894
0.795
0.903
0.954
0.820
0.815
0.753
0.729
0.727
0.780
0.873
0.845
0.842
0.824
0.762
0.808
0.800
0.762
0.788
0.849
0.914
0.871
0.785
0.841
0.781
0.830
0.826
0.748
0.671
0.712
0.749
0.880
0.820
0.797
0.871
0.753
0.880
0.953
0.936
0.779
0.756
0.839
0.932
0.825
0.782
0.755
0.745
0.772
0.790
0.760
0.698
0.690
0.732
0.672
0.764
0.695
0.761
0.739
0.750
0.758
0.746
0.672
0.693
0.778
0.759
0.723
0.641
0.692
0.703
0.711
0.707
0.676
0.699
0.690
0.675
0.699
0.651
0.655
0.677
0.598
0.577
0.608
0.605
0.590
0.599
0.603
0.649
0.641
0.649
0.627
0.605
0.582
0.566
0.534
0.558
0.705
0.646
0.596
0.623
0.572
0.566
0.595
0.591
0.506
0.497
0.462
0.417
0.382
0.456
0.513
0.493
0.478
0.501
0.523
0.538
0.585
0.583
0.584
0.546
0.605
0.612
0.574
0.550
0.525
0.547
0.541
0.532
0.554
0.560
0.521
0.553
0.471
0.437
0.403
0.460
0.434
0.470
0.436
0.579
0.593
0.570
0.531
0.580
0.644
0.594
0.526
0.416
0.346
0.346
0.354
0.407
0.389
0.415
0.412
0.409
0.438
0.524
0.491
0.476
0.474
0.453
0.481
0.491
0.529
0.515
0.532
0.520
0.481
0.471
0.508
0.456
0.453
0.423
0.465
0.508
0.523
0.509
0.536
0.592
0.565
0.545
0.513
0.561
0.579
0.542
0.489
0.485
0.493
0.456
0.514
0.537
0.535
0.557
0.630
0.667
0.619
0.625
0.611
0.559
0.596
0.596
0.563
0.526
0.544
0.549
0.597
0.608
0.597
0.582
0.621
0.599
0.608
0.620
0.628
0.594
0.583
0.579
0.565
0.614
0.641
0.649
0.614
0.637
0.558
0.565
0.526
0.498
0.455
0.423
0.445
0.444
0.530
0.600
0.594
0.571
0.563
0.552
0.558
0.557
0.636
0.573
0.536
0.600
0.599
0.562
0.500
0.441
0.438
0.503
0.560
0.520
0.579
0.639
0.598
0.700
0.644
0.581
0.612
0.605
0.620
0.644
0.625
0.620
0.605
0.594
0.557
0.607
0.660
0.645
0.701
0.730
0.769
0.704
0.680
0.735
0.741
0.788
0.793
0.713
0.696
0.683
0.662
0.703
0.656
0.681
0.747
0.823
0.815
0.684
0.637
0.682
0.753
0.737
0.803
0.776
0.825
0.793
0.915
0.926
0.889
0.759
0.736
0.783
0.770
0.727
0.683
0.775
0.775
0.809
0.840
0.749
0.725
0.752
0.880
0.831
0.760
0.755
0.773
0.761
0.744
0.711
0.727
0.742
0.792
0.818
0.797
0.758
0.645
0.595
0.596
0.526
0.614
0.750
0.734
0.703
0.713
0.897
0.760
0.717
0.691
0.694
0.752
0.715
0.743
0.788
0.712
0.604
0.625
0.669
0.707
0.698
0.772
0.750
0.726
0.773
0.747
0.757
0.718
0.813
0.738
0.787
0.855
0.873
0.753
0.744
0.718
0.689
0.730
0.741
0.751
0.772
0.807
0.748
0.753
0.781
0.772
0.743
0.767
0.865
0.770
0.785
0.891
0.791
0.809
0.758
0.671
0.695
0.762
0.874
0.925
0.823
0.708
0.736
0.868
0.934
0.824
0.802
0.724
0.922
0.929
0.833
0.839
0.885
0.754
0.745
0.713
0.684
0.660
0.684
0.689
0.729
0.759
0.758
0.758
0.686
0.693
0.665
0.667
0.668
0.666
0.581
0.590
0.510
0.476
0.473
0.519
0.574
0.628
0.568
0.530
0.594
0.589
0.573
0.581
0.591
0.530
0.471
0.520
0.564
0.591
0.571
0.661
0.616
0.535
0.474
0.412
0.459
0.539
0.620
0.619
0.636
0.632
0.713
0.649
0.590
0.563
0.541
0.563
0.502
0.444
0.428
0.541
0.503
0.517
0.500
0.498
0.445
0.410
0.399
0.459
0.447
0.410
0.417
0.434
0.442
0.531
0.532
0.500
0.509
0.524
0.561
0.585
0.496
0.368
0.335
0.415
0.467
0.507
0.508
0.475
0.553
0.545
0.581
0.546
0.555
0.543
0.625
0.540
0.541
0.517
0.436
0.475
0.523
0.434
0.331
0.355
0.325
0.352
0.297
0.306
0.383
0.389
0.427
0.409
0.395
0.447
0.419
0.510
0.502
0.521
0.449
0.453
0.441
0.544
0.595
0.612
0.569
0.586
0.570
0.548
0.554
0.532
0.557
0.590
0.561
0.563
0.593
0.547
0.522
0.457
0.447
0.488
0.431
0.419
0.367
0.370
0.446
0.590
0.529
0.527
0.507
0.505
0.538
0.514
0.523
0.565
0.592
0.621
0.555
0.519
0.551
0.562
0.531
0.537
0.529
0.621
0.616
0.562
0.548
0.539
0.544
0.532
0.515
0.428
0.397
0.395
0.374
0.405
0.410
0.445
0.507
0.499
0.500
0.554
0.536
0.501
0.498
0.560
0.557
0.541
0.609
0.573
0.524
0.560
0.577
0.607
0.565
0.559
0.573
0.569
0.555
0.538
0.549
0.517
0.584
0.523
0.510
0.534
0.576
0.531
0.493
0.573
0.608
0.566
0.577
0.529
0.551
0.547
0.545
0.475
0.424
0.564
0.630
0.560
0.637
0.593
0.594
0.567
0.550
0.590
0.653
0.623
0.629
0.721
0.617
0.548
0.568
0.593
0.618
0.637
0.620
0.569
0.568
0.610
0.589
0.659
0.622
0.668
0.655
0.646
0.596
0.534
0.548
0.613
0.583
0.538
0.487
0.526
0.598
0.623
0.641
0.599
0.610
0.771
0.798
0.890
0.776
0.697
0.704
0.657
0.661
0.679
0.645
0.728
0.807
0.673
0.656
0.727
0.862
0.716
0.715
0.700
0.675
0.653
0.626
0.725
0.534
0.520
0.693
0.714
0.765
0.773
0.914
0.833
0.866
0.868
0.873
0.825
0.742
0.706
0.724
0.794
0.815
0.750
0.714
0.760
0.660
0.722
0.722
0.723
0.696
0.702
0.741
0.707
0.879
0.824
0.796
0.756
0.713
0.754
0.793
0.705
0.714
0.747
0.741
0.718
0.630
0.758
0.804
0.867
0.862
0.726
0.722
0.713
0.760
0.732
0.711
0.768
0.713
0.716
0.775
0.945
0.920
0.949
0.871
0.830
0.754
0.779
0.724
0.732
0.715
0.675
0.747
0.787
0.728
0.755
0.729
0.775
0.694
0.705
0.838
0.716
0.871
0.816
0.855
0.815
0.784
0.730
0.697
0.700
0.732
0.773
0.701
0.648
0.706
0.663
0.714
0.686
0.693
0.724
0.740
0.696
0.729
0.654
0.661
0.676
0.691
0.679
0.668
0.765
0.716
0.682
0.650
0.695
0.629
0.607
0.635
0.627
0.626
0.641
0.576
0.592
0.705
0.695
0.706
0.601
0.556
0.614
0.624
0.612
0.623
0.636
0.678
0.617
0.603
0.588
0.668
0.559
0.522
0.553
0.526
0.495
0.527
0.565
0.599
0.507
0.401
0.440
0.528
0.593
0.569
0.586
0.639
0.635
0.596
0.552
0.571
0.568
0.602
0.563
0.523
0.496
0.503
0.486
0.506
0.544
0.475
0.490
0.501
0.446
0.436
0.441
0.442
0.484
0.538
0.491
0.545
0.521
0.493
0.400
0.458
0.505
0.491
0.503
0.553
0.680
0.580
0.543
0.488
0.449
0.438
0.482
0.444
0.447
0.477
0.479
0.492
0.416
0.444
0.494
0.499
0.485
0.513
0.496
0.564
0.494
0.465
0.448
0.471
0.473
0.502
0.537
0.572
0.602
0.596
0.525
0.570
0.550
0.570
0.531
0.494
0.484
0.517
0.527
0.503
0.545
0.519
0.518
0.528
0.570
0.564
0.522
0.523
0.561
0.511
0.486
0.523
0.556
0.605
0.551
0.570
0.570
0.535
0.587
0.570
0.566
0.570
0.527
0.522
0.534
0.498
0.532
0.549
0.561
0.564
0.642
0.612
0.522
0.645
0.571
0.577
0.587
0.524
0.578
0.521
0.553
0.617
0.589
0.586
0.585
0.533
0.519
0.496
0.547
0.523
0.497
0.499
0.566
0.532
0.453
0.475
0.517
0.525
0.450
0.413
0.436
0.524
0.569
0.543
0.509
0.544
0.555
0.550
0.518
0.488
0.537
0.596
0.627
0.556
0.561
0.615
0.533
0.576
0.601
0.586
0.577
0.608
0.589
0.573
0.569
0.575
0.662
0.629
0.650
0.624
0.608
0.551
0.604
0.572
0.587
0.604
0.718
0.712
0.622
0.567
0.538
0.534
0.527
0.521
0.585
0.593
0.611
0.669
0.665
0.646
0.650
0.646
0.671
0.718
0.756
0.698
0.763
0.659
0.651
0.752
0.826
0.740
0.674
0.626
0.640
0.659
0.670
0.703
0.661
0.716
0.871
0.807
0.796
0.737
0.731
0.661
0.579
0.663
0.816
0.819
0.780
0.746
0.716
0.721
0.707
0.710
0.598
0.663
0.681
0.729
0.732
0.704
0.745
0.702
0.760
0.741
0.795
0.730
0.755
0.845
0.766
0.717
0.747
0.768
0.703
0.724
0.707
0.651
0.664
0.649
0.600
0.731
0.720
0.851
0.758
0.683
0.649
0.714
0.655
0.676
0.715
0.712
0.870
0.760
0.691
0.668
0.679
0.804
0.793
0.801
0.766
0.755
0.810
0.874
0.946
0.818
0.823
0.719
0.772
0.754
0.780
0.797
0.666
0.762
0.734
0.804
0.732
0.658
0.670
0.698
0.709
0.740
0.766
0.688
0.783
0.824
0.718
0.744
0.697
0.677
0.631
0.678
0.625
0.696
0.868
0.706
0.660
0.703
0.799
0.854
0.777
0.750
0.766
0.725
0.801
0.670
0.795
0.749
0.698
0.740
0.921
0.663
0.697
0.627
0.678
0.667
0.728
0.654
0.612
0.638
0.581
0.607
0.587
0.662
0.701
0.653
0.701
0.655
0.640
0.671
0.637
0.506
0.569
0.740
0.744
0.753
0.727
0.659
0.529
0.594
0.630
0.566
0.601
0.595
0.600
0.864
0.907
0.692
0.644
0.627
0.795
0.696
0.786
0.755
0.674
0.531
0.559
0.572
0.596
0.598
0.501
0.487
0.465
0.601
0.760
0.682
0.552
0.507
0.553
0.649
0.690
0.814
0.703
0.622
0.542
0.453
0.500
0.568
0.614
0.585
0.582
0.592
0.570
0.491
0.409
0.427
0.508
0.579
0.550
0.502
0.496
0.470
0.473
0.473
0.497
0.509
0.482
0.475
0.460
0.452
0.490
0.535
0.545
0.518
0.519
0.479
0.496
0.562
0.610
0.571
0.575
0.537
0.491
0.454
0.443
0.470
0.493
0.530
0.519
0.521
0.569
0.555
0.577
0.554
0.547
0.622
0.593
0.536
0.677
0.724
0.636
0.573
0.572
0.595
0.570
0.600
0.600
0.620
0.650
0.674
0.642
0.647
0.763
0.722
0.757
0.642
0.590
0.563
0.569
0.520
0.454
0.439
0.504
0.531
0.500
0.487
0.493
0.459
0.411
0.441
0.566
0.544
0.581
0.438
0.374
0.471
0.421
0.463
0.534
0.513
0.501
0.554
0.542
0.551
0.615
0.702
0.826
0.740
0.683
0.604
0.678
0.753
0.739
0.805
0.891
0.727
0.632
0.610
0.619
0.580
0.582
0.601
0.608
0.560
0.563
0.596
0.648
0.603
0.582
0.560
0.592
0.545
0.487
0.463
0.475
0.494
0.513
0.546
0.572
0.584
0.576
0.624
0.638
0.628
0.712
0.670
0.716
0.683
0.654
0.630
0.657
0.750
0.624
0.619
0.632
0.683
0.631
0.645
0.649
0.718
0.777
0.702
0.709
0.790
0.756
0.730
0.742
0.764
0.801
0.853
0.830
0.776
0.670
0.515
0.514
0.668
0.778
0.920
0.795
0.730
0.757
0.812
0.756
0.771
0.760
0.828
0.796
0.825
0.815
0.784
0.738
0.699
0.682
0.862
0.903
0.817
0.767
0.793
0.744
0.701
0.659
0.605
0.746
0.771
0.851
0.798
0.777
0.735
0.707
0.644
0.628
0.690
0.791
0.785
0.708
0.698
0.733
0.816
0.929
0.907
0.944
0.856
0.800
0.790
0.775
0.843
0.773
0.824
0.952
0.926
0.813
0.811
0.770
0.764
0.729
0.775
0.789
0.889
0.953
0.860
0.809
0.891
0.844
0.838
0.949
0.955
0.834
0.894
0.779
0.821
0.801
0.774
0.831
0.926
0.803
0.800
0.807
0.895
0.811
0.674
0.719
0.815
0.845
0.809
0.767
0.782
0.720
0.817
0.900
0.819
0.757
0.766
0.820
0.915
0.922
0.868
0.861
0.779
0.813
0.940
0.917
0.891
0.751
0.792
0.787
0.725
0.805
0.922
0.837
0.922
0.796
0.901
0.829
0.802
0.792
0.790
0.756
0.770
0.760
0.720
0.739
0.729
0.666
0.734
0.725
0.823
0.739
0.705
0.682
0.742
0.863
0.797
0.935
0.891
0.857
0.897
0.851
0.859
0.802
0.769
0.842
0.844
0.865
0.897
0.872
0.809
0.839
0.752
0.760
0.710
0.710
0.734
0.761
0.743
0.723
0.704
0.692
0.659
0.643
0.579
0.538
0.553
0.606
0.670
0.709
0.726
0.748
0.673
0.691
0.668
0.691
0.716
0.670
0.647
0.626
0.555
0.571
0.581
0.600
0.622
0.653
0.647
0.566
0.583
0.588
0.627
0.667
0.617
0.567
0.575
0.579
0.505
0.476
0.480
0.594
0.717
0.538
0.479
0.444
0.371
0.447
0.504
0.538
0.594
0.693
0.606
0.562
0.561
0.598
0.617
0.613
0.567
0.539
0.541
0.561
0.540
0.472
0.379
0.418
0.466
0.488
0.464
0.493
0.495
0.526
0.509
0.487
0.635
0.640
0.812
0.909
0.789
0.840
0.837
0.685
0.577
0.543
0.577
0.601
0.576
0.576
0.627
0.577
0.470
0.444
0.523
0.469
0.444
0.465
0.570
0.645
0.601
0.644
0.606
0.602
0.555
0.562
0.636
0.600
0.608
0.628
0.707
0.628
0.591
0.654
0.597
0.572
0.527
0.531
0.548
0.583
0.570
0.583
0.568
0.542
0.554
0.544
0.539
0.533
0.478
0.549
0.605
0.548
0.456
0.454
0.508
0.538
0.537
0.547
0.579
0.548
0.542
0.588
0.510
0.538
0.554
0.628
0.593
0.569
0.566
0.586
0.628
0.582
0.605
0.544
0.606
0.584
0.567
0.579
0.567
0.525
0.491
0.519
0.586
0.545
0.520
0.520
0.553
0.669
0.706
0.642
0.695
0.594
0.606
0.611
0.632
0.679
0.638
0.607
0.613
0.584
0.617
0.607
0.629
0.659
0.710
0.676
0.686
0.651
0.630
0.629
0.649
0.718
0.641
0.664
0.644
0.639
0.652
0.694
0.663
0.657
0.680
0.676
0.715
0.693
0.658
0.655
0.637
0.639
0.655
0.656
0.671
0.774
0.850
0.762
0.730
0.736
0.816
0.730
0.724
0.779
0.719
0.599
0.532
0.586
0.602
0.563
0.564
0.579
0.573
0.579
0.623
0.696
0.620
0.559
0.511
0.634
0.659
0.731
0.679
0.702
0.776
0.663
0.626
0.653
0.691
0.708
0.786
0.673
0.676
0.705
0.662
0.761
0.885
0.884
0.837
0.815
0.822
0.857
0.856
0.801
0.791
0.770
0.832
0.820
0.793
0.772
0.786
0.871
0.943
0.829
0.756
0.744
0.889
0.940
0.847
0.798
0.952
0.964
0.912
0.821
0.804
0.883
0.911
0.840
0.887
0.880
0.869
0.869
0.810
0.730
0.859
0.926
0.902
0.877
0.812
0.896
0.838
0.936
0.854
0.857
0.947
0.908
0.844
0.789
0.809
0.940
0.888
0.809
0.750
0.767
0.811
0.843
0.829
0.738
0.944
0.797
0.950
0.877
0.906
0.870
0.789
0.910
0.959
0.854
0.803
0.810
0.818
0.814
0.828
0.760
0.771
0.837
0.804
0.805
0.753
0.754
0.778
0.843
0.745
0.737
0.737
0.820
0.792
0.730
0.755
0.701
0.716
0.691
0.679
0.649
0.577
0.675
0.693
0.661
0.601
0.586
0.662
0.700
0.781
0.773
0.750
0.706
0.688
0.749
0.673
0.647
0.655
0.687
0.643
0.607
0.578
0.599
0.548
0.509
0.483
0.551
0.640
0.611
0.581
0.656
0.787
0.833
0.836
0.774
0.747
0.699
0.629
0.549
0.553
0.524
0.471
0.489
0.570
0.659
0.762
0.735
0.710
0.669
0.627
0.630
0.646
0.610
0.565
0.511
0.524
0.527
0.595
0.582
0.576
0.565
0.658
0.591
0.546
0.510
0.516
0.510
0.495
0.481
0.515
0.520
0.554
0.589
0.612
0.541
0.545
0.585
0.590
0.563
0.534
0.501
0.518
0.481
0.515
0.565
0.572
0.578
0.598
0.620
0.571
0.634
0.622
0.644
0.586
0.600
0.569
0.606
0.581
0.520
0.532
0.557
0.549
0.569
0.594
0.536
0.557
0.615
0.603
0.597
0.595
0.618
0.628
0.644
0.589
0.705
0.821
0.817
0.836
0.913
0.824
0.777
0.794
0.794
0.815
0.746
0.734
0.675
0.731
0.770
0.683
0.675
0.681
0.751
0.696
0.749
0.754
0.782
0.636
0.617
0.594
0.524
0.541
0.668
0.582
0.494
0.468
0.539
0.572
0.558
0.585
0.600
0.590
0.601
0.633
0.667
0.655
0.693
0.685
0.661
0.628
0.614
0.596
0.593
0.638
0.607
0.504
0.439
0.503
0.545
0.579
0.715
0.643
0.618
0.627
0.628
0.637
0.697
0.712
0.697
0.668
0.645
0.634
0.653
0.618
0.616
0.575
0.577
0.608
0.662
0.663
0.615
0.592
0.492
0.568
0.605
0.600
0.602
0.588
0.712
0.645
0.631
0.682
0.732
0.808
0.762
0.746
0.757
0.685
0.653
0.648
0.617
0.608
0.588
0.604
0.659
0.617
0.690
0.704
0.659
0.649
0.655
0.658
0.651
0.728
0.785
0.732
0.743
0.684
0.676
0.682
0.727
0.697
0.902
0.811
0.737
0.648
0.707
0.839
0.822
0.803
0.771
0.823
0.796
0.751
0.742
0.781
0.815
0.940
0.876
0.788
0.755
0.761
0.754
0.703
0.721
0.781
0.931
0.857
0.840
0.804
0.766
0.930
0.945
0.893
0.829
0.841
0.797
0.756
0.821
0.869
0.911
0.941
0.856
0.804
0.925
0.845
0.789
0.950
0.894
0.807
0.769
0.894
0.952
0.884
0.827
0.911
0.904
0.876
0.856
0.838
0.831
0.901
0.964
0.939
0.793
0.848
0.926
0.934
0.839
0.822
0.818
0.869
0.880
0.832
0.808
0.796
0.764
0.765
0.795
0.776
0.810
0.830
0.813
0.865
0.826
0.777
0.766
0.814
0.823
0.948
0.849
0.832
0.919
0.771
0.821
0.850
0.810
0.811
0.759
0.697
0.759
0.743
0.761
0.751
0.916
0.885
0.789
0.878
0.907
0.812
0.823
0.798
0.850
0.803
0.802
0.934
0.808
0.850
0.798
0.788
0.767
0.778
0.792
0.782
0.730
0.652
0.631
0.654
0.666
0.732
0.771
0.728
0.768
0.787
0.790
0.715
0.709
0.686
0.661
0.602
0.715
0.736
0.741
0.644
0.738
0.666
0.620
0.610
0.618
0.570
0.555
0.667
0.614
0.696
0.657
0.640
0.606
0.593
0.565
0.554
0.632
0.749
0.761
0.699
0.657
0.747
0.665
0.652
0.657
0.650
0.668
0.612
0.632
0.696
0.629
0.668
0.633
0.581
0.606
0.562
0.580
0.578
0.556
0.561
0.572
0.521
0.473
0.440
0.443
0.436
0.468
0.508
0.520
0.618
0.558
0.577
0.571
0.589
0.594
0.599
0.605
0.611
0.555
0.527
0.523
0.546
0.562
0.577
0.626
0.592
0.599
0.628
0.636
0.679
0.595
0.595
0.602
0.539
0.555
0.541
0.507
0.463
0.392
0.509
0.609
0.562
0.527
0.557
0.576
0.585
0.581
0.590
0.552
0.486
0.527
0.579
0.549
0.482
0.462
0.491
0.481
0.555
0.605
0.590
0.569
0.607
0.547
0.539
0.506
0.416
0.431
0.471
0.414
0.417
0.467
0.574
0.558
0.489
0.452
0.396
0.417
0.395
0.435
0.518
0.514
0.497
0.526
0.572
0.550
0.610
0.574
0.572
0.602
0.582
0.567
0.715
0.630
0.672
0.649
0.638
0.629
0.705
0.705
0.668
0.610
0.619
0.610
0.600
0.601
0.610
0.523
0.547
0.581
0.577
0.549
0.497
0.630
0.613
0.680
0.600
0.644
0.698
0.680
0.650
0.632
0.721
0.598
0.595
0.578
0.598
0.614
0.558
0.558
0.594
0.598
0.606
0.564
0.568
0.559
0.581
0.626
0.710
0.772
0.728
0.635
0.670
0.719
0.773
0.665
0.640
0.649
0.682
0.631
0.628
0.631
0.682
0.644
0.604
0.587
0.619
0.627
0.562
0.552
0.560
0.573
0.489
0.621
0.566
0.571
0.557
0.604
0.618
0.625
0.657
0.644
0.690
0.709
0.722
0.766
0.733
0.628
0.705
0.692
0.713
0.669
0.675
0.667
0.717
0.695
0.593
0.618
0.811
0.749
0.655
0.635
0.624
0.613
0.775
0.818
0.722
0.704
0.709
0.803
0.865
0.824
0.785
0.900
0.771
0.693
0.680
0.658
0.611
0.575
0.636
0.719
0.826
0.736
0.784
0.725
0.754
0.726
0.853
0.732
0.775
0.746
0.776
0.873
0.869
0.855
0.728
0.753
0.786
0.931
0.836
0.763
0.710
0.716
0.725
0.745
0.747
0.715
0.849
0.781
0.713
0.803
0.796
0.897
0.804
0.695
0.775
0.790
0.751
0.733
0.750
0.716
0.724
0.762
0.873
0.787
0.760
0.730
0.768
0.718
0.793
0.801
0.859
0.938
0.839
0.795
0.769
0.814
0.807
0.732
0.759
0.784
0.778
0.773
0.713
0.690
0.728
0.695
0.724
0.722
0.798
0.842
0.742
0.729
0.820
0.811
0.767
0.799
0.777
0.827
0.919
0.812
0.590
0.612
0.694
0.815
0.683
0.672
0.700
0.734
0.688
0.604
0.657
0.700
0.692
0.656
0.677
0.769
0.821
0.712
0.768
0.827
0.746
0.804
0.882
0.754
0.744
0.745
0.791
0.715
0.730
0.715
0.671
0.637
0.659
0.670
0.629
0.661
0.748
0.664
0.649
0.601
0.599
0.554
0.455
0.537
0.562
0.566
0.693
0.674
0.713
0.650
0.616
0.614
0.584
0.603
0.576
0.589
0.575
0.570
0.594
0.583
0.670
0.733
0.845
0.770
0.660
0.605
0.567
0.553
0.588
0.598
0.584
0.652
0.639
0.760
0.608
0.579
0.597
0.570
0.520
0.616
0.774
0.788
0.741
0.592
0.564
0.561
0.645
0.619
0.588
0.474
0.556
0.637
0.700
0.608
0.578
0.545
0.567
0.639
0.603
0.602
0.551
0.545
0.514
0.507
0.516
0.539
0.530
0.520
0.480
0.482
0.498
0.460
0.460
0.485
0.475
0.478
0.591
0.601
0.579
0.592
0.617
0.572
0.511
0.572
0.560
0.525
0.540
0.536
0.491
0.487
0.539
0.546
0.531
0.579
0.548
0.607
0.592
0.571
0.493
0.490
0.528
0.515
0.575
0.627
0.612
0.562
0.544
0.575
0.588
0.557
0.689
0.774
0.789
0.918
0.908
0.916
0.872
0.856
0.814
0.812
0.782
0.765
0.795
0.840
0.905
0.852
0.816
0.859
0.818
0.837
0.797
0.766
0.842
0.842
0.686
0.629
0.588
0.579
0.580
0.804
0.631
0.619
0.601
0.568
0.543
0.565
0.616
0.584
0.588
0.600
0.600
0.572
0.616
0.599
0.560
0.604
0.563
0.567
0.600
0.593
0.576
0.623
0.635
0.622
0.603
0.634
0.699
0.717
0.629
0.624
0.581
0.592
0.580
0.540
0.514
0.515
0.488
0.553
0.572
0.524
0.554
0.584
0.676
0.611
0.578
0.607
0.615
0.590
0.633
0.601
0.642
0.673
0.652
0.633
0.605
0.617
0.583
0.624
0.619
0.647
0.708
0.632
0.780
0.822
0.750
0.728
0.701
0.680
0.697
0.703
0.783
0.702
0.777
0.726
0.714
0.688
0.701
0.731
0.714
0.696
0.700
0.726
0.654
0.753
0.751
0.711
0.827
0.831
0.802
0.798
0.774
0.756
0.708
0.799
0.851
0.723
0.754
0.922
0.779
0.820
0.826
0.805
0.731
0.734
0.735
0.749
0.788
0.782
0.878
0.861
0.940
0.898
0.792
0.777
0.758
0.769
0.713
0.790
0.834
0.841
0.872
0.811
0.815
0.920
0.912
0.949
0.879
0.839
0.838
0.930
0.867
0.834
0.814
0.913
0.911
0.895
0.863
0.850
0.805
0.834
0.875
0.889
0.965
0.899
0.884
0.950
0.925
0.842
0.834
0.786
0.777
0.931
0.830
0.844
0.900
0.833
0.839
0.798
0.859
0.853
0.834
0.898
0.914
0.936
0.893
0.767
0.787
0.945
0.911
0.959
0.957
0.947
0.826
0.873
0.838
0.830
0.924
0.863
0.860
0.888
0.941
0.866
0.896
0.828
0.851
0.949
0.930
0.869
0.824
0.803
0.858
0.852
0.822
0.725
0.725
0.802
0.787
0.777
0.710
0.697
0.742
0.860
0.801
0.872
0.830
0.778
0.758
0.750
0.806
0.770
0.828
0.789
0.757
0.774
0.777
0.749
0.730
0.749
0.718
0.761
0.788
0.811
0.827
0.764
0.772
0.808
0.776
0.763
0.717
0.699
0.687
0.738
0.748
0.726
0.656
0.676
0.626
0.582
0.554
0.565
0.646
0.619
0.649
0.661
0.634
0.609
0.639
0.626
0.618
0.602
0.566
0.615
0.651
0.676
0.618
0.627
0.572
0.590
0.564
0.583
0.636
0.646
0.611
0.591
0.664
0.639
0.640
0.639
0.648
0.610
0.609
0.632
0.576
0.531
0.528
0.528
0.536
0.510
0.533
0.519
0.455
0.429
0.513
0.570
0.522
0.560
0.599
0.609
0.570
0.546
0.508
0.491
0.480
0.537
0.587
0.568
0.607
0.548
0.525
0.508
0.507
0.512
0.453
0.502
0.530
0.525
0.572
0.555
0.539
0.505
0.537
0.535
0.523
0.470
0.492
0.529
0.609
0.573
0.532
0.522
0.537
0.548
0.509
0.552
0.513
0.564
0.550
0.504
0.505
0.527
0.573
0.601
0.568
0.535
0.480
0.469
0.513
0.540
0.524
0.543
0.511
0.561
0.496
0.496
0.536
0.550
0.534
0.529
0.471
0.533
0.557
0.534
0.468
0.460
0.515
0.578
0.554
0.599
0.577
0.518
0.616
0.608
0.659
0.666
0.665
0.573
0.538
0.586
0.724
0.651
0.636
0.595
0.582
0.564
0.437
0.456
0.550
0.564
0.592
0.522
0.461
0.479
0.466
0.484
0.544
0.536
0.512
0.520
0.508
0.494
0.506
0.520
0.527
0.558
0.507
0.537
0.540
0.603
0.580
0.543
0.543
0.507
0.569
0.556
0.622
0.709
0.722
0.756
0.774
0.806
0.803
0.795
0.778
0.794
0.782
0.685
0.649
0.654
0.651
0.662
0.630
0.662
0.726
0.758
0.743
0.697
0.723
0.675
0.690
0.677
0.612
0.689
0.678
0.665
0.654
0.662
0.660
0.640
0.634
0.591
0.649
0.780
0.770
0.657
0.794
0.898
0.947
0.945
0.879
0.924
0.793
0.793
0.943
0.805
0.839
0.829
0.840
0.872
0.905
0.847
0.788
0.784
0.852
0.794
0.812
0.841
0.832
0.783
0.711
0.779
0.810
0.852
0.864
0.839
0.769
0.937
0.803
0.809
0.805
0.790
0.793
0.809
0.756
0.842
0.825
0.863
0.881
0.885
0.802
0.891
0.924
0.962
0.883
0.800
0.849
0.840
0.884
0.846
0.949
0.928
0.856
0.864
0.832
0.830
0.888
0.821
0.851
0.808
0.814
0.868
0.873
0.935
0.947
0.879
0.949
0.835
0.901
0.817
0.795
0.819
0.779
0.870
0.834
0.837
0.792
0.896
0.828
0.822
0.821
0.841
0.820
0.816
0.777
0.899
0.799
0.932
0.950
0.926
0.871
0.874
0.828
0.858
0.868
0.836
0.840
0.810
0.879
0.858
0.845
0.872
0.762
0.922
0.782
0.830
0.842
0.952
0.868
0.915
0.852
0.792
0.806
0.791
0.811
0.775
0.757
0.766
0.777
0.746
0.784
0.788
0.746
0.783
0.721
0.757
0.750
0.707
0.803
0.720
0.862
0.859
0.910
0.764
0.763
0.820
0.751
0.709
0.620
0.663
0.610
0.635
0.627
0.711
0.689
0.691
0.671
0.681
0.655
0.653
0.612
0.618
0.654
0.648
0.714
0.695
0.687
0.705
0.705
0.638
0.625
0.636
0.641
0.631
0.657
0.584
0.585
0.601
0.737
0.641
0.636
0.600
0.654
0.644
0.594
0.537
0.498
0.412
0.514
0.490
0.527
0.605
0.595
0.582
0.592
0.579
0.554
0.563
0.547
0.565
0.481
0.442
0.475
0.440
0.505
0.551
0.569
0.600
0.595
0.508
0.532
0.531
0.563
0.595
0.554
0.542
0.537
0.621
0.590
0.620
0.568
0.506
0.508
0.658
0.697
0.634
0.639
0.599
0.604
0.591
0.584
0.558
0.551
0.533
0.502
0.578
0.631
0.682
0.616
0.575
0.586
0.572
0.558
0.523
0.533
0.545
0.550
0.533
0.608
0.631
0.606
0.585
0.589
0.521
0.551
0.545
0.581
0.560
0.616
0.577
0.591
0.700
0.647
0.649
0.601
0.590
0.605
0.610
0.599
0.679
0.662
0.620
0.600
0.525
0.545
0.547
0.516
0.561
0.562
0.534
0.555
0.539
0.576
0.592
0.584
0.587
0.558
0.516
0.473
0.516
0.519
0.549
0.449
0.510
0.535
0.543
0.541
0.584
0.567
0.549
0.556
0.482
0.560
0.477
0.473
0.466
0.494
0.488
0.527
0.535
0.499
0.619
0.577
0.511
0.458
0.469
0.462
0.514
0.481
0.467
0.520
0.521
0.542
0.562
0.603
0.623
0.619
0.686
0.677
0.654
0.649
0.681
0.726
0.729
0.637
0.581
0.562
0.556
0.563
0.666
0.668
0.650
0.714
0.750
0.704
0.679
0.658
0.634
0.701
0.628
0.517
0.535
0.609
0.658
0.652
0.683
0.647
0.603
0.651
0.745
0.746
0.732
0.735
0.845
0.871
0.725
0.761
0.712
0.819
0.913
0.857
0.840
0.749
0.694
0.694
0.693
0.754
0.768
0.814
0.742
0.767
0.695
0.704
0.766
0.911
0.943
0.952
0.911
0.962
0.899
0.786
0.770
0.879
0.913
0.876
0.864
0.862
0.826
0.890
0.796
0.768
0.819
0.898
0.835
0.854
0.841
0.897
0.946
0.923
0.864
0.827
0.929
0.908
0.822
0.876
0.782
0.956
0.958
0.881
0.866
0.793
0.937
0.858
0.852
0.907
0.855
0.839
0.855
0.840
0.812
0.867
0.852
0.924
0.866
0.894
0.959
0.924
0.870
0.872
0.831
0.827
0.848
0.940
0.831
0.814
0.925
0.882
0.949
0.939
0.896
0.819
0.821
0.870
0.953
0.844
0.904
0.920
0.805
0.796
0.829
0.742
0.767
0.842
0.824
0.817
0.785
0.766
0.779
0.942
0.758
0.917
0.937
0.766
0.826
0.923
0.897
0.928
0.785
0.796
0.853
0.788
0.747
0.699
0.766
0.762
0.743
0.818
0.756
0.814
0.719
0.681
0.706
0.913
0.888
0.878
0.722
0.675
0.626
0.696
0.691
0.720
0.775
0.924
0.848
0.791
0.771
0.730
0.689
0.690
0.676
0.655
0.610
0.664
0.618
0.602
0.666
0.611
0.586
0.642
0.704
0.735
0.738
0.661
0.645
0.652
0.611
0.659
0.684
0.674
0.713
0.657
0.639
0.652
0.662
0.591
0.574
0.532
0.595
0.572
0.579
0.589
0.503
0.466
0.475
0.724
0.859
0.833
0.737
0.693
0.645
0.563
0.526
0.583
0.542
0.573
0.625
0.571
0.543
0.580
0.574
0.507
0.434
0.401
0.437
0.409
0.482
0.504
0.537
0.620
0.616
0.653
0.621
0.621
0.577
0.522
0.535
0.535
0.569
0.631
0.529
0.519
0.555
0.555
0.503
0.444
0.531
0.573
0.701
0.577
0.513
0.503
0.489
0.442
0.440
0.467
0.505
0.501
0.535
0.572
0.566
0.481
0.524
0.576
0.565
0.592
0.542
0.665
0.568
0.508
0.454
0.494
0.527
0.557
0.585
0.550
0.572
0.657
0.577
0.651
0.579
0.572
0.569
0.568
0.544
0.555
0.535
0.514
0.457
0.414
0.447
0.539
0.577
0.591
0.559
0.547
0.492
0.419
0.435
0.475
0.493
0.517
0.470
0.470
0.487
0.516
0.506
0.519
0.473
0.461
0.476
0.520
0.557
0.545
0.583
0.557
0.589
0.498
0.435
0.476
0.630
0.603
0.608
0.605
0.645
0.728
0.770
0.769
0.777
0.844
0.772
0.721
0.687
0.665
0.731
0.652
0.679
0.681
0.810
0.784
0.703
0.724
0.734
0.762
0.715
0.738
0.719
0.739
0.695
0.669
0.681
0.661
0.628
0.590
0.595
0.632
0.669
0.651
0.630
0.797
0.645
0.700
0.760
0.656
0.670
0.612
0.572
0.563
0.577
0.502
0.553
0.503
0.539
0.550
0.507
0.551
0.579
0.678
0.642
0.763
0.715
0.709
0.684
0.692
0.700
0.683
0.735
0.694
0.733
0.855
0.726
0.719
0.725
0.811
0.779
0.870
0.785
0.700
0.729
0.756
0.906
0.845
0.797
0.707
0.727
0.693
0.880
0.865
0.916
0.929
0.793
0.730
0.814
0.912
0.809
0.841
0.740
0.931
0.864
0.885
0.658
0.776
0.822
0.800
0.724
0.630
0.732
0.908
0.949
0.837
0.679
0.718
0.780
0.901
0.769
0.898
0.851
0.751
0.803
0.736
0.793
0.734
0.756
0.866
0.773
0.760
0.759
0.775
0.785
0.877
0.821
0.886
0.797
0.925
0.789
0.934
0.871
0.806
0.940
0.905
0.828
0.879
0.883
0.856
0.831
0.946
0.887
0.757
0.811
0.915
0.864
0.824
0.775
0.713
0.723
0.620
0.768
0.837
0.941
0.810
0.818
0.762
0.875
0.837
0.908
0.818
0.860
0.948
0.839
0.898
0.934
0.876
0.924
0.896
0.799
0.873
0.781
0.939
0.804
0.776
0.918
0.763
0.746
0.922
0.777
0.696
0.891
0.934
0.883
0.802
0.787
0.746
0.776
0.781
0.746
0.725
0.719
0.876
0.815
0.855
0.771
0.820
0.884
0.893
0.766
0.810
0.799
0.878
0.751
0.761
0.797
0.774
0.823
0.808
0.768
0.704
0.759
0.718
0.727
0.696
0.700
0.728
0.729
0.643
0.791
0.714
0.857
0.729
0.651
0.699
0.643
0.667
0.692
0.675
0.650
0.716
0.721
0.749
0.721
0.686
0.647
0.663
0.671
0.849
0.647
0.636
0.555
0.558
0.577
0.619
0.623
0.612
0.629
0.624
0.619
0.569
0.545
0.591
0.604
0.605
0.516
0.434
0.431
0.507
0.558
0.606
0.641
0.674
0.655
0.604
0.545
0.534
0.561
0.618
0.671
0.675
0.778
0.644
0.593
0.533
0.548
0.546
0.585
0.548
0.519
0.532
0.483
0.477
0.521
0.507
0.528
0.534
0.576
0.548
0.534
0.497
0.452
0.464
0.544
0.569
0.604
0.712
0.559
0.553
0.525
0.443
0.482
0.484
0.500
0.538
0.511
0.531
0.545
0.564
0.656
0.628
0.669
0.561
0.585
0.628
0.594
0.569
0.610
0.587
0.617
0.564
0.492
0.479
0.499
0.477
0.489
0.588
0.609
0.630
0.619
0.633
0.632
0.577
0.536
0.556
0.510
0.495
0.539
0.604
0.665
0.664
0.625
0.580
0.576
0.613
0.624
0.571
0.543
0.384
0.481
0.443
0.453
0.514
0.552
0.564
0.543
0.567
0.576
0.562
0.534
0.606
0.569
0.607
0.520
0.599
0.562
0.537
0.508
0.483
0.509
0.490
0.472
0.618
0.703
0.582
0.565
0.520
0.482
0.456
0.480
0.476
0.432
0.442
0.494
0.595
0.587
0.587
0.599
0.633
0.539
0.491
0.585
0.689
0.754
0.801
0.928
0.771
0.830
0.905
0.783
0.804
0.816
0.828
0.720
0.745
0.851
0.869
0.808
0.839
0.812
0.691
0.698
0.762
0.804
0.714
0.686
0.656
0.685
0.649
0.712
0.734
0.695
0.684
0.737
0.737
0.805
0.727
0.756
0.785
0.708
0.728
0.649
0.649
0.681
0.752
0.737
0.739
0.739
0.715
0.710
0.726
0.812
0.787
0.710
0.728
0.862
0.917
0.945
0.950
0.833
0.791
0.759
0.792
0.909
0.785
0.938
0.947
0.899
0.896
0.890
0.902
0.822
0.882
0.882
0.803
0.909
0.806
0.844
0.876
0.844
0.879
0.894
0.922
0.802
0.787
0.783
0.849
0.820
0.813
0.799
0.855
0.866
0.787
0.872
0.854
0.802
0.910
0.841
0.760
0.852
0.877
0.797
0.905
0.857
0.800
0.844
0.778
0.804
0.940
0.854
0.801
0.926
0.883
0.931
0.944
0.816
0.834
0.857
0.912
0.898
0.798
0.821
0.847
0.905
0.953
0.952
0.865
0.815
0.943
0.851
0.854
0.854
0.810
0.944
0.817
0.770
0.776
0.794
0.806
0.802
0.883
0.870
0.808
0.785
0.865
0.939
0.942
0.864
0.779
0.928
0.907
0.925
0.828
0.790
0.917
0.880
0.833
0.804
0.827
0.905
0.816
0.838
0.922
0.800
0.855
0.834
0.729
0.760
0.764
0.742
0.827
0.758
0.755
0.866
0.750
0.738
0.849
0.817
0.831
0.850
0.887
0.885
0.772
0.729
0.714
0.711
0.716
0.697
0.696
0.713
0.738
0.716
0.628
0.625
0.641
0.708
0.634
0.666
0.610
0.712
0.639
0.643
0.690
0.763
0.685
0.647
0.676
0.771
0.764
0.818
0.734
0.664
0.769
0.712
0.740
0.825
0.673
0.621
0.579
0.599
0.714
0.671
0.657
0.696
0.662
0.601
0.584
0.538
0.562
0.561
0.558
0.563
0.642
0.638
0.562
0.528
0.524
0.480
0.457
0.446
0.495
0.527
0.533
0.552
0.553
0.566
0.550
0.563
0.561
0.527
0.518
0.482
0.522
0.579
0.606
0.580
0.547
0.551
0.535
0.531
0.552
0.544
0.525
0.453
0.418
0.434
0.486
0.643
0.618
0.607
0.616
0.614
0.584
0.531
0.550
0.538
0.491
0.482
0.562
0.526
0.584
0.611
0.575
0.566
0.548
0.485
0.528
0.493
0.560
0.557
0.558
0.549
0.571
0.556
0.510
0.496
0.526
0.546
0.493
0.567
0.590
0.593
0.626
0.615
0.603
0.559
0.580
0.592
0.585
0.560
0.544
0.568
0.544
0.544
0.514
0.542
0.524
0.504
0.567
0.590
0.678
0.557
0.548
0.567
0.589
0.686
0.639
0.591
0.581
0.530
0.540
0.548
0.552
0.564
0.597
0.599
0.565
0.597
0.566
0.589
0.637
0.678
0.751
0.739
0.697
0.726
0.630
0.672
0.670
0.679
0.671
0.644
0.724
0.777
0.621
0.550
0.545
0.519
0.538
0.609
0.587
0.632
0.615
0.575
0.542
0.497
0.533
0.604
0.600
0.571
0.524
0.542
0.511
0.582
0.549
0.492
0.590
0.536
0.508
0.499
0.478
0.450
0.440
0.502
0.572
0.565
0.525
0.582
0.560
0.620
0.616
0.628
0.624
0.689
0.797
0.818
0.804
0.689
0.731
0.772
0.750
0.832
0.781
0.890
0.782
0.711
0.661
0.719
0.668
0.620
0.686
0.781
0.854
0.880
0.707
0.818
0.846
0.847
0.824
0.840
0.812
0.894
0.953
0.876
0.858
0.889
0.779
0.825
0.771
0.882
0.868
0.914
0.897
0.810
0.758
0.834
0.944
0.909
0.880
0.803
0.850
0.936
0.799
0.843
0.737
0.668
0.753
0.772
0.819
0.868
0.842
0.798
0.742
0.751
0.783
0.834
0.852
0.771
0.743
0.935
0.790
0.784
0.780
0.804
0.810
0.784
0.805
0.793
0.797
0.827
0.752
0.825
0.810
0.937
0.922
0.769
0.774
0.771
0.892
0.824
0.742
0.737
0.753
0.730
0.761
0.767
0.772
0.784
0.916
0.725
0.732
0.775
0.740
0.784
0.877
0.904
0.760
0.795
0.923
0.866
0.804
0.783
0.793
0.711
0.865
0.773
0.789
0.781
0.782
0.861
0.869
0.779
0.751
0.837
0.744
0.692
0.801
0.912
0.800
0.797
0.737
0.851
0.797
0.752
0.694
0.679
0.725
0.775
0.912
0.778
0.776
0.784
0.700
0.725
0.719
0.690
0.712
0.687
0.663
0.595
0.663
0.648
0.676
0.808
0.641
0.801
0.835
0.751
0.720
0.723
0.703
0.675
0.649
0.600
0.593
0.575
0.598
0.584
0.530
0.574
0.682
0.655
0.641
0.610
0.539
0.555
0.645
0.640
0.640
0.587
0.539
0.535
0.523
0.530
0.525
0.548
0.616
0.836
0.548
0.590
0.620
0.576
0.622
0.566
0.575
0.527
0.488
0.452
0.525
0.620
0.756
0.697
0.612
0.656
0.545
0.568
0.587
0.579
0.604
0.571
0.591
0.592
0.571
0.541
0.480
0.534
0.595
0.564
0.554
0.673
0.569
0.518
0.519
0.560
0.550
0.589
0.590
0.598
0.585
0.574
0.526
0.493
0.544
0.533
0.537
0.538
0.456
0.484
0.532
0.528
0.513
0.545
0.541
0.566
0.506
0.508
0.537
0.580
0.509
0.530
0.524
0.583
0.653
0.625
0.604
0.573
0.541
0.593
0.584
0.546
0.541
0.590
0.545
0.515
0.484
0.475
0.521
0.631
0.664
0.605
0.652
0.684
0.617
0.558
0.573
0.582
0.594
0.578
0.616
0.602
0.571
0.555
0.642
0.618
0.627
0.640
0.659
0.598
0.543
0.576
0.594
0.592
0.581
0.591
0.621
0.574
0.597
0.638
0.604
0.603
0.592
0.588
0.582
0.581
0.634
0.658
0.632
0.593
0.604
0.616
0.590
0.594
0.583
0.545
0.546
0.560
0.574
0.568
0.586
0.580
0.654
0.662
0.741
0.663
0.696
0.665
0.596
0.530
0.469
0.452
0.472
0.501
0.484
0.431
0.499
0.492
0.480
0.458
0.485
0.524
0.570
0.543
0.610
0.628
0.650
0.644
0.581
0.588
0.609
0.633
0.660
0.655
0.716
0.644
0.614
0.616
0.620
0.679
0.670
0.631
0.596
0.606
0.544
0.592
0.727
0.941
0.911
0.888
0.878
0.905
0.905
0.776
0.734
0.802
0.750
0.746
0.751
0.684
0.692
0.692
0.728
0.747
0.739
0.702
0.697
0.676
0.661
0.674
0.703
0.772
0.825
0.729
0.695
0.716
0.833
0.717
0.673
0.664
0.723
0.776
0.664
0.644
0.810
0.716
0.824
0.813
0.729
0.741
0.662
0.686
0.691
0.718
0.764
0.714
0.689
0.698
0.685
0.635
0.623
0.757
0.917
0.942
0.961
0.777
0.776
0.756
0.783
0.888
0.773
0.847
0.939
0.869
0.832
0.861
0.946
0.930
0.883
0.764
0.809
0.847
0.839
0.764
0.774
0.834
0.940
0.805
0.816
0.753
0.734
0.720
0.809
0.736
0.833
0.832
0.834
0.817
0.853
0.769
0.853
0.902
0.884
0.854
0.832
0.874
0.784
0.889
0.843
0.779
0.930
0.794
0.739
0.734
0.753
0.740
0.738
0.844
0.785
0.882
0.733
0.758
0.766
0.732
0.731
0.777
0.732
0.755
0.822
0.835
0.680
0.705
0.714
0.776
0.825
0.757
0.691
0.816
0.859
0.762
0.872
0.860
0.788
0.729
0.836
0.742
0.721
0.731
0.705
0.720
0.704
0.750
0.779
0.732
0.688
0.711
0.706
0.688
0.705
0.647
0.652
0.663
0.728
0.791
0.799
0.914
0.831
0.711
0.664
0.705
0.678
0.701
0.718
0.725
0.757
0.691
0.673
0.660
0.646
0.594
0.545
0.560
0.589
0.584
0.577
0.601
0.646
0.552
0.580
0.549
0.477
0.606
0.640
0.693
0.638
0.619
0.652
0.634
0.705
0.608
0.509
0.493
0.607
0.725
0.707
0.641
0.633
0.578
0.683
0.848
0.711
0.624
0.625
0.591
0.550
0.516
0.525
0.607
0.592
0.589
0.565
0.621
0.627
0.574
0.557
0.591
0.535
0.546
0.539
0.538
0.496
0.459
0.527
0.574
0.543
0.527
0.510
0.517
0.526
0.496
0.524
0.500
0.518
0.556
0.566
0.582
0.546
0.567
0.537
0.528
0.537
0.695
0.855
0.661
0.620
0.602
0.574
0.536
0.591
0.600
0.559
0.572
0.548
0.563
0.580
0.549
0.502
0.462
0.462
0.487
0.545
0.494
0.482
0.482
0.471
0.514
0.497
0.573
0.588
0.578
0.577
0.585
0.681
0.684
0.679
0.638
0.583
0.545
0.537
0.496
0.527
0.572
0.526
0.576
0.647
0.678
0.701
0.613
0.611
0.638
0.698
0.653
0.651
0.685
0.699
0.653
0.613
0.645
0.629
0.605
0.594
0.598
0.590
0.540
0.536
0.563
0.562
0.590
0.582
0.557
0.641
0.596
0.604
0.701
0.683
0.638
0.685
0.692
0.581
0.597
0.594
0.589
0.562
0.519
0.594
0.606
0.552
0.593
0.641
0.569
0.552
0.557
0.555
0.562
0.519
0.597
0.797
0.691
0.557
0.500
0.519
0.521
0.576
0.611
0.617
0.676
0.656
0.624
0.668
0.649
0.633
0.648
0.617
0.595
0.540
0.532
0.519
0.485
0.544
0.481
0.571
0.804
0.819
0.848
0.751
0.670
0.696
0.682
0.798
0.809
0.726
0.833
0.714
0.719
0.748
0.714
0.856
0.845
0.720
0.714
0.703
0.867
0.845
0.856
0.864
0.833
0.912
0.914
0.830
0.739
0.729
0.821
0.818
0.792
0.726
0.694
0.711
0.721
0.802
0.766
0.800
0.833
0.928
0.774
0.697
0.801
0.857
0.903
0.804
0.744
0.642
0.720
0.710
0.834
0.847
0.777
0.802
0.721
0.670
0.738
0.820
0.801
0.732
0.719
0.794
0.801
0.788
0.828
0.860
0.759
0.693
0.800
0.817
0.711
0.688
0.726
0.908
0.790
0.700
0.727
0.711
0.707
0.665
0.761
0.770
0.729
0.827
0.688
0.724
0.741
0.681
0.804
0.717
0.713
0.836
0.911
0.944
0.915
0.861
0.744
0.745
0.745
0.755
0.712
0.710
0.698
0.821
0.716
0.817
0.828
0.796
0.738
0.912
0.783
0.879
0.904
0.716
0.653
0.630
0.650
0.688
0.713
0.722
0.733
0.741
0.632
0.666
0.683
0.664
0.771
0.770
0.756
0.908
0.703
0.758
0.707
0.795
0.727
0.842
0.703
0.731
0.676
0.691
0.665
0.728
0.704
0.740
0.659
0.705
0.760
0.875
0.662
0.675
0.687
0.700
0.608
0.663
0.680
0.623
0.654
0.678
0.734
0.748
0.699
0.835
0.702
0.713
0.673
0.649
0.761
0.692
0.641
0.646
0.760
0.681
0.632
0.625
0.676
0.644
0.556
0.565
0.692
0.629
0.679
0.636
0.636
0.642
0.583
0.591
0.622
0.665
0.625
0.569
0.504
0.558
0.762
0.768
0.655
0.606
0.676
0.668
0.567
0.592
0.582
0.627
0.568
0.563
0.533
0.508
0.491
0.585
0.747
0.864
0.896
0.732
0.628
0.585
0.692
0.717
0.631
0.627
0.605
0.613
0.525
0.476
0.475
0.509
0.509
0.520
0.537
0.498
0.501
0.491
0.446
0.553
0.608
0.570
0.565
0.452
0.496
0.426
0.485
0.502
0.540
0.543
0.518
0.489
0.403
0.365
0.448
0.494
0.478
0.471
0.505
0.482
0.556
0.531
0.550
0.521
0.526
0.551
0.544
0.558
0.526
0.545
0.521
0.503
0.476
0.468
0.436
0.430
0.439
0.446
0.510
0.534
0.523
0.556
0.564
0.555
0.592
0.649
0.573
0.556
0.579
0.566
0.566
0.545
0.566
0.610
0.681
0.696
0.601
0.594
0.563
0.572
0.535
0.474
0.522
0.526
0.535
0.496
0.554
0.573
0.565
0.578
0.591
0.587
0.511
0.516
0.544
0.476
0.495
0.518
0.612
0.673
0.609
0.588
0.709
0.685
0.692
0.651
0.665
0.633
0.578
0.570
0.560
0.578
0.547
0.575
0.566
0.587
0.585
0.569
0.664
0.576
0.643
0.639
0.578
0.562
0.577
0.611
0.549
0.526
0.547
0.512
0.446
0.531
0.639
0.566
0.510
0.507
0.511
0.584
0.583
0.564
0.622
0.557
0.553
0.591
0.595
0.603
0.606
0.626
0.624
0.605
0.591
0.600
0.580
0.647
0.612
0.600
0.636
0.622
0.622
0.648
0.551
0.593
0.618
0.731
0.669
0.609
0.576
0.562
0.575
0.609
0.643
0.595
0.567
0.650
0.582
0.599
0.606
0.684
0.677
0.652
0.639
0.654
0.602
0.622
0.595
0.613
0.621
0.588
0.608
0.647
0.607
0.595
0.609
0.728
0.658
0.739
0.889
0.700
0.840
0.817
0.723
0.693
0.685
0.669
0.688
0.650
0.661
0.615
0.673
0.681
0.631
0.671
0.782
0.705
0.691
0.713
0.872
0.798
0.681
0.715
0.820
0.715
0.638
0.681
0.656
0.620
0.713
0.830
0.709
0.676
0.704
0.679
0.723
0.729
0.716
0.865
0.699
0.673
0.917
0.727
0.687
0.697
0.667
0.710
0.876
0.759
0.749
0.689
0.782
0.716
0.780
0.835
0.918
0.745
0.683
0.694
0.723
0.669
0.655
0.685
0.895
0.714
0.828
0.684
0.699
0.872
0.803
0.829
0.813
0.688
0.734
0.681
0.678
0.650
0.705
0.711
0.782
0.677
0.662
0.715
0.741
0.696
0.712
0.642
0.668
0.684
0.832
0.874
0.741
0.881
0.825
0.802
0.750
0.776
0.672
0.653
0.605
0.629
0.634
0.762
0.629
0.655
0.642
0.657
0.670
0.749
0.698
0.623
0.568
0.564
0.561
0.610
0.700
0.735
0.659
0.633
0.585
0.558
0.567
0.601
0.657
0.663
0.570
0.589
0.587
0.594
0.739
0.884
0.817
0.702
0.680
0.743
0.655
0.606
0.627
0.617
0.636
0.600
0.648
0.630
0.667
0.618
0.581
0.569
0.621
0.580
0.704
0.710
0.598
0.594
0.553
0.552
0.618
0.619
0.601
0.574
0.525
0.522
0.506
0.468
0.401
0.380
0.394
0.392
0.495
0.540
0.526
0.579
0.592
0.510
0.545
0.500
0.448
0.468
0.432
0.428
0.505
0.518
0.560
0.507
0.485
0.485
0.464
0.404
0.473
0.469
0.486
0.516
0.518
0.532
0.559
0.533
0.557
0.525
0.501
0.493
0.538
0.543
0.512
0.440
0.439
0.488
0.484
0.563
0.545
0.539
0.509
0.489
0.525
0.552
0.528
0.532
0.527
0.547
0.489
0.469
0.461
0.496
0.613
0.543
0.554
0.531
0.587
0.573
0.555
0.593
0.573
0.561
0.571
0.559
0.518
0.515
0.674
0.578
0.558
0.575
0.538
0.512
0.516
0.457
0.515
0.503
0.414
0.413
0.400
0.384
0.386
0.420
0.426
0.452
0.420
0.450
0.499
0.521
0.550
0.520
0.564
0.527
0.559
0.552
0.531
0.570
0.543
0.552
0.566
0.536
0.517
0.509
0.532
0.552
0.577
0.557
0.506
0.537
0.548
0.549
0.501
0.469
0.445
0.478
0.568
0.568
0.631
0.584
0.530
0.515
0.576
0.536
0.496
0.453
0.430
0.489
0.513
0.525
0.547
0.558
0.519
0.552
0.606
0.636
0.584
0.582
0.555
0.514
0.505
0.500
0.460
0.478
0.505
0.543
0.609
0.561
0.606
0.641
0.567
0.492
0.442
0.485
0.514
0.522
0.609
0.561
0.553
0.517
0.485
0.500
0.414
0.498
0.578
0.621
0.615
0.898
0.705
0.782
0.813
0.757
0.679
0.657
0.876
0.805
0.815
0.741
0.686
0.663
0.670
0.597
0.595
0.588
0.704
0.842
0.854
0.730
0.676
0.730
0.827
0.802
0.871
0.787
0.694
0.670
0.691
0.627
0.581
0.581
0.630
0.674
0.761
0.727
0.708
0.659
0.611
0.640
0.652
0.652
0.665
0.656
0.668
0.690
0.685
0.762
0.919
0.731
0.734
0.684
0.670
0.669
0.754
0.799
0.712
0.682
0.675
0.737
0.678
0.661
0.713
0.784
0.714
0.672
0.703
0.713
0.682
0.668
0.697
0.822
0.682
0.744
0.878
0.712
0.758
0.776
0.823
0.655
0.789
0.933
0.740
0.738
0.653
0.673
0.887
0.791
0.685
0.781
0.691
0.677
0.775
0.791
0.855
0.717
0.692
0.899
0.738
0.689
0.810
0.791
0.750
0.696
0.717
0.803
0.707
0.807
0.730
0.756
0.722
0.724
0.720
0.741
0.715
0.681
0.800
0.763
0.719
0.703
0.720
0.806
0.733
0.767
0.678
0.717
0.643
0.579
0.636
0.689
0.692
0.716
0.715
0.622
0.573
0.610
0.780
0.744
0.687
0.751
0.669
0.660
0.595
0.676
0.703
0.698
0.608
0.572
0.601
0.650
0.674
0.653
0.674
0.584
0.556
0.527
0.526
0.635
0.629
0.652
0.682
0.598
0.568
0.538
0.551
0.505
0.484
0.542
0.579
0.574
0.631
0.799
0.883
0.914
0.806
0.717
0.722
0.662
0.596
0.521
0.525
0.562
0.595
0.619
0.650
0.594
0.600
0.659
0.516
0.477
0.520
0.504
0.512
0.578
0.652
0.725
0.693
0.658
0.636
0.600
0.548
0.530
0.507
0.499
0.496
0.563
0.524
0.505
0.478
0.539
0.583
0.631
0.618
0.572
0.488
0.469
0.517
0.527
0.518
0.590
0.486
0.564
0.596
0.589
0.510
0.399
0.459
0.492
0.484
0.472
0.471
0.480
0.452
0.376
0.412
0.481
0.477
0.460
0.523
0.786
0.704
0.766
0.676
0.652
0.603
0.550
0.520
0.524
0.555
0.531
0.480
0.502
0.490
0.530
0.492
0.508
0.503
0.515
0.543
0.510
0.577
0.503
0.536
0.524
0.550
0.569
0.575
0.576
0.560
0.510
0.508
0.514
0.480
0.461
0.459
0.483
0.527
0.500
0.548
0.608
0.630
0.592
0.579
0.576
0.566
0.575
0.569
0.599
0.572
0.727
0.609
0.567
0.617
0.567
0.577
0.548
0.533
0.534
0.563
0.657
0.639
0.501
0.496
0.583
0.644
0.763
0.588
0.520
0.561
0.585
0.510
0.476
0.563
0.571
0.608
0.551
0.579
0.584
0.597
0.571
0.490
0.577
0.624
0.630
0.608
0.566
0.597
0.653
0.630
0.679
0.616
0.584
0.572
0.558
0.512
0.495
0.588
0.595
0.473
0.551
0.567
0.584
0.593
0.560
0.583
0.601
0.594
0.546
0.664
0.598
0.718
0.616
0.649
0.661
0.810
0.714
0.624
0.666
0.669
0.676
0.580
0.607
0.671
0.652
0.618
0.646
0.614
0.534
0.454
0.671
0.750
0.687
0.871
0.929
0.891
0.896
0.881
0.723
0.727
0.694
0.694
0.684
0.606
0.630
0.798
0.615
0.802
0.856
0.753
0.689
0.690
0.718
0.701
0.760
0.752
0.723
0.657
0.607
0.626
0.678
0.734
0.654
0.641
0.725
0.713
0.663
0.579
0.648
0.699
0.748
0.742
0.749
0.720
0.689
0.667
0.778
0.701
0.694
0.706
0.801
0.797
0.878
0.698
0.696
0.735
0.721
0.822
0.820
0.688
0.801
0.922
0.804
0.731
0.716
0.669
0.723
0.805
0.720
0.835
0.748
0.673
0.793
0.698
0.783
0.664
0.719
0.653
0.738
0.933
0.887
0.860
0.937
0.868
0.773
0.668
0.685
0.670
0.809
0.830
0.741
0.786
0.738
0.696
0.743
0.695
