19790101
0.710
0.748
0.727
0.713
0.680
0.649
0.638
0.596
0.560
0.608
0.702
0.722
0.697
0.700
0.693
0.747
0.780
0.667
0.659
0.692
0.675
0.684
0.664
0.722
0.787
0.714
0.723
0.700
0.712
0.677
0.628
0.652
0.676
0.692
0.697
0.722
0.698
0.691
0.657
0.631
0.664
0.732
0.752
0.760
0.781
0.695
0.672
0.640
0.664
0.656
0.683
0.691
0.706
0.738
0.867
0.895
0.868
0.866
0.782
0.827
0.744
0.716
0.797
0.824
0.811
0.752
0.774
0.770
0.748
0.727
0.791
0.721
0.724
0.675
0.640
0.649
0.686
0.707
0.759
0.730
0.703
0.712
0.712
0.683
0.617
0.588
0.615
0.596
0.666
0.625
0.645
0.671
0.748
0.744
0.793
0.710
0.647
0.666
0.739
0.713
0.678
0.697
0.780
0.805
0.738
0.865
0.881
0.862
0.745
0.731
0.749
0.693
0.614
0.608
0.889
0.911
0.904
0.876
0.951
0.950
0.935
0.923
0.936
0.952
0.919
0.903
0.913
0.857
0.871
0.917
0.917
0.833
0.920
0.845
0.822
0.894
0.970
0.940
0.959
0.963
0.908
0.854
0.837
0.798
0.775
0.782
0.878
0.775
0.815
0.792
0.770
0.719
0.771
0.917
0.917
0.931
0.851
0.944
0.857
0.886
0.962
0.929
0.943
0.891
0.923
0.927
0.970
0.820
0.824
0.829
0.872
0.878
0.928
0.968
0.875
0.956
0.962
0.937
0.860
0.958
0.920
0.952
0.972
0.960
0.944
0.945
0.913
0.971
0.969
0.964
0.904
0.862
0.893
0.920
0.911
0.935
0.931
0.879
0.831
0.842
0.895
0.815
0.892
0.929
0.859
0.904
0.895
0.873
0.882
0.856
0.971
0.930
0.948
0.934
0.949
0.837
0.907
0.920
0.874
0.867
0.887
0.903
0.844
0.939
0.842
0.868
0.847
0.786
0.856
0.812
0.805
0.861
0.896
0.805
0.805
0.845
0.862
0.831
0.871
0.906
0.897
0.823
0.948
0.856
0.943
0.937
0.945
0.926
0.911
0.956
0.962
0.961
0.846
0.888
0.856
0.875
0.831
0.817
0.831
0.822
0.873
0.817
0.791
0.774
0.884
0.794
0.828
0.870
0.889
0.851
0.929
0.867
0.797
0.778
0.778
0.805
0.785
0.781
0.772
0.874
0.773
0.725
0.736
0.725
0.742
0.736
0.782
0.739
0.725
0.709
0.749
0.754
0.758
0.868
0.829
0.779
0.856
0.798
0.739
0.705
0.684
0.675
0.687
0.680
0.690
0.703
0.691
0.687
0.618
0.728
0.729
0.857
0.782
0.674
0.617
0.669
0.742
0.818
0.863
0.814
0.785
0.820
0.739
0.745
0.683
0.679
0.669
0.702
0.657
0.535
0.541
0.653
0.657
0.671
0.658
0.664
0.671
0.697
0.711
0.696
0.645
0.659
0.628
0.668
0.684
0.684
0.717
0.714
0.779
0.741
0.644
0.581
0.629
0.617
0.623
0.631
0.626
0.592
0.641
0.693
0.608
0.573
0.630
0.612
0.620
0.627
0.619
0.716
0.648
0.638
0.849
0.752
0.845
0.811
0.686
0.689
0.675
0.659
0.650
0.685
0.755
0.692
0.782
0.694
0.644
0.627
0.746
0.726
0.841
0.689
0.650
0.658
0.601
0.594
0.610
0.582
0.557
0.593
0.569
0.540
0.568
0.596
0.652
0.766
0.734
0.829
0.791
0.823
0.816
0.786
0.731
0.826
0.864
0.866
0.791
0.751
0.816
0.813
0.735
0.771
0.871
0.845
0.778
0.768
0.804
0.769
0.720
0.742
0.795
0.882
0.898
0.902
0.803
0.787
0.731
0.727
0.773
0.793
0.776
0.789
0.806
0.784
0.822
0.906
0.884
0.920
0.912
0.884
0.802
0.772
0.779
0.751
0.766
0.745
0.716
0.715
0.720
0.787
0.853
0.802
0.728
0.809
0.716
0.734
0.715
0.709
0.720
0.717
0.728
0.720
0.716
0.731
0.750
0.890
0.936
0.756
0.816
0.909
0.969
0.936
0.842
0.953
0.958
0.830
0.855
0.771
0.824
0.804
0.740
0.826
0.821
0.767
0.902
0.855
0.766
0.782
0.763
0.838
0.777
0.931
0.907
0.962
0.952
0.812
0.853
0.804
0.803
0.794
0.808
0.876
0.872
0.962
0.937
0.951
0.829
0.810
0.907
0.869
0.919
0.962
0.865
0.966
0.921
0.876
0.938
0.974
0.972
0.970
0.972
0.934
0.957
0.827
0.917
0.847
0.892
0.918
0.824
0.835
0.827
0.843
0.879
0.911
0.877
0.911
0.805
0.812
0.838
0.951
0.957
0.899
0.902
0.898
0.891
0.939
0.945
0.887
0.924
0.942
0.931
0.878
0.907
0.801
0.804
0.794
0.971
0.866
0.881
0.902
0.968
0.857
0.935
0.885
0.888
0.852
0.832
0.898
0.848
0.867
0.889
0.845
0.868
0.963
0.866
0.882
0.946
0.902
0.788
0.948
0.963
0.847
0.849
0.848
0.830
0.821
0.815
0.781
0.787
0.871
0.816
0.803
0.884
0.825
0.899
0.873
0.779
0.766
0.837
0.781
0.765
0.824
0.805
0.768
0.715
0.704
0.799
0.760
0.704
0.783
0.941
0.784
0.798
0.772
0.775
0.782
0.852
0.772
0.839
0.830
0.850
0.786
0.702
0.665
0.691
0.717
0.690
0.699
0.857
0.785
0.855
0.953
0.895
0.835
0.782
0.800
0.781
0.843
0.779
0.753
0.727
0.695
0.695
0.601
0.641
0.709
0.762
0.841
0.778
0.737
0.748
0.768
0.739
0.727
0.737
0.788
0.793
0.705
0.677
0.655
0.696
0.664
0.651
0.664
0.687
0.675
0.675
0.675
0.645
0.738
0.732
0.712
0.737
0.718
0.757
0.714
0.682
0.795
0.752
0.721
0.693
0.675
0.662
0.740
0.676
0.683
0.662
0.658
0.634
0.660
0.716
0.682
0.653
0.702
0.637
0.596
0.595
0.660
0.674
0.651
0.672
0.673
0.652
0.647
0.635
0.598
0.570
0.578
0.664
0.709
0.719
0.739
0.815
0.753
0.764
0.777
0.731
0.723
0.710
0.704
0.688
0.637
0.569
0.565
0.676
0.822
0.834
0.715
0.787
0.724
0.768
0.710
0.704
0.691
0.710
0.665
0.700
0.732
0.674
0.671
0.761
0.760
0.794
0.808
0.674
0.660
0.711
0.732
0.696
0.789
0.795
0.743
0.791
0.693
0.673
0.685
0.740
0.740
0.825
0.746
0.696
0.677
0.683
0.694
0.698
0.826
0.715
0.723
0.704
0.755
0.822
0.727
0.744
0.750
0.683
0.698
0.747
0.778
0.722
0.700
0.645
0.683
0.662
0.631
0.671
0.653
0.672
0.625
0.626
0.577
0.565
0.522
0.470
0.597
0.924
0.818
0.909
0.882
0.924
0.893
0.884
0.885
0.905
0.934
0.897
0.926
0.942
0.910
0.844
0.842
0.874
0.812
0.818
0.838
0.853
0.847
0.941
0.926
0.941
0.894
0.874
0.864
0.817
0.769
0.772
0.801
0.838
0.815
0.764
0.750
0.721
0.809
0.770
0.777
0.813
0.914
0.828
0.888
0.828
0.885
0.795
0.762
0.774
0.758
0.836
0.794
0.785
0.843
0.917
0.849
0.787
0.782
0.789
0.915
0.902
0.843
0.785
0.780
0.855
0.956
0.784
0.803
0.884
0.935
0.784
0.806
0.859
0.800
0.783
0.799
0.801
0.795
0.822
0.805
0.845
0.880
0.833
0.952
0.829
0.809
0.823
0.855
0.796
0.850
0.970
0.940
0.868
0.911
0.886
0.867
0.783
0.789
0.812
0.790
0.798
0.795
0.876
0.802
0.893
0.789
0.847
0.817
0.853
0.908
0.943
0.813
0.800
0.812
0.785
0.965
0.951
0.955
0.914
0.952
0.883
0.877
0.966
0.934
0.871
0.858
0.865
0.870
0.949
0.928
0.797
0.825
0.905
0.820
0.842
0.852
0.782
0.802
0.849
0.838
0.741
0.823
0.935
0.771
0.949
0.961
0.943
0.840
0.965
0.961
0.820
0.889
0.772
0.793
0.763
0.788
0.786
0.873
0.845
0.805
0.780
0.902
0.921
0.761
0.913
0.949
0.843
0.853
0.849
0.873
0.916
0.800
0.887
0.785
0.798
0.736
0.738
0.723
0.708
0.815
0.737
0.861
0.801
0.814
0.760
0.747
0.827
0.742
0.710
0.759
0.786
0.729
0.806
0.744
0.816
0.790
0.753
0.726
0.733
0.743
0.745
0.708
0.678
0.725
0.708
0.814
0.810
0.756
0.727
0.666
0.664
0.649
0.677
0.662
0.624
0.593
0.682
0.691
0.574
0.596
0.678
0.663
0.632
0.586
0.666
0.674
0.716
0.666
0.662
0.672
0.675
0.702
0.687
0.732
0.658
0.726
0.729
0.686
0.812
0.715
0.657
0.678
0.708
0.738
0.705
0.711
0.716
0.658
0.622
0.666
0.706
0.727
0.681
0.656
0.643
0.671
0.687
0.680
0.668
0.644
0.668
0.648
0.628
0.643
0.671
0.693
0.803
0.878
0.749
0.686
0.837
0.751
0.865
0.809
0.745
0.705
0.737
0.780
0.737
0.722
0.804
0.762
0.937
0.910
0.944
0.925
0.810
0.779
0.747
0.716
0.663
0.628
0.616
0.607
0.707
0.742
0.689
0.669
0.691
0.694
0.713
0.723
0.866
0.849
0.783
0.713
0.650
0.635
0.675
0.635
0.632
0.652
0.682
0.641
0.677
0.698
0.708
0.695
0.705
0.699
0.678
0.644
0.758
0.726
0.731
0.706
0.725
0.802
0.784
0.697
0.690
0.714
0.854
0.741
0.689
0.720
0.720
0.721
0.881
0.865
0.865
0.827
0.822
0.784
0.785
0.830
0.817
0.734
0.723
0.747
0.787
0.732
0.780
0.734
0.711
0.685
0.601
0.657
0.655
0.670
0.685
0.698
0.666
0.684
0.695
0.685
0.750
0.837
0.764
0.686
0.595
0.588
0.660
0.721
0.704
0.653
0.627
0.623
0.607
0.636
0.715
0.676
0.728
0.892
0.861
0.815
0.803
0.715
0.808
0.773
0.629
0.672
0.693
0.702
0.701
0.797
0.755
0.753
0.786
0.773
0.752
0.871
0.785
0.859
0.901
0.963
0.937
0.944
0.918
0.945
0.935
0.966
0.972
0.968
0.957
0.951
0.905
0.930
0.961
0.978
0.973
0.973
0.969
0.925
0.974
0.975
0.918
0.968
0.962
0.945
0.966
0.961
0.929
0.911
0.911
0.851
0.913
0.947
0.851
0.848
0.861
0.899
0.921
0.952
0.849
0.915
0.870
0.938
0.909
0.934
0.907
0.942
0.835
0.884
0.963
0.838
0.931
0.949
0.958
0.861
0.946
0.912
0.966
0.966
0.943
0.947
0.952
0.954
0.929
0.897
0.957
0.894
0.946
0.905
0.962
0.970
0.943
0.901
0.854
0.955
0.920
0.881
0.898
0.859
0.870
0.898
0.884
0.865
0.853
0.897
0.842
0.913
0.902
0.941
0.908
0.875
0.932
0.933
0.967
0.963
0.967
0.967
0.972
0.972
0.929
0.897
0.908
0.921
0.869
0.869
0.881
0.854
0.878
0.979
0.920
0.932
0.877
0.933
0.942
0.978
0.846
0.963
0.933
0.881
0.845
0.836
0.816
0.879
0.875
0.970
0.879
0.949
0.958
0.941
0.965
0.934
0.875
0.884
0.846
0.878
0.850
0.836
0.896
0.896
0.833
0.874
0.891
0.913
0.880
0.897
0.900
0.877
0.911
0.958
0.865
0.821
0.775
0.844
0.832
0.816
0.850
0.935
0.860
0.803
0.768
0.727
0.770
0.813
0.845
0.792
0.765
0.768
0.783
0.791
0.769
0.772
0.813
0.749
0.750
0.710
0.730
0.788
0.762
0.786
0.766
0.718
0.733
0.808
0.816
0.748
0.734
0.734
0.765
0.724
0.738
0.711
0.732
0.700
0.768
0.864
0.727
0.722
0.724
0.741
0.718
0.677
0.717
0.727
0.712
0.706
0.704
0.708
0.697
0.687
0.700
0.705
0.691
0.704
0.719
0.719
0.708
0.717
0.701
0.702
0.713
0.688
0.701
0.680
0.706
0.695
0.606
0.618
0.695
0.836
0.692
0.631
0.685
0.709
0.746
0.737
0.738
0.693
0.689
0.697
0.768
0.718
0.728
0.724
0.663
0.651
0.627
0.627
0.631
0.704
0.782
0.815
0.794
0.759
0.689
0.678
0.592
0.602
0.629
0.578
0.615
0.607
0.594
0.626
0.619
0.655
0.599
0.601
0.681
0.695
0.673
0.654
0.657
0.621
0.610
0.603
0.602
0.629
0.629
0.704
0.739
0.692
0.738
0.772
0.800
0.810
0.827
0.752
0.791
0.803
0.834
0.889
0.920
0.891
0.748
0.653
0.694
0.705
0.658
0.696
0.814
0.837
0.821
0.751
0.866
0.810
0.768
0.876
0.916
0.792
0.710
0.673
0.705
0.703
0.652
0.651
0.677
0.665
0.696
0.767
0.836
0.856
0.888
0.846
0.873
0.832
0.797
0.723
0.706
0.680
0.740
0.793
0.857
0.889
0.864
0.851
0.868
0.808
0.805
0.805
0.821
0.868
0.803
0.747
0.814
0.726
0.825
0.767
0.845
0.858
0.842
0.850
0.791
0.758
0.738
0.718
0.821
0.832
0.737
0.715
0.745
0.753
0.760
0.747
0.748
0.751
0.754
0.744
0.760
0.837
0.725
0.716
0.754
0.741
0.713
0.825
0.792
0.742
0.755
0.755
0.763
0.803
0.755
0.727
0.847
0.771
0.786
0.905
0.808
0.883
0.794
0.779
0.817
0.766
0.818
0.758
0.761
0.749
0.782
0.743
0.822
0.868
0.816
0.857
0.792
0.812
0.834
0.862
0.781
0.834
0.811
0.856
0.793
0.795
0.779
0.759
0.848
0.846
0.909
0.922
0.891
0.823
0.784
0.808
0.749
0.739
0.879
0.823
0.858
0.864
0.794
0.769
0.780
0.772
0.824
0.791
0.786
0.759
0.719
0.770
0.874
0.833
0.838
0.946
0.913
0.886
0.894
0.862
0.852
0.828
0.845
0.821
0.797
0.778
0.774
0.786
0.825
0.786
0.760
0.753
0.750
0.741
0.879
0.733
0.717
0.769
0.936
0.964
0.837
0.734
0.685
0.820
0.930
0.970
0.873
0.814
0.818
0.843
0.882
0.829
0.829
0.786
0.882
0.792
0.791
0.836
0.872
0.749
0.814
0.848
0.810
0.805
0.785
0.766
0.863
0.784
0.820
0.808
0.771
0.681
0.730
0.757
0.797
0.800
0.752
0.708
0.710
0.742
0.721
0.742
0.789
0.758
0.713
0.791
0.727
0.754
0.754
0.711
0.728
0.709
0.738
0.698
0.653
0.649
0.693
0.679
0.799
0.801
0.828
0.821
0.769
0.767
0.745
0.745
0.861
0.769
0.736
0.662
0.653
0.676
0.722
0.696
0.709
0.651
0.609
0.615
0.614
0.663
0.675
0.643
0.645
0.670
0.677
0.805
0.739
0.772
0.725
0.772
0.821
0.721
0.705
0.744
0.724
0.675
0.606
0.569
0.555
0.555
0.613
0.639
0.644
0.635
0.605
0.636
0.674
0.662
0.655
0.654
0.636
0.643
0.635
0.560
0.605
0.840
0.660
0.648
0.710
0.763
0.748
0.664
0.720
0.619
0.533
0.571
0.620
0.654
0.644
0.644
0.608
0.611
0.623
0.657
0.637
0.648
0.666
0.709
0.683
0.687
0.751
0.672
0.668
0.636
0.641
0.654
0.685
0.607
0.671
0.700
0.694
0.657
0.628
0.719
0.659
0.650
0.658
0.643
0.636
0.593
0.623
0.661
0.663
0.677
0.849
0.724
0.711
0.621
0.609
0.661
0.621
0.593
0.612
0.617
0.631
0.619
0.612
0.643
0.698
0.706
0.715
0.713
0.657
0.658
0.657
0.662
0.670
0.650
0.649
0.663
0.596
0.656
0.643
0.618
0.652
0.704
0.715
0.748
0.700
0.654
0.656
0.610
0.657
0.650
0.638
0.621
0.602
0.661
0.666
0.643
0.755
0.781
0.754
0.728
0.750
0.719
0.785
0.686
0.694
0.674
0.665
0.629
0.576
0.583
0.628
0.703
0.843
0.756
0.743
0.763
0.703
0.700
0.798
0.813
0.771
0.671
0.589
0.709
0.679
0.775
0.882
0.691
0.638
0.699
0.746
0.671
0.640
0.645
0.642
0.656
0.892
0.831
0.717
0.730
0.849
0.747
0.734
0.755
0.858
0.918
0.953
0.945
0.930
0.921
0.913
0.947
0.954
0.892
0.868
0.934
0.816
0.841
0.897
0.914
0.945
0.951
0.905
0.891
0.886
0.885
0.961
0.814
0.906
0.958
0.899
0.958
0.962
0.876
0.915
0.963
0.961
0.965
0.963
0.928
0.968
0.970
0.927
0.857
0.880
0.848
0.870
0.944
0.881
0.871
0.967
0.867
0.970
0.950
0.907
0.912
0.938
0.902
0.853
0.842
0.893
0.938
0.869
0.859
0.895
0.960
0.881
0.883
0.960
0.880
0.938
0.887
0.911
0.870
0.953
0.962
0.888
0.872
0.947
0.863
0.967
0.968
0.927
0.925
0.876
0.958
0.913
0.867
0.928
0.932
0.878
0.860
0.975
0.932
0.957
0.955
0.969
0.922
0.922
0.955
0.964
0.928
0.901
0.846
0.888
0.926
0.913
0.887
0.878
0.896
0.861
0.880
0.878
0.908
0.887
0.938
0.937
0.924
0.859
0.941
0.837
0.912
0.860
0.880
0.864
0.842
0.829
0.822
0.844
0.807
0.964
0.954
0.975
0.972
0.915
0.907
0.912
0.912
0.958
0.877
0.919
0.911
0.973
0.967
0.967
0.971
0.953
0.905
0.931
0.932
0.888
0.847
0.879
0.862
0.860
0.850
0.835
0.822
0.804
0.837
0.839
0.803
0.793
0.816
0.868
0.915
0.867
0.840
0.797
0.759
0.752
0.785
0.809
0.877
0.865
0.828
0.802
0.831
0.875
0.862
0.850
0.805
0.850
0.849
0.902
0.799
0.789
0.803
0.881
0.810
0.788
0.798
0.768
0.766
0.753
0.751
0.758
0.771
0.760
0.793
0.779
0.787
0.828
0.876
0.811
0.792
0.839
0.773
0.826
0.763
0.917
0.746
0.761
0.698
0.703
0.673
0.646
0.704
0.721
0.690
0.697
0.685
0.672
0.675
0.708
0.738
0.759
0.741
0.677
0.597
0.650
0.714
0.747
0.717
0.725
0.676
0.695
0.747
0.728
0.674
0.701
0.647
0.661
0.660
0.676
0.697
0.662
0.560
0.544
0.582
0.630
0.618
0.633
0.653
0.685
0.649
0.689
0.700
0.661
0.697
0.685
0.674
0.697
0.685
0.621
0.613
0.604
0.603
0.697
0.734
0.842
0.693
0.642
0.619
0.647
0.656
0.683
0.680
0.673
0.665
0.646
0.658
0.653
0.662
0.682
0.677
0.666
0.644
0.634
0.577
0.554
0.534
0.576
0.624
0.693
0.678
0.659
0.680
0.680
0.681
0.667
0.646
0.707
0.664
0.669
0.758
0.805
0.824
0.786
0.797
0.841
0.872
0.887
0.872
0.924
0.930
0.823
0.804
0.725
0.697
0.731
0.869
0.880
0.861
0.871
0.902
0.912
0.909
0.846
0.915
0.865
0.785
0.756
0.709
0.705
0.701
0.720
0.705
0.714
0.718
0.788
0.733
0.712
0.801
0.924
0.940
0.900
0.924
0.800
0.811
0.828
0.819
0.853
0.881
0.817
0.801
0.909
0.872
0.888
0.908
0.923
0.933
0.889
0.928
0.932
0.909
0.918
0.890
0.950
0.947
0.907
0.967
0.921
0.869
0.873
0.914
0.934
0.945
0.944
0.926
0.938
0.900
0.918
0.940
0.922
0.920
0.947
0.931
0.930
0.903
0.945
0.937
0.905
0.950
0.926
0.950
0.919
0.923
0.942
0.945
0.949
0.940
0.959
0.944
0.949
0.966
0.934
0.884
0.960
0.870
0.932
0.880
0.929
0.963
0.950
0.903
0.958
0.953
0.939
0.920
0.889
0.866
0.911
0.873
0.868
0.894
0.963
0.970
0.977
0.975
0.975
0.949
0.931
0.954
0.939
0.973
0.898
0.962
0.962
0.913
0.943
0.955
0.951
0.952
0.958
0.969
0.965
0.909
0.954
0.958
0.965
0.962
0.959
0.955
0.948
0.966
0.950
0.976
0.979
0.966
0.930
0.959
0.975
0.905
0.945
0.906
0.948
0.969
0.937
0.960
0.959
0.917
0.976
0.966
0.941
0.896
0.979
0.971
0.977
0.972
0.977
0.972
0.917
0.972
0.956
0.926
0.962
0.931
0.894
0.864
0.903
0.970
0.909
0.926
0.949
0.962
0.888
0.911
0.887
0.903
0.960
0.916
0.905
0.909
0.954
0.925
0.892
0.934
0.930
0.888
0.932
0.948
0.883
0.950
0.930
0.917
0.920
0.908
0.904
0.971
0.953
0.952
0.887
0.915
0.955
0.897
0.890
0.846
0.848
0.936
0.879
0.896
0.847
0.853
0.827
0.831
0.808
0.780
0.806
0.797
0.766
0.768
0.775
0.754
0.737
0.752
0.757
0.740
0.740
0.762
0.751
0.752
0.735
0.775
0.769
0.750
0.760
0.751
0.701
0.573
0.616
0.709
0.684
0.718
0.732
0.762
0.725
0.778
0.760
0.707
0.658
0.647
0.601
0.539
0.580
0.670
0.777
0.673
0.747
0.752
0.745
0.840
0.901
0.851
0.746
0.723
0.728
0.724
0.845
0.756
0.759
0.735
0.701
0.673
0.678
0.645
0.698
0.625
0.543
0.542
0.615
0.606
0.572
0.635
0.668
0.663
0.677
0.798
0.817
0.754
0.795
0.735
0.657
0.656
0.625
0.632
0.720
0.823
0.717
0.740
0.735
0.686
0.689
0.674
0.698
0.711
0.738
0.727
0.857
0.761
0.691
0.624
0.593
0.640
0.680
0.578
0.677
0.734
0.700
0.722
0.682
0.704
0.647
0.643
0.708
0.679
0.696
0.725
0.698
0.768
0.736
0.727
0.725
0.725
0.718
0.696
0.688
0.768
0.705
0.791
0.730
0.701
0.698
0.785
0.843
0.779
0.772
0.838
0.770
0.731
0.709
0.797
0.739
0.696
0.706
0.695
0.659
0.663
0.660
0.732
0.680
0.707
0.802
0.705
0.708
0.708
0.651
0.672
0.682
0.672
0.708
0.721
0.747
0.710
0.740
0.732
0.774
0.782
0.798
0.897
0.931
0.843
0.810
0.803
0.778
0.772
0.773
0.764
0.764
0.747
0.844
0.937
0.854
0.861
0.916
0.912
0.937
0.941
0.906
0.956
0.885
0.902
0.916
0.831
0.855
0.932
0.929
0.892
0.924
0.921
0.875
0.933
0.961
0.964
0.885
0.906
0.818
0.845
0.840
0.872
0.878
0.879
0.917
0.901
0.932
0.871
0.842
0.875
0.950
0.930
0.955
0.952
0.934
0.916
0.934
0.920
0.899
0.881
0.880
0.919
0.952
0.939
0.809
0.837
0.848
0.811
0.855
0.907
0.933
0.889
0.934
0.917
0.873
0.922
0.978
0.967
0.969
0.961
-99.000
0.981
0.936
0.959
0.960
0.958
0.954
0.953
0.911
0.928
0.914
0.948
0.940
0.969
0.952
0.924
0.900
0.883
0.867
0.965
0.946
0.899
0.952
0.965
0.952
0.921
0.894
0.901
0.940
0.936
0.904
0.935
0.935
0.950
0.926
0.950
0.960
0.971
0.954
0.917
0.919
0.925
0.980
0.981
0.981
0.969
0.967
0.980
0.952
0.957
0.952
0.965
0.908
0.907
0.913
0.931
0.947
0.871
0.870
0.884
0.847
0.949
0.859
0.847
0.869
0.956
0.879
0.914
0.968
0.976
0.954
0.907
0.901
0.939
0.945
0.960
0.962
0.910
0.908
0.887
0.914
0.890
0.931
0.874
0.863
0.889
0.850
0.880
0.867
0.905
0.921
0.944
0.961
0.965
0.956
0.958
0.969
0.958
0.933
0.901
0.941
0.971
0.957
0.964
0.971
0.961
0.965
0.936
0.949
0.905
0.963
0.916
0.883
0.956
0.942
0.898
0.911
0.883
0.895
0.878
0.860
0.869
0.960
0.958
0.906
0.925
0.915
0.951
0.953
0.892
0.897
0.923
0.951
0.934
0.913
0.918
0.887
0.839
0.837
0.852
0.861
0.892
0.879
0.903
0.830
0.953
0.838
0.790
0.831
0.805
0.817
0.816
0.830
0.871
0.872
0.817
0.764
0.850
0.785
0.780
0.788
0.796
0.809
0.783
0.775
0.770
0.781
0.758
0.767
0.767
0.831
0.732
0.784
0.807
0.788
0.852
0.873
0.935
0.916
0.915
0.897
0.862
0.876
0.912
0.903
0.929
0.928
0.929
0.874
0.827
0.802
0.776
0.728
0.684
0.696
0.714
0.697
0.707
0.720
0.752
0.798
0.756
0.761
0.902
0.786
0.734
0.791
0.690
-99.000
-99.000
-99.000
-99.000
-99.000
-99.000
-99.000
-99.000
0.791
0.813
0.754
0.741
0.817
0.881
0.906
0.924
0.905
0.794
0.772
0.798
0.755
0.772
0.766
0.776
0.714
0.680
0.690
0.690
0.681
0.687
0.673
0.685
0.679
0.643
0.690
0.738
0.776
0.773
0.719
0.680
0.685
0.708
0.705
0.709
0.778
0.726
0.739
0.740
0.718
0.747
0.837
0.768
0.816
0.867
0.831
0.779
0.797
0.805
0.835
0.851
0.877
0.872
0.855
0.741
0.723
0.768
0.786
0.714
0.782
0.806
0.699
0.688
0.680
0.680
0.660
0.646
0.668
0.693
0.716
0.761
0.747
0.814
0.897
0.864
0.926
0.846
0.858
0.849
0.895
0.886
0.908
0.850
0.790
0.859
0.862
0.848
0.901
0.936
0.890
0.873
0.878
0.870
0.842
0.860
0.887
0.922
0.865
0.866
0.907
0.863
0.823
0.890
0.882
0.938
0.901
0.900
0.892
0.960
0.946
0.940
0.915
0.847
0.859
0.843
0.896
0.852
0.863
0.831
0.855
0.839
0.826
0.812
0.888
0.792
0.810
0.798
0.783
0.784
0.798
0.855
0.878
0.819
0.831
0.918
0.818
0.820
0.812
0.815
0.739
0.732
0.860
0.844
0.792
0.822
0.817
0.961
0.915
0.836
0.820
0.870
0.882
0.824
0.867
0.929
0.960
0.861
0.931
0.919
0.900
0.844
0.913
0.862
0.889
0.923
0.965
0.941
0.919
0.850
0.883
0.934
0.961
0.922
0.860
0.903
0.838
0.970
0.979
0.964
0.932
0.950
0.975
0.971
0.968
0.964
0.970
0.975
0.927
0.956
0.935
0.951
0.912
0.895
0.877
0.945
0.933
0.940
0.970
0.953
0.857
0.958
0.899
0.943
0.973
0.925
0.921
0.917
0.940
0.916
0.879
0.841
0.819
0.914
0.942
0.939
0.957
0.955
0.845
0.840
0.845
0.827
0.822
0.888
0.889
0.845
0.896
0.917
0.873
0.888
0.894
0.856
0.850
0.888
0.924
0.906
0.864
0.897
0.912
0.908
0.874
0.929
0.898
0.919
0.945
0.895
0.845
0.831
0.811
0.791
0.793
0.809
0.834
0.848
0.800
0.801
0.895
0.878
0.850
0.836
0.846
0.806
0.800
0.864
0.805
0.770
0.789
0.781
0.849
0.915
0.788
0.763
0.815
0.806
0.773
0.775
0.744
0.823
0.768
0.773
0.724
0.723
0.776
0.769
0.749
0.754
0.742
0.790
0.778
0.754
0.719
0.700
0.605
0.634
0.664
0.670
0.714
0.751
0.749
0.718
0.749
0.712
0.602
0.561
0.591
0.604
0.690
0.704
0.649
0.649
0.600
0.630
0.637
0.681
0.783
0.717
0.711
0.703
0.693
0.645
0.644
0.648
0.646
0.673
0.689
0.657
0.650
0.683
0.689
0.709
0.726
0.652
0.608
0.644
0.680
0.679
0.658
0.650
0.652
0.660
0.613
0.622
0.630
0.616
0.664
0.664
0.668
0.676
0.802
0.707
0.709
0.627
0.607
0.634
0.629
0.591
0.570
0.601
0.610
0.659
0.669
0.700
0.704
0.686
0.635
0.641
0.575
0.583
0.639
0.674
0.678
0.640
0.620
0.651
0.754
0.694
0.678
0.685
0.712
0.710
0.711
0.709
0.685
0.726
0.712
0.763
0.721
0.665
0.683
0.796
0.753
0.685
0.654
0.653
0.676
0.670
0.658
0.649
0.631
0.676
0.722
0.708
0.653
0.662
0.639
0.630
0.635
0.643
0.661
0.668
0.654
0.675
0.645
0.625
0.628
0.632
0.668
0.692
0.685
0.708
0.686
0.657
0.675
0.696
0.649
0.631
0.668
0.647
0.569
0.558
0.570
0.606
0.598
0.651
0.638
0.687
0.714
0.747
0.747
0.649
0.665
0.683
0.675
0.619
0.514
0.570
0.722
0.668
0.708
0.683
0.778
0.730
0.763
0.700
0.741
0.734
0.893
0.900
0.761
0.834
0.767
0.697
0.734
0.745
0.825
0.879
0.770
0.805
0.780
0.820
0.757
0.818
0.859
0.884
0.901
0.866
0.864
0.905
0.870
0.909
0.856
0.914
0.915
0.949
0.950
0.970
0.972
0.918
0.914
0.872
0.900
0.895
0.898
0.874
0.821
0.810
0.813
0.867
0.949
0.823
0.807
0.900
0.817
0.786
0.815
0.837
0.871
0.939
0.964
0.873
0.815
0.831
0.838
0.815
0.810
0.807
0.787
0.772
0.787
0.880
0.784
0.829
0.791
0.804
0.944
0.878
0.952
0.843
0.860
0.843
0.952
0.883
0.875
0.934
0.963
0.948
0.886
0.848
0.892
0.850
0.948
0.873
0.843
0.926
0.947
0.909
0.933
0.973
0.960
0.949
0.939
0.963
0.928
0.961
0.975
0.977
0.972
0.961
0.950
0.955
0.970
0.979
0.974
0.971
0.979
0.946
0.939
0.922
0.948
0.911
0.967
0.916
0.947
0.961
0.969
0.969
0.949
0.961
0.952
0.953
0.900
0.967
0.941
0.968
0.969
0.945
0.950
0.916
0.900
0.907
0.937
0.961
0.972
0.971
0.935
0.933
0.971
0.933
0.892
0.922
0.870
0.907
0.950
0.892
0.910
0.959
0.926
0.909
0.908
0.958
0.875
0.864
0.922
0.832
0.922
0.947
0.967
0.954
0.879
0.938
0.939
0.877
0.884
0.875
0.891
0.912
0.920
0.917
0.933
0.843
0.909
0.872
0.887
0.846
0.916
0.880
0.842
0.868
0.878
0.922
0.955
0.844
0.872
0.859
0.827
0.871
0.833
0.818
0.810
0.809
0.797
0.823
0.807
0.774
0.768
0.841
0.877
0.867
0.825
0.760
0.771
0.787
0.748
0.777
0.774
0.773
0.790
0.820
0.878
0.821
0.813
0.799
0.752
0.731
0.763
0.777
0.828
0.901
0.801
0.789
0.813
0.876
0.810
0.772
0.785
0.788
0.842
0.777
0.793
0.766
0.755
0.736
0.723
0.677
0.694
0.675
0.666
0.624
0.618
0.618
0.661
0.670
0.669
0.550
0.470
0.520
0.618
0.586
0.672
0.660
0.691
0.692
0.696
0.733
0.680
0.679
0.760
0.822
0.798
0.754
0.735
0.742
0.720
0.765
0.740
0.720
0.729
0.737
0.678
0.679
0.679
0.711
0.701
0.750
0.716
0.724
0.701
0.685
0.669
0.665
0.755
0.720
0.750
0.820
0.669
0.694
0.687
0.623
0.651
0.689
0.675
0.658
0.676
0.725
0.819
0.746
0.819
0.790
0.702
0.697
0.710
0.698
0.687
0.655
0.640
0.617
0.623
0.663
0.685
0.664
0.670
0.660
0.689
0.708
0.705
0.645
0.608
0.649
0.734
0.718
0.716
0.660
0.641
0.653
0.651
0.654
0.644
0.658
0.679
0.807
0.688
0.733
0.678
0.698
0.664
0.581
0.575
0.542
0.598
0.560
0.561
0.559
0.578
0.653
0.651
0.666
0.671
0.711
0.769
0.703
0.678
0.722
0.702
0.726
0.758
0.727
0.789
0.907
0.944
0.811
0.780
0.847
0.860
0.844
0.851
0.951
0.957
0.940
0.936
0.901
0.956
0.937
0.959
0.954
0.930
0.949
0.945
0.934
0.951
0.937
0.930
0.880
0.879
0.936
0.924
0.964
0.958
0.944
0.908
0.956
0.946
0.948
0.950
0.948
0.950
0.887
0.920
0.879
0.873
0.938
0.925
0.947
0.960
0.939
0.969
0.971
0.970
0.951
0.959
0.972
0.968
0.975
0.928
0.928
0.972
0.964
0.914
0.901
0.916
0.943
0.955
0.950
0.972
0.954
0.915
0.917
0.930
0.955
0.957
0.961
0.967
0.956
0.957
0.969
0.955
0.950
0.961
0.970
0.973
0.960
0.963
0.908
0.932
0.950
0.958
0.965
0.958
0.959
0.918
0.896
0.894
0.962
0.909
0.959
0.968
0.976
0.960
0.968
0.977
0.971
0.903
0.923
0.947
0.980
0.962
0.911
0.951
0.964
0.910
0.950
0.959
0.967
0.982
0.966
0.968
0.965
0.963
0.902
0.876
0.873
0.874
0.884
0.879
0.863
0.898
0.892
0.891
0.925
0.908
0.865
0.894
0.961
0.946
0.897
0.872
0.907
0.963
0.959
0.886
0.915
0.961
0.933
0.965
0.910
0.927
0.940
0.917
0.950
0.970
0.913
0.910
0.963
0.886
0.913
0.939
0.874
0.869
0.858
0.895
0.894
0.886
0.868
0.875
0.847
0.899
0.906
0.851
0.872
0.846
0.807
0.806
0.844
0.920
0.918
0.920
0.933
0.944
0.902
0.859
0.878
0.884
0.862
0.845
0.829
0.835
0.832
0.899
0.844
0.832
0.858
0.879
0.804
0.802
0.821
0.809
0.772
0.739
0.707
0.765
0.757
0.724
0.644
0.752
0.752
0.817
0.896
0.893
0.813
0.798
0.798
0.839
0.796
0.797
0.816
0.843
0.782
0.806
0.778
0.841
0.779
0.765
0.745
0.766
0.766
0.784
0.767
0.775
0.728
0.686
0.705
0.731
0.739
0.864
0.743
0.762
0.767
0.799
0.750
0.710
0.659
0.548
0.583
0.626
0.621
0.626
0.488
0.548
0.587
0.581
0.586
0.634
0.729
0.905
0.750
0.756
0.728
0.757
0.701
0.696
0.702
0.691
0.715
0.762
0.770
0.804
0.816
0.770
0.714
0.739
0.786
0.797
0.863
0.872
0.801
0.788
0.778
0.765
0.766
0.867
0.811
0.925
0.800
0.794
0.816
0.748
0.700
0.783
0.779
0.733
0.748
0.725
0.790
0.695
0.698
0.697
0.715
0.711
0.717
0.730
0.682
0.754
0.728
0.723
0.741
0.671
0.922
0.883
0.903
0.814
0.762
0.804
0.889
0.809
0.754
0.768
0.772
0.750
0.699
0.677
0.645
0.585
0.551
0.592
0.602
0.603
0.626
0.660
0.692
0.682
0.686
0.628
0.664
0.737
0.738
0.810
0.774
0.823
0.772
0.706
0.674
0.628
0.644
0.695
0.713
0.716
0.735
0.678
0.683
0.632
0.631
0.640
0.684
0.726
0.810
0.732
0.726
0.673
0.676
0.673
0.661
0.684
0.713
0.696
0.713
0.778
0.859
0.789
0.852
0.847
0.767
0.730
0.840
0.830
0.755
0.743
0.739
0.693
0.716
0.769
0.722
0.755
0.828
0.750
0.815
0.903
0.779
0.810
0.887
0.916
0.966
0.928
0.905
0.962
0.876
0.875
0.949
0.931
0.823
0.815
0.791
0.787
0.813
0.825
0.837
0.797
0.801
0.893
0.766
0.751
0.784
0.909
0.792
0.931
0.823
0.764
0.801
0.718
0.716
0.820
0.908
0.920
0.951
0.851
0.930
0.971
0.936
0.940
0.874
0.978
0.973
0.946
0.861
0.953
0.890
0.847
0.915
0.841
0.834
0.970
0.877
0.836
0.815
0.825
0.842
0.821
0.788
0.808
0.847
0.832
0.883
0.898
0.926
0.908
0.942
0.822
0.957
0.940
0.965
0.962
0.959
0.919
0.951
0.932
0.947
0.961
0.965
0.952
0.929
0.856
0.950
0.952
0.882
0.894
0.926
0.872
0.851
0.922
0.944
0.877
0.912
0.867
0.880
0.964
0.954
0.920
0.900
0.905
0.903
0.962
0.964
0.858
0.840
0.950
0.859
0.965
0.891
0.969
0.876
0.859
0.924
0.944
0.916
0.943
0.898
0.899
0.860
0.863
0.887
0.852
0.886
0.898
0.893
0.874
0.848
0.834
0.856
0.834
0.813
0.793
0.805
0.815
0.878
0.832
0.822
0.856
0.820
0.813
0.828
0.802
0.812
0.862
0.885
0.802
0.769
0.778
0.939
0.816
0.832
0.821
0.832
0.841
0.795
0.830
0.773
0.807
0.960
0.971
0.974
0.934
0.902
0.934
0.952
0.871
0.896
0.875
0.912
0.839
0.805
0.825
0.801
0.798
0.785
0.823
0.789
0.767
0.800
0.854
0.807
0.783
0.720
0.651
0.653
0.684
0.717
0.771
0.750
0.758
0.763
0.785
0.761
0.722
0.678
0.674
0.719
0.705
0.714
0.738
0.759
0.728
0.778
0.702
0.653
0.683
0.814
0.881
0.765
0.740
0.740
0.840
0.757
0.744
0.725
0.725
0.729
0.707
0.693
0.645
0.617
0.633
0.672
0.786
0.712
0.706
0.702
0.716
0.749
0.686
0.664
0.626
0.616
0.616
0.612
0.655
0.657
0.626
0.688
0.671
0.756
0.694
0.666
0.684
0.682
0.705
0.727
0.688
0.687
0.676
0.624
0.628
0.607
0.659
0.676
0.700
0.693
0.644
0.652
0.656
0.711
0.708
0.661
0.703
0.646
0.615
0.626
0.676
0.678
0.666
0.665
0.732
0.819
0.858
0.720
0.717
0.716
0.703
0.679
0.658
0.686
0.678
0.703
0.676
0.687
0.686
0.753
0.752
0.818
0.826
0.787
0.685
0.678
0.695
0.679
0.681
0.688
0.670
0.693
0.797
0.712
0.683
0.678
0.726
0.645
0.678
0.735
0.666
0.575
0.623
0.657
0.712
0.663
0.684
0.702
0.725
0.726
0.721
0.737
0.725
0.788
0.831
0.711
0.814
0.743
0.758
0.629
0.559
0.600
0.631
0.676
0.662
0.670
0.669
0.652
0.603
0.678
0.783
0.707
0.721
0.737
0.721
0.730
0.720
0.690
0.655
0.729
0.768
0.676
0.673
0.815
0.719
0.695
0.680
0.740
0.792
0.688
0.703
0.736
0.881
0.802
0.773
0.918
0.895
0.916
0.945
0.848
0.862
0.834
0.858
0.769
0.767
0.850
0.849
0.902
0.925
0.963
0.956
0.973
0.977
0.942
0.861
0.801
0.840
0.969
0.974
0.977
0.980
0.908
0.851
0.832
0.808
0.925
0.927
0.968
0.938
0.933
0.960
0.971
0.892
0.941
0.849
0.940
0.974
0.963
0.975
0.963
0.952
0.948
0.970
0.967
0.969
0.958
0.937
0.922
0.972
0.938
0.905
0.860
0.940
0.964
0.904
0.899
0.908
0.950
0.940
0.834
0.904
0.945
0.896
0.969
0.870
0.889
0.884
0.909
0.963
0.864
0.957
0.949
0.925
0.899
0.860
0.951
0.906
0.941
0.914
0.937
0.950
0.897
0.920
0.968
0.910
0.856
0.964
0.957
0.953
0.952
0.937
0.936
0.872
0.890
0.960
0.826
0.939
0.974
0.950
0.851
0.938
0.911
0.871
0.893
0.932
0.835
0.791
0.834
0.818
0.801
0.819
0.903
0.839
0.962
0.980
0.982
0.938
0.967
0.974
0.930
0.968
0.940
0.924
0.952
0.978
0.960
0.939
0.915
0.916
0.872
0.861
0.898
0.905
0.920
0.958
0.950
0.933
0.960
0.907
0.946
0.923
0.923
0.867
0.858
0.867
0.855
0.848
0.873
0.842
0.818
0.823
0.874
0.851
0.842
0.820
0.796
0.794
0.807
0.789
0.747
0.712
0.758
0.780
0.788
0.852
0.777
0.806
0.786
0.921
0.933
0.802
0.743
0.886
0.782
0.765
0.786
0.773
0.771
0.862
0.739
0.785
0.785
0.781
0.836
0.773
0.795
0.803
0.814
0.808
0.784
0.763
0.736
0.742
0.677
0.672
0.674
0.674
0.660
0.689
0.661
0.605
0.606
0.647
0.698
0.812
0.749
0.698
0.704
0.635
0.651
0.597
0.653
0.757
0.767
0.845
0.774
0.762
0.804
0.702
0.734
0.721
0.654
0.563
0.534
0.548
0.664
0.705
0.686
0.669
0.639
0.649
0.613
0.603
0.592
0.602
0.630
0.630
0.623
0.574
0.580
0.643
0.665
0.607
0.652
0.685
0.667
0.654
0.651
0.569
0.593
0.665
0.666
0.681
0.663
0.654
0.660
0.587
0.516
0.546
0.554
0.568
0.592
0.612
0.634
0.658
0.624
0.604
0.638
0.669
0.659
0.673
0.652
0.731
0.722
0.690
0.705
0.711
0.727
0.768
0.847
0.865
0.807
0.766
0.855
0.861
0.834
0.797
0.748
0.752
0.798
0.756
0.781
0.899
0.882
0.847
0.809
0.910
0.836
0.866
0.918
0.940
0.923
0.942
0.898
0.851
0.827
0.811
0.892
0.810
0.753
0.704
0.721
0.703
0.719
0.770
0.714
0.697
0.719
0.817
0.864
0.851
0.874
0.879
0.917
0.922
0.872
0.926
0.903
0.888
0.876
0.833
0.845
0.879
0.900
0.819
0.829
0.855
0.854
0.860
0.920
0.906
0.857
0.917
0.916
0.901
0.883
0.920
0.925
0.916
0.887
0.908
0.837
0.879
0.858
0.944
0.865
0.884
0.830
0.840
0.831
0.779
0.770
0.751
0.787
0.755
0.787
0.852
0.809
0.833
0.767
0.745
0.744
0.774
0.863
0.859
0.846
0.852
0.825
0.876
0.759
0.873
0.842
0.796
0.782
0.790
0.828
0.780
0.762
0.760
0.779
0.777
0.720
0.753
0.760
0.874
0.820
0.735
0.844
0.795
0.780
0.795
0.901
0.827
0.878
0.962
0.917
0.922
0.923
0.840
0.804
0.932
0.968
0.873
0.851
0.900
0.880
0.903
0.803
0.837
0.909
0.775
0.806
0.874
0.972
0.970
0.936
0.924
0.958
0.964
0.962
0.958
0.959
0.944
0.966
0.891
0.934
0.872
0.930
0.940
0.861
0.907
0.966
0.949
0.891
0.891
0.957
0.943
0.958
0.969
0.878
0.912
0.869
0.941
0.920
0.933
0.877
0.934
0.958
0.860
0.873
0.889
0.960
0.871
0.821
0.944
0.913
0.900
0.881
0.897
0.878
0.936
0.967
0.966
0.939
0.973
0.950
0.859
0.932
0.890
0.877
0.850
0.930
0.939
0.840
0.811
0.843
0.816
0.843
0.817
0.839
0.823
0.809
0.892
0.854
0.931
0.842
0.870
0.795
0.868
0.803
0.814
0.847
0.784
0.770
0.762
0.794
0.914
0.924
0.913
0.896
0.930
0.965
0.940
0.841
0.856
0.902
0.925
0.946
0.927
0.909
0.847
0.842
0.807
0.842
0.777
0.879
0.888
0.825
0.765
0.766
0.767
0.780
0.754
0.762
0.745
0.753
0.749
0.815
0.711
0.719
0.726
0.860
0.815
0.742
0.784
0.866
0.709
0.651
0.695
0.736
0.756
0.713
0.802
0.758
0.716
0.687
0.713
0.679
0.674
0.677
0.814
0.752
0.728
0.690
0.738
0.759
0.721
0.721
0.700
0.700
0.719
0.723
0.703
0.685
0.615
0.665
0.717
0.789
0.851
0.703
0.764
0.746
0.689
0.662
0.623
0.713
0.798
0.767
0.740
0.706
0.664
0.676
0.701
0.716
0.652
0.643
0.745
0.742
0.669
0.654
0.676
0.736
0.698
0.688
0.690
0.655
0.669
0.646
0.662
0.672
0.679
0.681
0.661
0.569
0.567
0.649
0.696
0.754
0.744
0.666
0.634
0.593
0.570
0.576
0.593
0.655
0.690
0.676
0.677
0.708
0.744
0.768
0.710
0.700
0.688
0.685
0.667
0.650
0.630
0.662
0.649
0.673
0.838
0.747
0.676
0.708
0.686
0.718
0.679
0.704
0.646
0.728
0.705
0.634
0.639
0.682
0.667
0.670
0.666
0.667
0.677
0.675
0.661
0.649
0.631
0.627
0.607
0.685
0.711
0.705
0.683
0.704
0.689
0.700
0.679
0.686
0.678
0.675
0.642
0.668
0.666
0.661
0.676
0.657
0.649
0.631
0.625
0.639
0.664
0.682
0.654
0.661
0.737
0.678
0.722
0.673
0.645
0.620
0.677
0.688
0.712
0.740
0.734
0.690
0.705
0.700
0.697
0.682
0.698
0.655
0.613
0.587
0.623
0.624
0.717
0.716
0.627
0.595
0.713
0.783
0.714
0.703
0.693
0.706
0.737
0.776
0.748
0.756
0.763
0.803
0.770
0.747
0.718
0.742
0.769
0.787
0.817
0.935
0.876
0.876
0.896
0.812
0.770
0.761
0.798
0.794
0.773
0.817
0.785
0.804
0.764
0.730
0.705
0.748
0.787
0.826
0.829
0.794
0.904
0.962
0.971
0.969
0.963
0.876
0.803
0.926
0.798
0.798
0.778
0.784
0.943
0.895
0.886
0.799
0.834
0.794
0.788
0.783
0.817
0.900
0.820
0.838
0.809
0.855
0.963
0.848
0.769
0.803
0.806
0.957
0.962
0.909
0.886
0.850
0.855
0.819
0.801
0.775
0.724
0.716
0.743
0.726
0.807
0.786
0.783
0.758
0.785
0.964
0.880
0.781
0.879
0.904
0.846
0.848
0.883
0.920
0.903
0.784
0.944
0.809
0.954
0.803
0.852
0.772
0.825
0.856
0.894
0.861
0.756
0.949
0.906
0.902
0.975
0.925
0.818
0.797
0.794
0.868
0.779
0.777
0.765
0.820
0.795
0.812
0.828
0.811
0.807
0.800
0.772
0.751
0.766
0.862
0.964
0.916
0.940
0.806
0.738
0.748
0.767
0.772
0.761
0.694
0.727
0.825
0.799
0.756
0.727
0.704
0.699
0.718
0.863
0.764
0.768
0.813
0.722
0.740
0.775
0.715
0.632
0.610
0.604
0.671
0.703
0.723
0.727
0.638
0.607
0.728
0.713
0.691
0.663
0.733
0.738
0.712
0.644
0.614
0.542
0.537
0.694
0.834
0.758
0.744
0.749
0.809
0.729
0.756
0.801
0.852
0.762
0.753
0.730
0.743
0.708
0.689
0.645
0.645
0.705
0.672
0.676
0.691
0.709
0.807
0.831
0.752
0.674
0.662
0.669
0.672
0.709
0.741
0.902
0.741
0.708
0.733
0.702
0.752
0.732
0.704
0.728
0.709
0.683
0.686
0.687
0.767
0.731
0.693
0.694
0.691
0.640
0.584
0.562
0.595
0.634
0.631
0.815
0.731
0.673
0.646
0.634
0.630
0.632
0.621
0.624
0.636
0.598
0.607
0.652
0.658
0.619
0.599
0.574
0.570
0.533
0.548
0.699
0.715
0.657
0.676
0.695
0.663
0.674
0.643
0.647
0.722
0.665
0.675
0.704
0.691
0.697
0.669
0.676
0.661
0.602
0.631
0.683
0.676
0.660
0.664
0.692
0.684
0.677
0.687
0.712
0.674
0.647
0.575
0.585
0.629
0.657
0.652
0.684
0.755
0.705
0.654
0.651
0.681
0.680
0.766
0.676
0.671
0.700
0.687
0.685
0.657
0.661
0.693
0.685
0.675
0.651
0.650
0.776
0.769
0.711
0.640
0.647
0.688
0.683
0.687
0.675
0.623
0.692
0.709
0.754
0.694
0.593
0.592
0.611
0.578
0.591
0.588
0.548
0.572
0.577
0.479
0.503
0.639
0.695
0.631
0.587
0.599
0.656
0.773
0.788
0.851
0.763
0.730
0.825
0.741
0.765
0.739
0.739
0.782
0.802
0.713
0.744
0.717
0.694
0.709
0.708
0.714
0.742
0.725
0.795
0.715
0.797
0.706
0.741
0.680
0.833
0.829
0.817
0.848
0.803
0.749
0.757
0.759
0.790
0.766
0.784
0.786
0.865
0.782
0.833
0.789
0.953
0.907
0.780
0.933
0.930
0.968
0.953
0.889
0.930
0.944
0.898
0.954
0.870
0.950
0.955
0.874
0.788
0.823
0.919
0.892
0.895
0.842
0.810
0.830
0.786
0.787
0.781
0.791
0.798
0.795
0.958
0.951
0.958
0.969
0.950
0.901
0.942
0.942
0.911
0.917
0.937
0.893
0.857
0.845
0.854
0.956
0.966
0.958
0.959
0.969
0.956
0.944
0.852
0.879
0.938
0.931
0.953
0.948
0.969
0.907
0.947
0.961
0.961
0.954
0.868
0.963
0.962
0.973
0.909
0.902
0.852
0.934
0.859
0.851
0.963
0.957
0.942
0.969
0.974
0.906
0.868
0.933
0.965
0.932
0.882
0.869
0.977
0.885
0.958
0.864
0.922
0.826
0.825
0.887
0.865
0.795
0.936
0.974
0.883
0.932
0.968
0.882
0.906
0.901
0.919
0.923
0.851
0.896
0.968
0.951
0.962
0.897
0.959
0.879
0.864
0.906
0.840
0.908
0.871
0.878
0.822
0.873
0.889
0.827
0.842
0.844
0.840
0.811
0.955
0.931
0.883
0.935
0.854
0.954
0.944
0.949
0.827
0.808
0.812
0.901
0.907
0.936
0.957
0.807
0.778
0.820
0.919
0.845
0.806
0.866
0.900
0.824
0.889
0.845
0.808
0.791
0.858
0.879
0.833
0.817
0.813
0.791
0.886
0.765
0.785
0.778
0.792
0.777
0.785
0.740
0.760
0.813
0.889
0.762
0.755
0.757
0.733
0.730
0.702
0.677
0.717
0.728
0.770
0.785
0.764
0.743
0.713
0.745
0.732
0.742
0.748
0.730
0.712
0.715
0.768
0.706
0.686
0.701
0.714
0.760
0.768
0.646
0.590
0.570
0.658
0.706
0.688
0.683
0.711
0.703
0.689
0.697
0.680
0.710
0.697
0.697
0.664
0.698
0.688
0.672
0.698
0.834
0.690
0.801
0.795
0.700
0.673
0.692
0.665
0.693
0.621
0.541
0.517
0.617
0.665
0.672
0.685
0.709
0.724
0.878
0.836
0.733
0.793
0.832
0.765
0.727
0.706
0.686
0.691
0.720
0.699
0.671
0.641
0.656
0.680
0.714
0.712
0.712
0.679
0.669
0.682
0.667
0.659
0.679
0.640
0.617
0.573
0.551
0.604
0.647
0.674
0.622
0.639
0.610
0.647
0.644
0.649
0.676
0.662
0.730
0.738
0.711
0.671
0.723
0.760
0.686
0.655
0.658
0.621
0.616
0.614
0.613
0.693
0.648
0.633
0.677
0.676
0.694
0.693
0.709
0.708
0.682
0.732
0.689
0.681
0.612
0.653
0.651
0.684
0.714
0.699
0.712
0.718
0.713
0.706
0.717
0.652
0.715
0.679
0.643
0.677
0.724
0.754
0.695
0.693
0.623
0.624
0.627
0.621
0.627
0.655
0.680
0.687
0.639
0.676
0.710
0.695
0.798
0.914
0.799
0.867
0.843
0.879
0.825
0.792
0.794
0.833
0.850
0.862
0.809
0.851
0.773
0.847
0.832
0.753
0.738
0.740
0.761
0.856
0.824
0.739
0.747
0.779
0.898
0.902
0.862
0.780
0.800
0.957
0.823
0.779
0.735
0.746
0.744
0.745
0.730
0.730
0.823
0.852
0.912
0.934
0.895
0.860
0.848
0.820
0.848
0.780
0.911
0.929
0.941
0.910
0.795
0.813
0.793
0.796
0.911
0.918
0.942
0.905
0.797
0.826
0.862
0.911
0.806
0.893
0.860
0.957
0.900
0.887
0.947
0.952
0.910
0.868
0.835
0.961
0.954
0.864
0.806
0.859
0.945
0.941
0.931
0.866
0.934
0.948
0.979
0.970
0.970
0.882
0.945
0.897
0.844
0.938
0.905
0.836
0.822
0.900
0.956
0.948
0.966
0.874
0.907
0.945
0.964
0.967
0.835
0.845
0.975
0.953
0.966
0.942
0.946
0.957
0.910
0.936
0.897
0.854
0.866
0.864
0.896
0.890
0.830
0.957
0.845
0.883
0.843
0.890
0.858
0.820
0.817
0.958
0.879
0.871
0.851
0.876
0.873
0.861
0.831
0.808
0.817
0.877
0.860
0.959
0.891
0.861
0.938
0.959
0.834
0.911
0.842
0.886
0.889
0.911
0.881
0.872
0.955
0.861
0.897
0.891
0.832
0.860
0.818
0.832
0.868
0.786
0.792
0.778
0.773
0.859
0.779
0.856
0.791
0.753
0.726
0.763
0.784
0.812
0.734
0.758
0.793
0.821
0.721
0.674
0.726
0.693
0.695
0.656
0.650
0.727
0.780
0.882
0.765
0.764
0.799
0.758
0.733
0.750
0.724
0.691
0.687
0.728
0.740
0.735
0.729
0.693
0.653
0.723
0.702
0.747
0.838
0.746
0.762
0.721
0.807
0.779
0.704
0.682
0.756
0.738
0.813
0.716
0.741
0.923
0.735
0.658
0.620
0.597
0.551
0.599
0.739
0.847
0.754
0.708
0.640
0.673
0.665
0.643
0.685
0.712
0.713
0.711
0.700
0.591
0.683
0.612
0.579
0.551
0.585
0.631
0.643
0.614
0.536
0.460
0.497
0.587
0.667
0.691
0.646
0.608
0.571
0.609
0.619
0.586
0.611
0.654
0.607
0.546
0.550
0.517
0.604
0.658
0.662
0.657
0.724
0.754
0.698
0.680
0.687
0.687
0.666
0.669
0.697
0.702
0.718
0.684
0.719
0.750
0.673
0.703
0.695
0.677
0.690
0.677
0.678
0.692
0.704
0.699
0.666
0.691
0.688
0.645
0.604
0.687
0.631
0.626
0.643
0.634
0.648
0.661
0.672
0.685
0.653
0.661
0.723
0.790
0.677
0.695
0.665
0.768
0.672
0.684
0.644
0.762
0.743
0.719
0.705
0.731
0.737
0.712
0.719
0.681
0.783
0.713
0.780
0.726
0.699
0.696
0.651
0.638
0.651
0.678
0.697
0.740
0.670
0.683
0.696
0.783
0.717
0.691
0.698
0.681
0.671
0.662
0.643
0.797
0.689
0.762
0.724
0.717
0.762
0.885
0.813
0.761
0.847
0.775
0.788
0.722
0.822
0.791
0.833
0.814
0.833
0.866
0.855
0.830
0.921
0.903
0.829
0.791
0.807
0.922
0.964
0.945
0.925
0.961
0.960
0.980
0.983
0.966
0.921
0.837
0.894
0.922
0.860
0.898
0.960
0.967
0.976
0.964
0.962
0.841
0.808
0.923
0.951
0.957
0.812
0.815
0.832
0.813
0.793
0.804
0.772
0.793
0.780
0.959
0.959
0.913
0.956
0.967
0.970
0.973
0.970
0.966
0.887
0.959
0.908
0.908
0.883
0.845
0.952
0.965
0.952
0.849
0.877
0.955
0.962
0.951
0.928
0.963
0.952
0.910
0.886
0.891
0.856
0.930
0.859
0.950
0.851
0.821
0.863
0.855
0.956
0.974
0.847
0.881
0.894
0.937
0.965
0.976
0.921
0.830
0.875
0.868
0.874
0.953
0.874
0.971
0.976
0.902
0.932
0.856
0.844
0.837
0.842
0.976
0.972
0.960
0.961
0.852
0.949
0.895
0.846
0.886
0.961
0.972
0.967
0.874
0.920
0.918
0.945
0.964
0.874
0.837
0.846
0.843
0.960
0.927
0.879
0.963
0.858
0.925
0.949
0.947
0.893
0.884
0.965
0.973
0.943
0.933
0.862
0.860
0.875
0.899
0.904
0.850
0.855
0.867
0.802
0.857
0.819
0.883
0.938
0.863
0.947
0.958
0.813
0.819
0.920
0.939
0.913
0.850
0.843
0.841
0.852
0.873
0.819
0.829
0.818
0.787
0.879
0.767
0.783
0.832
0.762
0.761
0.768
0.785
0.758
0.760
0.769
0.820
0.809
0.778
0.758
0.754
0.728
0.734
0.705
0.762
0.872
0.815
0.774
0.855
0.723
0.736
0.752
0.751
0.701
0.696
0.677
0.616
0.587
0.676
0.704
0.690
0.667
0.672
0.687
0.707
0.736
0.710
0.727
0.717
0.813
0.760
0.731
0.682
0.664
0.696
0.714
0.692
0.761
0.713
0.680
0.690
0.607
0.588
0.457
0.476
0.491
0.552
0.602
0.693
0.709
0.691
0.684
0.717
0.743
0.740
0.668
0.598
0.500
0.498
0.551
0.596
0.574
0.595
0.577
0.588
0.641
0.695
0.657
0.644
0.635
0.616
0.647
0.648
0.673
0.660
0.662
0.656
0.637
0.636
0.648
0.611
0.621
0.587
0.634
0.680
0.672
0.668
0.726
0.717
0.701
0.700
0.668
0.704
0.737
0.746
0.618
0.613
0.620
0.602
0.649
0.652
0.665
0.707
0.752
0.777
0.759
0.830
0.735
0.698
0.712
0.727
0.682
0.654
0.675
0.683
0.724
0.736
0.730
0.711
0.780
0.847
0.824
0.805
0.796
0.774
0.818
0.747
0.731
0.768
0.857
0.812
0.798
0.849
0.750
0.721
0.674
0.669
0.615
0.598
0.635
0.620
0.647
0.745
0.781
0.709
0.694
0.679
0.716
0.696
0.887
0.770
0.698
0.826
0.752
0.725
0.669
0.605
0.581
0.638
0.694
0.654
0.735
0.771
0.754
0.762
0.732
0.734
0.721
0.722
0.756
0.806
0.804
0.782
0.758
0.734
0.707
0.775
0.891
0.825
0.892
0.897
0.920
0.799
0.858
0.901
0.904
0.929
0.886
0.815
0.852
0.800
0.801
0.889
0.836
0.850
0.817
0.854
0.887
0.786
0.754
0.833
0.867
0.830
0.953
0.883
0.918
0.909
0.972
0.972
0.960
0.886
0.831
0.904
0.928
0.897
0.888
0.886
0.963
0.969
0.966
0.849
0.846
0.886
0.973
0.958
0.880
0.930
0.944
0.867
0.839
0.830
0.862
0.832
0.871
0.937
0.884
0.852
0.796
0.747
0.780
0.713
0.753
0.821
0.820
0.790
0.818
0.969
0.832
0.832
0.807
0.803
0.925
0.830
0.859
0.867
0.830
0.712
0.767
0.781
0.868
0.800
0.965
0.866
0.854
0.902
0.948
0.860
0.828
0.886
0.845
0.911
0.958
0.942
0.913
0.857
0.802
0.796
0.845
0.871
0.854
0.869
0.935
0.847
0.871
0.955
0.909
0.901
0.839
0.924
0.842
0.895
0.959
0.872
0.882
0.856
0.817
0.806
0.938
0.968
0.934
0.962
0.836
0.825
0.965
0.971
0.943
0.883
0.836
0.965
0.969
0.875
0.952
0.941
0.844
0.823
0.819
0.796
0.810
0.818
0.817
0.843
0.833
0.879
0.858
0.779
0.809
0.811
0.824
0.841
0.803
0.768
0.751
0.693
0.647
0.613
0.685
0.738
0.774
0.728
0.709
0.759
0.743
0.704
0.730
0.745
0.692
0.639
0.693
0.724
0.734
0.735
0.776
0.728
0.707
0.700
0.617
0.608
0.722
0.808
0.786
0.819
0.782
0.867
0.774
0.730
0.704
0.697
0.712
0.646
0.635
0.583
0.778
0.658
0.682
0.649
0.647
0.634
0.572
0.566
0.626
0.595
0.564
0.582
0.575
0.629
0.705
0.707
0.665
0.651
0.704
0.704
0.708
0.622
0.561
0.507
0.562
0.608
0.670
0.686
0.674
0.693
0.711
0.729
0.737
0.692
0.678
0.812
0.675
0.736
0.674
0.593
0.625
0.646
0.571
0.471
0.473
0.458
0.486
0.408
0.445
0.528
0.563
0.607
0.581
0.580
0.566
0.590
0.655
0.637
0.656
0.620
0.603
0.626
0.704
0.741
0.828
0.706
0.726
0.735
0.711
0.745
0.742
0.714
0.783
0.745
0.812
0.731
0.681
0.664
0.605
0.613
0.621
0.593
0.573
0.506
0.539
0.637
0.717
0.639
0.701
0.668
0.644
0.673
0.640
0.625
0.686
0.732
0.825
0.694
0.645
0.669
0.678
0.665
0.673
0.671
0.787
0.823
0.715
0.676
0.664
0.679
0.655
0.642
0.570
0.538
0.533
0.534
0.555
0.550
0.588
0.669
0.628
0.647
0.702
0.646
0.629
0.617
0.729
0.700
0.704
0.783
0.677
0.653
0.680
0.696
0.715
0.686
0.689
0.696
0.684
0.675
0.653
0.660
0.635
0.747
0.664
0.645
0.662
0.684
0.650
0.638
0.690
0.724
0.686
0.688
0.657
0.679
0.677
0.682
0.611
0.557
0.753
0.809
0.655
0.716
0.728
0.743
0.681
0.692
0.687
0.746
0.723
0.748
0.832
0.735
0.666
0.698
0.700
0.725
0.751
0.716
0.685
0.685
0.731
0.692
0.833
0.726
0.794
0.814
0.776
0.699
0.657
0.669
0.726
0.693
0.671
0.641
0.667
0.768
0.789
0.735
0.710
0.699
0.789
0.961
0.963
0.950
0.823
0.864
0.781
0.730
0.771
0.745
0.939
0.964
0.751
0.737
0.836
0.977
0.806
0.816
0.773
0.814
0.753
0.768
0.910
0.716
0.682
0.778
0.764
0.820
0.840
0.911
0.971
0.956
0.957
0.965
0.958
0.842
0.780
0.777
0.854
0.848
0.832
0.864
0.906
0.777
0.805
0.782
0.804
0.774
0.839
0.882
0.764
0.835
0.870
0.937
0.849
0.807
0.851
0.878
0.839
0.772
0.785
0.805
0.903
0.839
0.832
0.834
0.873
0.912
0.784
0.772
0.773
0.836
0.787
0.769
0.905
0.773
0.789
0.885
0.965
0.973
0.974
0.935
0.910
0.866
0.946
0.805
0.827
0.789
0.749
0.821
0.934
0.914
0.930
0.814
0.895
0.789
0.822
0.962
0.806
0.952
0.903
0.903
0.901
0.906
0.890
0.823
0.776
0.917
0.951
0.841
0.745
0.830
0.736
0.788
0.805
0.800
0.927
0.936
0.849
0.844
0.751
0.765
0.879
0.877
0.791
0.775
0.822
0.830
0.764
0.768
0.857
0.793
0.722
0.734
0.747
0.753
0.779
0.706
0.741
0.874
0.836
0.922
0.751
0.717
0.735
0.732
0.730
0.753
0.809
0.905
0.773
0.709
0.729
0.901
0.725
0.682
0.700
0.653
0.642
0.713
0.709
0.714
0.668
0.563
0.628
0.680
0.739
0.713
0.746
0.757
0.807
0.723
0.695
0.728
0.703
0.762
0.689
0.656
0.632
0.678
0.642
0.668
0.662
0.630
0.658
0.636
0.563
0.597
0.579
0.607
0.652
0.687
0.650
0.701
0.671
0.632
0.596
0.627
0.664
0.623
0.650
0.731
0.844
0.696
0.672
0.626
0.609
0.593
0.608
0.569
0.601
0.630
0.647
0.610
0.568
0.608
0.638
0.625
0.623
0.647
0.646
0.704
0.591
0.596
0.558
0.609
0.621
0.630
0.671
0.722
0.769
0.686
0.623
0.675
0.672
0.695
0.675
0.695
0.647
0.643
0.640
0.626
0.667
0.652
0.668
0.679
0.694
0.699
0.624
0.652
0.723
0.644
0.644
0.670
0.681
0.814
0.687
0.693
0.700
0.672
0.711
0.720
0.717
0.702
0.656
0.635
0.681
0.647
0.646
0.698
0.726
0.695
0.788
0.794
0.641
0.804
0.709
0.719
0.707
0.656
0.763
0.635
0.710
0.770
0.738
0.731
0.756
0.634
0.632
0.647
0.675
0.628
0.613
0.619
0.717
0.660
0.597
0.614
0.646
0.643
0.589
0.580
0.594
0.680
0.698
0.669
0.624
0.675
0.681
0.699
0.636
0.631
0.682
0.744
0.794
0.726
0.654
0.787
0.643
0.705
0.699
0.712
0.699
0.703
0.710
0.694
0.696
0.682
0.823
0.720
0.729
0.693
0.715
0.668
0.729
0.678
0.703
0.716
0.853
0.823
0.696
0.669
0.680
0.661
0.677
0.656
0.726
0.684
0.720
0.739
0.792
0.746
0.819
0.729
0.788
0.907
0.894
0.783
0.913
0.754
0.735
0.907
0.946
0.914
0.783
0.760
0.792
0.779
0.730
0.824
0.848
0.845
0.955
0.827
0.817
0.864
0.822
0.740
0.702
0.830
0.934
0.885
0.849
0.825
0.806
0.808
0.775
0.777
0.733
0.784
0.786
0.933
0.824
0.781
0.826
0.774
0.854
0.834
0.950
0.834
0.834
0.849
0.802
0.767
0.842
0.896
0.781
0.830
0.794
0.757
0.762
0.735
0.747
0.869
0.787
0.889
0.862
0.738
0.732
0.786
0.705
0.752
0.802
0.850
0.961
0.832
0.740
0.730
0.744
0.814
0.959
0.931
0.900
0.812
0.913
0.969
0.974
0.965
0.855
0.797
0.859
0.836
0.951
0.898
0.759
0.901
0.824
0.901
0.734
0.727
0.756
0.781
0.755
0.757
0.812
0.748
0.840
0.964
0.891
0.859
0.751
0.776
0.734
0.803
0.724
0.770
0.888
0.790
0.742
0.779
0.944
0.967
0.906
0.895
0.958
0.810
0.840
0.769
0.885
0.865
0.866
0.779
0.956
0.750
0.804
0.733
0.804
0.801
0.924
0.778
0.739
0.752
0.746
0.731
0.698
0.838
0.890
0.860
0.932
0.785
0.764
0.778
0.792
0.649
0.711
0.907
0.849
0.839
0.908
0.765
0.662
0.777
0.731
0.690
0.719
0.707
0.677
0.899
0.960
0.770
0.749
0.753
0.945
0.786
0.899
0.875
0.775
0.689
0.696
0.712
0.733
0.742
0.660
0.619
0.566
0.678
0.897
0.708
0.648
0.656
0.690
0.736
0.721
0.854
0.720
0.694
0.666
0.614
0.663
0.703
0.737
0.705
0.699
0.688
0.669
0.610
0.555
0.509
0.627
0.678
0.656
0.621
0.629
0.614
0.634
0.636
0.644
0.655
0.659
0.620
0.608
0.593
0.639
0.675
0.671
0.677
0.639
0.628
0.679
0.740
0.754
0.711
0.709
0.673
0.641
0.590
0.596
0.560
0.579
0.580
0.602
0.614
0.783
0.771
0.683
0.608
0.678
0.781
0.675
0.694
0.785
0.804
0.663
0.662
0.675
0.711
0.727
0.705
0.708
0.764
0.925
0.893
0.775
0.782
0.916
0.867
0.886
0.783
0.734
0.711
0.716
0.662
0.564
0.528
0.626
0.682
0.611
0.621
0.626
0.581
0.556
0.603
0.790
0.678
0.713
0.546
0.433
0.506
0.538
0.611
0.640
0.641
0.639
0.700
0.663
0.661
0.782
0.844
0.900
0.786
0.788
0.708
0.790
0.894
0.840
0.888
0.937
0.759
0.712
0.729
0.727
0.687
0.701
0.718
0.764
0.691
0.677
0.711
0.783
0.751
0.730
0.679
0.701
0.665
0.625
0.597
0.586
0.616
0.629
0.666
0.717
0.709
0.694
0.783
0.825
0.749
0.900
0.826
0.835
0.825
0.789
0.754
0.842
0.904
0.795
0.763
0.750
0.794
0.745
0.765
0.769
0.856
0.943
0.846
0.864
0.924
0.919
0.887
0.842
0.900
0.941
0.941
0.943
0.902
0.775
0.648
0.616
0.815
0.938
0.971
0.879
0.809
0.889
0.870
0.880
0.892
0.935
0.964
0.943
0.946
0.952
0.945
0.868
0.797
0.790
0.934
0.966
0.969
0.855
0.924
0.894
0.812
0.774
0.754
0.816
0.903
0.949
0.875
0.847
0.821
0.783
0.782
0.763
0.821
0.882
0.901
0.804
0.784
0.815
0.949
0.966
0.968
0.976
0.954
0.944
0.900
0.871
0.958
0.834
0.967
0.979
0.964
0.911
0.949
0.884
0.914
0.855
0.883
0.873
0.963
0.975
0.964
0.929
0.948
0.955
0.955
0.948
0.976
0.923
0.912
0.851
0.916
0.872
0.849
0.929
0.975
0.925
0.932
0.968
0.974
0.910
0.839
0.825
0.926
0.950
0.902
0.902
0.869
0.850
0.953
0.969
0.947
0.870
0.851
0.951
0.976
0.979
0.971
0.955
0.888
0.946
0.970
0.960
0.962
0.884
0.931
0.880
0.862
0.899
0.950
0.959
0.920
0.889
0.974
0.965
0.899
0.882
0.913
0.878
0.929
0.920
0.849
0.915
0.900
0.851
0.892
0.853
0.966
0.909
0.858
0.859
0.940
0.952
0.956
0.974
0.962
0.963
0.972
0.955
0.957
0.963
0.937
0.967
0.964
0.958
0.956
0.948
0.937
0.964
0.872
0.888
0.860
0.856
0.926
0.952
0.940
0.897
0.854
0.867
0.837
0.850
0.793
0.773
0.792
0.799
0.853
0.837
0.936
0.942
0.855
0.868
0.842
0.888
0.942
0.856
0.812
0.828
0.787
0.799
0.800
0.796
0.822
0.846
0.813
0.806
0.790
0.780
0.829
0.828
0.775
0.729
0.724
0.732
0.664
0.664
0.663
0.734
0.848
0.699
0.618
0.590
0.601
0.632
0.707
0.720
0.774
0.863
0.754
0.735
0.730
0.741
0.800
0.785
0.726
0.739
0.712
0.721
0.706
0.670
0.591
0.587
0.623
0.619
0.624
0.635
0.675
0.692
0.662
0.645
0.734
0.795
0.873
0.951
0.842
0.877
0.907
0.766
0.706
0.691
0.722
0.754
0.717
0.759
0.798
0.722
0.638
0.651
0.708
0.627
0.625
0.656
0.743
0.781
0.760
0.829
0.743
0.720
0.698
0.712
0.825
0.776
0.754
0.758
0.833
0.800
0.727
0.855
0.731
0.710
0.686
0.693
0.687
0.744
0.743
0.717
0.701
0.672
0.693
0.693
0.716
0.666
0.624
0.731
0.736
0.667
0.626
0.638
0.668
0.673
0.666
0.684
0.728
0.678
0.689
0.780
0.672
0.677
0.682
0.772
0.692
0.689
0.706
0.709
0.724
0.694
0.781
0.693
0.731
0.675
0.701
0.719
0.700
0.669
0.640
0.680
0.809
0.681
0.649
0.652
0.713
0.844
0.884
0.783
0.816
0.772
0.734
0.715
0.791
0.900
0.748
0.723
0.721
0.705
0.732
0.725
0.735
0.881
0.877
0.800
0.833
0.764
0.723
0.723
0.777
0.825
0.776
0.756
0.750
0.741
0.781
0.823
0.758
0.762
0.775
0.783
0.878
0.799
0.760
0.815
0.785
0.762
0.758
0.799
0.796
0.955
0.852
0.910
0.855
0.806
0.872
0.851
0.900
0.929
0.824
0.724
0.723
0.718
0.678
0.680
0.708
0.718
0.718
0.718
0.734
0.804
0.726
0.710
0.658
0.728
0.746
0.808
0.789
0.826
0.938
0.751
0.728
0.751
0.833
0.884
0.931
0.780
0.759
0.816
0.792
0.860
0.966
0.964
0.967
0.934
0.916
0.951
0.967
0.967
0.881
0.840
0.926
0.938
0.846
0.846
0.896
0.874
0.964
0.883
0.838
0.813
0.970
0.969
0.928
0.943
0.967
0.975
0.968
0.944
0.896
0.951
0.930
0.943
0.941
0.955
0.951
0.898
0.882
0.844
0.881
0.970
0.952
0.964
0.952
0.969
0.962
0.977
0.970
0.961
0.914
0.966
0.961
0.904
0.920
0.966
0.969
0.925
0.847
0.922
0.900
0.920
0.880
0.840
0.964
0.866
0.976
0.936
0.955
0.965
0.862
0.966
0.978
0.953
0.870
0.927
0.964
0.942
0.866
0.851
0.861
0.939
0.938
0.935
0.862
0.844
0.873
0.965
0.843
0.851
0.930
0.965
0.951
0.851
0.849
0.805
0.822
0.824
0.837
0.792
0.724
0.845
0.797
0.797
0.784
0.760
0.828
0.830
0.920
0.899
0.894
0.811
0.800
0.943
0.793
0.799
0.800
0.829
0.768
0.751
0.763
0.772
0.735
0.722
0.702
0.734
0.803
0.750
0.730
0.815
0.965
0.969
0.901
0.901
0.862
0.794
0.760
0.725
0.722
0.713
0.678
0.680
0.732
0.818
0.855
0.901
0.844
0.872
0.773
0.762
0.791
0.756
0.710
0.687
0.680
0.714
0.743
0.761
0.738
0.722
0.846
0.724
0.688
0.688
0.687
0.683
0.682
0.661
0.686
0.679
0.698
0.750
0.752
0.682
0.720
0.764
0.751
0.714
0.713
0.663
0.681
0.641
0.710
0.707
0.732
0.737
0.751
0.779
0.707
0.883
0.879
0.894
0.791
0.806
0.769
0.804
0.775
0.697
0.722
0.726
0.721
0.719
0.747
0.688
0.715
0.771
0.751
0.773
0.774
0.769
0.756
0.793
0.700
0.740
0.895
0.861
0.875
0.902
0.925
0.883
0.894
0.928
0.941
0.852
0.840
0.761
0.755
0.842
0.782
0.752
0.768
0.891
0.903
0.923
0.907
0.826
0.813
0.750
0.721
0.676
0.711
0.830
0.719
0.656
0.653
0.680
0.693
0.676
0.693
0.734
0.722
0.765
0.810
0.852
0.821
0.859
0.816
0.790
0.777
0.748
0.722
0.796
0.814
0.752
0.661
0.625
0.674
0.680
0.706
0.805
0.754
0.707
0.780
0.797
0.792
0.874
0.858
0.774
0.772
0.746
0.749
0.761
0.747
0.715
0.695
0.708
0.777
0.882
0.882
0.769
0.731
0.658
0.756
0.726
0.716
0.753
0.739
0.911
0.774
0.786
0.796
0.893
0.945
0.949
0.931
0.890
0.780
0.755
0.763
0.726
0.778
0.728
0.704
0.764
0.724
0.811
0.856
0.766
0.753
0.737
0.757
0.741
0.869
0.909
0.844
0.807
0.782
0.778
0.783
0.897
0.845
0.973
0.866
0.808
0.746
0.828
0.953
0.918
0.923
0.849
0.946
0.952
0.858
0.843
0.840
0.958
0.974
0.945
0.900
0.944
0.922
0.937
0.839
0.842
0.879
0.953
0.957
0.927
0.858
0.925
0.972
0.973
0.884
0.936
0.896
0.884
0.846
0.956
0.959
0.968
0.973
0.909
0.863
0.975
0.913
0.891
0.975
0.954
0.955
0.875
0.969
0.977
0.977
0.896
0.951
0.965
0.938
0.959
0.966
0.943
0.972
0.980
0.965
0.871
0.917
0.965
0.967
0.894
0.907
0.886
0.961
0.970
0.884
0.858
0.886
0.912
0.861
0.928
0.847
0.909
0.927
0.833
0.934
0.918
0.858
0.902
0.943
0.954
0.976
0.942
0.917
0.963
0.864
0.962
0.914
0.896
0.878
0.879
0.810
0.843
0.845
0.822
0.875
0.971
0.937
0.906
0.979
0.967
0.889
0.950
0.959
0.956
0.949
0.894
0.974
0.943
0.969
0.908
0.936
0.885
0.896
0.869
0.906
0.927
0.842
0.801
0.810
0.831
0.878
0.918
0.884
0.942
0.903
0.958
0.832
0.827
0.794
0.787
0.769
0.889
0.899
0.828
0.762
0.822
0.799
0.784
0.760
0.769
0.736
0.737
0.762
0.753
0.838
0.759
0.762
0.761
0.764
0.732
0.748
0.869
0.938
0.908
0.879
0.788
0.826
0.737
0.767
0.833
0.855
0.817
0.764
0.772
0.900
0.804
0.908
0.798
0.742
0.769
0.713
0.732
0.733
0.748
0.728
0.735
0.690
0.641
0.635
0.622
0.624
0.646
0.693
0.709
0.742
0.691
0.712
0.778
0.721
0.713
0.744
0.736
0.739
0.700
0.685
0.686
0.689
0.736
0.773
0.843
0.766
0.747
0.802
0.800
0.841
0.749
0.734
0.738
0.689
0.720
0.702
0.672
0.647
0.557
0.596
0.663
0.659
0.678
0.697
0.723
0.733
0.784
0.728
0.686
0.649
0.688
0.737
0.687
0.646
0.606
0.628
0.602
0.623
0.700
0.703
0.688
0.719
0.673
0.654
0.615
0.595
0.636
0.619
0.581
0.582
0.627
0.713
0.769
0.639
0.572
0.554
0.554
0.532
0.617
0.690
0.668
0.632
0.674
0.701
0.701
0.779
0.720
0.705
0.719
0.753
0.700
0.849
0.754
0.800
0.793
0.790
0.770
0.899
0.839
0.846
0.746
0.783
0.734
0.701
0.736
0.781
0.662
0.674
0.691
0.693
0.678
0.652
0.834
0.764
0.850
0.774
0.816
0.890
0.821
0.769
0.749
0.866
0.713
0.714
0.688
0.750
0.761
0.697
0.688
0.729
0.766
0.723
0.687
0.700
0.686
0.736
0.781
0.835
0.828
0.839
0.725
0.790
0.783
0.872
0.758
0.757
0.791
0.783
0.719
0.755
0.790
0.842
0.785
0.722
0.688
0.782
0.724
0.683
0.707
0.697
0.671
0.655
0.726
0.694
0.711
0.687
0.713
0.705
0.736
0.850
0.748
0.799
0.846
0.906
0.938
0.894
0.732
0.855
0.831
0.844
0.752
0.777
0.780
0.916
0.861
0.722
0.678
0.921
0.793
0.732
0.760
0.732
0.720
0.847
0.923
0.775
0.760
0.776
0.861
0.844
0.919
0.936
0.952
0.873
0.776
0.764
0.772
0.774
0.740
0.776
0.835
0.917
0.850
0.817
0.808
0.955
0.803
0.965
0.831
0.952
0.926
0.845
0.964
0.969
0.961
0.814
0.817
0.953
0.973
0.951
0.868
0.796
0.788
0.796
0.822
0.783
0.813
0.938
0.860
0.795
0.854
0.874
0.971
0.955
0.799
0.931
0.926
0.893
0.830
0.875
0.809
0.837
0.822
0.929
0.952
0.867
0.829
0.832
0.805
0.916
0.932
0.949
0.963
0.897
0.865
0.875
0.915
0.964
0.860
0.858
0.884
0.909
0.856
0.792
0.791
0.869
0.802
0.802
0.806
0.952
0.959
0.883
0.822
0.931
0.926
0.843
0.863
0.912
0.940
0.969
0.915
0.741
0.766
0.788
0.866
0.780
0.740
0.933
0.839
0.842
0.784
0.861
0.829
0.793
0.763
0.780
0.827
0.935
0.838
0.883
0.959
0.867
0.856
0.965
0.851
0.829
0.883
0.964
0.953
0.818
0.892
0.793
0.788
0.813
0.804
0.726
0.783
0.879
0.841
0.786
0.746
0.751
0.707
0.655
0.727
0.731
0.716
0.943
0.853
0.931
0.838
0.809
0.781
0.744
0.753
0.715
0.730
0.721
0.719
0.725
0.691
0.716
0.780
0.955
0.885
0.801
0.724
0.711
0.711
0.757
0.744
0.702
0.774
0.791
0.904
0.748
0.716
0.732
0.692
0.651
0.734
0.778
0.797
0.841
0.692
0.649
0.695
0.751
0.751
0.697
0.630
0.707
0.847
0.861
0.706
0.695
0.694
0.718
0.754
0.706
0.706
0.691
0.691
0.639
0.641
0.663
0.689
0.676
0.634
0.639
0.656
0.659
0.608
0.625
0.647
0.642
0.665
0.791
0.722
0.711
0.751
0.820
0.687
0.650
0.735
0.681
0.661
0.670
0.698
0.627
0.641
0.680
0.683
0.659
0.736
0.688
0.804
0.704
0.708
0.640
0.641
0.669
0.657
0.727
0.809
0.726
0.700
0.680
0.721
0.740
0.693
0.742
0.793
0.842
0.915
0.923
0.934
0.926
0.895
0.813
0.864
0.839
0.840
0.893
0.926
0.951
0.925
0.892
0.928
0.923
0.940
0.923
0.897
0.937
0.904
0.791
0.775
0.739
0.729
0.733
0.904
0.728
0.806
0.787
0.751
0.717
0.726
0.763
0.756
0.734
0.736
0.756
0.707
0.758
0.710
0.734
0.745
0.629
0.680
0.732
0.730
0.699
0.752
0.809
0.752
0.754
0.794
0.871
0.879
0.790
0.789
0.762
0.744
0.748
0.692
0.678
0.643
0.656
0.678
0.706
0.686
0.689
0.711
0.853
0.739
0.704
0.714
0.727
0.707
0.766
0.723
0.785
0.808
0.760
0.736
0.729
0.770
0.727
0.732
0.745
0.811
0.852
0.780
0.952
0.898
0.845
0.814
0.786
0.768
0.802
0.845
0.904
0.822
0.897
0.852
0.853
0.795
0.778
0.841
0.824
0.798
0.788
0.809
0.750
0.869
0.870
0.822
0.935
0.902
0.920
0.888
0.893
0.832
0.803
0.952
0.945
0.820
0.893
0.968
0.869
0.921
0.958
0.942
0.830
0.825
0.817
0.918
0.926
0.942
0.974
0.957
0.978
0.952
0.893
0.918
0.861
0.840
0.801
0.904
0.940
0.924
0.951
0.935
0.960
0.970
0.968
0.973
0.941
0.962
0.963
0.962
0.959
0.928
0.903
0.976
0.966
0.961
0.970
0.971
0.908
0.900
0.948
0.964
0.977
0.962
0.951
0.969
0.963
0.906
0.912
0.858
0.861
0.963
0.941
0.970
0.973
0.937
0.919
0.879
0.956
0.902
0.904
0.923
0.971
0.932
0.900
0.872
0.948
0.977
0.964
0.972
0.974
0.958
0.930
0.947
0.932
0.955
0.967
0.916
0.906
0.968
0.968
0.959
0.940
0.901
0.921
0.974
0.976
0.942
0.951
0.896
0.948
0.969
0.913
0.852
0.865
0.879
0.888
0.878
0.852
0.845
0.856
0.958
0.950
0.971
0.972
0.887
0.869
0.843
0.933
0.923
0.957
0.931
0.880
0.908
0.957
0.865
0.849
0.886
0.868
0.889
0.940
0.964
0.944
0.920
0.895
0.963
0.936
0.899
0.896
0.893
0.863
0.905
0.936
0.869
0.850
0.849
0.823
0.793
0.756
0.778
0.824
0.790
0.810
0.829
0.795
0.768
0.805
0.773
0.792
0.782
0.773
0.796
0.800
0.858
0.764
0.809
0.750
0.751
0.731
0.748
0.825
0.896
0.798
0.758
0.815
0.775
0.793
0.788
0.835
0.768
0.750
0.757
0.751
0.726
0.787
0.704
0.715
0.688
0.713
0.684
0.625
0.588
0.606
0.615
0.672
0.729
0.735
0.752
0.716
0.709
0.676
0.652
0.664
0.721
0.727
0.709
0.802
0.723
0.681
0.683
0.665
0.665
0.617
0.642
0.680
0.687
0.707
0.680
0.686
0.672
0.700
0.710
0.683
0.645
0.670
0.702
0.747
0.709
0.672
0.673
0.684
0.708
0.653
0.692
0.671
0.739
0.698
0.650
0.668
0.701
0.718
0.798
0.703
0.660
0.616
0.625
0.625
0.690
0.685
0.663
0.687
0.706
0.652
0.659
0.682
0.668
0.670
0.679
0.611
0.644
0.677
0.628
0.595
0.611
0.714
0.746
0.677
0.738
0.708
0.649
0.790
0.718
0.782
0.798
0.812
0.680
0.632
0.656
0.690
0.719
0.751
0.716
0.701
0.683
0.567
0.610
0.713
0.756
0.722
0.655
0.623
0.624
0.616
0.628
0.676
0.692
0.686
0.646
0.634
0.632
0.634
0.634
0.641
0.642
0.633
0.691
0.652
0.809
0.717
0.706
0.673
0.677
0.754
0.698
0.729
0.805
0.819
0.828
0.847
0.863
0.885
0.915
0.860
0.863
0.848
0.785
0.759
0.744
0.769
0.793
0.778
0.754
0.813
0.928
0.795
0.807
0.823
0.781
0.797
0.794
0.754
0.908
0.808
0.767
0.793
0.785
0.758
0.752
0.749
0.724
0.777
0.908
0.848
0.722
0.837
0.932
0.957
0.970
0.974
0.944
0.847
0.924
0.968
0.897
0.961
0.951
0.957
0.949
0.962
0.925
0.863
0.884
0.949
0.935
0.925
0.933
0.936
0.912
0.826
0.921
0.944
0.936
0.953
0.960
0.853
0.966
0.861
0.894
0.932
0.853
0.929
0.941
0.872
0.889
0.959
0.976
0.963
0.968
0.903
0.974
0.980
0.972
0.924
0.885
0.941
0.934
0.900
0.925
0.972
0.940
0.945
0.923
0.943
0.929
0.971
0.893
0.970
0.890
0.899
0.939
0.971
0.962
0.972
0.973
0.968
0.904
0.934
0.899
0.852
0.884
0.873
0.950
0.939
0.960
0.848
0.962
0.906
0.880
0.885
0.886
0.925
0.945
0.890
0.934
0.910
0.970
0.968
0.930
0.964
0.971
0.916
0.903
0.957
0.914
0.918
0.897
0.961
0.919
0.965
0.961
0.856
0.969
0.907
0.909
0.940
0.977
0.935
0.975
0.974
0.902
0.874
0.884
0.939
0.922
0.866
0.887
0.933
0.857
0.951
0.940
0.886
0.960
0.882
0.888
0.892
0.846
0.922
0.826
0.938
0.900
0.909
0.857
0.879
0.924
0.866
0.814
0.794
0.799
0.781
0.806
0.798
0.883
0.872
0.816
0.817
0.849
0.800
0.797
0.779
0.822
0.832
0.832
0.937
0.886
0.784
0.875
0.910
0.800
0.815
0.823
0.788
0.778
0.807
0.735
0.750
0.738
0.903
0.778
0.823
0.760
0.845
0.805
0.787
0.706
0.669
0.598
0.691
0.680
0.725
0.766
0.737
0.718
0.742
0.724
0.717
0.740
0.704
0.719
0.646
0.595
0.629
0.638
0.679
0.703
0.738
0.753
0.764
0.685
0.711
0.703
0.735
0.708
0.716
0.704
0.692
0.836
0.789
0.777
0.686
0.684
0.618
0.731
0.795
0.786
0.780
0.737
0.740
0.712
0.722
0.695
0.697
0.673
0.662
0.721
0.769
0.847
0.748
0.709
0.703
0.710
0.680
0.659
0.700
0.699
0.670
0.663
0.801
0.787
0.724
0.733
0.714
0.656
0.692
0.693
0.697
0.697
0.819
0.750
0.700
0.881
0.783
0.787
0.693
0.696
0.738
0.744
0.723
0.869
0.784
0.822
0.740
0.675
0.693
0.681
0.680
0.703
0.689
0.677
0.692
0.676
0.707
0.759
0.761
0.713
0.676
0.596
0.626
0.657
0.660
0.722
0.590
0.659
0.691
0.683
0.686
0.737
0.680
0.672
0.697
0.689
0.699
0.635
0.615
0.606
0.619
0.648
0.654
0.673
0.673
0.810
0.715
0.631
0.615
0.594
0.618
0.629
0.597
0.607
0.646
0.648
0.660
0.676
0.722
0.713
0.750
0.844
0.831
0.768
0.749
0.886
0.866
0.847
0.762
0.727
0.697
0.661
0.672
0.819
0.765
0.765
0.836
0.795
0.809
0.767
0.798
0.734
0.906
0.771
0.666
0.658
0.782
0.813
0.794
0.837
0.732
0.721
0.757
0.791
0.799
0.803
0.870
0.952
0.948
0.775
0.855
0.760
0.912
0.963
0.920
0.921
0.874
0.780
0.795
0.766
0.823
0.935
0.958
0.933
0.798
0.797
0.872
0.897
0.960
0.971
0.976
0.973
0.974
0.902
0.884
0.904
0.895
0.964
0.956
0.962
0.927
0.955
0.963
0.887
0.883
0.839
0.946
0.951
0.944
0.932
0.972
0.972
0.975
0.950
0.901
0.954
0.964
0.899
0.953
0.872
0.943
0.965
0.948
0.961
0.941
0.972
0.917
0.969
0.972
0.944
0.898
0.953
0.946
0.905
0.954
0.884
0.961
0.953
0.967
0.962
0.967
0.931
0.936
0.884
0.874
0.943
0.973
0.898
0.873
0.957
0.952
0.945
0.968
0.957
0.878
0.900
0.955
0.969
0.935
0.977
0.973
0.895
0.889
0.907
0.859
0.877
0.921
0.840
0.954
0.868
0.838
0.873
0.958
0.859
0.964
0.966
0.875
0.943
0.921
0.940
0.967
0.853
0.896
0.905
0.863
0.865
0.864
0.869
0.892
0.834
0.963
0.856
0.915
0.856
0.824
0.871
0.917
0.914
0.897
0.851
0.811
0.776
0.830
0.803
0.812
0.865
0.962
0.948
0.835
0.882
0.838
0.813
0.820
0.810
0.836
0.794
0.808
0.775
0.780
0.811
0.762
0.762
0.770
0.850
0.801
0.831
0.782
0.773
0.790
0.754
0.790
0.849
0.800
0.845
0.782
0.763
0.799
0.775
0.763
0.716
0.725
0.796
0.729
0.743
0.723
0.657
0.644
0.636
0.803
0.892
0.902
0.801
0.743
0.748
0.666
0.637
0.673
0.649
0.729
0.821
0.716
0.702
0.725
0.698
0.648
0.570
0.528
0.544
0.518
0.600
0.679
0.706
0.853
0.861
0.869
0.766
0.760
0.796
0.692
0.691
0.693
0.710
0.769
0.710
0.692
0.730
0.713
0.666
0.605
0.762
0.699
0.854
0.691
0.671
0.672
0.636
0.589
0.595
0.629
0.681
0.657
0.667
0.702
0.691
0.652
0.694
0.772
0.716
0.770
0.677
0.797
0.701
0.655
0.605
0.647
0.703
0.688
0.699
0.671
0.703
0.837
0.747
0.871
0.775
0.718
0.721
0.701
0.704
0.716
0.707
0.670
0.563
0.563
0.607
0.688
0.715
0.709
0.698
0.665
0.655
0.583
0.599
0.624
0.637
0.672
0.632
0.622
0.632
0.670
0.667
0.656
0.635
0.615
0.635
0.667
0.693
0.662
0.715
0.671
0.720
0.618
0.555
0.567
0.716
0.705
0.723
0.703
0.762
0.827
0.840
0.857
0.842
0.927
0.826
0.772
0.771
0.763
0.922
0.819
0.744
0.830
0.928
0.823
0.758
0.773
0.843
0.913
0.877
0.845
0.760
0.799
0.824
0.772
0.831
0.782
0.750
0.734
0.719
0.775
0.826
0.729
0.722
0.944
0.750
0.861
0.936
0.762
0.815
0.717
0.682
0.696
0.685
0.644
0.695
0.652
0.686
0.674
0.679
0.701
0.725
0.857
0.753
0.898
0.878
0.844
0.806
0.853
0.812
0.836
0.875
0.809
0.872
0.958
0.846
0.782
0.865
0.939
0.865
0.960
0.854
0.759
0.789
0.846
0.962
0.949
0.943
0.804
0.825
0.788
0.915
0.936
0.932
0.885
0.852
0.884
0.858
0.974
0.935
0.888
0.799
0.970
0.976
0.875
0.752
0.865
0.876
0.920
0.792
0.740
0.800
0.967
0.971
0.860
0.778
0.816
0.815
0.955
0.887
0.961
0.850
0.810
0.932
0.824
0.880
0.852
0.861
0.962
0.876
0.820
0.870
0.821
0.827
0.966
0.907
0.964
0.952
0.973
0.882
0.969
0.960
0.881
0.968
0.965
0.959
0.959
0.946
0.951
0.949
0.971
0.970
0.811
0.903
0.952
0.946
0.952
0.872
0.810
0.832
0.773
0.902
0.940
0.970
0.884
0.940
0.880
0.945
0.940
0.954
0.942
0.870
0.977
0.974
0.931
0.975
0.947
0.971
0.969
0.914
0.949
0.889
0.976
0.900
0.885
0.948
0.844
0.910
0.971
0.882
0.794
0.962
0.979
0.960
0.950
0.874
0.866
0.928
0.889
0.887
0.830
0.794
0.972
0.923
0.963
0.888
0.948
0.973
0.963
0.878
0.876
0.941
0.975
0.917
0.949
0.966
0.897
0.945
0.895
0.917
0.843
0.886
0.913
0.866
0.849
0.834
0.893
0.906
0.806
0.959
0.845
0.956
0.903
0.777
0.842
0.796
0.812
0.881
0.826
0.789
0.814
0.833
0.907
0.906
0.842
0.785
0.844
0.841
0.875
0.760
0.787
0.777
0.733
0.751
0.807
0.813
0.791
0.818
0.767
0.756
0.729
0.734
0.750
0.766
0.760
0.702
0.615
0.639
0.689
0.727
0.739
0.805
0.863
0.828
0.732
0.708
0.716
0.711
0.783
0.866
0.884
0.945
0.777
0.719
0.713
0.735
0.701
0.768
0.695
0.676
0.696
0.640
0.652
0.672
0.682
0.678
0.695
0.738
0.695
0.705
0.667
0.623
0.620
0.718
0.693
0.724
0.882
0.712
0.715
0.676
0.597
0.590
0.619
0.659
0.690
0.676
0.686
0.669
0.706
0.800
0.804
0.864
0.679
0.728
0.852
0.742
0.720
0.727
0.714
0.814
0.717
0.656
0.653
0.651
0.633
0.646
0.732
0.736
0.808
0.737
0.812
0.791
0.729
0.685
0.690
0.665
0.643
0.670
0.728
0.835
0.766
0.731
0.696
0.706
0.739
0.770
0.732
0.647
0.547
0.621
0.608
0.616
0.667
0.712
0.685
0.678
0.747
0.716
0.678
0.657
0.743
0.724
0.701
0.664
0.817
0.686
0.662
0.642
0.642
0.667
0.623
0.622
0.643
0.679
0.678
0.652
0.568
0.591
0.603
0.644
0.617
0.572
0.614
0.624
0.761
0.702
0.744
0.718
0.794
0.685
0.630
0.748
0.883
0.865
0.864
0.964
0.877
0.924
0.953
0.920
0.942
0.918
0.935
0.800
0.889
0.910
0.949
0.847
0.890
0.823
0.753
0.852
0.903
0.922
0.795
0.748
0.746
0.767
0.787
0.843
0.879
0.841
0.831
0.847
0.851
0.911
0.871
0.908
0.846
0.810
0.850
0.766
0.765
0.780
0.886
0.879
0.885
0.913
0.846
0.815
0.860
0.941
0.883
0.758
0.836
0.952
0.962
0.965
0.972
0.964
0.832
0.872
0.923
0.972
0.839
0.936
0.931
0.942
0.958
0.937
0.948
0.882
0.953
0.958
0.863
0.920
0.940
0.943
0.966
0.970
0.971
0.977
0.966
0.893
0.863
0.858
0.967
0.945
0.874
0.893
0.891
0.971
0.913
0.969
0.966
0.948
0.973
0.891
0.833
0.922
0.959
0.934
0.963
0.893
0.881
0.969
0.913
0.918
0.965
0.898
0.918
0.967
0.955
0.964
0.969
0.927
0.946
0.955
0.959
0.962
0.884
0.915
0.898
0.974
0.974
0.978
0.963
0.929
0.977
0.952
0.923
0.942
0.938
0.977
0.908
0.869
0.843
0.908
0.913
0.892
0.963
0.956
0.925
0.900
0.937
0.976
0.964
0.963
0.879
0.959
0.956
0.973
0.933
0.892
0.971
0.972
0.921
0.879
0.921
0.967
0.863
0.893
0.947
0.868
0.974
0.957
0.855
0.882
0.876
0.866
0.947
0.877
0.895
0.961
0.869
0.858
0.932
0.910
0.908
0.964
0.966
0.916
0.865
0.845
0.861
0.851
0.910
0.837
0.864
0.835
0.885
0.874
0.811
0.803
0.797
0.880
0.807
0.832
0.817
0.871
0.800
0.795
0.856
0.902
0.832
0.800
0.827
0.948
0.937
0.927
0.892
0.839
0.935
0.832
0.858
0.896
0.815
0.816
0.772
0.775
0.842
0.877
0.833
0.878
0.832
0.762
0.761
0.745
0.742
0.751
0.741
0.734
0.827
0.847
0.731
0.718
0.703
0.683
0.673
0.631
0.671
0.716
0.691
0.710
0.717
0.741
0.723
0.726
0.750
0.697
0.673
0.660
0.708
0.735
0.774
0.778
0.709
0.694
0.698
0.687
0.681
0.651
0.633
0.549
0.564
0.618
0.667
0.810
0.765
0.744
0.765
0.830
0.759
0.691
0.708
0.692
0.635
0.646
0.726
0.691
0.716
0.761
0.704
0.726
0.681
0.652
0.706
0.680
0.760
0.699
0.697
0.693
0.700
0.640
0.653
0.614
0.699
0.701
0.645
0.696
0.724
0.751
0.753
0.772
0.727
0.676
0.739
0.769
0.732
0.665
0.674
0.701
0.706
0.693
0.660
0.682
0.662
0.669
0.720
0.724
0.869
0.684
0.718
0.704
0.772
0.897
0.842
0.737
0.731
0.701
0.725
0.714
0.707
0.719
0.719
0.716
0.653
0.776
0.686
0.682
0.811
0.886
0.889
0.826
0.867
0.911
0.765
0.835
0.821
0.823
0.850
0.842
0.928
0.894
0.735
0.695
0.681
0.666
0.696
0.740
0.702
0.728
0.716
0.697
0.679
0.644
0.678
0.808
0.763
0.704
0.667
0.672
0.686
0.653
0.690
0.646
0.741
0.680
0.673
0.679
0.630
0.615
0.605
0.644
0.750
0.715
0.686
0.703
0.742
0.764
0.805
0.852
0.882
0.884
0.937
0.918
0.898
0.801
0.847
0.932
0.870
0.941
0.878
0.948
0.844
0.817
0.820
0.886
0.807
0.785
0.844
0.857
0.944
0.967
0.870
0.919
0.924
0.917
0.909
0.952
0.918
0.965
0.974
0.956
0.949
0.947
0.924
0.924
0.889
0.957
0.959
0.961
0.903
0.943
0.885
0.951
0.973
0.952
0.960
0.926
0.962
0.971
0.921
0.957
0.885
0.843
0.883
0.913
0.952
0.971
0.936
0.930
0.871
0.938
0.952
0.925
0.922
0.862
0.870
0.960
0.888
0.922
0.921
0.908
0.942
0.924
0.932
0.935
0.924
0.955
0.876
0.955
0.944
0.974
0.968
0.877
0.960
0.848
0.952
0.938
0.869
0.849
0.923
0.873
0.927
0.951
0.895
0.952
0.971
0.851
0.856
0.912
0.888
0.940
0.969
0.969
0.883
0.945
0.929
0.948
0.951
0.916
0.899
0.848
0.950
0.903
0.877
0.929
0.956
0.967
0.964
0.905
0.968
0.944
0.895
0.812
0.937
0.960
0.930
0.876
0.843
0.965
0.965
0.945
0.901
0.864
0.882
0.946
0.971
0.886
0.897
0.910
0.840
0.848
0.881
0.821
0.888
0.890
0.833
0.794
0.843
0.866
0.887
0.938
0.801
0.897
0.938
0.912
0.910
0.903
0.866
0.819
0.790
0.765
0.772
0.763
0.777
0.755
0.725
0.764
0.840
0.794
0.778
0.750
0.738
0.741
0.756
0.750
0.763
0.713
0.719
0.709
0.694
0.727
0.690
0.703
0.670
0.743
0.672
0.757
0.807
0.728
0.817
0.704
0.709
0.677
0.661
0.615
0.723
0.814
0.833
0.756
0.713
0.767
0.716
0.759
0.728
0.752
0.746
0.786
0.746
0.716
0.709
0.692
0.663
0.703
0.746
0.715
0.681
0.899
0.725
0.685
0.660
0.748
0.762
0.828
0.716
0.783
0.724
0.791
0.681
0.705
0.711
0.701
0.724
0.728
0.627
0.643
0.677
0.671
0.686
0.714
0.707
0.693
0.657
0.670
0.679
0.705
0.659
0.677
0.678
0.776
0.822
0.787
0.751
0.776
0.685
0.769
0.805
0.700
0.713
0.740
0.702
0.678
0.648
0.665
0.656
0.819
0.841
0.772
0.797
0.860
0.721
0.712
0.702
0.713
0.742
0.779
0.797
0.730
0.714
0.701
0.850
0.759
0.790
0.877
0.881
0.764
0.694
0.722
0.712
0.720
0.732
0.748
0.812
0.737
0.746
0.862
0.744
0.809
0.748
0.739
0.720
0.743
0.787
0.827
0.776
0.732
0.740
0.805
0.723
0.737
0.706
0.682
0.687
0.758
0.763
0.731
0.713
0.734
0.855
0.828
0.878
0.781
0.810
0.787
0.695
0.655
0.605
0.595
0.571
0.565
0.541
0.588
0.644
0.648
0.640
0.620
0.642
0.672
0.707
0.685
0.719
0.737
0.803
0.784
0.672
0.673
0.754
0.772
0.800
0.842
0.852
0.726
0.720
0.719
0.726
0.838
0.825
0.770
0.726
0.792
0.695
0.796
0.800
0.924
0.912
0.924
0.904
0.923
0.916
0.867
0.833
0.952
0.872
0.855
0.824
0.777
0.805
0.789
0.852
0.903
0.923
0.821
0.800
0.790
0.763
0.856
0.824
0.924
0.906
0.892
0.802
0.825
0.901
0.796
0.799
0.777
0.878
0.849
0.778
0.753
0.900
0.801
0.927
0.950
0.837
0.843
0.784
0.803
0.783
0.801
0.890
0.825
0.779
0.791
0.758
0.774
0.738
0.880
0.961
0.979
0.963
0.863
0.842
0.807
0.804
0.952
0.861
0.920
0.969
0.919
0.919
0.973
0.974
0.971
0.968
0.856
0.880
0.948
0.946
0.855
0.885
0.906
0.969
0.903
0.910
0.840
0.831
0.802
0.822
0.819
0.904
0.928
0.889
0.952
0.959
0.870
0.965
0.954
0.959
0.960
0.961
0.966
0.896
0.925
0.903
0.822
0.962
0.931
0.859
0.821
0.846
0.827
0.861
0.917
0.916
0.967
0.857
0.842
0.917
0.846
0.823
0.820
0.820
0.954
0.950
0.919
0.795
0.841
0.795
0.859
0.885
0.808
0.791
0.903
0.905
0.864
0.959
0.957
0.953
0.842
0.899
0.818
0.831
0.891
0.801
0.855
0.810
0.845
0.928
0.841
0.791
0.803
0.777
0.775
0.791
0.749
0.813
0.770
0.759
0.945
0.957
0.965
0.938
0.799
0.786
0.845
0.832
0.793
0.872
0.907
0.848
0.821
0.861
0.815
0.756
0.748
0.727
0.699
0.745
0.752
0.732
0.733
0.754
0.702
0.720
0.710
0.666
0.748
0.785
0.853
0.742
0.744
0.764
0.761
0.872
0.782
0.666
0.602
0.745
0.929
0.903
0.845
0.833
0.728
0.805
0.838
0.788
0.722
0.780
0.709
0.718
0.679
0.724
0.756
0.740
0.747
0.719
0.738
0.729
0.707
0.717
0.723
0.682
0.683
0.691
0.691
0.648
0.654
0.692
0.705
0.677
0.661
0.663
0.661
0.670
0.653
0.648
0.641
0.669
0.708
0.722
0.723
0.724
0.724
0.641
0.647
0.673
0.696
0.897
0.692
0.718
0.725
0.677
0.657
0.721
0.737
0.667
0.753
0.715
0.712
0.716
0.689
0.654
0.622
0.626
0.651
0.683
0.655
0.639
0.606
0.544
0.587
0.563
0.614
0.620
0.646
0.635
0.617
0.712
0.711
0.640
0.617
0.596
0.608
0.598
0.567
0.585
0.618
0.587
0.622
0.662
0.709
0.728
0.637
0.691
0.673
0.735
0.722
0.731
0.753
0.731
0.694
0.663
0.679
0.674
0.662
0.649
0.638
0.638
0.591
0.608
0.613
0.616
0.666
0.636
0.608
0.673
0.639
0.637
0.703
0.678
0.689
0.702
0.718
0.642
0.660
0.637
0.648
0.630
0.571
0.657
0.636
0.603
0.663
0.684
0.629
0.622
0.597
0.601
0.589
0.570
0.522
0.643
0.557
0.527
0.441
0.481
0.479
0.537
0.604
0.612
0.645
0.606
0.630
0.652
0.673
0.644
0.658
0.655
0.630
0.571
0.563
0.541
0.541
0.626
0.566
0.635
0.806
0.808
0.856
0.803
0.696
0.711
0.689
0.801
0.764
0.700
0.782
0.713
0.751
0.745
0.732
0.824
0.856
0.775
0.785
0.754
0.892
0.858
0.860
0.897
0.870
0.886
0.907
0.895
0.795
0.762
0.860
0.914
0.839
0.770
0.732
0.754
0.801
0.869
0.825
0.870
0.814
0.942
0.789
0.731
0.927
0.858
0.902
0.875
0.838
0.752
0.761
0.847
0.883
0.908
0.761
0.811
0.736
0.730
0.746
0.838
0.936
0.812
0.784
0.871
0.885
0.855
0.819
0.778
0.806
0.778
0.890
0.837
0.763
0.760
0.848
0.949
0.852
0.788
0.821
0.793
0.741
0.723
0.876
0.829
0.751
0.897
0.747
0.789
0.894
0.838
0.910
0.774
0.760
0.836
0.950
0.945
0.880
0.845
0.813
0.917
0.870
0.810
0.772
0.775
0.793
0.835
0.761
0.915
0.873
0.814
0.759
0.943
0.792
0.925
0.867
0.733
0.702
0.640
0.669
0.716
0.751
0.775
0.771
0.792
0.716
0.699
0.712
0.725
0.786
0.849
0.842
0.806
0.737
0.817
0.765
0.943
0.863
0.859
0.758
0.866
0.756
0.737
0.723
0.772
0.717
0.818
0.725
0.785
0.792
0.935
0.793
0.715
0.724
0.811
0.714
0.710
0.767
0.699
0.762
0.747
0.794
0.788
0.734
0.921
0.794
0.855
0.757
0.709
0.867
0.775
0.698
0.798
0.825
0.747
0.708
0.704
0.772
0.709
0.639
0.642
0.743
0.737
0.697
0.736
0.729
0.694
0.645
0.660
0.667
0.778
0.730
0.650
0.576
0.604
0.749
0.757
0.699
0.656
0.733
0.699
0.630
0.611
0.657
0.707
0.637
0.617
0.572
0.582
0.539
0.622
0.781
0.922
0.929
0.768
0.678
0.667
0.720
0.741
0.684
0.691
0.671
0.679
0.594
0.550
0.557
0.593
0.581
0.599
0.605
0.584
0.588
0.556
0.526
0.626
0.684
0.626
0.631
0.508
0.562
0.514
0.567
0.582
0.601
0.601
0.573
0.525
0.448
0.416
0.497
0.566
0.549
0.549
0.579
0.563
0.612
0.609
0.609
0.586
0.583
0.605
0.609
0.617
0.585
0.590
0.561
0.556
0.527
0.537
0.499
0.494
0.528
0.516
0.586
0.584
0.583
0.618
0.628
0.643
0.638
0.669
0.613
0.618
0.632
0.621
0.634
0.608
0.637
0.687
0.734
0.765
0.684
0.648
0.623
0.646
0.595
0.575
0.605
0.591
0.563
0.575
0.605
0.616
0.628
0.651
0.611
0.637
0.575
0.562
0.558
0.549
0.541
0.577
0.690
0.695
0.661
0.660
0.729
0.686
0.692
0.686
0.688
0.679
0.627
0.614
0.634
0.624
0.608
0.616
0.639
0.703
0.644
0.628
0.742
0.688
0.699
0.660
0.630
0.623
0.629
0.648
0.602
0.599
0.616
0.555
0.510
0.597
0.642
0.583
0.569
0.593
0.588
0.637
0.637
0.613
0.657
0.615
0.619
0.631
0.636
0.662
0.676
0.757
0.763
0.691
0.653
0.650
0.640
0.715
0.671
0.653
0.684
0.667
0.650
0.682
0.582
0.650
0.676
0.761
0.686
0.656
0.626
0.606
0.614
0.647
0.673
0.633
0.595
0.648
0.624
0.626
0.676
0.729
0.714
0.678
0.683
0.731
0.645
0.670
0.637
0.648
0.650
0.622
0.635
0.683
0.642
0.619
0.682
0.677
0.672
0.715
0.886
0.775
0.922
0.763
0.719
0.719
0.722
0.737
0.721
0.690
0.700
0.659
0.712
0.723
0.670
0.703
0.793
0.746
0.734
0.742
0.891
0.795
0.745
0.763
0.836
0.724
0.705
0.726
0.777
0.634
0.746
0.773
0.682
0.764
0.767
0.810
0.846
0.782
0.748
0.812
0.745
0.742
0.928
0.759
0.766
0.754
0.733
0.754
0.793
0.743
0.745
0.721
0.775
0.725
0.853
0.840
0.908
0.839
0.788
0.743
0.803
0.708
0.713
0.750
0.804
0.748
0.887
0.717
0.733
0.930
0.850
0.790
0.858
0.767
0.805
0.766
0.700
0.717
0.780
0.747
0.849
0.735
0.755
0.782
0.723
0.725
0.732
0.686
0.711
0.743
0.810
0.874
0.757
0.887
0.806
0.802
0.786
0.796
0.718
0.688
0.654
0.674
0.656
0.787
0.651
0.724
0.775
0.666
0.813
0.834
0.738
0.658
0.628
0.623
0.645
0.667
0.700
0.797
0.764
0.670
0.639
0.619
0.655
0.679
0.744
0.752
0.588
0.641
0.602
0.642
0.733
0.908
0.772
0.696
0.707
0.751
0.679
0.661
0.703
0.676
0.659
0.648
0.676
0.679
0.701
0.669
0.660
0.609
0.673
0.663
0.733
0.677
0.651
0.656
0.610
0.643
0.655
0.646
0.656
0.619
0.565
0.577
0.561
0.495
0.459
0.453
0.455
0.447
0.468
0.558
0.579
0.664
0.636
0.554
0.612
0.562
0.510
0.515
0.480
0.504
0.548
0.592
0.635
0.553
0.525
0.588
0.521
0.464
0.535
0.540
0.527
0.552
0.587
0.630
0.634
0.608
0.619
0.583
0.586
0.569
0.608
0.592
0.543
0.505
0.504
0.522
0.550
0.659
0.608
0.590
0.537
0.537
0.573
0.607
0.574
0.587
0.574
0.601
0.529
0.513
0.516
0.546
0.648
0.598
0.595
0.607
0.618
0.612
0.617
0.642
0.645
0.617
0.642
0.610
0.566
0.547
0.695
0.616
0.597
0.620
0.578
0.601
0.537
0.534
0.590
0.506
0.454
0.463
0.464
0.402
0.434
0.460
0.484
0.531
0.486
0.516
0.568
0.590
0.584
0.568
0.595
0.565
0.618
0.616
0.603
0.624
0.602
0.600
0.615
0.596
0.557
0.557
0.607
0.620
0.626
0.607
0.564
0.592
0.600
0.587
0.556
0.518
0.506
0.539
0.627
0.606
0.682
0.583
0.581
0.569
0.621
0.597
0.549
0.497
0.479
0.541
0.550
0.590
0.586
0.604
0.566
0.579
0.651
0.622
0.603
0.631
0.588
0.611
0.568
0.541
0.516
0.537
0.538
0.563
0.651
0.628
0.683
0.654
0.587
0.524
0.464
0.521
0.553
0.588
0.639
0.601
0.585
0.533
0.496
0.506
0.422
0.561
0.675
0.678
0.682
0.874
0.781
0.822
0.787
0.764
0.762
0.765
0.909
0.789
0.787
0.771
0.732
0.716
0.675
0.655
0.608
0.663
0.755
0.865
0.808
0.746
0.720
0.757
0.856
0.813
0.953
0.879
0.718
0.691
0.718
0.643
0.591
0.655
0.691
0.733
0.819
0.780
0.724
0.715
0.679
0.691
0.689
0.688
0.734
0.728
0.708
0.723
0.725
0.776
0.881
0.764
0.790
0.736
0.711
0.738
0.860
0.737
0.701
0.721
0.705
0.805
0.777
0.696
0.781
0.885
0.763
0.719
0.745
0.771
0.727
0.727
0.793
0.957
0.768
0.824
0.877
0.757
0.770
0.928
0.818
0.724
0.869
0.953
0.791
0.784
0.709
0.691
0.906
0.800
0.726
0.837
0.753
0.714
0.893
0.748
0.864
0.724
0.727
0.919
0.776
0.744
0.841
0.847
0.812
0.740
0.759
0.797
0.755
0.893
0.824
0.781
0.772
0.793
0.781
0.870
0.758
0.751
0.895
0.929
0.841
0.791
0.779
0.834
0.755
0.788
0.729
0.736
0.707
0.641
0.716
0.773
0.739
0.757
0.749
0.680
0.632
0.669
0.823
0.794
0.726
0.786
0.773
0.710
0.671
0.761
0.760
0.736
0.668
0.632
0.693
0.736
0.820
0.700
0.721
0.655
0.618
0.603
0.593
0.687
0.685
0.713
0.709
0.677
0.628
0.635
0.628
0.596
0.537
0.599
0.648
0.639
0.685
0.814
0.896
0.860
0.769
0.727
0.733
0.706
0.661
0.584
0.580
0.644
0.649
0.673
0.737
0.664
0.692
0.728
0.586
0.540
0.597
0.586
0.595
0.684
0.710
0.776
0.717
0.722
0.705
0.659
0.614
0.610
0.591
0.584
0.572
0.625
0.585
0.567
0.573
0.645
0.683
0.691
0.682
0.649
0.529
0.523
0.585
0.587
0.581
0.588
0.554
0.612
0.667
0.612
0.553
0.434
0.502
0.513
0.559
0.510
0.561
0.556
0.493
0.404
0.471
0.530
0.554
0.539
0.577
0.829
0.741
0.691
0.624
0.676
0.660
0.606
0.582
0.570
0.570
0.566
0.541
0.559
0.556
0.600
0.562
0.561
0.562
0.569
0.601
0.577
0.628
0.585
0.628
0.619
0.604
0.625
0.645
0.635
0.626
0.562
0.573
0.589
0.548
0.525
0.525
0.566
0.551
0.563
0.609
0.667
0.712
0.652
0.661
0.628
0.615
0.641
0.641
0.629
0.615
0.796
0.650
0.646
0.666
0.632
0.640
0.608
0.580
0.580
0.607
0.657
0.670
0.582
0.571
0.583
0.634
0.738
0.586
0.546
0.573
0.623
0.523
0.520
0.582
0.599
0.615
0.584
0.633
0.635
0.621
0.608
0.559
0.626
0.726
0.692
0.691
0.642
0.636
0.681
0.685
0.721
0.663
0.688
0.640
0.629
0.574
0.576
0.647
0.616
0.527
0.614
0.594
0.635
0.637
0.612
0.618
0.642
0.648
0.604
0.724
0.631
0.673
0.609
0.673
0.727
0.844
0.758
0.655
0.708
0.697
0.700
0.637
0.661
0.727
0.718
0.733
0.711
0.676
0.550
0.488
0.654
0.895
0.819
0.935
0.918
0.926
0.830
0.799
0.787
0.763
0.748
0.763
0.724
0.620
0.655
0.941
0.756
0.866
0.823
0.767
0.748
0.745
0.749
0.743
0.832
0.817
0.750
0.687
0.650
0.680
0.736
0.787
0.709
0.708
0.752
0.792
0.726
0.627
0.681
0.751
0.760
0.795
0.752
0.748
0.728
0.742
0.846
0.794
0.769
0.768
0.785
0.818
0.837
0.720
0.728
0.812
0.770
0.836
0.871
0.768
0.897
0.892
0.790
0.755
0.769
0.741
0.785
0.765
0.747
0.853
0.765
0.711
0.829
0.714
0.742
0.731
0.804
0.724
0.742
0.901
0.807
0.855
0.909
0.829
0.813
0.711
0.726
0.728
0.816
0.895
0.757
0.848
0.767
0.769
0.748
0.698
