19790101
0.000
4.785
2.690
0.000
0.000
0.000
0.000
0.000
0.000
0.000
0.312
0.512
0.000
0.000
0.000
2.992
0.230
0.000
0.000
0.000
0.000
0.000
0.000
0.615
7.268
0.000
0.017
0.000
0.041
0.000
0.000
0.000
0.120
0.000
0.000
0.349
0.179
0.216
0.275
0.000
0.000
7.414
2.125
3.819
2.553
0.000
0.000
0.000
0.000
0.000
0.000
0.000
0.055
3.026
9.129
8.660
6.492
2.211
0.560
0.724
2.173
0.409
2.438
9.987
3.474
0.896
0.934
0.379
0.750
1.689
1.699
0.000
0.000
0.000
0.000
0.031
0.021
0.196
8.192
1.983
0.168
0.000
0.508
0.000
0.000
0.000
0.000
0.000
0.000
0.000
0.000
0.000
3.629
2.561
2.012
0.333
0.000
0.000
2.305
2.055
0.184
0.357
1.562
2.961
0.594
6.317
14.121
5.438
0.000
0.000
0.110
0.000
0.000
0.209
11.168
11.144
8.892
8.096
14.346
26.831
5.998
7.532
1.799
14.341
11.944
6.180
1.699
2.858
1.658
2.908
2.163
2.359
6.609
1.112
0.893
6.650
10.749
11.127
11.010
10.437
3.179
2.654
9.867
0.079
0.000
0.381
3.152
0.000
0.000
0.546
0.000
0.853
1.657
7.840
2.003
4.618
5.982
12.102
5.495
1.214
5.316
1.008
4.786
3.735
5.498
5.692
13.609
0.000
0.417
1.581
5.871
5.481
3.991
5.163
0.000
3.902
6.854
3.102
1.202
7.438
3.117
7.536
7.715
1.890
2.731
2.704
2.005
12.803
9.778
10.136
0.476
0.860
2.886
1.468
1.952
2.589
2.570
3.141
0.000
2.098
2.007
0.000
2.182
1.643
0.810
2.565
5.524
6.149
1.427
4.732
8.559
3.904
8.183
5.924
4.985
2.264
5.569
6.791
3.892
3.648
0.954
1.495
0.982
7.026
1.518
2.184
0.599
0.058
1.488
0.021
0.000
0.256
3.111
0.067
0.024
0.000
0.727
1.919
5.709
6.360
2.012
0.608
8.039
5.349
3.316
5.093
6.969
2.927
2.597
8.820
10.799
5.562
0.338
1.378
2.697
2.134
0.000
0.000
0.124
1.338
5.449
0.534
0.000
0.000
2.087
0.091
0.649
3.028
7.246
3.974
5.527
8.871
0.985
0.041
0.563
0.172
0.439
0.549
0.786
3.794
0.000
0.000
0.000
0.000
0.134
0.189
2.142
0.000
0.000
0.000
0.000
0.000
0.103
2.338
1.833
2.606
3.698
4.776
0.000
0.000
0.000
0.000
0.000
0.000
0.000
0.000
0.000
0.000
0.000
1.143
0.046
3.895
0.874
0.000
0.000
0.000
0.000
4.938
4.734
7.030
3.849
2.553
3.226
0.000
0.117
0.000
0.000
0.000
0.000
0.000
0.000
0.014
0.228
0.000
0.000
0.000
0.000
0.000
3.080
0.000
0.000
0.000
0.000
0.000
0.021
0.000
0.070
0.027
5.914
0.000
0.000
0.000
0.000
0.000
0.000
0.000
0.000
0.000
0.000
0.000
0.000
0.000
0.000
0.000
0.051
0.000
0.000
1.713
4.333
0.003
17.417
4.436
12.442
7.268
0.000
0.488
0.000
0.000
0.000
0.041
5.517
0.148
2.832
0.477
0.323
0.000
2.051
2.874
2.197
0.996
0.000
0.000
0.000
0.398
0.000
0.000
0.000
0.000
0.000
0.000
0.000
0.210
1.160
1.324
0.582
7.548
1.064
2.829
8.126
4.359
1.087
3.577
1.806
2.266
0.000
0.168
3.641
6.896
0.383
8.253
10.554
7.268
2.798
1.135
2.278
2.087
0.089
2.463
5.495
6.609
6.309
4.054
3.905
1.819
0.062
0.000
0.848
2.892
0.554
1.104
3.382
2.038
7.953
10.657
9.079
7.728
11.294
11.141
6.285
0.764
2.120
2.300
3.449
2.556
0.076
0.000
0.151
2.166
6.101
0.302
0.000
0.415
0.000
0.544
0.000
0.000
0.000
0.045
0.000
0.000
0.000
0.000
1.655
6.482
0.645
0.000
0.309
10.008
13.105
5.641
3.914
15.899
7.721
2.077
2.348
0.000
0.493
0.343
0.000
5.037
0.561
0.041
3.068
5.028
0.498
0.322
0.270
3.454
4.259
6.401
9.357
15.219
7.548
5.713
6.228
3.849
1.614
1.039
2.813
5.697
7.115
4.793
6.106
3.150
0.726
1.806
2.915
2.604
5.205
10.946
4.756
12.461
3.272
2.568
9.764
15.745
11.325
3.236
5.624
4.230
1.505
0.463
1.291
2.166
0.470
2.498
0.000
3.210
0.234
0.395
3.105
2.724
3.339
2.165
0.069
0.017
0.940
7.580
8.272
6.070
6.118
4.115
7.948
6.892
3.397
1.451
6.608
10.973
6.391
7.370
4.060
0.000
0.000
0.360
9.472
1.852
2.949
4.819
9.072
1.814
6.382
1.045
1.845
6.027
0.098
2.337
1.797
0.902
4.951
3.763
3.189
6.255
7.807
3.186
6.430
3.922
0.117
9.136
1.799
3.993
1.109
4.779
4.813
3.680
0.371
0.010
0.017
5.970
0.951
1.287
6.327
1.267
3.330
2.723
0.000
0.172
2.496
0.151
0.148
3.018
2.513
0.000
0.000
0.000
1.845
1.315
0.048
1.760
5.885
1.390
1.677
0.288
0.024
0.206
3.342
0.000
3.416
0.302
0.817
0.278
0.000
0.000
0.000
0.000
0.000
1.243
13.510
4.151
6.248
12.284
11.017
2.596
0.654
1.675
1.023
5.859
2.808
1.572
0.000
0.000
0.000
0.000
0.000
0.000
3.883
11.144
8.175
2.180
4.721
0.048
0.000
0.371
0.000
2.029
5.258
0.048
0.000
0.000
0.000
0.000
0.000
0.000
0.000
0.000
0.000
0.000
0.000
3.835
0.757
5.304
6.162
0.506
0.129
0.140
0.000
2.690
0.115
0.882
1.196
0.627
0.000
1.077
1.511
0.000
0.000
0.000
0.000
1.360
0.805
0.000
0.000
0.360
0.000
0.000
0.000
0.000
0.000
0.000
0.134
0.000
0.000
0.000
0.000
0.000
0.000
0.000
2.750
0.096
3.296
5.023
2.135
1.507
1.844
2.602
0.082
0.000
0.000
0.039
0.024
0.000
0.000
0.000
0.000
8.044
4.710
1.099
5.177
1.682
3.018
0.000
0.175
0.000
0.000
0.000
0.000
0.982
0.000
1.255
5.648
2.723
0.900
4.671
0.000
0.130
1.741
4.346
0.608
3.856
3.553
1.071
2.712
0.333
0.199
1.875
1.600
2.283
7.512
5.016
0.000
0.000
0.268
0.096
0.336
4.312
0.834
1.037
5.150
6.494
8.504
1.648
2.856
1.298
0.556
0.034
1.092
3.670
0.199
0.168
0.000
0.000
0.000
0.000
0.000
0.000
0.309
0.000
0.000
0.000
0.000
0.000
0.125
0.366
85.400
3.804
1.148
0.603
11.312
6.130
4.633
6.753
13.347
10.714
4.572
11.185
10.434
5.461
5.083
4.513
2.048
0.167
0.721
0.278
4.355
12.658
32.993
6.161
13.314
3.246
9.412
9.738
0.203
0.124
0.721
4.226
6.533
5.764
0.000
0.041
0.666
8.621
2.894
1.301
2.994
13.946
9.016
6.887
8.636
11.278
2.630
0.000
0.000
0.326
3.588
0.767
1.418
2.855
2.247
1.866
0.180
2.798
2.093
5.608
1.276
0.563
0.057
0.000
3.049
4.166
0.014
0.548
5.781
6.607
1.153
0.314
1.299
1.041
0.110
0.161
0.000
0.637
3.876
0.733
3.929
3.732
1.531
4.971
3.195
3.619
2.317
3.948
0.488
2.235
8.530
9.089
2.867
4.377
2.297
0.127
0.120
0.007
0.021
0.017
0.000
0.415
0.941
1.277
3.346
0.082
0.048
1.454
3.011
1.291
1.772
0.069
0.000
1.061
0.707
12.494
8.693
9.342
4.178
8.792
2.654
4.245
7.430
2.693
3.014
7.776
0.021
0.965
2.843
3.577
0.762
6.317
5.136
0.697
2.613
0.041
0.000
1.679
0.062
0.673
0.000
1.008
1.205
0.862
9.218
8.231
4.944
1.138
13.798
3.179
0.024
0.714
0.000
0.045
0.000
0.000
1.583
5.957
0.103
0.000
0.000
6.061
2.300
0.041
7.771
10.382
1.442
1.916
0.474
6.106
2.493
0.362
1.840
0.000
0.247
0.000
0.000
0.000
0.000
4.765
0.422
3.826
2.017
0.014
0.319
0.216
0.309
0.000
0.000
0.213
3.100
1.603
4.432
2.462
4.017
1.813
0.724
0.038
0.000
0.000
0.000
0.000
0.000
0.271
0.096
0.889
4.619
1.777
0.000
0.000
0.000
0.000
0.000
0.000
0.000
0.000
0.000
2.067
0.000
0.000
0.014
0.000
0.000
0.000
0.000
0.000
0.179
0.000
0.000
0.000
0.000
0.000
0.000
2.022
1.305
3.341
5.229
0.027
10.097
0.985
0.000
0.000
1.748
1.531
0.082
0.017
1.267
0.000
0.000
0.000
0.000
3.849
0.000
0.000
0.000
0.027
0.000
0.113
0.000
0.000
0.000
0.000
0.295
0.000
0.000
0.041
7.093
14.651
1.888
0.034
3.179
6.451
15.752
3.825
0.113
0.017
1.030
4.163
0.608
3.107
12.027
4.607
42.883
7.093
13.228
11.326
6.224
0.422
0.000
0.000
0.000
0.000
0.000
0.000
0.968
3.361
0.000
0.000
0.000
0.000
1.902
7.677
5.243
4.599
3.730
0.000
0.000
0.453
0.446
0.000
0.000
0.017
1.748
0.000
0.007
0.000
0.000
0.079
0.306
0.192
0.628
0.000
0.800
0.027
0.242
1.083
2.994
6.473
4.891
0.000
0.000
0.460
5.584
0.738
0.597
0.165
1.105
2.554
7.732
10.264
11.723
10.130
11.505
5.672
3.476
4.990
2.190
0.781
0.496
1.957
3.342
0.919
1.899
0.000
0.000
0.000
0.000
0.000
0.000
0.000
0.000
0.000
0.000
0.000
0.010
0.045
0.863
4.870
0.961
0.000
0.000
0.000
1.221
1.586
0.000
0.000
0.000
0.000
0.000
0.000
0.000
0.742
0.000
9.218
9.872
2.762
2.525
0.127
3.509
3.732
0.000
0.039
0.191
0.000
0.470
3.478
2.081
0.798
0.656
0.000
2.271
4.510
0.426
3.794
11.752
27.607
19.808
12.868
7.263
17.937
11.898
19.306
17.104
13.640
18.811
13.091
5.939
11.494
26.000
20.998
9.833
17.063
14.450
9.737
6.767
15.922
1.524
3.746
12.837
5.522
1.473
6.925
7.900
0.910
1.387
0.000
1.061
2.218
0.000
0.000
0.100
2.733
1.521
1.463
2.381
0.155
0.010
1.468
7.126
4.293
2.339
5.494
0.000
0.134
6.046
1.155
3.182
6.256
6.545
0.290
3.131
3.265
15.654
15.075
6.664
3.507
6.818
7.234
0.706
0.287
8.292
0.493
0.721
0.316
11.684
6.540
1.342
1.009
0.000
5.927
7.359
3.286
2.547
0.000
0.000
1.766
0.151
0.326
0.000
2.295
0.000
2.971
2.841
4.242
1.100
3.778
8.660
8.938
5.040
7.893
3.107
2.666
2.468
2.118
1.858
1.947
9.002
3.728
0.024
1.003
0.366
0.898
4.235
12.216
2.874
0.777
0.554
5.040
12.001
8.394
2.015
8.561
4.949
0.216
0.000
0.000
0.127
0.072
0.175
5.716
3.231
3.480
1.681
6.725
1.446
3.886
2.895
0.024
2.063
5.119
2.173
0.112
5.037
3.749
1.657
0.360
5.334
11.350
9.534
5.700
5.739
2.901
3.964
7.803
0.000
0.000
0.000
0.000
0.994
0.261
1.027
9.927
7.678
0.000
0.000
0.000
0.007
2.046
6.812
1.614
0.000
0.000
0.021
0.000
0.000
0.000
0.912
0.000
0.000
0.000
0.000
0.306
0.398
1.447
0.870
0.000
0.000
1.651
7.793
0.000
0.000
0.000
0.234
0.148
0.000
0.000
0.000
0.000
0.422
6.983
0.560
0.000
0.000
0.000
0.000
0.010
0.017
0.000
0.000
0.000
0.000
0.000
0.000
0.000
0.000
0.000
0.000
0.000
0.000
0.000
0.000
0.000
0.000
0.000
0.113
0.000
0.000
0.000
0.000
0.317
0.000
0.000
0.000
5.105
0.685
0.031
0.074
0.000
0.000
0.833
0.996
0.177
0.000
0.021
2.701
2.247
0.000
0.000
0.000
0.000
0.000
0.000
0.000
1.519
3.086
5.724
6.985
4.146
0.000
0.000
0.000
0.000
0.000
0.000
0.000
0.000
0.000
0.000
0.000
0.000
0.000
0.000
0.000
0.000
0.014
0.000
0.000
0.000
0.000
0.000
0.000
0.000
0.000
5.215
0.748
4.516
3.583
3.308
4.062
10.534
8.375
0.065
5.085
3.716
7.070
11.004
9.006
8.447
0.000
0.000
0.038
0.000
0.000
0.036
10.087
7.549
5.696
1.808
8.880
8.576
3.789
5.631
3.704
0.270
0.094
0.000
0.819
1.284
0.000
0.000
0.000
0.000
0.000
6.969
8.528
11.470
11.546
7.289
12.609
6.539
2.262
0.000
1.016
0.000
3.842
2.218
3.045
7.931
8.834
1.610
1.607
0.282
0.668
1.191
0.948
6.063
2.999
1.181
4.125
1.435
4.384
1.487
11.354
6.441
1.136
2.269
0.233
1.447
0.501
0.512
3.193
4.168
0.385
0.000
2.880
0.072
1.514
0.714
0.199
0.007
0.961
0.000
0.591
3.783
0.000
0.000
0.388
0.000
0.000
5.479
0.560
0.000
0.007
0.299
0.000
0.251
0.000
0.000
7.661
2.283
3.200
6.739
2.918
7.388
2.565
0.165
0.625
0.220
0.862
0.000
0.000
0.532
0.000
0.000
2.407
2.252
0.446
0.124
0.378
1.341
1.765
0.639
0.038
1.933
0.261
1.799
0.000
0.333
0.000
0.000
0.481
4.346
5.579
6.849
1.439
3.509
0.000
0.300
0.302
1.390
4.336
2.225
3.880
3.162
3.948
0.000
0.000
0.179
3.303
0.076
0.264
0.000
0.000
1.003
10.420
1.064
1.957
8.145
5.150
1.116
5.229
0.000
3.444
2.475
2.448
0.374
0.735
0.000
0.000
0.007
1.233
0.000
0.556
0.000
0.014
0.000
4.254
0.000
0.069
2.719
3.670
11.297
2.585
0.000
0.048
8.262
3.282
7.234
4.552
0.000
0.203
2.789
0.467
0.065
0.038
0.130
4.851
0.282
0.065
0.179
2.939
0.000
2.499
4.978
1.490
0.084
0.640
0.065
3.375
2.026
3.790
0.010
0.000
0.000
0.000
0.000
0.724
2.123
0.168
0.000
0.000
0.000
0.000
0.017
2.432
0.021
0.000
0.000
0.010
0.397
0.556
0.000
0.000
0.000
0.846
0.000
0.000
0.000
0.000
0.003
0.566
4.425
1.775
0.345
4.995
2.613
0.862
1.551
1.171
0.021
0.000
0.000
0.000
0.675
0.417
0.014
0.000
0.000
0.000
0.000
0.000
0.000
0.000
0.000
0.000
0.000
0.496
2.923
1.730
3.164
1.384
7.460
7.006
0.000
0.000
0.000
0.000
0.328
0.000
0.000
0.000
0.000
0.000
0.000
0.000
0.000
0.000
0.000
0.000
0.000
0.000
0.000
0.000
0.000
0.000
0.000
0.220
5.546
0.000
0.000
0.000
4.110
0.027
0.141
0.000
0.000
0.000
0.000
0.000
0.000
0.000
0.000
0.000
0.000
0.000
0.000
0.000
0.000
0.148
0.096
0.165
0.247
1.912
0.000
0.669
0.000
0.000
0.000
0.024
0.017
0.000
2.983
0.000
0.000
0.439
2.678
0.000
0.209
0.000
0.000
0.000
0.324
0.022
1.634
0.000
0.000
3.358
2.676
0.000
0.055
0.000
0.644
0.000
0.000
0.000
0.000
0.206
0.000
0.000
0.007
1.389
3.193
3.116
1.691
0.239
0.014
0.000
0.000
0.031
0.000
0.000
0.453
0.000
0.034
0.343
0.000
0.000
0.484
0.687
1.651
0.772
0.000
0.326
0.000
0.130
0.034
0.014
0.103
0.000
0.385
0.213
0.347
9.496
15.460
2.620
0.781
2.695
0.117
1.981
0.000
1.114
0.141
0.000
0.000
0.000
0.000
0.000
0.673
14.832
10.928
3.852
4.401
1.425
0.927
3.433
2.053
1.009
1.823
0.000
0.357
0.288
11.300
11.079
0.038
0.000
0.810
4.546
0.000
0.000
0.000
0.237
0.103
13.118
2.280
0.203
0.062
9.261
2.561
2.022
1.936
7.059
6.834
30.587
12.099
7.055
3.447
8.466
20.761
14.959
5.665
4.611
12.991
0.295
5.066
7.957
6.638
5.014
13.589
6.987
0.879
1.336
4.934
1.547
0.259
5.890
9.186
3.250
15.182
9.158
5.371
8.784
6.163
17.820
29.141
7.913
3.284
9.278
11.041
5.720
0.014
0.332
0.000
0.134
6.134
3.943
4.080
8.343
1.205
11.285
1.404
3.231
5.277
6.341
0.285
0.021
0.096
4.374
4.345
3.262
0.000
5.593
8.017
0.161
4.738
7.502
2.695
2.204
2.637
5.677
9.350
4.549
7.821
0.769
2.202
5.758
0.865
7.514
6.557
2.098
0.299
1.897
5.929
2.160
0.913
8.116
5.474
1.342
2.427
13.024
1.875
6.705
6.221
6.273
2.245
0.021
10.291
9.376
1.641
2.123
0.055
0.953
0.307
2.098
3.979
2.101
1.380
0.573
2.031
0.815
1.003
0.996
0.176
2.261
4.764
2.417
3.656
0.680
2.868
0.524
7.210
0.000
0.000
0.000
0.000
0.153
0.022
8.685
10.136
12.688
6.273
2.287
1.590
0.149
3.880
6.291
0.498
1.183
2.529
17.678
12.397
10.695
13.572
14.538
7.689
6.188
3.882
0.000
0.000
2.601
2.180
0.754
0.379
0.000
0.000
0.000
0.000
0.249
0.000
0.288
0.179
2.832
4.020
0.982
1.399
0.000
0.000
0.000
0.000
0.031
3.124
3.818
4.738
0.000
2.426
4.367
3.148
2.072
1.245
0.003
0.660
5.353
0.395
0.079
0.000
2.323
2.608
0.137
0.076
0.185
0.045
0.501
0.000
0.000
0.000
0.000
0.192
2.587
1.051
2.082
4.693
2.346
6.957
1.574
0.257
1.619
0.184
3.457
0.141
0.000
0.000
0.000
0.000
0.000
0.000
0.398
0.249
0.000
0.000
0.000
0.000
0.098
0.000
1.689
0.306
0.000
0.000
0.000
0.000
1.289
0.000
0.000
0.000
0.000
0.591
3.265
0.000
0.000
0.000
0.000
0.000
0.000
0.000
0.000
0.000
0.000
0.000
0.000
0.000
0.000
0.000
0.000
0.000
1.529
1.921
0.000
0.000
0.160
0.000
0.000
0.000
0.000
0.000
0.000
0.000
2.891
3.811
11.924
0.000
0.000
0.000
0.000
0.000
0.165
0.000
0.000
0.000
0.000
0.000
0.000
0.000
0.079
0.515
0.079
0.000
0.000
0.000
0.000
0.000
0.000
0.000
1.490
0.000
0.000
0.000
1.135
0.000
0.592
0.031
1.329
0.752
0.000
1.628
5.386
5.758
2.959
2.103
4.865
14.256
19.266
8.712
8.343
7.474
2.486
1.337
0.000
0.000
0.000
5.880
11.800
13.201
15.295
38.263
7.742
9.695
6.527
8.305
3.365
0.000
0.000
0.000
0.000
0.000
0.045
0.014
0.312
0.007
0.257
0.179
0.817
10.585
13.161
24.132
3.876
0.189
0.000
0.141
2.390
1.835
4.058
6.077
1.998
1.631
8.841
6.030
2.118
6.032
12.078
11.010
0.896
8.501
3.976
6.945
11.340
7.783
16.689
8.954
10.919
13.180
3.395
3.811
5.188
4.583
16.236
12.772
8.786
5.974
11.759
0.728
7.701
4.120
2.524
5.271
4.292
7.976
6.353
12.391
2.831
4.764
1.935
1.111
4.395
4.825
5.754
4.779
2.671
4.204
3.675
5.397
1.114
2.869
10.682
13.443
1.651
7.448
10.668
0.003
3.100
0.585
5.723
6.981
10.302
2.266
4.590
9.999
1.590
0.517
1.243
0.000
0.294
0.000
0.000
7.430
16.035
23.924
19.237
10.942
9.536
12.023
1.464
10.731
4.750
12.195
1.893
2.019
4.984
2.734
3.715
2.288
5.946
2.602
7.950
10.955
9.898
2.609
9.840
12.748
14.359
3.698
3.392
7.950
10.674
8.123
10.406
12.078
26.184
14.828
3.457
6.812
19.861
3.289
5.134
0.525
4.576
10.279
5.775
2.137
0.872
2.795
10.876
5.658
0.591
4.364
17.237
7.816
19.278
7.543
14.078
6.880
1.073
5.091
1.136
3.811
7.493
1.782
0.635
0.141
2.408
4.669
3.153
2.333
13.709
7.012
0.039
0.556
1.023
0.518
6.714
4.922
1.605
0.841
4.348
4.702
1.169
1.619
1.490
1.439
3.401
3.727
8.106
2.059
0.647
1.195
0.295
2.733
3.944
11.858
8.133
5.050
4.073
1.887
5.971
0.136
0.714
0.399
0.000
5.128
5.070
0.000
0.628
0.151
0.000
0.000
0.000
0.000
0.000
0.000
0.000
0.000
0.000
0.000
0.000
0.000
0.003
0.000
0.000
0.014
0.209
0.000
0.379
0.065
0.398
1.187
2.949
0.000
0.000
0.000
0.000
0.000
0.000
0.000
0.010
0.546
0.000
0.000
0.000
0.000
0.000
0.000
0.000
0.000
0.000
0.385
8.501
0.000
2.020
2.688
0.748
4.849
7.957
2.942
0.000
0.000
0.299
0.577
9.376
1.593
2.173
0.000
0.000
0.000
0.000
0.000
0.167
0.000
0.000
0.000
0.000
0.000
0.000
0.000
0.000
0.000
0.000
1.150
2.747
0.041
1.881
0.882
0.000
0.000
0.000
0.000
3.543
2.973
0.000
0.000
0.429
0.000
0.000
0.000
0.000
0.000
0.125
1.624
3.835
6.559
0.000
0.000
0.000
0.000
0.336
0.858
0.120
3.093
0.479
0.000
0.000
0.000
0.000
0.000
0.031
0.034
0.678
3.713
1.298
5.138
3.092
0.240
0.000
1.174
4.137
0.694
0.805
4.552
0.000
8.161
3.593
0.625
0.014
4.417
8.212
1.998
2.856
13.704
2.549
1.490
0.069
3.698
0.065
0.000
0.000
0.072
0.000
0.000
0.014
5.311
1.699
0.460
1.449
2.304
0.288
3.653
1.109
0.000
0.000
0.060
0.592
3.790
4.933
0.393
1.039
1.148
1.694
1.950
2.414
6.674
18.004
4.480
0.606
1.703
4.340
1.711
5.190
1.964
0.247
2.796
10.368
9.404
3.104
5.938
12.821
12.972
10.649
22.247
7.534
2.695
5.830
13.197
3.529
0.000
0.481
11.326
4.346
1.099
6.623
4.302
3.622
5.902
13.101
18.076
2.015
2.620
0.010
5.174
1.130
3.368
3.457
1.782
9.067
4.807
5.606
0.862
0.000
1.631
19.707
17.317
15.930
15.151
6.770
14.241
5.394
5.720
0.752
3.759
2.774
10.471
4.257
5.826
0.000
1.811
0.340
0.254
0.187
4.831
1.796
1.603
5.893
8.205
6.331
6.120
12.648
9.477
6.152
3.529
-99.000
0.354
2.359
8.552
11.652
3.207
5.970
4.525
0.771
3.790
3.622
7.050
4.669
10.509
2.554
5.128
1.590
1.610
0.000
5.948
4.916
0.491
7.237
5.603
3.155
10.676
2.129
2.796
2.983
4.705
3.232
4.161
5.400
6.492
4.913
7.175
5.328
4.934
4.882
1.638
1.075
5.658
18.090
16.720
11.927
16.387
5.467
10.689
2.558
3.044
4.149
9.539
1.401
2.008
2.561
3.988
1.535
0.007
0.144
0.570
0.539
2.357
0.450
0.096
0.227
3.753
1.796
6.351
13.214
4.702
7.368
2.829
4.889
1.311
3.165
4.408
3.056
0.106
1.315
0.000
2.087
0.687
4.429
0.000
0.000
0.000
0.000
0.103
0.000
0.254
8.830
5.380
8.738
10.547
3.849
3.210
4.358
0.058
1.370
1.821
4.521
8.327
3.644
9.742
6.975
13.618
7.740
8.199
4.807
3.576
7.149
4.896
0.637
5.703
9.860
1.663
0.804
1.193
4.140
0.640
0.000
0.343
6.337
8.252
5.322
8.909
11.896
15.381
4.906
0.364
1.828
5.565
6.667
7.666
10.897
2.959
0.189
0.206
1.226
0.367
4.480
5.946
4.000
6.547
0.117
2.982
0.000
0.000
0.783
0.676
2.990
1.665
0.621
4.049
2.254
6.479
0.000
3.033
0.577
0.699
0.527
0.915
0.494
0.081
0.379
0.000
0.000
0.230
0.010
5.490
6.274
0.000
2.050
4.398
0.000
13.879
13.985
10.595
7.733
7.407
5.862
7.266
2.300
12.721
10.032
18.543
8.490
4.513
0.839
0.000
0.000
0.000
0.000
0.000
0.000
0.000
0.000
0.000
0.136
2.359
3.661
0.635
0.811
3.736
2.241
1.205
0.000
0.000
-99.000
-99.000
-99.000
-99.000
-99.000
-99.000
-99.000
-99.000
0.591
14.135
0.000
1.205
2.532
6.197
7.922
8.844
2.036
0.000
0.000
0.000
0.000
0.000
0.000
0.000
0.000
0.000
0.000
0.000
0.000
0.000
0.000
0.000
0.000
0.000
0.000
0.058
5.418
2.390
0.000
0.000
0.000
0.007
0.000
0.285
10.870
1.552
1.239
2.802
0.072
2.771
6.980
3.106
0.478
7.305
2.695
1.047
5.478
8.206
7.427
7.617
14.334
10.732
5.730
0.172
0.000
1.057
0.954
0.000
2.554
2.702
0.000
0.000
0.000
0.000
0.000
0.000
0.000
0.000
0.115
8.250
1.857
5.111
13.329
6.065
7.531
5.145
1.356
0.960
6.001
3.224
7.912
0.179
0.003
3.955
6.997
0.000
7.314
15.062
2.680
0.081
2.228
0.230
0.491
3.704
5.160
6.786
6.552
1.396
2.918
1.360
0.843
0.444
1.802
1.294
1.727
2.357
5.287
6.587
2.613
7.217
13.560
0.304
0.000
0.000
6.453
1.821
0.185
1.885
0.000
4.731
0.512
0.038
6.784
0.089
0.000
0.831
0.000
0.000
0.635
5.641
2.293
0.000
0.615
4.700
1.150
1.346
1.480
0.000
0.000
0.000
1.861
0.371
0.062
0.051
1.909
10.327
7.986
0.079
0.000
5.337
5.387
6.660
3.643
4.432
11.258
1.270
3.995
0.948
4.971
1.384
2.161
0.821
2.362
4.010
6.940
8.494
5.946
0.141
0.735
2.295
4.082
5.194
0.893
3.892
0.791
9.637
18.725
9.980
6.324
9.663
20.497
1.748
3.320
1.626
5.567
7.749
3.734
8.467
5.000
1.991
8.090
3.418
0.613
4.530
8.861
1.358
7.303
5.631
0.542
4.237
0.000
2.295
4.069
2.065
0.273
1.126
4.599
0.424
0.132
0.000
0.000
10.314
12.155
8.862
2.860
1.172
0.000
0.000
0.000
0.000
0.529
2.844
3.138
2.175
2.527
4.321
1.864
0.488
1.686
0.000
0.000
1.269
1.952
2.166
0.992
0.676
1.987
1.476
3.680
5.407
1.998
4.415
4.116
0.987
0.000
0.000
0.000
0.000
0.000
0.017
1.948
0.783
1.408
0.003
3.866
0.525
1.219
0.259
1.455
0.696
0.045
5.083
0.000
0.000
0.000
0.000
0.237
1.918
0.000
0.257
1.214
0.493
0.000
0.000
0.000
0.000
0.000
0.000
0.000
0.000
0.014
0.285
0.000
0.910
0.000
0.160
1.547
0.000
0.000
0.000
0.000
0.000
0.000
0.000
0.105
0.000
0.027
0.000
0.000
0.000
0.000
0.000
0.000
0.000
0.069
2.922
0.000
0.000
0.000
0.000
0.247
0.460
0.783
0.762
0.000
0.000
0.000
0.000
0.000
0.000
0.000
0.034
0.000
0.000
0.000
0.000
0.546
0.446
0.000
0.000
0.000
0.000
0.027
0.000
0.000
0.000
0.000
0.000
0.000
0.000
0.010
0.000
0.000
0.000
0.000
0.031
0.003
0.000
0.235
0.000
0.000
0.000
0.000
0.000
0.000
0.000
0.000
0.000
0.106
0.247
0.000
0.000
0.000
0.000
0.000
0.000
0.000
0.000
0.000
0.000
0.000
0.014
1.926
0.446
0.000
0.000
3.744
0.000
0.256
0.090
0.000
0.467
2.496
0.573
0.000
0.000
1.078
0.130
1.756
0.589
0.051
0.000
0.014
0.000
0.000
0.000
0.000
0.000
3.480
0.510
0.031
1.674
0.034
0.000
0.000
0.000
0.000
0.000
0.000
0.060
0.000
0.000
0.000
0.000
1.033
1.073
0.029
2.342
0.688
0.294
0.568
0.402
0.000
0.000
0.151
0.000
0.000
0.000
0.000
0.000
0.000
1.181
0.000
0.000
0.539
5.136
8.686
0.000
0.182
0.000
0.498
0.000
0.000
1.686
6.523
0.189
1.404
0.134
6.693
1.809
2.681
1.114
1.493
0.199
7.157
7.752
1.267
6.727
0.103
0.000
0.287
0.000
1.473
9.115
8.087
3.148
0.639
0.328
0.000
2.918
4.048
4.808
18.209
4.477
3.938
4.539
0.975
7.232
3.304
8.054
1.159
17.020
20.428
19.580
7.989
8.150
7.800
1.962
4.271
3.011
5.239
6.389
0.000
0.000
0.082
2.125
5.260
2.942
0.000
1.885
0.110
0.000
0.000
0.209
3.152
3.086
1.950
0.319
0.000
0.000
0.034
0.082
0.000
0.000
0.000
0.000
0.000
0.726
0.000
3.629
0.000
3.477
8.240
2.417
5.864
1.878
1.445
2.745
1.631
0.438
0.941
10.957
5.574
3.490
0.103
0.158
1.389
1.229
5.742
0.833
1.366
8.708
8.827
1.814
2.175
3.389
10.978
3.941
5.260
8.665
6.636
3.085
6.417
7.711
6.485
5.768
5.284
9.476
16.002
29.299
25.890
13.002
10.969
2.956
1.287
2.094
12.140
2.238
2.832
0.817
2.681
4.951
4.319
2.592
2.973
4.621
1.799
2.697
0.508
3.277
5.344
4.525
8.839
6.762
2.224
2.887
0.316
1.009
1.571
4.856
7.457
9.955
1.784
3.706
5.503
2.772
0.336
1.789
0.027
1.943
3.085
0.927
3.318
11.709
1.138
1.191
2.999
3.828
0.793
1.250
7.766
1.353
5.249
3.608
7.217
4.734
1.490
4.508
5.744
1.681
4.319
0.000
0.000
0.604
0.570
2.256
6.108
0.000
6.063
0.034
2.146
0.645
1.923
0.000
0.000
0.429
2.650
5.327
10.109
0.180
1.634
0.000
0.000
2.888
0.376
0.069
0.695
0.000
0.000
0.000
0.251
2.898
0.000
4.396
1.576
7.581
0.263
0.000
0.000
0.000
0.000
0.000
0.000
0.000
0.055
0.970
2.865
3.389
1.015
0.000
0.000
0.000
0.000
0.142
10.430
13.947
3.863
0.156
1.885
9.008
3.459
0.000
0.000
0.314
0.496
0.024
0.000
0.302
0.000
0.000
0.000
0.000
0.000
0.000
0.000
0.000
0.000
0.000
0.000
0.000
0.000
0.000
0.000
0.000
0.000
0.007
1.995
0.743
0.022
0.810
0.000
2.416
0.055
0.194
1.409
5.252
3.492
0.526
0.000
0.084
0.216
1.032
0.000
0.000
0.000
0.805
0.070
0.000
0.000
0.000
0.000
0.227
0.000
0.000
0.000
0.000
0.154
0.000
0.058
0.151
0.306
2.905
0.000
1.234
0.000
0.000
0.000
0.000
1.071
0.000
0.000
0.618
4.722
1.356
4.415
1.377
1.778
3.516
1.272
0.247
0.000
0.010
0.000
0.000
0.003
0.000
1.754
1.452
0.707
0.000
0.000
1.061
0.069
0.000
0.000
0.000
0.893
0.973
2.479
0.000
0.000
0.000
0.000
0.000
0.261
0.000
0.532
8.587
0.000
0.645
0.949
0.570
0.330
0.000
0.000
0.000
0.000
0.000
0.000
0.000
0.000
0.000
0.065
0.117
0.175
2.626
10.300
1.339
5.445
1.641
2.262
3.292
7.632
5.366
4.364
23.215
21.616
6.049
3.572
6.273
8.209
3.413
8.628
16.181
21.468
17.418
8.679
5.840
18.783
12.542
8.295
13.190
7.632
10.983
14.722
5.727
13.997
5.315
4.343
0.821
2.802
10.475
4.851
10.674
12.737
13.747
2.307
12.524
12.765
10.095
3.382
8.914
12.399
5.394
2.506
0.000
0.000
9.550
11.625
17.444
17.048
13.640
32.959
14.917
12.044
11.498
20.951
15.781
14.332
19.096
3.625
7.352
16.867
9.689
4.482
0.031
4.956
7.720
9.235
6.030
6.733
3.270
0.417
2.256
0.893
6.628
8.813
9.697
4.041
7.675
0.937
1.548
4.312
10.616
7.539
8.175
20.401
8.824
10.972
2.148
2.228
7.430
8.733
14.050
6.849
3.375
0.069
0.116
0.000
5.879
4.740
6.221
9.626
15.992
9.525
11.609
11.352
11.668
0.079
4.434
7.376
50.819
5.691
3.782
3.207
2.730
1.126
3.026
3.395
5.467
13.745
3.850
5.157
4.647
5.437
1.620
0.000
0.000
0.000
0.000
0.000
0.000
1.401
1.957
2.644
7.000
2.602
0.062
4.209
12.281
5.442
2.496
1.339
6.365
8.150
6.915
0.766
0.714
15.158
10.997
4.542
1.418
1.318
2.091
3.904
9.726
6.993
1.487
2.685
4.841
1.322
2.122
1.066
0.221
0.294
0.017
4.247
0.836
0.156
0.716
3.761
0.738
0.560
0.000
0.000
0.000
0.000
0.000
0.000
0.014
2.975
6.281
9.927
11.754
4.403
1.124
0.204
0.000
0.845
0.513
0.069
0.000
0.213
1.699
6.156
2.177
1.620
0.728
1.766
0.007
0.594
0.014
0.000
0.000
0.000
0.000
0.000
0.007
0.062
0.000
0.000
0.000
2.156
6.504
3.131
1.353
0.034
2.077
5.503
0.587
3.263
8.295
11.464
0.000
2.142
0.784
0.000
0.010
0.000
0.453
3.320
0.000
4.074
0.000
0.130
0.000
0.000
0.000
0.000
0.685
3.735
0.958
1.281
0.263
1.208
0.096
0.000
0.000
0.000
0.000
0.000
0.000
0.000
0.000
0.000
0.000
0.000
0.000
0.000
4.111
10.240
2.057
0.939
0.264
0.611
0.055
0.000
2.465
1.818
1.270
2.735
1.897
0.379
0.517
1.945
0.000
0.350
0.660
3.301
5.914
10.884
0.254
1.899
2.413
0.476
0.000
3.847
0.216
3.981
0.390
0.774
2.110
0.779
0.000
2.541
2.776
0.204
2.053
0.113
0.645
0.000
0.000
0.000
0.615
0.000
0.000
0.299
0.000
0.323
1.476
0.929
0.944
0.117
17.856
12.634
4.096
3.512
4.341
2.062
4.558
5.519
1.196
0.306
2.044
0.728
6.642
0.000
0.000
0.000
0.000
0.000
0.000
0.000
0.000
0.000
1.282
0.745
1.304
0.000
0.307
0.584
2.345
0.850
3.885
6.420
0.494
0.240
0.000
0.000
0.024
1.480
4.813
0.285
1.710
1.164
0.463
0.000
0.000
0.000
0.000
0.797
1.001
2.714
2.637
0.000
0.000
0.611
0.000
0.000
0.120
0.000
0.584
4.086
6.125
1.207
11.961
6.787
0.625
1.713
7.721
3.720
0.000
0.000
0.000
0.007
0.082
0.889
0.058
0.000
3.577
1.936
1.257
4.899
2.664
4.298
1.337
4.831
9.002
8.017
9.211
9.792
2.747
0.312
9.637
3.619
0.000
0.896
0.000
0.096
0.000
2.647
2.647
3.516
0.000
7.083
0.000
0.000
0.000
9.544
0.676
2.087
0.000
0.000
0.000
0.000
0.000
1.013
9.620
9.390
4.381
1.566
6.748
11.812
5.119
2.331
4.437
14.370
11.852
0.110
0.014
3.385
1.617
3.250
11.972
0.814
0.048
5.519
4.517
1.296
0.122
0.000
2.141
0.000
0.000
0.000
0.594
0.000
2.911
7.030
9.093
2.826
5.231
0.085
6.163
3.485
5.857
10.617
7.613
4.619
12.040
4.963
9.376
7.080
7.946
2.814
1.421
1.073
7.890
7.699
0.754
2.010
3.881
0.000
0.058
2.226
4.003
1.317
1.535
0.754
1.221
9.172
6.830
5.657
5.239
3.071
1.904
12.940
12.404
0.639
0.549
4.927
0.433
4.911
2.486
5.272
4.123
0.069
1.366
4.195
6.079
3.107
1.250
2.225
0.117
1.614
4.250
0.556
3.456
9.558
4.916
5.081
2.472
0.165
0.000
0.000
0.158
0.000
0.000
0.000
4.597
1.976
1.396
0.505
0.045
0.106
0.000
0.000
0.227
5.316
8.571
2.508
0.000
0.685
5.394
2.959
3.160
0.103
0.101
3.734
0.000
0.021
0.000
2.259
34.998
12.469
11.761
12.006
6.056
6.080
9.798
4.388
2.891
5.586
8.748
4.547
0.027
0.031
0.472
0.137
0.000
0.086
1.006
0.000
2.345
3.938
0.209
1.706
0.000
0.000
0.000
0.000
0.000
0.000
0.000
0.000
0.017
2.692
0.175
0.000
0.000
0.000
0.000
0.000
0.000
0.060
0.306
0.000
0.225
0.000
0.000
0.000
4.218
30.757
4.264
0.294
0.000
10.747
2.729
0.007
0.072
0.369
0.359
0.000
0.000
0.000
0.000
0.000
0.000
2.290
0.021
0.000
0.000
0.000
3.468
0.000
0.000
0.000
0.038
0.000
0.000
0.000
0.000
0.000
0.000
0.663
0.385
0.000
0.000
0.000
0.000
1.536
0.244
0.000
0.000
0.000
0.000
0.000
0.000
0.045
0.748
0.000
0.000
0.000
0.000
0.000
0.148
3.622
2.369
0.000
0.000
0.000
0.000
0.000
0.000
0.000
0.000
4.786
17.709
7.320
0.000
0.039
0.000
0.000
0.000
0.000
0.000
0.000
0.000
0.000
0.003
0.309
4.364
2.983
4.738
3.282
10.228
0.261
0.000
0.282
0.000
0.000
0.000
1.768
0.299
8.882
0.045
0.000
0.845
0.748
0.000
0.220
1.051
1.397
0.000
0.000
0.323
3.814
0.645
0.434
1.746
2.296
1.303
4.002
1.157
1.650
2.024
4.777
0.000
2.923
0.221
0.000
0.000
0.000
0.000
0.000
0.058
0.000
0.000
0.000
0.000
0.000
0.000
5.280
0.208
0.415
1.423
0.105
1.035
0.000
0.048
0.000
2.081
7.895
0.007
0.010
3.684
3.577
3.231
0.000
1.761
3.298
0.024
0.000
1.954
6.224
2.565
3.213
4.439
6.825
11.464
6.817
5.435
1.905
4.309
7.587
2.338
0.000
0.000
0.591
2.626
4.710
3.976
4.165
3.111
31.620
13.795
1.257
1.387
7.993
22.186
16.009
18.146
18.158
7.038
5.641
1.037
0.821
14.208
7.052
17.180
14.832
12.706
7.766
6.588
2.911
6.976
1.950
6.096
6.863
8.401
18.601
5.057
0.924
5.842
7.811
7.914
11.656
5.473
6.506
5.023
11.038
5.061
2.479
0.000
8.212
5.507
3.387
3.430
4.872
7.783
1.614
0.045
4.549
7.381
3.183
5.694
0.017
1.689
3.426
11.415
11.029
1.729
2.129
2.987
1.195
0.645
1.025
4.031
0.282
4.906
3.971
5.085
9.078
1.215
5.079
11.716
1.103
3.258
4.707
2.386
4.607
8.467
6.544
7.965
0.855
2.741
2.752
0.755
8.456
8.841
10.665
1.682
2.487
4.633
1.315
0.639
3.880
0.769
0.000
0.000
0.072
0.000
0.000
2.796
1.033
10.379
29.591
16.641
11.733
1.155
9.618
2.208
2.546
3.638
6.388
10.037
14.937
11.650
2.585
3.221
5.146
3.274
0.027
3.248
6.453
3.478
6.777
1.890
2.189
2.741
3.239
1.830
2.970
5.292
0.436
0.463
0.273
0.896
0.000
0.000
0.000
0.000
0.000
0.003
0.954
0.000
0.395
0.000
0.000
0.000
0.000
0.000
0.000
0.000
0.000
0.000
3.296
0.000
0.069
0.446
8.205
3.629
0.000
0.000
7.294
3.416
0.000
0.000
0.000
0.278
2.106
0.065
0.429
0.000
0.007
0.457
0.336
0.069
2.688
0.941
1.593
0.347
0.000
0.000
0.000
0.000
0.000
0.000
0.000
0.000
0.000
0.000
0.000
0.000
0.000
0.000
0.774
1.336
0.000
0.000
0.000
0.000
0.007
0.000
7.047
0.476
6.597
2.055
0.014
1.263
0.000
0.000
0.000
0.000
0.000
0.000
0.000
0.000
0.000
0.000
0.000
0.000
0.000
0.000
0.000
0.000
0.000
0.000
0.000
0.000
0.000
0.000
0.000
0.242
0.000
0.000
0.007
0.000
0.000
0.000
0.000
0.000
0.000
0.000
0.000
0.000
0.000
0.000
0.000
0.000
0.000
0.000
0.000
0.000
0.303
0.522
0.000
0.000
0.000
0.000
4.056
0.000
0.000
0.000
7.496
0.189
0.000
1.725
4.080
0.561
1.943
4.973
6.315
2.606
3.208
8.542
5.823
7.488
4.123
4.769
5.823
3.450
0.429
9.182
16.569
10.004
8.259
3.704
18.704
2.407
10.631
20.943
18.433
8.585
13.331
5.433
1.650
5.758
2.681
13.651
5.294
0.055
0.000
0.079
0.000
1.873
6.681
1.421
0.841
0.024
2.096
18.543
21.236
15.074
22.315
22.604
18.807
6.396
9.254
15.855
11.156
5.945
1.356
7.599
5.994
12.439
0.663
2.292
3.648
5.214
3.716
3.907
3.462
0.716
16.921
7.807
3.062
1.926
7.505
4.745
14.097
4.659
5.335
0.498
2.103
4.951
4.000
5.078
7.998
0.000
0.000
0.110
0.000
0.000
0.000
0.000
0.000
1.061
3.639
0.240
1.947
0.062
0.000
0.000
1.147
1.991
0.000
5.967
3.995
0.791
3.157
0.000
2.767
2.978
0.031
0.027
0.000
0.000
0.000
0.000
0.000
0.000
0.151
0.000
0.000
0.000
1.164
0.000
0.003
1.399
0.700
0.373
1.166
5.237
2.999
6.801
7.714
5.095
4.616
4.129
1.195
0.000
4.082
8.779
1.215
0.276
6.524
6.793
2.398
0.000
5.325
2.204
0.331
1.991
3.804
7.541
10.384
13.295
6.400
6.411
4.837
9.104
13.048
8.647
7.550
3.474
6.942
5.126
1.799
5.085
5.888
1.322
9.045
9.076
1.741
1.655
6.051
15.192
6.602
12.700
7.412
0.834
4.559
6.463
8.803
2.393
8.207
8.902
10.832
17.564
2.197
3.111
5.641
9.551
1.813
0.000
3.159
1.620
0.951
1.715
2.844
3.315
4.403
7.290
4.292
10.973
14.929
4.092
1.651
3.275
0.389
0.961
0.088
5.138
6.804
0.572
0.000
0.000
0.000
3.715
0.000
0.180
0.003
1.473
2.423
5.349
7.660
0.709
4.350
2.125
4.621
0.110
0.555
1.509
0.074
0.000
0.000
1.047
16.309
10.942
5.338
1.603
5.085
11.735
11.993
0.701
1.204
5.158
8.111
5.735
7.957
2.559
1.382
1.112
0.000
0.045
0.000
0.910
6.163
0.000
0.000
0.000
0.000
0.000
0.000
0.000
0.000
0.000
0.000
1.596
0.000
0.000
0.041
3.018
6.985
0.379
0.088
0.547
0.000
0.000
0.000
0.072
0.558
0.000
0.080
0.000
0.064
0.000
0.000
0.000
0.000
0.000
0.910
0.000
0.000
0.000
0.000
0.000
0.000
0.000
0.096
0.100
0.000
0.014
0.072
0.000
0.000
0.000
0.779
1.765
0.908
0.051
0.182
1.095
0.000
0.000
0.000
2.781
8.042
0.158
0.000
0.000
0.000
0.000
0.000
0.855
0.000
0.000
0.000
3.574
0.000
0.000
2.108
0.381
0.038
0.000
0.007
0.000
0.000
0.000
0.148
0.000
0.000
0.000
0.000
0.000
0.000
0.000
0.041
3.124
5.397
0.017
0.000
0.000
0.000
0.000
0.000
0.000
0.000
0.000
0.000
0.000
2.927
8.535
0.167
0.000
0.000
0.000
0.000
0.000
0.000
0.175
0.000
0.000
9.093
2.688
0.450
1.614
1.003
2.568
0.525
0.333
0.000
0.093
0.003
0.076
0.000
0.000
0.000
0.000
0.000
0.000
0.000
0.000
0.000
0.069
0.000
0.000
0.106
1.559
6.310
0.580
0.105
1.057
0.476
0.127
0.017
1.239
0.000
0.000
0.409
0.000
0.244
0.000
0.000
0.000
0.215
0.000
0.000
0.000
0.000
1.090
0.003
0.000
1.662
0.355
0.000
0.376
0.000
0.000
0.076
0.000
0.125
0.597
0.223
0.249
0.000
0.230
0.000
0.000
1.493
0.000
0.000
0.000
0.000
0.000
0.000
4.213
0.000
0.000
0.948
1.717
1.660
0.000
0.000
0.000
1.111
0.448
1.839
2.012
0.186
1.390
2.290
0.000
0.000
0.000
0.840
2.575
4.204
20.215
9.802
7.227
5.589
4.769
0.718
0.000
0.419
1.782
0.618
2.269
2.867
3.114
0.185
0.000
0.000
1.174
2.019
3.811
9.023
2.942
10.461
24.029
21.300
4.168
10.234
5.497
1.287
7.642
0.100
1.164
0.000
1.243
0.867
6.523
3.073
0.609
4.468
0.000
0.335
2.389
2.534
1.545
0.167
0.910
5.287
10.514
6.727
2.268
0.000
0.000
0.000
6.132
6.044
4.538
1.033
5.881
2.369
0.014
0.000
0.076
0.000
0.000
0.000
0.000
0.000
0.203
0.000
0.000
0.000
8.509
1.559
0.324
1.596
2.405
0.730
1.368
5.723
7.648
2.156
0.105
1.202
0.079
2.798
0.548
0.180
0.031
0.600
1.943
2.250
1.143
0.381
3.469
1.710
8.429
7.917
3.974
0.017
0.125
0.321
3.658
0.000
0.000
0.000
0.021
1.844
2.539
1.255
2.690
4.556
3.856
0.000
0.000
0.863
3.739
17.659
9.531
4.008
3.327
0.745
0.324
0.154
1.962
0.601
0.000
0.014
4.391
1.500
0.000
0.000
0.000
0.000
1.837
7.436
0.161
2.462
4.837
0.494
0.000
0.000
0.000
0.000
0.000
0.000
0.000
0.000
0.000
0.093
0.000
0.000
1.435
0.000
0.000
0.021
0.000
0.027
0.000
0.000
0.000
0.000
0.000
9.023
17.695
0.793
1.490
2.012
1.974
0.448
1.785
6.949
7.763
5.761
1.543
0.450
0.299
1.250
0.642
0.000
0.000
0.000
0.000
0.000
0.000
0.769
10.365
12.830
3.612
0.000
0.000
0.000
0.086
0.034
2.242
12.930
2.815
1.772
0.223
0.082
2.153
5.376
0.851
0.106
0.000
0.000
0.000
0.000
0.000
0.271
0.189
0.306
0.000
0.000
0.000
0.000
0.000
0.600
0.000
4.427
0.521
0.000
0.212
0.000
0.000
0.000
0.000
0.000
0.000
0.000
0.000
0.000
0.000
0.000
0.000
0.000
0.000
0.000
0.000
0.640
1.114
0.606
0.086
1.723
0.000
0.000
0.000
0.000
0.968
0.227
0.000
0.470
0.858
1.538
0.103
0.000
0.000
0.000
0.000
0.199
0.203
0.000
0.000
0.319
0.041
0.000
0.144
0.082
0.000
0.000
0.000
0.000
0.239
0.731
0.000
2.050
7.119
1.703
0.127
0.000
0.433
0.912
5.256
4.319
0.000
0.000
0.000
0.034
0.007
0.000
0.148
0.000
0.055
0.014
0.000
0.000
0.855
0.000
1.044
0.031
0.000
0.101
0.148
0.486
0.045
0.687
0.000
1.595
0.000
0.000
0.718
0.000
0.000
0.000
0.000
0.000
0.000
0.000
0.000
0.000
0.000
1.164
0.000
0.000
0.000
0.700
5.747
6.928
5.794
0.027
2.225
10.300
1.085
3.785
0.268
0.402
3.543
7.217
0.000
0.000
0.000
0.000
0.783
1.430
0.528
0.000
0.881
13.311
0.182
7.541
4.429
3.327
0.175
0.889
1.809
3.559
6.510
2.851
0.350
4.190
4.779
4.717
0.249
0.522
2.237
5.526
3.557
11.920
4.369
7.644
10.918
1.433
7.161
10.854
13.486
10.612
6.175
5.302
7.201
2.456
8.562
3.687
5.727
6.884
0.185
0.000
0.000
0.445
4.326
4.621
2.700
1.617
0.014
0.000
0.000
0.000
0.053
2.058
0.136
13.142
15.707
10.025
10.149
3.389
2.184
6.568
3.993
9.290
7.833
16.270
7.706
1.938
0.760
5.095
13.278
13.086
9.187
11.980
17.626
7.405
7.122
0.000
0.021
4.082
3.131
10.667
11.529
9.452
5.040
4.231
7.776
4.202
3.222
0.908
3.486
12.650
13.324
0.000
0.220
0.252
2.920
1.765
0.021
8.777
6.331
0.530
7.301
4.758
1.691
5.036
3.584
7.326
1.243
0.179
0.352
9.371
5.546
6.807
1.749
0.996
0.000
0.000
0.611
0.740
0.000
4.086
13.317
0.730
8.406
8.022
0.659
0.659
3.622
3.402
3.179
0.000
1.328
11.143
1.763
6.327
3.481
4.116
0.635
0.712
1.700
0.000
1.336
1.313
1.786
0.021
2.650
4.923
0.118
0.136
0.247
0.240
0.179
10.765
5.720
4.111
7.437
0.160
3.922
9.350
7.352
2.390
0.000
0.055
5.713
0.954
4.354
8.808
0.383
0.000
0.000
1.339
0.000
0.000
0.788
1.816
0.093
3.382
0.007
0.070
0.000
2.314
4.025
0.312
0.970
0.010
0.000
6.271
0.000
0.000
0.007
0.067
0.017
0.027
0.014
0.364
0.616
5.776
0.079
0.010
0.202
0.000
0.000
0.000
0.000
0.000
0.003
4.218
3.611
0.003
0.000
0.000
0.000
0.003
0.148
0.000
0.000
0.000
0.000
0.000
0.000
0.000
0.000
1.150
1.057
0.510
0.000
0.000
0.000
0.000
0.000
0.000
0.000
0.000
0.307
0.000
0.000
0.000
0.000
0.000
0.079
0.000
0.000
0.000
0.000
0.000
0.745
0.603
1.936
4.522
0.434
0.141
0.000
0.000
0.021
0.093
0.000
0.000
0.000
2.328
0.233
0.051
1.840
0.694
30.566
4.961
2.153
0.426
3.289
0.652
0.287
0.424
0.051
0.000
0.652
0.000
0.458
0.000
0.000
0.000
1.433
1.183
0.065
0.000
0.000
0.000
0.000
0.000
0.000
0.000
0.000
0.000
0.000
0.000
0.000
0.000
0.000
0.000
0.000
0.000
0.000
0.031
0.000
0.000
0.000
1.439
0.000
0.000
1.830
6.976
0.000
0.000
0.000
0.000
0.000
0.000
0.000
0.110
0.000
0.000
0.161
0.000
0.577
0.391
0.285
1.246
2.019
1.880
0.889
0.115
0.000
0.000
0.010
0.112
0.177
0.000
0.503
2.288
7.759
4.031
0.927
0.000
0.000
1.578
0.000
0.003
1.033
1.174
0.512
6.545
0.000
0.299
0.000
0.000
0.000
0.161
0.053
0.203
0.000
0.000
0.000
0.000
1.171
9.627
6.338
4.415
2.740
7.105
3.696
3.114
1.075
0.230
8.659
6.444
6.067
7.114
2.081
9.294
8.087
0.120
0.000
0.000
1.342
3.195
1.445
0.000
0.000
0.000
6.939
8.473
3.430
2.046
1.957
10.214
3.347
0.481
0.000
0.000
0.086
0.000
0.000
0.076
3.797
3.176
8.693
11.446
3.644
0.000
0.069
3.976
3.883
0.419
6.564
5.740
15.604
6.650
2.070
0.000
1.301
0.050
3.454
4.679
2.182
2.565
2.369
1.607
2.306
5.921
0.000
4.140
2.297
9.520
16.112
3.871
3.023
5.582
2.189
1.620
0.398
10.070
4.896
0.704
0.048
1.519
5.885
2.012
2.608
2.747
6.025
3.742
19.772
21.557
2.297
1.219
7.419
0.189
0.000
6.276
4.659
0.707
0.110
5.256
5.976
4.072
8.133
14.950
8.456
5.133
3.828
7.366
1.370
2.434
13.668
6.842
10.150
7.852
1.895
2.762
2.961
6.623
1.051
0.161
3.468
0.529
4.407
0.477
0.232
4.700
1.163
3.064
0.000
0.688
2.046
0.393
1.615
1.995
0.239
3.081
1.903
1.749
0.141
0.906
0.909
1.653
0.615
5.358
2.841
9.855
5.668
1.509
5.105
9.174
0.618
5.871
2.905
0.288
5.088
2.201
1.463
3.107
7.649
0.041
5.253
1.765
1.191
1.535
0.292
0.453
5.342
0.041
0.038
0.000
0.000
0.669
0.058
5.249
1.430
0.206
0.000
0.003
0.350
0.103
0.000
0.388
0.000
0.000
0.000
0.000
0.000
0.000
0.000
0.000
0.000
0.000
4.859
0.474
0.857
0.517
2.774
0.000
0.000
0.031
0.000
0.000
0.000
0.048
0.000
0.000
0.496
0.000
0.000
0.000
0.000
0.591
3.502
0.266
0.067
0.506
2.601
3.864
0.101
0.000
0.000
0.051
0.730
0.536
0.000
0.919
0.010
0.017
0.000
0.000
0.000
0.141
7.120
8.435
0.000
2.518
0.299
0.295
1.325
0.000
0.000
0.335
0.027
0.000
0.000
0.000
0.000
0.000
0.000
0.000
0.000
0.000
0.000
0.000
0.000
0.000
0.000
0.000
0.000
0.000
0.000
0.000
0.000
0.000
0.000
0.000
0.000
0.091
0.000
0.000
0.000
0.000
0.000
0.000
0.000
0.000
0.014
1.202
0.989
2.259
0.417
0.000
0.038
0.000
0.158
0.309
0.000
1.157
0.324
0.536
0.000
0.391
0.000
0.409
0.743
0.000
0.000
0.000
0.014
0.354
0.000
0.539
1.864
0.000
0.000
0.963
0.000
0.000
0.000
0.000
0.000
0.125
0.000
0.000
0.000
0.294
2.846
3.183
0.053
1.847
0.000
1.756
0.000
0.000
0.081
1.582
1.040
0.000
1.780
2.456
1.957
1.481
4.619
0.197
0.771
0.433
2.230
0.798
0.106
2.987
0.000
0.000
0.000
0.088
1.200
5.689
0.000
0.039
0.592
3.462
1.090
0.316
1.512
0.003
0.000
0.000
0.000
1.166
0.664
0.165
1.414
1.088
3.272
9.030
4.456
1.481
7.986
5.794
0.136
0.342
3.775
4.807
7.598
1.778
12.432
7.217
6.424
9.744
9.225
5.416
0.000
1.327
1.136
23.627
27.208
20.503
16.177
20.067
4.940
21.255
94.148
28.164
1.775
0.106
1.895
6.089
0.053
6.571
21.212
32.482
27.603
12.143
10.034
0.263
0.216
4.990
5.243
4.600
0.000
0.000
1.031
0.454
0.014
0.000
0.000
0.000
0.000
6.076
2.573
2.395
6.123
15.563
10.851
10.235
16.363
7.225
1.445
6.949
1.166
0.141
1.870
1.682
5.019
12.392
3.129
0.154
5.016
3.179
7.800
1.155
3.121
14.143
2.601
1.833
1.461
1.734
0.700
0.288
2.482
5.538
4.295
0.000
1.607
2.959
7.248
11.052
0.000
0.594
0.625
3.241
5.871
9.833
1.631
0.000
0.282
0.000
0.161
8.762
0.687
6.640
14.756
1.809
2.002
0.000
0.000
0.000
2.561
11.110
6.245
8.442
9.568
0.319
1.852
10.887
0.508
2.479
9.622
14.844
9.194
0.656
6.106
2.499
7.747
6.166
1.691
0.000
0.000
0.249
15.384
3.548
3.735
4.381
0.163
8.293
7.690
2.625
0.307
1.814
7.168
8.203
7.660
6.454
0.000
0.683
0.000
1.582
1.832
0.045
0.436
3.831
0.127
2.517
0.259
2.414
5.689
2.172
1.826
7.747
0.168
0.524
6.818
8.428
6.315
0.000
1.149
1.017
0.546
3.616
0.274
0.000
0.000
0.000
1.595
0.000
0.249
0.169
0.000
0.000
1.118
0.000
0.168
0.000
0.000
0.360
1.160
0.245
0.137
0.000
0.000
0.055
0.000
0.000
4.693
0.729
0.091
3.410
0.000
0.747
0.261
0.000
0.000
0.000
0.000
0.000
0.000
0.000
0.000
0.000
0.000
0.000
0.000
0.000
0.264
0.120
1.239
0.051
1.404
0.879
0.010
0.051
0.000
0.000
0.000
0.000
0.237
0.251
0.000
0.000
0.000
0.000
0.000
0.000
0.000
0.000
0.000
0.000
0.656
0.000
0.187
2.769
6.729
2.288
0.000
0.000
0.000
0.000
0.000
0.000
0.000
0.000
0.000
0.000
0.000
1.848
0.000
0.000
0.000
0.000
0.000
0.000
0.000
0.000
0.000
0.057
0.000
0.000
0.000
0.000
0.000
0.000
0.000
0.000
0.000
0.000
4.662
1.634
0.000
0.000
0.000
0.000
0.539
0.381
0.000
0.000
0.000
0.000
0.134
0.000
0.000
0.433
1.828
1.885
3.306
1.744
0.048
0.000
0.000
1.603
0.000
0.000
0.251
1.703
0.446
4.374
7.302
0.463
1.610
1.926
2.221
4.000
4.427
1.133
0.000
4.106
1.717
4.309
4.559
3.591
3.447
7.285
3.526
0.347
0.000
0.000
0.000
0.000
0.000
0.000
0.067
3.267
14.593
0.340
0.148
0.000
0.338
0.093
10.393
15.434
6.703
4.118
2.266
0.000
0.000
0.000
0.000
0.000
1.480
0.000
1.875
5.524
0.618
2.958
0.000
0.000
1.028
0.000
4.831
1.641
1.703
1.552
0.000
0.000
0.000
1.080
12.509
4.664
8.640
5.569
7.932
0.572
0.000
8.851
8.672
18.064
6.042
2.043
0.017
2.961
4.338
5.270
0.506
0.512
0.315
2.707
3.608
0.536
0.000
4.420
13.898
3.286
12.379
14.917
12.095
8.751
14.729
20.196
7.778
3.851
1.052
4.412
4.065
0.027
4.858
2.259
3.602
10.074
15.776
3.474
2.999
2.192
8.892
2.314
3.950
2.115
0.302
0.807
0.474
0.349
1.227
1.924
5.535
12.931
7.503
2.644
0.000
0.000
0.000
0.000
0.000
0.038
0.031
0.000
2.481
12.509
0.000
0.000
0.675
0.084
5.479
3.102
1.381
4.327
0.838
0.000
0.000
0.000
1.118
1.001
9.706
6.540
0.858
1.298
9.350
0.472
3.620
3.934
2.726
3.711
9.726
4.762
3.135
4.240
0.000
0.000
2.517
4.944
4.583
5.589
10.410
0.110
1.397
4.252
5.116
3.080
0.536
2.534
0.213
3.145
5.194
2.070
0.237
1.133
0.000
1.051
7.693
14.842
9.041
5.737
4.099
1.813
5.678
10.421
2.668
1.080
1.207
9.096
6.192
4.849
3.445
4.645
0.819
0.000
0.134
0.000
0.000
0.007
0.149
1.020
6.051
7.363
4.792
0.000
0.309
0.985
0.532
0.000
0.549
0.148
0.000
0.000
0.000
0.000
0.000
0.000
0.723
0.000
0.000
0.000
0.000
0.000
0.000
0.000
0.000
0.000
0.000
0.000
0.000
0.000
0.364
0.669
0.000
0.000
0.000
0.000
0.000
1.684
0.533
2.299
2.673
7.673
0.695
0.500
0.000
0.000
0.221
0.033
0.000
0.000
2.941
0.000
0.893
0.000
0.000
0.000
0.000
0.000
0.000
0.000
0.000
0.000
0.000
0.000
0.904
0.038
0.000
0.000
0.000
0.000
0.000
0.000
0.000
0.000
0.000
0.000
0.103
0.027
0.127
3.275
0.754
0.000
0.000
0.000
0.000
4.559
0.000
0.772
0.450
0.000
0.000
0.000
0.010
0.000
0.000
0.000
0.000
0.000
0.000
0.000
0.000
0.000
0.000
0.000
0.000
0.000
0.045
0.000
0.177
0.000
0.376
0.000
1.193
10.653
24.245
2.462
0.790
0.802
0.554
0.797
0.000
0.000
3.714
2.613
4.572
1.011
0.130
0.000
0.000
0.000
0.000
0.000
0.000
0.000
0.000
0.000
0.943
0.000
0.280
0.261
0.000
0.388
0.000
0.065
0.078
1.914
6.973
0.217
0.051
0.000
0.395
0.985
0.000
0.000
5.459
1.657
0.596
0.079
0.110
0.522
0.367
0.069
0.000
0.000
0.000
0.000
0.000
0.000
2.005
1.972
0.542
0.134
1.588
0.911
0.422
0.000
0.491
0.625
0.591
4.062
0.651
0.865
0.000
0.419
0.754
0.242
3.231
0.908
0.529
0.003
0.014
0.093
1.808
7.375
0.000
0.000
0.000
0.000
0.000
0.000
4.707
4.211
6.190
0.000
0.000
0.000
0.000
0.197
0.000
0.000
6.654
7.817
0.766
3.783
0.000
2.959
0.000
4.861
0.247
0.467
5.376
0.628
11.010
2.812
0.000
0.000
1.147
0.240
3.553
0.000
0.000
0.000
1.576
0.000
2.204
4.271
4.381
1.109
2.894
0.000
0.000
0.000
1.233
0.000
0.000
0.000
0.000
1.960
2.551
1.384
0.000
0.034
5.212
12.871
6.868
10.204
2.077
6.547
1.909
1.150
2.036
0.034
4.867
6.674
0.000
0.000
5.589
14.344
0.117
2.822
1.119
0.000
0.000
0.240
4.628
0.000
0.000
0.299
2.487
5.778
2.817
8.834
10.900
7.928
9.707
8.881
5.210
2.026
0.031
0.328
0.875
1.088
3.512
0.685
4.745
0.000
0.929
0.537
1.028
0.017
1.245
1.102
0.000
5.128
2.616
7.453
2.764
0.800
4.559
4.271
0.336
0.220
0.903
4.851
5.037
1.287
4.831
2.786
8.072
9.903
0.235
0.463
0.175
1.397
0.822
1.699
2.733
1.257
1.988
7.608
17.125
22.264
19.480
4.913
3.246
5.644
7.646
0.280
1.761
0.314
0.827
6.820
9.443
4.774
5.483
3.555
6.922
0.000
3.468
4.475
2.077
2.410
4.910
7.093
3.292
8.830
3.589
0.316
1.509
0.928
3.583
4.425
1.385
0.000
0.031
1.682
1.511
2.613
5.007
6.245
0.419
2.683
0.000
0.100
0.788
1.373
0.422
0.982
5.023
2.894
3.924
1.432
0.836
0.000
0.642
1.524
0.000
0.000
0.489
0.000
0.000
6.564
8.286
3.140
0.000
0.000
0.248
0.000
0.000
1.032
0.021
4.484
0.094
0.282
0.536
4.219
0.000
0.000
0.000
0.000
0.000
0.000
0.000
0.000
0.000
0.000
0.000
0.000
0.000
0.220
5.558
8.700
0.706
0.752
0.306
0.632
0.000
0.000
0.007
0.000
0.000
0.000
0.000
0.058
0.000
0.000
0.000
0.000
0.000
0.000
0.000
0.000
0.000
0.000
0.000
1.416
0.007
0.000
0.000
0.000
0.000
0.000
0.000
0.336
5.800
0.058
0.000
0.000
0.000
0.000
0.000
0.000
0.000
0.000
0.000
0.000
0.000
0.000
0.000
0.000
0.000
0.000
0.000
0.414
0.463
0.000
0.000
0.000
0.000
0.017
1.275
2.077
0.920
0.237
0.000
1.514
0.000
0.000
0.000
0.000
0.000
0.000
0.000
0.000
0.000
0.000
0.041
0.082
1.682
2.798
0.000
0.000
0.436
0.000
0.000
0.000
0.302
7.941
0.975
0.371
0.694
0.076
1.892
1.109
1.500
2.616
0.319
0.089
0.113
0.000
0.000
0.412
3.656
1.947
9.393
6.468
0.700
4.892
0.402
1.936
4.954
0.000
2.493
1.133
4.468
4.439
4.034
1.466
5.730
2.098
1.061
0.000
0.000
0.000
0.000
0.000
0.985
0.000
0.000
0.000
0.000
0.003
0.000
0.000
0.000
0.626
1.579
1.686
0.000
0.733
0.021
0.946
0.000
0.000
0.666
2.326
7.690
3.332
0.742
3.351
0.000
3.598
4.643
1.754
0.432
0.000
0.810
2.175
1.238
0.000
1.620
0.100
1.171
0.381
0.038
0.000
1.662
0.000
1.099
1.778
9.132
6.163
0.041
0.000
0.000
0.000
0.000
0.000
0.525
0.058
3.461
4.885
9.455
0.824
0.130
1.016
4.353
6.671
10.748
1.047
10.531
2.630
0.898
3.583
4.383
1.801
0.000
0.000
3.022
2.059
0.204
6.022
0.865
5.861
9.737
3.114
4.934
8.291
4.655
1.475
0.027
1.195
16.495
7.406
3.105
0.228
0.417
1.136
0.048
0.139
0.000
1.239
1.808
5.987
0.937
0.985
4.862
0.750
7.887
3.974
9.773
1.931
3.088
2.486
4.841
2.599
8.841
8.574
4.721
4.007
1.392
0.000
0.580
0.949
0.000
1.289
0.977
7.581
6.624
0.366
0.000
3.691
1.617
0.038
2.287
1.875
11.632
4.810
0.014
0.000
0.000
7.663
10.887
13.161
5.541
1.696
12.839
18.078
11.577
5.222
1.183
2.081
7.229
1.909
5.270
7.060
1.167
1.892
0.336
3.045
1.239
0.000
0.130
0.261
0.405
0.465
0.905
1.318
7.481
8.542
12.933
3.344
0.000
0.038
0.051
0.024
0.000
0.062
9.321
0.398
0.000
2.002
8.933
11.591
1.308
4.225
5.129
1.538
4.367
0.443
8.278
3.062
3.505
3.938
8.997
0.000
0.000
0.021
0.292
1.911
8.805
1.990
0.000
0.385
0.055
0.000
0.000
3.145
5.914
7.103
7.474
1.396
0.010
0.000
0.000
0.000
9.822
14.692
8.133
1.104
5.574
2.559
0.000
1.150
0.076
0.000
0.409
0.177
0.000
14.756
14.433
0.275
0.000
0.370
9.084
1.430
6.975
12.227
5.476
0.000
0.000
0.000
0.288
0.282
0.000
0.000
0.010
0.287
14.444
6.729
0.000
0.000
0.000
0.124
1.365
9.335
1.665
0.628
0.000
0.000
0.000
0.000
2.080
0.000
0.079
0.296
0.822
0.000
0.000
0.000
0.000
0.445
0.000
0.000
0.000
0.000
0.000
0.000
0.000
0.000
0.000
0.082
0.000
0.000
0.000
0.148
2.393
0.000
0.062
0.000
0.000
1.188
5.368
0.106
3.231
0.000
0.000
0.000
0.000
0.000
0.000
0.000
1.710
1.789
6.853
2.493
1.219
0.769
0.055
2.057
0.106
2.493
9.843
19.863
1.363
0.000
0.000
0.621
7.227
0.000
0.000
4.243
6.856
5.778
1.336
6.609
14.996
16.699
16.006
3.622
0.000
0.000
0.024
0.000
0.000
0.007
0.021
0.319
0.000
0.000
0.000
0.000
0.000
0.124
1.171
2.551
3.464
0.041
0.000
0.000
0.000
0.000
0.000
0.003
0.000
3.897
0.110
0.000
14.732
17.640
21.691
3.543
2.719
0.000
11.742
13.249
19.995
40.680
35.149
3.066
0.573
1.016
1.749
1.233
0.000
0.055
2.681
0.415
5.220
1.718
10.065
7.553
2.479
1.912
3.456
2.602
0.000
0.000
0.000
0.000
0.000
0.566
2.503
2.571
0.129
3.270
4.432
1.150
10.255
7.072
14.263
2.880
4.082
1.105
5.854
11.954
3.399
1.540
0.848
7.308
3.320
4.633
2.561
8.941
8.484
3.184
4.310
23.094
15.039
4.922
9.093
14.291
14.883
9.801
15.345
5.519
0.000
0.000
0.000
2.209
19.183
23.429
5.798
3.535
2.434
5.737
6.063
11.855
10.990
14.680
16.013
13.743
14.131
9.431
6.135
0.000
0.100
17.434
16.104
4.774
0.860
1.940
6.547
1.754
0.055
0.000
1.281
12.964
14.687
3.165
6.406
0.127
0.000
0.000
0.000
2.774
5.668
2.486
3.598
0.494
7.443
21.320
19.714
17.314
16.438
1.627
3.112
10.070
0.041
7.378
1.696
23.500
15.697
11.165
13.776
8.102
6.310
5.555
0.199
1.723
5.273
12.931
15.479
4.589
3.327
4.609
6.971
2.369
5.785
5.181
8.491
5.128
0.215
2.461
0.620
0.106
1.536
12.247
3.428
7.121
11.654
14.001
1.685
0.000
0.036
14.488
3.253
1.341
3.965
0.849
0.000
7.248
14.897
4.337
2.673
0.196
5.713
16.867
13.838
12.054
6.202
0.192
10.507
20.486
21.085
3.929
1.350
1.723
3.567
0.000
5.933
7.757
4.910
2.569
1.955
13.381
14.084
2.929
0.318
3.720
6.211
1.737
13.210
0.747
5.161
0.448
0.000
0.000
1.159
9.636
1.227
0.000
0.000
5.670
17.321
20.280
35.265
15.906
23.059
29.069
23.989
7.656
12.003
12.556
19.827
4.104
9.992
9.409
5.445
6.103
9.345
0.331
3.615
0.551
0.123
10.514
11.522
10.370
8.047
0.223
2.489
0.000
0.000
0.000
0.000
0.000
0.000
1.382
1.687
14.131
4.692
1.847
2.134
1.578
7.002
10.753
1.794
0.000
1.303
1.233
0.459
0.698
2.520
2.666
2.059
1.293
0.474
1.636
1.539
1.681
1.157
0.000
0.307
0.000
0.379
0.000
0.000
4.146
28.325
47.757
0.000
0.000
0.000
0.000
0.000
0.877
0.454
4.089
8.726
1.116
0.247
0.000
2.755
7.636
5.903
0.000
0.000
0.000
0.000
0.000
0.000
0.000
0.000
0.000
0.000
0.000
0.000
0.000
0.000
0.000
0.000
2.716
14.729
69.101
30.671
1.895
9.496
5.406
0.000
0.000
0.000
0.000
0.996
0.707
1.881
2.726
0.000
0.000
0.000
0.000
0.000
0.000
0.000
0.000
4.983
2.082
1.016
0.000
0.244
0.000
0.476
9.684
6.102
3.541
6.150
3.486
3.419
0.627
5.285
0.742
0.800
0.000
0.000
0.000
1.208
1.516
0.014
0.000
0.000
0.088
0.000
0.000
0.000
0.000
2.745
1.215
0.000
0.000
0.000
0.079
0.000
0.000
0.000
0.103
0.379
0.031
5.691
0.000
0.096
0.000
8.082
4.135
3.116
1.105
3.403
0.003
0.809
4.278
0.148
0.190
0.000
0.000
1.811
0.134
0.000
0.000
0.014
3.670
0.000
0.000
0.000
0.663
18.881
8.389
6.176
7.903
1.978
1.212
0.377
4.669
15.589
0.726
0.000
0.014
0.000
0.316
0.486
0.000
14.106
18.306
0.546
2.650
0.000
0.223
1.128
2.133
13.060
2.453
0.000
0.086
0.949
0.989
0.340
0.306
1.778
0.985
2.803
5.019
0.893
0.956
0.216
5.200
2.299
0.081
1.758
1.971
16.105
12.136
4.453
1.087
2.120
7.045
3.967
5.696
9.496
3.547
0.000
0.000
0.000
0.000
0.000
0.000
0.000
0.045
0.000
0.007
4.829
0.000
0.000
0.000
0.100
0.000
4.103
0.675
2.165
11.337
0.127
0.000
0.000
3.914
7.697
13.681
0.024
0.434
4.786
4.894
6.271
31.663
11.280
17.122
11.170
20.493
14.116
5.213
8.933
1.085
0.390
10.530
7.488
0.775
0.331
0.936
0.149
17.267
10.707
3.571
0.793
16.171
37.855
8.602
2.515
11.715
12.792
3.739
6.865
1.191
8.422
10.571
19.017
8.017
4.546
5.356
8.166
0.470
0.237
5.521
10.925
5.787
12.679
13.580
17.221
1.605
10.835
4.518
2.647
4.916
7.699
1.984
1.823
1.428
10.516
7.625
1.267
0.814
3.833
6.243
7.674
2.783
2.151
5.316
1.013
15.527
9.563
17.556
8.111
1.910
7.866
18.908
4.988
4.162
2.174
3.697
8.009
1.457
0.740
1.028
6.218
1.212
1.519
0.648
0.000
2.350
6.783
2.515
6.309
13.651
15.240
10.119
2.328
5.035
0.000
0.604
0.084
1.602
1.428
0.000
1.215
0.021
0.000
0.000
0.000
9.838
4.841
5.371
8.094
2.026
0.692
0.003
4.156
0.000
0.000
0.000
1.528
0.000
0.000
0.003
0.000
0.000
0.000
0.000
0.000
1.372
0.000
0.000
13.609
14.951
24.027
20.217
8.103
0.805
0.076
0.000
0.000
0.000
0.000
0.000
0.000
0.000
2.316
15.226
10.382
7.098
6.690
0.433
0.000
0.137
0.000
0.148
0.000
0.000
0.000
0.347
0.000
0.007
0.000
5.878
0.000
0.069
0.000
0.000
0.000
0.000
0.000
0.000
0.000
0.000
1.339
1.169
0.000
0.161
1.435
2.091
0.000
1.432
0.000
0.000
0.000
0.591
0.003
1.881
7.209
8.324
14.643
0.000
6.771
3.830
6.281
4.626
1.227
1.205
0.894
0.000
0.000
0.383
0.103
0.698
0.192
7.306
0.223
3.136
4.985
1.566
4.477
0.587
0.290
0.021
1.149
0.000
6.779
22.299
12.047
4.010
13.914
30.841
18.035
26.146
32.484
25.054
2.282
2.806
0.482
1.904
3.325
0.129
0.216
1.045
17.892
9.217
18.424
23.276
8.405
0.644
0.000
0.000
0.000
0.000
4.643
0.000
0.000
0.000
1.207
0.249
2.038
0.160
1.480
4.940
9.519
17.899
15.545
2.316
9.975
7.639
1.936
0.000
0.000
0.000
2.029
3.247
5.354
0.000
0.000
0.000
0.154
1.615
3.466
0.985
0.463
7.215
6.803
0.917
12.681
5.939
0.285
0.477
0.271
0.000
3.229
2.501
0.999
0.093
0.031
1.154
14.931
7.730
0.000
0.000
0.000
0.024
0.455
0.414
0.458
1.172
9.925
2.590
6.540
11.782
6.307
11.958
12.356
9.129
9.541
0.000
0.477
3.505
0.920
1.380
0.656
0.038
0.632
0.000
3.145
3.440
0.913
1.160
0.391
0.790
0.841
5.129
8.343
2.015
0.494
0.199
0.110
0.000
3.890
2.566
91.959
5.121
2.750
0.000
2.022
19.662
10.554
4.618
1.037
11.594
9.012
1.404
0.357
6.355
12.806
12.099
1.792
3.677
3.189
8.659
10.430
0.000
1.351
4.796
10.925
11.728
3.660
0.656
0.642
16.994
6.911
1.521
6.255
7.368
3.639
1.641
11.275
6.077
11.736
11.398
7.975
0.817
20.605
9.091
9.126
20.895
7.057
4.292
4.558
10.561
37.855
14.099
3.605
5.435
18.304
13.467
8.724
6.067
4.731
21.533
30.463
11.569
1.006
2.759
9.897
8.863
1.677
0.578
0.000
5.868
16.224
3.462
1.655
0.449
1.984
1.706
1.275
0.007
5.498
0.827
0.000
2.686
2.975
0.547
1.370
3.371
10.451
16.345
0.944
5.528
10.149
0.003
8.748
6.073
4.678
1.555
1.521
0.000
0.908
0.233
0.889
0.288
8.281
3.914
5.600
24.185
26.266
2.214
6.683
4.449
3.971
3.179
0.728
12.116
4.910
5.210
0.673
10.080
6.503
0.141
2.345
5.023
1.452
0.000
0.000
0.000
0.041
0.781
3.338
0.003
5.902
12.112
10.044
2.937
0.312
0.000
0.000
0.000
2.640
3.945
2.585
0.000
1.423
0.079
0.000
0.306
0.000
0.000
0.000
0.328
0.251
0.367
0.213
0.007
0.000
0.041
0.000
0.000
0.233
11.517
6.073
6.845
0.079
1.037
0.185
0.731
6.319
2.628
0.000
0.000
0.161
6.136
3.109
5.615
0.051
0.000
2.072
0.000
0.000
0.000
0.000
0.436
0.000
0.000
0.000
0.000
0.000
0.000
0.000
0.000
0.000
0.003
0.000
0.000
0.755
0.000
0.429
1.308
0.336
7.460
0.000
0.000
0.000
0.000
0.017
0.034
15.163
1.394
0.803
4.048
0.903
1.511
2.541
0.400
0.000
0.069
0.100
0.240
0.000
0.000
0.000
0.072
0.000
0.000
0.000
0.000
0.000
3.095
9.915
0.010
0.000
0.000
0.021
0.855
0.000
0.000
0.000
0.000
0.000
8.906
2.438
0.000
0.000
0.676
0.000
0.000
0.000
0.000
0.000
0.000
0.000
0.000
0.000
3.268
1.157
0.000
0.000
0.000
0.000
0.000
0.000
0.000
0.000
0.000
0.697
4.655
0.141
14.152
5.802
1.238
0.069
0.000
1.590
22.761
10.097
8.830
16.011
3.341
6.808
8.092
1.172
5.740
1.322
3.775
2.094
0.100
1.061
3.615
0.003
0.694
0.270
0.000
0.000
0.000
26.453
4.628
14.516
2.819
4.642
21.094
9.410
0.069
0.470
13.139
0.117
0.000
0.000
0.735
5.359
0.055
2.081
1.267
2.197
3.183
2.029
0.000
0.113
2.578
14.073
30.391
8.762
2.304
0.748
3.044
1.851
13.599
3.327
2.898
0.639
3.437
0.048
0.591
0.378
2.280
1.425
0.024
0.179
0.831
1.627
0.000
0.000
0.000
0.027
0.000
2.590
0.000
0.000
0.000
1.030
1.414
0.100
6.413
2.293
3.399
3.663
5.782
10.221
3.165
0.000
4.346
3.395
3.272
0.038
1.768
2.235
4.692
2.707
0.000
0.000
18.000
2.630
0.000
0.522
0.000
0.051
14.725
13.662
1.047
0.161
1.222
6.220
7.912
6.811
12.126
10.916
3.915
0.393
0.000
0.000
0.000
0.000
0.966
8.228
7.608
2.597
8.731
8.583
2.638
0.213
8.229
6.866
7.114
7.210
6.082
4.621
4.539
7.800
0.103
1.384
3.128
10.567
2.338
0.347
0.000
0.000
0.954
0.350
0.237
0.924
14.485
5.194
0.220
0.345
3.802
4.010
2.262
0.167
6.600
7.071
1.966
0.027
2.849
0.113
2.237
2.072
10.434
10.278
5.021
5.445
1.840
0.429
5.770
1.492
9.018
10.606
1.378
5.519
7.584
7.433
14.481
2.549
5.394
6.460
6.113
3.344
0.409
0.000
0.515
0.000
0.573
0.148
10.928
10.379
4.504
0.882
10.145
9.452
1.064
3.780
2.537
9.156
18.745
5.157
0.000
0.000
0.058
4.498
0.209
0.354
2.177
4.963
7.773
0.000
7.714
5.838
0.560
0.000
0.072
5.373
8.858
4.058
6.384
7.742
6.121
6.464
12.660
5.041
3.969
3.829
7.425
5.589
0.000
0.879
0.000
0.000
0.539
1.624
0.045
1.566
8.391
1.447
3.418
0.000
0.000
0.000
0.000
0.000
0.309
0.841
9.421
1.935
6.293
0.604
1.748
3.921
3.217
2.266
2.074
0.000
0.000
0.082
0.000
0.000
1.318
11.052
23.648
16.273
7.529
0.419
0.000
0.000
3.550
0.941
0.405
2.632
2.819
12.984
0.106
0.000
0.000
0.000
0.000
15.640
13.754
7.007
13.091
0.000
0.000
0.039
1.851
0.000
0.357
0.000
0.000
10.043
19.617
0.182
0.992
0.173
1.567
2.669
0.000
0.331
0.000
0.000
0.000
0.007
0.000
0.000
0.403
0.000
0.000
0.000
0.000
0.000
0.000
0.000
0.000
0.000
5.055
0.620
1.359
6.137
1.921
0.031
0.000
1.279
0.869
0.000
0.000
0.000
0.000
0.000
0.231
0.010
0.000
1.552
0.000
7.072
0.161
0.705
0.000
0.000
0.000
0.000
0.783
7.411
0.875
0.000
0.000
1.142
1.365
0.000
3.073
9.086
2.391
26.381
30.774
94.362
14.111
5.696
0.699
2.611
11.953
5.989
9.243
32.957
13.362
24.275
10.634
15.456
17.475
13.348
2.649
6.628
30.607
15.067
0.709
0.041
0.000
0.000
0.584
9.404
1.099
1.205
2.448
1.147
0.000
0.216
3.289
0.203
0.082
0.700
1.483
0.165
1.542
1.164
1.857
0.000
0.000
0.134
4.019
2.795
0.000
2.048
5.018
5.078
2.608
4.404
17.988
13.894
2.760
0.547
0.000
0.000
0.000
0.000
0.000
0.000
0.000
0.000
0.000
0.000
0.000
0.142
2.704
0.115
0.000
0.003
0.323
0.000
0.536
0.148
1.751
3.500
1.955
0.000
0.000
2.067
0.522
2.450
0.213
2.783
13.190
2.703
11.288
10.095
0.942
0.850
0.007
0.000
1.753
5.854
9.865
1.349
2.489
0.000
6.269
0.602
0.051
6.705
4.240
2.674
0.072
0.034
0.021
2.348
6.820
0.017
20.328
7.797
24.621
11.139
14.329
1.754
0.261
6.980
8.240
2.063
6.537
15.513
2.695
6.159
11.371
10.537
0.000
0.000
0.003
8.847
9.108
7.479
18.471
10.265
27.275
2.650
0.000
0.000
1.972
0.051
0.027
4.032
7.043
8.808
8.866
3.866
11.434
11.687
8.039
11.426
0.151
9.508
6.624
5.639
3.193
1.112
1.892
6.535
14.777
5.620
3.969
9.719
6.798
3.941
8.537
6.685
26.822
13.896
18.832
28.949
17.630
1.742
3.260
0.000
0.530
5.662
3.298
5.198
9.282
4.710
3.905
3.943
8.163
1.404
1.040
1.797
8.101
1.772
6.429
4.673
2.860
11.851
11.092
35.453
12.173
7.637
0.103
6.092
6.237
7.964
8.635
4.992
4.870
13.178
5.164
0.438
1.069
0.423
1.408
6.788
4.734
1.530
4.935
0.882
8.247
12.327
5.749
0.000
0.963
1.287
0.000
0.000
0.000
0.000
0.034
8.657
8.895
7.494
3.463
0.537
0.144
0.115
5.485
2.954
5.170
3.948
2.819
5.593
3.862
2.173
0.335
2.305
4.820
9.355
3.211
9.045
13.781
2.161
3.831
9.055
6.096
4.623
4.154
0.766
1.059
3.910
1.878
0.360
0.000
0.913
0.064
0.000
0.000
0.000
0.000
0.771
0.312
2.111
3.054
0.263
0.245
0.268
0.000
0.000
0.000
0.000
0.000
2.460
0.031
1.086
0.000
0.062
0.000
0.000
2.013
1.840
0.335
0.132
4.443
5.204
4.650
2.856
9.131
0.688
0.172
0.209
0.000
0.000
0.000
0.000
1.181
0.000
0.000
0.000
0.000
0.000
0.493
0.031
0.000
0.000
0.860
2.815
0.000
0.000
0.000
0.000
0.000
0.000
0.350
0.172
1.531
0.000
0.000
0.000
0.000
0.000
0.000
0.000
0.000
0.000
0.000
0.000
0.000
0.000
0.000
0.000
0.000
0.000
0.000
0.065
4.863
0.038
0.000
0.000
0.343
0.948
0.000
0.027
0.000
0.690
0.021
0.000
0.000
0.714
2.307
5.950
1.121
0.239
0.000
0.000
0.000
0.117
0.038
0.021
0.000
0.000
0.000
0.000
0.000
0.000
0.000
0.000
0.000
0.587
3.107
1.267
0.000
0.000
0.000
1.116
1.638
1.919
0.766
0.000
4.024
2.362
9.898
9.283
5.644
1.044
0.000
0.000
1.816
4.321
0.000
1.346
0.017
0.000
0.000
0.000
1.480
1.239
0.669
0.000
0.000
0.000
0.000
0.000
0.319
2.506
0.000
0.000
0.000
0.000
0.000
1.679
2.832
0.124
1.576
0.700
1.308
6.036
3.220
0.148
0.268
0.000
2.750
3.392
0.772
11.518
8.363
4.214
2.273
3.945
6.175
12.729
2.633
3.493
6.408
3.150
0.000
0.000
0.357
1.746
0.966
1.263
8.248
10.588
13.532
9.337
9.500
5.519
5.686
3.454
0.000
8.902
7.987
1.044
2.741
0.180
0.000
0.000
0.000
0.000
3.274
17.146
6.012
0.360
11.089
16.437
54.494
26.256
16.667
29.026
5.902
15.189
4.029
6.688
12.818
17.909
14.277
17.705
21.133
15.470
4.146
4.561
5.016
10.588
7.363
4.999
5.437
3.257
0.000
7.539
7.328
4.249
21.207
8.665
7.447
10.313
0.819
6.204
1.530
0.206
1.093
4.163
0.079
4.255
5.873
13.737
13.774
11.695
3.877
9.218
12.809
26.211
5.522
0.021
5.141
5.571
2.648
3.432
17.748
5.558
12.118
8.805
5.806
2.494
13.857
5.761
7.832
2.633
8.032
19.609
8.430
10.621
9.299
14.239
7.102
1.900
5.881
1.457
0.307
4.086
4.857
5.694
3.208
14.818
0.542
8.756
1.457
6.934
3.288
0.654
2.666
2.289
2.120
4.350
1.790
8.164
13.012
5.787
12.353
11.316
3.250
4.099
3.045
4.113
4.271
8.298
10.094
6.980
3.557
17.966
1.923
9.606
1.823
5.315
6.803
19.343
4.051
13.832
11.800
2.630
0.841
0.592
8.106
2.609
0.244
0.402
2.738
0.259
5.342
5.066
6.368
3.902
1.499
4.014
1.940
0.193
3.972
1.478
10.612
2.444
5.633
0.542
4.212
7.331
1.018
0.000
0.000
0.000
0.000
0.000
0.000
2.070
6.331
0.784
0.101
2.299
0.179
0.843
0.508
0.000
0.786
1.765
11.343
1.675
0.034
5.867
8.657
0.388
0.041
0.371
0.000
0.530
5.388
1.826
0.000
0.282
6.503
0.591
0.704
0.000
0.007
2.084
0.288
0.000
0.000
0.000
0.021
0.000
0.000
0.000
0.191
0.000
0.000
0.000
0.017
0.000
0.000
0.000
0.000
0.000
0.000
0.000
0.000
0.000
0.000
0.000
0.000
0.000
0.000
0.000
0.000
0.000
0.000
0.000
0.000
7.809
1.366
1.682
0.082
0.000
0.000
13.269
10.664
1.085
0.000
0.000
0.000
0.247
0.000
1.943
0.000
0.000
0.000
0.306
3.227
6.503
1.233
1.075
0.172
0.515
0.203
0.000
1.164
0.000
0.376
0.124
1.912
4.779
0.000
0.000
0.000
0.034
0.000
0.000
0.635
0.014
2.341
2.547
0.110
8.573
6.224
3.220
0.000
0.000
0.000
0.000
0.192
4.156
12.068
3.320
0.120
0.000
0.000
0.000
0.000
0.000
0.072
0.288
0.007
0.000
0.000
2.488
1.675
0.000
0.165
0.000
0.000
0.000
0.025
0.271
0.000
1.457
0.497
0.000
0.890
0.070
0.000
0.886
0.573
0.000
0.017
0.000
0.000
0.000
0.000
0.000
0.000
0.261
0.000
3.959
2.032
0.000
0.000
0.000
0.000
0.000
0.000
0.000
0.560
0.000
0.045
0.493
2.139
2.633
4.988
4.007
10.878
0.522
0.944
14.423
11.577
4.971
0.426
0.000
1.826
0.048
0.110
8.423
5.718
2.717
6.660
6.319
1.358
2.394
5.090
0.639
4.104
0.902
0.000
0.000
0.000
0.244
1.327
3.049
1.504
0.000
1.998
6.389
3.459
1.025
2.951
7.062
11.865
2.125
4.419
0.106
14.889
28.573
22.622
4.122
2.978
0.000
0.000
0.922
4.749
13.220
10.489
5.258
3.116
0.000
3.301
8.623
32.896
16.522
18.678
13.115
5.895
2.075
0.000
2.982
13.709
17.683
16.957
11.704
14.145
13.999
7.340
1.418
0.299
2.735
4.676
6.214
3.605
4.583
14.651
24.482
14.907
6.564
0.687
11.153
19.593
14.849
3.457
1.991
5.531
20.352
7.423
10.543
6.674
15.214
3.727
5.744
16.069
1.854
1.514
3.504
7.110
6.125
15.151
6.842
11.052
7.726
5.883
12.073
17.316
3.650
4.161
5.101
0.719
4.716
10.628
3.403
3.131
14.094
16.620
11.847
6.326
4.362
0.000
1.075
3.200
6.595
6.475
21.168
11.651
0.863
2.699
0.142
0.000
1.545
6.448
1.669
3.080
0.000
0.591
0.635
10.154
0.259
6.307
9.177
1.562
2.304
2.990
5.575
7.254
0.271
5.156
2.184
0.000
0.000
0.000
1.941
3.023
0.831
4.727
2.079
4.204
0.700
0.000
3.152
8.948
0.896
0.613
0.510
0.000
0.000
0.711
1.174
1.181
4.489
20.007
6.444
0.809
6.396
2.130
0.123
0.223
4.700
0.101
0.000
0.031
0.000
0.000
0.017
0.058
0.000
0.000
4.043
3.184
8.956
2.844
1.445
1.938
0.000
2.625
7.351
0.532
7.248
0.544
0.505
1.143
1.310
0.307
0.000
0.048
1.233
0.000
0.000
0.000
0.000
0.000
0.000
7.587
14.962
14.124
2.604
0.402
0.000
0.000
0.000
0.460
0.000
0.051
4.364
0.000
0.000
0.000
0.103
0.000
0.000
0.000
0.000
0.000
0.000
0.000
1.466
18.711
3.813
8.466
0.000
0.299
0.204
0.000
0.000
0.000
0.144
4.128
0.000
0.000
0.000
0.000
0.000
0.000
0.233
0.419
4.202
0.000
0.000
0.000
0.000
0.000
0.000
0.000
0.000
0.000
0.000
0.000
0.000
0.000
0.000
6.056
1.737
1.844
0.000
2.420
0.000
0.000
0.000
0.000
0.000
0.803
3.959
0.673
0.000
15.024
3.967
5.826
0.000
0.000
0.000
0.000
0.000
0.000
0.000
0.048
0.000
0.000
0.000
0.270
4.146
1.130
0.427
0.000
0.000
0.000
0.000
0.000
0.000
0.000
0.000
0.000
0.000
0.000
0.000
0.000
0.000
0.000
0.000
0.000
0.257
0.000
0.172
1.735
3.807
0.000
0.000
0.903
4.204
0.572
0.000
0.292
0.106
8.554
6.353
7.701
4.875
40.337
6.655
1.071
6.393
8.415
22.008
5.919
1.782
16.164
12.131
4.674
0.288
8.957
11.328
13.350
10.901
10.780
0.479
4.782
7.474
4.292
8.231
0.144
0.204
0.621
0.421
8.616
5.170
2.959
0.048
9.156
3.159
7.237
6.448
0.000
3.596
0.010
0.000
0.058
0.000
0.000
0.000
0.000
0.000
0.000
0.000
0.000
0.383
15.760
5.979
6.167
6.361
2.453
2.797
6.195
4.566
1.424
3.617
4.809
9.950
12.315
5.934
0.295
6.745
25.803
9.717
22.164
3.231
0.000
0.336
5.445
12.494
5.981
4.578
0.014
1.027
0.615
15.130
15.199
16.723
14.935
6.657
6.363
2.129
8.986
6.533
1.373
0.556
9.592
8.278
2.335
0.000
9.828
6.841
1.500
0.055
0.000
1.329
9.565
8.679
1.315
0.000
3.241
5.634
10.430
2.053
17.382
4.590
1.847
8.655
1.174
5.270
8.367
5.490
13.211
3.577
1.864
3.399
2.027
3.308
7.828
7.847
6.152
1.493
9.462
6.235
13.218
1.092
0.905
9.150
5.995
7.363
4.559
8.228
6.954
2.393
11.484
10.145
0.168
2.630
9.120
5.249
1.715
0.949
0.000
0.055
0.000
6.719
10.365
12.222
3.783
7.467
3.265
24.862
7.765
6.774
6.191
6.926
27.933
3.888
6.611
15.887
12.718
7.296
5.419
1.789
4.233
3.670
13.365
4.729
2.740
9.002
3.522
3.219
4.705
1.933
0.000
2.786
11.704
4.698
0.345
3.722
7.859
3.150
0.175
0.712
0.000
0.489
11.069
6.753
5.919
3.184
6.999
17.688
6.655
4.269
5.145
2.302
10.919
2.317
1.947
5.246
7.899
3.018
3.952
1.202
0.000
1.578
0.172
4.120
5.879
0.130
6.025
2.353
0.000
8.271
2.144
4.707
4.040
0.093
2.620
0.216
0.034
2.599
3.612
0.542
0.003
1.696
9.908
3.251
4.583
0.000
0.014
0.175
7.299
0.082
0.924
0.065
0.000
0.000
1.885
0.333
3.931
7.069
0.257
0.913
0.000
0.000
0.024
1.469
2.266
0.000
0.000
0.000
0.000
0.000
0.091
0.093
0.575
0.076
0.000
0.000
0.000
0.913
2.697
1.948
0.881
10.053
0.633
0.000
0.000
0.132
0.666
0.421
1.107
0.000
0.208
0.000
0.000
0.000
0.000
0.014
0.010
2.058
0.000
0.335
0.000
0.000
0.000
0.103
0.065
1.322
6.429
0.668
0.010
0.000
0.000
0.000
0.000
0.000
0.000
0.000
0.000
0.000
0.348
3.166
3.466
4.173
0.000
0.175
9.810
0.814
0.000
0.000
0.508
4.934
0.652
0.000
0.000
0.000
0.000
0.000
0.106
3.286
2.283
1.548
3.052
2.122
0.003
0.196
0.000
0.000
0.000
0.000
2.846
8.171
8.353
4.110
1.682
0.021
0.017
0.062
0.199
1.027
0.000
0.000
0.000
0.000
0.000
1.122
0.025
0.000
2.151
1.080
0.690
0.007
6.521
1.063
8.035
0.011
3.588
0.000
0.000
0.000
0.000
0.000
0.000
0.000
0.000
0.039
0.049
0.000
0.000
0.000
0.000
0.000
0.000
0.000
0.000
0.000
5.205
0.386
0.000
2.312
8.714
0.010
0.074
10.828
32.712
6.036
27.095
42.534
5.395
30.099
46.050
7.883
14.606
23.479
22.366
1.286
3.559
13.614
19.006
0.034
6.341
3.366
0.000
3.577
7.629
13.932
0.896
0.239
0.149
1.072
0.254
0.021
1.579
2.892
0.970
9.373
10.633
6.346
9.131
0.807
14.923
0.220
0.518
0.000
0.000
0.288
6.723
10.810
6.535
9.812
10.365
1.487
5.655
18.387
0.021
0.000
7.352
24.846
24.479
18.670
18.943
6.557
1.720
0.086
2.235
16.744
5.273
15.474
20.507
13.328
15.520
13.410
7.256
2.026
8.144
5.466
1.456
9.623
5.737
3.262
4.240
5.129
3.639
11.937
21.595
6.842
3.622
1.878
8.669
5.915
2.264
4.336
3.049
8.360
2.362
6.187
5.826
2.359
13.887
5.960
2.925
5.193
8.219
3.904
8.727
0.676
0.034
5.778
5.665
1.517
6.326
1.620
2.769
5.777
16.932
12.368
15.177
2.717
1.116
9.555
16.407
9.998
2.534
0.606
2.535
8.367
17.211
18.884
7.557
0.874
12.330
6.669
2.158
0.941
3.037
9.768
3.821
1.940
0.041
1.160
1.966
4.473
10.258
12.057
1.107
2.113
5.849
11.942
3.451
4.527
0.180
4.383
6.197
3.871
4.470
2.656
14.251
4.647
3.938
1.444
6.053
8.164
1.526
3.421
7.424
0.029
10.015
9.108
0.000
0.000
0.000
2.879
11.299
1.871
3.632
5.733
0.000
0.000
0.810
0.251
2.623
3.804
4.185
4.676
1.421
0.505
0.742
0.182
0.000
0.000
0.041
0.000
4.879
5.716
0.000
0.000
0.000
1.205
1.126
0.247
0.141
0.920
0.309
0.793
0.211
1.172
0.960
0.000
0.374
4.475
11.079
10.121
9.126
2.683
9.273
0.522
1.530
2.359
0.000
0.000
0.000
0.707
5.437
4.264
8.695
7.553
1.157
0.000
0.000
0.000
0.000
0.000
0.000
0.000
1.265
6.406
0.000
0.000
0.000
0.000
0.000
0.000
0.000
0.000
0.000
0.082
0.000
3.251
0.000
0.336
1.234
0.000
0.000
0.000
0.000
0.000
0.676
1.451
0.000
0.000
0.000
0.000
0.347
0.501
0.000
0.000
0.000
0.000
0.062
2.214
2.135
2.125
3.148
5.205
0.021
0.110
0.000
0.000
0.000
0.000
0.845
0.000
0.086
3.334
0.120
0.000
0.000
0.000
0.000
0.000
0.027
0.124
0.000
0.457
0.072
0.422
1.990
0.000
0.809
0.082
0.000
0.220
0.845
1.186
1.427
2.261
1.651
0.000
0.000
4.913
1.064
0.000
0.000
0.000
0.000
0.000
0.359
0.651
0.860
0.045
2.051
0.177
12.636
0.450
0.000
0.347
2.345
11.455
2.362
0.000
0.216
0.000
1.658
1.600
0.000
0.000
0.000
1.020
0.113
3.474
1.665
0.000
10.495
4.673
25.600
7.704
7.776
10.547
0.000
5.915
3.389
5.064
6.303
3.375
22.714
14.006
0.278
0.000
0.000
0.000
0.000
0.172
0.240
0.800
0.021
0.000
0.000
0.000
0.000
9.213
1.068
0.000
0.000
0.000
0.000
0.000
0.000
0.000
0.865
0.000
0.000
0.000
0.000
0.000
0.000
0.000
0.000
0.000
0.000
0.000
0.000
1.497
1.136
1.184
2.575
4.123
15.077
6.839
1.449
0.247
5.273
6.973
1.116
12.967
3.869
18.745
1.384
0.000
0.000
0.965
0.000
0.024
5.383
8.156
19.633
11.082
1.778
5.287
10.065
6.650
1.044
30.252
12.933
44.172
59.324
7.412
5.078
19.236
0.137
1.662
4.827
11.175
18.000
18.763
9.081
6.748
1.487
6.798
23.689
34.466
21.324
5.500
32.077
23.964
3.217
15.277
0.000
0.000
2.702
2.863
2.738
10.224
13.415
8.199
2.105
0.503
1.054
1.887
0.731
1.081
3.765
9.380
2.864
5.524
2.153
7.417
6.396
5.268
11.787
10.607
7.568
15.458
1.188
3.837
4.956
17.758
20.462
4.146
5.467
3.149
4.243
4.579
0.465
0.326
8.961
3.089
5.619
5.624
2.432
17.459
13.681
2.262
0.000
0.855
1.044
8.544
13.457
9.203
0.611
13.067
5.330
1.923
0.966
5.127
1.021
4.679
8.607
4.843
7.672
7.242
3.390
7.045
9.869
3.862
5.557
8.099
1.380
0.000
6.942
9.409
10.355
6.865
3.737
14.593
10.269
8.283
0.882
0.017
2.765
13.815
14.109
1.542
11.500
7.661
0.869
0.764
0.761
0.498
4.528
9.036
0.000
0.000
2.273
1.507
2.834
5.824
1.071
9.846
8.883
6.494
4.690
7.021
5.037
1.033
0.000
0.000
0.089
0.000
0.000
0.000
0.000
0.000
2.410
1.397
0.000
0.000
0.000
0.000
0.927
0.000
1.246
0.000
0.000
0.000
0.000
0.000
0.000
1.246
0.027
4.731
0.000
1.003
7.009
0.000
2.070
0.000
0.000
0.048
0.000
0.240
0.570
6.183
1.590
0.058
0.086
2.280
1.421
0.419
0.654
0.623
3.084
0.354
1.425
0.000
0.000
0.000
0.000
0.000
0.098
0.252
0.055
2.180
0.209
0.000
0.029
1.215
4.863
1.672
0.359
0.632
0.247
3.042
0.000
0.000
0.000
0.000
0.000
0.091
0.000
0.000
0.021
0.000
0.000
1.397
2.118
0.000
0.000
0.148
0.014
1.167
0.000
0.000
0.003
5.497
3.533
4.480
1.377
0.354
0.000
3.753
5.198
0.000
0.000
3.286
0.728
0.000
0.000
0.000
0.000
4.024
9.211
0.261
4.268
9.483
0.000
0.000
0.117
0.014
0.027
0.113
6.908
2.321
1.888
0.000
18.162
3.564
0.553
29.919
7.611
0.000
0.000
1.366
1.265
0.772
2.283
3.107
10.849
0.323
2.295
32.408
4.098
3.159
6.252
2.168
0.296
0.685
5.504
6.171
0.098
0.000
2.164
4.922
0.857
0.057
0.088
0.000
0.014
1.947
4.618
2.523
0.518
0.170
12.437
2.862
16.409
5.584
6.163
1.207
3.299
0.000
0.000
0.000
0.000
0.000
0.000
0.000
0.000
0.000
0.000
0.000
0.000
0.055
9.122
0.000
6.393
1.658
10.911
4.769
0.000
0.608
2.110
14.069
2.966
3.337
13.091
0.000
0.175
0.354
0.330
11.270
6.770
5.018
4.362
1.524
0.203
2.172
29.165
57.445
3.574
10.315
11.311
15.492
6.824
4.207
4.743
15.104
6.190
3.680
0.051
0.000
0.328
2.855
8.554
10.070
5.086
4.503
4.424
1.035
0.000
0.784
3.766
15.419
11.718
1.964
0.000
0.573
6.715
0.323
0.000
0.000
4.731
6.410
0.903
0.000
7.438
0.663
9.354
5.493
2.956
0.597
0.000
0.000
0.316
0.659
5.229
2.596
0.076
1.147
0.000
0.498
0.292
6.648
24.165
36.428
47.236
1.377
5.231
0.216
0.148
15.614
0.340
4.352
10.478
0.742
1.928
10.640
15.922
16.926
8.791
1.751
3.631
13.189
5.782
2.548
6.005
9.944
16.771
6.063
3.543
0.086
0.000
0.000
3.238
1.009
4.580
2.750
0.835
18.531
16.020
3.095
11.218
16.878
11.282
11.767
11.409
16.946
3.469
4.446
3.624
0.378
8.990
3.361
2.621
0.695
0.173
0.572
5.576
7.313
7.847
8.919
0.848
0.875
2.874
1.315
1.662
4.477
0.000
3.262
3.042
0.790
0.989
0.336
1.452
4.089
7.320
1.263
0.127
6.969
3.385
4.062
4.649
4.954
7.134
1.476
5.267
1.500
2.688
5.727
0.918
4.738
1.693
6.475
9.531
3.583
3.128
1.521
0.000
0.192
0.151
0.027
1.353
0.257
0.577
8.137
14.437
6.279
0.683
0.704
1.032
4.079
3.227
1.284
3.653
4.808
2.597
2.953
7.872
6.849
1.075
0.000
0.000
0.000
0.000
0.000
0.000
0.000
0.000
0.000
0.000
0.000
0.000
0.082
0.901
0.860
0.000
0.220
0.985
0.494
1.926
0.000
0.036
0.021
11.551
14.650
8.966
2.460
4.662
2.482
5.939
19.700
4.314
2.503
2.314
1.174
0.000
0.000
0.031
4.171
0.409
0.000
0.017
0.364
0.278
0.058
0.000
0.254
0.302
0.000
0.000
0.000
0.000
0.000
0.000
0.000
0.151
0.000
0.000
0.000
0.000
0.000
0.000
0.000
0.000
0.419
1.003
0.000
0.000
1.123
0.000
0.000
0.228
0.505
12.730
0.000
0.000
0.000
0.058
0.000
0.014
1.974
0.000
1.051
1.871
3.921
0.426
0.000
0.000
0.000
0.000
0.000
0.048
0.000
0.000
0.000
0.000
0.000
0.223
0.251
0.021
0.081
0.000
0.021
10.938
5.624
3.117
4.554
0.000
0.000
0.000
0.000
0.000
0.017
0.000
2.285
0.661
3.303
1.978
0.120
4.261
2.238
14.622
0.077
0.130
7.522
2.970
1.620
0.542
0.127
0.814
0.000
0.161
0.000
0.000
0.000
0.002
0.002
0.000
0.333
0.323
0.941
0.129
0.010
0.185
11.704
2.321
0.759
2.757
7.136
0.182
3.711
0.000
0.089
0.000
0.002
0.196
1.591
0.000
0.642
6.942
0.000
0.000
0.000
0.005
0.000
0.002
2.824
14.452
0.975
0.000
0.000
0.000
0.000
0.038
0.304
0.659
8.111
0.261
1.269
3.577
0.039
2.523
0.203
0.000
1.186
0.000
0.000
0.000
0.000
0.000
0.000
0.045
12.960
10.035
6.154
0.539
0.134
0.015
1.675
7.354
5.411
2.417
4.037
1.020
0.282
1.542
0.724
6.638
6.496
0.958
1.258
0.673
9.541
4.976
7.814
11.100
6.485
14.155
7.977
9.283
2.067
0.000
2.218
1.703
6.051
1.384
0.000
0.007
0.103
1.215
0.608
2.542
3.239
5.943
0.809
0.853
4.103
10.708
17.957
3.612
0.213
0.024
0.415
2.498
9.848
7.440
0.930
0.601
0.000
0.000
0.000
10.593
3.207
0.065
0.003
1.277
4.568
1.373
0.934
0.082
0.809
0.072
1.875
2.589
0.316
0.000
0.501
11.460
3.904
0.000
0.019
0.002
0.007
0.000
2.228
2.798
0.031
0.285
0.000
0.268
0.086
0.026
0.443
0.058
0.433
4.820
5.630
9.768
1.929
0.051
0.017
0.912
0.216
0.192
1.473
0.000
1.957
0.165
0.891
1.620
3.516
1.583
1.514
4.999
0.144
9.081
10.811
0.000
0.000
0.000
0.000
0.062
0.110
0.536
0.117
0.029
0.000
0.003
0.117
0.000
0.017
0.688
2.880
2.681
0.003
2.424
0.005
3.035
7.891
4.309
0.021
2.843
0.213
1.390
0.000
0.000
0.000
0.319
0.000
0.213
6.376
8.017
0.766
0.010
0.041
0.203
0.069
0.132
0.034
0.021
0.203
0.041
3.677
5.208
2.048
4.618
1.427
1.885
0.019
0.000
0.632
2.345
0.038
0.196
1.538
0.000
0.000
0.000
0.067
0.000
0.002
0.000
0.026
0.031
0.000
0.148
0.299
0.031
0.000
0.000
0.021
0.106
1.634
0.002
0.003
1.559
14.832
0.563
0.141
0.000
2.170
0.106
0.000
3.950
0.010
0.007
0.002
2.534
0.000
0.000
0.002
1.581
15.762
11.798
17.221
2.441
0.003
0.007
3.613
2.836
1.239
0.877
0.000
0.429
0.000
0.000
0.000
0.000
0.000
0.000
0.000
0.000
0.000
0.000
0.002
0.000
0.031
0.003
0.000
0.000
0.000
0.000
0.000
0.000
0.000
0.019
0.000
0.000
0.002
0.000
0.000
0.326
0.017
0.010
0.000
0.000
0.000
0.000
0.149
0.000
0.000
0.000
0.000
0.142
0.000
0.000
0.000
0.453
0.000
0.000
0.000
0.000
0.000
0.000
0.000
0.000
0.137
0.000
0.000
0.000
0.100
1.332
0.254
0.000
0.578
0.000
0.000
0.002
0.000
0.000
3.964
2.290
0.000
0.003
0.000
0.271
0.000
0.003
0.000
0.179
0.903
0.000
0.144
0.000
0.076
0.012
0.343
0.000
0.000
0.141
0.000
0.113
0.027
0.000
0.513
1.095
0.158
0.000
9.653
1.373
0.295
0.319
1.004
0.017
0.000
0.000
0.038
0.024
0.000
0.002
0.000
0.065
0.000
0.000
14.883
0.117
5.733
1.294
0.000
0.000
0.000
0.034
0.000
0.000
0.000
0.000
0.002
0.000
0.024
0.000
0.000
0.000
0.000
1.311
0.000
0.000
0.591
0.000
0.000
0.218
0.000
0.000
0.000
0.316
0.335
0.000
0.000
0.000
0.000
0.299
0.000
0.000
0.079
0.000
0.000
0.731
0.000
0.000
0.000
3.474
0.007
0.000
0.000
0.000
0.000
0.000
0.000
0.000
0.000
0.000
0.000
0.000
0.014
0.522
0.089
0.000
0.000
0.000
0.000
0.000
0.002
0.000
0.000
0.000
0.000
0.045
0.000
0.000
0.034
1.943
0.000
0.434
7.181
0.106
12.957
9.259
0.003
0.000
0.086
0.481
0.000
0.000
0.141
0.000
0.045
1.250
0.000
0.000
0.340
0.000
0.000
0.968
13.561
3.560
0.000
0.000
3.008
0.154
0.000
0.000
0.130
0.000
0.082
11.069
0.017
1.645
2.831
2.053
1.356
1.744
0.645
4.151
0.002
0.010
4.762
0.688
1.270
0.000
0.000
0.000
5.335
1.751
0.026
0.000
0.120
0.055
2.848
3.730
9.949
1.899
0.117
0.000
0.295
0.000
0.007
0.584
1.281
0.079
1.353
0.000
0.134
4.587
1.936
8.113
4.542
0.007
0.110
0.000
0.002
0.000
0.000
0.027
0.156
0.127
0.007
0.141
0.481
0.882
3.432
0.247
1.274
0.872
2.328
3.008
0.793
2.571
4.472
6.561
3.002
2.245
0.264
0.002
0.000
0.000
0.000
0.697
0.168
0.010
0.172
0.113
1.526
1.909
0.690
0.007
0.000
0.000
0.000
0.000
1.143
0.491
0.199
0.014
0.000
0.002
0.000
0.000
0.635
1.167
2.053
0.000
0.000
0.285
0.694
30.611
3.892
0.477
0.292
0.704
1.390
0.000
0.000
0.000
0.045
0.134
0.003
0.086
0.472
0.640
1.270
0.000
0.731
0.179
1.497
4.103
0.091
0.000
0.002
0.062
0.681
0.790
0.100
0.000
0.002
0.000
0.000
0.000
0.017
0.021
0.000
0.000
0.874
2.448
0.091
0.115
0.009
0.007
0.120
0.000
0.000
0.000
0.002
0.000
0.000
0.000
0.036
0.069
0.005
0.000
0.000
0.000
0.000
0.000
0.000
0.000
0.000
0.000
0.024
0.000
0.491
0.000
0.000
0.000
0.000
0.000
0.000
0.000
0.002
0.000
0.000
0.000
0.000
0.000
0.000
0.000
0.000
0.000
0.000
0.000
0.000
0.058
0.002
0.000
0.000
0.000
0.003
0.000
0.134
0.000
0.000
0.028
0.015
0.537
0.190
0.000
0.000
0.000
0.000
0.000
0.045
0.000
0.000
3.750
0.000
0.000
0.542
0.000
0.460
0.002
0.000
0.000
0.002
0.000
0.000
0.000
0.000
0.000
0.000
0.000
0.000
0.000
0.000
0.000
0.055
0.000
0.587
0.017
0.000
0.000
0.000
0.000
0.051
0.082
0.000
0.000
0.261
0.263
0.177
0.000
0.000
0.000
0.003
0.033
0.000
0.000
0.000
0.000
0.048
0.548
4.060
0.017
0.000
0.000
0.000
0.000
0.000
0.000
0.002
0.002
0.000
0.000
0.000
0.034
0.027
0.000
0.973
0.000
0.118
0.285
0.000
0.000
0.000
0.000
0.000
0.000
0.000
0.000
2.386
0.000
0.893
1.481
0.000
0.000
0.000
0.000
0.000
0.000
0.051
0.010
0.000
0.000
0.000
0.000
0.000
0.000
0.000
0.000
0.000
20.877
1.380
10.815
11.484
8.677
1.996
0.470
14.279
4.268
7.927
5.828
0.312
0.000
0.024
0.069
0.000
0.000
5.239
8.696
4.278
2.019
0.017
1.418
2.949
8.240
18.814
4.686
0.003
0.000
0.000
0.000
0.000
0.002
0.000
2.592
3.380
3.018
0.060
0.000
0.000
0.062
0.000
0.031
0.795
0.057
0.002
2.678
0.000
2.525
12.024
0.245
0.002
0.000
0.002
0.000
9.417
5.427
1.015
0.048
0.000
0.194
0.036
0.000
2.582
5.076
0.000
0.000
0.000
2.618
0.000
0.007
0.003
4.177
0.288
4.049
9.119
0.076
1.416
1.476
0.439
0.000
9.335
23.669
0.000
0.251
0.000
0.000
6.710
1.572
0.000
2.613
1.205
3.910
5.960
3.955
10.724
0.000
0.179
5.727
0.031
0.051
6.787
4.292
0.251
0.000
0.151
1.414
0.869
2.008
1.562
2.026
0.855
1.064
2.740
1.205
0.051
0.065
9.366
8.664
0.129
0.053
0.051
2.479
0.017
1.729
0.034
0.124
0.010
0.000
0.014
0.010
0.005
0.112
0.893
0.000
0.000
0.065
7.311
7.778
0.170
2.038
0.882
0.292
0.515
0.027
0.766
0.055
0.000
0.000
0.003
0.415
1.181
0.371
0.278
0.000
0.000
0.000
0.000
0.062
0.005
0.072
0.189
0.223
0.000
0.000
0.000
0.002
0.000
0.000
0.010
0.010
1.765
15.801
13.111
15.566
9.874
2.853
0.209
0.046
0.000
0.000
0.000
0.021
0.000
0.412
0.124
0.000
0.106
3.368
0.043
0.000
0.000
0.000
0.000
0.000
15.894
5.461
6.363
0.149
0.000
0.012
0.000
0.000
0.001
0.000
0.000
0.184
0.000
0.000
0.000
0.136
1.069
0.036
0.122
0.000
0.000
0.000
0.000
0.000
0.000
2.547
0.074
0.184
0.093
0.012
0.000
0.000
0.000
0.000
0.058
0.002
0.000
0.000
0.000
0.000
2.422
0.221
0.002
0.000
1.250
4.290
14.396
4.750
0.003
3.193
0.000
0.000
0.000
0.000
0.021
0.000
0.000
0.000
0.000
0.079
0.000
0.000
0.000
0.000
0.000
0.000
0.048
2.757
0.860
0.038
0.000
0.000
0.014
0.000
0.000
0.000
0.000
0.000
0.000
0.000
0.000
0.002
0.000
0.000
0.017
3.756
0.182
0.007
0.134
0.000
0.000
0.069
0.687
0.067
0.268
8.439
0.355
0.000
2.067
0.034
0.141
0.000
0.000
0.000
0.628
7.038
0.185
0.000
0.000
2.170
0.213
3.174
0.651
0.000
0.024
0.000
0.000
0.000
0.002
0.465
5.493
0.817
1.006
0.233
1.559
2.077
0.003
0.072
2.522
0.548
0.488
0.000
0.014
4.486
1.442
4.649
0.000
0.021
1.330
0.015
0.000
0.000
0.000
0.000
0.000
0.041
0.024
0.000
0.100
0.000
0.000
0.021
0.158
0.167
8.614
0.254
1.095
3.220
0.635
1.147
18.728
2.218
1.998
4.635
1.912
0.254
0.000
1.576
5.050
0.048
0.244
0.093
0.000
0.000
0.000
1.133
3.783
1.432
4.367
17.479
15.668
10.990
6.180
0.707
0.869
1.112
0.067
0.014
0.000
0.117
7.946
0.218
5.953
11.601
1.926
0.034
0.000
0.003
0.264
4.024
1.270
1.439
0.021
0.000
0.000
0.000
0.148
0.000
0.000
0.005
2.312
0.100
0.000
0.000
1.255
2.954
1.133
1.923
0.834
1.233
0.213
1.198
0.881
0.106
0.000
5.476
10.032
6.173
0.566
0.000
1.020
0.021
1.572
0.086
0.000
5.143
12.782
2.369
0.900
0.000
0.000
0.189
2.293
0.021
1.802
0.985
0.089
0.251
0.038
0.003
0.000
1.243
0.096
0.814
10.846
10.080
5.861
9.998
1.641
0.549
0.093
0.000
0.103
3.478
3.049
0.141
6.264
0.223
1.809
0.501
0.003
