19790101
13.111
11.068
5.929
9.944
7.703
1.178
17.556
8.473
1.413
2.324
2.150
0.024
1.957
12.152
0.000
3.674
8.387
2.223
15.966
3.296
4.234
8.319
1.078
3.723
8.188
4.165
4.020
15.463
29.769
28.994
3.404
5.754
21.222
25.676
9.875
0.566
13.018
10.430
20.108
1.010
14.828
4.856
6.413
2.671
5.278
11.146
9.974
11.795
13.826
4.358
0.244
8.638
75.224
0.000
5.109
11.951
9.448
11.137
1.157
17.334
9.304
9.565
21.327
3.900
2.060
3.850
3.598
1.107
0.881
15.594
22.910
6.394
14.941
20.974
3.746
4.683
5.974
44.860
23.849
8.430
0.000
11.745
19.437
38.239
5.792
2.259
2.084
4.178
12.293
8.799
16.710
14.605
7.783
13.077
5.273
35.357
0.141
0.000
0.000
0.000
0.000
1.174
8.099
14.397
12.088
5.630
1.181
2.874
5.074
2.808
11.843
10.204
2.530
0.093
0.000
0.072
0.000
0.000
0.115
3.708
8.027
0.439
2.029
3.038
7.208
8.985
1.356
2.971
4.525
1.061
5.600
3.193
4.710
11.436
8.147
0.027
2.050
0.000
5.905
2.826
3.135
0.512
2.537
3.141
0.000
0.467
0.793
0.151
1.329
8.947
0.158
0.000
0.000
0.000
0.000
0.000
0.041
0.000
0.609
0.359
0.000
0.000
0.000
0.000
3.807
0.017
0.000
0.000
0.000
0.000
0.000
0.000
0.000
0.000
0.000
0.113
0.000
0.000
0.000
0.000
0.000
0.000
0.000
0.000
0.000
0.000
0.000
0.000
0.000
2.635
0.000
0.000
0.000
0.000
0.000
0.000
5.459
0.000
0.000
0.000
2.553
0.000
0.000
0.055
0.172
0.031
0.000
0.000
0.000
0.000
0.000
0.000
0.000
0.000
0.000
0.000
0.000
0.000
0.000
0.532
0.000
0.000
0.000
0.000
0.000
0.000
0.000
0.148
0.000
0.000
0.273
0.000
0.000
0.000
0.000
0.000
0.000
0.003
0.518
0.000
0.778
0.000
0.000
0.000
0.000
0.000
0.544
0.000
0.000
0.000
0.000
0.000
0.000
0.000
1.093
0.007
0.007
0.000
0.000
1.522
4.764
0.072
0.000
0.000
0.000
0.000
0.000
0.055
0.000
0.165
0.130
0.000
0.031
0.354
0.000
0.000
0.000
1.028
0.000
3.814
0.000
1.895
0.000
0.000
0.292
0.436
0.000
58.052
0.065
0.000
0.000
0.000
0.000
0.000
0.000
0.264
0.000
0.000
0.024
2.317
13.609
4.398
2.589
0.055
4.913
8.232
9.306
7.417
5.483
0.182
10.370
22.095
4.834
0.017
0.000
0.000
0.007
18.406
49.193
1.398
6.070
0.010
0.275
13.374
6.470
8.423
19.125
26.484
6.611
24.948
0.000
0.000
0.000
0.000
1.281
0.000
0.000
3.144
0.580
1.516
0.000
0.563
0.000
1.378
0.000
0.010
1.558
16.074
15.211
13.815
0.000
3.931
10.148
15.053
23.128
5.957
3.370
8.914
2.137
0.000
4.334
26.206
0.709
3.212
5.500
12.528
0.254
0.470
0.000
2.184
11.014
3.754
16.675
12.411
5.970
4.305
14.404
5.033
7.802
1.342
6.638
10.475
10.753
3.547
2.402
20.005
37.599
3.042
9.747
4.803
1.591
2.657
3.179
3.203
11.944
17.094
4.041
15.520
13.017
4.074
8.970
12.145
15.965
18.151
2.230
0.427
8.164
0.705
0.471
4.407
0.405
11.149
12.028
27.280
77.054
2.108
7.596
4.731
11.252
9.563
22.378
11.368
6.346
0.318
0.000
0.000
11.223
24.112
30.434
0.124
11.086
8.863
16.538
3.272
6.797
7.230
4.400
6.824
11.047
8.545
2.905
21.128
6.072
2.789
18.876
2.620
2.107
9.702
3.622
6.587
0.518
0.845
0.913
2.982
14.461
3.929
0.364
2.393
20.929
15.237
21.784
2.197
4.964
8.190
8.978
1.360
19.882
8.837
0.364
0.532
3.498
2.166
0.182
2.250
5.576
0.000
0.000
0.000
0.000
0.000
2.630
4.899
7.416
10.066
2.331
10.863
5.906
28.918
0.106
0.000
0.000
0.000
0.000
0.417
6.109
7.808
8.724
3.174
3.833
10.166
2.709
7.491
0.979
9.395
2.546
11.009
4.132
5.594
5.824
0.000
0.000
0.000
0.000
0.000
0.000
0.000
4.374
6.261
2.261
5.892
0.759
0.000
0.000
0.000
0.000
0.000
0.000
0.000
0.000
0.000
8.662
0.000
0.000
0.000
0.000
0.096
0.160
0.000
0.000
0.000
0.000
3.627
2.120
1.069
0.932
0.127
0.000
0.000
1.509
0.000
0.000
0.000
0.000
0.000
0.000
0.000
0.000
0.000
0.000
0.000
0.000
0.000
0.000
0.000
0.000
0.000
0.000
0.000
0.000
0.000
0.000
0.000
0.000
0.000
0.000
0.000
5.200
4.789
0.000
0.000
0.000
0.000
0.000
0.000
0.000
0.000
0.000
0.000
0.000
0.000
0.000
0.000
0.000
0.000
0.000
0.000
0.000
0.000
0.000
0.000
0.000
1.572
0.000
0.010
0.014
0.000
0.000
0.000
0.000
0.000
0.000
0.000
0.007
0.000
0.000
0.000
0.000
0.330
2.606
0.000
0.352
0.000
0.000
0.000
0.062
0.000
0.000
0.000
0.089
0.199
0.642
0.000
0.000
0.000
0.000
0.148
0.000
0.000
0.000
0.000
0.000
0.007
14.983
4.504
0.000
0.000
0.000
0.000
0.000
0.000
0.000
1.933
1.459
0.124
0.591
0.000
0.000
2.125
3.217
3.299
1.507
1.844
0.000
0.673
0.373
0.412
0.000
0.000
0.625
15.982
1.131
0.000
0.000
1.931
0.000
0.000
0.776
0.191
16.463
13.074
0.130
0.453
0.000
1.184
0.000
1.155
6.540
10.301
5.371
0.174
0.282
1.839
5.824
14.632
5.284
5.776
23.020
2.685
13.544
1.626
6.921
7.663
8.291
0.216
0.000
7.484
0.100
4.528
3.159
4.875
0.000
1.172
0.000
0.024
6.061
5.366
3.591
4.769
0.031
0.409
30.103
0.151
0.010
6.767
8.456
10.386
10.780
13.251
13.160
0.189
2.262
7.505
7.381
10.159
11.726
12.164
3.567
10.859
42.030
1.797
0.089
1.569
5.090
22.615
10.200
3.759
6.654
14.104
12.411
2.187
10.094
2.571
4.546
7.823
25.245
6.183
7.368
5.988
10.334
25.135
21.506
9.397
0.491
6.489
44.855
2.966
14.547
1.854
14.392
6.039
2.671
0.227
7.708
14.880
15.559
14.790
46.017
6.868
3.262
15.075
7.642
43.683
4.772
3.521
6.717
7.701
9.743
1.387
3.765
13.372
14.438
4.772
3.315
15.506
24.582
9.223
14.747
15.233
11.874
1.466
0.010
0.863
0.014
0.000
0.345
1.353
23.274
25.808
6.671
9.309
5.399
1.499
0.330
0.889
22.627
3.584
3.449
2.508
7.448
12.995
3.940
1.095
1.818
8.930
35.160
1.219
6.056
17.933
21.135
6.739
4.147
1.397
7.907
4.934
9.071
7.855
0.055
0.199
1.631
0.000
0.000
2.760
1.634
0.000
3.632
7.237
6.061
8.466
1.651
14.080
0.422
0.000
0.000
0.000
1.152
2.414
0.527
1.154
2.693
0.306
2.556
8.128
2.868
11.218
9.186
3.358
4.487
0.300
1.981
16.267
2.954
0.491
0.000
0.000
0.520
2.401
1.418
2.278
0.220
0.400
0.000
0.000
0.000
2.616
2.190
10.578
1.439
1.578
8.329
0.381
0.000
0.000
3.900
3.220
1.366
0.185
0.635
3.045
4.556
0.038
0.000
0.000
0.000
0.000
0.597
0.024
0.000
0.000
0.000
0.000
0.000
0.000
0.000
3.004
1.133
0.000
0.000
0.000
0.010
0.000
0.000
0.000
0.000
0.000
0.000
0.082
0.000
0.000
1.454
0.000
0.000
0.000
0.000
0.000
0.000
0.000
0.000
0.000
0.000
0.000
0.000
0.000
0.000
0.000
0.000
0.000
0.000
1.332
0.000
0.000
0.263
2.218
0.034
0.000
0.000
0.000
0.000
0.000
0.000
0.000
0.000
0.000
0.000
0.000
0.000
0.000
0.000
0.000
0.000
2.026
3.062
0.000
0.086
0.000
0.000
0.000
0.000
0.014
0.014
0.000
0.000
0.000
0.024
0.041
0.168
0.175
24.544
7.687
0.148
0.000
0.000
0.000
0.000
0.000
0.031
3.359
0.000
0.000
0.000
0.000
0.000
0.000
0.000
0.024
0.000
0.000
0.000
0.065
0.000
0.000
0.000
0.096
0.357
0.041
2.386
0.000
0.000
0.000
0.031
1.778
4.846
2.767
0.000
0.127
0.566
0.000
0.000
0.000
0.086
0.000
0.000
0.316
0.000
0.000
0.045
0.000
0.103
0.463
0.000
2.620
0.000
4.110
0.762
0.443
1.744
15.268
6.403
21.643
36.832
17.688
5.102
5.694
1.899
4.031
31.359
0.433
0.034
5.871
10.846
2.606
6.156
6.060
0.000
1.332
8.346
33.958
16.002
13.685
1.061
5.349
9.575
15.800
43.623
6.753
0.000
10.392
3.584
9.156
4.189
2.508
20.646
3.222
2.534
2.194
7.400
3.238
11.446
12.530
42.871
0.137
9.867
1.075
21.447
2.456
10.104
10.760
15.223
6.123
9.386
5.713
8.145
4.309
11.484
4.831
5.888
2.592
11.719
10.506
2.729
24.778
20.956
5.133
13.520
3.715
2.383
2.328
10.406
7.989
5.960
1.871
4.003
14.959
1.718
5.311
5.126
7.629
8.937
1.974
1.037
0.914
1.454
2.680
19.813
15.443
3.243
10.118
17.401
22.026
9.031
10.381
17.612
9.436
2.264
9.359
15.587
5.249
3.045
0.357
5.725
23.696
4.080
9.282
12.241
21.346
9.445
2.266
9.745
6.454
1.566
8.487
3.025
0.791
6.070
18.909
17.809
50.472
1.593
6.089
0.675
9.908
3.363
2.523
0.433
2.674
8.818
2.424
0.191
11.230
2.731
1.471
2.850
12.761
31.932
7.929
0.003
0.000
0.941
0.889
7.883
15.110
12.057
22.301
11.203
19.276
9.110
6.274
2.322
0.683
7.495
11.640
16.845
16.263
122.911
1.119
1.466
8.533
5.097
11.131
0.333
3.988
1.159
3.184
0.000
0.000
0.000
0.045
0.000
0.000
0.000
0.000
0.000
0.000
0.000
3.323
0.941
1.861
6.015
5.984
0.450
8.525
2.661
2.563
7.920
1.902
7.038
0.536
15.520
6.180
14.014
17.200
3.969
0.000
0.000
0.000
0.000
0.000
0.000
0.000
0.666
2.390
3.679
0.120
0.000
0.000
0.000
0.000
6.032
0.045
10.112
0.354
2.831
2.115
6.866
0.000
0.000
0.000
3.904
1.356
0.232
1.092
0.000
0.620
0.000
0.000
0.000
5.600
0.000
0.000
0.000
0.000
0.000
0.000
0.000
1.645
0.819
2.845
7.608
0.055
1.772
4.777
5.806
0.968
0.000
0.000
0.000
0.000
0.000
0.000
0.000
0.000
0.000
0.034
0.000
0.000
0.000
2.776
11.555
0.000
0.000
0.031
2.961
0.858
0.127
0.000
0.000
1.310
9.844
0.869
0.000
0.000
0.000
0.000
0.141
0.683
0.010
0.017
0.007
0.000
0.000
0.000
0.000
0.000
0.000
0.000
0.000
0.000
0.000
0.000
0.000
0.968
0.721
0.000
0.000
0.000
0.460
0.000
0.000
0.000
0.000
0.007
0.000
0.000
0.946
1.784
0.000
4.151
4.922
0.601
3.262
6.676
0.010
0.031
0.675
0.285
10.540
0.000
2.895
6.558
0.000
0.000
0.000
0.271
0.000
0.007
1.493
0.000
2.525
5.203
0.551
8.485
0.000
0.381
19.245
0.000
0.000
0.460
0.000
11.486
4.379
0.500
0.184
0.000
0.439
0.000
0.314
0.946
0.000
0.000
0.000
0.000
0.000
0.000
0.000
3.972
6.794
8.181
2.029
4.044
4.206
3.821
0.000
4.601
68.023
0.220
0.000
4.089
3.162
0.762
0.000
0.000
10.410
3.687
3.481
0.000
0.680
0.000
0.000
0.000
0.120
8.889
15.737
1.605
6.901
2.712
6.944
13.672
8.013
8.029
2.129
0.000
1.445
8.620
0.010
0.742
0.725
23.131
11.999
20.345
5.380
2.606
0.046
1.644
2.838
8.368
0.191
0.000
0.003
0.000
9.179
6.099
1.713
5.933
6.660
22.568
1.164
2.551
11.867
1.614
0.072
0.834
0.024
3.890
0.848
10.258
12.864
6.722
0.465
1.914
0.000
0.000
4.020
10.998
2.446
14.677
2.819
9.956
7.982
28.856
11.287
0.000
0.000
0.000
8.720
0.000
0.000
1.001
6.139
4.159
7.191
16.292
17.430
8.966
3.926
0.410
3.780
2.434
11.376
17.787
16.241
4.185
0.000
0.966
8.513
5.160
19.786
4.987
28.513
2.427
1.064
3.163
0.000
0.000
0.127
0.426
0.000
0.000
0.000
6.564
14.289
4.640
1.435
0.762
5.694
52.120
7.478
0.316
1.655
1.883
1.490
0.275
0.000
0.000
0.000
0.000
0.000
0.021
0.007
0.807
0.076
13.620
2.420
16.026
5.885
1.064
15.769
12.092
7.313
13.592
0.189
2.985
5.095
3.969
0.000
1.744
2.625
2.304
7.993
0.707
0.584
6.128
5.160
6.715
8.573
22.646
0.917
5.617
8.889
10.262
5.634
1.311
9.541
2.582
2.317
0.783
0.000
0.058
9.984
0.000
0.000
0.000
1.155
0.460
5.081
3.093
3.931
0.065
0.000
10.688
4.051
1.538
8.600
4.807
5.291
2.146
7.725
0.295
0.000
0.000
0.000
14.576
18.893
10.258
3.109
0.161
0.000
0.884
0.000
0.000
0.000
0.000
0.000
2.913
0.014
0.000
0.053
4.340
0.000
0.000
0.000
0.000
0.000
0.000
0.000
0.000
0.051
3.100
0.000
0.000
0.000
0.017
0.000
0.000
0.000
0.000
0.309
0.007
0.000
0.000
0.000
0.000
0.000
0.124
0.000
0.003
0.007
0.000
0.000
0.000
0.625
0.000
0.000
0.000
0.000
0.000
0.000
0.000
0.203
2.221
0.000
0.000
0.000
0.000
0.000
0.000
0.000
0.000
0.000
0.000
0.000
0.000
0.000
0.000
0.000
0.000
0.000
0.000
0.000
0.000
0.000
0.000
0.000
0.000
0.000
0.000
0.000
0.000
0.000
0.000
0.463
0.225
0.000
0.000
0.045
0.007
0.900
0.000
0.000
0.010
0.000
0.065
0.000
4.731
0.331
0.000
0.000
0.000
0.000
0.000
0.000
0.000
0.000
0.000
0.000
0.364
0.000
0.000
0.000
0.069
0.065
0.000
0.000
0.000
0.000
0.000
0.046
3.430
0.000
0.000
1.281
0.000
5.438
0.000
4.765
0.127
0.024
5.567
1.967
0.628
0.177
1.075
0.000
10.361
0.379
0.000
0.052
0.000
0.700
0.216
0.000
0.000
0.000
0.309
0.127
0.027
5.009
9.994
12.418
7.723
0.000
0.000
0.630
0.000
4.823
6.091
3.830
1.178
0.541
3.186
39.807
125.946
0.000
0.003
14.646
1.876
1.557
7.234
0.558
0.462
8.092
0.000
1.253
0.000
8.801
4.230
9.084
7.714
7.169
6.660
0.024
0.903
4.240
13.469
8.980
0.134
0.000
2.187
0.000
0.000
2.434
2.686
0.000
6.259
2.877
11.831
7.821
9.141
0.889
2.867
0.000
13.431
2.281
11.012
1.727
1.830
12.758
18.035
10.325
0.091
5.454
51.286
23.621
12.995
47.605
9.864
1.136
6.899
39.371
8.860
8.724
5.546
9.295
7.648
0.000
0.295
5.519
7.018
7.795
3.093
10.008
20.261
3.567
0.000
9.503
8.475
1.933
14.164
13.951
15.463
9.737
0.906
9.043
1.057
1.370
9.592
8.305
10.962
12.439
7.368
12.404
2.544
5.047
15.961
8.178
10.265
0.615
10.200
11.824
5.212
12.631
0.419
8.247
10.276
5.534
18.999
129.247
1.301
0.010
7.373
4.401
9.737
16.902
5.462
4.348
4.123
9.435
17.166
4.371
10.204
8.947
5.322
3.512
6.808
27.534
8.514
1.813
13.754
4.649
3.519
12.497
0.501
0.872
0.065
10.001
11.802
0.824
12.027
4.091
0.007
0.137
1.869
7.313
11.941
2.839
16.734
3.080
0.237
0.000
4.625
7.292
14.471
0.179
4.772
2.812
9.424
11.862
1.301
8.205
2.184
9.012
4.391
52.346
19.583
0.062
0.000
0.000
3.868
2.008
1.583
7.414
0.879
1.243
2.460
0.633
3.557
11.234
7.218
5.953
6.559
2.206
3.394
0.051
0.443
0.000
0.304
2.793
3.056
3.076
3.057
2.477
1.231
0.141
3.152
0.000
4.940
4.134
0.812
10.811
1.394
0.100
1.511
0.972
1.775
3.989
2.482
1.246
0.000
2.489
3.708
0.024
1.003
2.238
1.696
1.947
3.351
8.810
2.108
0.000
0.000
0.000
0.000
2.069
1.272
0.000
0.000
0.021
0.000
0.000
0.000
0.000
0.000
0.000
1.511
0.000
8.659
1.933
1.916
0.000
2.867
0.817
1.418
1.370
2.630
0.659
2.918
0.000
0.000
0.000
0.000
0.000
0.000
0.000
0.000
0.000
0.000
0.000
0.000
0.000
0.000
0.000
0.000
0.000
0.000
0.000
0.000
0.003
0.000
0.000
0.000
0.000
0.000
0.000
0.000
0.000
0.000
0.000
0.000
0.000
0.000
0.000
3.014
1.981
10.592
14.940
8.569
16.244
0.000
0.000
0.000
0.000
0.000
0.000
0.000
0.000
0.014
0.000
0.000
0.000
0.000
0.000
0.000
0.000
0.000
1.087
0.000
0.000
0.000
0.000
0.000
0.000
0.000
0.003
4.049
3.756
0.000
0.000
12.432
63.958
0.237
0.000
0.000
0.000
0.034
0.000
2.402
0.000
0.000
0.000
0.000
1.342
0.189
0.105
0.024
0.000
0.000
0.021
5.664
0.000
5.473
2.215
0.263
0.120
0.000
0.000
0.000
0.010
3.442
1.569
2.375
17.594
30.288
47.418
2.896
0.113
0.000
9.838
15.805
9.364
0.000
0.010
0.000
7.872
0.000
17.818
2.542
15.122
9.944
0.204
0.000
4.173
3.188
0.106
3.943
2.692
0.525
1.487
45.504
0.469
7.598
5.249
5.833
6.607
0.007
1.116
1.899
6.700
1.550
10.852
9.404
3.874
5.105
2.875
2.321
13.487
11.970
13.499
0.000
13.472
13.070
6.566
5.239
0.697
0.000
5.393
7.320
14.125
3.720
12.385
3.241
16.977
14.057
4.531
12.804
19.793
6.173
11.937
4.103
16.092
44.721
3.876
0.062
2.082
5.855
4.849
6.321
2.934
2.977
12.693
17.925
0.645
0.918
7.759
6.382
10.720
2.596
12.428
22.944
47.636
11.493
8.611
9.153
0.264
6.585
8.415
11.659
4.640
4.613
20.324
5.979
8.156
17.175
0.031
32.826
9.107
1.851
4.418
22.742
10.935
3.548
7.361
49.806
1.188
0.560
3.195
31.191
4.288
5.088
9.582
15.036
11.206
3.195
2.053
4.202
11.724
38.081
4.673
2.448
8.882
21.451
9.599
1.411
3.097
10.286
12.439
10.863
11.652
9.968
5.903
4.027
7.999
20.369
3.001
8.871
6.365
25.179
0.566
6.022
15.044
13.420
8.762
0.668
14.411
2.760
2.716
2.348
21.004
5.424
26.099
22.143
10.585
3.928
9.077
0.978
13.537
10.813
9.187
2.390
0.106
0.076
0.000
13.530
20.206
9.028
2.046
9.318
0.542
1.154
11.172
5.823
0.735
5.836
4.072
7.158
1.633
0.000
0.000
0.000
1.820
1.074
3.953
1.681
6.182
4.891
11.616
3.469
4.201
3.941
0.021
0.091
1.449
14.567
8.980
3.528
0.587
0.000
1.327
0.000
2.075
1.023
1.300
1.569
4.265
2.933
0.000
0.182
11.095
5.114
0.003
0.000
0.000
0.000
0.000
0.000
0.000
0.000
0.000
0.000
0.000
0.000
0.000
0.000
0.000
0.000
0.000
1.458
1.018
0.949
0.000
0.000
0.000
0.000
0.000
0.000
0.688
2.527
2.396
0.000
0.412
6.444
17.156
0.000
0.000
0.000
0.759
0.017
0.000
0.000
0.000
0.000
0.000
0.000
0.000
0.000
0.000
0.000
0.000
0.000
0.000
0.000
0.000
0.000
0.062
0.237
0.000
2.197
26.407
4.372
0.000
0.000
0.000
0.000
0.000
0.000
0.000
0.000
0.000
0.000
0.000
0.000
0.000
0.000
0.000
0.000
0.134
0.003
0.000
0.129
0.000
0.000
0.000
0.000
0.000
0.085
0.000
0.000
0.000
1.224
0.000
0.000
0.000
0.000
0.000
0.000
0.000
0.000
0.000
0.000
0.000
0.000
1.873
2.075
0.000
2.105
1.021
0.000
0.000
0.000
0.000
0.000
0.882
0.051
0.000
4.877
4.854
2.271
0.000
0.000
0.079
0.106
0.548
0.000
0.000
0.000
0.726
0.000
0.367
0.000
0.323
0.000
1.073
0.014
0.000
1.051
0.000
0.536
0.000
0.151
0.831
0.000
0.000
0.000
3.989
19.763
0.034
0.000
0.000
0.000
0.000
13.754
0.000
4.959
4.748
0.419
0.000
0.771
0.415
0.007
10.543
11.666
9.819
11.797
1.253
0.000
0.000
0.000
0.141
4.849
1.954
0.000
5.181
2.922
6.317
9.979
7.866
0.165
0.000
0.100
0.000
0.017
0.000
0.096
0.010
6.163
0.000
4.808
0.606
4.494
1.566
0.189
2.043
0.299
4.655
0.000
0.000
0.000
1.675
2.915
0.505
0.666
10.743
6.782
3.684
0.865
0.000
0.000
0.498
3.212
6.997
2.901
3.965
0.086
1.675
15.522
3.495
1.857
0.264
10.478
8.600
1.131
15.547
0.000
5.301
14.437
1.092
9.620
2.438
3.919
3.617
0.652
0.941
6.564
9.146
22.258
0.089
13.513
8.399
1.009
0.584
2.180
3.945
14.358
30.600
2.683
8.027
1.758
14.464
8.865
3.433
1.782
14.505
3.152
10.410
10.942
0.611
4.082
23.164
11.920
4.374
0.076
18.031
6.702
15.604
7.055
16.699
6.187
16.181
5.720
10.466
12.330
3.147
1.845
9.986
12.090
5.411
14.593
0.476
7.577
13.642
15.333
19.973
2.079
13.269
0.422
17.872
5.917
10.420
3.368
5.673
8.595
12.886
2.034
8.416
11.387
8.403
5.716
4.491
9.500
3.560
0.072
9.702
3.385
3.694
13.156
4.453
15.978
4.700
5.081
2.644
0.439
1.112
7.927
11.024
4.710
0.130
0.000
0.000
2.372
4.508
6.976
10.756
2.654
1.267
6.757
9.150
2.379
0.000
0.529
0.323
1.298
0.635
0.591
2.880
11.889
9.809
3.856
2.898
0.240
6.273
4.765
0.326
0.000
2.201
1.596
0.508
7.701
8.794
0.000
4.024
1.445
2.987
4.679
0.034
6.554
4.618
0.683
4.364
6.231
-99.000
0.536
0.319
0.000
0.000
0.000
0.000
0.762
4.305
0.062
0.000
0.000
0.000
0.069
0.000
0.017
0.000
0.000
0.000
0.000
0.000
0.000
0.000
0.000
0.000
0.000
0.000
0.000
0.000
0.000
0.000
0.000
0.031
0.000
0.000
0.000
0.000
0.000
0.000
0.000
0.000
0.000
0.000
0.000
0.000
0.000
0.316
0.000
0.000
0.000
0.000
0.000
0.254
0.000
0.000
0.000
0.000
0.000
0.000
0.000
0.000
0.000
0.312
0.100
0.000
0.000
0.000
0.000
0.000
0.110
0.000
0.000
0.000
0.000
0.000
0.021
0.285
0.000
0.000
4.628
0.597
0.069
0.000
0.072
0.000
0.000
0.000
0.477
0.745
0.100
1.164
2.046
0.000
0.000
0.000
0.000
0.000
0.233
3.934
0.000
0.000
0.000
0.000
0.000
0.000
0.000
0.000
4.544
0.915
15.944
27.843
0.000
0.000
0.000
0.000
0.517
0.000
0.271
0.051
0.003
0.508
0.000
0.051
1.243
0.000
0.003
1.614
0.000
0.000
0.000
0.000
0.000
0.000
0.563
4.762
0.000
0.000
0.000
0.000
0.000
0.022
4.858
0.939
0.000
3.708
12.605
10.437
0.000
0.000
0.000
0.412
0.000
0.117
0.196
0.000
0.000
0.000
1.104
8.995
0.014
0.046
0.915
1.723
0.295
1.456
0.185
0.000
0.000
0.000
0.000
0.322
4.867
0.000
0.162
1.274
0.997
3.205
12.552
9.469
2.233
4.417
22.845
5.616
6.142
11.786
8.950
16.507
5.658
7.581
0.000
3.898
17.497
0.371
19.140
0.860
1.903
0.000
0.000
3.268
8.194
11.777
18.666
99.470
2.220
64.300
8.532
0.065
4.607
-99.000
-99.000
-99.000
-99.000
-99.000
-99.000
-99.000
-99.000
10.993
8.995
8.617
14.521
12.052
7.752
4.475
21.683
7.900
6.132
0.893
2.939
0.312
2.414
27.483
19.576
0.402
2.723
0.587
3.100
8.418
7.241
4.999
1.325
10.406
14.828
6.884
9.979
6.626
1.411
1.068
6.860
13.947
7.208
13.184
0.034
0.000
15.233
8.247
7.938
0.007
0.000
0.000
0.000
0.000
0.000
0.245
3.256
10.010
1.895
23.630
13.084
5.376
6.628
6.240
3.797
20.551
6.219
7.490
2.953
2.498
14.320
11.072
0.283
13.156
0.441
2.052
0.863
17.367
36.739
0.254
0.000
0.000
0.000
0.000
0.000
0.000
5.269
12.952
10.267
1.363
17.999
8.727
1.459
0.175
0.160
24.628
18.802
2.894
4.467
13.178
20.663
14.876
0.038
0.730
7.008
0.048
3.502
9.071
2.281
0.000
1.727
6.394
0.280
20.862
4.520
23.317
22.108
0.213
0.084
5.437
9.716
0.592
3.557
1.157
2.819
8.822
2.259
10.262
2.287
2.029
1.772
0.316
0.017
3.011
5.991
7.093
1.081
12.154
0.000
0.000
0.000
0.000
0.000
0.505
5.524
3.543
4.257
0.091
0.776
7.508
7.224
0.446
0.113
0.134
0.000
0.000
0.000
0.000
0.000
0.000
0.000
0.000
0.000
7.402
0.106
8.858
0.542
0.000
0.000
0.000
0.000
0.000
4.508
0.508
8.971
35.937
0.395
0.000
0.000
0.000
0.000
0.000
0.000
7.024
0.055
0.000
0.000
0.000
0.000
0.000
2.872
3.481
0.105
0.000
0.000
0.000
0.000
0.000
0.338
2.262
0.000
0.000
0.000
0.000
0.000
0.000
0.000
0.170
0.036
0.074
0.000
0.000
0.000
0.000
0.000
0.000
0.821
0.340
0.000
1.361
0.000
0.000
0.000
0.000
0.000
0.076
4.801
0.082
0.000
0.000
0.000
0.000
0.000
0.000
0.000
0.000
0.000
0.000
0.000
0.000
0.000
0.000
0.000
0.000
0.000
0.000
0.000
0.000
0.000
0.000
0.000
0.000
0.000
0.000
0.041
0.000
0.000
0.000
0.000
0.000
0.000
0.000
0.000
0.129
0.000
0.000
0.000
0.512
0.151
0.000
0.000
0.000
4.077
0.000
0.000
0.000
0.000
0.000
0.000
0.014
0.055
0.000
0.000
7.538
0.000
0.000
0.000
0.000
0.676
0.000
0.000
0.000
0.000
0.062
21.954
0.027
0.000
0.465
12.463
0.000
5.643
14.361
4.079
3.112
6.559
0.058
0.797
3.895
1.983
0.010
0.007
0.115
1.699
0.000
2.640
0.000
0.000
0.000
0.000
0.000
1.517
0.000
0.117
0.251
12.971
0.326
1.596
5.685
26.141
0.319
0.000
4.546
15.597
3.454
2.875
0.003
0.000
5.500
5.059
3.275
8.688
11.014
0.247
14.224
0.000
1.439
5.390
7.038
7.539
0.553
0.347
10.605
15.674
0.000
3.577
5.370
0.017
5.287
0.000
3.371
13.283
1.699
0.021
5.696
8.030
2.359
11.955
19.315
2.898
0.893
1.907
11.278
0.117
4.297
2.929
0.450
0.000
0.000
3.100
3.953
51.842
13.387
2.959
18.498
3.265
17.164
16.953
7.615
9.319
7.464
2.483
0.000
20.625
15.783
1.123
1.741
0.732
13.958
0.146
12.576
8.937
6.800
6.309
0.021
2.494
0.802
9.824
7.066
16.692
0.201
0.158
0.175
3.600
12.195
15.295
7.357
2.055
0.000
6.674
21.324
61.416
1.013
12.753
8.468
5.873
14.505
9.398
6.446
5.825
10.387
17.480
1.887
0.324
3.370
6.621
7.327
3.303
0.000
0.000
0.000
9.383
10.166
7.327
3.643
8.027
6.657
89.274
3.643
0.230
0.144
2.026
8.022
3.183
4.312
11.484
0.130
0.000
3.533
4.731
0.896
10.028
7.545
10.063
11.151
4.958
10.283
4.772
11.453
12.219
7.226
1.711
2.299
2.606
8.760
4.635
0.977
17.580
2.820
31.186
0.086
2.704
5.244
4.357
2.567
10.605
2.843
19.102
0.227
3.907
3.103
11.546
3.255
3.660
0.127
0.000
0.000
0.000
0.000
2.589
3.419
0.024
0.000
0.573
0.000
0.041
6.080
2.390
3.292
0.000
9.757
3.250
0.000
0.206
0.505
15.281
15.175
10.890
0.007
4.556
7.412
0.127
0.000
0.724
0.000
8.453
9.517
2.257
0.003
0.000
4.247
0.000
0.000
0.000
0.000
0.027
0.000
0.000
0.000
0.000
0.000
0.288
0.000
0.244
0.024
0.000
0.000
0.038
0.889
0.000
0.000
7.761
0.000
0.000
0.000
0.000
0.000
0.000
0.000
0.000
0.000
0.021
1.675
28.940
0.709
0.000
0.000
0.000
0.000
0.000
0.000
0.000
0.000
0.000
0.000
0.000
0.000
0.000
0.000
0.000
0.000
0.000
0.000
0.000
0.000
0.000
0.000
0.000
0.000
0.000
0.000
0.000
0.000
0.000
0.000
0.000
0.000
0.000
0.000
0.000
0.000
0.000
0.000
0.000
0.000
0.000
0.000
0.000
0.000
0.000
0.000
0.000
0.000
0.000
0.000
0.000
0.000
0.000
0.000
0.000
0.000
0.000
0.000
0.000
0.000
0.000
0.000
0.000
1.693
0.295
0.000
0.000
0.000
7.376
0.467
0.367
0.000
0.000
0.000
0.000
0.000
0.000
1.730
0.216
0.000
0.000
0.000
0.000
0.000
0.000
0.003
0.000
0.704
31.332
0.000
0.000
0.000
0.000
0.572
0.000
0.053
0.778
5.914
0.000
0.058
0.166
1.888
0.000
0.000
0.010
7.543
0.000
0.000
0.000
0.045
1.229
0.000
0.000
0.000
0.000
8.496
1.348
0.000
0.000
0.000
0.000
0.259
0.501
9.767
0.017
0.232
0.024
0.034
12.669
1.517
3.234
2.702
4.951
0.000
7.414
8.084
54.844
18.701
0.000
0.000
2.462
0.211
15.932
16.339
9.692
8.137
15.882
0.000
0.000
17.987
17.147
12.437
3.433
15.659
14.548
12.440
1.183
17.783
3.675
1.984
7.868
4.887
4.779
3.573
10.086
1.658
10.652
6.063
13.462
13.367
6.225
24.481
5.449
9.044
25.874
0.000
4.796
11.702
16.785
2.664
4.467
7.289
7.493
14.100
13.285
0.664
0.597
5.510
2.868
1.809
12.318
6.697
14.299
74.175
5.902
10.835
0.544
1.662
7.409
2.208
6.513
8.164
12.003
3.107
2.362
9.747
4.844
12.590
12.907
7.467
2.508
0.536
4.058
1.732
10.616
10.619
3.238
2.784
5.510
0.409
1.181
0.065
0.000
1.632
1.751
7.847
0.230
0.845
11.173
10.770
14.138
14.128
4.274
0.623
3.552
0.869
12.600
9.601
1.998
1.270
10.042
4.182
5.435
14.402
3.296
0.031
7.708
0.048
0.086
5.562
7.841
2.935
3.485
4.614
0.961
0.124
0.944
11.220
7.690
0.673
7.581
8.140
0.244
1.336
14.557
15.855
10.502
8.080
1.257
1.583
1.706
14.148
1.444
2.596
6.132
11.549
0.944
1.569
1.085
2.458
14.317
3.131
10.712
3.440
1.926
0.000
0.000
2.966
2.637
0.021
3.406
13.602
0.745
6.142
9.222
27.383
37.257
18.402
4.444
1.866
8.180
4.036
0.000
0.000
0.000
0.000
0.000
0.148
0.366
3.828
0.057
5.957
6.197
1.614
0.010
0.000
0.000
0.000
0.000
0.000
0.000
2.426
0.000
2.967
1.157
13.647
2.228
7.502
0.050
0.726
0.666
7.445
0.000
0.000
1.847
0.000
5.981
12.291
0.051
0.000
0.000
0.000
1.758
2.456
0.300
0.000
0.000
0.000
0.000
0.000
2.920
2.896
0.663
0.000
0.000
0.051
5.486
2.348
5.874
8.472
0.000
0.000
0.000
0.000
0.000
0.000
0.000
0.000
0.000
0.000
0.000
0.000
0.000
0.000
0.000
0.000
0.000
0.000
0.000
0.000
0.000
10.301
10.044
0.874
1.787
0.000
12.950
6.626
0.989
0.000
0.000
0.000
4.185
0.000
0.000
0.000
0.000
0.000
0.000
0.000
0.000
0.000
0.000
0.000
0.000
0.000
0.000
0.000
0.000
1.418
4.498
1.634
0.000
0.000
0.000
0.000
0.000
0.000
0.000
2.192
0.000
0.000
0.000
0.007
0.000
0.000
0.000
0.000
0.000
0.000
0.000
0.000
2.448
7.216
0.000
0.000
0.000
0.000
0.000
0.000
0.000
0.031
1.760
1.637
0.000
0.000
0.000
0.010
0.400
0.031
0.000
4.573
0.003
0.000
0.000
0.000
0.000
0.007
0.779
0.597
0.402
0.330
0.000
0.000
7.378
8.053
0.000
0.336
0.034
0.007
0.010
0.343
0.034
3.272
16.119
2.177
0.000
0.000
0.254
7.028
2.530
0.446
11.349
9.785
6.951
4.125
5.414
0.642
5.403
10.388
4.293
0.592
2.757
0.000
0.000
0.860
0.000
0.007
0.000
2.070
8.846
6.844
14.689
1.603
0.000
0.000
0.242
7.967
2.858
0.000
0.000
0.007
0.000
0.591
3.425
0.000
7.381
11.204
0.000
0.319
0.000
6.954
10.449
108.147
9.528
3.952
0.003
14.901
2.335
0.462
0.000
4.826
8.653
2.911
2.211
7.466
18.369
7.702
4.214
15.515
8.997
17.285
17.667
7.376
12.950
11.362
6.466
9.071
4.405
3.569
2.362
16.018
3.256
4.037
0.779
2.627
1.995
8.954
20.611
8.494
0.211
4.293
17.171
12.912
5.643
2.829
0.273
4.134
11.855
2.565
8.135
18.531
7.002
2.501
4.906
3.819
6.223
1.221
13.678
9.450
13.324
11.536
7.415
5.671
6.882
11.593
13.557
0.783
6.632
17.978
26.956
28.279
2.370
0.010
0.000
9.330
11.306
24.831
2.547
0.391
3.100
0.237
8.799
12.933
1.905
4.036
11.007
5.946
14.152
5.630
9.647
3.397
7.594
9.330
0.000
11.076
6.666
17.444
92.525
0.218
3.032
10.161
0.498
0.668
0.972
6.224
6.798
13.280
10.204
18.649
9.946
9.962
1.984
3.722
4.187
2.788
5.572
6.461
1.330
13.548
7.508
2.671
5.157
11.292
6.839
4.116
4.322
6.836
5.366
7.533
0.000
0.192
0.000
10.128
11.058
3.979
2.479
1.332
0.618
0.858
8.154
1.600
1.504
4.597
14.083
4.940
7.648
3.550
1.023
5.459
1.311
4.714
6.420
3.378
2.616
8.957
0.000
0.251
1.500
0.000
0.000
0.000
0.000
0.000
0.000
0.000
0.000
1.857
3.912
3.330
8.652
13.561
2.940
2.252
6.331
3.217
2.850
3.704
1.915
0.000
0.000
3.282
0.790
0.000
0.000
0.000
0.000
0.000
0.000
0.000
0.000
0.000
0.000
0.000
0.000
5.776
13.367
1.423
0.051
0.000
2.225
0.000
0.000
0.000
0.000
0.000
0.000
0.000
0.000
0.000
0.000
21.689
0.669
0.779
0.000
0.000
0.000
0.000
2.716
0.000
0.000
0.263
0.082
0.017
0.000
0.000
0.000
0.000
0.000
0.000
0.000
0.000
0.000
0.000
0.000
0.000
0.000
0.000
0.000
0.000
0.000
0.000
0.000
0.000
0.000
0.000
0.000
0.944
0.000
0.491
0.000
0.014
1.377
1.830
0.000
0.000
0.000
0.000
0.000
0.000
0.000
0.000
0.000
0.251
0.000
0.000
0.000
0.000
0.000
0.000
0.000
0.014
0.000
0.000
0.000
0.460
1.517
0.000
0.000
0.000
0.000
0.000
0.000
0.000
0.000
0.000
14.193
4.384
0.000
0.000
0.000
0.000
0.000
0.340
1.851
0.257
0.276
0.000
0.000
0.522
0.117
0.000
0.000
0.000
0.000
0.000
0.000
0.000
1.500
6.444
3.298
0.000
14.164
5.672
0.014
0.917
0.027
0.360
7.419
0.000
0.000
0.000
0.000
0.000
0.498
0.000
0.000
0.824
0.000
2.942
7.062
0.000
0.000
3.486
5.867
0.333
0.000
0.038
0.000
0.000
0.130
0.649
0.000
3.433
10.378
0.827
0.922
0.179
0.021
2.954
0.203
8.867
0.000
0.000
0.000
4.336
0.000
18.584
0.000
6.276
9.596
1.669
0.017
1.851
0.000
7.309
29.093
0.482
16.582
85.007
0.199
29.220
9.445
0.000
3.538
4.154
4.127
8.094
21.104
6.448
4.108
0.007
0.000
11.141
1.849
0.000
4.794
7.581
10.830
9.335
1.628
3.078
0.747
3.703
5.533
1.825
5.052
0.936
8.769
18.038
8.068
12.736
0.718
0.458
14.911
23.122
0.450
9.599
8.691
8.545
0.802
0.125
2.161
8.420
2.175
2.060
14.665
10.942
4.041
13.554
7.035
7.666
4.415
0.443
15.508
13.592
16.504
2.292
0.405
2.180
11.017
0.000
0.055
5.033
7.481
5.778
1.212
20.713
4.048
18.538
8.326
10.150
0.034
0.000
3.897
1.774
1.911
8.884
14.183
15.795
6.940
14.306
7.751
11.074
19.866
11.534
2.230
0.673
3.807
3.953
3.932
3.691
16.117
4.743
20.213
13.345
0.003
3.608
8.012
4.550
2.335
0.953
0.000
0.000
0.000
4.387
3.440
0.038
5.675
14.196
3.104
1.093
8.959
3.972
2.699
10.482
0.051
11.973
8.768
7.848
8.082
1.765
7.622
0.501
2.513
14.062
0.000
0.000
0.148
0.271
1.528
0.000
0.062
2.874
5.263
6.309
7.835
5.608
5.596
3.059
6.976
3.934
0.522
0.086
0.017
0.000
0.508
0.000
6.140
0.031
6.489
0.062
0.772
0.007
0.000
0.000
3.375
1.741
2.269
1.298
0.000
0.000
0.000
1.909
0.000
0.496
2.029
0.398
0.000
0.220
0.000
5.091
5.843
11.584
1.614
0.000
0.000
0.000
0.000
0.000
0.000
0.000
0.000
2.008
0.065
0.000
0.024
1.408
0.759
0.900
2.410
0.000
0.000
0.000
2.479
0.000
0.000
0.000
0.000
0.000
0.000
0.000
0.000
0.000
0.000
0.000
0.000
0.000
3.325
10.717
0.197
0.000
0.000
0.000
0.000
0.000
0.000
0.000
0.000
0.000
0.000
0.000
0.000
0.000
0.000
0.000
0.000
0.000
0.081
5.608
0.000
0.000
0.000
0.000
0.000
0.000
0.000
0.532
5.582
0.000
0.000
0.000
0.000
0.000
0.000
0.000
0.000
0.000
0.000
0.000
0.000
0.000
0.000
0.000
0.000
0.000
0.000
0.000
0.000
0.000
0.000
0.000
0.000
0.000
0.000
0.000
0.027
0.000
0.000
0.003
0.010
0.000
0.000
0.000
0.000
0.048
0.103
0.443
0.000
0.000
0.000
0.000
0.058
0.000
1.130
0.000
0.000
0.000
0.000
0.000
0.000
0.000
0.000
0.007
0.000
0.237
0.000
0.000
0.000
0.000
0.000
0.000
0.000
0.000
0.000
0.000
0.000
0.184
0.125
0.120
0.000
0.000
0.007
0.065
4.647
0.158
1.775
0.000
1.246
0.000
1.001
0.687
0.062
6.478
0.000
0.000
2.932
4.755
0.038
0.000
0.000
0.010
2.802
1.236
0.021
2.364
0.000
7.526
27.565
11.000
0.000
2.898
0.000
1.111
0.000
18.076
0.206
0.000
0.000
0.000
0.465
5.368
1.548
2.184
0.142
2.285
0.000
0.551
0.000
1.025
0.000
0.328
2.512
0.000
3.849
1.177
0.000
1.082
6.460
0.010
3.268
0.067
11.454
0.167
0.086
0.069
6.145
0.041
4.218
12.948
0.000
9.240
5.585
16.875
5.414
0.000
2.980
0.000
0.000
0.000
0.263
5.594
0.055
0.281
0.173
0.000
5.521
2.060
9.479
7.260
16.527
6.157
12.471
0.187
0.000
0.000
0.000
0.000
16.417
0.000
1.116
0.439
0.216
0.082
5.459
2.530
2.949
2.451
1.408
0.000
0.027
0.000
0.244
8.118
2.029
15.508
12.377
0.889
2.891
1.655
0.007
3.224
0.165
15.400
9.081
11.381
107.989
3.320
19.147
10.815
17.327
0.884
4.901
4.385
17.369
8.186
0.463
1.049
5.890
1.245
5.525
1.066
33.863
5.540
8.293
8.193
6.070
6.581
5.175
4.717
0.201
9.047
13.458
52.769
4.516
0.000
0.000
1.001
5.740
1.222
17.638
5.856
13.647
1.734
3.986
11.920
1.734
12.044
7.471
7.433
4.319
2.357
1.439
1.772
9.376
0.608
0.027
0.079
0.299
0.735
7.258
1.775
5.601
19.884
10.149
3.571
1.603
0.251
4.274
0.367
0.191
0.000
0.076
5.164
6.215
6.810
3.856
0.378
8.571
9.644
0.333
0.487
0.134
2.007
5.703
9.242
0.000
0.000
0.000
0.968
2.412
3.341
0.003
7.048
6.125
6.365
1.981
0.000
0.000
0.065
1.945
9.797
9.598
3.904
0.620
0.000
0.000
1.849
0.000
0.000
0.000
0.000
0.021
0.585
0.000
0.000
0.000
0.000
0.000
0.000
0.000
0.000
0.000
0.000
0.000
0.000
0.000
0.000
0.000
0.000
8.714
3.524
0.939
0.759
1.425
2.523
0.000
0.000
7.989
0.316
0.000
0.000
0.000
0.000
0.000
0.000
0.000
0.256
6.894
1.519
4.480
1.445
0.000
0.000
0.000
0.000
0.000
0.000
0.000
0.000
0.000
0.000
0.000
0.000
0.000
0.000
0.000
0.000
0.000
0.000
0.000
0.000
0.000
0.000
0.000
0.000
0.000
0.000
0.000
0.000
0.000
1.594
19.599
6.036
7.331
6.350
0.551
1.353
0.237
0.048
0.000
0.000
0.215
0.000
0.179
0.539
0.000
0.045
0.000
2.429
4.367
1.835
0.000
0.421
0.000
0.666
0.913
0.000
19.808
62.250
0.151
0.000
0.000
0.266
0.045
0.000
0.034
0.074
0.362
0.062
1.332
0.348
0.254
0.000
0.072
0.000
0.093
0.137
0.591
0.000
0.242
0.000
0.000
21.652
0.000
8.013
2.439
0.017
0.000
0.000
0.000
0.014
0.467
0.014
0.179
0.747
0.318
0.000
0.000
0.371
0.000
0.709
0.000
0.000
0.333
1.032
0.000
0.031
0.000
8.123
14.602
0.000
0.000
0.000
0.000
1.864
3.965
0.154
1.607
0.000
2.877
0.000
9.359
9.496
36.159
0.635
4.729
0.045
49.481
1.818
0.000
0.027
0.439
0.000
1.047
0.306
2.050
10.344
9.036
5.661
1.538
11.925
3.052
14.426
7.026
10.791
10.320
19.580
20.187
0.000
0.069
3.419
9.196
3.732
0.772
4.395
1.229
15.144
1.191
9.513
5.174
8.647
0.000
0.000
2.328
8.142
18.018
21.399
5.455
3.543
3.445
14.421
7.970
12.943
15.834
4.037
13.009
7.908
15.855
14.373
10.876
5.557
11.110
10.341
10.629
2.444
12.133
9.452
11.182
10.887
7.859
6.005
22.635
19.707
6.163
12.003
2.803
8.944
12.477
5.958
1.469
3.279
10.449
9.087
13.195
5.233
4.068
0.869
1.112
0.385
6.733
17.958
80.396
0.031
3.890
14.097
3.450
10.741
1.246
0.041
0.000
4.540
1.857
5.284
12.887
15.619
5.176
6.070
6.943
13.882
3.638
4.204
4.956
14.753
3.505
2.213
12.021
4.668
5.088
5.413
6.362
7.951
14.847
0.954
8.279
3.837
4.312
8.727
7.920
8.935
3.692
1.384
5.308
3.255
12.140
13.034
24.184
3.240
7.351
4.269
12.770
21.655
85.568
5.191
7.682
8.041
3.430
0.639
4.089
7.809
5.045
13.062
2.323
3.375
6.775
46.878
0.000
3.807
118.809
1.366
2.302
1.382
2.153
8.549
4.736
2.597
0.924
0.817
0.385
1.940
1.528
5.936
6.307
4.753
16.167
5.812
2.623
0.000
4.491
0.021
1.394
11.148
0.021
0.000
0.000
0.000
0.000
0.000
0.000
5.466
2.774
6.427
2.506
4.278
0.072
0.000
0.000
0.000
2.140
0.723
0.000
0.000
2.113
0.000
5.318
5.936
13.610
0.381
0.000
0.000
0.000
0.000
0.000
2.226
3.308
5.340
0.000
0.000
0.000
0.000
0.000
3.193
6.391
0.000
0.000
0.000
0.000
0.000
0.124
0.766
7.941
2.140
0.000
0.271
17.197
0.038
0.000
0.000
0.000
0.000
0.048
0.000
0.000
0.000
0.000
0.000
0.000
0.000
0.000
0.000
0.000
0.000
0.000
0.000
0.000
0.000
0.000
0.010
0.000
0.000
0.000
0.000
0.000
0.000
0.000
0.000
0.000
0.000
2.804
1.677
0.000
0.000
0.000
0.000
0.000
0.438
0.000
0.000
0.000
0.000
0.057
0.000
0.000
0.000
0.000
0.000
0.000
0.000
0.000
0.000
0.089
0.000
0.000
0.000
0.000
0.000
0.000
0.544
1.157
0.336
0.010
0.282
0.000
0.000
0.000
0.000
0.000
0.000
0.000
0.000
0.481
0.216
0.000
0.000
0.093
0.000
0.000
0.000
0.000
0.010
0.051
0.000
0.000
0.072
0.268
0.000
0.000
0.000
0.110
0.079
0.165
1.466
0.000
1.624
0.000
0.000
0.038
3.557
0.158
0.409
0.168
0.460
0.048
0.127
4.388
0.711
14.564
0.007
2.582
6.712
1.627
0.951
0.065
0.000
1.267
0.000
0.000
0.652
0.529
2.348
0.312
2.335
10.180
8.521
3.179
0.000
5.845
7.263
8.384
15.958
0.076
0.000
0.000
0.577
4.504
6.204
12.219
5.229
0.014
0.000
1.500
3.767
8.035
0.230
2.093
15.386
2.145
0.014
1.911
14.073
2.841
1.845
0.055
0.000
2.565
6.042
14.761
7.859
3.615
9.630
10.028
10.834
0.041
3.212
17.264
10.708
10.808
26.540
1.116
0.000
0.000
4.012
6.678
3.763
0.000
6.496
16.641
2.407
1.112
6.094
13.621
8.175
2.472
0.007
14.390
2.863
1.421
1.360
7.340
2.053
16.098
11.752
7.232
16.373
0.257
7.430
10.598
1.408
0.597
7.687
13.117
10.990
0.491
12.799
10.961
5.000
5.747
9.012
1.851
4.013
18.814
2.091
8.415
6.743
3.011
10.736
1.521
5.730
13.929
14.943
53.138
0.398
18.543
13.554
8.212
4.679
2.238
4.978
2.259
9.287
2.649
7.866
1.775
4.858
3.213
1.384
0.254
0.000
0.027
0.000
0.000
0.000
0.158
12.627
0.000
5.613
24.012
2.623
18.505
24.218
2.046
13.218
5.157
5.469
9.400
9.819
16.414
7.759
2.026
2.146
9.489
12.744
2.443
2.520
3.201
5.388
4.633
9.431
29.036
44.324
0.635
8.149
4.146
0.017
0.968
0.106
5.636
0.833
0.000
3.247
8.806
0.352
0.532
7.845
5.855
0.252
0.132
0.530
6.770
8.933
0.882
9.465
2.262
2.575
0.000
6.449
0.218
5.522
4.714
9.376
8.114
6.400
10.396
1.663
0.506
0.000
0.000
0.000
0.000
0.000
0.077
0.000
1.097
3.327
8.992
4.456
7.668
0.089
0.000
5.540
2.582
2.074
0.197
0.467
1.099
0.007
3.341
0.000
0.000
0.000
9.527
0.041
0.000
0.000
0.000
0.000
0.673
0.000
3.093
0.000
1.638
0.000
6.599
2.870
0.062
0.000
0.000
14.081
0.045
0.000
0.000
0.000
0.000
1.162
2.137
3.349
0.532
0.000
0.000
0.000
0.195
0.000
0.000
0.000
0.000
0.000
0.000
0.000
0.000
0.000
0.000
0.000
0.000
0.000
0.017
6.138
0.000
0.000
0.000
0.000
0.000
0.000
0.000
0.000
0.000
0.000
0.000
0.000
0.000
0.000
0.000
0.000
0.000
5.363
0.000
0.000
0.000
0.000
0.000
0.000
0.000
0.000
0.000
0.000
0.000
0.000
0.000
0.000
0.000
0.000
0.000
0.000
0.000
0.000
0.000
0.000
0.000
0.000
0.000
0.000
0.000
0.000
0.000
0.000
0.000
0.000
0.000
0.000
0.000
0.007
1.311
0.000
1.811
0.168
0.000
0.000
0.050
0.803
0.000
0.000
0.814
0.031
0.000
0.003
1.593
2.159
0.960
0.000
2.776
0.326
0.000
0.699
0.000
0.000
0.000
0.742
0.167
0.766
8.727
0.000
0.000
0.000
0.007
0.024
1.610
6.166
0.000
0.000
0.000
0.130
0.041
1.636
0.060
4.036
1.402
1.555
1.079
1.632
0.010
1.368
0.000
0.000
0.000
0.000
0.000
0.003
2.556
0.947
0.000
0.041
0.374
0.000
0.007
0.000
0.000
0.017
1.057
0.000
0.000
0.014
0.000
0.000
4.504
2.576
10.641
11.309
3.995
6.053
11.014
7.491
14.289
15.556
5.471
3.533
3.552
8.126
34.846
19.032
26.999
13.278
42.342
0.168
6.890
26.209
0.690
0.000
4.283
0.999
7.100
13.960
3.292
4.103
0.086
2.680
3.456
6.448
4.482
1.765
7.697
4.234
0.996
14.201
6.362
11.970
2.632
0.096
5.402
5.490
15.352
15.036
17.418
0.106
1.344
7.409
1.970
6.784
13.004
4.475
10.274
0.645
8.446
11.072
0.694
10.870
15.086
6.858
13.804
0.362
4.597
1.634
6.969
0.110
3.646
5.737
10.547
2.293
11.573
8.810
23.224
1.698
8.897
17.022
12.245
15.010
3.128
17.237
10.756
0.072
2.424
11.979
19.018
22.546
27.823
30.058
2.427
17.032
8.047
14.348
13.467
2.808
7.779
6.168
2.026
9.719
5.004
11.117
0.900
13.366
9.587
26.631
8.398
14.295
5.019
13.096
1.645
15.086
14.759
2.957
1.162
4.786
3.955
0.017
3.986
1.922
9.524
9.064
2.561
1.294
9.651
2.656
0.594
5.304
2.812
6.760
13.475
12.614
8.274
5.167
0.192
0.000
0.000
0.000
1.960
0.000
10.331
8.302
5.244
4.728
0.000
0.000
0.000
0.553
0.783
1.658
2.856
1.600
2.170
2.620
4.882
12.222
0.326
6.300
8.786
13.132
5.019
0.000
0.000
0.000
1.473
0.000
0.014
3.972
7.787
10.804
2.012
0.014
0.000
0.182
0.000
0.000
0.000
0.000
0.000
0.000
0.000
0.000
0.000
0.000
0.657
0.568
0.000
0.000
0.000
0.003
3.984
0.708
0.209
4.221
2.982
0.000
0.000
0.000
0.000
0.000
0.000
0.000
0.021
0.000
0.000
0.000
0.000
0.000
5.292
2.956
0.354
4.975
0.000
0.000
0.000
0.000
0.000
0.975
0.000
0.000
0.000
2.729
2.438
1.095
2.285
0.017
1.191
0.000
0.000
0.000
0.000
0.000
0.000
0.034
0.000
0.000
0.000
0.000
0.000
0.000
0.093
0.000
0.340
0.683
0.827
0.558
0.000
0.000
0.048
0.333
0.000
0.000
0.000
0.000
0.000
0.000
0.000
0.000
0.000
0.000
0.120
0.000
0.000
0.000
0.000
0.000
0.000
0.000
0.000
0.000
0.000
0.000
0.000
0.000
0.000
0.000
0.000
0.000
0.000
0.000
0.000
0.000
0.000
0.000
0.000
0.316
0.007
0.000
0.295
0.000
0.247
0.000
0.000
0.000
0.000
0.058
0.000
0.000
0.000
0.000
0.000
0.000
0.000
0.000
0.000
0.635
0.000
0.000
0.000
0.000
0.000
0.000
0.000
0.000
0.000
3.406
2.544
0.007
0.000
8.077
0.189
0.014
0.000
0.024
3.054
0.000
0.000
0.000
0.000
0.000
0.000
0.000
0.034
0.731
7.759
0.000
0.000
0.000
0.000
0.000
0.187
0.000
0.000
0.000
0.000
2.426
1.293
0.635
4.798
0.294
2.680
0.000
4.283
0.000
10.935
1.950
0.094
0.374
0.633
0.003
12.854
12.332
10.225
5.138
25.277
0.000
0.000
6.159
37.758
119.059
2.051
13.202
12.279
18.478
28.097
3.753
0.424
9.439
2.443
13.824
0.757
0.000
0.000
16.150
10.095
2.925
11.585
0.000
10.057
5.433
20.510
5.067
0.079
3.689
10.518
14.426
10.123
1.334
10.451
3.104
1.287
10.015
0.515
6.125
0.707
10.798
11.567
1.552
1.281
15.741
22.493
5.558
19.514
14.481
11.673
3.859
7.723
15.834
73.701
4.177
1.971
2.788
9.335
2.465
2.396
2.886
5.016
11.992
7.224
2.937
2.810
0.645
0.000
0.184
7.914
3.786
9.071
21.333
3.457
16.934
24.014
0.106
2.827
9.810
2.226
65.866
48.855
0.791
5.004
4.990
9.066
55.441
2.683
1.806
1.748
10.470
3.076
1.602
7.397
40.541
7.412
4.158
38.013
2.106
0.062
3.698
3.342
5.141
10.535
3.653
3.063
5.414
0.601
7.375
7.206
11.295
1.102
1.675
0.000
10.362
7.819
5.267
1.293
9.821
16.364
8.120
7.105
0.733
10.351
4.802
10.540
4.896
26.304
23.694
0.233
13.941
2.642
0.320
4.869
2.642
0.472
0.863
4.494
7.478
7.958
8.688
0.973
0.197
0.000
0.000
0.038
0.000
0.262
1.156
9.850
1.066
0.024
7.833
18.339
1.252
0.659
0.000
0.000
0.000
0.000
0.000
1.902
2.161
2.577
6.200
0.039
0.918
8.490
8.873
7.845
4.698
1.322
0.027
1.111
4.910
5.013
6.097
2.446
0.389
7.134
0.082
0.007
0.718
1.099
4.944
0.924
0.069
0.000
0.000
0.000
0.000
0.000
0.000
0.000
0.000
0.000
0.000
0.000
0.000
0.065
1.560
0.000
2.676
1.360
0.077
0.076
0.000
0.021
0.024
0.000
0.100
1.045
9.328
0.203
0.000
0.000
0.000
0.000
0.000
0.000
0.000
0.000
0.000
0.000
0.000
0.000
0.000
0.000
0.000
0.000
0.000
0.000
0.000
0.000
0.000
0.000
0.000
0.000
0.000
0.000
0.000
0.000
0.000
0.000
0.000
0.000
0.000
0.000
0.000
0.000
0.000
0.139
0.000
0.373
0.000
0.000
0.000
0.000
0.000
0.000
0.671
0.336
1.526
0.000
0.125
0.000
1.093
0.000
0.000
0.000
0.000
0.000
1.428
9.313
0.017
0.000
0.000
0.000
0.000
0.683
0.133
1.318
1.245
0.000
0.000
1.330
5.059
0.000
0.000
0.000
0.000
0.318
0.000
0.000
0.000
0.000
0.580
0.000
0.389
0.055
0.371
0.046
0.010
0.000
0.570
0.072
0.000
0.000
0.007
0.597
0.000
0.000
0.038
0.000
0.000
0.000
0.000
0.000
0.051
0.046
1.996
0.000
0.000
0.000
0.000
0.000
0.000
0.007
0.000
2.230
0.000
0.000
0.000
0.057
6.351
1.076
0.609
0.000
0.000
0.000
0.000
1.995
0.467
0.000
0.000
0.141
2.376
8.660
2.482
0.000
0.000
0.000
9.383
21.918
14.553
0.000
13.086
3.275
1.205
0.000
6.303
3.890
0.237
0.000
0.000
0.000
6.861
8.387
3.152
2.230
8.315
24.989
12.354
6.035
0.270
0.000
3.973
9.477
0.003
6.394
3.335
0.568
0.745
0.506
0.000
0.000
0.003
0.000
0.000
0.000
0.000
4.425
0.180
0.000
0.007
5.370
4.343
18.301
11.581
14.639
8.978
2.101
0.124
0.000
2.103
9.678
8.806
4.062
11.127
7.859
14.485
13.273
6.101
6.650
10.828
1.875
3.026
17.566
12.159
31.081
5.836
4.383
1.375
0.051
0.000
0.192
5.387
2.982
1.428
11.587
16.301
22.192
14.347
3.395
2.853
1.442
27.380
3.615
3.450
4.268
23.348
7.591
5.009
5.031
4.322
5.885
9.091
9.222
8.051
7.749
6.774
24.400
10.732
4.796
1.021
1.298
9.735
2.922
6.901
9.538
1.040
3.404
6.101
1.454
0.116
3.129
7.593
19.220
9.047
0.867
6.212
8.209
17.387
10.880
11.506
6.784
9.050
3.414
6.748
1.052
1.569
7.036
12.076
2.465
11.208
25.181
0.082
0.000
0.000
0.000
0.000
0.438
0.000
1.184
0.958
0.494
1.509
2.074
3.437
0.968
0.230
3.560
10.602
7.296
6.127
0.867
0.965
0.968
0.615
4.078
9.733
21.289
1.964
4.773
10.384
0.845
5.564
2.851
0.772
3.692
3.007
4.901
9.465
0.000
0.000
0.000
0.000
0.204
0.000
0.000
2.721
2.752
0.898
4.161
14.401
11.522
7.532
0.000
3.495
0.000
1.572
1.155
0.000
0.027
0.000
0.034
5.356
0.007
0.097
0.010
0.767
6.253
9.670
0.113
3.586
11.424
7.222
3.198
0.433
0.000
0.000
4.080
1.275
1.456
1.552
1.535
1.806
0.000
0.784
0.106
0.000
0.000
0.000
0.000
0.000
1.124
1.619
4.240
0.124
0.093
0.000
0.000
0.000
0.000
0.000
0.000
0.000
0.000
0.000
0.000
0.000
0.000
0.000
0.000
0.000
0.000
1.772
0.000
0.000
0.000
0.000
0.000
0.000
0.000
0.000
0.000
0.000
0.000
0.000
0.000
0.000
3.773
0.000
5.342
8.022
2.094
0.000
0.000
0.000
0.000
0.000
0.000
0.000
0.000
0.000
0.000
0.000
0.027
1.145
3.115
0.000
7.200
4.281
0.024
0.062
0.000
0.000
0.000
0.000
0.000
0.000
0.000
0.000
0.402
0.000
0.000
0.000
0.000
0.000
0.000
0.000
0.062
0.312
0.010
0.000
1.217
0.000
8.751
0.000
0.017
0.000
0.000
0.003
0.010
0.000
0.000
0.230
26.264
2.482
0.000
0.000
0.000
0.000
0.000
0.000
0.000
0.000
0.206
0.050
0.537
0.000
0.000
0.118
1.061
0.000
0.000
0.408
0.124
0.513
0.113
2.238
1.183
6.703
11.399
10.540
10.777
0.000
0.000
0.000
0.000
3.559
4.843
0.010
0.000
0.000
0.070
1.289
0.000
0.057
0.716
0.000
0.000
0.072
0.505
0.199
0.587
6.597
69.779
0.196
0.000
6.039
14.706
0.299
1.844
8.899
4.123
5.924
0.017
1.851
12.222
23.083
1.250
3.988
0.881
8.265
10.295
9.342
0.397
3.941
0.046
0.376
0.062
0.000
0.000
0.000
0.978
3.437
22.328
6.575
11.951
2.307
2.925
19.935
0.840
3.437
13.182
12.291
10.216
0.678
8.695
1.961
2.329
1.560
0.731
7.896
4.022
2.408
4.522
1.298
8.683
6.106
18.254
70.537
0.335
13.031
15.030
0.412
1.059
18.551
21.192
0.000
9.179
2.230
2.299
0.677
14.552
9.786
1.849
0.803
2.704
3.279
4.084
0.000
0.000
9.768
15.720
2.109
0.000
5.273
4.123
7.879
11.468
0.055
17.065
8.736
6.492
1.396
0.000
0.000
0.573
0.242
1.368
2.262
12.324
5.838
4.022
0.992
1.207
3.250
2.074
14.243
18.910
0.021
42.817
8.636
2.496
20.644
6.781
3.153
1.157
7.302
10.274
4.853
8.552
6.631
4.429
4.180
6.654
15.178
2.546
6.042
7.169
0.651
8.587
1.509
1.286
6.487
9.196
4.383
0.091
15.063
12.682
6.624
22.129
3.435
17.218
0.000
0.000
0.000
7.859
2.856
9.956
7.907
4.106
9.819
3.111
0.834
17.925
1.737
9.901
3.495
22.735
0.450
0.584
9.905
9.613
4.789
0.240
11.333
1.893
1.778
4.831
8.154
1.105
0.027
0.000
3.577
3.818
0.460
0.000
0.000
0.000
0.000
0.089
0.000
2.571
0.412
7.158
9.105
1.222
0.000
0.000
0.000
0.000
0.000
0.000
0.000
0.000
3.941
12.861
2.602
1.387
12.033
5.260
0.062
0.000
0.000
0.000
0.000
0.000
0.000
0.000
0.000
0.048
0.273
5.903
3.193
0.000
0.000
0.000
0.000
0.000
0.000
0.000
0.000
0.000
0.000
0.000
0.000
0.000
0.000
0.000
0.000
0.000
0.000
0.000
0.000
0.000
0.000
0.000
0.000
0.000
0.000
0.000
0.000
0.000
0.000
0.000
0.000
0.000
0.000
0.000
0.000
1.293
0.000
0.000
0.000
0.000
0.000
0.000
0.000
0.000
0.000
0.000
0.000
0.000
0.000
0.000
0.000
0.000
0.000
0.027
1.782
0.199
6.084
0.167
0.000
0.000
0.000
0.000
0.000
0.000
0.000
0.000
0.144
0.000
0.000
0.000
0.000
0.000
0.000
0.000
0.654
0.000
0.000
0.000
0.000
0.000
0.000
0.000
0.000
0.000
0.113
0.000
0.000
0.560
0.041
0.000
0.000
0.000
0.000
0.000
0.000
0.000
0.000
0.000
0.089
0.000
0.000
0.000
0.000
0.000
0.000
0.000
5.867
1.794
8.271
0.000
0.000
0.000
0.000
0.000
0.000
0.000
0.000
0.000
0.000
0.338
0.000
0.000
0.000
0.000
0.000
5.527
1.646
2.141
4.946
0.000
0.051
0.000
0.127
9.967
0.494
1.511
3.426
5.088
7.490
5.951
1.015
6.309
11.558
2.068
15.793
21.245
0.711
3.469
1.799
0.000
2.659
6.175
14.113
4.192
16.516
7.956
0.000
14.023
0.000
0.000
2.874
0.000
0.014
1.247
3.845
29.445
7.776
1.921
1.348
5.850
0.465
10.523
12.421
4.464
17.113
4.350
5.620
9.695
5.716
5.605
26.417
0.000
9.474
13.896
1.245
0.000
0.000
0.000
0.683
1.772
7.878
23.574
5.660
0.000
0.000
0.060
13.553
5.890
1.741
10.224
6.691
13.585
0.154
16.486
2.057
0.845
17.650
13.795
0.446
17.489
2.012
0.536
8.332
15.927
6.444
3.560
4.650
0.031
7.033
6.724
9.713
11.222
7.938
2.874
2.057
6.942
11.834
7.127
11.103
11.587
10.410
1.996
5.648
20.888
9.936
4.638
7.062
5.301
2.712
8.126
8.858
12.198
0.000
2.359
5.586
8.710
2.343
18.158
14.814
23.250
34.619
4.130
7.419
6.448
4.010
21.133
0.086
4.552
10.210
3.907
8.255
16.797
2.915
2.166
1.356
0.848
0.615
3.919
4.879
9.962
11.881
2.905
11.361
6.616
0.644
2.063
4.374
0.606
15.259
10.109
10.415
2.355
3.422
12.198
4.340
1.452
5.256
0.000
0.601
2.659
0.972
4.003
1.473
7.495
1.905
1.373
2.269
4.511
4.092
4.377
2.537
8.853
8.532
11.251
3.334
11.285
1.924
44.000
9.949
0.000
0.000
0.000
0.000
0.433
0.000
2.949
2.149
10.976
4.686
2.487
8.859
7.487
2.257
12.027
13.664
8.705
1.433
6.006
6.896
1.526
2.081
4.257
1.978
1.475
0.512
2.621
1.080
4.910
3.011
1.763
0.000
0.000
0.000
0.000
0.010
2.489
0.501
4.956
7.174
2.314
8.734
0.000
0.000
0.000
1.306
4.649
0.644
0.293
0.000
0.000
0.000
4.610
0.284
0.000
0.302
0.000
1.260
3.373
1.231
1.648
18.476
6.878
0.014
0.000
0.151
0.000
0.846
0.175
0.000
0.821
2.058
3.521
0.264
0.117
0.604
6.273
3.159
0.007
0.000
0.000
0.000
0.000
0.000
0.000
0.000
0.000
0.000
0.185
1.167
0.271
0.000
0.000
0.000
0.000
0.000
0.000
0.000
0.000
0.000
0.000
0.000
0.000
0.000
0.000
0.000
0.000
0.000
0.000
0.000
0.000
0.103
0.000
0.000
0.000
0.000
0.000
0.079
0.000
0.000
0.000
0.000
0.000
0.000
0.000
0.000
0.000
0.000
0.000
0.000
0.000
0.000
0.000
0.003
0.323
0.000
0.397
0.000
0.000
0.000
0.000
0.000
0.000
0.000
0.000
0.000
0.000
0.000
0.021
0.936
0.072
0.000
0.000
0.000
0.000
1.879
1.095
0.000
0.000
0.000
0.220
0.398
0.400
0.000
0.000
0.000
0.000
0.000
0.000
0.000
0.000
0.000
0.091
0.227
0.000
0.000
0.000
0.323
0.000
0.000
0.000
0.000
0.711
0.409
0.292
0.000
0.000
0.000
0.000
0.160
1.260
0.000
0.000
0.060
0.024
0.000
0.000
0.539
0.706
1.893
3.160
0.100
0.034
6.922
33.842
0.321
0.035
0.000
2.300
1.547
0.000
0.645
0.000
0.000
0.000
13.386
5.923
0.000
0.041
9.558
11.298
9.422
2.980
15.496
18.931
0.733
0.000
11.053
3.378
7.385
0.076
0.000
7.776
8.780
11.357
0.079
2.345
8.710
6.733
3.124
14.821
4.614
2.870
7.598
9.251
7.460
10.664
14.032
0.299
0.000
1.088
1.102
2.249
0.000
0.000
0.000
0.000
1.401
0.724
0.000
0.000
0.000
0.000
0.000
0.364
0.179
0.100
0.239
4.988
14.214
4.271
0.573
26.779
82.748
3.172
14.056
0.055
0.024
11.790
10.138
0.565
12.253
6.621
3.502
13.905
4.782
10.780
12.356
5.857
0.010
3.753
1.880
7.055
7.553
0.031
0.024
10.677
4.724
6.334
5.993
4.429
14.334
7.076
0.553
3.495
2.990
0.113
9.606
5.689
6.448
5.867
26.484
4.175
4.092
2.072
0.069
5.273
8.569
8.298
0.402
3.941
11.596
3.969
14.825
4.075
6.901
6.403
11.103
11.901
0.886
7.886
10.052
4.398
2.355
0.048
8.267
12.178
1.923
0.045
11.415
3.179
7.227
0.027
0.000
13.841
7.302
0.379
2.602
3.550
0.124
1.348
5.426
5.136
6.309
1.416
10.246
4.872
1.658
0.000
0.120
1.887
0.235
7.620
8.554
0.228
7.033
16.176
0.185
0.000
0.271
0.506
1.636
10.899
0.342
2.610
2.622
7.940
0.709
4.525
4.884
7.962
2.468
0.051
9.675
0.062
0.000
0.000
2.281
0.000
0.000
5.164
1.758
0.017
0.027
5.019
0.858
0.069
0.014
0.000
0.000
0.000
0.000
0.000
0.000
0.000
0.041
0.000
0.000
0.000
0.000
0.000
2.376
0.000
0.000
2.575
0.103
0.000
0.776
0.000
0.000
0.000
0.000
0.000
0.000
1.274
5.895
0.402
0.484
0.007
0.000
0.000
0.000
0.000
0.000
0.000
0.000
0.000
0.000
0.000
0.000
0.000
0.000
0.000
0.000
0.000
0.000
0.000
0.000
0.000
0.000
0.153
0.000
0.000
0.000
0.000
0.000
0.000
0.000
0.000
0.000
0.000
5.407
0.244
0.000
0.000
0.000
0.000
0.000
0.000
0.000
0.000
0.000
0.000
0.000
0.000
0.000
0.000
0.000
0.000
0.459
0.000
0.000
0.000
0.000
0.000
0.000
0.000
0.000
0.000
0.000
0.000
0.000
0.000
0.000
0.000
0.000
0.000
0.000
0.000
0.000
0.000
0.000
0.000
0.000
0.000
0.000
0.000
0.000
0.000
0.000
0.000
0.000
0.000
0.000
0.000
0.000
0.000
0.000
0.000
0.000
0.000
0.000
0.853
0.287
0.000
0.041
0.000
0.000
0.000
0.000
0.000
0.000
0.000
0.010
0.010
0.376
0.000
0.578
0.000
0.000
0.000
0.000
0.000
0.000
0.003
0.010
0.007
0.039
0.000
0.110
0.220
0.043
0.000
0.000
1.522
0.239
0.014
0.000
0.000
0.000
0.000
0.000
0.000
0.292
2.388
0.000
0.874
0.752
3.348
0.000
0.000
0.000
0.000
0.000
0.000
0.000
0.199
0.031
0.000
0.000
0.000
0.000
0.249
0.000
2.408
0.000
0.077
0.000
0.000
0.000
0.000
0.000
0.086
0.000
0.000
0.000
0.000
2.731
0.000
0.168
0.000
0.000
0.000
0.000
0.529
0.000
0.000
0.082
1.851
0.000
0.000
0.000
0.000
2.074
0.000
0.000
0.000
0.000
0.058
13.069
0.000
0.000
0.000
0.781
0.000
2.402
0.000
1.408
4.841
1.305
0.000
7.512
13.091
19.613
31.044
9.060
7.094
5.714
3.790
8.814
6.085
18.996
8.870
7.850
0.542
3.540
3.440
5.138
6.095
0.568
0.891
1.140
0.000
0.000
4.437
0.245
0.007
0.000
9.222
2.935
1.247
10.506
3.284
4.624
1.722
10.428
0.639
6.868
3.994
0.027
10.842
0.685
21.226
65.806
19.725
5.783
7.890
9.019
11.192
0.549
16.897
7.228
0.130
15.310
10.358
3.754
2.439
12.380
8.648
4.312
14.691
9.750
2.374
0.000
0.000
11.504
0.364
5.253
0.347
13.153
17.549
14.833
24.843
0.790
7.357
1.341
7.744
2.686
1.777
3.150
7.609
0.767
0.000
6.521
2.048
10.911
0.613
6.006
0.711
17.798
3.017
1.167
5.302
1.895
0.716
1.332
0.055
0.958
0.000
0.000
0.000
0.498
0.000
0.000
2.038
13.673
23.394
3.020
0.263
0.000
0.000
0.204
5.828
0.000
1.104
1.967
0.839
0.343
0.000
0.000
0.154
1.023
6.080
5.356
2.412
10.966
2.216
0.000
0.000
6.939
0.073
0.000
0.000
3.143
0.000
0.000
0.000
0.000
1.332
2.341
7.320
4.692
0.748
0.000
0.000
0.000
0.000
0.000
0.000
0.000
0.000
1.361
0.000
0.000
0.000
0.000
0.000
0.000
0.000
0.000
0.000
0.178
0.000
0.000
0.000
0.000
0.000
0.000
0.000
0.000
0.000
0.000
0.000
0.000
0.000
0.000
0.000
0.196
0.000
0.000
0.707
0.000
0.000
0.000
0.000
0.000
0.000
0.000
0.000
0.000
0.000
0.000
0.000
0.000
0.000
0.003
0.000
0.000
0.000
0.000
6.327
0.000
0.000
0.000
0.000
0.000
0.000
0.000
0.000
0.000
0.000
0.000
0.000
0.000
0.000
0.000
0.000
0.000
0.000
0.000
0.000
0.000
0.000
0.000
0.000
0.000
0.000
0.000
0.000
0.000
0.000
0.000
0.000
0.000
0.000
0.377
0.055
0.000
0.074
0.000
0.128
0.153
0.000
0.000
0.000
0.381
0.017
0.003
1.365
0.039
0.000
0.003
0.203
0.000
0.000
0.000
0.000
0.000
0.000
0.443
0.038
0.000
0.000
0.007
0.031
1.339
0.000
0.017
0.718
0.218
0.000
0.034
0.000
0.041
0.065
0.764
0.081
2.268
0.175
0.021
0.096
1.076
0.000
0.000
7.674
3.904
0.106
0.000
0.000
0.014
3.138
0.112
0.513
0.000
1.260
9.160
2.941
3.244
2.266
3.282
12.531
0.100
0.000
5.109
22.175
0.000
0.021
8.377
7.514
0.000
0.076
0.656
9.620
0.556
15.978
16.608
3.169
0.021
2.036
0.000
2.316
6.848
0.371
8.820
0.441
8.082
11.968
37.494
8.221
1.368
7.464
1.305
0.000
0.000
8.794
7.636
0.259
7.776
3.734
10.832
6.872
28.261
4.535
5.047
1.427
8.695
3.665
15.661
35.506
89.353
19.683
0.154
0.000
2.142
14.123
5.548
9.314
19.266
14.682
13.881
1.324
2.523
0.000
0.007
0.000
17.338
6.583
0.089
4.904
0.000
0.000
0.000
0.000
2.681
30.583
1.394
0.283
0.007
2.517
1.039
0.312
9.524
3.865
9.409
3.851
10.073
3.195
2.808
4.533
1.384
0.084
0.000
1.979
8.956
18.042
9.302
14.032
8.722
21.423
177.481
10.000
6.438
1.790
6.149
17.767
7.430
8.147
0.922
0.362
8.005
0.321
4.037
3.111
1.948
0.000
2.635
7.021
18.287
1.555
18.273
11.809
17.527
4.611
7.790
20.653
12.671
0.223
0.100
10.595
3.823
5.151
0.134
4.269
11.304
12.578
10.386
0.132
5.558
3.487
3.577
2.007
1.907
6.446
17.276
3.982
0.244
5.938
1.275
1.349
0.000
0.958
0.100
2.686
1.847
3.282
1.662
2.462
0.233
3.584
6.245
15.161
1.384
1.809
1.590
0.299
5.418
10.777
0.982
9.352
3.965
4.044
0.223
1.081
5.236
4.309
0.100
3.083
2.273
7.038
0.000
0.000
0.000
7.031
1.669
0.182
0.000
2.287
0.000
0.000
0.000
1.715
4.067
0.000
0.855
0.000
0.000
2.699
0.082
9.943
0.182
0.000
0.000
0.000
0.000
0.000
0.704
1.595
2.460
3.775
3.124
0.271
0.968
0.000
0.000
0.453
0.055
0.769
2.486
0.000
0.882
0.000
0.000
1.535
0.031
0.000
0.000
0.000
0.000
0.000
0.000
0.000
0.000
0.000
0.000
0.000
0.000
0.000
0.000
0.000
0.027
0.000
0.000
0.000
0.807
0.000
1.231
0.000
0.000
0.259
0.000
0.000
0.000
0.000
0.000
0.000
0.227
0.000
0.000
0.000
0.000
0.000
0.000
0.000
0.000
0.554
0.000
0.000
0.000
0.000
0.000
0.000
0.000
0.000
0.000
0.000
0.000
0.000
0.000
0.000
0.000
0.000
0.000
0.000
0.000
0.175
0.000
0.134
0.055
0.000
0.000
2.654
0.014
0.000
0.000
0.000
0.000
0.000
0.000
0.000
0.003
0.656
0.031
0.000
0.000
0.000
0.000
0.000
0.000
0.000
0.031
0.000
0.000
0.000
0.000
0.000
0.179
3.828
0.058
0.582
0.070
0.000
0.000
0.000
0.000
0.000
0.000
0.000
0.017
1.542
0.000
0.869
9.012
2.384
0.000
0.170
0.000
0.191
0.000
0.000
3.896
0.021
1.852
1.354
0.112
0.000
1.917
5.912
2.089
4.923
3.380
0.003
0.209
10.167
0.027
1.720
0.024
7.317
0.968
10.707
5.091
0.366
6.382
3.787
0.594
1.126
0.000
0.783
0.021
0.000
0.000
1.614
3.310
3.591
6.580
6.990
3.880
3.205
4.312
0.010
0.021
0.031
4.867
4.829
0.000
0.000
0.000
0.000
0.000
0.000
0.259
3.993
0.304
0.000
0.731
1.248
1.150
3.174
2.559
0.690
0.000
0.180
6.829
11.381
5.105
1.524
0.697
17.293
11.019
13.740
2.221
20.091
14.371
14.001
4.728
2.547
13.323
2.647
5.383
9.325
0.100
0.017
4.089
0.415
0.000
1.021
0.206
0.000
0.000
0.000
0.000
0.000
0.000
0.000
0.192
3.828
1.294
0.007
0.278
2.784
0.130
4.913
11.137
8.518
2.177
8.604
0.309
7.498
7.615
0.079
1.813
15.700
1.682
2.970
0.000
5.493
12.147
15.741
2.156
0.405
12.648
11.810
1.126
3.933
6.049
8.669
10.459
2.894
16.998
5.210
6.269
7.601
9.386
9.507
0.364
3.612
8.768
0.000
0.000
5.782
2.709
7.419
0.604
9.311
5.217
4.257
6.765
4.693
21.698
11.525
3.807
4.910
1.808
0.304
3.564
3.629
1.257
4.844
10.478
23.960
1.686
9.531
3.627
9.788
0.457
0.014
0.000
0.000
0.000
4.820
49.269
9.747
0.697
4.171
9.088
0.501
0.000
11.244
10.825
21.581
7.330
4.697
11.089
6.619
10.087
0.062
0.000
0.000
0.000
0.000
0.000
0.034
10.550
3.107
0.439
9.122
0.041
5.620
2.870
3.406
0.000
0.529
0.769
9.568
8.444
4.249
3.050
0.335
15.413
16.401
0.000
0.000
0.000
0.000
0.000
0.027
5.400
0.000
0.000
0.000
0.000
0.000
0.000
0.000
0.000
0.000
2.034
0.000
7.148
14.059
6.949
8.377
0.656
7.182
0.062
2.135
0.858
4.937
15.855
0.848
2.620
2.740
0.917
0.117
0.000
0.000
0.000
0.000
0.000
0.000
0.000
0.000
0.100
0.000
0.000
0.007
0.000
0.024
1.552
0.086
0.000
0.000
0.000
0.000
0.000
0.000
0.000
0.000
0.000
0.000
0.000
0.000
0.000
0.000
0.000
0.031
0.000
0.000
0.000
0.000
0.000
0.000
0.000
0.000
0.000
0.000
0.000
0.000
0.000
0.000
0.000
0.000
0.000
0.000
0.000
0.000
0.000
0.000
0.000
0.000
0.000
0.000
1.310
1.840
11.865
0.134
0.000
0.000
0.000
0.000
0.000
0.000
0.000
0.000
0.000
0.000
0.000
0.000
0.745
15.465
3.728
0.000
0.000
0.000
0.000
0.000
0.000
0.000
0.000
0.000
0.000
0.064
0.302
0.000
0.000
5.495
0.388
0.000
0.000
0.000
0.000
0.000
0.000
0.000
0.000
1.622
0.323
0.302
2.290
0.000
0.000
0.282
0.000
5.141
9.399
9.126
0.383
0.007
0.000
6.595
1.820
4.436
8.332
10.159
0.488
0.762
6.077
8.655
0.000
0.000
0.000
0.000
0.000
0.000
0.000
0.017
0.323
0.402
0.182
0.007
0.000
1.239
0.000
0.000
33.574
0.000
0.000
15.300
22.938
12.815
0.273
0.007
10.653
5.260
5.718
0.000
0.000
3.812
2.341
0.288
22.969
11.825
0.848
4.577
0.000
0.254
0.034
16.008
0.124
0.000
3.129
0.445
11.656
1.595
0.407
0.275
0.218
4.528
14.385
1.049
0.943
22.440
13.748
5.773
0.798
0.010
0.000
0.007
5.268
15.297
4.451
3.064
2.626
0.984
6.597
0.007
7.778
0.134
0.000
0.000
4.273
3.955
5.160
1.626
0.000
0.364
4.970
68.798
3.068
9.020
2.603
12.018
16.794
0.055
8.932
12.892
4.971
1.727
6.854
8.367
17.116
10.077
5.435
18.589
0.743
0.003
0.532
0.003
5.701
2.134
11.522
8.909
0.038
0.000
0.000
1.492
0.000
0.000
6.698
6.327
2.424
0.855
7.594
2.922
9.459
2.400
5.122
1.487
5.043
3.279
0.000
0.000
2.438
11.052
12.092
9.740
11.484
37.666
2.961
5.576
0.745
0.000
0.000
0.000
0.000
0.000
1.717
0.230
4.391
0.699
0.177
0.010
12.317
8.933
1.377
1.833
1.344
6.209
16.986
0.448
1.066
5.310
13.001
8.358
16.464
8.837
0.429
0.335
12.656
2.426
11.104
6.856
3.603
2.144
0.045
8.599
7.323
2.053
4.265
12.967
12.238
0.392
0.977
3.488
14.335
0.747
5.696
4.913
3.750
85.139
1.184
4.353
3.687
9.378
7.066
14.081
3.811
3.270
10.580
10.166
2.489
11.187
2.971
1.706
12.900
0.007
0.000
0.000
0.000
1.669
6.142
0.220
8.957
10.502
0.924
0.532
0.220
0.045
0.000
0.000
0.000
0.000
0.000
9.373
0.179
0.003
0.000
0.082
0.024
0.000
0.000
0.309
0.316
8.147
10.662
3.212
0.275
0.000
0.000
0.000
0.594
1.298
0.000
0.000
0.000
0.000
0.206
2.118
1.397
1.181
0.302
0.000
1.919
0.261
0.000
0.000
0.000
0.000
0.000
0.000
0.081
3.335
0.450
0.000
1.643
0.017
0.000
0.000
0.264
0.000
0.000
0.003
0.942
0.000
0.000
0.374
1.782
0.000
0.000
0.000
0.000
0.748
0.000
0.000
0.000
2.350
2.479
9.869
0.000
0.000
0.000
0.000
0.000
0.000
0.000
0.482
0.000
0.000
0.000
0.000
0.000
0.000
0.000
0.000
0.000
0.000
0.000
0.000
2.364
0.000
0.000
0.000
0.000
0.000
0.000
0.000
0.000
1.356
2.335
0.000
0.060
0.000
0.000
0.014
0.100
0.221
0.000
0.409
0.625
0.000
0.000
0.088
0.000
1.102
0.000
0.007
0.000
0.893
2.334
0.000
8.667
0.153
0.000
0.000
0.000
0.000
0.000
0.000
0.194
1.770
0.000
0.000
0.000
0.000
0.000
0.000
0.070
0.000
0.446
4.549
0.000
1.236
2.822
1.219
0.350
10.153
0.340
0.855
0.860
0.000
0.000
11.771
0.185
12.991
12.003
1.368
4.873
0.283
0.000
0.000
0.000
0.367
9.501
0.000
1.661
0.000
0.036
0.000
0.407
5.425
12.147
0.014
3.464
12.066
12.435
3.097
11.960
0.031
13.685
1.795
24.378
0.141
0.000
0.000
0.015
9.507
0.393
8.758
17.210
12.207
14.444
7.884
7.677
17.885
4.032
0.359
8.344
9.527
2.161
2.769
0.000
0.306
6.856
2.097
0.072
7.971
6.749
0.434
4.041
4.077
0.000
0.000
0.306
11.314
5.160
6.690
2.891
3.590
2.419
0.345
8.428
10.064
15.079
16.160
6.404
1.339
3.378
7.668
2.261
39.757
7.335
4.202
3.081
0.094
9.653
0.021
4.364
9.373
6.042
0.134
0.824
5.603
0.378
0.501
1.574
3.107
1.603
1.233
1.057
0.000
9.589
66.114
0.398
0.000
9.846
14.653
3.248
2.891
0.000
1.136
25.622
4.113
2.908
14.715
13.015
7.915
17.736
0.656
0.000
0.000
0.371
2.515
0.419
5.909
81.117
6.839
1.885
3.883
33.319
4.508
4.511
6.878
8.837
0.000
0.082
10.149
6.609
4.207
8.707
5.253
3.952
10.918
4.001
13.716
23.624
18.654
1.669
0.000
0.000
2.468
2.365
5.188
7.996
1.590
14.323
2.238
0.120
5.720
4.879
9.575
2.029
9.524
3.265
0.436
12.579
8.676
3.625
5.170
0.079
0.319
12.799
6.406
2.484
19.025
14.468
13.474
0.185
0.815
16.526
0.132
0.000
6.631
1.540
8.417
3.543
0.742
3.770
5.419
0.000
0.053
0.000
0.783
5.292
3.301
4.628
7.974
2.911
6.880
25.620
15.218
11.807
0.003
0.000
0.288
0.051
0.000
0.000
0.000
0.000
0.000
3.696
13.484
8.792
0.167
0.366
0.000
1.526
0.007
0.000
0.000
0.000
0.000
0.000
0.000
2.431
5.588
3.744
0.021
0.000
0.100
6.022
2.873
0.000
0.930
2.735
1.342
0.000
0.000
0.024
2.204
2.211
0.000
0.000
0.000
0.000
0.000
0.000
0.568
0.000
2.879
0.428
0.000
0.000
0.000
0.000
0.000
5.116
0.000
0.000
0.000
0.000
0.000
0.000
0.007
0.000
0.000
0.000
0.000
0.000
0.000
0.000
2.341
0.000
0.000
0.000
0.000
0.000
0.000
0.000
0.000
0.000
0.000
6.666
1.128
0.055
0.000
0.000
0.000
0.000
0.000
0.000
0.000
0.000
0.000
0.000
0.000
0.000
0.000
0.000
0.000
1.102
0.252
0.000
0.000
0.000
0.000
0.000
0.000
0.000
0.000
0.000
0.000
0.000
0.000
0.000
0.477
0.350
2.657
0.000
0.000
0.000
0.000
0.000
0.000
0.000
0.000
0.000
0.000
0.000
0.000
0.000
0.000
0.000
0.264
2.373
0.048
3.200
0.490
0.000
0.185
0.000
0.000
0.000
0.000
0.000
0.000
0.000
0.000
0.000
0.000
0.000
0.000
0.000
4.724
0.048
0.000
0.094
8.636
1.844
0.000
0.000
0.000
0.000
0.000
0.745
0.436
1.978
0.000
0.024
0.615
0.525
3.289
15.916
3.524
0.010
17.389
1.198
0.007
0.000
0.000
0.000
0.268
8.650
2.812
9.071
0.000
0.000
4.257
18.787
0.031
0.141
0.086
9.618
0.000
0.031
4.127
7.222
0.000
0.216
2.338
2.074
3.984
0.000
0.240
3.279
4.652
20.958
6.470
45.085
8.978
5.682
15.573
5.800
4.643
3.695
2.789
2.043
0.000
0.296
14.914
23.765
1.734
1.428
1.809
1.751
18.773
13.431
8.825
3.722
0.402
0.000
4.278
1.085
0.031
9.936
5.105
14.375
3.979
6.520
14.499
5.031
7.962
0.618
14.062
2.237
14.191
3.490
4.319
2.582
0.000
0.000
0.000
3.528
4.487
47.536
1.892
0.000
2.403
0.577
1.799
14.025
15.704
9.582
21.441
48.189
4.810
86.301
2.493
5.809
7.594
16.833
18.148
2.767
4.487
12.622
21.725
12.260
10.142
25.420
6.959
2.829
10.243
6.552
6.659
18.207
5.777
4.110
5.304
16.056
15.167
51.921
31.323
0.018
7.619
18.047
25.070
4.715
0.265
10.606
5.331
5.236
13.698
2.661
0.170
10.046
12.030
8.659
5.511
13.257
18.862
10.830
6.822
7.234
2.726
0.669
0.512
4.786
7.986
5.105
11.611
9.551
3.893
3.162
7.450
4.820
15.566
6.877
4.017
13.453
13.441
17.389
3.677
0.227
10.763
11.299
6.042
1.356
0.901
2.111
5.062
11.510
9.538
10.854
2.755
12.523
6.211
8.241
10.712
19.829
5.598
12.457
4.808
0.105
17.439
4.460
5.569
0.692
0.000
0.000
0.000
0.000
1.571
1.373
0.000
2.906
7.560
0.000
0.000
0.000
0.000
0.000
0.000
0.000
0.000
0.000
0.000
0.034
0.000
0.000
0.000
0.000
0.000
0.000
0.000
0.000
0.000
0.000
0.000
0.038
0.072
6.870
6.079
2.963
0.000
0.000
0.000
0.000
0.021
0.000
0.000
0.163
0.678
0.000
0.731
0.000
2.321
5.146
9.036
0.000
0.000
1.878
8.514
1.037
0.096
1.027
0.000
0.000
0.000
0.000
0.000
0.000
0.136
0.000
0.003
0.000
0.000
0.000
0.000
0.021
0.000
0.000
0.000
0.000
0.000
0.000
0.000
0.000
0.000
0.000
0.000
0.000
0.000
0.000
0.000
0.000
1.329
0.000
0.000
0.000
0.000
0.000
0.000
0.000
0.000
0.000
0.000
0.000
0.000
0.000
0.000
1.207
0.000
0.000
0.000
0.000
0.000
0.000
0.000
0.000
0.000
0.000
0.000
0.000
0.000
0.000
0.000
0.014
0.000
1.287
2.041
0.000
0.000
0.000
0.000
0.000
0.000
0.000
0.000
0.000
3.797
3.941
0.010
0.007
0.000
0.000
0.179
12.084
0.000
0.000
0.000
0.000
0.096
1.083
0.000
1.293
1.488
0.810
0.021
0.000
0.000
0.069
2.657
0.000
0.065
7.134
5.249
0.467
0.000
0.000
0.000
0.000
0.621
0.000
0.000
2.671
0.754
0.110
0.432
20.467
0.026
1.128
0.156
2.213
6.315
7.572
12.677
1.940
5.387
21.519
1.289
12.385
0.609
22.053
4.434
0.051
0.989
0.000
0.110
0.000
0.000
0.000
10.770
0.000
8.578
0.000
13.577
16.073
3.799
1.200
0.134
15.803
0.606
0.027
9.011
8.367
0.000
0.000
0.000
0.000
0.000
1.979
11.129
2.803
10.059
0.000
2.082
20.471
15.515
15.921
3.345
17.099
0.366
6.784
13.287
4.868
13.548
5.054
1.940
16.092
9.716
1.360
12.583
6.434
3.807
16.981
9.980
3.485
1.844
11.026
14.799
3.553
5.576
4.250
62.200
6.746
1.840
0.364
0.934
6.513
2.874
6.897
2.819
8.918
8.648
3.979
4.343
9.077
0.556
0.000
0.000
2.777
2.947
12.832
10.392
3.183
3.692
5.836
2.566
16.069
11.491
4.350
8.211
2.126
10.349
1.392
51.385
9.055
1.497
1.224
1.739
5.150
1.947
0.041
1.874
1.523
0.000
0.000
1.781
17.702
0.117
0.014
0.000
0.000
9.750
9.386
12.313
14.057
8.027
2.122
9.374
4.306
18.088
2.163
0.000
12.148
16.208
17.262
0.265
18.097
30.486
19.878
14.583
0.551
3.584
11.755
11.637
1.135
6.710
13.021
2.711
19.247
12.787
5.660
7.469
4.280
10.267
0.524
0.000
3.073
6.520
15.178
18.445
16.653
0.000
0.000
9.136
7.872
1.294
2.190
3.241
27.653
19.132
1.270
2.372
17.702
12.603
2.414
0.112
12.758
12.661
4.764
4.407
16.653
26.055
1.033
2.740
3.117
3.067
2.744
8.544
9.830
9.576
0.000
9.499
3.969
0.438
1.637
5.843
2.475
4.541
2.035
8.930
1.373
0.000
0.000
0.000
4.621
8.161
2.743
11.278
2.499
3.159
13.472
4.467
0.014
0.000
0.000
0.000
0.000
0.000
0.000
1.617
3.282
7.464
0.704
2.378
0.288
8.247
3.299
0.000
0.000
0.000
0.000
0.034
0.199
0.000
0.000
1.442
1.040
0.179
0.000
0.000
0.000
0.000
0.000
0.000
0.000
0.000
0.000
0.000
0.014
0.000
0.000
0.007
0.000
0.378
0.000
0.000
0.000
0.000
0.000
0.000
0.000
0.000
0.000
0.000
0.000
0.000
0.000
0.000
0.000
0.000
0.000
0.000
0.000
0.522
7.242
0.000
1.301
0.000
0.118
0.790
0.000
5.752
2.057
0.000
0.000
0.000
0.252
0.000
4.235
7.587
0.000
0.000
0.000
0.000
0.000
0.000
0.000
0.000
0.000
0.000
0.000
0.000
0.000
0.000
0.000
0.000
0.000
0.000
0.000
0.000
0.000
0.520
0.000
0.000
0.000
0.000
0.000
0.000
0.000
0.000
0.000
2.043
0.560
0.508
0.000
0.000
0.000
0.000
0.000
0.000
4.946
2.608
2.017
2.942
0.103
0.007
0.088
0.000
0.390
0.206
0.522
0.000
0.228
0.000
0.000
0.386
0.676
0.000
0.000
0.000
0.000
0.000
0.000
0.014
0.640
0.000
0.000
0.000
0.000
0.000
0.031
2.990
1.366
5.655
0.148
0.000
2.393
9.606
26.583
31.754
150.492
15.511
21.566
6.400
17.798
8.638
10.550
8.779
5.706
12.600
1.483
1.603
11.769
12.591
4.807
1.579
0.000
0.000
9.532
11.843
5.804
9.105
2.098
8.137
11.520
0.000
0.954
8.271
6.957
3.008
7.824
13.431
12.576
3.765
0.223
0.270
6.588
3.746
5.558
1.493
5.763
14.806
4.700
7.538
0.007
3.604
0.525
6.224
6.606
1.763
8.437
13.827
3.315
0.864
0.000
22.807
6.794
7.545
3.456
11.896
31.387
22.951
12.039
6.494
10.334
12.516
4.801
0.096
14.505
2.113
3.224
4.758
6.782
10.650
10.082
5.121
5.617
6.683
5.572
0.946
4.326
0.038
3.608
8.902
2.875
5.782
9.354
14.598
17.238
22.807
14.365
10.907
34.150
6.640
5.191
15.213
2.947
2.158
2.733
7.852
5.205
6.805
1.260
15.590
0.244
7.498
33.690
20.208
15.204
11.797
3.365
15.547
1.064
2.659
7.230
13.899
14.872
3.260
12.655
12.060
26.272
1.187
1.399
1.933
10.714
12.140
34.269
14.377
2.464
2.981
8.198
6.661
1.237
1.059
7.012
3.525
2.446
2.192
1.932
7.380
16.059
3.383
4.395
15.477
11.536
10.265
9.298
9.755
16.402
25.478
11.211
8.156
2.446
0.038
4.369
0.930
6.013
9.574
12.660
19.451
5.744
6.549
3.739
1.071
12.327
17.271
6.561
17.109
11.924
4.707
51.461
51.011
0.235
0.106
0.000
4.527
4.024
2.240
2.350
0.736
0.000
4.051
0.604
17.568
0.345
0.003
0.000
0.285
3.320
9.048
2.451
10.550
1.243
9.268
14.318
7.042
7.578
0.130
2.094
0.927
0.584
0.000
0.000
0.000
0.000
0.000
0.000
4.480
17.983
5.376
0.915
0.168
0.161
0.000
0.137
0.000
3.512
0.000
2.479
1.239
1.928
0.893
5.794
1.871
6.434
5.085
9.047
0.227
5.957
0.086
0.000
0.000
0.000
0.000
0.000
0.000
0.000
0.000
0.481
6.939
3.167
0.673
0.412
0.000
4.096
9.198
0.000
0.000
0.000
0.000
0.000
3.303
0.000
0.000
0.000
0.000
0.000
0.000
0.000
0.000
0.000
0.000
0.000
0.000
0.000
0.000
0.000
0.000
0.000
5.103
0.065
0.000
0.000
0.431
0.000
0.000
0.000
0.000
0.000
0.000
0.000
0.021
0.000
0.000
1.345
0.000
0.000
0.000
0.000
0.003
0.201
3.353
0.000
1.387
12.738
0.112
2.541
0.000
0.990
5.500
0.000
0.000
0.000
0.000
0.000
0.000
0.000
0.000
0.000
0.113
0.034
3.718
1.315
0.000
0.000
0.000
0.000
0.003
0.000
0.000
0.000
0.000
0.000
0.000
0.000
13.630
16.318
17.630
13.908
2.517
0.000
0.069
0.000
0.000
0.072
0.000
0.000
0.000
0.000
0.000
0.041
1.792
2.609
0.000
0.000
0.062
0.000
0.786
0.165
8.614
0.299
0.000
0.000
0.000
0.000
0.000
18.431
36.693
0.295
0.000
0.000
0.000
0.229
1.126
3.260
1.159
0.573
0.589
2.911
5.579
6.878
0.878
2.800
4.067
2.063
0.082
8.937
40.503
4.762
4.722
12.732
3.775
1.778
9.172
20.560
20.941
3.304
0.000
2.580
0.764
2.892
0.352
1.160
0.000
5.355
18.079
2.238
1.854
23.664
11.094
0.160
0.070
0.062
0.011
1.945
8.839
2.644
0.149
6.223
4.353
4.596
10.200
6.080
11.735
30.590
8.150
5.050
0.021
0.048
2.777
2.906
11.834
16.720
6.176
16.658
0.886
16.052
27.861
46.829
9.060
4.257
3.605
18.213
2.743
9.682
1.507
1.469
5.047
6.983
17.070
6.200
12.452
13.815
3.062
1.365
20.294
10.097
7.974
0.314
0.041
3.440
13.934
16.831
10.779
13.903
13.757
10.985
4.515
8.880
7.443
12.246
15.408
5.325
3.418
0.167
0.264
0.961
0.000
4.992
10.897
5.174
31.696
11.227
15.824
16.004
15.415
1.662
10.686
19.111
9.941
0.546
3.684
20.112
9.263
25.073
73.535
0.333
0.457
4.463
10.736
24.108
73.396
1.859
4.151
5.730
2.434
6.575
3.454
10.052
31.184
7.018
4.807
14.612
24.309
14.651
6.544
5.806
8.518
6.482
5.622
10.674
2.462
24.506
6.286
11.185
48.779
14.028
0.261
2.077
0.213
15.419
22.803
23.209
13.520
0.518
1.542
5.071
20.812
2.633
17.951
9.364
7.900
2.692
4.099
6.774
1.804
6.921
2.802
2.626
11.824
13.206
29.028
105.067
2.891
0.601
1.205
4.223
1.140
2.908
0.934
3.001
0.251
8.377
7.371
33.955
5.606
1.454
9.222
7.917
1.847
1.826
2.300
4.875
8.587
4.261
5.006
0.000
3.066
13.676
14.014
9.881
3.076
0.594
1.490
11.573
3.773
1.957
6.619
19.652
25.512
0.566
1.126
6.001
1.126
0.000
0.045
4.837
2.333
4.086
3.296
1.938
7.666
9.919
16.864
1.991
2.771
0.418
0.000
0.000
0.000
0.000
0.000
0.000
1.019
0.000
7.603
0.815
0.000
0.000
0.000
4.550
4.218
5.227
0.000
0.125
0.000
0.000
8.310
7.049
15.310
0.096
0.000
0.000
0.000
0.000
0.000
0.027
4.489
4.777
3.422
0.494
1.332
0.000
5.548
0.027
0.000
1.801
1.032
0.137
0.021
0.000
0.000
0.000
0.000
0.000
0.000
0.000
5.794
6.772
0.163
0.000
0.000
0.000
0.000
1.521
0.000
0.000
0.000
5.040
0.100
0.000
0.000
0.000
0.000
0.000
3.704
0.000
0.000
0.000
0.000
0.000
0.000
0.000
0.024
0.007
0.000
4.360
0.000
0.316
0.963
4.954
2.968
1.876
0.436
0.000
0.000
0.014
0.079
0.000
10.413
0.000
3.454
0.000
0.000
0.000
0.000
6.652
0.079
0.000
0.000
0.000
0.000
1.912
2.716
0.000
0.000
8.171
13.530
3.365
6.410
5.272
0.000
0.601
0.000
0.000
6.077
0.288
0.000
0.158
0.069
0.000
0.000
0.560
3.897
11.326
0.316
0.062
0.000
1.940
13.877
3.516
2.249
4.655
5.812
12.500
0.045
0.010
19.484
2.506
17.468
9.929
9.184
2.702
0.041
16.833
16.871
0.154
0.251
1.572
0.000
5.310
13.752
24.319
16.382
7.936
9.194
11.069
0.786
1.408
5.680
3.018
0.007
0.000
15.230
14.155
15.541
0.000
2.458
7.174
9.513
17.516
0.917
0.453
9.187
9.340
57.471
3.971
2.005
2.743
6.108
15.386
10.317
3.004
1.202
11.343
18.924
16.715
4.250
16.191
11.989
4.583
1.655
0.106
6.372
15.563
2.633
4.982
1.868
7.299
2.587
7.079
10.001
11.216
12.193
4.508
2.626
5.045
5.552
1.612
0.086
0.082
1.663
10.495
19.791
0.034
0.000
8.319
6.075
10.976
21.847
6.152
1.452
18.234
1.447
2.486
1.991
9.764
11.385
7.538
7.804
12.100
4.264
7.560
1.061
1.363
1.315
4.058
11.707
4.556
0.772
1.011
5.503
0.573
11.794
7.049
13.899
0.295
0.294
3.473
6.770
14.575
8.417
1.147
5.773
20.617
36.591
13.108
6.436
10.800
19.226
22.326
19.181
8.423
37.937
2.311
11.560
9.936
6.609
13.966
4.631
5.133
15.939
13.688
9.586
7.018
0.089
5.565
11.378
10.801
4.013
17.245
13.118
7.871
24.640
3.564
6.564
19.377
9.634
5.088
7.381
2.172
15.901
11.323
3.186
0.371
4.237
9.354
16.006
3.782
2.376
0.072
11.697
14.359
2.578
0.000
0.000
0.000
0.000
0.000
0.000
0.000
1.174
5.534
1.842
1.852
1.303
1.329
2.394
3.753
4.657
6.365
0.017
2.723
1.548
7.960
13.354
4.199
1.394
4.219
0.048
0.000
2.338
9.012
2.341
0.896
7.599
8.279
3.385
0.000
0.000
0.000
0.000
0.000
0.000
0.000
0.924
3.011
9.215
0.000
0.539
0.017
4.171
0.031
15.252
7.117
6.691
0.549
0.000
1.047
2.197
0.000
0.000
0.000
1.088
5.857
0.041
0.000
0.000
0.000
0.000
0.000
0.000
0.000
0.000
0.000
0.000
0.000
0.000
4.288
0.000
0.024
0.000
0.115
0.045
0.000
0.000
0.000
0.000
0.000
0.000
0.000
0.000
0.000
0.000
0.000
0.055
7.961
8.075
1.528
4.627
0.089
0.000
4.983
4.170
0.469
2.448
0.884
0.000
0.000
0.000
0.000
0.000
0.000
0.003
0.000
0.158
0.000
0.000
0.000
0.000
0.000
0.000
0.680
0.000
0.000
0.000
0.000
0.000
0.000
0.000
0.000
0.000
0.000
0.000
0.000
0.000
0.000
0.000
0.000
0.000
0.000
0.000
0.000
0.000
0.000
0.000
0.000
0.000
0.402
0.000
1.270
5.915
16.030
7.019
0.237
7.189
0.762
0.000
0.000
0.000
0.000
0.000
0.000
0.000
0.000
3.402
22.148
0.010
0.415
0.007
0.000
0.615
0.000
0.000
0.000
0.824
0.130
0.192
0.000
0.000
4.201
5.102
0.000
3.329
3.164
0.000
0.000
0.903
2.323
10.518
1.547
2.753
1.039
0.211
2.908
0.671
11.836
14.758
0.498
21.923
1.061
2.396
0.000
0.000
5.895
6.252
32.053
36.880
0.177
0.000
11.917
22.879
16.019
6.206
0.000
0.000
0.000
6.676
21.602
1.215
0.000
21.959
98.465
12.037
0.014
0.000
0.817
8.648
14.426
16.613
1.780
0.330
13.711
3.203
9.946
2.271
24.469
15.554
7.275
0.062
13.197
23.391
16.043
14.828
6.853
14.708
28.973
0.772
0.000
0.000
5.512
24.887
15.106
7.158
2.609
21.094
25.911
0.422
0.312
0.000
0.148
10.622
17.784
35.117
0.469
5.567
14.279
5.502
2.142
18.165
15.171
11.845
1.078
7.790
0.920
1.837
0.615
8.518
6.915
3.277
1.552
2.458
13.345
8.161
0.771
0.630
1.562
0.469
0.419
10.561
8.253
5.512
0.448
0.433
0.642
7.699
0.566
0.033
0.299
0.024
5.033
2.424
2.060
3.557
0.877
3.670
7.890
0.977
1.401
2.760
18.886
0.144
8.509
0.786
16.157
1.686
17.664
1.766
12.202
12.356
0.790
0.937
0.728
6.537
13.911
12.312
1.524
0.041
3.519
8.832
0.560
0.927
3.490
1.068
3.229
2.189
1.545
2.335
5.006
4.515
9.714
3.509
1.722
2.580
9.422
1.105
3.188
3.727
1.564
8.597
0.414
10.858
20.254
1.102
10.873
18.622
11.335
19.992
1.885
0.467
0.913
11.924
8.241
0.879
5.852
6.987
1.679
11.251
32.071
21.468
1.267
5.244
8.456
0.000
0.817
7.079
8.185
8.466
13.336
11.371
3.492
5.097
5.188
0.000
2.472
6.233
6.216
14.962
11.664
3.823
4.137
5.761
5.938
8.480
25.900
5.680
0.017
0.000
0.000
0.000
0.000
0.010
0.089
0.000
0.000
0.766
4.484
2.668
0.034
0.007
0.000
0.000
0.000
0.000
4.034
11.584
8.221
1.895
0.024
4.734
1.088
0.000
0.000
0.000
0.000
0.000
0.000
1.126
4.226
2.235
0.000
2.465
0.000
0.003
1.796
4.731
1.466
0.113
1.195
0.000
0.003
0.000
4.714
0.000
1.389
0.000
0.000
0.003
0.233
1.270
0.064
0.000
0.000
0.014
0.038
1.397
5.270
1.202
0.000
0.000
0.000
0.000
0.000
0.000
0.000
0.000
0.002
0.134
0.000
0.858
0.656
0.831
2.029
3.450
0.000
0.000
2.177
0.003
0.000
0.000
0.000
0.000
0.000
0.000
4.843
5.146
3.358
1.535
22.402
2.072
0.000
0.000
0.000
0.031
1.229
0.182
0.000
0.000
0.000
0.158
0.014
0.000
0.000
0.003
0.000
6.281
0.295
0.000
0.000
0.003
0.000
0.000
0.000
0.000
0.745
0.257
5.177
0.055
0.000
0.000
0.003
0.518
2.571
7.922
6.987
7.220
11.676
5.768
0.223
0.000
0.062
0.120
0.086
8.216
8.432
24.575
0.043
1.463
0.371
8.590
7.701
0.000
0.000
0.003
0.446
0.735
17.187
11.568
10.303
3.500
7.193
12.554
13.997
12.274
5.013
0.043
0.000
0.378
3.612
8.756
13.939
1.281
29.115
1.624
1.950
15.583
2.462
0.312
1.741
6.890
9.194
2.180
26.189
0.264
5.902
10.504
12.274
13.582
0.038
0.002
0.000
2.352
7.443
35.579
9.953
0.000
0.000
0.589
3.227
5.606
4.099
15.740
11.488
2.477
8.343
15.705
10.464
18.615
4.281
19.760
3.083
1.126
0.148
0.232
1.466
0.072
1.744
11.076
4.539
6.238
10.976
1.768
6.636
2.674
7.388
1.708
4.829
21.928
3.014
9.666
11.062
37.014
14.929
0.003
4.954
7.872
8.633
2.400
2.547
3.770
7.694
0.000
1.476
1.603
4.007
4.590
38.850
7.105
0.834
11.216
2.826
5.102
0.381
1.607
0.568
10.368
7.840
0.204
0.343
1.126
1.959
4.611
21.774
2.160
0.558
10.034
1.598
2.606
2.836
0.172
0.251
3.516
6.705
2.307
6.410
1.191
0.797
0.968
2.465
3.378
1.112
7.467
3.169
48.857
5.902
59.549
11.091
1.411
1.286
7.254
2.640
3.128
34.435
1.672
23.171
35.954
10.131
23.138
6.180
0.103
1.428
0.312
6.376
0.549
0.026
4.094
21.605
1.061
2.166
2.288
8.700
1.081
8.183
6.568
5.897
4.697
4.774
0.850
2.400
8.078
0.232
0.010
4.355
29.107
82.809
5.704
4.690
4.473
6.782
4.717
6.065
2.779
8.641
30.980
20.287
3.485
1.112
0.000
0.000
0.000
12.068
24.302
13.343
0.707
12.940
0.000
9.064
12.181
9.984
11.264
14.444
5.052
12.001
9.417
5.270
8.983
3.045
1.614
4.008
1.792
4.142
10.210
0.038
0.003
3.804
0.276
1.394
4.611
8.738
4.158
0.690
0.000
0.000
0.000
0.000
0.441
0.038
0.000
0.000
0.002
0.000
3.389
6.937
2.493
3.045
0.498
2.386
11.876
7.440
15.832
9.886
15.381
5.390
1.514
13.517
0.309
2.451
4.386
2.050
0.017
0.124
1.030
0.784
0.000
0.000
6.214
1.445
2.214
0.233
0.000
0.000
0.000
0.000
0.000
0.000
0.000
0.000
1.449
1.797
0.335
0.000
2.571
0.072
0.532
1.092
3.121
2.314
0.209
0.021
1.665
2.084
2.015
0.110
0.021
0.601
0.000
0.002
3.567
4.520
0.000
0.000
0.000
0.000
0.014
0.000
0.000
0.934
0.000
0.000
0.000
0.000
0.000
0.000
0.000
0.103
7.302
0.000
0.000
0.000
0.000
0.000
0.000
0.000
0.000
0.000
2.420
1.655
0.002
0.000
0.000
0.000
0.000
0.000
0.000
13.015
0.113
0.000
0.208
0.038
0.034
7.024
1.246
2.177
3.545
0.817
0.292
0.422
0.000
0.000
0.000
0.002
0.000
0.000
0.000
0.206
2.407
0.172
0.000
0.000
0.000
0.000
13.589
0.000
0.000
0.618
0.985
2.084
0.127
0.000
0.000
2.571
0.007
1.069
1.387
2.283
0.855
0.223
5.219
14.962
0.000
0.000
0.000
0.000
0.017
4.628
1.366
0.024
10.269
27.871
11.000
7.629
7.611
8.768
23.700
2.280
0.000
2.517
4.772
3.818
10.231
6.743
16.352
4.285
12.790
4.480
2.213
17.389
1.772
0.295
5.730
24.894
0.118
0.000
0.000
3.136
0.360
0.148
1.809
18.378
3.243
3.962
0.767
0.051
8.451
5.016
7.237
8.295
5.665
8.001
7.596
3.856
7.732
22.913
4.956
16.119
2.101
4.001
14.087
28.250
7.687
1.306
2.281
0.292
1.955
10.138
5.850
2.372
1.497
29.622
2.750
3.716
4.631
6.533
0.924
2.523
11.064
11.086
1.878
12.329
51.155
7.296
0.529
4.992
3.934
9.671
11.901
1.154
0.517
1.696
4.925
4.360
3.571
0.179
8.037
0.934
2.553
8.482
54.396
3.355
17.950
8.173
11.837
0.522
0.000
5.031
6.108
0.019
0.734
1.669
2.484
2.435
7.090
3.957
2.503
19.846
74.983
2.475
7.230
1.559
0.002
10.547
9.558
0.203
1.485
0.014
3.418
4.923
10.873
4.491
30.964
8.744
11.821
31.000
3.224
13.184
8.418
11.146
7.804
2.613
6.200
3.663
7.090
11.543
8.542
8.413
9.536
13.015
25.574
7.160
3.162
5.565
18.103
21.677
1.095
6.715
3.014
6.269
18.275
8.770
2.628
53.495
107.570
0.426
0.491
11.505
8.001
1.744
1.027
32.142
20.771
1.277
0.515
11.872
17.146
6.242
13.360
2.026
17.906
5.452
14.014
116.967
0.000
0.000
0.000
1.725
3.948
8.209
0.961
8.176
5.328
0.433
5.819
1.648
8.171
4.467
8.339
26.020
7.210
2.905
0.045
0.000
0.000
0.000
0.000
0.000
0.000
0.000
0.000
0.000
0.000
0.000
0.000
0.185
2.400
2.899
3.814
0.769
5.922
0.010
11.572
1.198
0.000
0.000
0.000
0.069
0.951
7.589
6.348
9.067
4.350
28.190
3.310
0.336
0.002
2.256
0.560
0.000
2.728
11.584
1.243
0.000
0.055
10.660
4.362
4.398
4.147
1.081
2.565
0.000
0.000
0.000
0.615
0.565
0.038
0.458
0.000
0.000
1.097
2.721
0.000
0.000
0.000
0.106
0.170
0.259
0.115
0.012
0.000
0.000
1.259
2.048
6.884
1.900
0.163
1.847
2.922
1.593
2.391
0.000
1.099
10.880
2.856
1.996
0.003
0.000
0.000
0.000
0.000
0.330
0.084
0.000
0.000
0.000
0.000
0.000
0.051
0.007
0.000
0.003
0.000
0.000
0.002
0.000
0.000
0.000
0.000
0.000
0.000
0.206
0.000
0.137
0.491
0.213
0.003
0.000
0.706
12.325
0.000
0.000
0.137
5.902
0.000
0.000
0.000
0.000
0.000
0.000
0.000
1.245
9.802
12.548
12.354
0.326
0.106
0.000
0.000
0.000
0.000
0.002
0.003
0.000
0.000
0.000
0.002
2.410
3.035
2.848
2.891
0.227
7.474
0.546
20.287
0.360
0.618
0.000
8.949
0.209
0.062
0.000
0.000
0.110
1.614
0.000
0.000
0.000
0.033
0.439
2.716
2.292
20.714
0.625
1.727
7.023
0.721
0.000
4.408
0.031
2.386
10.873
19.350
10.533
13.214
5.565
5.091
6.434
0.000
0.000
0.000
5.785
2.712
7.986
14.495
2.120
0.127
12.360
12.984
0.556
5.037
6.319
14.860
26.237
18.366
0.062
0.000
0.000
0.000
0.000
7.519
8.066
7.770
2.065
3.105
0.627
0.000
11.036
5.433
1.032
56.968
26.699
23.291
24.130
0.003
0.000
0.747
2.596
8.911
1.042
0.733
3.269
8.439
10.743
73.090
3.777
3.341
7.701
3.032
2.465
4.116
8.695
0.000
0.048
3.392
3.406
1.567
0.827
0.525
3.123
10.600
12.712
0.539
0.721
0.127
5.601
9.225
0.182
0.146
0.515
1.641
3.025
1.263
9.294
0.580
1.463
31.805
40.198
5.315
23.597
4.276
5.205
0.937
11.803
7.642
30.309
0.752
12.469
4.848
5.867
0.776
2.518
0.014
1.294
12.605
12.152
0.824
4.652
18.981
24.245
6.897
6.693
12.421
3.922
12.523
9.949
4.637
6.741
8.296
4.568
1.390
8.360
1.184
1.234
2.906
1.348
6.039
2.527
12.494
1.947
2.022
1.645
2.293
3.557
10.475
31.742
5.617
4.564
0.421
10.804
3.442
2.105
9.060
6.837
4.906
110.838
9.991
10.111
8.344
16.304
20.483
2.359
3.095
14.114
0.409
3.916
0.479
13.657
7.502
13.393
7.275
9.658
1.911
5.507
26.930
0.000
3.591
7.642
3.753
12.924
0.788
12.430
17.221
3.773
0.999
10.506
5.447
6.278
0.573
1.099
0.814
2.609
4.250
0.958
0.254
11.773
2.606
0.000
0.000
0.652
12.875
2.544
3.766
16.586
7.680
10.046
1.311
0.058
0.014
0.043
19.254
11.477
0.426
4.395
1.107
2.647
0.687
1.902
5.028
6.240
0.522
3.062
0.034
0.192
3.730
9.198
3.756
13.269
16.098
13.014
11.530
5.855
4.697
3.430
11.220
7.634
33.601
0.299
0.165
0.027
0.003
0.000
0.000
2.695
2.475
1.092
0.295
1.040
1.030
0.409
0.000
0.000
1.897
10.907
0.604
0.797
1.499
3.979
0.554
1.068
0.000
0.000
0.000
0.000
0.000
0.000
0.000
3.608
9.386
1.030
1.027
10.016
1.027
0.000
0.000
0.192
0.000
0.002
0.580
0.649
4.995
0.755
0.000
0.000
0.000
0.000
0.000
0.000
0.000
0.000
0.000
0.003
1.191
0.000
0.179
0.058
0.010
3.704
5.912
0.048
0.745
0.314
0.069
0.000
0.000
