19790101
9.375
11.819
0.204
16.660
12.310
1.190
19.777
22.034
3.020
2.317
1.876
3.207
0.563
2.614
3.711
1.979
7.399
3.892
13.485
5.986
2.525
4.041
1.071
2.576
8.235
3.175
6.386
4.252
4.130
15.958
5.838
6.654
17.365
12.606
15.991
0.512
5.445
8.945
8.489
8.691
1.667
4.031
6.382
5.825
7.763
4.568
3.972
17.393
11.352
22.386
5.837
12.516
6.927
0.245
5.675
23.241
4.754
5.574
0.391
19.233
12.147
14.883
10.495
6.279
28.781
4.583
5.478
3.365
2.089
12.421
4.367
21.401
7.179
10.660
7.419
5.672
12.057
110.536
4.626
2.007
1.734
5.991
25.269
20.239
2.774
2.664
0.381
14.371
8.738
25.337
14.759
22.443
12.329
12.557
3.275
13.275
0.360
0.000
0.000
1.811
0.000
2.024
9.314
6.710
6.887
4.165
3.636
10.756
9.730
6.204
10.509
1.205
3.732
0.869
0.340
0.354
0.154
0.096
0.263
2.925
5.095
2.657
2.386
3.742
3.641
7.993
0.924
9.412
4.137
6.736
7.769
3.828
7.883
11.100
10.121
0.000
2.156
1.610
13.884
4.062
5.349
0.882
4.116
0.522
0.000
2.836
1.409
0.058
2.805
8.655
0.151
0.000
0.000
0.000
0.034
0.014
0.007
0.000
0.975
0.096
0.179
0.000
0.000
0.000
0.451
0.000
0.000
0.000
0.000
0.000
0.000
0.000
0.000
0.000
0.000
0.000
0.000
0.000
0.000
0.000
0.000
0.000
0.000
0.000
0.000
0.000
0.000
0.000
0.000
0.000
0.000
0.000
0.000
0.000
0.000
0.000
0.000
0.000
0.000
0.153
0.165
0.000
0.000
0.000
0.000
0.000
0.000
0.000
0.000
0.000
0.000
0.000
0.000
0.000
0.000
0.000
0.000
0.000
0.000
0.000
0.000
0.309
0.000
0.069
0.000
0.000
0.000
0.587
0.000
0.000
0.017
0.594
1.764
0.000
0.000
0.000
0.000
0.000
0.000
0.000
0.000
0.000
0.000
0.000
0.000
0.093
0.051
0.000
0.000
0.000
0.003
0.000
0.000
0.000
0.000
0.000
0.000
0.000
0.000
0.154
0.000
0.000
0.000
0.000
0.000
0.000
0.000
0.000
0.000
0.000
0.000
0.017
0.548
0.000
0.000
0.000
0.000
0.000
2.127
10.011
0.652
0.748
0.014
0.000
1.421
0.000
0.000
13.402
0.048
0.000
0.000
0.000
0.000
0.000
0.000
0.000
0.000
0.000
0.000
0.017
8.415
5.328
0.124
0.000
8.902
6.093
11.924
3.226
2.846
0.024
8.635
9.786
13.489
0.089
0.000
0.000
0.141
19.309
56.471
8.743
9.644
0.000
2.343
23.931
7.035
15.014
12.540
91.959
7.419
2.832
0.000
0.000
0.000
2.005
0.237
0.113
0.000
0.000
0.000
0.079
0.000
0.000
0.000
0.107
16.050
0.010
0.000
9.534
15.232
37.043
0.556
3.520
7.944
7.464
15.541
10.979
6.392
11.062
5.352
0.254
3.213
7.405
1.227
0.407
32.368
33.776
6.465
0.000
4.189
7.793
13.963
7.256
3.816
7.199
6.698
0.110
11.436
29.845
3.754
15.904
11.141
1.552
7.285
7.852
24.251
13.084
10.126
2.832
5.799
3.701
1.390
0.436
4.693
1.538
6.623
16.819
10.373
5.487
18.110
8.253
4.180
13.469
8.943
7.690
2.481
1.278
11.215
2.379
0.014
2.701
0.110
13.578
22.409
96.819
0.765
0.235
10.169
19.923
5.571
29.818
54.798
20.293
7.344
0.666
0.362
0.007
7.375
5.158
7.619
5.841
5.002
4.127
8.178
1.828
10.699
12.801
13.187
16.289
0.858
12.816
4.103
20.596
7.508
12.567
12.830
11.021
22.462
10.914
4.583
5.989
1.928
3.310
5.981
9.690
17.275
5.641
4.728
4.137
7.841
7.007
2.712
9.531
7.522
5.009
0.975
8.484
14.457
3.619
7.927
13.829
4.518
5.967
0.141
0.910
0.240
0.000
0.000
0.000
0.000
0.000
1.600
5.146
1.421
8.511
2.633
9.780
9.883
4.486
0.331
0.000
0.000
1.124
2.376
1.037
1.885
0.866
2.934
3.191
1.610
11.644
4.817
4.453
3.921
4.283
5.430
4.221
3.165
2.273
3.255
0.000
0.000
0.000
0.000
0.000
0.266
4.350
7.328
3.753
4.177
3.311
0.189
0.000
0.000
0.000
0.000
0.000
0.000
0.000
0.000
0.000
1.061
0.000
0.000
0.000
0.000
0.000
0.196
0.000
0.000
0.000
0.000
3.253
1.250
10.337
0.000
0.000
0.000
0.024
0.165
0.000
0.000
0.000
0.000
0.000
0.000
0.000
0.000
0.000
0.000
0.000
0.000
0.000
0.000
0.000
0.000
0.000
0.000
0.000
0.000
0.000
0.000
0.000
0.000
0.000
0.000
0.000
3.332
2.522
0.000
0.000
0.000
0.000
0.000
0.000
0.000
0.096
0.000
0.000
0.000
0.000
0.000
0.000
0.000
0.000
0.000
0.000
0.000
0.000
0.000
0.000
0.000
0.000
0.000
0.536
0.257
0.000
0.000
0.000
0.000
0.000
0.266
0.000
0.000
0.000
0.000
0.000
0.003
0.007
1.555
0.000
0.000
0.000
0.000
0.000
0.007
0.000
0.000
0.000
0.000
0.000
1.826
0.000
0.000
0.000
0.000
0.158
0.058
0.000
0.000
0.357
0.000
0.007
16.490
0.326
0.000
0.000
0.000
1.119
3.684
0.000
0.000
0.000
0.000
0.000
3.553
0.882
0.027
5.105
0.086
0.747
0.103
4.765
1.758
0.000
0.417
1.401
0.014
0.021
0.003
1.277
0.067
0.000
0.000
0.003
0.000
0.942
1.003
11.100
12.595
8.056
0.637
12.669
0.000
0.189
0.000
7.078
8.125
14.442
2.166
0.031
1.227
16.468
6.269
11.925
3.328
7.479
3.790
1.069
5.804
0.534
24.604
91.492
9.160
0.062
0.021
4.935
0.000
10.358
4.934
4.477
1.099
0.000
4.189
1.071
12.651
7.169
13.791
15.223
0.000
2.283
11.539
0.185
0.082
1.301
3.368
14.214
6.770
10.780
20.151
1.178
3.320
6.053
12.384
15.310
9.495
80.283
42.054
17.142
50.002
4.134
1.057
4.889
2.451
14.143
4.844
2.156
3.117
11.594
6.283
1.826
8.120
13.070
8.271
5.756
0.024
0.127
3.081
4.961
2.019
12.387
26.381
2.005
0.051
6.995
19.726
7.763
13.115
108.723
9.903
11.972
9.582
5.721
8.715
11.017
7.958
16.352
108.186
12.114
13.719
16.208
20.907
27.696
9.500
9.764
5.466
25.852
18.955
17.139
9.728
4.700
8.964
18.383
2.333
7.314
4.844
8.786
17.207
13.161
6.606
5.267
1.156
5.493
2.544
0.972
0.691
3.525
15.149
89.865
5.795
18.164
4.149
0.738
0.000
0.414
25.280
2.365
3.605
7.991
4.288
3.854
2.187
8.223
17.310
19.896
2.609
3.157
7.617
4.530
11.527
10.689
29.993
12.318
11.745
3.062
7.028
10.379
0.233
3.540
0.051
0.000
0.000
0.000
0.000
0.391
6.458
10.197
0.010
0.649
2.616
10.339
0.278
0.010
0.000
0.000
3.100
3.315
5.375
9.551
6.580
4.540
4.690
2.802
3.837
3.818
7.088
6.274
0.597
1.784
0.003
11.331
5.156
0.307
0.000
0.000
0.000
0.000
0.000
0.225
2.887
0.000
0.000
0.000
0.000
0.103
6.588
12.765
3.066
4.618
7.491
0.021
0.000
0.000
2.822
2.338
1.998
0.718
0.038
1.816
0.333
0.271
0.000
0.000
0.000
0.000
0.000
0.718
0.000
0.000
0.000
0.000
0.000
0.000
0.000
7.436
3.873
0.000
0.000
0.000
0.000
0.000
0.000
0.000
0.000
0.000
0.000
0.000
0.000
0.000
0.007
0.000
0.000
0.000
0.000
0.000
0.000
0.000
0.000
0.000
0.000
0.000
0.000
0.000
0.000
0.000
0.000
0.000
0.000
0.000
0.000
0.000
0.343
1.071
0.003
0.000
0.000
0.000
0.000
0.000
0.000
0.000
0.000
0.000
0.000
0.000
0.000
0.000
0.000
0.000
0.024
3.416
0.000
0.415
0.000
0.000
0.000
0.000
0.000
0.000
0.000
0.000
0.000
0.000
0.000
0.000
0.000
0.000
0.000
0.000
0.021
0.000
0.000
0.000
0.000
0.000
0.000
0.000
0.000
0.000
0.000
0.000
0.000
0.000
0.017
0.079
0.000
0.000
0.000
2.029
0.000
0.268
0.000
0.412
0.000
0.000
0.153
0.227
0.158
0.889
4.813
0.000
4.769
3.444
0.000
0.168
5.883
0.000
1.583
1.636
1.672
0.000
0.000
0.185
0.000
0.000
0.000
0.000
0.508
4.580
1.679
0.069
4.546
2.753
0.525
0.000
3.996
21.446
10.197
5.469
20.380
21.725
5.912
17.824
1.945
3.454
98.269
0.721
0.000
0.632
13.359
6.801
10.396
0.591
0.000
1.710
7.886
17.758
2.716
11.464
0.961
6.753
2.283
12.926
26.800
24.997
1.737
9.658
8.374
20.606
1.064
10.027
19.283
4.113
2.908
2.561
2.534
1.500
6.255
6.008
6.791
12.571
10.265
12.051
15.590
2.661
8.298
4.334
17.484
26.693
8.693
6.969
16.739
10.392
6.067
10.269
0.103
9.596
22.223
11.979
1.569
19.477
6.465
2.479
4.547
2.932
1.933
5.479
6.427
22.656
33.577
5.521
11.954
12.964
1.262
6.451
5.239
12.960
25.900
2.625
0.201
2.937
0.857
5.560
15.853
9.934
2.982
4.039
15.757
27.430
7.170
10.458
5.160
8.015
9.285
4.243
13.448
18.254
1.617
0.010
11.110
17.753
31.148
10.945
6.034
1.761
18.194
1.286
7.270
19.744
5.400
10.459
3.639
12.837
7.040
6.793
6.449
8.975
1.118
37.618
3.778
4.661
6.236
4.662
0.136
2.190
9.457
2.441
3.692
7.673
15.236
2.875
1.348
11.225
7.612
0.046
0.000
0.949
4.425
2.736
16.237
3.576
6.403
5.605
15.504
11.553
4.254
17.092
1.567
3.028
2.213
7.105
8.512
22.527
10.293
0.427
5.728
9.872
7.175
25.260
0.421
6.231
5.907
2.728
0.048
0.000
0.000
0.065
0.148
0.048
0.000
0.000
0.000
0.000
0.000
10.272
1.923
2.324
3.694
6.106
3.344
7.440
14.632
5.977
7.938
11.680
6.200
0.357
5.824
9.376
18.436
10.097
0.937
0.007
0.000
0.000
0.000
0.000
0.000
0.000
4.180
0.441
0.014
0.000
0.000
0.000
0.000
0.000
2.317
0.656
6.679
0.000
4.513
0.000
0.252
0.124
0.000
0.000
6.753
1.013
0.014
0.031
0.000
0.031
0.000
0.000
0.000
5.685
0.000
0.000
0.011
0.000
0.000
0.000
0.000
0.000
4.189
0.007
0.410
0.000
0.000
0.673
9.369
0.386
0.000
0.000
0.000
0.000
0.000
0.000
0.000
0.000
0.000
0.000
0.000
0.000
0.014
0.920
0.597
0.000
0.000
0.000
0.791
0.343
1.231
0.000
0.017
0.000
7.165
0.127
0.000
0.000
0.000
0.000
0.000
0.491
0.000
0.000
0.000
0.000
0.000
0.000
0.000
0.000
0.000
0.024
0.000
0.003
0.000
0.000
0.074
0.000
0.021
0.000
0.000
0.000
0.000
0.000
0.000
0.000
0.000
0.000
0.000
0.000
0.003
0.000
0.410
0.000
1.353
1.449
3.107
1.924
25.149
0.003
8.729
7.876
15.395
0.000
8.406
5.583
0.000
0.046
0.086
0.000
0.000
0.000
0.010
0.000
0.000
5.747
0.007
0.010
1.642
4.978
61.642
0.333
0.000
0.021
0.228
37.470
0.000
1.677
0.554
1.433
1.250
0.000
0.036
0.000
0.064
0.000
0.000
0.000
0.069
0.000
0.316
2.142
62.268
0.000
3.828
11.347
12.397
0.103
0.000
8.997
10.039
0.982
2.551
0.271
0.000
0.000
5.294
0.000
0.072
2.843
0.000
0.000
0.680
0.000
0.000
0.000
0.451
9.295
23.579
0.074
11.500
5.600
13.702
10.850
11.479
0.051
0.000
0.000
0.460
11.244
7.476
0.000
3.795
2.584
6.625
9.192
9.507
12.475
0.032
4.314
8.212
1.432
1.567
0.000
0.000
1.188
6.399
13.031
4.329
4.721
4.975
12.907
10.077
0.769
4.262
4.795
5.879
0.110
0.024
5.507
2.465
11.862
10.617
1.178
3.988
0.000
0.000
0.154
0.065
11.400
0.000
6.513
14.176
7.883
0.604
15.913
4.144
1.109
0.021
0.082
5.953
0.031
0.000
1.107
0.788
3.835
7.887
14.876
8.097
8.003
8.592
0.021
11.522
0.168
3.282
11.489
44.520
5.377
3.304
2.412
13.773
5.752
13.539
5.410
5.371
2.147
0.072
0.000
0.014
0.000
0.003
1.729
0.000
0.000
0.000
9.002
22.306
0.529
0.446
10.803
1.274
1.686
9.235
0.335
0.845
0.762
4.010
0.120
0.000
0.000
0.000
0.000
0.000
0.000
0.003
0.103
2.599
19.236
10.226
16.469
12.102
15.889
7.975
7.265
12.212
126.889
0.185
2.462
8.047
3.474
0.549
5.653
0.537
8.041
2.269
6.884
0.244
4.360
9.287
10.825
10.691
56.528
0.364
2.383
6.635
5.136
7.028
2.633
12.463
8.700
0.827
0.000
0.000
3.756
1.105
0.000
0.000
0.172
0.812
3.220
2.932
2.554
0.007
0.000
0.295
7.378
2.534
0.848
14.859
15.274
4.944
6.145
8.703
0.645
0.000
0.027
0.000
4.834
1.682
13.970
2.309
0.316
0.000
0.000
0.000
0.000
0.000
0.000
1.092
28.757
0.027
0.000
0.000
0.000
0.000
0.000
0.000
0.000
0.000
0.000
0.000
0.000
0.225
0.017
0.000
0.000
0.000
0.000
0.000
0.000
0.000
0.021
0.000
0.185
0.041
0.007
0.000
0.000
0.000
0.000
0.000
0.000
0.000
0.000
0.000
4.649
3.275
0.000
0.000
0.000
0.000
0.000
0.000
0.000
0.000
0.021
0.000
0.000
0.000
0.000
0.000
0.000
0.000
0.000
0.000
0.000
0.000
0.000
0.000
0.000
0.000
0.000
0.079
0.000
0.021
0.000
0.000
0.000
0.000
0.000
0.000
0.000
0.000
0.000
0.000
0.000
0.000
0.000
0.000
0.000
0.000
0.072
0.941
0.055
0.000
0.088
0.031
0.000
0.000
2.656
1.020
0.000
0.000
0.000
0.000
0.000
0.000
0.000
0.000
0.000
0.256
2.226
0.000
0.000
0.000
0.000
0.000
0.000
0.000
0.000
0.003
0.017
0.000
0.055
0.122
0.302
6.190
0.000
3.184
0.000
0.041
0.000
2.862
6.080
1.466
0.000
0.000
0.000
0.000
2.958
0.000
0.000
0.000
0.000
0.000
0.000
0.000
0.000
0.000
0.000
2.657
8.099
14.040
12.294
3.696
4.912
0.187
0.014
0.292
0.000
0.253
0.007
0.635
6.363
0.027
0.378
9.419
1.186
0.000
0.000
5.491
12.780
0.000
0.000
1.003
0.206
0.007
0.000
2.165
1.792
10.476
8.587
4.988
8.391
2.716
0.288
0.000
0.117
5.246
19.394
14.919
0.364
0.000
0.000
0.000
0.000
7.121
4.292
0.000
5.170
10.101
18.917
7.515
2.110
0.139
16.407
7.793
17.317
15.412
4.178
1.006
1.097
17.283
12.799
1.591
6.975
9.496
11.312
10.131
7.563
5.493
6.654
2.966
31.376
18.079
5.157
4.185
15.786
9.419
6.212
0.443
9.335
16.861
6.156
4.316
1.801
17.367
7.903
0.197
0.369
4.836
8.909
0.498
5.049
12.444
8.405
10.307
13.458
7.533
1.349
2.362
13.245
12.617
14.612
5.926
11.086
2.496
0.024
12.466
13.613
17.626
3.976
1.119
6.231
12.209
0.934
6.520
5.129
18.316
4.655
1.672
16.747
36.124
2.070
0.549
7.970
14.849
13.295
11.003
9.510
5.309
8.998
15.573
25.591
5.219
0.742
3.107
9.802
9.225
3.931
20.239
6.389
9.180
7.210
0.948
11.924
6.063
1.864
1.449
0.000
8.367
5.055
7.955
13.489
5.016
0.021
2.163
0.910
2.300
21.015
17.626
8.085
3.804
0.000
2.712
6.781
6.194
14.397
6.094
6.042
4.364
4.386
6.362
11.762
9.211
1.524
18.622
9.428
85.831
14.341
0.000
3.766
3.111
2.795
6.448
1.871
5.426
0.845
1.138
6.331
0.041
6.037
6.832
2.699
6.580
8.681
4.189
4.060
0.309
0.076
0.443
0.027
8.037
0.070
8.587
5.308
0.336
0.000
0.105
4.116
0.054
0.500
2.820
2.874
9.371
0.445
0.000
4.219
0.000
0.714
9.891
0.415
0.000
0.003
3.687
0.834
0.000
0.810
3.299
0.841
2.647
7.354
5.485
0.110
0.017
0.000
0.000
0.000
2.795
0.051
0.000
0.000
0.000
0.000
0.000
0.000
0.000
0.000
0.000
2.163
0.587
8.806
2.111
0.000
0.000
2.316
0.984
2.839
0.268
1.974
0.158
0.000
0.000
0.000
0.000
0.000
0.000
0.000
0.000
0.000
0.000
0.000
0.000
0.000
0.000
0.000
0.000
0.000
0.000
0.000
0.000
0.000
0.000
0.000
0.000
0.000
0.000
0.000
0.000
0.000
0.003
0.007
0.000
0.000
0.000
0.000
0.000
0.000
0.000
2.907
0.000
3.491
0.000
0.000
0.000
0.000
0.000
0.000
0.000
0.000
0.000
0.000
0.000
0.000
0.321
1.964
0.488
0.000
0.000
0.000
0.003
0.000
0.000
0.000
0.000
0.000
0.000
0.000
0.601
4.180
0.000
0.000
0.616
2.216
0.925
1.126
0.000
0.000
0.000
0.000
0.000
0.000
0.000
0.000
0.000
0.000
0.213
0.769
0.000
0.000
0.000
0.000
0.282
1.795
0.000
8.341
2.816
0.106
0.007
0.000
0.000
0.000
5.758
9.204
7.608
4.386
15.239
16.352
47.921
5.251
0.360
0.266
0.110
11.046
25.212
0.051
0.000
0.421
9.982
4.669
10.494
7.363
4.532
3.859
0.007
0.010
4.968
1.532
10.538
0.426
5.251
4.776
7.285
6.965
0.058
4.523
0.340
0.010
5.026
3.346
1.159
6.657
10.116
5.371
11.137
5.447
2.117
16.104
2.225
1.698
8.162
9.560
9.259
0.014
10.818
14.849
4.537
5.624
1.093
0.000
6.216
17.777
12.410
8.588
5.232
13.989
17.372
7.745
9.769
7.564
14.117
2.187
2.609
7.529
7.910
21.389
2.674
0.010
14.215
5.521
5.358
8.023
1.435
2.856
19.834
11.817
10.253
1.456
17.147
15.611
9.795
2.238
14.859
80.374
6.822
12.559
8.096
15.965
2.860
6.911
3.766
13.142
3.886
10.075
61.979
5.193
15.644
7.290
0.359
10.793
1.845
14.761
2.233
15.127
18.212
0.857
9.970
20.033
1.638
2.113
0.323
5.004
10.756
3.775
10.482
13.347
14.804
13.565
2.410
9.297
8.271
49.143
17.324
4.487
6.434
16.376
1.301
4.655
9.266
8.889
17.262
11.405
2.877
9.637
10.358
10.094
8.779
15.820
11.934
2.716
9.043
5.799
9.067
3.131
22.374
8.590
3.495
5.385
2.273
5.994
14.440
2.184
12.658
11.048
47.785
8.607
9.884
9.126
10.732
3.914
3.433
0.024
5.296
10.080
0.034
1.593
4.961
11.917
17.115
4.910
12.370
5.960
2.558
1.102
14.076
4.631
3.327
9.802
3.972
12.863
1.167
1.919
0.000
0.000
2.273
1.402
1.997
8.442
7.912
6.636
1.214
6.189
7.388
4.729
1.775
2.371
4.678
14.739
5.218
4.532
3.751
0.348
1.059
0.000
0.000
2.492
3.020
2.446
4.592
3.179
0.000
0.000
1.618
1.995
0.000
0.000
0.000
0.000
0.000
0.000
0.000
0.000
0.000
0.000
0.000
0.000
0.000
0.000
0.000
0.000
0.000
0.748
3.711
0.251
0.000
0.000
0.000
0.000
0.000
0.000
1.620
0.000
3.835
0.000
2.146
4.633
4.667
0.000
0.000
0.000
0.000
0.000
0.000
0.000
0.000
0.000
0.000
0.000
0.003
0.000
0.069
0.000
0.000
0.000
0.000
0.000
0.000
0.000
0.000
0.000
0.000
2.108
2.456
0.863
0.000
0.000
0.000
0.000
0.000
0.000
0.000
0.000
0.000
0.000
0.000
0.000
0.000
0.000
0.000
0.000
0.000
0.000
0.003
0.000
0.000
0.000
0.000
0.000
0.000
0.000
0.000
0.000
0.000
0.000
0.048
0.000
0.000
0.000
0.000
0.000
0.000
0.000
0.000
0.000
0.000
0.000
0.074
5.708
6.191
1.856
50.589
0.000
0.050
0.053
0.000
0.000
0.086
0.014
0.124
0.079
24.426
3.667
0.000
0.000
0.000
0.000
0.088
0.000
0.000
0.000
1.013
0.000
0.122
20.020
0.000
0.572
0.000
0.000
0.000
0.057
0.733
0.000
3.126
0.151
0.017
0.000
1.035
0.000
0.000
8.468
0.000
0.000
0.000
0.000
0.199
8.538
0.101
10.797
6.901
0.948
0.000
10.039
3.993
1.003
11.065
5.304
12.360
7.023
0.821
0.000
0.000
0.000
0.000
0.117
2.410
1.301
1.270
8.341
10.760
3.938
4.714
0.453
0.687
0.381
0.000
0.209
0.230
0.000
0.000
3.042
0.302
3.825
15.714
3.495
23.034
5.660
0.141
0.604
1.339
0.000
0.000
0.000
0.879
1.820
0.312
7.213
18.862
8.640
2.396
0.213
5.030
0.354
13.324
3.847
12.669
4.525
8.837
1.277
3.574
7.999
20.153
11.992
11.683
4.027
11.740
6.981
12.028
1.229
0.326
4.436
0.024
7.162
3.330
15.882
9.922
7.344
5.285
11.045
9.005
7.093
6.362
21.157
14.099
1.881
0.724
8.408
3.416
45.428
12.837
6.509
6.980
7.347
13.379
11.088
14.869
2.015
6.015
4.494
12.895
8.738
0.656
1.088
19.885
1.037
5.867
0.106
8.446
5.306
19.427
8.961
13.372
10.348
3.777
6.726
9.754
66.061
6.825
1.293
1.683
11.464
4.434
10.604
4.293
1.255
7.328
18.591
5.261
5.438
15.266
0.572
10.126
1.760
14.962
18.763
7.612
36.133
11.709
4.149
12.193
15.399
8.530
15.403
8.114
7.544
7.527
2.719
5.431
4.020
2.427
7.951
10.035
8.974
5.425
9.517
3.045
0.192
2.032
3.550
7.529
7.835
2.867
0.000
0.000
3.255
5.483
16.861
4.250
8.150
7.433
6.259
11.999
1.023
0.669
2.369
3.272
0.048
2.335
3.327
5.644
10.121
14.663
11.117
0.244
0.000
4.999
10.870
0.000
1.885
0.000
0.000
1.061
6.420
3.881
0.010
2.166
4.614
3.960
3.184
0.000
2.843
3.619
1.679
6.564
6.557
-99.000
0.000
0.000
0.000
0.000
0.000
0.000
0.148
3.368
0.010
0.000
0.031
0.000
0.000
0.000
0.134
0.000
0.000
0.000
0.000
0.000
0.000
0.000
0.000
0.000
0.000
0.000
0.000
0.000
0.000
0.000
0.000
0.014
0.000
0.000
0.000
0.000
0.000
0.000
0.000
0.000
0.000
0.000
0.000
0.000
0.000
0.000
0.000
0.000
0.000
0.000
0.000
0.000
0.000
0.000
0.000
0.000
0.000
0.000
0.000
0.000
0.000
0.000
0.000
0.000
0.000
0.000
0.010
0.000
0.000
0.000
0.000
0.000
0.021
0.175
0.302
0.498
0.000
0.045
0.069
0.000
0.000
0.000
0.000
0.000
0.000
0.000
0.000
0.213
0.134
0.089
0.419
0.000
0.000
0.000
0.508
0.000
0.604
0.501
0.000
0.000
0.000
0.000
0.000
0.000
0.000
0.000
3.965
8.082
9.881
4.153
1.553
0.000
0.027
0.000
0.000
0.077
0.000
0.007
1.104
0.024
0.000
0.000
0.000
0.000
0.000
0.450
0.206
0.000
0.000
0.000
0.041
0.000
0.117
0.989
0.000
0.000
0.000
0.000
0.000
0.000
3.663
0.319
0.000
2.039
1.723
0.024
0.000
0.000
0.000
1.167
0.000
0.295
1.308
0.000
0.000
0.524
2.269
4.050
0.024
2.616
0.003
1.269
0.000
0.537
5.562
0.000
0.000
0.000
0.000
0.036
3.532
0.021
0.000
0.000
7.407
1.351
16.410
11.930
16.570
16.740
5.679
10.163
9.214
14.893
10.304
10.775
5.701
5.030
0.000
5.483
15.930
2.777
14.378
4.346
5.272
0.000
0.000
5.751
4.568
10.761
16.670
19.864
10.071
8.368
7.924
0.151
3.545
-99.000
-99.000
-99.000
-99.000
-99.000
-99.000
-99.000
-99.000
12.638
8.638
4.937
8.595
5.816
23.552
9.735
4.319
11.110
13.695
13.949
3.062
1.607
16.394
15.903
6.532
10.913
8.219
0.886
0.433
7.773
9.589
9.074
2.520
2.276
13.400
4.185
16.613
0.680
2.455
3.471
3.294
7.514
18.531
6.643
0.309
0.113
15.721
10.415
23.504
0.000
0.000
0.024
0.000
0.000
0.000
0.081
0.063
9.737
6.577
16.068
9.604
5.733
1.112
2.680
1.451
9.405
2.153
8.051
3.298
7.081
14.293
12.878
6.049
3.001
3.696
5.980
2.244
29.565
28.082
0.106
0.000
0.000
0.000
0.000
0.000
0.292
14.915
15.824
7.816
8.654
8.952
13.165
6.003
1.729
7.220
100.578
8.973
1.216
9.381
9.836
19.872
13.228
0.058
0.000
3.407
0.333
5.696
5.177
3.584
0.000
2.096
0.306
6.512
9.071
2.937
9.404
5.368
0.000
0.436
6.999
25.651
12.272
1.336
0.000
1.734
9.783
0.750
2.688
1.221
4.676
5.184
3.505
0.999
3.694
11.764
4.597
3.035
7.430
0.000
0.000
0.000
0.000
0.000
4.163
2.602
2.479
9.101
0.510
0.000
8.569
1.528
0.110
0.000
0.000
0.000
0.000
0.000
0.000
0.000
0.000
1.734
0.000
0.014
3.571
1.226
0.000
3.021
0.433
0.089
0.000
0.000
0.000
0.913
9.373
2.108
1.962
0.669
0.000
0.000
0.000
0.000
0.000
0.000
0.446
0.000
0.000
0.000
0.000
0.000
1.105
4.983
0.010
0.000
0.000
0.000
0.000
0.000
0.000
3.121
3.172
0.000
0.000
0.000
0.000
0.000
0.000
0.000
0.000
0.223
0.017
0.000
0.000
0.000
0.000
0.000
0.000
0.000
0.000
0.000
3.401
0.000
0.000
0.000
0.000
0.000
3.292
0.113
0.000
0.000
0.000
0.000
0.000
0.000
0.000
0.000
0.000
0.000
0.000
0.000
0.000
0.000
0.000
0.000
0.000
0.000
0.000
0.000
0.000
0.000
0.000
0.000
0.000
0.000
0.000
0.209
0.000
0.000
0.000
0.077
0.326
0.000
0.000
0.000
0.000
0.000
0.000
0.000
0.219
0.000
0.000
0.000
0.000
0.000
0.065
0.000
0.000
0.000
0.000
0.000
2.340
0.000
0.000
0.050
11.592
0.000
0.000
0.000
0.014
0.623
0.000
0.000
0.000
0.000
0.000
0.000
5.955
0.194
0.027
1.689
0.024
7.259
5.205
0.167
2.548
0.366
0.453
0.070
1.088
17.434
0.422
0.000
2.311
0.000
0.000
0.000
0.841
0.000
0.072
0.000
0.000
0.000
0.000
1.844
10.564
9.634
0.144
1.463
5.998
10.454
1.105
0.151
4.089
10.516
1.324
6.269
0.000
0.453
0.000
7.024
0.000
14.202
6.091
7.402
3.069
0.000
0.000
0.000
69.118
30.774
0.330
0.000
0.999
2.190
0.000
1.960
7.817
0.719
2.705
0.021
7.807
2.530
3.296
4.408
0.838
5.610
0.000
12.524
4.951
1.397
8.521
9.846
0.288
0.010
10.348
2.008
0.534
0.000
0.003
2.346
19.133
3.876
2.547
6.603
21.734
4.425
12.130
17.100
2.197
0.256
11.067
1.961
3.692
22.776
16.605
1.929
1.078
8.286
6.350
1.494
5.225
9.050
1.524
1.852
0.000
6.089
12.044
15.772
7.539
11.141
2.571
7.581
0.390
5.756
8.664
24.464
10.325
4.727
5.519
7.872
15.413
3.581
2.880
5.430
13.963
5.196
3.722
13.991
2.688
6.793
4.237
11.099
2.608
3.910
2.257
4.516
0.000
2.774
0.683
0.000
0.148
11.663
24.149
15.165
1.349
8.611
2.032
0.797
0.014
0.000
0.000
4.340
3.124
7.344
3.650
10.530
3.444
10.921
1.768
11.982
2.819
13.743
5.313
0.096
78.511
1.847
4.630
9.330
1.663
14.105
10.832
12.667
0.827
2.184
8.612
0.982
0.409
4.884
3.442
3.892
1.111
6.573
2.017
1.639
2.053
9.155
0.350
19.236
2.594
17.006
9.711
3.599
4.309
5.476
0.427
0.215
0.000
0.003
0.062
15.424
2.736
0.076
0.316
0.433
0.096
0.268
4.405
3.694
3.880
0.000
1.651
2.165
2.534
2.146
2.789
2.953
13.644
1.394
0.045
7.958
1.178
0.144
0.000
0.000
0.000
7.711
1.315
0.179
0.065
0.000
0.522
0.000
0.000
0.000
0.000
0.774
1.298
0.000
0.000
0.000
0.000
0.000
0.000
0.000
0.000
0.000
0.000
0.010
0.000
0.000
0.000
0.000
0.000
0.000
0.000
0.000
0.000
0.000
0.000
0.000
0.000
0.000
0.982
0.000
0.065
0.000
0.000
0.000
0.000
0.000
0.000
0.000
0.000
0.000
0.000
0.000
0.000
0.000
0.000
0.000
0.000
0.000
0.000
0.000
0.000
0.000
0.000
0.000
0.000
0.000
0.000
0.000
0.000
0.000
0.000
0.000
0.000
0.000
0.000
0.000
0.000
0.000
0.000
0.446
0.000
0.000
0.000
0.000
0.000
0.000
0.000
0.000
0.000
0.000
0.000
0.000
0.000
0.000
0.000
0.000
0.000
0.000
0.000
0.000
0.000
0.000
0.000
0.000
0.208
0.000
0.000
0.000
0.333
0.965
0.124
0.000
0.000
0.000
0.000
0.000
0.000
0.000
0.285
1.686
0.000
0.000
0.000
0.000
0.000
0.000
0.000
0.024
0.000
5.169
2.038
0.000
0.088
0.000
0.529
0.130
0.000
2.262
0.000
0.053
4.873
0.573
0.000
0.000
0.163
0.014
4.611
0.000
0.000
0.000
0.000
0.000
0.000
0.000
0.000
0.058
4.880
0.000
0.076
0.017
0.000
0.000
0.000
0.022
2.184
0.051
0.039
0.077
0.000
6.286
6.097
0.079
5.419
0.039
0.000
6.345
14.038
33.045
4.752
0.324
0.000
0.000
1.936
10.164
8.334
7.780
44.967
10.126
0.000
0.010
14.133
12.806
11.282
7.464
14.252
9.383
6.442
4.067
1.978
2.020
2.082
9.415
8.629
0.316
5.249
13.157
0.165
3.895
2.525
10.224
12.140
6.207
9.469
10.422
5.349
10.493
0.081
15.542
27.346
18.524
7.567
4.817
10.631
2.479
14.602
30.650
10.514
10.677
0.642
2.915
1.682
8.432
10.222
16.564
23.171
5.430
3.914
1.349
0.154
0.233
6.849
2.956
4.048
9.654
12.329
0.323
3.886
14.565
12.847
42.953
6.815
1.057
1.744
2.942
1.892
14.828
16.009
3.413
2.544
4.127
0.254
0.910
6.145
0.474
19.890
2.481
17.916
5.907
4.738
6.935
6.836
9.980
68.167
0.790
1.914
2.585
2.015
16.195
4.968
2.365
5.929
9.778
16.136
23.130
17.705
4.566
6.331
15.577
2.934
1.054
0.017
5.267
3.584
3.004
1.380
6.599
2.458
3.214
30.508
10.962
9.071
5.215
14.674
0.666
6.053
28.135
5.067
12.339
12.215
7.093
0.824
2.149
11.522
1.893
6.273
4.539
4.281
2.668
4.391
3.996
5.212
10.670
4.810
17.750
3.419
2.039
0.000
0.000
0.378
9.294
7.584
4.971
11.852
1.483
9.819
15.007
12.332
26.789
5.560
6.279
7.117
0.836
3.787
0.000
0.000
0.000
0.000
0.000
3.959
8.743
0.556
4.762
5.981
4.810
0.000
0.000
0.000
0.000
0.000
0.000
0.039
0.134
0.929
0.153
0.348
1.856
5.802
5.764
6.612
3.856
0.055
0.319
0.000
0.000
1.387
0.000
0.382
0.257
2.544
0.175
0.000
0.000
0.021
5.096
13.906
1.196
0.000
0.000
0.000
0.000
0.000
0.836
0.045
0.088
0.100
0.000
2.075
4.137
6.049
0.788
1.116
0.000
0.024
0.000
0.000
0.000
0.000
0.000
0.000
1.608
0.000
0.000
0.000
0.000
0.000
0.000
0.000
0.000
0.000
0.000
0.000
0.000
4.978
3.366
2.714
1.299
0.000
0.000
0.232
0.000
0.000
0.000
0.000
3.214
0.000
0.000
0.000
0.017
0.000
0.000
0.000
0.000
0.000
0.000
0.000
0.000
0.000
0.000
0.000
0.000
0.106
4.473
0.000
0.000
0.000
0.000
0.000
0.000
0.000
0.797
7.440
0.000
0.000
0.000
0.000
0.110
0.376
0.000
0.000
0.000
0.000
0.000
0.053
0.024
0.007
0.000
0.000
0.000
0.000
0.000
0.000
0.000
0.572
0.510
0.764
0.000
0.000
0.000
0.000
0.000
0.000
0.000
2.173
4.209
0.000
0.000
0.000
0.137
0.433
0.000
0.000
0.652
0.038
0.127
0.000
0.000
0.618
0.000
0.093
0.000
0.000
0.003
3.965
0.000
0.000
9.129
2.472
0.000
0.000
0.000
0.409
3.881
1.130
3.773
8.844
3.698
1.044
5.907
1.268
4.594
8.757
3.326
3.341
5.404
0.000
0.000
0.000
0.000
0.000
0.000
2.992
12.794
10.962
77.581
0.146
0.024
0.000
1.878
9.625
0.000
2.775
0.000
0.000
0.000
0.048
3.923
0.000
0.007
5.555
0.000
0.000
5.441
6.137
3.713
32.664
5.095
0.594
0.000
12.891
1.071
0.045
0.000
2.862
12.861
12.095
1.821
7.494
3.461
15.192
8.768
5.284
10.949
12.856
11.206
1.701
11.906
7.759
9.501
5.869
6.842
2.844
2.496
5.955
7.970
2.396
1.274
3.741
2.581
13.529
21.413
32.147
1.016
5.213
3.557
5.457
11.106
9.023
4.060
9.609
14.481
3.430
11.333
18.675
7.395
0.982
7.567
7.238
7.551
2.147
9.859
9.273
10.856
8.259
14.970
7.013
12.223
9.678
10.632
0.465
3.025
15.789
10.955
17.882
0.606
0.228
1.832
6.643
12.210
33.450
2.963
0.051
0.124
2.959
4.552
29.910
1.991
2.635
8.473
2.723
12.095
11.213
8.696
0.978
7.308
1.061
0.000
8.466
5.618
17.659
7.114
6.939
0.453
18.893
1.911
0.970
3.457
1.229
14.306
8.133
3.763
8.075
18.636
20.059
2.582
8.219
3.890
4.676
4.285
10.530
5.927
3.090
0.817
1.233
1.871
2.949
1.895
5.215
0.797
12.239
19.226
4.477
0.027
0.433
0.000
8.096
7.055
1.778
1.318
3.032
0.065
2.390
7.879
0.295
4.463
0.247
7.213
4.995
13.980
1.936
5.270
6.540
0.426
3.900
9.551
0.927
4.934
6.437
0.000
0.017
0.659
0.000
0.000
0.000
0.000
0.000
0.000
0.000
0.120
2.530
4.573
3.643
11.149
16.967
10.023
2.592
2.891
2.201
0.000
3.902
0.930
0.079
0.000
0.010
0.858
0.000
0.000
0.000
0.000
0.000
0.000
0.000
0.000
0.000
0.000
0.000
0.000
1.658
7.907
3.302
0.194
0.000
0.000
0.000
0.000
0.000
0.000
0.000
0.000
0.000
0.000
0.000
2.343
4.659
0.122
0.021
0.000
0.000
0.000
0.000
0.000
0.058
0.217
0.000
0.000
0.000
0.000
0.000
0.000
0.000
0.000
1.974
0.000
0.000
0.000
0.000
0.000
0.000
0.000
0.000
0.000
0.000
0.000
0.000
0.000
0.000
0.000
0.000
0.000
0.086
0.000
0.055
0.007
0.275
0.000
1.995
0.000
0.000
0.000
0.000
0.000
0.000
0.000
0.000
0.000
0.000
0.122
0.000
0.000
0.000
0.000
0.000
0.122
0.000
0.000
0.000
0.000
0.000
0.038
0.000
0.000
0.000
0.000
0.000
0.000
0.000
0.000
0.000
0.352
0.522
0.000
0.000
0.000
0.000
0.000
0.010
5.864
0.000
0.750
0.000
0.007
0.000
0.000
0.000
0.000
0.000
0.000
0.000
0.000
0.000
0.000
2.994
0.412
0.886
0.161
1.943
0.000
0.669
0.282
0.793
0.031
0.000
0.000
0.000
0.000
0.000
0.000
5.787
0.541
0.051
0.000
0.000
0.723
0.282
0.245
14.474
0.299
0.000
0.058
0.077
0.031
0.007
0.014
0.282
0.129
0.000
0.000
0.000
0.124
0.000
0.748
7.052
3.224
5.030
0.000
0.000
0.000
0.340
0.196
11.577
9.575
3.622
6.485
0.539
1.885
4.494
2.523
7.237
19.223
0.027
9.165
15.060
0.021
47.423
3.849
0.000
2.870
0.556
3.128
15.383
5.503
23.191
3.222
0.127
3.718
12.535
3.395
2.424
10.892
6.521
3.062
3.840
1.751
1.720
0.034
5.050
16.289
0.934
4.944
2.975
4.399
9.737
62.650
19.268
10.900
10.351
67.532
2.045
0.264
7.522
19.068
15.063
8.599
6.494
3.119
4.546
0.271
2.036
0.805
0.807
4.573
0.542
7.508
5.050
15.638
3.378
10.815
5.133
13.501
7.251
7.723
0.041
5.342
0.439
0.000
10.712
13.067
1.013
9.610
27.921
5.881
3.550
5.737
3.121
3.548
3.183
5.627
11.358
0.072
5.887
7.165
6.009
2.799
11.951
9.386
2.481
15.197
5.512
8.921
2.412
5.570
1.337
4.264
6.616
4.959
7.843
16.426
4.860
0.125
3.256
7.687
2.692
1.772
0.000
0.000
0.000
0.000
0.000
0.546
2.702
5.878
12.579
2.973
1.246
8.123
3.165
6.640
3.423
1.044
6.877
7.340
1.909
15.013
0.354
0.137
1.202
19.020
2.767
0.000
0.051
0.000
2.956
2.420
1.826
1.093
1.401
3.732
1.279
3.715
7.953
13.098
7.066
11.292
4.099
0.525
1.631
0.000
0.000
0.000
0.000
0.082
0.000
2.987
0.216
0.000
0.000
0.000
0.000
1.672
3.639
6.080
0.227
0.000
1.511
0.000
1.243
0.000
7.340
0.395
0.000
0.000
0.000
0.000
3.780
5.332
12.188
0.388
0.000
0.000
0.000
0.000
0.000
0.000
0.000
0.000
1.682
0.930
0.010
0.041
0.446
3.739
5.208
0.549
0.000
0.000
0.000
0.000
0.120
0.000
0.000
0.000
0.000
0.000
0.000
0.000
0.000
0.000
0.000
0.000
0.000
0.163
1.334
0.000
0.000
0.000
0.000
0.000
0.000
0.000
0.000
0.000
0.000
0.000
0.000
0.000
0.000
0.000
0.000
0.000
0.000
0.730
0.666
0.000
0.000
0.000
0.000
0.000
0.000
0.000
0.000
0.000
0.000
0.000
0.000
0.000
0.000
0.000
0.000
0.000
0.000
0.000
0.000
0.000
0.000
0.000
0.000
0.000
0.000
0.000
0.000
0.041
0.000
0.000
0.000
0.000
0.014
0.000
0.000
0.000
0.213
0.000
0.000
0.000
0.000
0.000
0.000
0.000
0.000
0.776
0.333
0.000
0.000
0.000
0.000
0.000
1.030
0.000
0.000
0.000
0.000
0.000
0.000
0.000
0.000
0.000
0.000
0.000
0.000
0.000
0.000
0.000
0.000
0.000
0.000
0.000
0.000
0.000
0.000
0.285
0.403
0.251
0.000
0.000
0.000
0.041
1.318
9.637
0.264
0.707
5.929
5.909
0.038
13.609
3.474
0.924
0.000
0.000
0.000
0.089
0.000
0.000
0.000
0.100
10.034
0.000
0.000
0.076
7.994
0.069
7.309
0.805
8.805
0.257
1.730
0.079
0.000
0.062
6.877
11.745
3.946
0.230
0.227
0.000
0.000
5.177
0.000
4.659
0.000
0.000
0.000
0.000
0.000
1.313
0.081
0.000
1.128
0.206
0.000
0.000
10.494
0.077
0.000
2.094
0.798
5.893
1.196
4.824
0.151
2.427
4.776
1.375
13.549
0.000
11.198
0.438
4.312
2.305
0.863
2.508
0.000
0.043
0.695
0.233
2.551
0.017
2.780
0.000
0.000
4.024
10.022
7.122
2.380
10.657
8.940
6.449
0.000
0.000
0.000
0.014
8.746
3.995
0.022
1.808
0.000
0.000
0.000
0.000
8.844
1.547
1.157
0.000
5.878
5.217
1.003
0.371
19.878
7.043
36.966
12.191
2.614
4.700
1.586
0.003
2.403
0.079
9.927
3.680
9.682
129.175
1.610
9.033
2.417
11.172
2.557
11.964
13.858
20.749
13.088
13.032
3.464
8.321
4.807
8.602
6.068
16.590
8.773
12.257
15.697
12.567
7.454
7.714
11.412
1.830
5.751
42.773
160.030
3.734
0.000
0.000
1.248
2.496
4.583
3.028
6.400
10.873
8.020
9.730
9.098
3.004
2.987
11.676
2.135
2.098
0.379
1.840
1.950
9.086
0.106
0.000
0.014
0.326
0.652
7.024
3.330
3.890
2.606
19.425
8.037
4.951
5.627
3.753
0.275
0.000
0.000
0.000
2.892
3.936
5.308
5.004
0.151
3.777
9.110
3.538
0.000
0.000
2.386
6.350
10.425
0.000
0.000
0.800
2.262
4.894
3.931
0.000
0.000
4.734
9.642
8.291
0.000
0.000
0.000
1.081
5.643
4.281
0.038
0.280
0.000
0.000
0.000
0.000
0.000
0.000
0.000
0.809
0.881
0.000
0.000
0.000
0.000
0.000
0.000
0.000
0.000
0.000
0.000
0.000
0.000
0.000
0.000
0.000
0.000
0.718
1.076
7.653
6.952
2.036
0.027
0.000
0.000
1.287
0.000
0.000
0.000
0.000
0.000
0.000
0.000
0.000
0.000
1.081
0.182
2.096
0.316
0.000
0.000
0.000
0.000
0.000
0.000
0.000
0.000
0.000
0.000
0.000
0.000
0.000
0.000
0.000
0.000
0.000
0.000
0.000
0.000
0.000
0.000
0.000
0.000
0.000
0.000
0.000
0.000
0.000
0.000
11.003
10.808
0.827
0.095
0.000
1.902
0.309
0.000
0.000
0.000
0.000
0.000
0.000
0.261
1.923
0.000
0.000
0.000
0.000
0.000
0.000
0.021
0.000
0.000
1.794
4.116
19.835
49.761
0.599
0.000
0.000
8.034
1.085
0.000
0.000
0.000
0.000
0.000
2.369
0.000
0.000
0.000
0.000
0.000
0.000
0.000
0.000
0.000
0.000
1.356
0.211
7.776
0.000
0.000
0.936
0.237
0.000
0.000
0.000
0.000
0.021
0.000
0.227
0.142
0.000
0.000
0.000
0.000
0.000
0.000
0.000
0.000
0.000
0.161
0.000
0.000
0.000
16.514
5.984
0.000
0.000
0.000
0.199
1.102
0.000
4.786
0.000
0.179
0.034
0.433
3.502
2.204
1.006
0.000
5.955
1.675
68.100
0.000
0.000
0.000
0.673
0.000
0.000
0.527
3.804
12.241
0.326
15.192
3.186
13.692
2.774
3.059
6.218
0.512
12.027
32.985
3.682
0.000
5.641
3.922
3.577
0.460
5.576
7.124
0.000
3.732
0.034
10.801
8.525
38.178
0.409
0.000
2.245
6.573
6.276
8.405
11.417
2.741
11.659
16.006
8.657
15.803
1.741
5.706
8.875
3.298
9.448
6.345
11.750
6.932
14.722
8.758
10.949
9.853
10.437
0.354
8.295
9.138
9.610
18.327
51.303
3.533
8.284
2.925
0.285
14.636
12.242
9.222
1.311
18.773
4.030
4.324
12.347
17.701
12.444
8.202
0.917
3.914
8.401
8.370
26.383
9.081
7.346
15.091
6.212
8.897
6.326
0.833
2.930
6.903
10.149
20.325
5.502
12.136
10.906
9.986
9.023
26.720
7.101
5.823
17.934
12.285
5.083
3.766
20.639
17.816
13.827
4.961
14.294
4.300
8.514
9.368
8.300
9.319
7.045
8.514
20.788
14.665
14.809
6.566
14.492
2.129
8.108
17.439
13.863
8.865
1.102
1.808
2.420
23.258
24.594
7.157
13.003
3.189
1.665
0.422
7.419
13.218
6.036
17.310
4.982
2.958
8.006
3.092
1.296
14.153
7.792
0.692
2.824
0.990
1.186
6.606
4.106
1.475
0.000
0.000
0.783
2.887
0.505
6.870
16.500
2.891
15.391
2.850
0.134
0.000
4.348
0.192
5.737
4.436
0.000
0.000
0.000
0.000
0.000
0.000
2.505
4.964
5.095
10.022
4.841
2.091
0.000
0.000
0.721
0.000
3.302
0.627
0.000
1.639
0.340
0.525
1.111
4.767
1.144
0.539
0.000
0.000
0.000
0.000
0.000
0.292
1.198
0.093
0.000
0.000
0.000
0.000
0.000
5.641
8.358
0.000
0.000
0.000
0.000
0.051
0.000
0.110
0.093
1.205
0.000
0.036
4.161
0.017
0.000
0.000
0.000
0.000
0.000
0.000
0.000
0.000
0.000
0.000
0.000
0.000
0.000
0.000
0.000
0.000
0.000
0.000
0.000
0.000
0.000
1.148
0.000
0.000
0.000
0.000
0.000
0.000
0.000
0.000
0.000
0.000
0.476
10.428
0.000
0.000
0.000
0.000
0.000
2.777
0.328
0.000
0.000
0.000
0.000
0.000
0.000
0.000
0.000
0.000
0.000
0.000
0.000
0.007
0.014
0.000
0.000
0.000
0.000
0.000
0.000
0.000
0.663
0.000
0.000
0.388
0.000
0.000
0.000
0.000
0.000
0.738
0.000
0.000
0.000
0.141
0.000
0.433
0.010
0.184
0.000
0.000
0.000
0.000
0.000
0.000
0.000
0.000
0.000
0.000
0.000
0.000
0.014
0.000
0.000
0.319
0.000
0.000
0.000
0.000
0.189
0.621
0.391
0.000
0.000
0.000
1.016
0.580
7.275
0.134
9.119
0.000
2.774
32.705
3.643
5.445
6.211
0.391
0.021
0.014
0.000
0.000
1.315
6.726
3.416
6.283
0.479
0.827
7.375
0.000
3.605
0.021
21.197
3.746
0.045
0.000
0.000
0.045
14.921
11.424
12.854
14.710
0.642
0.034
0.175
0.342
5.588
1.782
3.665
9.155
0.010
0.000
19.707
19.104
0.024
4.183
1.402
0.000
6.848
0.000
19.686
13.130
9.987
6.618
2.731
8.200
0.244
5.075
2.386
13.136
9.064
23.988
0.000
0.000
0.000
10.557
3.287
0.113
1.902
13.008
17.925
4.597
13.302
1.713
40.081
22.093
2.702
2.860
1.257
0.333
0.189
7.371
9.647
8.027
14.979
10.202
8.885
13.680
0.137
6.259
3.032
4.556
1.936
3.893
7.414
2.668
14.138
7.258
1.823
6.175
13.733
10.327
2.949
11.834
10.228
7.309
4.024
99.337
1.713
2.410
0.772
2.671
11.440
15.412
16.256
1.730
5.610
4.903
1.449
3.018
5.730
15.755
5.219
13.132
0.512
12.657
5.952
10.907
0.292
0.439
0.000
0.000
0.000
0.000
0.000
7.766
1.696
3.831
0.000
10.643
2.843
7.059
22.812
9.047
3.121
5.325
12.966
9.304
25.941
12.281
9.565
39.602
1.778
18.649
13.311
7.000
1.104
9.108
2.044
9.649
2.135
4.269
50.092
28.943
0.606
13.865
4.604
0.858
5.157
0.570
13.070
0.314
0.088
10.142
7.561
3.288
0.994
10.634
8.063
2.470
0.000
4.333
6.187
12.061
3.104
8.587
1.650
7.208
0.233
1.488
1.951
0.733
3.301
2.659
7.603
10.293
9.011
1.470
0.795
0.000
0.000
0.000
0.000
0.064
0.000
0.649
0.276
2.328
5.740
5.905
6.475
3.354
0.000
3.765
11.716
1.001
0.144
3.200
0.549
0.343
3.825
0.000
0.000
0.000
7.721
0.000
0.000
0.000
0.000
0.000
0.000
0.000
0.010
0.000
0.000
0.000
0.000
3.763
0.072
0.000
0.484
11.633
0.024
0.000
0.000
0.000
0.000
2.580
0.496
2.249
0.000
0.000
0.000
0.000
0.000
0.000
0.000
0.000
0.000
0.000
0.000
0.000
0.000
0.000
0.000
0.000
0.000
0.000
0.000
0.906
0.000
0.000
0.000
0.000
0.000
0.000
0.000
0.000
0.000
0.000
0.000
0.000
0.000
0.000
0.000
0.000
0.000
1.057
0.000
0.000
0.000
0.000
0.000
0.000
0.000
0.000
0.000
0.000
0.000
0.000
0.000
0.000
0.000
0.000
0.000
0.000
0.000
0.000
0.000
0.000
0.000
0.000
0.000
0.000
0.000
0.000
0.000
0.000
0.000
0.000
0.000
0.000
0.000
0.000
1.820
1.428
0.137
0.000
0.000
0.000
0.000
0.000
0.000
0.000
0.000
0.062
0.000
0.316
0.554
0.000
0.000
3.692
0.000
0.000
0.000
0.000
0.000
0.000
0.000
0.000
0.000
1.384
25.461
0.076
0.000
0.000
0.000
0.000
0.731
0.326
0.038
0.000
0.616
0.151
0.000
0.000
0.000
0.007
0.266
0.000
0.110
0.282
0.100
0.000
0.000
2.676
0.000
0.608
0.000
0.000
0.017
0.014
0.000
0.000
0.000
0.017
0.950
0.000
0.000
0.000
0.000
0.000
0.097
0.000
0.000
0.000
12.357
2.137
7.160
13.311
13.323
2.276
6.128
4.700
3.385
8.372
10.598
9.998
5.661
2.640
3.450
7.423
41.777
5.177
5.503
0.268
5.943
37.838
0.117
0.017
0.000
10.554
14.725
7.694
3.989
7.412
3.382
18.320
8.132
12.526
5.179
0.000
8.762
1.229
0.934
7.512
25.946
99.617
3.630
0.000
11.337
0.072
2.687
9.896
2.702
4.550
4.686
16.302
0.209
8.806
13.874
8.108
13.829
4.838
13.029
1.420
0.518
10.490
0.690
8.746
10.926
0.425
0.000
1.689
5.933
3.723
1.991
6.235
13.036
5.371
14.152
8.257
13.796
0.000
5.675
12.186
4.014
15.875
8.607
2.666
0.470
0.072
2.031
11.021
9.551
2.462
14.452
59.711
0.000
4.070
18.078
13.807
15.856
27.540
9.972
18.023
8.765
9.123
15.839
18.502
4.386
11.860
12.463
13.647
18.051
7.633
9.029
10.530
1.859
7.393
10.138
9.991
7.193
0.100
3.033
0.853
4.413
0.180
6.707
7.186
0.158
0.433
15.123
2.644
3.787
1.287
3.577
8.913
1.044
6.273
1.905
8.724
0.000
0.000
0.000
1.233
1.916
3.251
9.153
10.592
22.613
8.154
0.000
0.000
0.000
0.000
7.878
1.181
2.716
2.692
1.878
2.081
7.103
8.724
2.146
3.310
9.925
5.071
1.281
0.000
0.000
0.968
1.864
1.408
0.000
13.376
12.758
9.795
3.207
0.007
0.000
0.405
0.000
0.000
0.000
0.000
0.000
0.000
0.000
0.000
0.000
0.000
0.000
0.000
0.687
0.000
0.000
0.000
0.000
1.069
0.797
2.997
3.522
0.000
0.000
0.000
0.000
0.000
0.000
0.666
0.000
0.000
0.000
0.000
0.000
0.000
4.956
0.575
0.000
1.595
1.224
0.000
0.000
0.000
0.000
0.000
0.000
0.000
0.000
1.068
0.031
0.000
1.454
1.051
0.000
0.000
0.000
0.000
0.000
0.000
0.000
0.051
0.000
0.000
0.000
0.000
0.000
0.000
0.000
0.000
0.000
0.096
0.000
0.431
0.000
0.000
0.000
0.000
0.000
0.000
0.000
0.000
0.000
0.000
0.000
0.000
0.000
0.000
0.000
0.000
0.000
0.000
0.000
0.000
0.000
0.000
0.000
0.000
0.000
0.000
0.000
0.000
0.000
0.000
0.000
0.000
0.000
0.000
0.000
0.000
0.000
0.000
0.000
0.000
0.288
0.553
0.254
0.000
0.079
0.000
0.000
0.000
0.000
0.034
0.000
0.000
0.000
0.000
0.000
0.000
0.000
0.000
0.000
0.000
0.000
0.000
0.000
0.000
0.000
0.000
0.000
0.000
0.007
0.000
0.000
0.328
0.067
3.538
0.031
0.000
0.000
0.000
0.592
0.292
0.100
0.000
0.000
0.000
0.964
0.082
0.000
3.617
3.912
0.841
0.000
0.000
0.000
0.000
0.982
0.000
0.000
0.088
0.000
0.000
2.535
5.059
33.398
5.243
0.034
0.000
2.639
0.000
24.362
51.524
1.687
0.000
3.217
4.822
7.447
5.112
19.395
10.423
77.948
0.163
2.752
6.092
37.638
3.243
6.784
9.949
7.543
11.071
13.752
18.301
0.007
4.982
0.524
17.475
0.146
0.010
0.000
8.065
3.466
5.788
3.294
0.000
19.545
1.885
3.073
2.613
0.678
3.346
1.904
7.996
8.494
0.031
13.465
11.093
0.752
3.512
3.753
5.140
0.970
7.615
4.328
7.182
9.769
13.340
8.695
12.315
15.115
11.464
17.994
27.744
13.227
19.556
54.959
4.551
7.004
3.292
8.102
17.695
7.460
7.917
17.207
9.860
32.059
3.426
0.599
1.095
0.014
3.342
6.248
4.186
12.507
46.493
5.359
16.763
6.338
4.688
2.407
2.793
14.149
32.878
15.072
12.250
2.820
0.350
15.235
15.100
6.444
0.927
12.047
0.824
6.194
7.015
18.457
25.433
13.676
10.710
10.672
17.204
2.012
1.723
13.601
6.970
11.446
2.738
1.670
2.832
2.777
10.403
16.248
4.209
4.844
2.415
1.324
4.413
24.374
8.707
2.685
8.664
8.336
13.747
5.461
3.235
0.275
13.763
8.290
12.772
74.752
3.316
0.000
3.296
5.624
0.395
1.281
10.882
14.456
6.360
1.787
6.429
13.302
43.772
3.320
0.064
0.000
0.000
0.354
0.000
0.455
3.430
5.953
0.877
3.710
3.762
2.490
2.917
1.792
0.000
0.000
0.000
0.000
2.019
0.014
2.704
6.703
1.334
0.000
0.141
8.922
6.837
4.173
4.752
2.699
3.214
1.158
0.197
0.239
5.196
0.415
0.896
0.240
0.324
0.000
4.999
2.819
8.919
0.814
0.156
0.000
0.000
0.000
0.000
0.000
0.000
0.000
0.000
0.000
0.000
0.000
0.000
0.944
0.206
0.000
0.433
0.336
0.000
0.000
0.000
0.000
0.000
0.000
0.000
7.321
0.436
0.069
0.000
0.000
0.000
0.000
0.000
0.000
0.000
0.000
0.000
0.000
0.000
0.000
0.000
0.000
0.000
0.000
0.000
0.000
0.000
0.000
0.000
0.000
0.000
0.000
0.000
0.000
0.000
0.000
0.000
0.000
0.000
0.000
0.000
0.000
0.000
0.000
0.000
0.000
0.000
0.010
0.000
0.105
0.000
0.000
0.000
0.000
0.000
0.014
4.086
0.000
0.000
0.024
0.000
0.000
0.000
0.000
1.881
0.000
0.014
0.321
0.000
0.000
0.000
0.000
0.000
0.000
0.000
4.128
0.407
0.000
0.000
0.000
0.010
0.000
0.000
0.000
0.000
0.027
0.000
0.000
0.000
0.000
0.000
0.000
0.138
2.004
0.000
0.000
0.089
0.000
0.007
0.000
0.000
0.000
0.000
0.000
0.000
0.000
0.000
0.000
0.000
0.000
0.000
0.000
0.000
0.997
0.000
0.000
0.000
0.000
0.000
0.000
0.000
0.070
0.000
3.358
0.000
0.000
0.185
0.211
0.096
0.000
0.731
0.000
0.089
0.000
4.113
1.305
0.000
0.000
0.172
0.017
5.558
7.095
2.462
0.172
0.000
0.055
0.000
6.070
1.044
6.686
11.882
1.411
1.236
0.000
8.705
5.709
1.039
0.000
0.000
0.000
0.000
5.232
3.100
12.996
2.340
17.930
3.482
5.298
0.767
4.619
8.887
2.375
0.865
4.266
9.472
8.471
0.000
0.000
0.000
0.000
0.000
0.000
0.000
0.029
0.100
0.018
0.251
0.237
0.000
0.591
6.326
11.749
2.185
2.908
5.891
2.609
0.209
0.165
10.557
9.459
3.267
12.016
15.803
5.054
4.247
0.591
48.721
2.613
10.444
2.348
8.688
11.398
4.861
59.625
30.490
1.967
1.456
5.009
0.000
0.446
1.511
2.223
6.187
34.648
2.712
6.544
36.687
29.979
0.858
18.237
31.428
2.891
2.571
7.907
16.708
12.339
1.699
12.734
7.835
2.865
14.258
7.430
8.161
5.026
10.657
13.747
32.090
0.546
3.795
1.857
9.187
7.084
18.127
4.566
3.365
9.040
3.320
3.332
1.801
12.746
4.340
16.402
15.674
2.228
6.204
8.159
7.315
0.927
0.936
10.605
11.778
14.399
19.180
8.921
16.402
8.007
16.179
15.846
19.272
9.731
2.685
0.000
0.000
0.000
0.000
0.000
0.536
3.744
3.227
12.380
1.983
1.705
12.459
70.749
2.202
4.456
15.555
4.340
3.677
1.263
4.791
0.630
2.604
6.357
13.114
9.156
5.692
0.000
0.603
1.528
6.868
2.426
6.791
14.042
0.417
7.790
3.934
0.000
0.000
0.264
0.000
0.000
0.000
0.000
3.337
1.380
7.874
14.488
6.339
2.447
10.202
0.803
0.000
0.000
0.000
3.351
0.000
0.249
0.024
0.000
1.330
2.508
0.000
0.000
0.146
1.517
4.516
0.158
0.000
1.452
5.449
2.156
3.698
0.000
1.112
1.660
0.024
0.000
2.232
0.403
0.000
0.000
0.000
0.000
0.000
0.000
0.000
0.000
0.000
0.000
0.000
1.253
1.011
0.000
0.000
0.000
0.000
0.000
0.000
0.000
0.000
0.000
0.000
0.000
0.000
0.000
0.000
0.000
0.000
0.000
0.000
0.000
0.000
0.000
0.000
0.000
0.000
0.000
0.000
0.000
0.000
0.000
0.000
0.000
4.861
0.000
0.000
0.254
4.978
1.239
0.000
0.000
0.000
0.000
0.000
0.000
0.000
0.000
0.000
0.000
0.000
0.000
1.342
6.135
0.021
0.489
0.410
0.000
0.000
0.000
0.000
0.000
0.000
0.000
0.000
0.000
0.000
0.000
0.000
0.000
0.000
0.000
0.000
0.000
0.000
0.000
0.096
0.000
0.275
0.421
0.233
4.419
0.000
0.000
0.000
0.000
0.460
0.089
0.000
0.000
0.110
4.432
1.696
0.000
0.003
0.000
0.000
0.000
0.000
0.000
0.000
0.560
1.641
0.148
0.000
0.000
0.000
0.142
0.014
0.000
0.003
0.007
0.031
0.048
0.484
0.000
8.353
5.720
3.914
0.263
0.000
0.000
0.034
0.554
0.110
1.576
0.936
0.014
0.170
0.000
0.414
0.000
0.975
0.000
0.000
0.000
0.000
1.351
0.007
0.158
6.324
42.605
0.409
0.000
8.974
3.473
3.133
10.646
14.447
0.196
8.880
6.964
11.860
9.471
16.782
6.269
7.332
0.369
17.294
22.963
0.400
0.000
0.659
0.072
0.062
0.760
0.000
0.000
0.000
0.000
1.018
17.180
1.663
12.389
7.455
12.162
18.624
1.828
5.400
7.934
6.461
11.467
49.200
0.216
1.231
0.000
2.683
7.492
13.692
6.606
0.000
7.206
3.131
3.571
3.263
2.465
2.563
0.000
4.422
4.358
0.045
13.778
17.940
7.163
4.257
6.571
3.367
8.531
6.733
5.806
0.838
2.247
2.273
1.456
0.690
3.858
0.146
0.017
7.493
9.719
8.142
0.817
0.000
5.273
4.707
0.528
1.804
4.326
10.307
0.058
0.000
0.000
0.000
0.548
1.809
2.867
5.636
12.445
12.780
8.602
8.133
1.138
1.502
9.285
3.941
3.612
94.258
46.527
6.504
3.962
12.712
17.955
7.074
5.873
1.015
10.682
8.933
7.598
8.432
3.667
10.801
3.989
9.941
7.663
4.626
2.604
5.512
5.292
10.571
2.810
1.215
8.492
2.105
3.517
8.792
13.304
19.211
10.451
10.555
2.115
0.000
0.000
8.655
3.337
5.095
6.465
2.063
8.672
0.676
4.106
2.760
7.962
9.668
16.634
13.493
2.915
0.041
0.000
3.378
6.413
9.853
0.216
4.779
3.514
0.814
5.672
9.057
0.797
0.000
0.000
6.410
1.106
0.385
0.062
0.000
0.000
0.000
1.583
1.634
0.467
2.417
4.786
3.849
1.572
0.000
0.000
0.000
0.000
0.000
0.000
0.000
0.000
4.233
10.743
8.871
7.409
7.646
1.435
0.021
0.000
0.000
0.000
0.000
0.000
0.000
0.194
0.000
0.045
0.161
0.034
0.318
0.000
0.000
0.000
0.000
0.000
0.000
0.000
0.000
0.000
0.000
0.000
0.000
0.000
0.000
0.000
0.000
0.000
0.000
0.000
0.000
0.000
0.000
0.000
0.000
0.000
0.000
0.000
0.000
0.000
0.000
0.000
0.000
0.000
0.000
0.000
0.000
0.000
0.000
5.873
0.000
0.000
0.000
0.000
0.000
0.000
0.000
0.000
0.000
0.000
0.000
0.000
0.000
0.000
0.000
0.000
2.232
0.000
0.000
0.048
0.048
0.000
0.000
0.000
0.000
0.000
0.000
0.000
0.000
0.000
0.000
0.000
0.000
0.000
0.000
0.000
0.000
0.000
0.000
0.000
0.000
0.000
0.000
0.000
0.000
0.000
0.000
0.460
1.093
0.872
0.000
0.000
1.257
0.000
0.000
0.000
0.000
0.000
0.000
0.014
0.000
0.000
0.000
0.000
0.000
0.000
0.000
0.000
0.000
0.055
10.564
0.000
0.041
0.000
0.000
0.000
0.000
0.000
0.000
0.000
0.000
0.000
0.000
0.000
0.010
0.000
0.000
0.000
1.813
0.000
0.704
0.000
0.000
0.000
21.633
23.202
0.000
1.406
4.395
0.541
5.366
32.020
138.579
2.184
4.480
11.482
16.014
5.836
0.000
3.212
6.911
0.007
7.096
14.191
8.635
8.537
13.609
0.199
0.000
5.174
0.007
0.041
0.000
0.000
4.395
7.097
6.648
103.304
18.632
3.358
0.345
2.956
0.309
2.578
98.981
10.513
1.397
2.238
20.800
7.630
1.688
6.968
0.740
7.510
5.382
12.313
0.000
0.978
0.000
0.000
0.240
1.758
8.308
25.873
0.089
0.000
0.000
1.914
19.087
2.951
5.241
80.061
9.393
18.440
0.772
18.818
1.823
0.422
12.130
4.583
7.787
15.290
12.342
3.866
14.104
9.126
3.076
14.099
3.794
7.052
5.600
17.575
17.348
12.466
6.599
15.934
9.005
19.089
1.219
3.406
10.650
3.516
13.966
10.107
0.711
3.866
5.146
12.981
9.768
0.797
7.031
19.284
57.417
7.093
1.799
0.481
4.261
5.881
5.673
16.517
15.141
39.005
22.855
1.960
8.126
10.458
6.956
12.742
5.691
7.072
12.411
13.462
6.587
8.526
15.022
3.559
2.029
1.190
0.096
6.688
1.847
0.411
4.379
7.079
15.197
13.956
0.251
1.567
0.894
1.873
4.540
8.571
3.388
3.610
10.885
6.311
11.261
3.425
5.855
2.302
2.017
2.542
8.015
19.178
1.883
3.989
4.770
0.144
6.822
3.928
6.355
3.914
1.178
15.837
16.799
35.530
5.442
7.244
9.383
24.582
0.000
0.000
0.000
0.000
0.000
3.131
0.306
0.498
0.069
5.596
3.080
2.973
8.755
7.266
5.119
12.782
2.633
9.937
1.447
5.445
7.126
0.337
3.264
4.317
4.472
0.486
3.468
0.173
1.424
0.551
2.034
0.376
0.000
0.077
0.000
0.024
0.212
5.208
1.832
3.232
0.096
0.000
5.273
0.000
0.000
0.000
0.357
0.848
0.024
0.108
0.000
0.000
0.000
2.857
0.007
0.000
0.000
0.000
0.000
3.179
0.812
1.277
14.780
10.523
0.055
0.000
0.615
3.150
0.036
3.674
0.000
3.457
0.043
4.101
1.064
0.000
1.924
5.404
1.123
0.000
0.000
0.000
0.000
0.000
0.000
0.000
0.000
0.000
0.000
0.676
0.000
0.014
0.000
0.000
0.000
0.000
0.000
0.000
0.000
0.000
0.000
0.000
0.000
0.000
0.000
0.000
0.000
0.000
0.000
0.000
0.000
0.117
0.062
0.000
0.000
0.000
0.000
0.000
0.041
0.000
0.000
0.000
0.000
0.000
0.000
0.000
0.000
0.000
0.000
0.000
0.000
0.000
0.000
0.000
0.000
0.062
0.010
0.000
0.000
0.017
0.003
0.000
0.000
0.000
0.042
0.000
0.000
0.000
0.000
0.000
8.267
3.569
0.000
0.000
7.250
0.000
0.000
0.000
0.000
0.077
0.086
0.000
0.000
0.000
1.130
0.000
0.098
0.000
0.000
0.000
0.000
0.000
0.000
0.000
0.172
0.000
0.000
0.000
0.000
0.014
0.000
0.067
0.000
0.000
0.000
0.041
1.325
0.000
0.000
0.197
0.307
0.000
0.000
0.000
1.967
4.075
0.041
0.000
0.529
0.106
0.000
2.144
0.000
0.067
4.609
5.120
0.812
0.348
0.000
0.069
0.000
0.000
0.000
0.000
0.007
0.000
0.000
7.180
1.984
0.225
10.585
7.742
3.710
4.863
4.110
10.499
0.070
0.000
4.171
0.127
0.000
0.000
0.072
17.444
14.275
3.794
3.819
13.393
7.357
16.668
6.623
0.656
5.146
14.128
1.696
2.170
4.089
5.891
0.460
0.769
0.000
0.853
0.333
2.125
0.048
0.000
0.268
0.206
0.309
0.127
0.000
0.000
0.141
0.560
0.872
0.587
0.151
5.098
6.123
1.332
9.393
6.506
19.707
8.865
1.363
0.378
3.675
0.000
0.034
10.811
6.600
0.045
13.839
8.221
9.752
2.678
4.388
6.530
4.913
14.941
0.034
2.788
3.395
4.130
11.549
9.706
0.776
3.818
7.931
6.468
0.460
15.546
80.609
0.829
2.585
12.483
12.930
0.498
7.309
20.411
2.510
5.809
20.531
7.055
9.036
1.069
0.282
4.278
7.787
12.693
4.638
3.662
8.082
5.912
11.371
2.774
3.117
4.091
10.646
2.611
0.130
5.720
8.865
9.361
1.650
0.010
15.245
15.678
3.890
0.261
9.819
13.472
5.050
1.308
0.000
13.505
9.026
1.550
3.478
5.527
3.195
1.634
8.391
2.947
5.802
8.980
0.021
13.384
2.820
1.542
0.000
1.972
0.868
13.218
16.391
0.223
0.565
10.586
0.807
0.053
1.578
1.321
7.946
3.536
1.713
6.945
4.443
8.374
5.893
2.108
0.812
4.597
0.031
0.848
1.143
0.000
0.079
3.200
1.435
0.000
0.000
1.212
7.030
0.000
2.771
10.938
0.051
0.010
0.000
0.000
0.000
0.000
0.000
0.000
0.000
3.341
0.051
0.003
0.000
0.000
0.000
0.000
0.694
0.000
1.126
0.038
0.000
0.000
0.000
0.000
0.000
0.000
0.000
0.000
0.000
0.000
0.398
0.446
0.292
0.014
0.000
0.000
0.000
0.000
0.000
0.000
0.000
0.000
0.000
0.000
0.000
0.000
0.000
0.014
0.000
0.000
0.000
0.000
0.000
1.411
1.063
0.336
0.017
0.000
0.000
0.000
0.000
0.000
0.000
0.000
0.000
0.000
7.205
0.172
0.000
0.000
0.000
0.000
0.000
0.000
0.000
0.000
0.000
0.000
0.000
0.000
0.477
0.000
0.000
0.000
0.003
0.000
0.000
0.000
0.000
0.000
0.000
0.000
0.000
0.000
0.000
0.000
0.000
0.000
0.000
0.000
0.000
0.000
0.000
0.000
0.000
0.000
0.000
0.000
0.000
0.000
0.000
0.021
0.007
0.000
0.000
0.000
0.000
0.000
0.000
0.000
0.000
0.000
0.000
0.000
0.000
0.000
0.000
0.000
0.000
0.000
0.034
0.000
0.000
0.000
0.000
0.000
0.000
0.000
0.000
0.353
0.000
0.000
0.000
1.332
0.000
0.000
0.000
0.000
0.000
0.000
0.371
0.000
0.000
0.000
0.000
0.000
0.000
0.390
0.003
0.051
2.593
0.412
0.000
0.000
0.000
0.000
0.000
0.118
0.000
0.331
0.632
0.000
0.175
2.662
0.000
0.000
0.000
0.233
0.089
0.000
0.000
0.017
0.584
0.000
0.000
0.000
0.000
5.538
0.000
3.114
0.000
0.000
0.010
0.000
0.000
0.144
5.022
0.000
0.000
0.000
0.000
0.000
0.000
0.000
0.000
0.000
0.000
0.000
0.000
0.093
0.079
0.000
2.170
0.398
0.000
0.000
0.000
0.000
2.352
0.000
0.000
0.000
0.000
1.305
1.581
0.031
1.929
4.669
0.000
0.000
0.000
1.499
9.946
1.196
0.000
0.055
13.589
19.487
14.850
3.632
3.577
9.310
14.606
6.916
15.369
5.733
22.865
4.219
8.789
1.021
4.765
4.655
9.670
5.802
5.974
12.254
2.467
0.414
0.000
0.718
5.579
0.017
2.580
13.285
8.895
0.058
7.823
0.127
4.072
4.746
5.863
1.739
19.099
1.551
1.512
6.987
8.164
15.290
19.290
3.177
4.891
2.088
4.304
2.935
6.664
29.826
11.875
6.697
91.020
6.684
10.545
7.610
10.358
5.406
4.885
9.297
10.360
2.491
0.000
0.000
9.659
0.983
10.648
9.807
16.981
14.370
16.516
10.442
1.208
10.195
13.966
13.417
18.481
11.000
9.780
2.168
1.169
0.886
4.746
10.746
7.375
0.546
12.609
1.734
7.157
3.238
0.000
5.542
3.319
5.451
2.458
0.000
0.122
0.010
0.000
0.000
1.172
0.000
0.000
2.901
7.871
3.856
3.744
0.010
0.000
0.000
4.027
2.101
2.292
1.191
1.672
0.000
0.000
0.000
0.000
0.086
1.001
6.123
8.338
3.243
21.882
0.424
0.055
0.000
3.169
0.000
0.000
0.000
2.424
0.000
0.098
0.000
0.003
3.370
0.360
8.288
0.000
0.706
0.000
0.000
0.000
0.000
0.000
0.000
0.000
0.000
0.809
0.000
0.000
0.000
0.000
0.000
0.000
0.000
0.000
1.763
0.621
0.000
0.000
0.000
0.000
0.000
0.000
0.000
0.000
0.000
0.000
0.000
0.000
0.000
0.000
0.000
0.000
0.000
0.000
0.000
0.000
0.000
0.000
0.000
0.000
0.000
0.000
0.000
0.000
0.000
0.000
0.000
0.000
0.000
0.000
0.000
0.000
0.000
0.326
9.057
0.312
0.000
0.000
0.000
0.000
0.000
0.000
0.000
0.000
0.000
0.000
0.000
0.000
0.000
0.000
0.000
0.000
0.000
0.000
0.070
0.000
0.000
0.000
0.000
0.000
0.000
0.000
0.000
0.457
0.000
0.000
0.000
0.000
0.000
0.000
0.000
0.000
0.000
0.498
0.014
0.706
0.000
0.000
2.120
0.000
0.007
1.131
0.175
0.082
0.000
1.088
0.000
0.000
0.000
0.000
0.156
0.165
0.161
0.000
0.000
0.003
0.000
0.000
0.268
0.093
0.000
4.237
7.751
1.015
0.345
0.000
0.000
0.912
1.554
0.041
0.100
0.802
2.213
0.295
0.000
0.000
0.714
0.000
2.587
0.000
0.070
0.285
0.014
0.000
0.963
0.079
2.269
0.000
0.309
9.405
0.237
4.817
1.459
10.157
9.026
0.034
0.010
4.340
1.545
0.069
0.000
9.091
1.281
0.601
0.000
0.000
11.096
0.110
11.295
9.165
0.127
5.742
0.000
0.000
0.573
2.221
2.101
0.082
1.248
12.483
15.034
59.542
7.847
0.100
18.584
8.286
0.000
5.378
6.079
10.404
11.871
12.234
3.893
11.544
3.359
9.930
8.207
19.719
6.724
6.635
9.685
12.461
3.414
20.378
5.397
0.072
0.000
0.292
0.638
8.380
18.782
1.464
11.907
5.315
6.657
5.594
0.410
0.000
9.462
8.691
2.621
1.411
0.000
0.000
0.000
0.000
0.000
12.772
20.841
1.691
0.299
1.626
0.447
3.943
9.071
10.662
4.188
8.490
4.126
7.169
2.474
4.201
1.955
2.165
0.917
0.017
7.012
15.062
5.716
4.372
10.480
25.065
13.615
6.952
7.163
6.302
7.009
22.177
4.403
3.613
2.829
6.127
2.783
0.421
0.419
9.338
9.900
3.601
0.000
6.523
8.245
7.385
16.922
11.386
5.407
17.592
2.618
7.850
12.895
5.122
0.055
2.618
13.874
3.854
14.958
1.348
7.986
19.224
19.266
2.020
4.297
4.472
0.055
16.752
13.956
1.248
12.816
10.502
0.156
1.598
1.892
1.998
0.790
0.000
0.000
2.132
5.476
3.135
1.270
6.042
5.339
1.950
3.845
6.533
19.751
4.326
0.316
8.861
6.581
12.813
9.812
1.940
3.241
2.613
2.046
6.973
6.176
2.826
10.025
12.857
5.047
0.261
7.364
0.000
0.690
1.063
3.296
2.280
0.062
0.000
0.000
0.000
0.000
1.967
0.278
4.218
0.000
0.000
0.000
3.416
8.549
5.510
3.828
3.516
0.000
0.000
0.000
0.003
0.165
0.000
3.316
3.411
3.468
0.275
1.023
0.000
0.381
0.000
0.106
0.027
1.686
0.000
4.504
0.357
0.000
0.000
0.000
0.000
0.000
0.000
0.000
2.307
0.000
0.000
0.000
0.000
0.000
0.000
0.000
0.000
0.000
0.000
0.000
0.000
0.000
0.000
0.000
0.450
0.000
0.790
0.014
0.000
0.000
0.000
0.000
0.000
0.000
0.000
0.000
0.000
0.000
0.000
0.000
0.000
0.000
0.000
0.000
1.941
0.007
0.014
0.027
0.000
0.000
0.000
0.000
0.000
0.000
0.000
0.000
0.000
0.000
0.000
0.000
0.000
0.000
0.000
0.000
0.000
0.000
0.007
0.153
0.000
0.000
0.000
2.019
0.000
0.000
0.000
0.000
0.000
0.000
0.000
0.000
3.766
2.156
3.109
0.000
0.000
0.000
0.000
0.000
0.000
0.000
0.249
0.666
0.882
0.385
0.132
0.144
0.427
3.804
0.046
0.381
0.000
0.051
0.000
0.000
0.000
0.000
0.000
0.000
0.000
0.405
0.031
0.848
0.000
0.031
3.227
0.000
0.000
0.000
1.346
0.146
6.071
0.017
0.508
1.825
1.143
0.759
2.391
0.615
0.292
3.916
3.888
0.182
1.660
8.475
0.003
3.744
0.367
0.570
4.721
6.832
13.015
5.649
6.987
8.501
3.753
0.089
0.972
7.141
0.000
0.000
0.000
5.267
4.594
4.408
3.001
0.752
0.426
0.000
4.346
0.000
0.000
1.627
16.989
0.821
16.116
0.000
0.000
0.000
0.000
1.258
2.108
0.007
0.772
0.151
0.484
0.216
0.000
4.037
5.455
0.024
0.000
0.000
13.139
11.460
0.271
0.096
3.756
6.499
11.834
48.683
1.044
13.263
4.669
8.023
14.337
10.701
1.408
0.996
10.588
14.293
0.055
0.093
0.385
0.779
0.014
1.802
0.062
0.000
2.819
0.000
0.000
0.000
0.216
11.922
0.082
8.671
7.484
0.017
0.000
0.900
5.273
0.079
0.027
6.362
0.759
2.654
3.265
43.053
14.849
0.233
3.378
11.082
10.866
1.885
3.773
11.333
16.064
11.525
1.727
0.110
6.053
9.247
6.358
14.335
10.432
13.043
0.252
7.270
20.036
8.597
9.984
12.923
13.894
4.906
3.416
2.190
1.638
0.000
0.175
8.652
4.745
4.290
8.319
19.813
1.854
0.989
3.383
3.722
15.353
31.366
6.568
11.604
5.697
0.824
7.859
0.755
7.551
1.243
1.425
15.738
10.966
14.121
2.316
4.209
0.903
0.000
0.000
0.000
0.556
1.181
4.285
12.301
1.576
0.903
3.509
0.556
11.446
7.121
19.961
31.052
1.243
6.660
7.448
6.915
3.914
0.065
0.000
0.000
0.000
0.038
0.000
0.467
17.406
125.536
2.455
7.543
0.841
1.466
4.539
3.440
2.214
0.010
9.132
9.416
7.666
3.488
5.577
0.000
8.605
2.439
0.000
0.000
0.103
8.550
0.192
0.810
1.571
1.435
0.000
0.000
0.000
0.000
0.000
0.000
0.000
2.256
0.000
0.197
4.635
7.857
5.067
9.158
0.403
0.901
3.557
0.594
2.353
0.062
10.660
0.367
0.000
0.000
1.205
1.092
0.000
0.000
0.000
0.000
0.000
0.000
0.000
0.000
0.000
0.000
0.000
0.000
0.000
0.000
0.000
0.000
0.000
0.024
0.000
0.000
0.000
0.000
0.000
0.000
0.000
0.000
0.000
0.000
0.000
0.000
0.065
0.000
0.000
0.000
0.000
0.000
0.000
0.000
0.000
0.000
0.000
0.000
0.000
0.000
0.000
0.000
0.000
0.000
0.000
0.000
0.000
0.000
0.000
0.000
0.000
0.000
0.055
1.016
2.489
6.709
9.211
0.062
0.000
0.000
0.000
0.000
0.000
0.000
0.000
0.000
0.000
0.000
0.000
0.000
0.000
8.964
1.658
0.000
0.000
0.000
0.000
0.000
0.000
0.000
0.000
0.000
0.074
0.000
0.000
0.000
0.000
0.252
0.544
0.000
0.000
0.000
0.000
0.000
0.000
0.000
0.000
0.000
0.373
1.130
0.673
0.252
0.112
0.220
5.503
25.907
0.000
3.928
0.000
0.000
0.000
14.590
3.890
12.480
2.048
6.959
0.841
1.627
0.000
4.556
0.570
0.000
0.000
0.000
0.000
0.000
0.000
0.000
0.000
0.000
0.000
0.000
0.000
0.402
0.051
0.378
17.310
0.000
6.660
26.982
12.206
20.819
0.103
0.000
6.000
8.790
0.549
0.000
0.000
1.677
3.050
0.489
14.608
18.974
5.952
5.158
0.000
0.000
1.519
13.436
0.000
0.000
8.262
0.544
10.839
7.327
0.082
0.548
3.929
0.728
17.872
0.113
5.885
1.749
1.959
8.897
0.239
0.038
2.450
0.508
12.476
49.732
1.891
0.062
0.010
10.408
5.630
0.285
5.778
0.000
0.284
0.000
6.048
0.031
0.031
2.246
0.000
0.000
14.773
13.276
5.977
5.168
4.188
2.977
3.596
2.482
8.084
5.921
2.020
3.648
3.100
14.804
19.314
11.599
6.770
15.427
0.702
0.141
2.154
1.991
14.869
0.565
4.995
15.685
4.540
1.037
0.003
0.546
0.000
0.055
7.428
6.885
2.898
0.014
6.036
2.493
10.938
6.863
8.415
19.896
1.777
17.688
0.422
0.374
0.446
0.395
9.318
13.771
9.671
10.276
24.901
20.431
0.316
0.189
0.000
0.000
0.000
3.766
4.976
0.755
6.485
2.714
2.113
0.000
4.307
11.057
6.333
4.001
3.748
7.318
9.927
2.662
1.065
8.834
15.365
7.043
12.191
10.411
0.300
3.963
5.775
10.252
5.438
4.570
7.709
1.972
1.507
5.912
8.839
2.529
10.888
2.226
10.262
2.125
4.683
10.360
13.261
2.355
5.770
17.689
13.735
4.885
4.276
4.168
7.023
10.856
5.503
5.582
6.211
2.848
9.396
6.053
5.299
3.176
5.254
8.937
2.166
0.180
1.545
0.000
0.318
3.514
9.816
0.671
5.229
11.410
2.149
0.536
0.488
0.769
0.000
0.000
0.000
0.000
0.007
2.407
0.601
0.055
0.000
0.024
0.282
0.113
0.041
1.929
0.501
3.059
0.354
1.365
0.282
0.014
0.010
0.000
3.684
0.385
0.007
0.003
0.000
0.000
1.085
1.566
0.386
2.263
2.275
0.000
0.694
0.058
0.000
0.000
0.000
0.000
0.000
0.000
0.000
0.712
2.949
0.000
1.516
0.000
0.000
0.000
0.000
0.000
0.000
0.000
1.907
0.000
0.000
0.000
0.000
0.000
0.000
0.000
0.000
2.968
0.000
0.000
0.000
4.546
1.200
0.860
0.000
0.000
0.000
0.000
0.000
0.000
0.000
0.000
0.000
0.000
0.000
0.000
0.000
0.000
0.000
0.000
0.000
0.000
0.000
0.221
0.244
0.000
0.000
0.000
0.000
0.000
0.000
0.000
0.017
0.277
0.360
0.618
0.000
0.000
0.034
0.031
0.007
0.000
0.000
0.520
0.000
0.584
0.051
0.621
0.000
0.000
0.000
0.883
0.000
0.139
0.000
0.000
2.367
0.467
0.000
0.000
0.000
0.000
0.000
0.000
0.027
0.007
0.000
0.000
0.247
0.000
0.000
0.000
0.206
0.000
0.003
0.000
0.000
0.249
11.997
3.205
0.000
11.306
4.757
1.109
0.000
0.000
0.000
4.626
7.457
14.020
13.230
4.872
4.074
6.654
0.000
0.000
0.000
1.408
6.496
0.137
0.000
0.000
0.192
0.089
0.000
1.368
10.786
0.000
1.370
20.562
4.117
6.872
0.189
1.327
8.065
28.990
1.147
0.000
0.000
0.000
4.273
4.009
4.645
11.942
7.480
4.446
13.261
1.578
2.776
14.330
3.129
0.237
0.587
12.061
8.557
0.000
0.749
0.429
13.740
5.159
6.975
2.964
7.938
0.021
11.726
0.168
2.668
0.000
1.881
12.831
4.499
5.328
5.860
3.498
11.755
0.000
3.856
8.457
14.011
6.580
0.411
4.297
10.449
2.954
13.299
7.304
5.557
0.608
7.000
1.514
2.097
14.095
17.101
23.483
14.536
0.177
0.062
15.786
1.473
1.205
5.866
4.255
6.870
0.268
0.809
0.041
14.203
44.313
10.760
0.000
2.115
0.076
1.645
8.796
0.000
0.175
13.757
2.314
0.000
12.003
1.837
7.713
35.156
4.566
0.021
0.000
0.003
4.583
3.382
16.919
30.391
15.206
3.183
4.432
13.815
6.822
16.280
15.879
21.389
0.079
3.423
7.714
7.059
1.645
13.599
3.919
14.227
1.751
9.388
10.784
19.769
9.388
4.281
1.730
0.635
0.130
4.885
7.371
2.609
5.579
15.443
12.930
0.268
12.892
4.734
9.067
1.370
2.956
26.463
0.096
5.328
4.844
15.865
59.851
0.724
0.937
16.356
14.334
0.360
16.330
13.091
16.437
0.719
10.513
96.110
0.863
0.000
2.106
6.353
10.550
0.518
0.209
12.766
0.105
0.000
0.000
0.809
0.043
3.102
4.075
5.653
7.232
8.317
7.079
15.812
28.633
47.945
0.141
0.000
0.038
0.048
0.000
0.000
0.000
0.000
1.785
0.182
11.546
1.979
0.215
1.313
2.842
0.206
0.000
0.000
1.638
0.000
0.000
0.000
0.069
3.329
3.164
10.725
2.772
0.000
6.860
1.781
1.050
0.143
3.078
1.760
0.328
0.000
0.000
0.584
1.663
0.000
0.000
0.000
0.000
0.000
0.000
2.851
0.000
0.000
0.051
0.000
0.000
0.000
0.000
0.148
0.000
0.498
0.000
0.000
0.000
0.000
0.000
0.000
2.054
9.869
0.000
0.000
0.000
0.000
0.000
0.206
0.038
0.000
0.000
0.000
0.000
0.000
0.000
0.000
0.000
0.000
0.000
7.181
0.961
0.089
0.000
0.000
0.000
0.000
0.000
0.000
0.000
0.000
0.000
0.000
0.000
0.000
0.000
0.000
0.000
0.000
0.000
0.000
0.000
0.000
0.000
0.000
0.000
0.000
0.000
0.000
0.000
0.000
0.000
0.027
0.522
0.220
0.000
0.000
0.000
0.000
0.000
0.000
0.000
0.000
0.000
0.000
0.000
0.014
0.000
0.000
0.000
0.000
0.034
1.513
0.276
0.069
0.000
0.000
0.659
0.000
0.000
0.000
0.000
0.000
0.000
0.000
0.000
0.000
0.000
0.000
0.000
0.522
0.549
0.058
0.000
0.000
0.278
0.589
0.858
0.000
0.000
0.000
0.542
0.048
0.343
0.024
0.051
0.668
0.000
1.988
2.668
3.567
0.199
3.179
22.409
0.755
0.282
0.000
0.000
0.000
5.964
3.038
0.302
36.732
0.134
0.000
2.161
1.799
0.000
0.000
0.096
0.776
0.179
0.091
3.308
19.695
0.385
0.034
4.697
10.722
0.694
1.597
0.014
0.000
14.299
16.857
11.867
15.048
8.260
7.505
16.830
8.846
21.435
4.607
6.542
2.074
0.000
2.848
26.553
16.970
16.116
4.405
0.357
0.288
8.353
7.172
7.405
2.245
7.423
0.103
2.723
2.228
2.311
10.176
8.892
6.533
6.319
11.968
17.815
3.270
4.082
11.594
12.778
6.672
11.973
19.971
7.244
3.950
0.055
1.739
6.791
12.609
5.891
13.043
0.000
0.017
1.620
0.975
0.386
6.932
22.234
42.057
16.888
6.008
3.952
8.865
6.245
5.339
4.235
7.333
5.268
8.387
11.570
5.165
16.304
9.630
5.212
8.847
8.792
5.589
13.893
3.184
11.170
14.161
3.553
13.868
3.441
7.108
7.163
41.268
25.182
0.500
14.765
11.967
21.351
0.073
3.274
24.359
13.947
16.501
17.599
0.343
0.277
12.639
11.281
6.131
11.873
20.949
4.398
10.078
2.819
17.561
0.481
3.495
4.518
5.600
0.117
13.870
15.807
0.103
8.377
9.661
9.148
13.304
3.313
9.047
4.913
8.578
25.368
10.866
1.528
0.316
3.529
12.531
8.689
9.840
17.060
4.165
14.080
14.392
12.750
9.266
12.320
23.767
7.699
9.524
14.409
5.398
4.193
16.038
13.656
3.012
9.905
7.670
9.283
0.645
0.031
0.000
0.048
2.324
4.065
2.280
0.426
3.761
2.693
0.000
0.000
0.000
0.072
0.014
0.000
0.000
0.000
0.000
0.000
0.000
0.000
0.000
0.000
0.000
0.000
0.000
0.000
0.000
0.000
0.000
0.000
0.000
3.214
2.254
1.664
1.060
0.055
0.000
0.000
0.000
0.000
0.065
0.000
0.307
2.712
2.125
0.000
0.000
6.715
4.151
4.209
0.865
0.000
1.888
1.926
0.388
0.079
0.065
0.000
0.000
0.000
0.000
0.000
0.000
1.210
0.000
1.396
0.000
0.000
0.000
0.051
0.014
0.000
0.000
0.000
0.000
0.000
0.000
0.000
0.000
0.000
0.000
0.000
0.000
0.000
0.000
0.000
0.000
0.000
0.000
0.000
0.000
0.000
0.000
0.000
0.000
0.000
0.000
4.341
0.000
0.000
0.000
0.000
0.000
0.000
0.000
0.000
0.000
0.000
0.000
0.000
0.000
0.007
0.000
0.000
0.000
0.000
0.000
0.000
0.000
0.000
4.719
0.556
0.000
0.000
0.000
0.000
0.000
0.000
0.000
0.000
0.070
0.168
2.558
0.000
4.187
1.504
0.074
0.000
0.147
0.000
0.000
0.000
0.000
0.251
1.953
0.676
0.000
0.010
0.165
0.000
0.000
0.208
0.007
0.889
0.000
0.414
0.000
4.542
3.983
0.147
0.000
0.007
0.137
0.100
0.000
0.093
8.130
2.247
4.690
0.000
1.799
0.488
9.768
0.017
0.000
11.400
18.694
13.977
16.404
1.387
13.553
3.655
20.716
3.215
15.166
1.784
2.769
0.000
0.000
0.000
1.284
2.138
0.010
4.964
0.463
1.056
0.311
20.340
9.103
8.758
0.227
7.045
13.992
1.983
0.000
16.800
3.876
0.000
0.000
0.000
0.000
0.000
11.970
1.729
0.000
1.768
1.451
2.757
13.877
17.113
14.348
12.224
11.096
6.769
5.955
20.332
9.919
12.421
5.771
16.548
17.587
2.180
2.865
0.738
6.781
7.546
10.444
14.317
5.122
2.036
100.561
1.231
7.532
1.675
11.045
6.712
14.438
1.624
1.174
10.825
0.089
0.958
9.836
98.650
0.621
12.957
4.875
5.689
11.991
0.189
0.245
0.000
2.359
0.736
7.179
6.670
8.072
7.361
3.152
7.105
14.553
17.503
16.207
15.638
0.129
20.761
1.366
14.107
3.226
7.042
2.697
9.888
2.113
2.226
0.069
9.571
0.000
0.000
7.982
0.788
21.631
0.532
1.247
0.000
0.062
13.232
11.455
6.800
1.483
9.141
2.086
9.544
8.789
13.716
23.880
0.139
14.979
105.610
7.356
0.397
11.618
23.976
18.653
46.470
0.747
2.151
10.691
16.728
6.173
12.766
10.499
20.872
53.934
8.470
15.168
10.145
10.511
16.334
10.882
5.100
2.008
14.150
23.170
6.643
14.996
0.000
0.309
6.797
8.341
1.157
0.357
9.481
13.450
20.086
14.682
9.060
9.868
1.905
0.747
0.592
8.024
12.661
10.790
10.238
10.605
7.863
0.587
0.597
7.963
6.758
0.983
9.407
2.161
5.720
3.312
5.746
3.489
2.095
2.967
8.481
4.674
3.428
6.376
31.433
0.024
0.000
0.000
2.911
1.246
12.710
2.647
1.596
1.723
2.774
5.366
12.667
0.000
0.000
0.000
0.000
0.000
0.000
2.417
0.316
1.287
2.771
0.515
0.675
2.767
12.974
7.611
0.000
0.000
0.000
0.000
0.120
1.023
0.000
0.000
0.000
2.736
0.065
0.000
0.000
0.000
0.000
0.000
0.000
0.000
0.000
0.000
0.000
0.000
0.000
0.000
0.415
0.000
0.000
0.000
0.000
0.000
0.000
0.000
0.000
0.000
0.000
0.000
0.000
0.000
0.000
0.000
0.000
3.967
0.000
0.256
0.000
0.000
2.352
0.000
0.000
0.000
0.000
1.722
2.321
1.119
0.350
1.473
0.000
0.000
0.000
0.194
0.736
1.387
4.067
0.000
0.000
0.000
0.000
0.000
0.000
0.000
0.000
0.000
0.000
0.000
0.000
0.000
0.000
0.000
1.051
0.000
0.000
0.000
0.000
0.100
0.000
0.000
0.000
0.000
0.000
0.000
0.000
0.000
0.003
0.050
3.459
0.062
1.473
0.000
0.000
0.000
0.000
0.000
0.000
0.702
1.063
1.600
0.299
0.000
0.000
0.000
0.838
0.000
0.565
0.299
0.251
0.000
0.364
0.877
0.000
1.861
0.105
0.000
0.000
0.000
0.000
0.000
0.021
1.437
0.000
0.000
0.000
0.000
0.086
0.165
0.405
0.628
1.123
1.198
0.158
9.139
0.127
5.593
8.806
28.503
4.264
5.615
5.363
3.292
0.045
5.768
1.504
1.531
9.163
2.348
12.964
15.007
9.486
4.250
4.243
0.000
0.000
12.341
4.310
11.585
1.602
5.140
24.838
9.167
0.000
8.453
11.438
8.265
0.156
9.150
48.896
0.336
1.445
3.170
2.135
1.246
9.192
15.571
2.008
9.014
9.208
4.185
8.123
2.826
6.248
2.032
0.966
10.361
7.196
15.406
8.873
1.219
0.501
0.000
13.932
17.219
20.216
1.063
9.795
5.527
21.995
15.683
22.749
11.831
17.398
5.637
0.525
5.361
4.489
5.989
8.829
5.050
22.666
7.148
9.021
10.178
10.883
28.506
26.415
3.989
0.357
0.510
8.394
5.110
3.763
7.347
8.315
18.086
19.635
14.193
21.513
47.536
3.959
7.733
12.140
10.825
20.766
4.144
7.577
8.908
15.504
1.823
13.184
0.386
16.069
18.780
25.457
2.153
13.525
14.015
5.660
1.840
4.972
4.317
8.476
2.111
4.033
9.726
14.984
29.480
1.906
4.096
6.058
9.630
13.486
13.238
2.077
5.784
10.240
9.488
9.206
6.667
1.132
2.518
0.334
4.119
8.624
0.460
4.611
6.930
6.693
9.319
13.630
23.039
10.485
37.622
62.408
2.530
4.693
1.478
61.716
0.553
3.085
5.157
24.510
31.721
12.188
13.951
21.722
7.472
17.372
21.265
10.322
17.709
13.383
14.632
17.326
14.574
8.677
56.755
32.885
0.427
0.000
0.017
7.297
4.056
3.922
28.611
8.683
4.068
7.138
11.658
16.999
0.800
0.769
0.335
3.073
4.156
13.635
0.625
6.837
6.451
12.482
15.178
7.630
6.152
5.939
0.790
0.505
0.508
0.000
0.000
0.000
0.000
0.000
5.938
4.128
16.698
13.465
1.444
0.776
0.137
0.175
0.000
0.000
5.929
0.663
5.617
4.940
0.769
0.360
3.157
2.486
3.897
7.399
10.149
0.690
8.696
1.020
0.007
0.000
0.000
0.000
0.000
0.000
0.000
0.000
1.964
10.248
1.047
3.111
2.671
3.265
0.000
1.188
0.000
0.000
0.000
0.000
0.240
4.906
0.000
0.000
0.000
0.000
0.000
0.010
0.000
0.000
0.000
0.000
0.000
0.000
0.000
0.000
0.000
0.000
0.771
1.284
0.000
0.000
0.000
0.000
0.000
0.000
0.000
0.000
0.000
0.000
0.000
2.489
0.445
0.014
9.454
0.000
0.000
0.000
0.000
0.319
0.554
0.665
0.266
1.238
12.147
0.000
1.442
0.000
1.449
2.065
0.000
0.000
0.000
0.000
0.000
0.486
0.000
0.000
0.000
0.137
0.860
0.937
0.268
0.000
0.000
0.000
0.000
0.000
0.000
1.379
0.000
0.000
0.000
0.000
6.842
2.002
11.038
37.027
0.429
0.000
0.000
0.951
0.000
0.048
0.000
0.000
0.000
0.000
0.000
0.000
0.000
3.979
54.866
0.000
0.000
0.000
0.292
3.117
0.000
0.000
0.000
0.621
0.000
0.000
0.000
0.000
10.178
57.199
1.013
0.000
0.000
0.017
1.536
0.838
12.094
0.000
0.000
1.236
0.647
17.219
7.273
1.444
6.421
7.618
0.000
5.751
4.434
16.819
26.633
6.243
6.444
0.584
12.336
13.227
8.635
5.692
5.378
0.000
2.077
8.109
8.017
0.000
1.428
0.450
12.867
11.137
3.272
22.682
17.528
2.463
0.704
0.433
0.306
0.070
5.833
19.962
3.162
5.059
3.603
9.579
4.811
12.878
16.069
24.132
39.175
11.197
1.088
0.069
0.704
0.875
1.270
9.575
4.861
9.912
29.107
2.922
18.430
9.589
1.294
1.864
7.114
15.398
4.089
2.970
11.865
5.102
1.274
3.035
12.542
8.468
23.300
4.793
21.221
4.158
8.865
14.136
23.389
9.215
0.410
0.014
12.324
10.873
20.287
11.640
24.506
19.949
11.448
2.710
6.137
6.051
10.003
11.692
1.710
8.279
5.273
0.000
1.396
1.071
16.397
5.390
15.482
2.266
12.957
13.482
26.364
16.157
8.971
14.447
4.391
13.448
4.336
1.816
10.168
20.369
14.430
14.780
1.229
2.153
1.023
19.449
9.479
6.787
6.339
9.476
4.819
7.594
6.969
3.849
12.195
6.245
0.803
0.041
2.784
18.680
9.774
11.191
20.237
13.208
2.057
7.498
5.933
2.808
8.985
16.885
15.810
2.280
1.253
19.872
11.652
10.573
15.837
51.426
11.852
23.882
7.357
3.650
10.547
15.120
10.396
15.644
15.087
10.293
7.472
0.021
2.918
0.812
2.256
3.646
5.747
8.437
10.497
48.230
61.798
6.482
8.140
1.040
5.804
21.410
4.367
0.364
1.861
7.642
23.940
21.643
92.872
9.163
1.102
7.158
11.632
0.659
2.348
1.157
1.353
8.926
1.404
0.014
0.000
0.089
11.014
10.864
11.786
0.467
0.220
3.169
3.287
3.866
0.484
6.527
21.169
2.585
7.059
6.365
6.008
3.032
2.527
2.280
12.754
1.329
0.652
9.050
8.310
5.416
5.596
1.308
0.960
1.844
0.975
0.031
0.000
0.000
0.000
0.000
0.000
2.744
5.116
8.049
0.244
0.000
0.000
0.000
4.942
0.869
1.538
0.021
2.980
0.000
0.994
5.668
29.507
7.236
0.274
0.093
0.000
0.000
0.000
1.691
3.047
6.161
4.229
5.521
3.919
3.095
1.289
2.525
0.000
2.527
2.262
0.000
0.491
0.000
0.000
0.000
0.000
0.000
0.000
0.000
1.526
0.687
1.454
0.433
0.000
0.295
0.000
0.000
0.000
0.014
0.000
3.183
1.186
0.000
0.000
0.000
0.000
0.000
0.000
0.000
0.000
0.000
0.000
0.000
0.000
0.000
0.000
0.000
0.000
1.263
3.043
0.096
0.000
0.000
2.098
3.069
1.778
0.000
0.000
0.000
1.561
0.069
0.041
4.535
0.000
0.000
0.000
0.000
0.000
0.000
0.206
0.000
0.000
0.000
0.017
1.978
1.473
0.512
0.549
0.000
6.856
19.837
6.362
9.771
13.232
0.000
0.000
0.021
10.705
9.383
0.117
0.000
0.089
0.010
3.835
0.137
0.920
7.409
10.835
0.824
2.971
0.000
1.833
19.782
1.130
11.203
6.266
4.827
8.281
0.257
0.000
10.066
1.399
18.948
9.431
7.512
5.857
5.747
15.659
2.527
0.000
0.082
0.096
1.346
9.650
16.803
80.257
237.804
7.708
8.568
9.114
0.117
3.136
11.609
2.898
0.076
8.341
3.512
4.891
11.146
0.118
0.024
6.993
43.786
20.167
1.074
0.476
5.993
12.660
12.586
2.746
1.373
14.358
14.886
2.506
4.213
11.072
1.310
6.293
25.911
4.528
3.571
4.944
4.415
9.737
4.140
2.726
4.237
11.160
18.000
4.964
3.268
11.515
15.003
13.805
31.829
6.303
13.956
3.797
6.516
6.327
2.448
2.281
1.308
2.510
10.173
4.817
19.068
1.452
0.031
5.970
12.909
11.441
4.822
18.509
0.834
6.576
1.377
8.720
2.843
11.520
9.558
4.884
6.358
18.548
16.050
13.264
18.364
0.457
5.414
3.526
8.490
2.036
7.285
12.609
8.247
5.909
13.369
21.614
8.822
7.345
6.181
5.028
2.885
6.862
0.557
10.631
0.942
17.185
14.317
5.612
8.811
11.666
2.941
14.567
15.127
13.707
10.425
11.973
5.952
33.894
7.771
1.013
3.562
13.438
12.742
13.376
6.025
2.918
0.812
11.776
3.088
19.044
16.153
12.198
29.464
6.408
14.028
19.048
10.822
9.860
5.133
8.058
1.160
6.535
19.662
32.920
5.249
0.635
17.503
8.023
32.863
8.998
10.610
8.876
9.517
15.774
2.077
0.062
0.000
0.000
0.000
0.000
0.000
0.000
0.000
4.024
3.694
0.000
1.708
2.297
0.954
0.543
4.055
7.139
0.891
11.240
2.520
7.194
11.216
7.359
5.565
0.441
0.000
0.000
2.647
10.743
2.132
4.189
0.304
9.661
1.978
0.000
0.000
0.000
0.000
0.000
0.000
0.000
0.000
9.826
1.559
0.000
0.000
0.000
0.357
1.723
9.474
1.054
5.267
0.209
0.000
2.443
6.606
0.000
2.075
0.000
0.000
1.804
0.007
0.000
0.000
0.000
0.000
0.000
0.000
0.000
0.000
0.000
0.096
0.000
0.000
1.504
0.936
0.000
0.000
0.000
0.000
0.000
0.000
0.000
0.000
0.000
0.000
0.000
0.000
0.000
0.000
0.000
0.000
0.843
4.326
6.798
1.123
0.000
0.000
1.363
0.591
0.010
1.363
0.347
1.018
0.000
0.000
0.000
0.000
0.000
0.000
0.000
0.058
0.000
0.000
0.000
0.000
0.000
0.000
0.000
0.000
0.000
0.000
0.000
0.000
0.000
0.000
0.000
0.000
0.000
0.000
0.000
0.000
0.000
0.000
0.000
0.000
0.024
0.000
0.000
0.000
0.000
0.000
0.000
0.000
0.577
0.000
5.363
2.365
7.728
7.589
0.251
6.822
0.268
0.000
0.000
0.000
0.000
0.000
0.000
0.415
0.168
0.223
0.553
0.000
0.000
0.027
0.000
0.000
0.000
0.062
0.000
0.000
1.988
0.508
0.000
0.000
0.000
0.769
0.000
5.162
5.708
0.093
0.000
0.000
0.000
5.414
0.000
0.118
0.000
0.134
0.278
0.199
2.711
0.033
1.015
6.211
0.096
3.035
0.385
8.003
19.748
3.838
11.774
9.352
0.000
0.000
8.715
10.274
26.939
2.486
0.041
0.051
0.000
15.791
10.743
0.769
0.594
21.901
5.023
0.014
0.130
0.000
4.978
11.381
19.514
22.141
0.506
0.196
7.735
0.096
6.573
11.127
10.210
7.696
0.415
0.694
22.247
2.832
25.001
29.158
19.604
5.936
7.780
0.364
0.000
0.000
1.519
16.857
3.670
6.595
5.054
4.288
8.102
1.960
0.175
0.000
0.336
16.558
14.971
20.932
11.941
16.577
14.378
10.173
4.800
2.695
8.822
14.928
5.428
1.250
1.037
8.686
4.343
19.975
14.416
7.701
12.099
12.325
6.932
16.102
3.898
0.929
2.431
1.336
27.521
13.263
9.098
0.721
12.236
16.356
10.870
6.030
3.347
3.641
1.027
8.540
19.710
21.418
4.475
40.965
1.962
4.901
20.369
1.746
5.605
28.043
5.843
11.646
22.915
1.590
0.278
3.085
53.739
0.846
42.047
25.354
3.339
13.299
9.867
0.645
3.478
3.734
2.929
0.623
6.060
39.293
10.899
7.651
2.283
0.506
1.167
13.637
8.243
6.750
13.939
1.397
2.968
0.021
4.341
2.105
0.845
7.591
6.446
13.391
7.558
4.932
5.965
25.121
13.232
5.953
10.118
15.906
14.720
35.606
15.772
4.599
5.716
5.675
8.092
23.730
2.161
6.108
2.484
13.412
21.897
25.402
10.940
26.486
10.564
3.505
14.080
11.646
7.579
6.506
20.357
8.065
5.483
13.081
12.363
1.682
9.445
11.508
7.093
6.927
10.373
4.765
6.530
8.367
4.029
7.364
27.740
2.245
0.014
0.000
0.000
0.000
0.687
0.000
3.993
0.206
0.185
5.160
2.390
4.594
0.611
0.000
0.000
0.000
0.000
0.007
10.228
14.196
8.607
0.711
0.179
3.691
0.000
0.000
0.000
0.000
0.000
0.000
0.000
0.000
9.386
1.064
0.003
0.000
0.306
0.003
8.992
4.067
1.301
0.000
0.000
0.124
0.003
0.003
8.758
0.000
0.034
0.000
0.000
0.196
0.000
0.508
0.002
0.000
0.000
0.000
3.354
0.961
1.068
0.551
0.000
0.000
0.000
0.000
0.100
0.000
0.000
0.000
0.002
0.000
0.000
0.000
0.053
2.074
0.453
0.072
0.000
0.000
0.814
0.003
0.000
0.000
0.000
0.000
0.000
0.000
3.533
7.515
6.877
5.071
1.926
0.419
0.000
0.000
0.003
0.000
0.055
0.003
0.000
0.000
0.000
2.747
0.282
0.000
0.000
0.003
0.000
18.270
1.284
0.000
0.000
0.000
0.000
0.261
0.000
0.000
0.076
0.216
38.174
4.017
0.000
0.000
0.003
0.000
1.119
8.322
19.381
10.540
21.197
10.063
0.003
0.051
4.391
0.144
1.938
7.663
30.219
10.145
4.142
0.000
1.370
7.478
6.945
0.000
0.000
5.328
0.848
6.049
10.183
2.662
14.234
8.683
4.494
25.739
25.430
22.604
7.711
8.712
0.831
0.158
4.885
11.876
13.893
0.827
44.991
3.852
1.119
7.337
4.020
0.233
0.529
3.378
21.245
15.189
16.646
3.354
8.998
10.511
3.440
5.284
0.000
0.002
5.754
6.709
16.545
14.461
1.164
0.000
0.000
3.699
12.830
18.814
23.174
4.650
8.350
2.596
17.990
40.296
33.450
9.941
1.655
17.010
10.883
0.360
10.533
0.824
13.350
0.003
2.273
7.043
11.388
12.923
9.359
2.705
8.166
9.069
10.482
4.017
5.134
4.230
2.170
22.774
23.322
7.139
0.192
0.034
19.302
8.398
20.649
15.518
7.773
7.138
0.045
0.000
4.679
3.090
4.961
2.304
8.466
14.063
13.939
3.955
10.763
15.022
2.712
5.392
14.699
34.394
24.754
1.996
5.569
2.534
8.988
23.040
17.343
0.592
5.356
9.460
2.362
17.885
9.846
3.444
0.199
8.971
3.402
17.842
8.895
0.553
19.312
2.386
9.167
9.599
11.687
13.139
65.648
25.255
25.241
24.630
10.658
1.627
6.739
19.214
36.241
4.576
23.425
0.865
86.813
61.129
3.172
28.793
13.458
0.316
1.107
8.034
0.834
3.974
2.968
7.660
146.144
4.753
2.228
5.255
22.107
17.492
2.250
8.636
73.948
14.607
17.842
8.561
4.793
17.939
1.133
0.463
0.869
18.086
3.208
0.884
6.700
6.279
13.719
7.007
9.956
5.400
32.231
32.429
1.377
3.866
1.147
0.000
0.275
2.688
8.284
18.749
35.074
1.617
12.741
0.429
11.151
14.948
20.412
15.638
29.224
8.327
19.914
7.031
12.560
19.830
66.450
25.385
12.878
1.377
0.000
5.867
3.044
9.867
6.667
2.262
5.428
3.601
6.412
19.758
0.347
0.000
0.000
0.000
1.413
0.161
0.000
0.000
0.000
0.002
0.367
12.933
3.995
11.855
5.212
3.131
4.642
11.209
7.797
10.664
10.715
11.060
3.814
12.423
15.223
0.240
1.847
5.181
7.313
0.000
4.189
2.324
2.810
2.105
1.802
3.214
10.811
6.084
0.014
0.000
0.000
0.000
0.288
1.902
0.597
0.000
0.096
5.418
1.456
1.826
0.395
3.838
9.592
3.045
0.409
0.220
4.522
1.641
0.323
3.316
2.015
1.018
0.000
0.003
0.000
0.000
0.002
3.794
0.182
0.000
0.000
0.000
0.000
0.000
0.000
0.000
0.000
0.000
0.000
0.000
0.000
0.000
0.000
0.000
0.003
6.032
0.000
0.000
0.000
0.000
0.000
0.000
0.000
0.000
0.000
0.000
0.000
0.002
0.000
0.000
0.000
0.000
0.000
0.000
15.298
0.000
0.113
0.081
0.003
0.014
8.703
2.822
8.590
0.039
11.700
0.003
3.622
0.347
0.000
0.000
0.002
0.000
0.000
0.398
0.989
4.357
0.065
0.010
0.110
0.237
0.000
6.969
0.031
0.000
0.103
0.000
0.100
0.000
0.000
2.036
3.536
1.373
0.599
3.419
23.734
0.127
0.027
10.420
23.785
0.000
0.302
0.845
0.024
0.000
0.000
0.000
18.004
14.212
14.121
17.080
14.093
8.597
5.521
1.476
0.010
0.000
0.000
3.550
13.699
8.614
8.600
6.616
6.499
3.347
3.353
0.850
16.177
14.219
4.480
10.945
29.206
3.941
0.137
5.845
3.917
0.508
4.161
10.380
72.190
19.187
27.119
4.290
0.026
3.936
27.792
10.602
1.027
10.770
13.517
14.771
14.138
14.732
8.013
14.521
24.414
4.441
3.097
15.539
70.676
2.831
0.985
3.900
5.469
10.895
1.349
27.637
7.320
14.969
6.606
1.761
16.219
17.358
8.216
7.560
6.715
15.278
1.938
16.277
11.041
25.639
16.510
3.155
12.696
7.117
25.142
12.651
1.253
3.464
15.994
13.003
13.081
9.429
31.562
2.235
15.113
11.706
9.616
40.534
1.809
14.467
5.474
6.454
1.421
9.992
13.937
19.303
2.367
13.591
9.714
2.419
16.213
6.918
2.800
1.981
23.471
5.675
13.728
10.125
2.851
0.887
12.131
7.457
0.041
3.560
18.217
21.117
13.153
35.364
26.024
40.358
19.140
24.029
33.838
17.094
24.563
13.925
16.902
8.037
119.490
13.922
3.708
8.744
9.682
9.668
4.027
19.415
4.473
53.960
24.615
12.318
10.998
7.759
20.249
12.500
16.727
6.183
15.573
18.481
94.863
6.815
20.742
5.404
1.054
1.799
10.258
2.693
6.964
11.742
26.760
11.930
1.219
1.274
17.173
12.663
4.631
9.364
1.442
7.807
16.215
16.960
90.208
0.031
0.007
0.230
12.624
1.954
7.931
2.939
14.090
10.260
5.050
8.871
18.045
27.164
0.350
2.530
22.706
3.497
18.773
0.161
0.000
0.000
0.000
0.000
0.000
0.000
0.000
0.000
0.000
0.000
0.000
0.026
3.145
1.023
2.026
10.966
1.720
6.499
1.739
8.537
0.573
0.000
0.000
0.000
0.069
3.038
12.061
10.035
13.321
2.808
11.426
13.714
0.168
0.280
0.084
0.000
0.000
1.196
10.307
1.020
0.000
2.319
9.057
7.246
6.678
15.460
1.114
4.134
0.013
0.278
1.663
9.601
0.424
0.835
4.556
0.000
2.032
0.204
0.000
0.000
0.000
0.000
2.889
1.090
9.613
2.202
0.000
0.007
0.000
0.863
3.081
3.870
4.111
0.179
6.739
0.707
0.882
1.969
0.000
0.481
3.924
0.755
0.000
0.002
0.003
0.000
0.000
0.000
5.267
0.144
0.000
0.000
0.000
0.000
0.917
0.158
0.000
0.017
0.199
0.209
0.000
0.002
0.000
0.000
0.000
0.000
0.000
0.000
0.154
0.069
0.144
0.027
0.000
0.003
0.000
0.561
4.782
0.000
0.000
0.010
4.165
0.000
0.000
0.000
0.000
0.000
0.012
0.000
2.674
16.229
9.004
0.970
0.051
0.000
0.000
0.000
0.000
0.000
0.002
0.203
0.257
1.402
0.000
0.000
6.479
0.000
2.618
4.916
0.000
7.975
1.607
26.814
64.797
1.948
0.000
3.668
0.003
0.000
0.000
0.000
14.849
20.520
0.000
0.000
0.000
0.007
0.100
6.945
11.544
56.835
0.000
0.000
3.881
0.168
0.106
9.572
2.551
15.031
8.719
17.928
19.823
17.255
29.512
13.101
11.948
0.017
12.796
0.501
4.261
10.217
20.321
14.763
19.223
0.292
16.256
37.376
8.437
18.316
11.906
15.106
24.992
24.879
0.826
0.002
0.000
0.000
0.079
13.862
1.519
2.466
11.819
37.247
5.857
7.155
5.360
15.060
1.006
17.123
18.148
15.419
3.969
0.925
12.093
4.640
5.800
7.747
3.857
2.477
15.437
40.965
27.869
66.460
9.096
0.336
5.140
1.796
7.752
11.948
8.865
0.038
3.579
3.522
6.418
16.298
6.413
1.370
11.891
20.146
26.269
11.996
15.144
6.832
6.327
12.504
2.481
6.551
4.635
0.000
12.593
5.802
4.899
0.934
5.630
13.975
4.973
4.801
9.253
16.912
24.194
13.745
17.070
24.225
7.062
13.578
12.210
17.683
9.606
10.859
22.117
1.912
1.566
16.074
7.699
8.339
18.931
12.691
2.815
9.107
7.534
20.229
11.151
13.390
4.748
1.336
16.485
221.450
7.256
4.901
14.979
15.501
60.545
3.418
14.138
0.117
8.961
11.872
12.284
6.424
7.395
4.738
13.489
10.672
16.380
14.447
0.784
2.872
23.099
8.526
14.818
10.452
8.001
8.856
10.114
0.917
4.975
26.453
19.957
22.309
0.316
8.471
16.764
7.634
38.068
4.015
19.787
9.108
8.374
15.597
5.775
1.373
3.981
48.113
0.000
0.611
6.551
17.458
3.330
1.809
13.247
2.530
37.086
8.068
14.485
89.992
7.938
2.335
1.360
0.048
3.972
1.744
0.194
2.959
17.949
6.362
0.000
0.010
3.941
11.556
7.900
9.743
20.939
11.034
14.941
0.278
0.043
2.074
0.350
9.448
13.390
0.409
3.770
4.099
8.442
1.418
4.470
3.435
21.839
9.222
2.736
0.766
3.653
29.419
10.267
5.172
18.697
12.864
10.473
10.782
0.980
4.796
0.766
1.109
23.607
4.606
0.017
0.000
0.010
0.065
0.000
0.003
2.729
2.874
5.061
3.152
2.407
1.772
1.624
0.096
0.021
1.469
46.263
0.615
1.263
4.154
6.827
1.241
0.021
0.000
0.000
0.100
0.323
0.000
0.000
0.800
1.909
2.026
0.000
2.932
1.869
0.676
0.000
0.000
0.189
0.257
3.488
6.520
4.274
10.389
0.625
0.000
0.000
0.000
0.000
0.000
0.000
0.000
0.000
1.511
11.827
3.732
0.000
0.000
0.000
4.017
0.316
1.655
0.000
6.552
1.890
0.000
0.000
0.529
