19790101
15.707
9.786
3.322
13.202
1.713
1.995
13.824
12.631
2.530
2.029
3.066
0.414
3.536
8.868
0.000
3.703
4.216
2.696
15.722
18.347
5.361
5.368
1.780
3.141
7.859
2.531
4.146
14.274
10.627
18.043
5.895
5.186
14.303
16.055
6.409
0.256
11.120
10.732
7.571
3.544
16.462
5.339
8.992
3.967
11.587
9.340
18.343
11.807
9.927
12.231
2.359
7.201
29.570
0.082
8.001
13.366
15.867
22.093
0.991
9.374
19.226
40.423
19.398
1.854
23.985
9.299
2.750
5.881
3.461
11.910
12.164
3.375
13.469
14.928
13.182
6.942
10.986
28.285
54.145
9.697
0.436
8.288
14.976
32.142
6.863
4.134
2.177
4.494
13.160
10.564
7.567
6.022
7.615
11.094
7.824
14.797
0.412
0.000
0.000
0.000
0.000
2.704
11.972
16.813
10.911
12.785
7.536
5.895
7.735
6.623
15.022
2.695
3.522
0.409
0.076
0.357
0.000
0.000
0.776
7.248
6.839
1.524
2.448
5.764
4.803
9.410
1.263
2.081
13.860
3.547
4.316
5.400
4.528
7.316
12.277
1.104
10.262
0.000
8.556
9.915
3.227
0.350
2.774
0.240
0.000
1.995
1.224
0.161
2.843
11.560
0.268
0.000
0.000
0.000
0.000
0.000
0.027
0.010
0.227
0.391
0.000
0.000
0.000
0.000
4.288
0.069
0.000
0.000
0.000
0.000
0.000
0.000
0.000
0.000
0.000
0.000
0.000
0.000
0.000
0.000
0.000
0.000
0.000
0.000
0.000
0.000
0.000
0.000
0.000
0.000
0.000
0.000
0.000
0.000
0.000
0.000
5.282
0.000
0.000
0.021
8.945
0.000
0.000
0.000
0.115
0.000
0.000
0.000
0.000
0.000
0.000
0.000
0.000
0.000
0.000
0.000
0.000
0.000
0.000
0.064
0.285
0.000
0.000
0.000
0.000
0.000
0.000
0.203
0.000
0.000
0.000
0.000
3.802
0.000
0.076
0.000
0.000
0.000
0.058
0.000
0.379
0.000
0.000
0.000
0.000
0.797
0.350
0.096
0.000
0.000
0.000
0.000
0.542
0.000
0.584
0.000
0.000
0.000
0.000
0.412
5.733
1.241
0.000
0.000
0.000
0.000
0.000
0.227
0.000
0.194
0.597
0.000
0.000
0.731
0.000
0.000
0.000
0.000
0.611
32.636
1.260
2.372
0.446
0.065
0.924
0.120
0.266
88.287
0.556
0.000
0.000
0.000
0.000
0.000
0.000
0.141
0.007
0.196
0.000
2.084
6.691
1.504
3.818
0.046
2.402
1.408
8.688
6.228
13.087
1.258
19.116
77.071
4.235
0.120
0.000
0.311
0.051
6.409
25.196
1.739
2.153
0.000
0.270
3.976
5.028
10.238
15.901
21.937
8.832
49.219
0.000
0.000
0.000
0.000
0.000
0.029
0.712
0.000
0.007
13.419
0.000
0.038
0.000
0.000
0.249
0.086
1.785
15.997
17.935
18.280
0.110
1.158
11.653
17.039
13.170
5.386
4.891
8.526
2.604
0.000
11.568
13.003
3.249
3.119
6.985
27.806
0.196
2.262
0.446
1.188
13.781
2.764
14.759
3.413
7.920
1.840
6.027
18.622
11.730
3.124
12.866
1.576
10.866
3.553
10.094
16.655
25.358
4.669
6.063
9.725
1.176
2.668
4.952
2.623
17.482
13.244
5.411
3.074
9.340
1.960
6.037
15.118
13.115
12.289
3.459
1.066
7.569
0.380
3.836
8.998
0.000
15.250
49.420
14.401
13.485
1.241
5.450
5.406
10.648
3.656
14.809
12.855
0.549
0.000
0.000
0.000
8.238
14.474
5.103
0.069
1.591
25.123
19.396
3.633
6.545
14.409
7.866
1.777
6.875
15.573
9.962
16.871
5.117
4.525
5.399
2.875
5.901
23.789
5.560
10.219
0.939
20.201
3.085
2.264
11.882
2.247
0.309
5.915
15.975
16.425
30.999
6.942
3.948
2.479
5.119
1.184
12.281
2.949
1.552
0.216
2.252
11.398
0.306
2.451
4.333
1.414
0.113
0.007
0.000
1.552
3.584
2.891
5.280
8.202
2.225
11.376
2.596
22.446
0.282
0.000
0.000
0.000
0.711
1.562
1.432
5.400
8.195
4.448
2.814
2.369
3.444
7.059
4.374
9.689
7.601
5.390
4.757
3.837
5.753
0.000
0.000
0.000
0.000
0.000
3.083
0.000
9.273
3.600
4.115
4.976
1.038
0.000
0.000
0.000
0.000
0.000
0.000
0.000
0.000
0.000
6.775
0.038
0.000
0.000
0.472
0.000
0.812
0.000
0.000
0.000
0.000
3.987
2.431
2.290
0.000
0.256
0.000
0.000
1.015
0.000
0.000
0.000
0.000
0.000
0.014
0.083
0.014
0.000
0.000
0.000
0.000
0.000
0.000
0.000
0.000
0.000
0.000
0.000
0.000
0.000
0.000
0.000
0.000
0.000
0.000
0.000
5.397
4.655
0.000
0.000
0.000
0.000
0.000
0.000
0.000
0.007
0.014
0.000
0.000
0.000
0.000
0.000
0.000
0.000
0.000
0.000
0.000
0.000
0.000
0.000
0.000
1.899
0.000
0.007
0.082
0.000
0.000
0.000
0.000
0.000
0.000
0.000
0.374
0.000
0.000
0.000
0.000
0.000
3.660
0.000
0.385
0.000
0.000
0.000
2.892
0.000
0.000
0.000
0.000
0.000
1.531
0.000
0.000
0.000
0.000
0.172
0.000
0.000
0.000
0.106
0.409
0.000
3.289
11.518
0.000
0.003
0.000
0.000
0.000
0.000
0.000
0.051
1.075
0.450
2.630
2.374
0.014
10.664
4.285
1.741
1.045
5.430
4.525
0.110
0.484
3.090
0.000
0.000
3.557
11.743
0.815
0.021
0.000
0.076
0.000
0.000
1.636
0.084
8.159
9.081
0.197
1.638
0.000
1.602
0.031
2.075
2.276
25.593
10.240
1.373
0.750
2.307
3.605
15.149
13.894
3.897
14.775
2.831
6.463
2.081
19.590
14.099
9.407
1.473
0.000
13.156
0.000
5.229
3.255
2.493
0.170
0.000
2.523
0.000
8.396
4.532
5.926
12.930
0.000
0.168
7.828
0.295
0.975
7.423
12.617
11.258
11.900
10.753
15.170
1.037
1.009
2.602
9.091
11.003
11.486
8.600
3.440
15.841
38.157
3.747
0.206
3.176
7.313
9.053
7.986
0.470
8.360
12.502
12.514
4.655
8.298
2.029
0.357
4.709
10.489
7.866
4.532
4.504
5.275
49.747
38.504
6.094
0.185
8.581
61.273
6.890
6.108
3.214
11.239
18.471
3.931
2.704
12.883
21.030
9.792
24.778
29.510
12.406
8.319
17.197
16.023
43.619
2.880
4.247
6.832
6.269
13.685
3.838
6.216
15.983
8.327
3.929
4.310
50.278
49.233
16.570
15.657
13.683
14.287
3.432
2.796
0.084
4.292
0.129
0.475
3.182
19.520
22.244
5.122
7.563
15.954
13.458
0.493
1.947
13.621
6.927
1.675
3.620
10.437
2.506
5.236
4.051
5.129
13.616
46.476
4.910
9.584
16.347
18.804
11.484
5.778
2.091
8.295
6.688
12.518
17.338
4.807
2.479
3.450
0.000
0.000
2.012
0.014
1.473
3.358
7.938
7.998
4.096
2.444
13.396
0.467
0.000
0.000
0.000
6.343
3.838
6.631
7.981
6.691
2.321
2.474
5.694
3.946
11.270
8.461
2.846
3.639
0.203
2.626
14.717
6.348
0.407
0.000
0.000
0.000
0.815
1.262
3.203
6.796
0.724
0.000
0.000
0.000
0.821
2.228
11.546
0.843
1.418
6.465
0.628
0.000
0.000
3.557
3.941
3.842
0.251
1.717
3.773
4.470
0.282
0.000
0.000
0.000
0.000
0.000
0.316
0.000
0.000
0.000
0.000
0.000
0.000
0.000
5.445
0.165
0.007
0.000
0.000
0.000
0.000
0.000
0.000
0.000
0.000
0.000
0.000
0.000
0.000
0.000
0.000
0.000
0.000
0.000
0.000
0.000
0.000
0.000
0.000
0.000
0.000
0.000
0.000
0.000
0.000
0.000
0.000
0.000
3.921
0.000
0.000
0.139
1.178
0.000
0.000
0.000
0.000
0.000
0.000
0.000
0.000
0.000
0.000
0.000
0.000
0.000
0.000
0.000
0.000
0.103
4.151
5.431
0.000
0.762
0.000
0.000
0.000
0.031
0.069
0.494
0.000
0.000
0.000
0.014
0.000
0.014
0.000
24.318
3.591
0.000
0.000
0.000
0.000
0.000
0.000
0.000
2.989
0.000
0.010
0.000
0.000
0.000
0.000
0.000
0.560
0.000
0.000
0.000
0.000
0.000
0.572
0.324
3.304
7.182
0.000
1.629
0.000
0.000
0.429
2.475
3.735
5.160
2.472
0.000
0.000
0.288
0.000
0.000
0.000
0.179
0.000
0.000
0.144
0.000
0.000
0.000
0.000
0.076
0.584
0.014
0.965
0.124
0.982
0.113
0.024
3.794
17.393
6.300
24.336
38.943
13.997
3.989
2.618
1.377
8.806
19.061
0.917
0.007
7.773
16.600
17.654
16.890
4.031
0.003
6.276
12.185
31.553
9.575
24.252
0.920
10.605
2.736
15.285
65.255
19.089
0.000
1.493
6.983
11.440
4.467
6.721
17.477
5.493
3.395
0.889
10.569
2.187
10.650
3.629
21.846
2.877
14.849
4.405
14.138
5.581
8.909
9.067
17.254
13.197
5.315
4.762
5.823
12.360
5.030
11.532
4.110
2.259
8.336
5.764
1.387
15.930
7.739
12.171
4.585
5.637
1.480
1.614
10.004
10.471
6.722
6.104
2.094
12.449
1.723
8.185
9.222
6.990
12.200
3.111
1.056
0.203
1.341
15.101
28.110
23.289
6.401
10.574
14.802
28.134
11.707
13.100
11.022
11.153
2.395
11.251
23.046
5.364
5.107
0.484
8.037
14.959
6.626
12.993
8.411
13.652
24.347
3.377
4.884
17.172
4.470
8.962
4.822
2.280
15.341
4.772
7.947
31.260
1.306
6.537
0.886
14.957
2.060
7.328
1.780
3.174
8.877
3.395
0.994
9.701
7.117
2.211
5.277
14.066
7.614
3.110
2.402
1.313
1.758
1.363
8.216
12.456
14.911
20.369
42.950
16.473
40.483
15.036
8.773
0.704
5.066
17.664
12.733
15.268
37.647
0.589
2.599
7.692
11.405
14.128
3.723
9.002
2.419
9.683
0.072
0.000
0.000
1.073
0.227
0.117
0.000
0.000
0.000
0.000
0.000
4.134
4.209
3.464
5.816
3.574
0.381
7.967
6.894
2.245
5.263
4.377
6.533
0.982
18.191
14.959
52.559
10.677
9.572
0.106
0.000
0.000
0.000
0.000
0.000
0.000
1.888
0.161
5.332
0.975
0.000
0.000
0.000
1.090
12.406
1.923
5.576
0.000
3.179
5.522
7.304
0.220
0.000
0.000
2.699
2.424
4.757
1.275
0.000
0.441
0.000
0.014
0.000
1.620
0.000
0.000
0.000
0.000
0.000
0.000
0.000
0.955
3.455
0.000
0.082
0.010
2.556
9.263
7.011
0.877
0.000
0.000
0.000
0.000
0.000
0.000
0.000
0.000
0.010
3.617
0.000
0.000
0.000
0.129
17.374
0.000
0.000
0.000
3.886
1.260
0.618
0.000
0.000
0.000
9.251
1.062
0.065
0.000
0.000
0.000
0.000
3.945
0.014
2.002
0.130
0.000
0.000
0.000
0.000
0.000
0.000
0.000
0.000
0.000
0.000
0.000
0.000
0.233
0.180
0.000
0.000
0.169
1.131
0.000
0.000
0.000
0.000
0.042
0.000
0.000
0.841
0.127
0.000
1.224
10.081
3.147
5.476
9.244
3.238
3.739
1.126
0.379
8.974
0.014
4.975
7.791
0.000
0.000
0.000
0.000
0.000
0.940
1.775
0.000
0.010
12.167
0.554
1.784
0.831
0.153
1.618
0.000
0.000
0.493
0.024
4.516
9.347
4.503
4.317
0.127
1.632
0.000
0.776
0.367
1.603
0.000
0.000
0.000
0.000
0.000
0.000
6.822
1.902
4.939
4.693
6.475
20.840
4.796
0.000
5.643
8.363
2.620
0.446
3.581
4.182
0.460
0.149
0.276
22.010
3.538
2.506
0.000
0.021
0.000
0.000
0.000
0.213
16.301
1.913
1.385
15.328
8.617
13.280
8.342
7.723
13.336
1.054
0.000
1.460
6.878
1.810
0.007
1.646
56.495
10.835
9.186
9.738
5.023
1.051
1.935
5.859
7.466
2.355
0.000
0.000
0.000
6.785
6.757
2.019
13.026
8.586
18.404
4.187
6.492
9.103
3.634
0.000
4.065
0.055
9.805
2.321
7.577
9.227
6.535
2.247
1.699
0.144
0.000
7.831
12.464
2.077
10.083
14.135
11.350
2.273
34.820
9.750
0.755
0.000
0.130
10.928
0.000
0.000
2.360
2.669
8.302
16.729
11.685
25.303
14.141
7.099
0.000
11.623
0.781
14.584
27.056
20.701
3.168
0.151
2.887
11.330
12.790
2.431
5.134
16.466
4.879
0.354
2.340
0.168
0.024
0.000
2.098
0.000
0.000
0.000
8.387
29.879
2.245
1.198
2.359
6.236
3.104
4.621
2.113
4.058
4.903
12.435
1.514
0.000
0.000
0.000
0.000
0.000
0.000
0.206
0.000
0.512
17.582
6.056
15.067
11.134
3.135
13.338
4.127
9.651
23.806
0.793
5.385
3.025
3.347
0.319
2.439
4.544
2.122
4.561
3.148
1.569
8.683
11.790
7.423
15.381
34.367
0.742
8.137
4.872
11.354
11.819
3.598
9.953
6.286
1.311
1.366
0.000
0.635
1.095
0.000
0.000
0.467
2.043
0.577
7.522
4.697
4.748
0.127
1.586
6.533
3.584
2.115
14.042
9.929
1.061
3.893
7.896
0.869
0.000
0.532
0.000
6.250
8.137
16.246
3.394
0.278
0.426
0.378
0.000
0.000
0.000
0.000
0.000
10.549
0.000
0.000
0.518
0.000
0.000
0.000
0.000
0.000
0.000
0.000
0.000
0.000
2.649
1.569
0.000
0.000
0.000
0.000
0.000
0.000
0.000
0.000
0.000
0.000
0.000
0.000
0.000
0.000
0.000
0.000
0.187
0.000
0.000
0.000
0.000
0.000
1.971
0.000
0.000
0.000
0.000
0.000
0.000
0.000
0.124
0.017
1.390
0.000
0.000
0.000
0.000
0.000
0.000
0.000
0.000
0.000
0.000
0.000
0.000
0.000
0.000
0.000
0.000
0.000
0.000
0.000
0.000
0.000
0.000
0.000
0.000
0.000
0.000
0.000
0.000
0.000
0.000
0.000
0.000
0.000
0.000
0.027
0.000
0.000
0.000
0.000
0.000
0.000
0.000
4.504
1.080
0.213
0.000
0.000
0.000
0.000
0.000
0.000
0.000
0.000
0.000
3.158
0.000
0.000
3.758
0.445
0.000
0.000
0.000
0.000
0.000
0.000
0.017
5.641
0.000
0.000
6.206
0.000
4.411
2.640
0.000
0.115
2.314
3.565
0.000
0.000
0.153
2.465
0.000
6.786
0.712
1.205
0.429
0.000
0.970
0.309
0.000
0.000
0.000
0.201
1.854
0.836
2.764
12.466
12.382
5.661
0.000
0.021
1.245
0.000
1.108
8.501
6.574
0.000
0.438
0.000
47.857
69.923
0.000
0.410
18.452
6.508
8.209
2.511
8.016
1.157
2.728
0.048
0.824
0.034
4.934
9.064
6.978
13.935
2.475
2.108
0.034
2.163
6.327
14.334
10.027
0.117
0.027
0.021
0.010
0.000
0.027
12.420
0.058
4.432
4.065
14.512
15.686
8.535
2.966
2.455
2.156
14.759
4.910
8.817
4.480
2.853
12.912
25.368
9.481
0.142
3.631
19.034
19.116
9.733
45.068
10.677
2.374
12.173
55.886
9.799
7.845
5.955
9.386
4.784
0.014
0.251
0.863
11.771
7.308
4.386
14.511
7.364
4.116
0.014
1.869
4.992
3.086
18.153
6.866
11.179
3.880
1.045
13.445
0.584
6.609
8.624
8.823
15.819
4.501
5.964
19.343
2.283
5.950
17.952
63.484
19.781
0.779
8.806
9.266
3.735
11.457
0.862
12.178
12.943
1.051
20.139
64.016
2.781
0.230
6.966
10.313
4.391
14.787
1.655
5.958
5.332
13.592
3.969
4.741
4.810
5.407
3.303
0.141
8.425
25.368
3.231
6.200
13.578
7.031
4.758
14.052
0.000
0.113
0.000
7.405
11.973
1.257
21.183
4.170
0.045
0.041
3.117
5.541
3.962
3.581
19.422
5.977
1.548
0.484
11.724
8.489
20.580
2.256
3.619
3.258
9.361
10.358
1.476
7.306
2.187
8.195
8.432
31.476
9.500
0.041
0.000
2.482
4.576
2.599
3.495
7.644
0.826
1.109
3.922
0.079
5.498
5.670
4.334
8.168
7.665
3.505
3.095
0.192
0.110
0.415
0.167
4.956
6.976
9.950
2.287
3.238
4.252
0.024
4.007
0.258
7.103
4.177
1.800
11.307
3.177
1.184
1.380
0.659
2.214
4.171
3.093
3.268
0.000
2.606
5.816
0.127
3.962
3.066
2.276
3.179
5.043
8.193
2.983
0.000
0.000
0.000
0.000
2.501
2.647
0.000
0.000
0.570
0.000
0.000
0.000
0.000
0.000
0.021
1.524
0.072
9.939
2.283
3.234
0.000
0.294
0.831
1.936
1.603
1.530
1.033
5.466
0.000
0.000
0.000
0.000
0.000
0.000
0.000
0.000
0.000
0.000
0.000
0.000
0.000
0.000
0.000
0.000
0.000
0.000
0.000
0.065
0.415
0.000
0.000
0.000
0.000
0.000
0.000
0.000
0.000
0.000
0.000
0.000
0.000
0.000
0.000
0.003
0.674
10.159
3.886
21.704
7.972
0.000
0.000
0.000
0.000
0.000
0.000
0.000
0.000
0.000
0.000
0.000
1.287
0.000
0.000
0.000
0.000
0.000
0.633
1.325
0.000
0.000
0.000
0.000
0.000
0.000
0.000
7.677
3.771
0.000
0.225
9.072
51.054
0.215
0.000
0.000
0.000
0.000
0.000
0.180
0.000
0.000
0.000
0.000
0.941
0.197
0.000
0.000
0.000
0.000
0.007
12.258
0.000
4.777
7.566
0.173
0.000
0.000
0.000
0.017
0.000
5.291
2.556
0.048
21.335
22.285
61.027
20.881
0.211
1.203
0.774
17.116
8.583
0.010
0.017
0.000
8.272
0.000
15.712
5.749
16.267
12.317
4.619
0.041
4.470
5.762
0.815
3.905
0.273
1.418
10.554
5.523
0.000
7.194
2.966
8.437
7.953
2.099
0.041
5.375
16.370
1.261
9.786
7.165
4.405
15.092
0.596
7.867
15.728
23.203
5.394
0.000
9.725
9.723
8.047
4.748
2.400
0.000
5.893
7.996
13.959
3.033
51.485
10.107
12.619
7.888
5.560
14.287
11.852
8.538
10.204
3.924
18.433
74.614
6.211
1.051
2.439
5.519
7.866
11.458
5.467
4.044
11.930
9.115
4.795
2.414
7.428
7.426
9.893
0.477
11.591
11.458
17.643
6.753
3.969
13.575
3.162
16.504
13.771
10.228
47.413
0.556
20.101
4.892
7.994
4.032
0.939
137.729
15.427
2.414
4.108
11.922
12.433
9.012
10.435
40.692
0.276
2.669
4.104
27.495
1.478
4.903
7.944
19.829
7.941
3.167
3.026
2.973
20.723
25.962
12.456
6.581
9.495
24.172
7.162
1.336
4.147
2.431
10.231
11.961
11.910
11.415
7.690
13.214
7.944
17.128
10.440
2.307
4.231
23.387
1.075
4.116
17.527
9.088
6.427
1.572
17.156
12.665
5.675
3.310
16.782
7.306
27.538
6.432
10.894
5.534
10.797
0.570
6.853
6.492
6.695
7.900
1.136
1.820
0.151
13.925
14.085
5.912
2.856
7.574
2.949
2.129
26.803
3.948
2.856
6.091
3.965
7.635
5.234
0.045
0.000
0.000
2.623
0.399
12.835
2.474
4.451
17.434
7.076
2.771
7.560
3.981
1.397
0.783
4.269
18.206
8.196
3.014
0.300
0.235
1.311
0.000
3.471
1.656
2.717
1.425
7.010
0.687
0.000
0.706
9.049
3.279
0.041
0.000
0.000
0.000
0.000
0.000
0.000
0.000
0.000
0.000
0.000
0.000
0.000
0.000
0.000
0.000
0.000
0.394
0.709
0.399
0.000
0.000
0.000
0.000
0.000
0.000
0.448
0.076
3.238
0.000
4.305
6.609
22.872
0.021
0.000
0.000
0.970
0.048
0.000
0.000
0.000
0.000
0.000
0.000
0.000
0.000
0.000
0.000
0.000
0.000
0.000
0.000
0.000
0.426
0.041
0.038
0.000
1.607
21.484
2.971
0.000
0.000
0.000
0.000
0.000
0.000
0.000
0.000
0.000
0.000
0.000
0.000
0.000
0.000
0.000
0.000
0.024
0.000
0.000
0.000
0.007
0.000
0.000
0.000
0.000
0.000
0.000
0.000
0.000
1.967
0.000
0.000
0.000
0.000
0.000
0.000
0.000
0.000
0.000
0.000
0.000
0.000
0.354
6.107
0.240
0.726
6.781
0.000
0.000
0.050
0.000
0.000
0.492
0.414
0.021
2.719
4.971
1.550
0.000
0.000
0.426
0.000
0.364
0.000
0.000
0.000
0.411
0.065
0.566
0.065
2.134
0.000
0.318
0.000
0.000
0.014
0.124
0.731
0.117
0.427
1.104
0.676
0.000
0.000
3.376
13.339
0.153
0.000
0.000
0.000
0.134
17.945
0.000
3.083
5.222
0.278
0.000
5.859
0.117
0.906
12.531
7.155
14.426
18.426
1.538
0.000
0.000
0.000
0.134
1.655
0.525
1.957
2.290
4.458
8.631
10.535
6.458
1.353
0.000
0.285
0.645
0.000
0.000
0.041
0.000
7.608
0.000
2.517
1.876
3.934
2.791
2.196
5.960
0.965
2.585
0.017
0.000
0.000
0.879
2.314
0.096
0.048
16.727
15.312
0.621
0.172
0.024
0.007
4.515
10.279
7.206
2.254
6.322
0.000
0.000
15.213
10.416
4.154
7.088
16.352
13.336
1.715
17.070
2.041
3.979
13.716
0.350
9.071
0.233
1.272
0.817
0.299
3.480
9.100
20.332
42.424
0.326
16.685
10.875
4.432
1.995
1.311
3.639
28.716
7.083
8.092
5.823
3.715
12.009
9.548
2.613
3.540
11.446
7.450
14.172
13.956
1.243
3.409
24.695
16.771
3.258
0.082
10.787
10.463
8.964
17.750
15.583
8.985
12.566
4.110
24.553
33.320
16.864
4.522
3.004
8.123
14.296
14.656
2.281
1.181
13.692
11.082
6.005
2.024
15.609
0.687
15.010
5.600
10.587
6.281
0.661
1.066
27.060
6.025
5.829
7.625
14.620
11.960
7.163
11.300
1.984
0.999
8.065
9.586
3.742
4.425
11.258
10.228
8.758
4.556
2.966
1.442
5.713
6.159
9.180
7.392
0.546
0.000
0.673
3.183
4.570
8.281
7.962
3.121
1.991
5.943
13.005
3.612
7.522
2.338
2.359
0.299
2.280
2.043
3.433
11.306
3.656
9.410
2.012
0.254
7.055
4.944
1.808
0.309
2.311
2.111
2.439
11.522
7.397
2.664
2.891
3.272
3.936
5.677
0.000
4.228
2.647
0.000
5.267
3.571
-99.000
0.793
0.295
0.000
0.000
0.000
0.000
4.007
1.847
0.326
0.000
0.000
0.000
0.525
0.611
0.007
0.000
0.000
0.000
0.000
0.000
0.000
0.000
0.000
0.000
0.000
0.000
0.000
0.000
0.000
0.000
0.000
0.000
0.000
0.000
0.000
0.000
0.000
0.000
0.000
0.000
0.000
0.000
0.000
0.000
0.000
1.521
0.000
0.000
0.000
0.000
0.000
0.000
0.000
0.000
0.000
0.000
0.000
0.000
0.000
0.000
0.000
0.000
0.000
0.000
0.000
0.000
0.000
0.000
0.000
0.000
0.093
0.000
0.937
0.000
0.910
2.709
0.048
0.000
0.474
2.218
0.161
0.000
0.000
0.000
0.000
0.000
0.000
0.381
0.069
0.326
2.245
0.000
0.000
0.000
0.000
0.000
0.470
1.878
0.000
0.000
0.000
0.000
0.000
0.000
0.000
0.000
10.876
1.579
13.597
46.749
0.000
0.000
0.000
0.000
0.003
0.000
0.000
0.429
0.000
0.227
0.021
0.000
0.003
0.045
0.000
1.480
0.563
0.000
0.093
0.875
0.010
0.000
0.000
1.614
0.000
0.000
0.000
0.000
0.000
0.039
6.533
0.642
0.103
1.548
14.423
8.841
0.000
0.000
0.000
0.273
0.000
0.000
0.000
0.000
0.000
0.026
2.340
7.537
0.000
0.175
0.007
4.927
0.851
3.799
3.512
0.000
0.000
0.000
0.000
0.282
4.410
0.000
0.000
2.088
0.312
3.708
31.970
7.013
5.670
9.997
11.165
10.604
9.624
9.786
5.594
15.316
6.444
5.182
0.000
0.233
14.821
4.494
17.413
3.322
3.549
0.061
0.034
0.031
4.908
8.639
19.902
59.118
6.262
53.200
5.086
0.038
3.337
-99.000
-99.000
-99.000
-99.000
-99.000
-99.000
-99.000
-99.000
6.183
10.729
9.575
7.529
11.161
11.639
7.919
13.457
9.946
8.813
3.220
3.845
1.178
2.261
48.824
10.835
1.274
4.419
0.659
3.608
12.339
8.956
9.908
3.207
3.529
12.126
10.190
14.969
2.630
0.422
0.786
6.288
10.291
69.030
11.040
0.228
0.017
12.035
14.565
10.391
0.000
0.000
0.000
0.000
0.000
0.000
0.076
3.448
9.953
7.593
20.635
5.998
13.978
13.259
10.198
9.114
12.945
10.420
10.910
0.697
4.147
16.649
11.199
0.831
11.563
3.207
1.600
0.915
27.210
48.658
0.501
0.000
0.000
0.000
0.000
0.000
0.000
3.577
13.644
8.387
5.075
15.925
11.081
5.924
0.587
0.445
15.983
25.464
3.596
9.968
12.914
13.304
12.135
0.031
0.007
4.778
0.072
1.444
8.484
5.231
0.000
5.590
3.361
2.195
16.732
4.041
21.564
18.646
0.299
0.000
6.861
2.245
0.996
1.550
2.264
3.129
11.460
3.306
6.934
1.407
3.011
2.111
1.600
3.296
3.559
9.594
8.276
1.092
3.018
0.000
0.000
0.000
0.000
0.000
0.740
6.321
3.492
4.140
0.058
0.347
5.497
7.859
0.045
0.041
0.027
0.000
0.000
0.000
0.000
0.000
0.000
0.000
0.000
0.000
2.668
0.000
6.485
0.288
1.782
0.000
0.000
0.000
0.000
2.235
3.299
3.371
16.471
0.498
0.000
0.000
0.000
0.000
0.000
0.120
5.222
0.000
0.000
0.000
0.000
0.000
0.000
1.880
5.205
0.000
0.000
0.000
0.000
0.000
0.000
2.854
2.147
0.000
1.888
0.000
0.000
0.000
0.000
0.217
0.000
0.542
0.069
0.000
0.000
0.000
0.000
0.000
0.000
0.000
0.000
0.000
2.113
0.000
0.000
0.000
0.000
0.000
0.000
2.424
0.149
0.000
0.000
0.000
0.000
0.000
0.000
0.000
0.000
0.000
0.000
0.000
0.000
0.000
0.000
0.000
0.000
0.000
0.000
0.000
0.000
0.000
0.000
0.000
0.000
0.000
0.000
0.180
0.118
0.000
0.000
0.000
0.000
0.000
0.000
0.000
0.395
0.000
0.000
0.000
0.216
0.021
0.232
0.038
0.000
0.000
0.000
0.000
0.000
0.034
0.000
0.000
0.112
0.021
0.000
0.000
16.171
0.000
0.000
0.000
0.010
0.941
0.000
0.000
0.000
0.000
0.000
1.015
0.000
0.000
0.948
7.617
0.000
9.496
12.148
3.261
5.504
4.391
0.048
0.390
2.019
0.089
0.010
0.000
0.062
1.008
0.573
1.500
0.206
0.175
0.000
0.000
0.000
0.000
0.000
0.096
2.173
1.675
0.041
1.988
6.715
7.817
0.347
0.000
3.880
12.119
6.027
3.746
0.017
0.948
4.120
11.541
5.249
16.677
9.637
0.443
2.685
0.000
0.000
12.291
7.852
3.222
0.038
0.800
2.359
41.915
1.068
9.987
0.278
0.288
6.101
0.000
3.478
8.192
2.853
0.141
5.888
14.365
4.377
9.771
11.841
0.113
0.000
5.967
11.460
0.450
3.708
4.622
0.244
0.000
0.000
0.000
6.599
30.749
21.834
1.566
18.335
6.285
15.872
13.758
7.824
9.422
9.136
0.762
0.963
4.057
10.751
1.818
1.523
1.285
13.117
0.342
3.636
12.298
8.229
0.565
1.276
2.427
3.572
11.740
0.405
20.088
1.994
1.162
0.003
13.263
7.740
13.688
15.512
3.158
3.789
7.740
15.238
22.334
1.675
13.589
20.181
12.928
4.898
8.799
5.630
10.216
10.643
15.699
2.542
6.533
3.773
4.074
9.520
3.577
0.110
0.000
0.803
14.430
11.803
7.594
7.481
11.996
12.792
80.468
5.630
2.939
0.031
0.021
3.876
3.615
7.936
12.641
1.988
0.098
2.359
2.892
0.848
13.568
15.788
8.933
4.522
0.391
14.145
3.418
1.711
10.816
18.698
1.868
4.870
3.272
12.363
4.098
1.366
10.145
1.068
18.041
0.609
1.923
2.135
8.756
2.275
11.910
1.327
18.301
0.110
6.018
1.366
10.211
4.376
11.028
0.148
0.000
0.000
0.941
0.003
3.423
1.566
0.038
0.024
0.566
0.271
0.237
5.219
2.190
6.327
0.000
6.975
3.018
0.951
1.339
0.376
14.512
16.521
4.762
0.970
2.359
11.501
0.182
0.000
0.415
0.175
13.750
30.346
1.188
0.014
0.000
6.216
0.007
0.000
0.000
0.000
0.101
0.000
0.000
0.000
0.000
0.003
0.124
0.000
0.027
0.407
0.027
0.000
0.517
0.903
0.000
0.000
4.983
0.000
0.000
0.000
0.000
0.000
0.000
0.000
0.000
0.000
1.257
1.905
13.989
0.292
0.034
0.000
0.000
0.000
0.000
0.000
0.000
0.000
0.000
0.000
0.000
0.000
0.000
0.000
0.000
0.000
0.000
0.000
0.000
0.000
0.000
0.000
0.000
0.000
0.000
0.000
0.000
0.000
0.000
0.000
0.000
0.000
0.000
0.000
0.000
0.000
0.000
0.000
0.000
0.000
0.000
0.000
0.000
0.000
0.000
0.000
0.000
0.000
0.000
0.000
0.000
0.000
0.000
0.000
0.000
0.000
0.000
0.000
0.000
0.000
0.000
0.000
0.000
0.728
0.639
0.000
0.000
0.000
8.861
0.433
5.129
0.000
0.000
0.034
0.000
0.000
0.000
1.926
1.366
0.000
0.000
0.000
0.000
0.000
0.000
0.000
0.000
0.865
8.470
0.000
0.060
0.021
0.057
3.720
0.000
0.000
0.017
0.105
0.000
0.379
3.787
1.425
0.000
4.537
0.000
6.192
0.000
0.000
0.000
0.031
1.735
0.000
0.000
0.000
0.802
2.905
2.276
0.000
0.000
0.000
0.031
0.003
0.000
10.007
1.931
1.047
0.010
0.000
17.645
0.712
10.047
11.364
7.285
0.010
5.646
2.666
12.209
4.228
0.951
0.000
0.000
0.663
15.374
8.312
5.395
18.907
26.613
0.000
0.051
15.032
13.574
16.124
0.530
13.549
9.488
20.297
2.721
7.500
3.750
2.056
10.426
3.047
5.523
10.979
25.786
0.527
16.217
2.661
13.815
11.761
2.819
22.564
2.474
5.249
11.641
0.000
5.819
8.199
12.614
3.778
9.071
1.902
6.738
24.812
10.858
0.457
7.771
3.644
3.759
2.371
3.354
6.728
18.291
42.102
5.936
9.229
0.458
1.360
7.107
4.910
5.514
7.484
11.201
7.902
11.304
8.758
8.751
19.460
11.191
8.446
5.352
0.810
4.106
1.428
9.332
7.948
2.884
13.506
10.664
0.484
1.607
0.062
0.000
4.075
6.262
9.426
0.944
1.332
10.571
8.926
15.305
33.550
4.951
1.006
7.440
0.584
3.584
6.206
1.876
0.718
9.301
9.898
8.027
13.905
10.073
0.106
7.694
4.019
0.477
3.856
13.754
3.619
1.524
8.236
10.386
2.462
1.576
4.745
1.246
3.392
10.293
6.899
0.594
1.020
7.649
13.638
18.818
12.948
3.674
2.324
2.723
12.061
5.933
9.400
11.000
4.037
0.556
2.571
1.075
3.224
11.646
7.491
10.636
6.266
2.280
0.031
0.230
9.435
5.407
0.316
8.772
11.175
5.236
7.397
6.715
16.795
36.540
3.716
11.580
7.388
3.009
16.826
0.000
0.000
0.000
0.000
0.000
1.418
2.089
2.654
0.400
3.208
12.279
1.289
0.014
0.000
0.000
0.000
0.000
0.000
0.017
3.086
0.731
0.903
2.293
11.802
5.716
5.682
0.017
3.854
2.129
4.882
0.010
0.908
0.819
1.164
2.261
13.137
0.400
0.000
0.000
0.889
4.428
2.973
2.683
0.041
0.000
0.000
0.000
0.000
0.783
0.168
0.893
0.053
0.000
2.072
5.998
3.646
2.968
4.888
0.000
0.000
0.000
0.000
0.000
0.000
0.000
0.000
0.000
0.000
0.000
0.000
0.000
0.000
0.000
0.000
0.000
0.000
0.000
0.000
0.000
7.093
10.979
2.043
0.333
0.853
6.029
5.850
0.639
0.000
0.024
0.000
5.249
0.000
0.000
0.000
0.014
0.000
0.000
0.000
0.000
0.000
0.000
0.000
0.000
0.000
0.000
0.000
0.000
0.000
7.354
7.165
0.000
0.000
0.000
0.000
0.000
0.000
0.000
1.071
0.000
0.000
0.000
0.743
0.000
0.000
0.000
0.000
0.000
0.000
0.000
0.000
2.273
5.150
0.000
0.000
0.000
0.000
0.000
0.000
0.000
0.520
0.367
16.740
0.000
0.000
0.000
0.003
1.348
0.021
0.000
4.875
1.717
0.000
0.213
0.058
0.000
0.003
0.007
1.095
0.127
0.168
0.000
0.000
6.794
6.037
0.124
0.615
0.000
0.007
0.014
0.446
0.000
3.591
17.842
5.047
0.000
0.000
0.079
3.471
1.351
1.172
13.410
9.821
17.271
29.969
5.800
2.461
3.998
4.656
1.245
0.821
4.324
0.000
0.000
0.000
0.000
0.558
0.000
8.652
8.724
15.599
21.566
4.501
0.324
0.000
0.665
7.514
2.599
0.000
0.000
0.251
0.000
0.000
0.757
0.266
3.308
10.325
0.000
0.007
2.563
8.712
12.528
101.886
14.738
0.127
0.070
2.542
2.036
0.302
0.000
3.240
4.291
1.449
3.589
7.752
14.812
10.073
7.019
16.996
6.290
19.714
20.271
8.920
11.393
16.171
12.703
7.424
1.689
8.015
3.323
11.165
48.256
5.076
0.858
6.494
5.576
9.060
10.128
27.974
0.362
2.985
5.885
18.109
7.224
6.257
2.321
6.668
4.456
3.535
8.600
13.766
5.287
5.624
2.632
3.624
11.575
2.534
8.465
7.714
23.442
8.974
16.149
7.521
5.392
15.408
16.371
1.758
9.687
23.346
72.424
47.437
2.620
0.051
0.306
7.675
7.909
16.047
2.535
0.000
4.146
2.280
13.424
7.756
5.236
5.653
11.900
12.397
6.042
5.040
9.980
6.932
12.464
5.479
0.000
15.817
9.232
21.428
46.271
2.221
2.544
12.233
2.481
2.596
3.148
7.392
10.063
6.012
6.365
12.916
10.492
12.391
4.879
5.912
6.391
4.995
4.782
9.201
1.794
10.592
5.133
2.352
5.787
7.999
2.434
8.099
5.703
10.420
19.415
3.880
0.000
0.364
0.069
12.360
8.501
8.724
6.262
3.145
0.453
1.157
12.821
5.002
1.418
3.354
12.136
5.651
12.217
5.267
2.060
11.172
0.137
5.098
10.976
1.428
5.617
7.714
0.000
1.212
0.457
0.000
0.000
0.000
0.000
0.000
0.000
0.000
0.000
4.679
5.067
3.914
11.637
13.491
5.074
7.586
6.037
8.908
0.994
11.328
1.730
0.045
0.000
1.950
1.188
0.000
0.000
0.000
0.000
0.000
0.000
0.000
0.000
0.000
0.000
0.000
0.199
8.005
13.482
1.857
0.115
0.000
0.065
0.000
0.000
0.000
0.000
0.000
0.000
0.000
0.000
0.000
0.627
9.000
0.778
0.644
0.000
0.000
0.000
0.000
3.643
0.000
0.000
0.000
7.150
0.000
0.000
0.000
0.000
0.000
0.000
0.000
0.000
0.000
0.000
0.000
0.000
0.000
0.000
0.000
0.000
0.000
0.000
0.000
0.000
0.000
0.000
0.000
0.000
3.787
0.000
2.362
0.000
0.000
0.154
1.188
0.000
0.041
0.000
0.000
0.000
0.000
0.000
0.000
0.000
0.742
0.101
0.000
0.000
0.257
0.000
0.000
0.000
0.000
0.000
0.000
0.000
0.336
0.237
0.000
0.000
0.000
0.000
0.000
0.000
1.107
0.000
0.000
15.242
5.170
0.000
0.000
0.000
0.000
0.007
0.081
2.008
0.292
0.000
0.000
0.000
4.649
0.965
0.000
0.000
0.000
0.000
0.000
0.000
0.000
0.316
13.506
0.000
0.000
10.368
0.161
1.799
0.196
0.786
0.086
9.960
0.000
0.488
0.000
0.000
0.000
0.330
0.000
0.010
0.141
0.003
1.334
11.038
0.000
0.000
2.747
3.895
0.000
0.021
0.046
0.000
0.000
0.699
3.042
0.000
11.979
37.667
0.498
5.527
0.017
0.000
3.859
4.786
6.455
0.000
1.799
0.000
3.392
0.000
10.506
2.197
6.733
15.443
2.942
1.274
0.930
0.082
11.110
11.752
1.076
5.981
113.897
0.000
29.244
5.116
0.058
3.866
6.969
5.267
8.415
18.800
9.558
3.006
0.000
0.965
13.249
17.319
1.727
10.178
5.311
13.606
5.438
3.646
5.098
1.863
2.374
18.775
3.612
4.068
6.636
7.060
16.332
12.457
17.213
4.156
10.761
19.403
20.611
2.151
3.675
18.193
12.131
3.799
1.255
1.069
5.311
4.022
2.571
8.631
12.916
8.161
4.501
5.552
6.434
2.111
0.209
15.522
13.256
17.146
2.146
3.825
8.731
4.357
0.261
0.381
10.827
19.377
1.401
2.448
17.242
3.270
10.773
12.518
13.366
0.081
1.136
4.161
1.154
1.481
4.735
15.273
11.650
7.944
13.644
2.755
9.817
21.725
4.602
3.251
1.196
5.921
0.283
9.998
7.232
10.682
4.298
33.415
8.705
0.247
4.250
10.735
3.187
2.669
0.774
0.000
0.000
0.000
2.432
3.976
2.376
7.488
8.314
4.868
0.472
14.797
6.932
3.008
3.104
0.518
8.689
12.960
2.681
15.171
0.350
6.781
1.730
2.963
13.211
0.000
0.000
0.000
2.407
1.456
0.000
0.288
3.780
5.600
0.973
10.317
11.766
9.719
4.954
8.717
6.067
2.060
0.306
0.124
0.065
0.282
0.000
4.204
0.000
6.314
0.443
2.129
0.000
0.000
0.000
1.689
4.549
3.286
0.117
0.000
0.000
0.978
3.399
0.278
2.486
1.693
0.858
0.000
0.433
0.000
5.102
10.399
15.906
1.116
0.000
0.000
0.000
0.000
0.000
0.000
0.000
0.000
4.243
0.302
0.000
0.374
3.522
1.287
1.360
7.227
0.000
0.000
0.000
0.477
0.000
0.278
0.000
0.000
0.000
0.000
0.000
0.000
0.000
0.000
0.000
0.000
0.000
4.065
12.113
0.388
0.000
0.000
0.000
0.000
0.000
0.000
0.000
0.000
0.000
0.000
0.000
0.000
0.000
0.000
0.000
0.000
0.003
0.010
0.369
0.000
0.000
0.000
0.000
0.000
0.000
0.000
0.299
0.072
0.000
0.000
0.000
0.000
0.000
0.000
0.000
0.000
0.000
0.000
0.000
0.010
0.000
0.000
0.000
0.000
0.000
0.000
0.000
0.000
0.000
0.000
0.000
0.000
0.000
0.000
0.000
0.051
0.000
0.000
0.069
0.000
0.000
0.000
0.000
0.000
0.007
0.055
5.153
0.027
0.000
0.000
0.000
0.000
0.572
0.000
0.000
0.000
0.000
0.000
0.062
0.000
0.000
0.041
0.141
0.000
2.970
0.000
0.000
0.000
0.000
0.000
0.007
0.000
0.000
0.343
0.000
0.024
6.539
0.307
0.745
0.199
0.003
0.007
0.082
11.412
0.570
5.071
0.000
0.422
0.048
0.065
0.597
0.639
0.872
0.000
0.000
3.806
0.632
0.000
0.000
0.000
4.116
0.027
0.666
1.620
4.504
0.000
5.219
6.523
15.340
0.000
4.460
0.127
0.263
3.363
13.156
0.218
0.000
0.000
0.000
0.041
5.158
4.362
0.196
0.118
3.387
0.000
0.000
0.000
1.724
0.000
0.254
4.351
1.123
0.970
1.700
0.000
4.245
3.167
0.000
11.578
0.795
5.692
2.135
6.147
0.194
10.168
0.324
4.008
14.025
0.000
8.985
5.608
7.534
3.466
0.000
3.084
0.000
0.000
4.441
1.648
2.824
0.110
0.010
0.051
0.000
11.997
1.940
19.474
11.405
26.638
5.960
10.875
0.721
0.354
0.000
0.010
0.914
1.510
0.000
1.911
1.172
0.007
0.299
4.501
1.981
0.010
0.000
1.868
0.000
0.137
1.730
2.630
7.835
5.169
3.845
10.811
18.344
7.299
3.691
2.069
7.244
0.082
12.236
7.749
4.055
146.142
3.883
14.179
8.181
12.717
0.070
12.548
6.701
16.902
8.794
1.524
2.432
3.306
1.035
12.428
5.750
13.665
10.949
10.452
7.658
6.312
3.808
6.692
9.781
0.333
10.598
21.310
48.019
3.761
0.000
0.000
0.000
7.234
3.325
16.183
4.088
6.139
1.188
5.833
14.409
1.761
13.321
9.119
11.134
8.247
2.626
4.614
3.972
11.510
1.833
3.181
0.055
0.810
0.508
7.230
5.023
4.995
13.275
11.728
7.205
2.417
1.873
9.023
0.484
0.000
0.000
0.508
9.039
9.326
3.059
4.077
0.149
8.545
9.443
1.904
0.566
0.295
1.272
9.592
9.184
1.562
0.000
1.088
2.450
3.670
4.315
0.007
6.355
9.088
4.467
2.295
0.000
0.014
0.000
2.307
5.518
11.139
2.498
0.223
0.000
0.000
0.010
0.000
0.000
0.000
0.000
0.455
2.905
0.000
0.000
0.000
0.860
0.000
0.000
0.000
0.000
0.000
0.000
0.000
0.000
0.000
0.000
0.000
0.000
5.390
2.564
9.129
2.906
2.850
1.569
0.000
0.000
8.356
0.038
0.000
0.000
0.000
0.000
0.000
0.000
0.000
4.403
7.224
2.024
3.488
1.706
0.000
0.000
0.000
0.000
0.000
0.000
0.000
0.000
0.000
0.000
0.000
0.000
0.000
0.000
0.000
0.000
0.000
0.000
0.000
0.000
0.000
0.000
0.000
0.000
0.000
0.000
0.000
0.000
0.000
0.465
11.718
3.550
4.746
0.577
0.039
0.807
0.000
0.000
0.000
0.000
0.003
0.000
0.007
0.774
0.100
0.000
0.000
4.288
0.148
3.643
0.000
0.000
0.000
0.014
3.500
0.606
29.929
27.298
0.215
0.000
0.000
0.000
0.400
0.021
0.000
0.000
0.000
0.000
1.633
0.014
0.021
0.000
0.055
0.000
0.000
0.268
0.050
0.000
1.402
0.027
1.806
11.819
0.000
3.475
5.529
0.039
0.000
0.000
0.000
0.007
0.584
0.165
0.652
2.318
2.110
0.000
0.000
0.000
0.000
0.103
0.000
0.017
0.024
0.362
0.000
0.000
0.000
0.869
1.864
0.000
0.000
0.000
0.429
0.438
0.055
5.140
0.666
0.000
3.728
0.000
12.524
1.911
62.244
3.421
12.160
3.229
82.543
0.333
0.220
0.003
5.194
0.000
0.996
0.728
1.006
12.871
4.408
12.408
0.089
11.584
6.856
17.036
10.380
7.711
13.853
21.494
29.078
0.000
1.461
5.770
11.675
8.974
3.263
5.552
1.414
17.357
1.902
9.204
4.302
7.090
0.000
0.000
2.070
3.390
9.383
22.409
42.335
8.252
4.377
21.066
5.383
13.592
18.146
6.348
10.579
2.395
9.445
14.433
17.400
6.513
4.741
9.726
8.535
1.222
8.356
10.018
15.453
7.199
8.054
1.039
59.972
13.548
1.164
7.618
4.449
9.874
11.361
15.886
3.742
5.220
6.143
11.918
13.015
12.724
5.153
3.504
2.263
0.168
12.887
14.014
66.074
2.771
8.093
19.616
9.429
10.758
2.570
0.057
0.419
6.923
9.744
18.047
12.447
16.830
8.188
1.100
16.792
22.470
31.011
7.833
13.553
15.753
8.130
4.915
7.060
6.741
7.872
1.906
7.548
6.691
14.026
1.504
6.650
5.162
7.953
5.335
9.682
23.674
3.424
9.934
13.038
2.936
16.296
12.947
9.535
9.424
3.777
2.234
16.074
13.946
16.267
13.788
1.735
9.253
8.430
1.550
0.817
10.461
5.981
9.949
5.176
6.133
11.573
41.771
1.001
3.191
93.118
4.446
1.576
2.046
5.766
7.690
7.225
1.298
1.952
0.223
0.007
1.940
1.390
6.884
7.601
14.605
12.222
4.130
5.030
0.488
2.877
0.141
1.789
30.161
0.110
0.000
0.000
0.000
0.000
0.000
0.000
6.269
8.504
3.625
3.454
11.903
0.199
0.000
0.000
0.000
0.307
0.467
0.000
0.000
0.985
0.086
1.653
6.092
6.911
1.317
0.000
0.000
0.000
0.000
2.326
3.679
8.894
6.927
0.000
0.000
0.000
0.000
0.000
5.368
2.305
0.003
0.000
0.000
0.000
0.021
1.739
1.210
11.824
3.228
0.000
0.000
4.058
0.120
0.000
0.000
0.000
0.000
1.440
0.000
0.000
0.000
0.000
0.000
0.000
0.000
0.000
0.000
0.000
0.000
0.000
0.000
0.000
0.000
0.000
0.086
0.000
0.000
0.000
0.000
0.000
0.000
0.000
0.000
0.000
0.000
5.173
0.831
0.000
0.000
0.000
0.000
0.000
0.000
0.000
0.000
0.000
0.000
0.000
0.000
0.000
0.000
0.000
0.000
0.000
0.000
0.000
0.000
0.240
0.000
0.000
0.000
0.000
0.000
0.117
0.086
0.007
0.439
0.000
0.000
0.000
0.000
0.000
0.000
0.000
0.000
0.000
0.000
0.000
0.031
0.000
0.000
0.000
0.039
0.000
0.000
0.000
0.524
0.000
0.000
0.000
0.000
0.089
0.089
0.000
0.000
0.385
0.000
0.000
2.221
0.000
0.000
0.000
0.000
0.000
5.170
0.185
0.103
0.000
1.016
0.000
0.683
3.054
8.391
11.570
0.179
5.771
9.163
4.422
4.343
0.000
0.000
0.216
0.000
0.051
2.462
0.800
2.918
0.398
11.168
11.165
13.180
6.494
0.000
8.303
5.740
3.888
19.423
0.439
0.000
0.000
0.007
7.464
7.134
24.767
5.356
0.089
0.000
0.014
6.794
11.065
0.992
1.320
2.107
0.633
4.374
2.786
9.754
1.875
8.663
0.156
0.000
3.814
1.277
14.190
17.906
9.340
8.271
13.118
11.993
1.507
4.237
15.726
11.209
20.598
23.847
0.861
0.000
0.000
3.886
2.467
1.387
0.000
9.366
12.282
8.817
2.918
4.123
15.091
22.203
1.622
0.031
8.138
1.523
2.154
3.135
7.302
3.152
13.441
10.168
22.797
11.244
0.374
3.989
8.162
4.477
0.673
7.083
9.802
8.013
2.891
14.275
3.200
5.114
2.977
1.600
2.784
2.252
19.377
3.838
5.301
5.531
4.161
16.092
5.964
8.954
13.872
16.926
14.789
1.463
9.287
11.009
5.136
7.320
3.354
3.890
4.237
12.267
15.496
17.956
5.059
14.426
3.238
0.309
0.477
0.007
4.237
0.000
0.000
0.556
0.611
13.484
0.000
4.954
13.163
2.379
22.532
14.818
2.527
10.523
4.178
11.189
6.770
13.053
19.432
19.484
3.490
5.212
9.764
16.071
3.435
8.240
4.522
7.924
4.424
8.339
34.896
45.979
0.228
6.719
37.584
0.644
0.130
2.819
13.585
2.149
0.000
9.842
7.917
1.032
3.124
10.178
5.126
0.757
0.007
3.341
10.552
10.020
2.635
12.040
4.108
3.126
0.000
4.261
2.731
7.150
4.376
11.496
7.708
8.799
2.880
1.831
0.855
0.000
0.000
0.000
0.000
0.000
0.039
0.503
3.773
2.997
10.715
6.884
3.565
0.203
0.051
5.534
3.507
2.470
0.244
2.057
0.240
2.252
5.019
0.000
0.000
1.631
4.851
0.086
0.000
0.000
0.000
0.000
1.246
0.000
1.960
0.000
4.837
0.000
3.313
5.842
0.034
0.000
3.653
8.106
0.120
0.000
0.000
0.000
0.000
2.942
0.338
3.612
0.007
0.000
0.000
0.000
0.812
0.000
0.000
0.000
0.000
0.000
0.000
0.000
0.000
0.000
0.000
0.000
0.000
0.000
1.772
4.387
0.137
0.000
0.000
0.000
0.000
0.000
0.000
0.000
0.000
0.000
0.000
0.000
0.000
0.000
0.000
0.000
0.000
8.307
0.007
0.000
0.000
0.000
0.000
0.000
0.000
0.000
0.000
0.000
0.000
0.000
0.000
0.000
0.000
0.000
0.448
0.000
0.000
0.000
0.000
0.000
0.000
0.000
0.000
0.000
0.000
0.000
0.000
0.000
0.000
0.000
0.000
0.000
0.041
0.000
1.107
0.007
1.651
0.014
0.000
0.000
0.196
0.000
0.000
0.000
0.249
1.188
0.000
0.034
2.927
7.493
0.034
4.218
0.007
0.000
0.046
1.360
0.000
0.000
0.165
0.000
0.838
5.220
1.684
0.736
0.485
0.000
0.003
0.441
4.362
3.682
0.000
0.000
0.000
0.168
0.000
1.214
0.086
10.106
2.395
1.233
11.183
0.000
0.132
0.000
0.000
0.000
0.218
0.074
0.000
0.000
0.912
0.788
0.010
0.007
0.000
0.000
0.000
0.000
0.000
4.815
16.761
0.000
0.000
0.225
0.000
0.000
6.166
9.560
9.670
13.195
1.081
4.822
6.276
13.142
14.988
10.997
5.359
5.067
5.855
12.658
94.295
8.291
6.456
8.954
24.424
0.326
9.627
14.102
1.627
0.000
3.953
0.997
15.544
15.491
2.935
7.835
1.234
6.271
2.235
10.260
2.621
1.875
11.706
3.073
2.031
13.385
5.731
3.600
0.096
0.000
4.031
0.017
12.100
19.781
16.146
2.685
3.194
13.856
0.966
4.370
12.558
2.520
12.686
0.340
14.401
10.565
0.728
11.819
14.358
13.618
14.943
0.795
1.802
4.813
16.188
0.347
0.505
7.450
11.110
4.410
9.592
9.177
29.967
0.381
9.599
12.789
6.577
14.514
12.878
19.616
8.370
0.065
1.311
10.162
20.665
4.449
28.532
17.925
0.707
9.314
7.313
19.286
8.617
10.468
9.763
12.638
0.354
12.690
14.828
13.690
8.223
9.215
17.049
67.726
12.734
15.748
8.272
12.542
0.548
15.811
15.116
2.663
1.217
5.397
10.046
2.233
3.175
1.533
6.858
3.902
1.900
1.995
15.436
7.462
5.473
3.255
2.626
9.012
9.541
4.395
10.300
8.803
0.106
0.000
0.000
1.593
2.843
0.436
7.938
6.602
5.711
10.629
0.000
0.000
0.007
0.000
1.526
1.174
3.876
5.400
5.047
9.029
6.757
19.278
1.723
12.655
3.255
11.151
2.798
0.000
0.000
0.000
2.723
0.000
0.041
2.870
9.253
7.546
4.395
0.141
0.000
0.161
0.000
0.000
0.000
0.000
0.000
0.000
0.000
0.000
0.000
0.367
4.706
1.825
0.077
0.014
0.000
0.000
9.550
2.577
2.024
2.711
4.364
0.000
0.000
0.000
0.000
0.000
0.000
0.000
0.088
0.000
0.000
0.000
0.000
0.000
8.557
15.434
0.379
9.131
0.000
0.000
0.000
0.000
0.553
0.055
0.000
0.000
0.000
0.838
1.971
1.463
6.015
0.436
0.132
0.000
0.000
0.000
0.000
0.000
0.000
0.287
0.000
0.000
0.000
0.000
0.000
0.000
0.000
0.000
0.000
0.220
0.323
0.692
0.000
0.000
0.000
0.216
0.000
0.000
0.000
0.000
0.000
0.000
0.000
0.000
0.000
0.000
1.061
0.000
0.000
0.000
0.000
0.000
0.000
0.000
0.000
0.000
0.000
0.000
0.000
0.000
0.000
0.000
0.000
0.000
0.000
0.000
0.000
0.000
0.000
0.000
0.000
0.000
0.027
0.000
0.158
0.000
0.000
0.000
0.000
0.000
0.000
0.120
0.000
0.000
0.000
0.000
0.000
0.000
0.412
0.165
0.000
1.720
0.000
0.000
0.000
0.003
0.000
0.000
0.000
0.028
0.081
5.617
0.810
13.326
0.007
10.950
0.177
0.000
0.000
1.184
2.613
0.000
0.003
0.144
0.000
0.000
0.000
0.000
0.845
4.460
12.159
2.927
0.000
0.000
0.000
0.000
0.242
0.000
0.000
0.000
0.000
0.036
8.078
0.573
0.596
1.258
2.896
0.299
5.620
0.007
0.678
11.839
0.000
0.000
0.113
0.017
6.393
9.059
13.484
7.222
77.337
0.251
0.115
8.256
31.667
90.064
4.547
13.984
10.698
14.602
28.401
6.604
3.553
7.987
3.674
5.900
5.117
0.083
0.292
5.519
12.286
10.751
11.678
0.000
9.481
9.731
16.416
11.750
2.187
4.056
5.547
12.418
12.605
0.240
7.982
23.403
3.600
12.600
3.131
1.250
0.669
11.827
14.052
7.237
2.839
19.078
15.899
6.990
20.709
14.777
12.701
17.228
6.363
14.334
75.284
8.300
5.131
10.928
7.272
2.012
1.775
6.719
9.011
5.239
10.959
5.895
3.464
0.103
0.000
0.007
1.040
4.731
14.801
29.618
1.976
21.939
24.776
1.311
3.550
6.990
3.560
88.280
70.520
0.132
2.118
6.542
8.255
23.804
3.704
1.372
2.808
6.566
9.189
2.272
15.966
61.929
2.472
6.988
24.232
1.418
3.205
2.942
8.568
13.436
13.664
6.925
2.895
7.028
1.006
5.473
11.364
9.443
0.206
6.988
0.000
9.556
49.588
17.683
4.192
11.560
6.609
43.302
8.981
0.580
6.703
2.930
11.567
16.624
5.400
36.530
0.203
10.386
3.049
0.735
3.002
4.674
2.165
2.292
3.476
1.845
7.496
16.907
1.945
0.038
0.000
0.000
0.136
0.045
0.569
4.043
8.774
6.018
1.332
9.234
43.353
0.431
1.191
0.000
0.000
0.000
0.000
0.000
2.664
2.834
8.005
8.635
0.000
2.491
4.992
16.147
2.609
6.604
1.169
0.066
0.084
4.419
7.627
4.353
5.018
0.223
6.873
0.647
0.017
4.098
4.678
6.073
0.647
0.076
0.000
0.000
0.000
0.000
0.000
0.000
0.000
0.000
0.000
0.000
0.000
0.000
1.533
3.581
0.280
4.594
0.000
0.003
0.000
0.000
0.017
0.050
0.000
0.058
3.160
9.380
0.251
0.000
0.000
0.000
0.000
0.000
0.000
0.000
0.000
0.000
0.000
0.192
0.000
0.000
0.000
0.000
0.000
0.000
0.000
0.000
0.000
0.000
0.000
0.000
0.000
0.000
0.000
0.000
0.000
0.000
0.000
0.000
0.000
0.000
0.000
0.000
0.000
0.000
0.000
0.612
0.142
0.000
0.537
0.000
0.000
0.062
0.000
0.206
0.101
3.998
0.129
0.000
0.000
0.100
0.000
0.000
0.000
0.000
3.656
3.263
9.901
0.000
0.000
0.000
0.000
0.000
0.000
0.000
2.534
4.644
0.000
0.000
0.007
3.342
0.000
0.000
0.000
0.000
0.923
0.000
0.000
0.000
0.000
0.000
0.000
0.241
0.390
0.000
0.209
1.572
0.000
0.000
0.035
0.000
0.000
0.014
1.184
0.000
0.000
0.774
0.000
0.000
0.000
0.000
0.000
0.000
0.003
1.857
0.000
0.000
0.000
0.000
0.000
0.175
0.000
0.017
0.910
0.000
0.000
0.484
0.029
10.028
0.982
1.569
0.000
0.000
0.051
0.000
10.840
0.000
3.591
0.000
0.134
1.047
2.290
0.227
0.422
0.000
0.000
32.320
24.280
13.630
0.395
7.678
8.387
0.340
0.000
18.419
5.593
1.191
0.000
0.000
0.000
3.850
11.726
3.114
12.954
4.266
31.125
15.613
7.908
1.666
0.874
3.577
9.430
0.021
7.803
8.616
2.791
0.076
0.461
0.000
0.000
0.000
0.000
0.000
0.000
0.000
5.237
0.072
0.000
0.263
6.907
6.070
16.650
6.953
16.476
11.100
3.842
0.072
0.161
1.205
11.158
10.387
7.471
8.099
11.374
13.705
7.996
33.958
1.861
16.050
4.552
3.123
10.547
8.243
32.753
18.103
5.061
0.385
0.206
0.000
0.642
5.886
6.575
2.609
21.080
9.972
19.662
12.737
8.346
10.554
4.219
38.195
0.415
4.700
11.424
6.271
4.504
2.953
8.217
3.615
6.255
7.958
1.758
6.187
8.700
5.733
85.795
14.746
12.803
0.536
2.123
15.585
4.360
11.793
9.610
6.115
7.624
3.346
1.099
0.133
5.680
8.465
23.855
6.869
1.509
10.595
9.728
13.594
11.240
12.173
7.285
15.867
5.378
6.832
1.610
4.259
14.393
18.629
9.055
3.746
38.905
0.881
0.000
0.000
0.000
0.000
0.021
0.000
2.403
3.814
2.875
3.995
2.441
6.054
5.799
0.560
4.439
13.196
1.114
0.997
4.987
1.214
0.167
0.604
7.356
7.357
9.927
1.073
4.150
11.948
5.335
2.419
2.024
2.127
14.893
2.983
5.655
5.332
0.000
0.000
0.108
0.000
0.177
0.000
0.048
4.276
2.851
3.792
5.037
9.962
9.913
8.733
1.188
1.760
0.000
0.563
3.516
0.000
0.134
0.000
0.000
2.039
0.925
0.000
0.000
0.596
2.424
9.443
1.950
0.759
7.606
4.431
4.590
1.385
0.000
1.248
4.887
3.109
0.141
3.522
2.147
1.887
0.000
1.329
0.060
0.000
0.000
0.000
0.000
0.000
0.000
0.324
9.399
0.000
0.000
0.000
0.000
0.000
0.000
0.000
0.000
0.000
0.000
0.000
0.000
0.000
0.000
0.000
0.000
0.000
0.000
0.000
0.000
0.000
0.000
0.000
0.000
0.000
0.000
0.000
0.000
0.000
0.000
0.000
0.000
1.236
0.812
0.062
9.411
5.977
0.863
0.000
0.000
0.000
0.000
0.000
0.000
0.000
0.000
0.000
0.000
0.000
0.168
0.609
2.466
0.022
2.799
4.506
0.000
0.371
0.000
0.000
0.000
0.000
0.000
0.000
0.000
0.000
0.213
0.000
0.000
0.000
0.000
0.000
0.000
0.000
0.000
1.068
0.000
0.000
1.214
3.111
6.990
0.000
0.017
0.000
0.000
0.124
0.209
0.196
0.000
0.000
6.310
4.161
0.227
0.000
0.000
2.266
0.000
0.000
0.000
0.632
1.267
1.461
3.111
0.000
0.000
0.007
0.000
0.000
0.000
0.000
0.045
0.151
0.000
0.003
0.755
4.518
1.749
16.732
1.682
0.011
0.000
0.021
0.000
0.120
1.495
0.779
0.000
0.000
0.022
2.007
0.000
0.055
0.249
0.000
0.000
0.000
0.000
0.081
0.003
0.627
21.207
0.533
0.000
4.770
16.062
0.556
1.562
1.039
3.588
7.601
0.000
0.985
12.435
16.894
0.266
10.078
0.000
11.891
11.970
7.213
9.072
3.279
4.139
3.674
1.061
0.017
0.000
0.105
0.010
6.446
33.737
5.469
4.892
15.065
8.956
37.093
1.371
8.427
15.911
8.484
6.973
15.036
2.788
3.006
3.081
3.226
0.704
3.998
9.992
1.003
5.993
3.906
5.998
5.703
4.194
47.214
0.144
9.716
11.016
0.288
10.286
19.022
16.243
0.172
8.792
4.596
4.627
2.063
7.007
3.544
5.031
0.230
2.065
1.274
4.775
0.000
0.000
15.451
6.820
0.524
1.665
2.724
5.996
7.982
5.164
0.227
8.854
8.410
7.769
1.555
0.000
0.000
1.477
0.536
1.500
0.707
9.043
8.980
3.419
1.257
1.045
2.623
1.600
6.921
6.252
0.062
16.069
6.954
3.124
20.289
18.727
7.500
4.623
9.084
4.448
0.922
23.176
11.738
8.559
6.195
13.367
0.465
6.178
16.570
4.997
2.659
2.621
6.285
0.312
7.430
10.272
4.880
0.330
21.732
10.974
5.153
14.318
3.280
15.343
0.051
0.000
0.000
4.257
5.208
6.805
5.308
2.575
4.958
1.277
0.179
16.648
1.974
16.737
1.064
22.519
0.484
0.000
9.534
9.452
3.725
0.000
18.649
2.390
2.242
1.933
7.059
2.036
0.000
0.000
9.613
6.674
0.652
0.000
0.000
0.000
0.000
1.615
0.903
0.930
1.713
2.081
12.778
1.373
0.000
0.000
0.000
0.000
0.000
0.000
0.000
0.000
7.069
11.831
8.641
2.877
8.243
3.807
0.082
0.000
0.000
0.000
0.000
0.000
0.000
0.000
0.000
0.000
1.097
3.971
2.723
0.000
0.000
0.000
0.000
0.010
0.000
0.000
0.000
0.000
0.000
0.000
0.000
0.017
0.000
0.000
0.000
0.000
0.000
0.000
0.000
0.000
0.000
0.000
0.010
0.000
0.000
0.000
0.000
0.000
0.000
0.000
0.000
0.000
0.000
0.000
0.000
2.863
0.000
0.003
0.007
0.000
0.000
0.000
0.000
0.000
0.000
0.000
0.000
0.000
0.000
0.000
0.000
0.000
0.000
0.000
5.581
2.817
5.031
0.671
0.000
0.000
0.000
0.000
0.000
0.000
0.000
2.664
0.000
0.000
0.000
0.000
0.000
0.000
0.000
0.000
0.055
0.000
0.000
0.000
0.000
0.000
0.000
0.000
0.000
0.000
0.039
0.000
0.000
1.318
0.326
0.000
0.000
0.000
0.000
0.000
0.000
0.000
0.000
0.168
0.479
0.000
0.000
0.000
0.000
0.000
0.000
0.000
5.480
2.469
10.839
0.000
0.000
0.000
0.000
0.000
0.000
0.000
0.000
0.779
0.000
0.010
0.814
0.000
0.060
0.000
0.000
13.721
8.564
6.769
10.511
0.000
0.027
0.000
0.000
11.091
2.956
1.130
6.127
10.955
9.668
10.209
0.908
5.361
17.382
0.573
7.819
23.413
0.839
11.724
2.281
0.000
5.172
3.174
13.024
7.381
12.881
2.820
0.000
10.569
0.000
1.176
0.521
0.000
3.389
2.396
12.044
32.427
17.381
5.988
0.010
2.063
1.020
6.372
24.039
5.368
28.463
10.452
12.660
5.457
4.725
7.078
20.689
1.629
10.710
17.418
4.077
0.177
0.000
0.000
1.183
0.728
1.090
18.986
37.829
0.000
0.000
0.139
2.005
5.939
8.923
50.722
4.453
3.174
0.594
9.781
1.816
2.039
27.888
9.641
1.875
11.237
25.368
7.993
13.778
15.377
13.609
3.165
2.376
1.483
5.076
11.700
16.644
12.665
9.610
10.252
1.964
6.963
18.275
9.994
8.597
7.179
6.273
1.586
8.952
14.766
7.896
12.037
5.146
1.236
4.758
9.792
5.964
9.515
0.051
1.809
5.102
18.479
12.866
5.912
4.807
94.719
25.897
5.792
5.181
7.615
9.884
14.490
5.958
5.411
15.268
3.650
9.041
17.803
1.282
3.057
1.849
0.845
0.003
8.035
3.502
3.641
12.773
4.201
14.543
4.132
0.560
0.055
5.490
2.527
12.136
20.733
3.625
1.761
6.288
14.452
9.658
1.442
10.452
0.311
2.613
1.313
2.221
4.910
3.169
8.332
4.679
3.416
3.684
8.205
6.623
4.940
5.627
9.429
3.533
5.620
5.407
12.349
8.446
63.745
2.963
0.000
0.000
0.000
0.000
3.509
0.000
4.065
2.558
7.962
11.028
4.571
17.118
12.074
3.805
22.198
7.859
13.822
3.538
6.716
7.598
0.633
3.083
5.332
5.711
1.978
1.992
1.133
1.684
1.399
2.214
2.894
0.000
0.000
0.000
0.048
0.027
3.874
0.374
6.944
4.681
0.427
9.249
0.024
0.000
0.000
1.075
2.650
0.045
0.014
0.021
0.014
0.000
5.197
0.428
0.000
0.114
0.000
0.239
4.472
0.000
2.671
17.077
35.314
0.113
0.000
0.177
1.402
0.000
0.572
0.000
3.754
0.400
3.128
0.886
0.000
1.294
5.073
2.853
0.000
0.000
0.000
0.000
0.000
0.000
0.000
0.000
0.000
0.000
1.511
0.000
0.154
0.000
0.000
0.000
0.000
0.000
0.000
0.000
0.000
0.000
0.000
0.000
0.000
0.000
0.000
0.000
0.000
0.000
0.000
0.000
0.000
0.697
0.000
0.000
0.000
0.000
0.000
0.415
0.000
0.000
0.000
0.000
0.000
0.000
0.000
0.000
0.000
0.000
0.000
0.000
0.000
0.000
0.024
0.124
0.288
0.101
0.000
0.000
0.000
0.000
0.000
0.000
0.000
0.000
0.000
0.000
0.000
0.000
0.000
0.809
0.113
0.000
0.000
3.188
0.000
0.024
0.779
0.000
0.000
0.000
0.000
0.241
0.209
0.000
0.000
0.000
0.000
0.000
0.000
0.000
0.000
0.000
0.007
0.486
0.000
0.000
0.000
0.484
0.021
0.000
0.000
0.000
2.489
0.637
0.151
0.003
0.067
0.000
0.000
0.228
0.048
0.000
0.000
0.203
0.259
0.319
0.000
0.074
1.364
1.414
5.342
5.426
0.257
8.095
21.268
0.343
1.373
0.000
0.654
0.230
0.000
0.000
0.000
0.000
1.514
0.896
14.046
15.118
0.024
11.221
7.082
8.161
2.276
8.083
16.993
0.000
0.000
2.287
8.411
9.407
0.402
0.000
8.039
6.128
9.052
0.338
11.563
7.642
5.881
5.483
23.040
9.836
3.797
7.241
6.144
6.496
11.450
28.815
6.705
0.000
0.045
0.007
1.754
0.000
0.000
0.000
0.000
0.000
3.159
0.010
0.137
0.106
0.014
0.000
0.000
0.360
2.753
0.728
5.414
4.219
4.357
8.264
13.266
43.094
3.831
7.103
0.257
0.062
3.464
5.335
0.694
11.089
7.031
2.693
8.956
6.798
7.248
12.023
11.395
2.431
3.382
2.132
6.733
5.363
0.340
0.000
5.725
11.939
7.867
5.273
3.454
83.307
7.728
0.481
23.064
15.504
0.000
7.491
15.144
1.710
3.921
17.657
9.483
7.594
1.677
0.027
2.005
11.333
9.850
0.457
8.514
11.005
5.248
16.589
9.201
3.244
11.204
9.991
2.671
0.601
4.676
16.315
7.134
0.306
0.735
5.019
10.543
28.712
0.027
12.964
7.117
7.189
0.875
0.048
16.488
3.931
1.188
2.601
10.967
1.875
1.179
11.814
3.601
9.246
2.312
11.331
8.084
1.763
0.716
0.524
1.699
0.592
7.879
7.451
3.394
4.598
3.416
0.294
0.218
1.768
2.813
5.050
4.177
1.764
9.441
2.996
8.010
1.195
1.586
6.020
5.098
1.686
0.385
14.605
0.402
0.024
0.481
2.683
0.079
0.913
5.435
4.968
0.000
0.882
8.871
4.027
0.130
0.000
0.000
0.000
0.000
0.000
0.000
2.146
0.000
0.000
0.000
0.000
0.000
0.000
0.203
2.808
0.000
0.997
5.315
0.014
0.000
0.000
0.000
0.000
0.000
0.000
0.000
0.508
1.895
6.506
1.171
3.763
0.065
0.000
0.000
0.000
0.000
0.000
0.000
0.000
0.000
0.000
0.000
0.000
0.000
0.252
0.444
0.000
0.000
0.000
0.000
0.000
0.026
0.092
0.276
0.000
0.000
0.000
0.000
0.000
0.000
0.000
0.000
0.000
0.000
6.170
0.378
0.000
0.000
0.000
0.000
0.000
0.000
0.000
0.000
0.000
0.000
0.000
0.000
0.000
0.000
0.046
0.000
3.798
0.000
0.000
0.000
0.000
0.000
0.000
0.000
0.000
0.148
0.000
0.000
0.000
0.000
0.000
0.000
0.129
0.000
0.000
0.000
0.000
0.000
0.000
0.000
0.000
0.000
0.000
0.000
0.000
0.000
0.000
0.000
0.000
0.000
0.000
0.000
0.000
0.000
0.000
0.000
0.000
0.000
0.000
1.629
0.366
0.021
0.058
0.000
0.000
0.000
0.000
0.000
0.000
0.000
0.000
0.000
0.546
0.451
0.588
0.000
0.000
0.000
0.000
0.000
0.000
0.000
0.041
0.000
0.000
0.000
0.000
0.433
0.118
0.053
0.062
0.185
0.518
0.130
0.000
0.000
0.144
0.096
0.000
0.000
0.000
0.100
0.000
0.879
0.922
3.112
0.000
0.000
0.000
0.000
0.000
0.000
0.000
1.073
0.254
0.000
0.000
0.000
0.000
5.536
0.000
2.350
0.000
0.033
0.000
0.000
0.000
0.072
0.051
0.014
0.007
0.192
0.000
0.000
0.093
0.000
0.484
0.000
0.000
0.000
0.000
1.572
0.000
0.000
0.031
0.000
0.000
0.000
0.041
0.000
0.568
0.000
0.007
0.000
0.000
6.791
13.807
0.474
0.172
0.000
0.000
0.675
0.666
0.000
0.000
7.040
0.390
0.000
6.382
10.143
27.692
26.896
2.465
6.388
7.725
2.856
70.700
6.089
55.570
10.343
12.391
2.687
0.973
8.073
14.766
9.104
0.252
0.410
1.071
1.763
0.000
5.497
0.201
0.091
0.331
3.411
2.484
0.551
13.031
3.619
5.917
2.356
16.554
0.800
2.518
4.553
0.000
4.350
7.253
16.718
28.619
6.972
3.976
10.650
9.821
12.555
0.615
22.184
15.194
3.200
12.643
12.888
1.778
5.429
2.656
8.695
6.358
15.092
4.516
1.703
0.000
0.007
0.032
3.195
5.994
1.186
9.532
14.143
12.030
17.655
1.032
11.924
1.212
5.564
3.282
8.839
6.099
12.318
2.275
1.118
3.512
5.270
16.622
0.563
6.430
1.548
15.884
2.735
1.463
6.048
6.908
0.749
2.793
0.000
0.915
0.000
0.000
0.000
0.038
0.000
0.000
2.237
8.171
18.213
9.951
0.458
0.000
0.000
1.171
11.040
0.199
3.301
2.096
5.962
0.407
0.000
0.000
0.407
1.758
5.515
7.496
1.167
24.009
0.788
0.000
0.000
4.678
0.456
1.178
0.433
3.510
1.263
0.000
0.000
0.000
3.203
1.126
6.295
2.283
4.007
0.000
0.000
0.000
1.535
0.000
0.000
0.000
3.248
4.194
0.000
0.000
0.000
0.000
0.000
0.000
0.000
0.000
0.415
0.136
0.318
0.000
0.000
0.000
0.000
0.000
0.000
0.000
0.000
0.000
0.000
0.000
0.000
0.000
0.000
0.333
0.000
0.000
0.965
0.000
0.000
0.000
0.000
0.000
0.000
0.000
0.000
0.000
0.000
0.000
0.000
0.000
0.000
0.000
0.000
0.000
0.000
0.000
4.223
0.000
0.000
0.000
0.000
0.000
0.000
0.000
0.000
0.000
0.000
0.000
0.000
0.000
0.000
0.000
0.000
0.000
0.000
0.000
0.000
0.184
0.000
0.161
0.115
0.000
0.000
0.000
0.000
0.103
0.000
0.000
0.076
0.027
0.000
0.561
0.187
0.000
0.000
0.000
0.000
5.280
0.000
0.000
0.000
0.007
1.809
2.844
0.187
0.573
1.849
0.000
0.118
0.000
0.000
0.000
0.051
0.000
0.000
0.000
0.000
0.000
0.000
0.491
0.089
0.295
0.000
0.065
0.017
0.130
0.227
0.039
0.000
0.007
0.239
0.512
0.387
0.598
0.185
0.597
0.000
1.081
0.323
1.169
5.458
6.073
0.000
0.000
0.000
0.563
9.381
0.350
3.878
0.100
4.549
7.181
7.146
6.125
1.950
2.628
5.720
0.000
0.000
14.059
56.205
0.000
0.069
9.108
4.534
1.854
0.000
0.192
10.643
0.961
8.260
9.728
5.527
0.139
3.066
0.161
2.877
21.293
0.306
7.455
0.000
11.779
9.299
21.760
14.739
1.598
9.761
6.295
0.764
0.000
10.758
13.238
2.455
3.097
4.262
13.900
5.099
28.207
9.749
14.063
6.267
15.338
4.388
2.826
51.922
112.375
10.791
0.076
0.000
3.425
15.460
7.089
8.737
11.556
6.709
10.931
1.218
2.441
0.000
0.000
0.248
4.812
5.037
0.141
2.969
0.000
0.000
0.000
0.000
3.028
18.042
3.656
0.381
0.000
4.940
3.114
0.270
11.312
5.000
10.269
9.106
12.689
0.675
12.738
3.394
8.125
0.352
0.000
2.051
10.614
10.497
1.739
9.357
12.717
20.979
76.592
8.831
14.442
4.798
34.985
14.629
8.734
12.693
1.202
1.313
1.396
0.603
1.396
2.374
1.765
0.000
5.342
11.386
8.677
5.643
16.953
9.354
3.885
8.502
5.567
12.149
14.166
1.666
0.395
10.015
2.987
7.683
0.613
7.555
15.977
10.641
7.787
3.337
9.287
3.903
11.100
5.639
7.270
7.203
18.958
1.372
1.160
2.407
1.925
1.909
0.000
0.900
2.149
3.176
2.520
3.488
4.690
3.262
1.202
3.351
11.783
9.084
5.936
2.290
3.358
0.405
10.022
12.535
5.861
10.226
4.855
6.763
0.209
2.829
5.744
0.862
0.082
4.147
1.720
8.655
0.000
0.014
0.731
7.069
3.371
7.433
0.862
7.532
0.031
0.000
1.921
1.396
3.419
0.000
4.226
0.000
1.542
7.018
0.203
2.369
0.735
0.000
0.000
0.000
0.000
0.000
0.282
1.639
2.793
4.441
4.420
0.810
2.544
0.000
0.000
0.608
0.000
0.949
1.305
0.021
2.613
1.696
0.000
0.000
0.024
0.000
0.000
0.000
0.000
0.000
0.000
0.000
0.000
0.000
0.000
0.000
0.000
0.000
0.000
0.000
0.021
0.447
0.000
0.000
2.329
0.000
1.103
0.136
0.000
0.000
0.000
0.000
0.000
0.000
0.000
0.000
0.027
0.204
0.000
0.000
0.000
0.000
0.000
0.000
0.490
0.000
0.000
0.441
0.000
0.000
0.000
0.000
0.000
0.130
0.000
0.000
0.000
0.000
0.000
0.000
0.000
0.000
0.000
0.000
0.000
0.000
0.000
0.000
0.000
0.000
0.000
3.897
0.000
0.000
0.000
0.000
0.000
0.000
0.000
0.000
0.000
1.365
0.027
0.000
0.000
0.000
0.000
0.000
0.000
0.000
0.337
2.149
0.000
0.000
0.189
0.000
0.366
1.995
0.364
0.208
0.284
0.000
0.000
0.000
0.000
0.000
0.000
0.000
0.175
3.262
0.000
0.845
0.651
5.141
1.562
0.312
0.000
0.000
2.242
0.233
9.785
0.010
3.940
3.734
4.495
0.000
0.476
5.524
1.157
6.171
0.137
0.118
0.000
11.556
0.512
6.170
0.000
6.945
0.213
20.932
3.636
4.348
17.137
13.874
6.121
5.675
0.007
0.354
0.130
0.000
0.000
2.554
3.263
2.214
17.082
6.983
1.037
1.715
7.811
0.000
0.309
1.226
7.914
5.148
0.000
0.014
0.000
0.000
0.000
0.058
0.048
10.090
0.855
0.223
0.704
0.354
0.158
4.451
9.204
5.572
0.000
0.014
8.744
12.748
8.350
5.376
1.373
14.845
5.588
10.492
6.080
16.346
5.253
11.100
2.637
3.299
14.473
6.520
8.521
11.089
0.625
0.010
6.885
0.069
0.000
2.973
0.000
0.000
0.621
0.000
0.000
0.000
0.000
0.000
0.045
5.237
1.205
0.000
0.409
20.565
0.350
2.390
15.302
10.300
2.630
8.302
0.017
10.691
4.731
0.130
1.895
19.123
7.407
3.008
0.103
9.967
11.618
13.668
0.834
2.386
14.832
13.582
8.683
2.683
2.103
10.506
6.669
4.156
23.085
10.540
5.339
10.708
7.845
2.558
0.766
14.416
9.380
0.000
1.099
8.212
3.234
8.418
6.691
10.018
3.389
6.279
12.195
17.056
17.358
12.270
10.437
7.563
1.217
4.355
2.005
4.542
1.238
9.204
8.387
21.743
5.006
13.283
2.232
8.937
4.065
0.618
0.000
0.000
2.094
18.814
48.805
14.612
2.039
4.964
5.006
6.012
3.421
11.316
13.692
13.748
9.998
9.589
14.928
15.092
7.484
5.133
0.000
0.000
0.000
0.000
0.000
0.034
23.291
5.507
0.580
15.017
0.148
3.735
5.733
7.251
0.227
1.487
3.052
11.161
8.585
6.377
2.232
2.422
7.878
61.226
0.017
0.000
0.000
0.000
0.436
0.352
5.133
0.276
1.546
0.242
0.000
0.000
0.000
0.000
0.000
0.199
0.000
0.536
5.476
11.160
4.106
7.811
0.680
9.877
4.019
0.017
1.626
5.476
11.992
0.920
4.381
1.851
1.765
0.014
0.000
0.000
0.000
0.000
0.000
0.000
0.000
0.000
0.000
0.721
0.264
1.528
0.000
0.000
1.881
0.017
0.000
1.947
0.000
0.137
0.000
0.000
0.000
0.000
0.000
0.000
0.000
1.838
0.000
0.000
0.572
0.031
0.000
0.000
0.000
0.000
0.000
0.000
0.000
0.000
0.000
0.000
0.000
0.000
0.000
0.000
0.045
0.000
0.000
0.000
0.000
0.000
0.000
0.000
0.000
0.000
0.000
0.192
1.802
5.665
14.924
0.580
0.000
0.000
0.000
0.000
0.000
0.000
0.000
0.000
0.000
0.000
0.000
0.000
0.542
21.828
5.620
0.000
0.000
0.000
0.000
0.000
0.000
0.000
0.000
0.017
0.000
0.000
0.017
0.000
0.858
2.522
1.212
0.000
0.000
0.000
0.000
0.000
0.000
0.000
0.584
0.000
0.160
2.850
5.617
0.000
0.000
0.031
6.321
9.275
6.086
32.152
4.934
3.162
0.000
7.148
0.000
16.593
12.881
7.100
2.403
2.788
9.386
13.767
0.024
0.000
0.000
0.000
0.000
0.000
0.000
0.000
0.000
0.000
0.000
0.000
0.000
0.491
0.000
0.299
47.272
0.014
0.048
11.541
24.496
22.943
0.385
0.000
1.045
4.878
8.355
0.000
0.000
8.417
4.127
0.158
9.835
19.002
1.586
2.810
0.000
0.000
0.189
11.597
0.263
0.000
8.293
0.644
13.867
8.528
2.995
0.695
1.291
2.262
13.300
2.072
5.711
16.984
18.148
7.823
0.972
1.979
0.000
0.149
6.509
13.989
6.472
2.982
0.668
6.624
13.688
0.038
11.012
0.266
0.402
0.000
12.115
2.897
9.840
0.425
0.000
0.000
4.019
40.625
6.652
7.959
3.891
7.643
8.820
0.975
11.506
11.642
10.276
1.140
11.124
7.440
20.436
15.451
2.958
17.956
1.993
0.000
2.050
0.024
4.231
0.306
11.024
13.523
3.998
0.110
0.537
0.675
0.000
0.000
4.923
7.385
0.900
0.961
3.320
4.116
9.019
3.977
9.055
0.930
5.675
1.595
0.130
0.007
4.182
6.108
10.962
17.770
18.745
26.158
3.694
3.588
0.645
0.014
0.000
0.000
0.000
0.168
4.506
0.285
9.338
0.948
2.657
0.165
10.713
20.320
7.515
3.564
0.171
5.210
16.517
1.236
8.176
7.889
14.589
9.258
6.120
7.701
3.560
1.512
9.177
4.683
5.616
6.662
4.851
14.383
3.897
4.661
6.097
1.198
6.343
9.776
17.067
2.724
2.834
9.836
17.873
0.421
7.666
6.614
5.228
13.542
2.008
3.632
4.237
8.606
10.976
15.508
3.002
11.068
8.116
12.140
4.071
7.821
3.893
4.144
25.509
0.141
0.111
0.997
2.743
7.520
14.670
0.402
3.536
21.614
1.339
0.669
0.165
0.141
0.000
0.000
0.000
0.000
0.000
15.752
0.457
0.000
0.000
0.010
0.031
0.000
0.000
0.282
1.133
9.101
4.561
4.827
0.316
0.000
0.000
0.000
0.893
2.448
2.558
0.000
0.000
0.000
0.669
9.326
1.054
2.436
0.673
0.021
0.199
0.093
0.000
0.000
0.000
0.000
0.000
0.772
0.192
0.000
0.000
0.000
0.079
0.774
0.007
0.000
0.000
0.034
0.000
0.736
1.521
0.000
0.000
0.621
2.441
0.000
0.000
0.000
0.000
4.770
0.065
0.000
1.650
4.649
0.755
9.204
0.287
0.000
0.000
0.000
0.000
0.000
0.220
0.230
0.000
0.000
0.000
0.000
0.000
0.000
0.000
0.000
0.000
0.000
0.000
0.000
1.229
0.000
0.000
0.000
0.000
0.000
0.000
0.000
0.000
3.231
3.650
0.000
0.481
0.000
0.000
0.000
0.316
0.477
0.000
0.395
0.000
0.000
5.682
0.024
0.024
0.000
0.000
0.964
0.000
0.175
6.232
0.007
6.092
0.362
0.000
0.000
0.000
0.000
0.000
0.000
0.633
3.186
0.000
0.000
0.000
0.000
0.000
0.000
0.280
0.324
0.694
1.748
0.000
0.391
3.056
6.046
3.623
8.314
8.075
2.287
4.654
0.000
0.051
12.541
2.800
6.968
14.529
0.031
5.168
0.003
0.000
0.000
0.041
1.037
28.781
0.985
0.028
0.000
0.000
0.000
0.000
9.223
14.128
0.236
1.881
10.484
3.915
3.900
5.170
0.429
11.802
7.512
32.492
0.251
0.000
0.000
0.604
14.279
6.446
20.896
16.532
5.819
11.992
8.396
10.930
34.858
3.203
0.136
6.952
6.961
4.925
0.359
0.000
0.141
0.000
5.489
3.057
9.075
10.273
2.530
8.595
0.826
0.003
0.000
0.814
3.145
11.164
4.607
3.327
3.088
3.967
0.677
9.392
6.595
24.350
11.625
2.349
1.933
1.632
17.671
8.640
74.892
9.271
3.631
8.065
1.718
8.153
0.663
9.884
7.330
2.091
2.645
1.806
7.649
1.061
0.031
3.102
10.969
2.491
4.374
1.025
0.000
13.819
50.321
0.175
0.350
6.810
1.263
0.494
2.657
0.278
0.827
12.768
3.409
2.633
13.407
11.426
24.203
25.780
1.284
0.000
0.000
0.834
14.873
0.978
4.140
42.163
7.986
3.279
23.813
39.898
11.996
3.495
8.446
17.317
0.100
0.632
9.071
6.794
7.785
10.986
14.032
5.325
18.309
4.798
11.467
14.718
13.043
5.830
1.126
2.620
15.570
7.062
8.545
1.332
1.720
11.498
0.869
0.072
3.584
4.982
15.573
1.933
9.740
4.762
2.747
15.961
3.862
6.334
2.410
0.192
1.742
14.838
2.082
3.613
19.029
6.815
4.822
0.455
2.517
16.914
1.555
0.453
7.938
2.086
6.430
1.102
0.800
3.819
6.178
0.021
0.842
0.682
0.877
3.711
5.859
5.394
8.054
3.516
11.611
23.545
23.046
10.430
0.007
0.000
0.034
0.295
0.000
0.000
0.000
0.000
0.345
7.417
13.007
7.332
0.944
3.878
0.000
4.197
0.000
0.000
0.101
0.000
0.826
0.000
0.000
2.223
7.605
4.201
0.010
0.000
2.026
6.425
0.902
1.908
2.417
0.070
0.812
0.000
0.000
0.206
3.519
0.000
0.000
0.000
0.000
0.000
0.000
1.691
0.000
0.000
4.396
0.197
0.000
0.000
0.000
0.000
0.000
3.856
0.000
0.000
0.000
0.000
0.000
0.000
1.696
0.000
0.000
0.000
0.000
0.000
0.000
0.000
7.775
0.000
0.000
0.000
0.000
0.000
0.000
0.000
0.000
0.000
0.000
8.792
7.405
0.216
0.000
0.000
0.000
0.000
0.000
0.000
0.000
0.000
0.000
0.000
0.000
0.000
0.000
0.000
0.000
0.000
0.117
0.000
0.000
0.000
0.000
0.000
0.000
0.000
0.000
0.000
0.000
0.000
0.000
0.000
2.280
0.245
4.484
0.000
0.007
0.000
0.000
0.000
0.000
0.000
0.000
0.000
0.000
0.000
0.000
0.000
0.000
0.000
0.000
0.954
0.324
1.899
0.000
0.000
0.778
0.000
0.000
0.072
0.393
0.000
0.000
0.000
0.000
0.000
0.000
0.000
0.000
0.000
2.283
0.093
0.000
0.110
3.686
0.599
0.326
0.000
0.000
0.000
0.000
0.000
5.663
4.700
0.797
0.000
0.810
0.000
0.000
13.774
2.151
0.316
18.134
3.174
0.017
0.000
0.000
0.000
1.318
8.722
2.012
11.275
0.034
0.000
0.000
21.938
0.000
0.192
0.051
3.503
3.862
0.000
6.947
7.577
0.604
3.123
9.028
1.130
6.010
2.863
0.230
3.691
4.789
13.130
14.196
9.594
1.071
5.297
20.031
3.238
5.818
3.937
4.920
0.292
0.000
0.231
15.697
38.473
9.441
0.704
5.074
3.722
10.028
15.580
5.136
0.436
0.000
0.021
3.735
2.022
1.068
10.543
2.784
9.153
3.449
9.864
5.088
1.557
5.455
2.383
14.753
3.155
4.125
1.801
3.708
6.830
0.000
0.055
0.124
2.031
9.682
19.696
3.375
0.388
0.862
1.267
1.305
6.928
11.199
15.553
18.481
77.677
7.272
54.406
4.130
5.785
7.625
17.104
52.201
2.094
6.194
14.574
9.393
22.821
10.420
9.483
5.418
3.217
5.885
7.997
6.369
10.453
8.075
7.634
2.124
21.093
17.812
38.700
56.845
1.421
23.609
23.183
40.492
3.802
3.199
15.998
9.637
18.272
13.700
2.806
1.217
13.291
8.624
10.069
7.618
4.359
18.550
10.313
1.730
3.200
7.145
1.723
2.434
8.425
9.107
10.643
26.539
9.531
4.508
10.567
8.080
7.929
21.224
6.657
6.557
10.979
13.163
12.579
6.691
0.532
10.066
11.769
10.499
1.239
5.021
2.678
5.328
13.190
9.144
18.649
8.085
13.247
4.367
8.734
5.958
15.901
2.455
14.514
3.219
0.272
14.353
5.334
28.958
11.632
0.010
0.000
0.000
1.416
2.855
4.362
2.556
5.488
4.697
0.000
0.000
0.000
0.115
0.000
0.000
0.000
0.000
0.000
0.000
0.003
0.000
0.000
0.000
0.000
0.000
0.000
0.000
0.000
0.000
0.000
0.000
1.648
0.038
7.016
1.394
2.184
0.000
0.000
0.000
0.000
0.035
0.000
0.000
0.949
1.869
0.000
0.227
0.000
2.259
2.283
14.334
0.000
0.000
0.666
7.309
2.311
1.102
0.391
0.000
0.000
0.000
0.000
0.000
0.000
0.148
0.000
0.000
0.000
0.000
0.000
0.000
0.000
0.000
0.000
0.000
0.000
0.000
0.000
0.000
0.000
0.000
0.000
0.000
0.000
0.000
0.000
0.000
0.000
0.000
0.000
0.000
0.000
0.000
0.000
0.000
0.000
0.000
0.000
0.000
0.000
0.000
0.000
0.000
0.504
0.000
0.000
0.000
0.177
0.000
0.000
0.000
0.000
0.000
0.000
1.855
0.000
0.690
0.000
0.000
0.034
0.000
1.402
0.031
0.000
0.000
0.161
0.000
0.000
0.000
0.000
0.000
0.000
9.021
11.204
0.076
0.000
0.000
0.000
1.538
1.774
0.000
0.000
0.000
0.000
0.000
0.578
0.254
0.318
2.108
0.436
0.000
0.120
0.051
0.965
1.686
0.000
0.007
1.310
0.000
1.061
0.172
0.000
0.000
0.096
3.080
0.000
0.000
8.557
4.705
4.872
0.003
17.609
0.070
4.910
6.607
1.578
14.339
10.830
1.799
2.599
1.068
18.246
2.659
13.136
0.292
7.273
3.826
0.101
0.501
0.000
0.774
0.000
0.000
0.000
13.578
0.000
5.756
0.000
24.294
6.657
2.130
1.457
0.718
15.020
4.113
0.473
9.283
11.458
0.000
0.000
0.000
0.000
0.000
9.194
5.370
7.230
5.236
0.007
4.580
14.454
13.326
3.280
13.620
17.281
0.828
6.056
13.451
10.070
18.069
7.993
3.722
17.602
9.742
2.283
14.742
6.516
3.862
9.963
11.165
6.575
1.329
3.088
3.581
5.964
9.785
4.333
82.816
8.930
10.217
0.591
1.569
0.213
3.320
8.676
3.801
5.610
10.114
7.175
2.496
11.285
1.401
0.038
0.000
1.349
2.947
12.583
7.255
4.718
6.430
1.648
4.120
13.230
11.330
3.371
12.907
0.416
11.678
3.607
52.746
12.955
0.778
2.149
3.191
1.911
3.481
0.038
6.459
0.603
0.000
0.973
5.067
20.649
0.058
0.163
0.000
0.000
8.155
1.354
2.314
23.282
10.602
1.701
11.518
13.268
28.687
3.476
0.024
11.427
19.142
18.701
0.239
19.921
21.445
27.777
15.705
0.561
4.561
15.225
10.463
10.366
5.176
4.060
7.953
56.188
20.242
8.921
5.301
7.157
23.147
4.685
0.331
6.971
4.492
20.230
6.575
9.349
0.000
0.506
10.693
11.098
4.879
1.780
6.166
16.047
75.382
5.768
3.940
12.987
14.608
3.210
0.217
12.879
8.853
6.252
2.712
10.956
107.622
0.664
8.990
3.927
1.426
2.117
11.469
5.371
7.955
0.051
3.432
3.922
3.795
1.954
10.689
3.531
9.517
5.231
19.888
2.141
0.000
0.000
0.000
2.777
6.588
4.446
1.366
4.885
3.783
10.423
5.747
0.096
0.000
0.000
0.000
0.000
0.000
0.240
4.154
1.341
2.812
1.476
0.893
1.679
15.360
8.068
0.000
0.000
0.000
0.000
4.099
0.587
0.000
0.000
2.091
3.667
0.937
0.000
0.000
0.000
0.000
0.000
0.000
0.000
0.000
0.045
0.000
0.079
0.000
0.000
0.000
0.000
0.000
0.000
0.000
0.000
0.000
0.000
0.000
0.000
0.000
0.000
0.000
0.000
0.000
0.000
0.000
0.000
0.000
0.000
0.000
0.000
0.672
5.141
0.000
0.000
0.000
0.000
0.211
0.841
0.735
6.822
0.000
0.000
0.000
0.542
1.135
0.968
2.534
0.000
0.000
0.000
0.000
0.000
0.000
0.000
0.000
0.000
0.000
0.000
0.000
0.000
0.000
0.000
2.462
0.000
0.000
0.000
0.000
0.000
0.277
0.000
0.000
0.000
0.000
0.000
0.000
0.000
0.000
0.000
0.596
0.881
0.520
0.000
0.000
0.000
0.000
0.000
0.000
2.287
2.741
2.132
5.232
1.148
0.165
0.003
0.003
0.978
0.077
0.079
0.000
0.181
0.000
0.000
0.450
1.392
0.000
0.000
0.977
0.206
0.000
0.000
0.000
0.173
0.000
0.000
0.000
0.000
0.000
0.048
0.292
2.905
9.345
0.213
0.000
2.812
0.924
23.662
25.347
161.423
17.805
12.643
17.101
20.455
15.415
9.719
4.340
3.444
5.692
1.081
5.205
4.247
16.181
11.673
5.902
0.000
0.000
9.302
8.954
27.898
6.791
4.956
8.133
9.383
1.317
1.213
8.973
7.172
10.032
2.791
24.463
10.761
2.209
0.331
1.753
14.222
3.615
8.090
1.087
5.116
13.493
2.137
7.337
1.964
7.538
0.611
2.601
3.310
4.777
7.912
11.786
2.944
0.965
0.000
12.114
8.135
11.639
1.193
15.329
27.409
27.457
14.263
45.130
12.509
18.696
5.263
0.699
17.268
3.662
3.006
8.261
3.754
16.086
10.595
6.442
5.704
5.924
7.505
4.510
2.111
0.000
3.174
5.486
5.406
5.359
8.331
8.322
17.334
19.696
15.343
4.302
46.046
4.532
10.888
16.572
7.483
2.860
5.486
2.534
6.669
4.645
1.794
22.630
0.608
15.453
43.025
23.912
22.995
12.858
2.062
6.737
4.294
3.195
5.491
17.303
15.338
5.497
13.565
17.301
40.643
2.214
2.420
9.443
14.290
13.132
11.360
37.300
9.191
3.811
4.170
4.197
4.229
1.929
9.472
5.925
6.005
4.052
0.995
10.197
5.751
1.389
11.989
11.810
11.884
11.426
16.690
12.986
15.781
19.434
4.894
7.359
0.496
0.010
2.535
0.964
8.501
20.138
14.844
36.699
22.143
16.764
6.888
5.591
11.518
5.526
4.258
10.082
17.700
19.630
25.105
26.831
10.379
0.625
0.000
5.067
3.679
2.887
4.602
0.640
0.685
5.583
2.082
16.324
0.699
1.511
0.072
1.990
6.393
9.026
9.036
7.714
1.742
7.550
16.249
14.978
10.224
0.700
0.130
0.851
0.628
0.000
0.000
0.000
0.000
0.000
0.362
10.252
13.261
5.984
1.162
0.381
0.089
0.000
0.000
0.000
2.736
1.037
3.196
4.171
1.483
1.826
5.025
4.000
7.557
4.810
11.872
1.524
46.603
1.631
0.000
0.000
0.000
0.000
0.000
0.000
0.000
0.000
0.494
10.492
3.162
0.154
3.495
0.014
2.431
2.791
0.000
0.000
0.000
0.000
0.275
1.691
0.000
0.000
0.000
0.000
0.000
0.000
0.000
0.000
0.000
0.000
0.000
0.000
0.000
0.000
0.000
0.000
0.000
5.376
0.000
0.000
0.000
0.021
0.000
0.000
0.000
0.000
0.000
0.000
0.000
3.924
0.007
0.000
2.465
0.000
0.000
0.111
0.000
2.343
1.545
2.416
0.000
2.153
6.398
0.007
3.444
0.216
1.286
13.081
0.000
0.123
0.000
0.000
0.000
0.405
0.000
0.000
0.000
0.539
0.000
2.729
1.272
0.000
0.000
0.000
0.000
0.014
0.000
0.000
0.000
0.000
0.000
0.000
0.000
9.768
25.021
10.976
10.234
0.076
0.000
0.134
0.000
0.000
0.000
0.007
0.000
0.000
0.000
0.000
0.000
3.859
7.948
0.000
0.000
0.000
0.000
10.890
0.227
0.000
0.117
1.318
0.000
0.003
0.000
0.031
9.822
63.487
1.025
0.000
0.000
0.000
0.190
3.286
3.598
0.486
5.083
2.149
5.038
10.398
6.030
4.069
8.303
4.278
1.073
5.007
7.496
16.547
61.515
6.219
10.102
1.284
0.197
10.391
13.575
17.906
5.630
0.000
1.804
2.451
6.896
0.467
4.504
0.000
8.192
26.764
17.118
14.777
15.146
19.992
0.283
0.130
0.139
0.000
2.888
17.243
6.444
1.258
6.381
5.622
14.246
11.747
6.611
12.497
22.028
14.715
10.142
0.182
2.733
1.140
5.677
5.888
9.744
12.327
27.651
1.655
26.235
14.111
28.420
6.231
5.146
1.957
5.665
1.689
5.435
6.626
4.151
2.970
7.539
7.969
4.954
5.153
6.516
4.391
5.888
18.086
5.454
12.847
0.700
0.000
9.976
6.829
11.270
23.703
25.578
14.953
7.167
9.589
11.441
8.777
10.669
14.038
5.780
3.986
0.810
4.796
2.987
0.007
4.803
10.978
12.663
107.944
3.746
11.834
6.845
18.989
4.298
7.086
7.522
1.517
2.300
7.385
5.960
12.191
28.595
90.520
3.162
2.920
2.403
14.200
10.787
15.673
3.490
1.294
4.338
1.154
3.021
7.618
11.258
28.019
4.189
8.336
7.975
41.202
21.672
4.712
7.035
9.531
5.706
7.929
14.382
1.126
8.926
11.028
9.836
60.627
12.521
5.054
21.049
1.301
18.694
47.358
39.942
15.553
0.755
1.710
3.864
16.157
14.306
19.027
28.384
16.668
0.809
0.158
4.079
6.005
1.899
2.647
3.790
11.500
7.335
35.046
91.351
4.449
5.229
4.700
12.598
3.598
6.211
2.427
14.152
6.798
22.340
24.129
17.022
1.439
1.006
14.100
10.382
11.131
3.557
3.004
1.576
13.499
6.039
6.987
3.886
6.681
15.398
18.220
9.146
10.451
1.954
3.347
10.981
1.085
5.212
8.494
17.036
22.670
1.257
0.062
5.064
0.783
1.737
0.810
4.072
5.291
3.162
7.584
1.851
4.195
7.639
7.059
2.426
1.720
1.954
0.027
0.000
0.000
0.100
0.000
0.000
2.729
0.630
6.801
1.623
0.000
0.000
0.000
0.748
4.542
9.927
0.000
0.913
0.031
0.010
4.975
6.504
18.863
0.170
0.000
0.000
0.000
0.000
0.000
0.560
7.352
5.683
4.227
0.748
4.662
2.362
0.870
0.000
0.000
0.913
1.876
0.000
0.251
0.000
0.000
0.000
0.000
0.000
0.000
0.000
2.420
12.301
0.142
0.000
1.291
0.000
0.007
3.032
0.000
0.000
6.506
9.021
0.222
0.000
0.000
0.000
0.000
0.232
6.096
0.000
0.000
0.000
0.000
0.000
0.000
0.000
0.161
0.027
0.003
12.514
0.000
0.000
0.000
7.689
4.037
2.647
0.021
0.000
0.000
4.037
0.000
0.000
12.572
0.470
1.583
0.000
0.000
0.000
0.000
6.159
0.106
0.000
0.000
0.000
0.000
1.823
0.934
0.031
0.000
6.355
6.029
5.727
10.736
5.873
0.000
0.000
0.000
1.051
5.754
0.288
0.000
0.000
1.325
0.079
0.000
2.149
7.165
8.089
0.700
0.000
0.014
3.897
10.866
5.909
6.103
13.153
2.808
13.348
0.106
0.755
16.387
5.922
17.113
12.082
13.774
4.463
1.978
10.767
15.910
0.542
1.521
3.691
1.717
4.338
8.640
35.292
24.585
5.572
11.065
13.166
3.617
5.682
13.580
6.346
0.007
1.296
13.136
22.520
19.947
0.000
0.000
7.569
13.757
17.214
1.401
0.371
13.709
11.185
57.665
20.028
2.230
4.257
11.711
6.049
10.571
10.643
4.949
19.933
23.040
9.241
6.135
14.337
5.593
7.869
4.422
2.417
2.273
11.845
7.224
11.985
2.039
11.089
9.476
11.817
37.264
14.763
9.857
2.414
7.955
8.835
4.937
1.533
0.148
0.000
0.755
17.930
35.390
0.134
0.000
6.008
5.500
6.636
22.476
7.426
4.383
12.263
4.137
6.362
4.793
10.514
5.807
4.729
1.641
10.114
15.106
5.459
4.817
0.474
1.823
7.505
15.450
5.071
5.824
1.342
11.046
1.451
14.942
6.611
9.124
0.288
6.430
7.728
4.706
10.406
6.089
1.964
14.227
20.912
35.264
22.260
15.737
5.526
17.340
16.874
20.732
6.278
27.078
11.077
16.255
2.620
19.722
25.131
2.075
5.926
16.732
20.932
10.876
6.636
2.656
11.752
2.105
49.418
12.420
16.685
8.042
2.096
16.991
3.886
5.191
18.526
10.904
9.026
5.273
1.373
22.826
9.433
5.874
6.345
3.512
8.758
13.424
21.150
0.366
0.000
12.324
17.111
6.145
0.172
0.000
0.000
0.000
0.000
0.000
0.000
2.975
4.569
3.897
2.532
3.771
4.098
8.324
4.504
2.994
6.048
0.869
2.434
2.647
6.885
10.418
7.862
5.770
16.955
0.288
0.000
5.723
12.312
2.901
0.051
7.982
7.186
5.387
0.000
0.000
0.000
0.000
0.000
0.000
0.000
0.920
6.209
10.430
2.479
0.292
0.103
3.224
0.003
13.503
11.096
4.803
0.357
0.000
1.205
6.403
0.000
0.300
0.000
1.463
12.405
0.189
0.000
0.000
0.000
0.000
0.000
0.000
0.000
0.000
0.000
0.203
0.000
0.771
3.723
0.000
2.848
0.000
0.000
0.000
0.000
0.000
0.000
0.000
0.000
0.000
0.000
0.000
0.000
0.000
0.000
0.000
3.969
7.248
4.042
2.486
0.719
0.000
1.530
7.347
0.282
1.550
1.095
0.062
0.000
0.000
0.000
0.000
0.000
0.000
0.000
0.000
0.007
0.000
0.000
0.000
0.000
0.395
0.213
0.010
0.000
0.000
0.000
0.000
0.000
0.000
0.000
0.000
0.000
0.000
0.000
0.000
0.000
0.000
0.000
0.000
0.000
0.000
0.000
0.000
0.000
0.000
0.000
0.185
0.206
0.000
1.493
7.653
2.596
5.423
0.003
9.150
0.529
0.000
0.000
0.000
0.000
0.000
0.000
0.000
0.000
3.553
49.830
0.007
0.072
0.975
0.000
0.748
0.021
0.000
0.000
0.865
0.855
0.316
0.000
0.000
0.719
1.909
0.000
2.347
2.002
0.000
0.273
4.343
1.974
6.178
0.100
2.862
6.388
0.031
0.630
0.321
10.478
13.299
2.559
43.528
2.814
0.584
0.000
0.910
10.446
2.877
45.312
47.445
0.366
1.555
11.651
29.708
17.115
9.948
0.000
0.000
0.287
6.302
16.926
4.982
0.766
16.572
76.963
27.816
0.062
0.000
0.000
5.974
18.258
7.893
8.973
1.485
12.708
2.290
14.504
1.169
14.176
20.805
11.258
0.021
12.981
21.221
29.145
14.505
14.972
18.454
22.515
0.838
0.000
0.014
5.613
12.469
14.426
2.767
6.314
0.518
12.936
3.210
0.285
0.000
0.453
18.478
29.617
24.537
1.109
2.942
20.613
2.146
3.773
16.991
12.928
8.865
0.666
6.355
1.414
1.397
2.905
25.320
11.838
5.866
3.859
19.745
33.093
11.381
5.665
1.545
2.692
0.925
4.116
12.796
6.365
3.545
1.263
1.003
2.266
25.844
5.225
3.224
0.985
1.787
9.328
3.311
9.678
3.493
0.776
3.684
6.724
0.242
6.647
8.113
12.583
1.998
10.284
4.185
12.576
15.273
47.524
7.036
22.687
10.028
1.231
16.193
5.747
6.503
14.293
3.371
0.748
0.685
5.164
32.216
20.586
1.281
4.856
2.558
4.659
0.795
3.201
2.039
14.087
2.242
10.162
9.160
7.788
4.813
3.773
4.563
26.276
18.224
2.942
8.226
2.384
12.365
117.056
3.081
20.397
5.636
24.697
29.141
3.983
12.475
3.179
2.723
15.197
1.866
1.363
5.792
6.885
14.797
73.680
23.734
4.710
12.868
50.067
0.051
2.206
3.842
9.915
18.342
11.893
9.287
0.838
9.689
8.655
0.000
3.890
14.129
12.210
21.277
17.128
4.546
8.998
9.069
6.662
10.077
19.209
26.741
0.017
0.000
0.000
0.000
0.000
0.000
0.000
0.797
0.000
0.560
4.298
3.746
0.680
0.072
0.000
0.000
0.000
0.043
4.432
11.649
7.972
2.412
0.000
8.068
1.308
0.000
0.000
0.000
0.000
0.000
0.000
1.047
38.102
3.471
0.000
1.121
0.000
0.003
4.484
4.104
1.851
0.199
0.601
0.572
0.003
0.000
8.772
0.172
1.711
0.000
0.000
1.267
0.051
3.074
0.371
0.000
0.000
0.021
0.924
3.608
19.872
1.064
0.000
0.000
0.000
0.000
0.000
0.000
0.000
0.000
0.002
0.000
0.000
0.917
0.053
1.099
1.404
1.092
0.000
0.000
0.518
0.086
0.000
0.000
0.000
0.000
0.000
0.000
4.638
10.221
14.399
5.418
14.468
0.752
0.000
0.000
0.041
0.003
0.379
0.027
0.000
0.000
0.000
0.220
0.429
0.000
0.000
1.342
0.000
7.819
0.302
0.000
0.000
0.000
0.000
1.250
0.000
0.007
8.051
0.086
3.433
0.536
0.000
0.000
0.003
0.048
3.481
3.329
6.042
14.577
18.448
3.502
0.058
0.000
1.270
0.000
1.785
16.788
9.682
15.283
0.307
1.032
0.985
10.440
15.851
0.000
0.460
1.826
2.235
3.450
18.268
5.797
14.808
12.708
18.131
15.017
19.707
6.376
5.771
1.821
0.000
0.302
11.707
17.636
17.491
1.490
13.113
10.427
9.922
26.656
3.831
0.127
1.813
11.707
14.258
2.019
24.525
0.611
10.636
8.506
12.497
7.567
0.017
0.002
5.438
10.732
12.193
19.978
12.772
0.003
0.024
0.463
12.727
7.423
9.587
14.529
20.728
7.579
24.467
15.077
18.629
10.145
6.077
27.049
24.208
0.409
0.000
0.002
7.951
1.634
1.294
7.484
5.977
5.047
10.228
4.041
1.188
9.756
14.133
3.708
15.257
82.573
6.860
14.409
19.896
72.810
5.879
0.051
12.655
0.652
9.694
9.179
2.618
2.173
10.938
0.000
2.668
0.944
2.796
2.606
131.167
14.893
10.252
9.630
4.020
13.094
5.035
7.395
4.297
23.700
9.577
4.939
3.852
2.046
13.446
4.808
60.112
4.604
1.375
7.512
1.282
10.662
5.261
0.172
2.101
6.266
10.231
9.922
14.272
7.896
5.267
1.480
5.431
12.071
6.736
8.356
1.145
42.502
1.499
20.266
6.837
1.662
2.692
24.273
9.191
8.813
13.067
2.364
29.237
27.183
4.254
15.504
12.552
0.766
6.587
17.199
9.268
7.330
1.749
11.563
10.375
3.409
4.925
12.027
13.496
5.517
5.996
11.803
3.327
15.827
5.148
8.557
10.216
49.500
0.379
0.718
8.099
22.302
105.688
3.818
9.410
6.760
14.165
6.286
13.596
6.127
8.106
64.696
20.629
4.552
8.023
0.000
0.525
0.439
12.123
21.612
16.438
1.119
10.767
0.886
10.876
12.147
23.765
8.669
23.288
11.134
12.082
11.896
10.737
15.226
14.694
3.066
5.500
3.964
7.100
7.854
0.216
2.341
8.895
0.223
12.545
12.366
10.705
8.638
5.946
0.000
0.000
0.000
0.000
0.165
0.000
0.000
0.000
0.002
1.339
8.528
12.015
10.073
13.101
2.050
2.671
4.964
8.011
14.136
2.077
12.133
7.986
3.078
8.957
2.379
3.244
4.873
3.766
0.000
6.025
3.440
1.454
0.014
2.125
3.461
6.812
12.202
0.309
0.000
0.000
0.000
0.000
0.000
0.000
0.000
0.000
2.053
4.782
2.168
0.034
6.410
2.304
2.184
4.779
1.950
3.674
1.459
0.196
3.234
3.344
1.991
0.000
0.003
0.036
0.000
0.002
2.396
17.247
0.000
0.000
0.000
0.000
0.000
0.000
0.000
1.802
0.000
0.000
0.000
0.000
0.000
0.000
0.000
0.024
4.767
0.000
0.000
0.000
0.000
0.000
0.000
0.000
0.000
0.000
0.000
0.913
0.002
0.000
0.000
0.000
0.000
0.000
0.000
14.904
0.014
0.007
2.494
4.068
0.000
6.908
0.148
0.395
4.079
6.204
0.282
2.125
0.082
0.021
0.000
0.002
0.000
0.000
0.000
0.257
1.432
0.062
0.017
2.565
0.000
0.000
12.061
0.000
0.003
0.196
0.079
1.476
0.271
0.000
0.058
5.984
1.449
0.833
3.691
6.326
3.231
0.000
10.825
20.987
0.051
0.144
0.642
0.014
0.000
4.796
0.810
6.987
6.801
26.630
15.542
5.637
17.406
10.173
12.545
1.071
0.000
5.802
8.731
9.623
17.374
11.951
26.855
5.809
20.369
6.782
0.077
15.250
7.805
0.275
2.008
12.902
0.009
0.000
2.180
3.447
0.354
5.965
7.234
22.728
8.156
4.693
0.031
0.254
5.220
12.603
5.383
7.134
8.322
4.662
24.645
8.641
19.060
23.058
11.994
13.386
5.143
13.149
7.812
19.638
28.225
3.267
8.588
2.218
15.182
15.642
13.366
2.242
7.249
134.081
5.869
15.482
1.957
1.421
6.545
7.828
19.425
5.907
6.818
8.868
51.308
24.383
6.224
13.321
13.342
19.106
30.017
10.379
6.758
4.288
17.079
6.482
3.874
0.762
11.948
3.457
2.556
15.783
15.769
4.746
10.738
13.185
5.850
0.141
1.542
20.411
6.058
1.133
7.539
10.229
7.660
9.020
13.510
4.618
4.789
7.357
29.289
13.372
13.299
0.045
0.002
12.022
13.494
5.962
1.782
0.189
7.512
6.880
6.238
7.175
63.329
10.154
11.364
37.884
5.881
14.061
4.007
22.198
12.167
10.461
13.180
8.765
6.618
19.460
16.201
11.901
13.189
10.554
5.014
2.082
13.396
20.417
90.881
54.472
5.524
15.810
0.724
20.738
21.542
13.767
6.782
128.724
112.191
0.937
3.038
14.574
8.147
5.038
5.768
19.276
14.121
27.583
1.655
13.132
26.971
8.731
10.006
1.274
15.884
8.027
17.455
60.902
0.429
0.000
0.000
3.596
10.035
6.372
0.769
7.512
4.439
2.341
16.610
6.363
4.698
5.301
10.784
28.587
11.276
7.848
0.199
0.000
0.000
0.000
0.000
0.000
0.000
0.000
0.000
0.000
0.000
0.000
0.000
1.463
4.776
5.732
6.688
4.257
2.685
0.539
5.359
1.655
0.000
0.000
0.000
0.024
2.312
6.609
5.648
11.979
4.789
10.107
1.267
1.754
1.157
3.474
0.460
0.000
3.177
4.415
1.480
0.000
3.335
10.722
7.593
7.327
1.387
6.338
6.393
0.000
0.001
0.003
7.860
1.941
0.291
1.746
0.000
0.000
1.629
0.285
0.000
0.000
0.000
3.203
1.826
0.731
0.300
0.029
0.000
0.002
2.689
2.877
5.715
3.262
0.000
4.764
8.951
1.406
3.583
0.074
5.342
11.817
1.009
0.051
0.512
0.000
0.000
0.000
0.000
4.159
0.000
0.000
0.000
0.000
0.000
0.360
1.960
0.000
0.142
4.398
1.892
0.000
0.002
0.000
0.000
0.000
0.000
0.000
0.000
6.283
0.323
0.827
0.082
1.027
0.003
0.000
0.814
13.065
0.017
0.000
0.003
7.965
0.010
0.000
0.000
0.000
0.000
0.000
0.000
8.974
6.018
4.015
9.699
0.330
0.058
0.000
0.000
0.000
0.000
0.002
0.000
0.021
0.027
0.350
0.000
2.259
1.023
4.700
1.353
1.851
4.594
0.292
9.052
16.037
3.442
0.000
14.646
0.908
0.024
0.000
0.000
0.398
4.343
0.000
0.000
0.000
0.026
0.172
4.357
0.194
24.424
0.007
3.244
10.207
1.737
0.000
13.208
0.000
7.086
10.320
22.110
18.278
12.655
33.309
9.974
8.614
0.000
0.000
0.168
5.754
12.236
11.306
16.562
27.840
5.447
20.843
24.863
3.416
17.794
25.037
18.442
21.978
18.448
0.467
0.105
0.000
0.000
0.580
7.318
4.532
5.370
6.748
23.528
12.902
0.005
11.544
6.726
2.891
35.165
22.901
7.829
61.886
0.125
1.826
6.200
1.102
21.674
0.243
3.466
6.055
12.916
8.707
57.759
12.231
21.907
5.311
7.684
11.810
21.700
93.313
0.000
1.203
6.760
4.908
7.926
3.493
1.370
4.431
16.330
20.103
0.179
20.167
3.344
5.454
13.094
0.604
4.705
1.511
1.236
5.730
8.930
13.609
6.015
4.745
74.587
56.865
8.156
5.691
9.064
11.199
3.450
13.726
13.666
137.089
3.354
16.929
10.420
5.579
3.286
1.457
0.817
1.088
16.004
13.281
7.993
6.798
6.585
26.388
3.531
2.372
7.198
4.329
10.253
1.164
0.120
12.282
18.158
9.244
7.160
29.232
8.700
4.310
25.833
8.219
4.745
17.621
15.762
0.357
0.783
12.590
16.164
9.713
12.610
64.588
11.422
59.199
1.433
14.890
7.668
1.370
9.522
10.804
7.496
128.578
15.831
14.038
17.801
31.136
19.281
0.508
0.845
18.603
0.347
5.116
1.241
18.448
5.071
11.807
1.960
15.202
2.777
3.553
21.701
0.000
8.954
9.459
11.824
4.923
8.226
17.374
21.942
25.413
9.534
5.730
3.674
8.102
1.195
1.061
1.967
6.327
5.445
3.255
0.151
12.892
5.375
0.000
0.000
4.281
12.634
4.731
8.030
12.320
5.351
11.402
0.398
0.077
3.708
0.127
22.357
6.736
0.450
2.122
4.310
4.199
1.545
4.693
4.946
12.006
6.255
2.750
0.041
1.480
15.558
11.723
7.409
5.167
15.772
9.366
11.292
0.685
5.840
4.213
14.996
12.181
37.350
0.213
0.268
0.051
0.000
0.000
0.024
4.388
7.392
1.215
3.062
6.990
2.019
3.608
0.000
0.000
3.608
10.856
0.961
1.291
3.600
0.900
0.235
0.141
0.000
0.000
0.000
0.000
0.000
0.000
0.034
1.964
12.277
1.840
1.567
7.471
0.948
0.000
0.000
1.919
0.501
0.489
0.985
2.214
4.673
1.428
0.000
0.154
0.000
0.000
0.244
0.000
0.000
0.000
0.000
5.380
1.428
0.000
0.007
0.034
0.000
3.004
4.709
0.014
5.110
0.347
0.000
0.000
0.000
