19790101
17.492
8.095
3.419
10.037
16.267
2.189
18.512
13.663
4.716
3.859
3.269
0.645
4.460
4.595
0.913
2.546
6.648
4.243
23.399
5.267
6.206
6.463
1.021
1.427
8.052
2.361
5.498
14.662
6.245
18.583
2.089
8.599
19.492
25.559
13.437
1.797
6.026
10.521
8.487
3.142
10.967
2.074
7.661
9.565
1.638
4.722
8.306
19.334
4.314
5.936
3.477
15.293
10.737
0.000
4.923
17.870
25.256
4.947
0.949
25.672
31.417
21.138
13.462
4.381
10.121
6.803
9.091
1.909
2.407
9.962
26.209
10.542
19.975
7.986
7.117
9.263
11.517
83.752
9.742
5.845
1.490
6.818
20.117
28.053
4.037
1.336
1.390
5.823
13.225
9.517
11.615
14.275
10.664
8.782
4.086
44.646
0.137
0.000
0.000
0.398
0.000
2.314
12.181
10.863
7.890
9.846
4.944
10.526
7.035
8.456
15.631
2.795
3.557
0.587
0.038
0.326
0.000
0.000
0.422
3.406
6.887
0.089
2.115
4.728
6.830
8.178
2.225
6.072
7.392
3.468
7.038
7.656
7.251
9.345
9.098
0.141
2.891
0.000
8.367
9.610
4.051
0.707
4.055
0.783
0.000
3.358
1.519
0.065
0.937
7.368
0.137
0.000
0.000
0.000
0.000
0.000
0.072
0.000
0.481
0.228
0.000
0.000
0.000
0.000
0.721
0.021
0.000
0.000
0.000
0.000
0.000
0.000
0.000
0.000
0.000
0.328
0.000
0.000
0.000
0.000
0.000
0.000
0.000
0.000
0.000
0.000
0.000
0.000
0.000
0.024
0.000
0.000
0.000
0.000
0.000
0.000
3.205
0.000
0.000
0.034
3.323
0.000
0.000
0.000
0.024
0.000
0.000
0.000
0.000
0.000
0.000
0.000
0.000
0.000
0.000
0.000
0.000
0.000
0.000
0.706
0.494
0.048
0.000
1.608
0.000
0.000
0.000
0.000
0.000
0.000
0.086
0.003
0.927
0.000
0.000
0.000
0.000
0.003
0.309
0.000
0.000
0.000
0.000
0.000
0.027
0.000
4.910
0.000
0.000
0.000
0.000
0.000
0.000
0.000
0.010
0.000
0.000
0.000
0.000
0.021
0.065
0.000
0.000
0.000
0.000
0.000
0.000
0.209
0.003
0.124
0.000
0.000
0.151
0.000
0.000
0.000
0.000
0.000
1.921
48.465
0.700
1.768
0.910
0.144
0.000
0.055
0.439
31.445
0.244
0.000
0.000
0.000
0.000
0.000
0.000
0.000
0.000
0.179
0.000
1.294
7.814
0.803
1.960
0.070
8.370
2.338
14.935
7.232
20.807
2.788
12.680
81.072
13.675
0.027
0.010
0.912
0.385
20.832
65.819
14.717
7.817
0.010
1.603
16.294
15.583
15.092
22.905
59.333
4.753
18.074
0.886
0.000
0.000
1.979
2.846
0.752
0.000
0.000
0.003
2.420
0.000
0.000
0.000
0.368
1.912
0.034
0.000
8.317
13.657
42.534
0.218
0.804
9.532
14.953
14.238
6.375
5.053
8.914
2.366
0.000
5.873
20.778
1.878
1.016
13.187
14.066
1.703
0.058
0.149
8.408
15.158
4.312
6.650
6.211
4.968
0.429
8.863
14.533
9.402
12.842
7.977
1.339
5.589
5.672
15.812
17.558
21.465
6.121
6.530
3.038
1.169
2.472
4.845
1.665
5.524
18.093
12.045
8.480
18.969
8.209
6.421
18.261
8.708
10.180
2.225
1.805
9.098
1.451
0.403
5.146
0.003
12.099
31.356
75.440
13.156
1.299
6.279
8.616
6.187
6.848
21.116
12.728
4.510
0.000
0.014
0.000
9.045
9.653
35.647
0.457
7.666
9.409
20.914
3.086
11.997
14.080
11.471
10.334
3.348
14.701
5.104
45.877
7.182
16.764
17.861
4.906
22.057
10.377
3.478
11.227
2.446
6.422
3.377
3.074
13.049
8.569
0.570
4.377
9.568
11.656
11.704
7.292
8.909
7.742
1.257
2.959
16.346
3.107
2.637
3.107
6.805
8.047
1.233
1.681
1.593
0.000
0.230
0.000
0.000
0.398
2.053
3.595
5.586
14.845
3.114
5.529
7.331
16.304
0.261
0.000
0.000
0.000
2.959
1.557
3.960
6.859
9.562
4.492
3.883
9.756
3.373
6.400
3.260
11.128
7.557
7.248
6.137
1.881
6.509
0.000
0.000
0.000
0.000
0.000
0.168
3.468
9.400
3.895
4.223
7.538
0.848
0.000
0.000
0.000
0.000
0.000
0.000
0.000
0.000
0.000
5.116
0.017
0.000
0.000
0.000
0.712
0.280
0.000
0.000
0.000
0.000
3.681
3.114
2.922
0.000
1.363
0.000
0.000
0.407
0.000
0.000
0.000
0.000
0.000
0.000
0.000
0.000
0.000
0.000
0.007
0.000
0.000
0.000
0.000
0.000
0.000
0.000
0.000
0.000
0.000
0.000
0.000
0.000
0.000
0.000
0.000
4.690
3.028
0.000
0.000
0.000
0.000
0.000
0.000
0.000
0.000
0.000
0.000
0.000
0.000
0.000
0.000
0.000
0.000
0.010
0.000
0.000
0.000
0.000
0.000
0.000
4.515
0.350
0.690
3.347
0.000
0.000
0.000
0.000
0.000
0.000
0.000
0.244
0.000
0.000
0.000
0.000
0.014
2.060
0.000
0.000
0.000
0.000
0.000
1.030
0.000
0.000
0.000
0.000
0.536
7.965
0.000
0.000
0.000
0.000
0.000
0.000
0.000
0.000
1.620
0.000
0.000
13.832
0.340
0.000
0.000
0.000
0.879
0.206
0.000
0.000
0.402
0.034
0.718
4.350
2.379
0.079
5.291
2.798
2.747
6.248
11.273
0.103
0.000
0.663
0.378
0.000
0.000
0.041
6.252
0.069
0.077
0.000
0.465
0.000
0.000
3.303
4.939
7.692
9.168
0.386
5.045
0.000
0.333
0.000
4.340
15.705
21.492
8.554
0.262
1.394
3.230
11.139
5.189
4.025
9.881
3.473
3.526
5.205
2.776
24.767
61.578
14.303
0.251
0.088
14.183
0.000
9.596
9.009
2.129
1.133
0.000
0.264
0.069
15.175
16.837
2.520
7.835
0.000
2.111
31.285
0.089
0.137
4.697
8.260
13.367
9.867
9.356
21.540
5.160
2.750
7.735
4.535
12.370
15.968
31.991
14.844
10.118
78.003
3.902
0.144
3.862
4.815
12.670
9.730
1.840
3.928
11.652
11.845
2.468
13.273
7.316
11.457
3.818
4.734
2.005
0.388
2.946
2.669
17.877
21.729
3.121
1.219
12.964
25.741
8.741
11.707
14.584
17.319
18.083
8.913
3.964
10.785
11.654
14.828
19.779
48.956
8.616
13.946
25.897
22.452
37.263
13.987
8.562
8.590
18.490
19.552
11.003
14.413
15.419
13.994
7.601
6.896
6.913
7.095
15.443
13.345
14.699
14.753
3.476
0.526
1.090
1.631
0.139
0.780
3.315
24.362
38.679
4.067
10.986
4.352
0.305
0.086
0.949
28.823
5.351
2.880
3.945
8.477
5.406
4.377
7.272
13.374
23.270
22.347
3.744
14.993
10.490
12.820
9.512
14.265
5.287
12.799
39.001
8.240
12.439
0.350
2.853
1.119
0.000
0.000
0.038
0.185
0.000
3.059
7.577
4.218
7.852
2.221
11.199
0.233
0.010
0.000
0.000
3.243
3.890
8.863
2.520
6.291
2.372
4.597
5.730
4.954
8.110
10.453
8.880
2.240
0.752
2.743
10.336
5.928
0.968
0.000
0.000
0.096
0.000
4.316
2.590
2.086
0.100
0.000
0.000
0.000
1.164
2.808
13.750
3.753
2.925
8.562
0.354
0.000
0.000
3.770
3.395
3.948
1.442
0.038
5.219
8.844
0.151
0.000
0.000
0.000
0.000
0.014
1.487
0.000
0.000
0.000
0.000
0.000
0.000
0.000
9.640
1.267
0.000
0.000
0.000
0.000
0.000
0.000
0.000
0.000
0.000
0.000
0.000
0.000
0.000
0.587
0.000
0.000
0.000
0.000
0.000
0.000
0.000
0.000
0.000
0.000
0.000
0.000
0.000
0.000
0.000
0.000
0.000
2.022
2.515
0.076
0.007
0.149
0.666
0.278
0.000
0.000
0.000
0.000
0.000
0.000
0.000
0.000
0.000
0.000
0.000
0.000
0.000
0.000
0.000
0.000
0.491
0.000
0.000
0.378
0.000
0.000
0.000
0.000
0.000
0.000
0.000
0.000
0.000
0.000
0.021
0.045
0.000
1.392
1.806
0.096
0.000
0.000
0.000
0.000
0.000
0.000
0.000
0.000
0.045
0.000
0.065
0.000
0.000
0.010
0.566
0.000
0.000
0.000
2.159
0.003
0.079
0.045
6.609
0.062
0.000
1.645
0.000
0.158
0.553
1.923
0.501
5.977
2.903
0.000
0.024
0.206
0.000
1.284
2.123
1.102
0.000
0.007
0.233
0.000
0.000
0.000
0.137
0.000
2.815
0.203
0.031
0.000
0.000
3.474
0.000
2.438
22.318
10.447
17.779
53.304
47.609
3.258
8.075
2.245
13.767
29.450
0.910
0.000
1.847
17.197
13.125
6.863
2.726
0.000
0.663
11.491
24.381
5.545
10.101
0.182
10.665
7.769
18.330
43.732
39.789
0.000
15.810
9.356
14.310
1.929
4.570
15.302
11.452
2.726
1.030
2.460
1.899
12.665
7.284
7.557
4.738
17.743
4.597
12.418
3.974
10.945
8.496
13.050
16.004
19.003
10.784
14.301
17.252
12.473
17.365
0.649
3.414
19.911
11.893
1.384
14.227
14.258
6.952
2.959
8.645
2.376
3.581
11.213
20.102
16.933
4.285
2.431
23.171
2.079
4.199
14.581
10.434
31.994
1.148
0.826
0.294
0.407
5.349
15.777
13.798
6.348
10.442
18.127
10.930
14.996
7.760
17.388
16.589
4.736
5.634
17.533
14.837
5.519
0.412
11.155
15.484
17.154
9.659
8.274
13.778
14.936
0.941
7.733
18.499
5.715
13.391
10.107
3.801
9.294
4.896
4.430
11.664
2.299
31.555
5.775
5.838
2.134
2.110
1.291
3.564
11.002
2.002
1.773
12.429
15.098
1.370
1.861
14.418
8.983
0.167
0.417
0.108
5.581
3.464
14.129
9.905
12.269
17.930
17.077
18.126
8.087
9.563
4.418
3.200
5.764
9.120
9.574
29.515
12.341
1.473
4.238
11.890
17.394
37.517
5.334
5.019
10.034
4.546
0.362
0.000
0.000
0.007
0.014
0.405
0.000
0.000
0.000
0.000
0.000
2.898
2.517
2.901
4.168
8.413
0.460
5.864
10.423
3.747
7.618
5.013
8.284
0.604
7.019
8.096
86.250
10.176
2.139
0.041
0.000
0.000
0.000
0.000
0.000
0.000
1.907
4.777
6.501
0.271
0.000
0.000
0.000
0.000
8.988
0.906
10.420
0.105
3.389
0.652
8.327
0.100
0.000
0.000
3.196
0.953
0.134
0.007
0.000
0.460
0.000
0.003
0.000
3.776
0.048
4.441
0.000
0.000
0.000
0.000
0.000
1.109
6.121
0.000
2.407
1.868
3.224
8.291
11.017
0.671
0.000
0.000
0.000
0.000
0.000
0.000
0.000
0.000
0.027
0.000
0.000
0.000
0.000
5.984
6.672
0.000
0.000
0.000
1.100
2.709
0.000
0.000
0.000
0.000
8.641
0.520
0.000
0.000
0.000
0.000
0.000
1.468
0.000
0.249
0.022
0.000
0.000
0.000
0.000
0.000
0.000
0.000
0.000
0.000
0.000
0.000
0.017
0.536
0.086
0.000
0.000
0.612
1.049
0.000
0.000
0.175
0.000
0.000
0.000
0.000
0.014
0.000
0.000
2.281
5.704
0.776
1.684
17.315
0.187
0.434
3.723
3.011
14.308
0.003
5.261
19.685
0.675
0.223
0.000
0.000
0.000
0.000
0.000
0.000
0.542
12.049
0.446
32.281
0.639
2.220
55.611
0.038
0.000
0.953
0.395
82.788
0.021
5.996
0.958
0.134
55.391
0.000
1.686
0.338
0.034
0.000
0.000
0.000
0.000
0.000
0.807
1.253
11.985
1.198
1.838
6.856
11.858
0.065
0.031
13.680
61.874
0.419
0.311
7.088
4.633
0.824
0.786
0.292
2.934
33.795
1.322
0.000
6.379
0.000
0.000
0.065
9.838
22.745
37.081
4.271
3.576
8.489
15.846
14.992
5.040
0.719
0.045
0.000
2.392
9.937
3.462
0.000
1.046
17.956
5.706
8.410
11.084
6.530
0.281
6.709
6.473
1.983
2.851
0.326
0.000
0.000
4.746
7.431
2.364
4.697
5.888
14.384
9.035
2.225
10.967
5.152
0.000
1.246
0.113
14.993
3.811
6.159
10.842
9.757
1.749
0.982
1.188
0.223
0.000
9.038
0.000
12.844
4.405
9.424
0.735
22.637
3.354
0.055
0.000
0.127
9.112
0.000
0.000
0.000
6.541
6.044
8.435
18.606
12.396
6.265
8.614
0.000
17.987
0.591
7.428
19.042
73.416
7.805
2.983
0.165
10.443
7.381
21.234
2.614
26.566
2.956
0.045
0.330
0.000
0.007
0.000
5.267
0.093
0.000
0.000
11.223
35.146
1.554
0.532
3.838
9.538
4.762
9.280
2.141
0.189
0.606
6.736
0.230
0.000
0.000
0.000
0.000
0.000
0.000
0.000
1.984
0.285
16.754
12.021
21.998
17.537
10.842
11.532
22.182
13.414
145.940
0.412
5.627
8.408
2.977
0.065
2.695
3.226
5.184
4.982
5.627
1.109
7.690
15.443
13.881
6.702
59.769
3.783
6.101
11.168
9.860
8.892
2.760
11.742
11.089
1.068
0.000
0.000
1.081
1.274
0.000
0.000
0.065
0.251
0.525
4.789
6.434
0.512
0.000
0.996
8.477
2.678
0.748
13.355
14.437
0.958
1.919
10.485
0.759
0.000
0.000
0.000
4.877
6.684
4.772
0.910
0.632
0.003
0.901
0.000
0.000
0.000
0.000
0.000
6.829
0.000
0.024
0.000
0.803
0.000
0.000
0.000
0.000
0.000
0.000
0.000
0.021
0.000
2.197
0.021
0.000
0.000
0.000
0.000
0.000
0.000
0.000
0.000
0.000
0.000
0.000
0.000
0.000
0.000
0.000
0.000
0.000
0.000
0.000
0.000
1.164
0.330
0.000
0.000
0.000
0.000
0.000
0.000
0.000
0.000
0.481
0.000
0.000
0.000
0.000
0.000
0.000
0.000
0.000
0.000
0.000
0.000
0.000
0.000
0.247
0.000
0.000
0.000
0.000
0.000
0.000
0.000
0.000
0.000
0.000
0.000
0.000
0.000
0.000
0.000
0.000
0.000
0.525
0.113
0.000
0.000
0.000
0.000
0.086
0.494
0.000
0.000
0.081
0.000
5.569
0.079
1.057
0.000
0.000
0.000
0.000
0.000
0.000
0.000
0.000
1.651
3.022
0.000
0.024
0.753
4.010
0.007
0.000
0.000
0.000
0.074
0.000
0.124
3.316
0.000
0.000
8.253
0.196
3.711
0.000
0.740
0.745
4.503
2.087
1.578
0.000
0.021
0.549
0.000
12.619
0.992
2.510
0.711
0.000
0.167
0.000
0.000
0.000
0.028
0.089
0.573
4.443
7.814
11.750
5.449
7.658
0.000
0.000
1.996
0.000
5.879
2.194
1.845
5.993
0.039
0.000
8.140
11.852
0.000
0.010
18.355
3.898
0.168
23.468
11.142
0.259
0.956
0.038
2.856
4.151
17.084
3.552
9.204
9.074
1.631
1.614
0.000
0.000
4.278
19.082
14.124
0.148
0.048
0.003
0.000
0.760
0.539
3.775
0.000
4.573
7.241
13.197
14.341
2.834
0.000
6.894
7.543
13.881
15.329
9.544
2.451
1.248
18.172
9.874
18.515
4.166
7.417
41.317
6.425
11.646
3.622
13.481
0.973
26.980
43.173
11.054
8.358
8.386
14.214
8.593
0.062
4.111
16.039
13.977
9.230
1.657
27.778
11.373
3.565
0.106
5.086
10.473
2.678
10.722
9.814
10.461
6.794
8.509
10.894
6.163
4.470
11.694
15.178
10.052
5.600
10.691
5.802
4.570
9.507
13.929
17.022
3.588
0.704
12.243
12.758
3.811
10.664
2.853
19.669
7.711
5.222
15.896
152.051
2.802
0.223
9.287
16.215
10.363
18.385
9.091
9.876
6.760
11.824
38.727
3.028
3.196
4.910
9.318
6.097
5.074
37.357
13.122
13.142
8.281
5.682
14.389
15.391
0.426
0.546
0.000
13.390
9.903
1.325
24.781
3.373
0.031
0.690
2.364
8.909
10.990
9.483
12.597
2.829
2.101
0.151
7.735
9.876
14.447
0.724
4.123
4.271
6.690
6.523
6.403
10.492
1.569
14.402
11.773
63.484
19.209
0.045
0.566
3.474
5.397
3.804
3.395
4.597
0.857
0.992
6.806
0.000
8.892
14.574
6.784
6.595
6.810
5.994
2.786
0.024
0.103
0.000
0.779
9.555
7.249
18.392
4.856
3.639
0.228
0.489
3.735
0.027
6.480
5.105
3.112
9.927
1.222
0.000
1.487
1.452
3.838
7.419
2.438
0.779
0.069
3.591
0.694
0.000
2.712
3.203
2.623
3.011
6.015
7.896
0.642
0.000
0.000
0.000
0.000
6.206
1.536
0.000
0.000
0.021
0.000
0.000
0.000
0.000
0.000
0.000
1.823
0.000
8.823
1.281
0.141
0.000
5.236
0.034
0.673
2.130
4.230
0.223
2.293
0.027
0.000
0.000
0.000
0.000
0.000
0.000
0.000
0.000
0.000
0.000
0.000
0.000
0.000
0.000
0.000
0.000
0.000
0.000
0.000
1.378
0.000
0.000
0.000
0.000
0.000
0.000
0.000
0.000
0.000
0.000
0.000
0.000
0.000
0.000
0.782
0.010
3.321
8.859
9.756
0.721
0.000
0.000
0.000
0.000
0.000
0.000
0.000
0.000
0.000
0.000
0.000
0.251
0.196
0.024
0.000
0.000
0.000
0.072
0.374
0.000
0.189
0.206
0.003
0.067
0.000
3.646
6.616
0.122
0.000
0.000
8.257
6.509
3.781
0.000
0.000
0.000
0.000
0.050
0.517
0.000
0.000
0.300
0.000
0.906
1.085
0.000
0.000
0.000
0.000
1.088
4.037
0.000
6.297
6.198
0.093
0.000
0.000
0.000
0.000
3.183
8.552
5.351
0.633
15.931
11.422
65.123
9.222
0.409
0.163
3.936
8.051
16.658
0.132
0.000
0.000
12.492
0.256
18.459
4.987
7.684
12.500
0.494
0.091
9.776
2.971
1.063
2.288
0.024
0.695
9.967
16.597
2.791
10.410
4.980
0.709
6.719
0.000
1.157
8.432
5.476
3.034
8.859
9.594
9.138
18.448
1.572
7.657
16.426
23.523
13.941
0.000
16.294
6.468
3.574
4.745
2.093
0.000
4.758
12.035
10.855
11.503
29.325
9.666
17.247
8.904
6.931
12.144
14.897
3.234
12.675
14.265
14.828
17.612
1.950
1.078
11.814
12.859
8.530
11.567
3.495
3.845
16.960
15.415
12.869
2.365
11.500
12.233
20.654
2.506
17.046
84.555
11.953
8.473
5.473
15.855
0.965
3.704
5.874
10.878
6.750
3.933
35.066
7.490
11.852
10.913
0.570
18.495
11.268
8.446
4.814
15.024
21.044
3.835
11.048
128.851
1.372
1.322
0.958
16.847
7.290
9.716
9.906
14.144
20.584
14.489
4.074
4.161
12.404
45.432
22.740
4.278
10.157
15.563
5.085
7.817
4.686
6.231
12.463
14.490
1.967
5.231
7.215
8.072
9.429
18.048
6.884
6.681
8.365
10.880
0.374
1.802
25.753
14.703
7.663
4.928
7.663
6.451
14.938
3.107
20.036
10.991
83.503
8.817
10.835
6.588
5.541
0.903
7.704
1.801
9.908
10.746
0.065
1.411
0.227
24.572
16.952
16.392
8.813
11.824
2.173
1.576
13.757
6.084
3.193
10.066
5.885
20.998
3.586
0.456
0.000
0.000
5.136
1.799
0.076
9.611
7.835
20.194
9.021
7.932
9.642
6.573
1.291
0.759
2.669
20.129
11.506
4.664
1.018
0.000
1.859
0.000
1.897
1.544
3.270
1.569
4.683
5.300
0.000
0.997
12.727
9.100
0.144
0.000
0.000
0.000
0.000
0.000
0.000
0.000
0.000
0.000
0.000
0.000
0.000
0.000
0.000
0.000
0.000
3.250
2.571
0.739
0.000
0.000
0.000
0.000
0.000
0.000
1.900
1.075
6.544
0.000
1.233
4.568
17.537
0.000
0.000
0.000
2.949
0.031
0.000
0.000
0.000
0.000
0.000
0.000
0.000
0.000
0.000
0.000
0.000
0.000
0.000
0.000
0.000
0.082
0.000
0.271
0.000
1.871
11.716
0.843
0.000
0.000
0.000
0.000
0.000
0.000
0.000
0.000
0.000
0.000
0.000
0.000
0.000
0.000
0.000
0.000
0.000
0.000
0.041
0.000
0.000
0.000
0.000
0.000
0.000
0.328
0.000
0.850
0.000
0.158
0.031
0.000
0.000
0.000
0.000
0.000
0.000
0.000
0.000
0.000
0.000
0.000
0.000
2.557
3.662
0.625
35.194
0.000
0.033
1.411
0.000
0.003
1.094
0.017
0.000
0.347
4.024
0.381
0.000
0.000
0.185
0.169
0.215
0.000
0.000
0.000
2.542
1.054
1.911
4.456
0.000
0.103
0.027
0.057
0.000
0.062
3.217
0.000
0.261
0.000
0.033
0.000
0.151
0.000
3.626
12.034
0.213
0.000
0.070
0.000
0.021
20.280
6.508
10.087
11.175
0.927
0.000
5.533
2.187
0.319
8.720
10.928
11.687
8.180
1.993
0.007
0.415
0.000
0.031
3.183
8.398
0.058
1.215
4.825
11.316
9.338
9.445
0.402
1.871
1.833
0.615
1.390
0.292
0.151
0.007
7.618
0.000
4.159
3.423
4.748
6.317
5.318
3.711
0.429
2.029
0.000
0.000
0.000
2.448
1.775
0.086
3.627
21.907
11.100
4.189
0.288
1.051
0.227
4.477
3.272
12.981
3.790
3.294
4.003
6.588
17.994
17.582
5.263
6.363
19.181
11.961
5.126
13.316
1.202
0.247
8.683
0.268
7.594
5.136
17.242
5.479
1.854
2.736
10.652
16.109
24.572
4.436
19.284
30.739
3.286
1.689
1.723
7.133
77.357
21.145
7.526
4.824
13.953
14.059
10.535
7.543
0.542
11.580
13.853
14.517
8.490
1.414
0.906
22.199
10.159
4.752
0.419
19.339
6.363
30.036
19.868
16.394
14.584
9.939
5.555
13.601
54.583
13.043
0.910
2.236
14.548
10.609
8.157
0.409
0.484
10.502
33.113
11.445
8.508
28.292
0.706
15.242
4.511
19.436
3.545
3.736
21.852
13.344
3.074
6.187
11.333
8.787
13.206
7.667
18.285
3.809
0.522
8.411
4.364
6.763
16.970
9.706
6.252
7.944
8.034
4.827
0.237
1.648
7.660
8.144
3.821
0.110
0.000
0.000
2.142
5.538
8.672
7.405
6.101
6.836
8.408
8.751
1.593
0.625
4.686
5.771
0.113
1.102
1.655
4.329
13.287
7.055
10.557
1.408
0.378
10.938
8.370
0.000
0.769
2.070
1.948
2.057
11.012
3.581
1.919
2.132
3.378
5.311
3.193
0.003
3.928
4.003
1.208
3.354
4.348
-99.000
0.154
0.045
0.000
0.000
0.000
0.014
4.144
4.858
0.072
0.000
0.000
0.000
0.144
0.000
0.043
0.000
0.000
0.000
0.000
0.000
0.000
0.000
0.000
0.000
0.000
0.000
0.000
0.000
0.000
0.000
0.000
0.779
0.000
0.000
0.000
0.000
0.000
0.000
0.000
0.000
0.000
0.000
0.000
0.000
0.000
0.948
0.000
0.000
0.000
0.000
0.000
0.000
0.000
0.000
0.000
0.000
0.000
0.000
0.021
0.000
0.103
0.000
0.000
0.000
0.000
0.000
0.000
0.000
0.010
0.000
0.000
0.000
0.295
0.000
0.481
0.000
0.000
0.000
3.461
1.260
0.000
0.000
0.000
0.000
0.000
0.000
0.000
0.573
0.268
2.987
0.597
0.000
0.000
0.000
0.017
0.000
0.652
5.047
0.000
0.000
0.000
0.000
0.000
0.000
0.000
0.000
1.878
5.165
16.090
14.446
0.071
0.003
0.007
0.000
0.088
0.070
0.000
0.156
1.912
1.178
0.000
0.000
0.000
0.000
1.315
9.229
0.000
0.000
0.000
0.000
0.038
0.000
0.086
5.473
0.010
0.000
0.000
0.000
0.000
0.000
15.013
0.275
0.000
1.370
10.224
0.014
0.000
0.000
0.000
0.132
0.000
3.272
5.152
0.000
0.000
0.681
5.059
2.944
0.093
2.760
0.000
2.042
0.000
1.234
0.669
0.000
0.000
0.000
0.000
0.055
16.409
0.000
0.000
0.163
1.289
6.310
18.648
9.972
8.084
12.675
9.101
11.188
4.311
11.965
13.970
13.517
6.144
8.817
0.000
2.108
23.420
2.491
16.068
3.418
12.945
0.000
0.000
0.000
4.607
8.968
17.589
65.348
17.078
28.121
12.418
0.230
3.215
-99.000
-99.000
-99.000
-99.000
-99.000
-99.000
-99.000
-99.000
7.625
12.682
11.673
4.642
6.233
13.750
4.788
13.268
11.700
16.195
8.006
2.238
2.994
6.235
24.232
15.963
4.590
2.798
0.336
1.463
7.721
6.691
7.375
1.459
8.288
13.623
8.384
22.671
8.703
2.338
1.308
7.101
11.623
15.389
9.175
0.293
0.062
20.294
7.357
14.547
0.007
0.000
0.000
0.000
0.000
0.000
0.276
0.222
8.053
6.754
18.575
4.644
0.585
8.920
6.605
17.879
11.120
1.964
9.271
9.266
4.631
15.026
21.214
1.066
2.536
5.140
2.297
0.978
24.964
19.296
0.271
0.000
0.000
0.000
0.000
0.000
0.038
8.539
11.656
8.841
10.716
14.396
17.731
13.017
0.244
5.394
46.898
16.770
2.353
13.268
16.409
26.468
18.378
0.132
0.869
3.928
0.821
1.236
9.668
3.857
0.000
4.265
0.192
2.377
18.886
4.861
20.138
17.913
0.045
0.154
5.461
5.862
3.105
0.841
1.112
2.105
11.361
5.019
10.583
1.035
3.704
2.527
0.566
0.227
2.961
11.235
6.260
1.404
9.486
0.000
0.000
0.000
0.000
0.000
2.149
5.047
2.444
3.238
0.081
0.597
2.802
4.872
0.045
0.000
0.000
0.000
0.000
0.000
0.000
0.000
0.000
1.377
0.000
0.560
2.204
0.000
5.658
2.211
2.650
0.000
0.000
0.000
0.000
5.260
4.436
1.178
12.878
1.624
0.000
0.000
0.000
0.000
0.000
0.000
1.888
0.000
0.000
0.000
0.000
0.000
0.000
0.343
0.651
0.000
0.000
0.000
0.000
0.000
0.000
1.119
2.172
0.000
0.000
0.000
0.000
0.000
0.000
0.000
0.000
1.099
1.126
0.000
0.000
0.000
0.000
0.000
0.000
0.000
0.000
0.000
2.388
0.000
0.000
0.000
0.000
0.000
0.021
0.639
0.074
0.000
0.000
0.000
0.000
0.000
0.000
0.000
0.000
0.000
0.000
0.000
0.000
0.000
0.000
0.000
0.000
0.000
0.000
0.000
0.000
0.000
0.000
0.021
0.000
0.000
0.000
0.247
0.000
0.000
0.000
0.007
0.256
0.000
0.050
0.000
0.381
0.000
0.000
0.000
0.007
0.000
0.000
0.000
0.000
0.031
1.542
0.000
0.000
0.000
0.000
0.000
0.334
0.000
0.000
0.242
3.699
0.000
0.000
0.000
0.125
0.822
0.000
0.000
0.000
0.000
0.000
0.000
7.761
0.007
1.119
0.936
0.010
5.841
8.106
0.056
0.451
0.755
0.072
0.731
2.441
19.272
1.337
0.014
4.460
0.328
0.000
0.000
1.051
0.000
0.106
0.021
0.000
0.000
0.000
2.942
15.202
5.061
0.000
2.242
5.479
13.026
0.326
0.000
4.983
11.639
3.579
6.104
0.103
0.257
0.000
11.347
6.784
24.137
13.190
0.817
10.636
0.000
0.024
3.086
33.208
7.318
0.137
0.027
68.936
62.615
0.000
5.335
16.352
0.000
3.416
0.000
4.465
3.828
10.035
1.054
1.236
6.273
2.022
13.802
10.372
2.499
1.651
5.708
1.428
0.391
19.707
3.721
0.088
0.000
0.000
1.312
8.782
25.949
7.491
2.563
21.034
2.789
17.671
13.257
9.625
0.642
7.127
2.890
2.546
10.821
16.038
5.716
0.434
0.835
5.160
0.482
7.055
11.364
4.383
15.202
0.000
8.441
7.390
16.775
10.506
17.372
1.778
2.649
0.287
5.007
9.081
26.028
13.666
5.537
0.453
8.849
20.371
29.262
6.994
9.793
18.507
4.692
5.852
17.990
2.529
10.027
7.040
10.554
2.647
3.141
4.012
5.684
1.057
3.862
0.354
0.000
0.000
14.190
12.943
13.259
2.345
9.410
4.710
28.647
5.572
0.000
0.000
3.172
2.726
5.840
10.276
10.698
2.311
1.200
1.699
11.417
0.395
15.089
8.774
5.730
12.940
1.854
9.795
4.365
1.483
42.138
25.081
9.077
2.723
6.791
13.045
2.731
0.992
13.597
5.572
13.499
0.908
2.204
3.881
4.101
1.370
9.574
1.030
10.918
1.042
7.661
11.089
4.505
5.656
9.230
0.410
0.000
0.000
0.000
0.017
7.879
1.888
0.000
0.000
0.233
0.347
0.467
3.955
2.596
4.848
0.776
7.320
6.568
0.000
1.408
1.521
6.036
23.749
4.498
0.117
9.848
3.601
0.391
0.000
2.026
0.000
6.310
3.035
0.362
0.021
0.000
2.427
0.000
0.000
0.000
0.000
0.167
0.086
0.000
0.000
0.000
0.000
0.000
0.000
0.007
0.500
0.000
0.000
0.021
0.000
0.000
0.017
0.065
0.000
0.000
0.000
0.000
0.000
0.000
0.000
0.000
0.000
0.082
3.770
20.536
1.322
0.000
0.000
0.000
0.000
0.000
0.000
0.000
0.000
0.000
0.000
0.000
0.000
0.000
0.000
0.000
0.000
0.000
0.000
0.000
0.000
0.000
0.000
0.000
0.000
0.000
0.000
0.000
0.000
0.000
0.000
0.000
0.000
0.000
0.000
0.000
0.000
0.000
0.000
0.458
0.000
0.000
0.000
0.000
0.000
0.000
0.000
0.000
0.000
0.000
0.000
0.000
0.000
0.000
0.000
0.000
0.000
0.000
0.000
0.000
0.000
0.000
0.000
0.000
0.304
0.106
0.000
0.000
0.021
3.535
0.000
0.000
0.000
0.000
0.000
0.000
0.000
0.000
0.124
9.253
0.000
0.000
0.096
0.000
0.000
0.000
0.000
0.000
0.091
4.839
1.663
0.000
0.031
0.000
1.112
0.000
0.086
0.348
0.053
0.043
9.247
0.496
0.027
0.000
3.291
0.814
4.482
0.000
0.000
0.000
0.007
0.105
0.000
0.000
0.000
0.000
4.801
0.000
0.058
0.048
0.000
0.000
0.000
0.043
5.759
0.236
3.797
0.038
0.000
7.421
3.725
3.703
6.128
2.022
0.000
5.344
28.269
44.160
18.382
0.091
0.031
3.289
0.755
45.607
11.242
11.088
19.736
14.852
0.007
0.034
10.313
17.915
8.760
0.846
15.094
16.766
8.497
1.713
3.176
2.317
1.558
10.270
4.012
3.287
3.614
1.884
1.523
7.139
2.194
8.715
14.826
5.490
14.470
8.125
9.424
16.401
0.021
4.789
19.204
38.892
7.843
18.011
6.049
2.674
9.476
15.388
2.120
12.471
1.705
6.379
3.466
8.882
7.752
13.196
79.747
12.406
15.731
1.143
2.348
3.735
5.782
6.434
5.948
7.268
5.890
3.351
7.498
14.095
17.001
36.308
2.939
6.293
1.706
4.971
2.824
8.027
18.254
13.475
9.064
5.380
0.388
1.442
3.066
0.000
3.778
4.228
13.021
1.013
2.005
8.212
12.040
8.164
89.724
2.019
2.939
8.623
1.497
36.969
6.274
2.002
0.134
7.718
19.096
25.372
15.810
3.059
0.536
10.767
0.954
2.108
3.780
7.522
3.574
5.407
1.195
0.827
3.615
3.983
25.856
7.896
2.204
8.786
22.268
0.656
3.066
19.841
17.283
16.991
12.231
8.449
1.016
5.727
13.424
2.412
6.722
7.000
8.257
5.723
2.565
1.504
4.594
13.462
8.329
16.414
10.118
2.396
0.000
0.000
1.840
14.941
3.049
2.475
13.640
1.428
6.178
7.141
12.744
31.531
5.292
6.509
4.705
2.745
7.754
0.000
0.000
0.000
0.000
0.000
2.288
5.620
1.954
2.372
5.689
13.508
2.458
0.000
0.000
0.000
0.000
0.000
0.000
1.571
1.245
0.000
0.367
0.818
9.029
8.063
8.863
0.225
2.843
0.821
2.851
0.000
0.398
0.637
2.020
2.077
5.074
0.134
0.000
0.000
0.021
1.372
2.984
0.943
0.000
0.000
0.000
0.000
0.000
3.466
0.010
1.447
0.089
0.306
2.252
3.893
2.197
6.393
3.113
0.000
0.041
0.000
0.000
0.000
0.000
0.000
0.000
0.220
0.000
0.000
0.000
0.000
0.000
0.000
0.000
0.000
0.000
0.000
0.000
0.000
8.350
12.202
1.924
0.453
0.000
6.964
4.199
0.900
0.000
0.000
0.000
3.124
0.000
0.000
0.000
0.000
0.000
0.000
0.000
0.000
0.000
0.000
0.000
0.000
0.000
0.000
0.000
0.000
1.583
5.655
0.000
0.000
0.000
0.000
0.000
0.000
0.000
0.113
9.024
0.000
0.000
0.000
0.003
0.000
0.266
0.000
0.000
0.000
0.000
0.000
0.000
0.050
0.251
0.000
0.000
0.000
0.000
0.000
0.000
0.000
0.855
0.549
7.864
0.000
0.000
0.000
0.003
0.752
0.000
0.354
2.565
2.314
0.100
0.000
0.000
0.257
0.058
0.491
0.639
3.014
1.823
0.000
0.000
0.086
7.891
0.000
0.683
0.000
0.000
0.144
4.302
0.000
0.010
10.894
3.790
0.000
0.000
0.000
1.593
7.570
1.018
11.215
36.682
4.710
1.490
11.304
1.497
8.749
4.681
6.911
1.658
4.750
0.000
0.000
1.128
0.000
0.000
0.000
5.289
12.090
16.258
22.852
3.351
0.064
0.000
8.597
11.582
0.000
0.000
0.000
0.000
0.000
0.000
2.315
0.000
3.560
5.493
0.000
0.000
2.336
4.609
0.728
146.704
10.925
2.975
0.039
11.495
1.405
0.072
0.000
2.241
12.553
2.551
2.652
6.990
3.953
12.912
8.829
17.322
11.613
19.415
13.498
2.110
12.126
10.253
6.809
9.435
2.831
3.687
1.299
11.922
6.285
9.850
0.572
4.415
3.680
13.814
12.943
32.557
1.044
2.314
9.089
11.276
8.635
4.633
3.639
7.641
8.729
2.201
16.418
22.961
9.383
0.827
9.548
3.713
13.174
2.326
9.143
10.682
15.779
9.901
12.173
8.385
14.030
9.008
12.657
0.419
3.098
18.042
38.289
54.127
2.975
0.093
0.985
8.437
6.558
13.465
4.599
2.051
4.868
4.065
12.463
10.279
1.071
7.055
13.170
1.929
16.298
6.228
14.059
2.326
7.828
5.342
0.000
11.094
7.754
15.705
15.709
4.925
0.597
14.523
1.821
0.578
3.849
3.111
8.384
9.459
10.073
8.647
13.496
28.980
4.758
18.814
5.665
2.180
5.129
10.109
3.720
2.850
7.327
0.800
6.789
12.167
1.215
4.436
1.167
12.181
14.783
5.857
0.000
0.206
0.000
9.637
16.085
5.157
3.011
1.394
0.415
1.669
9.138
1.016
2.983
2.098
10.008
3.866
10.255
5.902
1.044
6.156
0.148
3.214
10.221
1.009
3.172
7.560
0.000
0.062
1.394
0.000
0.000
0.000
0.000
0.000
0.000
0.017
0.003
2.314
3.928
5.150
11.057
16.316
8.193
3.502
5.775
3.371
1.121
13.918
3.116
0.089
0.000
2.256
0.017
0.000
0.000
0.000
0.000
0.000
0.000
0.000
0.000
0.000
0.000
0.000
0.000
2.882
7.052
7.411
0.230
0.000
0.027
0.134
0.000
0.000
0.000
0.000
0.000
0.000
0.000
0.000
1.236
6.564
0.300
0.010
0.000
0.000
0.000
0.000
0.000
0.000
0.000
0.000
0.000
0.000
0.000
0.000
0.000
0.000
0.000
0.092
0.000
0.000
0.000
0.000
0.000
0.000
0.000
0.000
0.000
0.000
0.000
0.000
0.000
0.000
0.000
0.000
0.000
1.342
0.000
0.378
0.000
0.000
0.623
2.259
0.000
0.000
0.000
0.000
0.000
0.000
0.000
0.000
0.000
0.072
0.374
0.000
0.000
0.000
0.000
0.000
0.000
1.880
0.000
0.283
0.000
0.000
0.439
0.000
0.000
0.000
0.000
0.000
0.000
0.000
0.000
0.000
0.948
1.336
0.000
0.000
0.000
0.000
0.000
2.024
7.687
0.000
0.748
0.254
0.158
0.031
0.007
0.000
0.000
0.000
0.000
0.000
0.000
0.000
0.501
6.310
2.300
0.000
4.865
0.968
0.093
0.426
0.072
2.899
11.546
0.000
0.000
0.000
0.000
0.000
0.000
0.000
0.390
0.578
0.000
2.524
1.995
0.003
0.221
15.657
6.235
0.000
0.000
2.314
0.829
0.628
1.303
2.204
0.321
1.020
0.831
0.640
0.096
0.003
0.302
4.334
0.338
9.442
0.000
0.000
0.000
1.171
0.175
10.475
0.024
3.371
12.119
3.008
0.594
1.552
0.000
8.902
46.362
0.321
7.855
85.274
0.336
99.461
16.105
0.453
1.493
2.994
3.437
13.441
18.035
16.641
3.329
0.000
0.295
11.048
6.930
3.835
6.427
4.615
5.737
4.353
2.482
2.891
0.091
6.492
14.675
1.174
4.595
6.650
11.647
10.969
22.458
9.107
6.266
4.230
69.593
12.399
0.335
5.140
15.860
17.097
1.021
6.698
0.827
1.861
0.635
1.971
3.833
6.753
4.460
6.959
10.310
4.662
1.040
1.871
7.069
18.776
13.408
3.773
1.433
3.914
5.009
0.192
0.439
12.533
15.175
0.992
4.116
24.156
8.587
9.287
7.771
8.406
0.000
0.257
8.672
1.185
0.244
5.684
10.737
15.261
5.449
14.998
9.275
10.657
16.208
7.829
3.179
1.068
5.831
0.613
3.244
6.363
11.009
5.657
22.702
9.103
1.171
0.017
9.800
6.715
2.774
0.299
0.000
0.000
0.003
0.024
2.530
3.059
11.271
16.263
2.750
3.217
16.495
2.262
6.581
10.489
0.333
6.224
8.875
4.013
12.624
0.268
8.355
1.171
10.382
5.847
0.000
0.000
0.910
1.287
2.094
0.000
0.446
1.662
5.754
3.325
5.297
13.336
8.683
7.169
8.796
4.281
0.529
0.127
0.000
0.000
0.893
0.000
5.843
0.220
6.825
0.017
0.319
0.041
0.017
0.000
1.452
1.744
5.253
1.020
0.000
0.000
0.000
2.249
0.000
1.941
1.095
0.621
0.000
0.000
0.000
3.904
9.919
8.799
1.150
0.000
0.000
0.000
0.000
0.000
0.000
0.000
0.000
3.286
0.021
0.000
0.017
0.192
1.612
3.262
0.948
0.000
0.000
0.000
0.014
0.000
0.000
0.000
0.000
0.000
0.000
0.000
0.000
0.000
0.000
0.000
0.000
0.000
1.215
9.261
0.158
0.000
0.000
0.000
0.000
0.000
0.000
0.000
0.000
0.000
0.000
0.000
0.000
0.000
0.000
0.000
0.000
0.000
1.176
5.194
0.000
0.000
0.000
0.000
0.000
0.000
0.000
0.000
0.443
0.000
0.000
0.000
0.000
0.000
0.000
0.000
0.000
0.000
0.000
0.000
0.457
0.000
0.000
0.000
0.000
0.000
0.000
0.000
0.058
0.000
0.000
0.000
0.000
0.000
0.362
0.000
0.000
0.000
0.000
0.000
0.041
0.000
0.000
0.000
0.000
0.055
0.405
6.396
0.000
0.000
0.000
0.000
0.192
0.000
0.000
0.000
0.000
0.000
0.000
0.179
0.000
0.000
0.021
0.343
0.000
0.000
0.000
0.000
0.000
0.000
0.161
0.290
0.000
0.000
0.000
0.007
0.934
0.831
3.265
0.010
0.000
0.000
0.216
0.000
6.870
0.831
3.457
0.168
4.831
2.328
4.655
7.749
1.360
0.000
0.000
0.000
2.156
0.000
0.000
0.000
0.017
3.595
0.000
0.920
11.913
14.277
0.089
6.582
10.300
18.320
0.000
7.024
0.336
0.814
1.102
8.665
13.261
0.048
0.007
0.494
0.295
2.956
1.736
0.115
3.335
0.216
0.048
0.039
0.000
0.542
0.000
0.010
4.099
0.433
0.000
0.000
0.000
6.753
3.486
0.007
5.030
0.100
8.671
1.905
3.512
0.333
7.939
2.834
1.125
10.946
0.137
14.958
0.591
7.294
7.297
0.000
5.921
0.000
0.000
0.036
1.203
4.942
0.429
0.204
0.000
0.029
13.285
4.848
9.627
13.881
13.902
3.674
3.476
0.055
0.000
0.000
0.096
0.067
8.914
0.000
4.760
1.313
0.209
0.010
4.566
17.928
0.268
0.000
0.000
1.030
4.898
0.130
1.057
23.866
1.109
20.558
21.350
2.448
2.153
2.644
0.072
2.424
0.051
16.835
5.593
5.497
64.946
3.643
8.837
3.787
12.301
4.558
14.359
14.402
7.799
6.023
6.805
4.351
5.219
4.763
9.509
2.834
28.500
13.423
10.660
9.762
12.327
7.657
9.228
7.191
1.299
7.383
88.564
52.027
2.752
0.000
0.000
0.369
12.035
2.826
12.661
6.101
11.337
3.392
8.185
11.017
2.537
6.101
7.773
13.239
3.749
0.455
1.741
1.590
11.168
0.285
0.045
0.017
10.190
1.188
6.132
2.111
6.489
8.051
13.338
7.663
5.339
3.219
5.318
0.446
0.000
0.000
0.065
5.873
7.987
4.743
6.909
0.232
8.825
11.961
0.554
0.000
0.000
1.627
8.803
15.214
0.000
0.000
0.582
2.965
3.545
3.300
0.000
0.530
5.603
12.135
4.231
0.000
0.007
0.000
2.146
3.378
9.107
2.813
0.086
0.000
0.000
0.000
0.000
0.000
0.000
0.000
2.259
0.909
0.000
0.000
0.000
0.000
0.000
0.000
0.000
0.000
0.000
0.000
0.000
0.000
0.000
0.000
0.000
0.000
2.693
0.000
7.464
3.323
3.522
2.235
0.000
0.000
3.169
0.024
0.000
0.000
0.000
0.000
0.000
0.000
0.000
4.674
3.368
0.836
2.280
0.803
0.000
0.000
0.000
0.000
0.000
0.000
0.000
0.000
0.000
0.000
0.000
0.000
0.000
0.000
0.000
0.000
0.000
0.000
0.000
0.000
0.000
0.000
0.000
0.000
0.000
0.000
0.000
0.000
0.000
0.324
14.596
7.224
3.079
2.826
0.124
0.815
0.204
0.034
0.000
0.000
0.000
0.000
0.000
1.931
0.400
0.000
0.000
1.273
0.879
0.652
0.000
0.050
0.000
0.069
2.054
0.467
17.211
132.862
0.565
0.000
0.000
3.244
0.742
0.000
0.000
0.000
0.103
0.017
2.546
0.038
0.300
0.000
0.000
0.000
0.000
0.000
0.034
0.000
0.194
1.459
5.809
10.265
0.000
0.220
1.868
0.000
0.000
0.000
0.000
0.000
0.781
1.260
1.325
1.037
1.057
0.000
0.000
0.106
0.021
0.000
0.000
0.000
0.000
0.425
0.000
0.000
0.000
12.995
6.729
0.000
0.000
0.000
0.199
1.277
0.000
3.543
0.000
0.491
4.796
1.071
13.455
3.507
29.224
0.045
4.836
1.612
48.374
0.000
0.072
0.000
0.463
0.093
0.848
0.615
2.527
7.474
4.250
12.960
1.408
12.418
1.184
13.616
6.655
1.229
9.026
25.516
5.366
0.000
5.249
6.606
16.066
2.242
1.996
4.580
1.037
13.457
0.034
14.141
10.430
26.542
0.000
0.000
2.187
7.508
13.390
9.441
7.369
3.469
11.704
20.399
6.269
12.926
13.017
2.160
9.730
5.939
13.819
11.251
11.925
4.304
14.536
16.534
7.903
4.745
8.854
2.032
10.341
6.746
11.587
5.538
24.129
6.417
4.140
12.109
3.516
11.611
13.401
10.046
2.486
18.390
10.119
6.188
6.995
11.855
11.189
5.733
0.036
2.115
7.622
14.675
66.215
6.235
14.015
17.619
8.813
10.545
3.785
0.055
0.000
6.659
4.310
6.933
17.714
22.608
14.361
3.987
14.250
19.981
17.743
8.911
7.603
25.203
7.193
3.813
22.929
6.860
16.574
3.553
11.342
8.883
14.169
2.677
6.944
8.581
5.049
16.196
17.915
47.686
5.172
2.323
5.821
5.487
9.889
10.276
19.366
9.689
3.241
0.345
9.687
7.469
10.147
4.589
13.309
7.699
2.192
0.398
8.006
10.818
3.316
9.680
8.034
3.615
9.750
9.922
1.104
14.712
50.977
3.081
4.017
1.883
0.158
8.214
6.503
2.312
0.096
0.213
0.295
2.887
0.604
7.182
10.763
7.314
7.543
6.393
2.101
0.000
2.740
0.124
3.437
5.915
0.007
0.000
0.000
0.000
0.000
0.000
0.669
3.852
10.001
8.236
7.251
21.094
0.000
0.000
0.076
0.000
1.509
0.764
0.000
1.219
2.175
0.445
5.421
4.843
3.641
0.491
0.000
0.000
0.000
0.000
0.000
4.719
4.477
2.836
0.000
0.000
0.000
0.000
0.000
2.517
25.040
0.000
0.000
0.000
0.000
0.017
0.000
1.579
3.008
2.702
0.000
0.671
14.778
0.048
0.000
0.000
0.000
0.319
3.006
0.000
0.000
0.000
0.000
0.000
0.000
0.000
0.000
0.000
0.000
0.000
0.000
0.000
0.000
0.000
0.000
1.741
0.000
0.000
0.000
0.000
0.000
0.000
0.000
0.000
0.000
0.000
2.624
5.272
0.000
0.000
0.000
0.000
0.000
1.136
0.079
0.000
0.000
0.000
0.000
0.000
0.000
0.000
0.000
0.000
0.057
0.292
0.000
0.007
0.350
0.000
0.000
0.000
0.000
0.000
0.000
0.161
0.038
0.000
0.000
0.000
0.000
0.000
0.000
0.000
0.000
0.000
0.000
0.000
0.165
0.007
0.000
0.000
0.154
0.644
0.000
0.000
0.000
0.268
0.050
0.000
0.000
0.000
0.034
0.082
0.000
0.000
0.491
0.038
0.000
0.124
0.000
0.117
0.027
0.000
0.148
1.761
0.227
0.172
0.000
0.000
0.000
0.148
7.002
0.017
17.065
0.014
7.684
21.399
2.293
9.232
4.264
0.103
0.000
0.000
0.048
1.545
1.267
15.573
6.389
4.518
6.829
14.801
3.030
0.000
9.671
3.123
13.354
4.621
0.124
0.000
0.000
0.079
5.792
11.793
20.136
5.639
0.055
0.000
0.000
3.747
11.082
0.702
6.667
5.941
0.754
0.088
25.128
17.594
0.100
4.848
0.342
0.000
4.544
0.371
21.428
11.120
8.925
18.625
20.208
17.048
0.048
4.294
20.062
11.098
7.450
85.402
0.695
0.000
0.058
6.159
2.983
0.405
0.079
12.971
7.079
5.473
5.335
6.458
17.499
7.443
4.355
0.010
9.256
2.662
0.539
3.622
7.224
4.892
13.599
19.312
12.631
13.187
0.470
9.647
4.688
4.628
1.899
12.857
10.231
6.729
9.362
4.422
6.430
4.403
9.469
12.792
5.301
10.554
14.497
10.622
10.499
19.473
3.056
7.237
0.302
5.761
16.691
33.146
39.800
1.160
17.293
6.854
3.464
2.589
3.385
16.078
2.111
10.022
1.521
12.550
1.643
3.643
0.827
0.659
0.141
0.275
0.141
0.000
0.000
1.414
1.517
6.679
0.000
5.991
12.366
14.729
22.005
16.215
2.966
15.813
15.225
6.834
14.025
12.820
10.186
23.318
0.829
12.394
9.586
11.534
1.372
11.278
9.592
7.790
2.853
9.359
73.502
20.207
0.340
9.665
14.821
0.494
2.187
1.221
15.966
2.142
0.000
12.137
11.185
1.293
1.878
12.209
12.492
2.161
0.000
4.058
8.677
12.073
1.588
18.016
4.365
8.652
0.031
7.629
2.075
6.360
3.524
7.672
8.657
21.345
3.978
2.794
0.639
0.000
0.000
0.000
0.000
0.110
0.000
0.025
1.603
5.208
6.578
2.662
8.307
1.025
0.127
5.759
8.593
0.678
0.168
1.356
0.051
1.648
4.532
0.089
0.000
0.072
13.070
0.000
0.000
0.000
0.000
0.000
0.000
0.000
0.264
0.000
0.000
0.000
2.589
3.754
0.216
0.000
1.741
9.625
0.038
0.000
0.000
0.000
0.000
1.758
0.122
2.407
0.064
0.000
0.000
0.000
0.000
0.000
0.000
0.000
0.000
0.000
0.000
0.000
0.000
0.000
0.000
0.000
0.000
0.000
0.098
4.356
0.000
0.000
0.000
0.000
0.000
0.000
0.000
0.000
0.000
0.000
0.000
0.000
0.000
0.000
0.000
0.000
0.000
7.363
0.010
0.000
0.000
0.000
0.000
0.000
0.000
0.000
0.000
0.000
0.000
0.000
0.000
0.000
0.000
0.000
0.000
0.000
0.000
0.000
0.000
0.000
0.000
0.000
0.000
0.000
0.000
0.000
0.000
0.000
0.000
0.000
0.000
0.000
0.000
3.258
4.110
0.050
0.498
0.000
0.000
0.000
0.336
0.000
0.048
0.000
0.268
0.199
0.000
0.621
1.813
0.256
4.585
3.706
0.000
0.000
0.993
0.029
0.000
0.000
0.084
0.031
0.058
1.294
53.193
0.104
0.391
0.000
0.000
0.000
1.463
8.595
0.369
0.714
0.000
1.607
0.000
0.000
0.000
6.132
5.121
1.131
0.740
1.047
5.205
0.000
0.000
0.055
0.000
0.000
0.000
0.220
0.287
1.295
0.000
0.017
0.048
0.000
2.494
0.000
0.000
0.114
0.048
0.000
0.014
0.376
0.000
0.000
7.766
2.873
3.735
10.634
12.900
1.184
2.170
3.704
3.116
12.998
8.731
8.305
12.794
7.272
4.522
16.787
36.214
4.590
3.789
0.106
9.665
93.622
0.233
0.000
1.420
1.181
19.593
12.507
2.729
11.924
1.188
6.978
7.836
10.823
3.624
2.316
8.906
2.261
0.086
8.016
15.637
26.632
3.414
0.000
6.351
0.051
10.370
15.087
6.099
1.431
1.139
18.457
2.153
12.107
13.017
3.907
21.202
3.911
13.360
7.199
10.233
10.638
11.965
10.894
10.753
0.245
1.123
7.454
4.975
2.589
9.036
4.549
16.469
5.945
14.131
13.091
14.923
0.000
9.730
12.509
4.884
23.313
5.431
13.772
1.940
0.027
5.038
7.368
18.210
1.765
147.033
99.193
1.394
13.136
22.450
25.336
18.378
16.349
15.836
13.314
1.427
17.146
1.792
23.095
2.517
8.276
13.295
21.540
15.957
16.063
9.222
16.790
4.295
15.910
10.557
7.896
2.420
1.763
1.562
0.000
3.489
1.184
4.110
6.278
2.427
0.872
16.390
7.776
3.050
3.698
2.273
9.060
7.018
8.837
6.798
13.609
0.058
0.000
0.000
2.795
1.957
0.000
8.490
6.025
31.934
14.080
0.000
0.000
0.000
0.000
3.478
0.865
2.692
7.615
5.445
5.730
8.459
10.993
0.652
4.261
6.437
8.137
1.778
0.000
0.000
0.000
2.245
0.065
0.003
5.792
11.652
12.006
4.546
0.041
0.000
0.326
0.000
0.000
0.000
0.000
0.000
0.000
0.000
0.000
0.000
0.000
3.536
1.739
1.071
0.000
0.000
0.000
1.123
1.570
2.343
1.306
6.697
0.000
0.000
0.000
0.000
0.000
0.000
0.046
0.000
0.000
0.000
0.000
0.000
0.000
9.033
0.652
0.000
1.832
0.838
0.000
0.000
0.000
0.000
0.048
0.000
0.000
0.000
2.002
0.429
0.000
8.453
0.716
0.000
0.000
0.000
0.000
0.000
0.000
0.000
0.000
0.000
0.000
0.000
0.000
0.000
0.000
0.000
0.000
0.100
0.120
1.802
2.156
0.282
0.000
0.175
0.235
0.000
0.000
0.000
0.000
0.000
0.000
0.000
0.000
0.000
0.000
0.232
0.000
0.000
0.000
0.000
0.000
0.000
0.000
0.000
0.000
0.000
0.000
0.000
0.000
0.000
0.000
0.000
0.000
0.000
0.000
0.000
0.000
0.000
0.000
0.000
0.278
0.700
1.892
1.723
0.000
0.000
0.000
0.000
0.000
0.000
0.151
0.000
0.000
0.000
0.000
0.000
0.000
0.000
0.000
0.041
0.759
0.000
0.010
0.000
0.000
0.000
0.000
0.000
0.000
0.000
0.750
0.185
0.000
0.021
3.888
0.000
0.000
0.000
0.000
2.396
0.000
0.000
0.000
0.000
0.000
0.889
0.014
1.109
3.342
7.318
0.161
0.000
0.000
0.000
0.000
0.027
0.000
0.000
0.000
0.000
0.124
4.752
0.652
15.877
0.431
2.180
0.434
3.050
0.000
12.056
7.368
0.431
0.101
4.376
7.308
9.012
11.000
18.127
6.036
60.904
0.086
1.723
14.917
32.917
34.286
2.841
15.551
12.689
15.538
48.284
3.339
0.230
7.636
1.071
15.108
0.675
0.353
0.354
14.492
13.911
6.235
21.839
0.000
13.477
5.605
12.202
6.030
0.750
3.050
5.069
9.601
12.978
0.335
11.151
8.386
0.132
3.759
7.986
3.677
0.797
5.380
15.800
2.029
1.758
13.939
15.559
9.187
21.075
10.736
17.455
19.830
11.371
14.691
18.721
6.489
6.360
2.860
9.040
15.947
2.740
1.360
17.355
9.170
14.454
2.486
0.524
0.712
0.000
0.182
8.581
2.322
10.425
75.652
0.822
18.816
17.238
0.446
3.116
5.325
6.430
65.860
12.236
6.252
4.261
1.100
20.560
24.821
3.828
1.186
8.413
6.341
11.005
5.609
17.664
17.218
15.332
14.157
23.842
2.486
2.027
8.432
8.007
6.460
13.870
4.573
1.656
6.614
1.274
9.970
13.182
12.082
5.740
2.855
0.112
7.841
12.148
4.899
3.765
1.020
7.663
11.409
3.596
0.978
0.858
12.766
10.734
19.151
60.775
10.650
0.000
10.722
4.019
0.736
2.885
9.829
3.167
7.802
2.886
5.061
8.444
10.641
4.456
0.321
0.000
0.000
1.020
0.000
0.204
0.651
11.750
0.738
6.609
11.307
19.726
4.317
0.930
0.000
0.000
0.000
0.000
0.742
3.179
2.903
4.276
3.624
0.000
1.485
12.477
17.923
2.189
7.663
2.141
2.228
0.072
0.402
3.244
5.660
1.710
1.845
5.116
0.376
0.000
2.499
1.677
9.805
0.769
0.034
0.000
0.000
0.000
0.000
0.000
0.000
0.000
0.000
0.000
0.000
0.000
0.000
3.498
1.270
0.000
5.790
1.394
0.014
0.000
0.000
0.003
0.007
0.000
0.000
2.357
0.968
0.208
0.000
0.000
0.000
0.000
0.000
0.000
0.000
0.000
0.000
0.000
0.000
0.000
0.000
0.000
0.000
0.000
0.000
0.000
0.000
0.000
0.000
0.000
0.000
0.000
0.000
0.000
0.000
0.000
0.000
0.000
0.000
0.000
0.000
0.000
0.000
0.000
0.000
0.000
0.000
4.003
0.000
0.053
0.089
0.000
0.000
0.000
1.251
0.038
7.304
0.156
0.000
0.000
1.184
0.000
0.000
0.000
0.000
0.082
1.190
0.934
0.000
0.000
0.000
0.000
0.000
0.000
0.015
0.623
0.930
0.000
0.000
0.097
0.436
0.000
0.000
0.000
0.000
0.575
0.000
0.000
0.000
0.000
0.000
0.041
0.271
0.454
0.000
0.337
0.096
0.086
0.000
0.000
0.000
0.000
0.003
0.000
0.000
0.000
0.500
0.000
0.000
0.000
0.000
0.000
0.000
0.000
6.406
0.000
0.000
0.000
0.000
0.000
0.000
0.621
0.010
1.720
0.014
0.000
0.000
0.922
0.942
2.109
0.989
0.000
0.000
0.000
3.650
5.419
0.512
0.000
0.000
0.484
0.244
19.101
2.403
0.690
0.000
0.000
2.341
7.478
4.913
0.148
12.045
4.710
0.460
0.000
10.773
4.419
0.098
0.000
0.000
0.000
0.000
4.110
3.227
8.832
6.214
14.060
3.308
2.367
2.062
1.517
9.217
6.446
0.295
7.114
8.202
12.660
0.151
0.271
0.000
0.017
0.021
0.209
0.000
0.000
0.000
0.017
0.003
3.088
0.000
1.231
11.537
15.151
7.882
9.222
8.336
2.475
0.089
0.182
2.910
9.960
9.380
4.480
15.199
12.243
4.470
3.667
24.029
2.589
13.558
8.072
6.230
14.409
8.681
122.934
15.144
3.038
1.469
5.435
0.000
0.433
1.995
2.896
9.321
21.224
9.714
21.513
42.421
10.966
0.797
16.493
58.468
9.122
4.817
3.971
19.092
12.068
0.972
6.300
6.509
3.945
18.941
4.144
8.878
19.387
10.049
45.990
13.182
1.555
1.991
0.192
10.705
11.076
5.169
22.482
4.231
8.666
4.788
2.302
1.815
16.313
9.970
26.450
15.745
5.996
5.503
15.000
10.071
3.231
6.151
11.585
17.573
12.905
21.482
11.474
1.413
6.342
15.154
6.709
16.177
4.080
0.549
0.000
0.000
0.000
0.039
1.308
0.000
4.281
1.390
10.509
12.772
1.725
12.330
49.250
1.517
2.551
8.522
0.669
0.997
1.665
6.770
0.623
0.793
2.032
13.908
12.047
3.703
1.879
6.686
2.951
4.575
3.510
3.076
18.814
4.009
13.165
6.118
0.000
0.000
0.445
0.726
0.132
0.000
0.000
4.473
3.100
1.833
9.836
10.118
6.744
8.229
0.220
2.352
0.000
0.771
6.343
0.000
0.357
0.000
0.000
3.150
1.705
0.000
0.000
0.925
10.987
9.333
0.412
0.232
5.222
2.439
2.099
1.179
0.000
1.468
2.125
1.147
0.288
1.263
2.815
1.039
0.000
0.000
0.000
0.000
0.000
0.000
0.000
0.000
0.745
1.284
4.225
1.473
0.000
0.000
0.000
0.000
0.000
0.000
0.000
0.000
0.000
0.000
0.000
0.000
0.000
0.000
0.000
0.000
0.000
0.000
0.000
0.000
0.000
0.000
0.000
0.000
0.000
0.000
0.000
0.000
0.000
0.000
0.000
2.111
1.267
0.656
3.901
15.846
1.907
0.000
0.000
0.000
0.000
0.000
0.000
0.000
0.000
0.000
0.000
0.000
0.000
4.613
0.191
0.736
0.115
0.010
0.055
0.000
0.000
0.000
0.000
0.000
0.000
0.000
0.000
0.000
0.460
0.000
0.000
0.000
0.000
0.000
0.000
0.000
0.282
1.995
0.000
0.319
1.299
0.793
2.767
0.003
0.000
0.000
0.000
1.511
0.199
0.000
0.000
0.113
22.038
3.042
0.247
0.000
0.000
0.000
0.000
0.000
0.000
0.124
0.233
0.410
2.235
0.000
0.000
0.000
0.014
0.000
0.000
0.071
0.179
0.415
0.007
3.801
0.076
15.029
11.410
15.070
4.664
0.240
0.000
0.000
0.862
0.776
0.657
0.055
0.000
0.000
0.000
2.451
0.014
0.007
0.000
0.000
0.000
0.007
0.027
2.781
1.729
10.429
11.675
0.289
0.069
12.131
17.614
1.849
5.838
10.107
5.843
9.543
6.516
6.837
12.353
23.079
0.266
6.918
0.000
13.844
14.025
5.843
0.017
0.874
0.007
4.123
2.844
0.058
0.000
0.000
0.575
1.049
20.953
0.287
5.122
3.147
11.687
16.921
1.368
4.120
10.913
9.220
5.953
40.186
2.103
1.801
1.691
0.563
5.259
12.197
6.859
7.723
9.127
6.074
2.323
6.575
5.651
22.203
0.000
8.746
10.177
0.309
3.196
19.894
16.050
0.174
6.684
5.742
6.194
2.221
12.003
10.600
8.890
2.091
4.843
0.439
1.970
0.003
0.000
10.725
19.002
9.334
5.256
2.620
6.722
4.118
2.874
0.000
9.822
1.238
4.530
0.419
0.000
0.000
0.699
2.892
0.436
2.039
11.762
6.187
13.132
3.900
1.152
0.611
3.449
4.755
12.224
14.969
72.259
5.061
3.231
20.931
17.947
17.970
2.290
9.781
7.955
8.399
13.695
10.925
2.429
7.517
5.816
17.412
9.170
7.931
5.385
1.215
7.213
9.829
1.835
7.064
8.332
2.894
0.886
13.029
16.069
9.110
5.540
7.163
5.291
0.000
0.000
1.765
3.886
0.978
8.837
7.553
8.329
9.280
4.127
1.912
17.489
3.986
17.413
3.962
4.024
0.779
0.000
7.131
10.530
7.728
0.000
24.053
3.435
0.669
6.949
9.544
0.810
0.000
0.000
1.631
1.521
0.522
0.000
0.000
0.000
0.000
0.731
1.130
0.772
1.215
4.230
13.990
1.579
0.000
0.000
0.000
0.000
0.000
0.000
0.000
0.000
9.685
7.179
4.322
5.322
8.109
2.053
0.134
0.000
0.000
0.000
0.000
0.000
0.000
0.000
0.000
0.000
0.771
5.167
0.790
0.000
0.000
0.000
0.000
0.000
0.000
0.000
0.481
0.000
0.000
0.000
0.000
0.010
0.000
0.000
0.000
0.000
0.000
0.000
0.000
0.000
0.000
0.000
0.000
0.000
0.000
0.000
0.000
0.000
0.000
0.000
0.000
0.000
0.000
0.000
0.000
0.000
0.000
1.325
0.000
0.000
0.000
0.000
0.000
0.000
0.000
0.000
0.000
0.000
0.000
0.000
0.000
0.000
0.000
0.000
2.539
0.637
2.860
0.367
0.755
0.000
0.000
0.000
0.000
0.000
0.000
2.268
0.000
0.000
0.000
0.000
0.000
0.000
0.000
0.000
0.000
0.000
0.000
0.000
0.000
0.000
0.000
0.000
0.000
0.000
0.000
0.000
0.000
0.484
0.000
0.000
0.000
0.045
0.000
0.000
0.000
0.000
0.000
0.007
0.000
0.000
0.000
0.000
0.000
0.000
0.000
0.000
0.455
5.191
54.578
0.000
0.000
0.000
0.000
0.000
0.000
0.000
0.014
0.000
0.000
0.742
0.088
0.026
0.221
0.000
0.000
2.690
4.065
1.650
5.328
0.000
0.000
0.000
0.357
5.972
0.130
0.506
1.574
6.710
3.485
18.273
22.441
10.892
15.719
9.786
16.092
14.207
0.219
7.495
1.933
0.000
2.750
12.729
12.522
13.960
15.135
0.980
0.110
9.742
0.003
0.649
0.000
0.000
2.179
4.114
3.830
35.730
5.656
2.520
0.031
3.777
0.536
6.923
32.017
8.668
4.460
7.483
13.249
16.258
1.865
8.863
3.208
2.671
15.352
11.596
0.678
1.507
0.000
0.000
0.426
4.434
2.443
22.652
0.158
0.000
0.000
1.497
14.078
17.329
9.785
25.205
13.506
15.092
0.100
15.463
1.988
2.032
18.206
9.671
0.783
14.095
12.806
2.280
13.256
4.257
7.028
3.018
2.628
3.749
13.218
13.386
14.900
17.307
15.038
12.971
4.328
21.712
11.790
4.528
13.966
5.795
13.067
4.101
0.503
17.204
4.772
22.010
16.037
0.058
3.509
10.440
6.660
16.670
3.008
1.620
2.953
5.713
7.368
18.687
20.622
32.588
113.350
6.626
9.407
6.654
5.727
6.935
2.074
5.905
16.916
0.927
9.900
17.122
4.384
7.721
1.270
0.793
0.058
7.740
2.723
0.286
12.210
3.375
9.515
11.288
0.287
1.493
1.073
2.393
10.985
14.572
11.054
4.988
10.883
10.280
6.245
3.023
13.572
1.255
2.491
3.061
1.907
4.731
4.420
8.161
6.630
6.853
6.638
5.914
10.361
3.193
4.731
9.996
15.628
16.030
10.252
18.182
10.118
29.406
3.231
0.000
0.000
0.000
0.003
7.519
0.027
2.214
2.819
9.493
4.954
4.219
13.079
7.121
5.835
4.621
12.902
20.229
1.143
4.278
6.771
0.247
6.878
4.396
7.905
2.662
7.514
3.251
2.139
0.707
3.981
2.759
0.000
0.000
0.000
0.000
0.076
3.456
0.252
4.348
1.176
6.382
7.082
0.000
0.000
0.000
0.728
1.778
0.050
0.031
0.000
0.000
0.000
6.091
0.057
0.000
0.027
0.000
2.953
4.266
3.203
0.963
21.760
10.042
0.076
0.000
0.000
2.405
0.582
1.032
0.000
3.926
0.051
5.319
0.666
0.000
1.306
8.427
1.184
0.003
0.000
0.000
0.000
0.000
0.000
0.000
0.000
0.000
0.000
2.283
1.660
0.000
0.000
0.000
0.000
0.000
0.000
0.000
0.000
0.000
0.000
0.000
0.000
0.000
0.000
0.000
0.000
0.000
0.000
0.000
0.000
0.000
0.000
0.000
0.000
0.000
0.000
0.000
0.120
0.000
0.000
0.000
0.000
0.000
0.000
0.000
0.000
0.000
0.000
0.000
0.000
0.000
0.000
0.000
0.172
0.051
0.000
0.000
0.000
0.014
0.000
0.000
0.000
0.000
0.039
0.000
0.000
0.000
0.000
0.000
5.458
3.881
0.000
0.000
4.140
0.000
1.483
0.000
0.000
0.000
0.000
0.010
0.625
0.065
0.062
0.000
0.000
0.000
0.010
0.000
0.000
0.000
0.000
0.000
0.748
0.000
0.015
0.000
0.000
0.000
0.000
0.000
0.000
1.499
0.360
0.118
0.360
0.000
0.000
0.000
0.000
0.060
0.000
0.000
0.652
1.227
0.000
0.000
0.007
0.728
4.063
6.389
0.007
0.096
3.440
24.747
1.097
0.532
0.000
0.213
0.000
0.000
0.000
0.000
0.000
0.000
5.692
20.318
4.008
0.106
15.961
7.805
9.477
5.515
8.857
18.292
0.000
0.000
7.067
9.321
5.696
0.017
0.055
62.438
10.126
4.983
2.517
11.433
7.292
14.210
1.263
10.059
3.275
12.164
3.753
7.260
13.204
15.978
7.416
0.058
0.000
0.539
1.346
3.584
0.000
0.000
0.000
0.000
2.832
0.508
0.000
0.000
0.000
0.000
0.628
0.000
4.216
3.478
4.819
5.768
18.052
5.661
16.825
12.991
28.176
5.037
14.114
0.000
0.000
9.740
9.031
0.141
13.111
11.520
14.124
12.056
4.542
9.623
7.213
11.934
0.003
1.521
1.713
6.317
9.060
5.383
1.349
9.203
5.418
6.966
4.024
14.389
22.666
6.945
0.663
17.520
11.254
0.932
9.974
19.075
1.308
2.410
75.335
6.612
2.922
4.693
0.848
3.976
15.992
14.018
0.683
8.640
12.667
6.844
12.226
3.677
1.816
3.876
10.657
4.408
0.051
3.416
8.326
7.498
0.192
0.065
7.107
10.669
7.981
1.229
24.194
17.904
7.993
1.988
0.000
14.231
15.693
10.250
4.928
7.203
2.379
1.912
5.867
3.239
8.928
2.728
8.668
9.968
2.323
0.034
0.000
1.689
0.675
10.962
8.575
1.037
4.962
10.089
1.620
0.051
0.991
0.048
12.162
5.919
0.833
5.998
8.424
7.759
4.077
1.799
5.062
9.404
2.589
0.546
6.485
0.003
0.165
3.704
3.950
0.000
0.000
2.939
5.074
0.103
0.642
12.370
0.632
0.100
0.000
0.000
0.000
0.000
0.000
0.000
0.000
1.645
0.000
0.539
0.000
0.000
0.000
0.000
2.554
0.000
0.000
1.202
0.000
0.000
0.000
0.000
0.000
0.000
0.000
0.000
0.086
0.659
9.407
1.892
0.278
0.072
0.000
0.000
0.000
0.000
0.000
0.000
0.000
0.000
0.000
0.000
0.000
0.000
0.000
1.360
0.000
0.000
0.000
0.000
0.000
0.604
0.000
0.745
0.000
0.000
0.000
0.000
0.000
0.000
0.000
0.000
0.000
0.000
7.358
0.093
0.000
0.000
0.000
0.000
0.000
0.000
0.000
0.000
0.000
0.000
0.000
0.000
0.000
0.000
0.149
0.000
0.014
0.000
0.000
0.000
0.000
0.000
0.000
0.000
0.021
0.000
0.000
0.000
0.000
0.000
0.000
0.000
0.000
0.000
0.000
0.000
0.000
0.000
0.000
0.000
0.000
0.000
0.000
0.000
0.000
0.000
0.000
0.000
0.000
0.000
0.000
0.000
0.000
0.000
0.000
0.000
0.000
0.000
0.000
0.173
0.007
0.000
0.010
0.000
0.000
0.000
0.000
0.000
0.000
0.000
0.000
0.349
0.000
0.000
0.000
0.000
0.000
0.000
0.000
0.000
0.000
0.000
0.299
0.007
0.000
0.000
0.000
0.000
0.000
0.000
0.007
0.855
4.701
0.000
0.000
0.000
0.312
0.000
0.000
0.000
0.000
0.596
0.750
0.702
2.233
2.196
0.000
0.000
0.000
0.191
0.000
0.000
0.000
0.007
0.388
0.000
0.000
0.000
0.000
0.958
0.000
6.151
0.000
0.556
0.000
0.000
0.000
0.257
0.216
0.000
0.000
0.000
0.000
0.000
0.000
0.000
0.000
0.000
0.000
0.000
0.000
0.010
0.021
0.000
2.959
1.428
0.000
0.000
0.282
0.000
0.467
0.000
0.000
0.000
0.000
5.390
6.904
0.000
0.024
0.838
0.000
0.000
0.000
0.000
0.010
5.481
0.132
0.000
9.155
11.721
27.587
50.218
7.986
10.521
15.191
19.595
27.046
3.988
17.381
17.108
5.852
1.145
8.876
7.292
4.531
10.940
6.254
1.211
0.903
1.275
0.000
6.157
0.086
0.000
0.488
31.222
2.127
0.520
12.881
1.560
2.847
1.736
9.983
3.301
11.113
3.074
0.208
6.564
7.893
21.195
16.104
2.100
4.492
6.224
18.227
3.155
3.354
16.334
7.302
4.704
62.207
38.081
1.349
3.975
9.677
10.957
4.379
9.646
9.592
1.696
0.000
0.000
12.150
2.019
9.901
2.290
16.531
19.690
12.792
24.378
0.851
11.838
14.147
14.880
11.803
15.544
5.474
6.270
0.604
1.200
5.361
3.152
8.655
0.512
11.259
2.925
10.782
4.413
1.004
10.271
0.467
3.731
5.579
0.003
2.122
0.000
0.000
0.000
2.034
0.000
0.000
2.432
7.170
14.332
3.138
0.007
0.000
0.000
6.981
10.763
1.542
0.524
1.797
1.612
0.000
0.000
0.000
1.802
2.573
6.885
5.100
0.481
18.934
0.551
0.010
0.000
8.012
0.000
0.048
0.719
1.193
0.014
0.031
0.000
0.070
2.626
0.781
9.649
0.393
1.996
0.000
0.000
0.021
1.775
0.000
0.000
0.000
0.079
4.113
0.007
0.000
0.000
0.000
0.000
0.000
0.000
0.000
2.249
0.024
0.055
0.000
0.000
0.000
0.000
0.000
0.000
0.028
0.000
0.000
0.000
0.000
0.000
0.000
0.000
0.244
0.000
0.000
0.268
0.000
0.000
0.000
0.000
0.000
0.000
0.000
0.000
0.000
0.000
0.000
0.000
0.000
0.000
0.000
0.000
0.000
0.000
0.000
2.757
0.000
0.000
0.000
0.000
0.000
0.000
0.000
0.000
0.000
0.000
0.000
0.000
0.000
0.000
0.000
0.000
0.000
0.000
0.000
0.000
0.127
0.000
0.000
0.000
0.000
0.000
0.000
0.000
0.094
0.000
0.000
0.010
0.000
0.000
0.863
0.127
0.000
0.000
0.000
1.157
2.075
0.000
0.003
1.196
0.027
0.414
2.273
1.231
1.119
0.000
0.148
0.000
0.000
0.000
0.000
0.676
0.061
0.726
0.256
0.000
0.000
0.000
1.998
0.596
0.367
0.000
0.570
10.792
0.112
0.048
0.072
0.000
0.045
1.234
0.225
3.111
1.761
1.605
2.552
0.000
0.445
1.907
0.000
5.409
3.291
0.000
0.182
0.000
0.118
5.558
0.476
4.312
0.000
0.223
11.857
0.802
6.393
1.308
3.680
4.882
0.398
0.000
7.323
3.392
0.000
0.000
15.371
3.196
1.679
0.000
0.000
14.959
0.350
17.276
15.788
9.584
3.119
0.000
0.007
1.557
7.927
0.810
12.061
0.175
9.919
20.249
30.690
8.034
1.062
8.473
2.968
0.000
0.628
3.701
10.773
3.069
12.276
2.135
10.727
2.617
47.657
12.906
11.733
4.952
12.528
11.604
10.897
9.220
51.710
2.554
0.027
0.000
5.924
6.475
7.145
14.308
14.176
16.581
11.944
1.965
3.866
0.338
0.000
8.969
16.220
4.206
0.034
2.550
0.031
0.055
0.000
0.003
6.690
12.926
0.951
0.276
0.003
6.407
6.128
5.505
14.638
4.676
7.814
3.863
6.537
0.627
5.622
2.092
5.883
0.886
0.306
7.335
15.937
20.809
5.859
12.945
8.406
15.420
33.991
8.623
3.435
1.924
26.128
8.018
5.069
5.933
1.135
0.261
1.815
0.199
5.733
17.945
1.488
0.000
7.309
4.748
8.306
7.996
10.777
11.791
9.059
4.710
5.770
19.426
14.835
0.844
0.055
17.003
5.989
21.208
0.429
9.165
11.799
24.326
10.926
4.431
4.152
0.156
14.359
12.973
2.963
7.878
19.266
1.389
0.141
0.601
1.891
0.704
0.000
0.000
1.384
2.779
6.118
2.390
2.953
5.476
1.490
2.520
16.359
7.756
2.630
2.448
4.594
0.419
4.302
12.123
0.587
9.898
7.416
3.385
3.643
1.030
3.718
21.276
3.162
4.391
4.568
9.816
0.000
0.000
0.000
8.909
4.274
0.041
1.655
0.076
0.000
0.000
0.000
2.014
7.431
0.000
0.000
0.000
1.569
2.757
3.636
6.842
0.525
0.000
0.000
0.000
0.000
0.000
0.000
1.172
2.796
4.733
0.757
0.532
0.000
0.381
0.000
1.318
0.000
0.369
3.337
0.645
1.384
0.285
0.288
0.000
0.000
0.000
0.000
0.000
0.295
0.000
0.000
0.000
0.000
0.000
0.000
0.000
0.000
0.000
0.000
0.000
0.021
0.000
0.000
0.039
0.000
0.000
1.742
0.000
0.000
0.167
0.000
0.000
0.000
0.000
0.000
0.000
0.074
0.000
0.395
0.000
0.000
0.000
0.000
0.000
1.188
0.663
0.000
0.000
0.000
0.000
0.000
0.000
0.000
0.000
0.000
0.000
0.000
0.000
0.000
0.000
0.000
0.000
0.000
0.000
0.000
0.000
0.000
0.000
0.000
0.000
0.000
1.504
0.000
0.000
0.000
0.000
0.000
0.000
0.000
0.333
0.158
0.532
4.522
0.000
0.000
0.000
0.000
0.000
0.000
0.000
0.735
0.518
0.027
0.000
0.112
0.000
0.953
4.298
0.084
0.000
0.000
0.014
0.000
0.608
0.000
0.000
0.000
0.034
0.000
0.542
0.000
1.051
8.542
0.573
3.287
1.188
0.000
0.000
0.227
0.213
14.144
0.522
1.159
9.285
0.860
0.142
6.015
3.691
1.760
11.860
0.299
0.209
0.000
11.266
1.535
5.035
0.010
2.692
5.970
14.680
4.628
4.170
14.886
11.927
1.971
0.209
0.000
13.836
0.000
0.000
0.000
3.409
2.173
9.689
2.884
0.055
0.694
0.000
3.711
0.007
0.000
0.594
48.064
0.367
0.793
0.000
0.003
0.000
0.000
0.712
0.587
1.384
0.972
0.130
0.354
1.432
0.010
1.342
5.740
0.247
0.000
0.021
9.349
14.797
3.121
3.476
3.160
19.302
20.893
17.073
3.207
18.409
8.961
13.218
12.456
3.753
4.317
3.687
12.263
11.024
0.124
0.017
2.329
0.992
0.000
1.040
0.051
0.000
0.652
0.000
0.000
0.000
0.000
2.978
0.233
5.021
1.160
0.707
0.295
2.122
0.910
1.020
2.750
7.090
1.768
4.434
1.226
21.156
10.755
0.076
2.132
13.692
7.028
2.438
0.869
6.642
12.233
14.121
4.353
1.133
9.108
10.612
6.357
4.175
4.580
13.311
2.657
4.001
22.048
8.846
17.430
12.147
10.983
0.745
1.737
4.765
5.229
0.000
0.000
7.409
3.883
12.615
2.784
20.980
1.624
1.751
10.339
6.348
10.636
40.313
5.624
12.868
0.728
0.072
2.609
1.116
5.258
3.759
7.574
14.921
8.490
12.164
6.099
15.789
1.294
0.336
0.000
0.000
0.048
4.872
14.243
10.375
2.057
2.149
7.131
0.803
0.532
10.128
13.661
19.720
6.145
3.667
8.161
14.904
9.198
0.965
0.000
0.000
0.000
0.000
0.151
0.014
17.286
6.952
3.653
4.106
0.000
0.154
6.537
7.495
2.118
0.000
2.764
9.635
10.543
5.485
3.817
0.000
13.177
6.113
0.000
0.000
0.000
0.031
0.137
0.714
12.250
0.688
0.354
0.000
0.000
0.014
0.000
0.000
0.000
0.053
0.000
0.000
5.148
12.736
5.879
8.405
0.556
7.263
4.401
0.999
1.081
2.544
8.188
0.673
2.125
0.203
0.978
2.321
0.000
0.000
0.000
0.000
0.000
0.000
0.000
0.000
0.000
0.000
0.000
0.124
0.000
0.148
3.464
0.000
0.000
0.000
0.000
2.063
0.000
0.000
0.000
0.000
0.000
0.000
0.000
0.000
0.000
0.000
0.396
0.066
0.000
0.000
0.000
0.000
0.000
0.000
0.000
0.000
0.000
0.000
0.000
0.000
0.000
0.000
0.000
0.000
0.000
0.000
0.000
0.000
0.000
0.000
0.000
0.000
0.000
0.000
2.245
0.282
10.406
0.086
0.000
0.000
0.000
0.000
0.000
0.000
0.000
0.000
0.000
0.000
0.034
0.000
1.605
12.912
1.126
0.000
0.000
0.000
0.000
0.000
0.000
0.000
0.000
0.000
0.000
0.000
0.000
0.000
0.015
5.898
1.511
0.000
0.000
0.000
0.017
0.000
0.000
0.000
0.000
0.000
0.681
1.705
9.253
0.055
0.000
0.654
8.974
12.736
5.466
9.723
0.172
1.246
0.137
10.418
7.502
12.954
11.227
7.780
0.481
1.627
0.439
4.899
0.446
0.000
0.000
0.000
0.000
0.000
0.000
0.000
0.182
0.007
0.000
0.113
0.282
0.100
1.566
1.205
46.462
0.000
4.305
21.473
24.706
25.706
0.065
0.031
6.669
8.162
2.214
0.237
0.000
2.463
6.498
0.053
21.700
21.744
1.467
1.942
0.000
0.000
0.815
15.263
0.000
0.007
6.660
0.791
10.155
9.580
0.230
0.395
0.476
11.628
19.813
0.433
1.341
14.485
5.364
7.339
0.282
0.021
0.388
0.289
10.425
80.092
1.639
0.257
1.171
6.067
3.313
0.494
9.259
0.000
0.180
0.000
6.527
2.380
4.325
6.340
0.000
0.000
43.592
22.079
2.949
4.019
4.381
8.001
5.893
0.956
8.303
9.510
3.983
2.489
10.937
2.257
19.817
24.936
5.037
13.259
0.494
0.076
2.082
1.045
11.522
1.401
12.861
10.274
0.017
0.000
0.000
1.214
0.045
0.017
13.510
7.361
2.187
0.069
7.670
2.335
7.975
4.552
9.647
10.430
6.200
4.719
0.201
0.000
0.501
5.723
13.664
14.804
8.120
30.473
5.203
1.754
0.000
0.168
0.000
0.000
0.000
0.704
3.389
0.587
8.030
4.501
1.962
0.010
2.680
14.758
4.031
2.774
0.819
8.719
13.862
5.531
3.209
4.630
9.435
11.960
14.437
2.738
0.014
1.995
5.352
7.910
13.013
18.378
3.543
3.147
2.729
2.789
8.135
2.214
15.095
4.992
10.444
4.839
1.461
3.833
15.468
0.463
7.203
14.694
8.431
7.163
14.191
3.598
7.110
11.191
5.423
9.028
6.753
5.284
10.768
10.439
7.595
4.604
7.821
7.229
4.518
0.055
2.360
0.027
0.000
3.741
12.535
0.113
8.968
16.073
1.847
0.690
0.512
0.975
0.000
0.000
0.000
0.000
0.000
5.524
0.965
0.014
0.000
0.038
0.144
0.000
0.000
0.522
0.161
5.236
10.789
2.728
0.117
0.000
0.000
0.000
3.279
0.488
0.010
0.000
0.000
0.000
0.144
9.414
0.249
1.760
1.418
0.000
3.993
0.100
0.000
0.000
0.000
0.000
0.000
0.000
0.000
4.261
1.332
0.017
0.082
0.824
0.000
0.000
0.000
0.168
0.000
0.000
0.319
0.000
0.000
0.000
0.000
0.000
0.000
0.000
0.000
3.696
0.000
0.000
0.000
3.617
6.209
4.446
0.000
0.000
0.000
0.000
0.000
0.000
0.000
0.359
0.000
0.000
0.027
0.000
0.000
0.000
0.000
0.000
0.000
0.000
0.000
0.000
3.250
0.000
0.000
0.000
0.000
0.000
0.000
0.000
0.014
1.378
0.343
1.066
1.181
0.000
0.000
0.000
0.754
0.096
0.000
0.010
0.000
0.000
1.289
0.565
0.112
0.041
0.000
0.293
0.000
0.604
4.343
0.000
10.171
1.473
0.000
0.000
0.000
0.000
0.000
0.000
0.021
0.467
0.000
0.000
0.375
0.000
0.000
0.000
0.573
0.000
0.362
1.111
0.000
2.378
9.385
5.306
0.007
16.374
1.142
1.899
0.000
0.000
0.000
9.741
7.123
16.121
8.895
2.669
12.893
3.922
0.184
0.000
0.000
1.851
10.859
1.064
0.000
0.000
0.175
0.031
0.000
0.231
9.242
0.309
3.393
15.478
9.878
4.429
1.749
0.454
6.190
15.349
2.067
0.000
0.000
0.000
0.270
15.489
4.079
28.851
10.328
6.307
7.197
9.302
5.248
15.431
2.292
0.273
8.422
9.580
7.175
0.259
0.007
0.537
9.345
1.808
6.796
4.016
9.028
1.151
10.283
2.161
0.058
0.000
0.331
13.502
8.777
10.549
5.487
3.177
5.219
0.071
5.630
7.892
22.532
7.854
6.026
0.556
9.601
5.758
3.373
30.127
14.643
3.243
1.423
2.990
5.141
1.147
12.123
20.023
13.408
0.451
0.488
8.288
0.814
1.480
5.431
3.710
7.495
1.517
0.863
0.000
12.799
31.431
3.310
0.000
11.436
3.189
0.814
1.648
0.000
0.299
17.774
4.013
2.544
18.320
10.337
9.668
26.233
2.678
0.000
0.130
1.603
6.827
2.772
10.083
86.761
15.549
3.698
6.750
58.513
4.841
11.553
8.592
13.599
0.034
0.673
11.453
10.107
2.491
11.690
15.219
20.596
9.074
1.954
9.126
21.568
18.445
6.180
0.103
0.041
0.742
2.108
10.561
3.598
1.435
17.159
13.060
0.072
5.665
8.168
12.542
1.370
7.447
13.242
0.072
12.109
3.934
2.032
35.390
0.227
2.453
40.612
10.049
3.601
11.944
36.303
7.601
1.521
9.757
181.310
0.129
0.391
5.732
1.596
9.223
4.158
0.913
9.891
3.857
0.007
2.106
0.024
1.521
3.988
7.126
5.852
11.707
5.014
5.498
12.063
23.749
7.708
0.110
0.000
0.072
0.007
0.000
0.000
0.000
0.000
0.790
1.993
9.342
1.936
0.984
2.311
0.859
0.803
0.000
0.000
0.431
0.000
0.000
0.014
0.000
1.242
3.679
4.420
0.249
0.000
4.752
8.290
1.082
1.995
2.264
0.000
1.193
0.000
0.000
0.027
4.511
0.010
0.000
0.000
0.000
0.000
0.000
1.330
0.000
0.000
0.319
0.000
0.000
0.000
0.000
0.000
0.000
3.150
0.000
0.000
0.000
0.000
0.000
0.000
0.065
3.056
0.000
0.000
0.000
0.000
0.000
0.261
2.638
0.000
0.000
0.000
0.000
0.000
0.000
0.000
0.000
0.000
0.000
10.186
0.163
0.062
0.000
0.000
0.000
0.000
0.000
0.000
0.000
0.000
0.000
0.000
0.000
0.000
0.000
0.000
0.000
0.000
0.000
0.000
0.000
0.000
0.000
0.000
0.000
0.000
0.000
0.000
0.000
0.000
0.000
0.000
2.173
1.061
2.118
0.000
0.254
0.003
0.000
0.000
0.000
0.000
0.000
0.000
0.000
0.003
0.000
0.000
0.000
0.000
0.089
1.986
1.054
1.262
0.108
0.000
0.182
0.034
0.000
0.007
1.938
0.000
0.000
0.000
0.000
0.000
0.000
0.000
0.000
0.137
1.172
0.134
0.000
0.045
6.718
2.856
0.354
0.000
0.000
0.000
0.000
0.000
0.683
2.468
0.206
0.283
0.714
0.724
6.097
14.560
4.199
1.339
18.622
0.817
0.237
0.000
0.000
0.000
0.560
5.507
3.567
13.544
0.000
0.000
0.000
15.704
0.000
0.000
0.000
13.588
0.230
0.112
11.494
7.661
0.000
0.974
15.515
5.900
1.451
1.968
0.038
1.009
10.384
13.802
9.987
58.785
25.222
10.555
11.055
7.577
7.883
8.550
6.676
3.509
0.000
0.185
16.912
14.766
8.459
0.601
3.090
0.529
12.449
16.490
5.558
1.806
2.753
0.048
4.154
3.155
0.803
17.286
6.966
5.164
3.936
18.340
29.124
13.642
8.621
7.708
20.472
10.914
16.203
4.661
5.373
4.245
0.014
0.113
0.525
15.470
5.651
41.566
0.000
0.000
1.133
0.179
1.080
12.820
20.249
30.089
18.000
18.138
15.141
45.370
2.063
7.299
4.451
15.834
15.595
12.466
12.974
11.256
12.250
8.566
9.922
21.801
9.029
4.383
8.354
7.786
8.532
18.609
5.767
5.097
3.956
11.128
12.524
57.434
28.358
0.038
20.566
14.284
20.573
1.157
0.745
20.226
11.599
18.221
12.470
1.549
1.265
10.119
6.551
4.652
7.060
31.605
16.754
10.169
4.875
13.304
3.200
2.851
2.537
2.365
3.941
5.603
7.148
3.135
5.816
8.648
9.489
10.662
12.469
7.395
6.784
15.983
17.695
9.915
1.813
0.130
13.434
14.787
20.160
5.064
5.071
3.145
7.829
14.438
15.786
11.058
8.892
19.899
9.074
7.963
8.720
8.393
5.849
14.555
16.890
0.085
12.717
3.914
9.766
1.315
0.076
0.000
0.000
3.433
3.845
2.802
2.860
3.085
3.624
0.000
0.000
0.000
0.275
0.003
0.000
0.000
0.000
0.000
0.000
0.000
0.000
0.000
0.000
0.000
0.000
0.000
0.000
0.000
0.000
0.000
0.000
1.897
1.078
6.600
2.486
1.485
0.000
0.000
0.000
0.000
1.780
0.000
0.000
0.232
7.903
0.086
0.055
0.000
3.969
4.120
8.542
0.000
0.000
2.465
5.948
0.278
1.856
2.232
0.000
0.000
0.000
0.000
0.000
0.000
0.000
0.000
0.566
0.000
0.000
0.000
0.621
0.000
0.000
0.000
0.000
0.000
0.000
0.000
0.000
0.000
0.000
0.000
0.000
0.000
0.000
0.000
0.000
1.582
0.261
0.000
0.000
0.000
0.000
0.000
0.000
0.000
0.000
0.000
0.172
0.000
0.000
0.000
0.000
0.000
0.000
0.000
0.000
0.459
0.000
0.000
0.000
0.000
0.000
0.000
0.317
0.000
0.000
0.000
0.000
0.000
0.000
1.619
1.876
0.000
0.000
0.055
0.000
0.000
0.000
0.000
0.000
0.000
6.276
22.240
0.076
0.482
3.011
0.010
0.141
1.172
0.000
0.000
0.000
0.000
0.146
3.189
0.000
0.627
1.751
0.721
0.000
0.000
0.034
1.428
1.353
0.062
0.124
0.409
11.031
0.165
0.171
0.034
0.000
0.000
5.747
0.000
0.010
4.947
2.903
0.182
0.000
9.064
0.529
5.400
0.007
5.150
17.079
9.028
19.152
12.754
5.255
17.518
0.918
11.858
1.064
21.483
4.310
5.232
0.000
0.000
0.144
1.427
0.000
0.000
4.185
0.000
2.060
0.000
22.561
18.527
2.958
2.271
11.244
14.511
2.913
0.103
20.661
6.964
0.000
0.000
0.000
0.000
0.000
3.663
9.627
14.016
8.894
0.017
4.695
15.328
17.830
15.589
20.946
11.994
1.434
6.244
13.832
8.387
10.688
4.837
8.689
5.943
4.087
1.124
2.764
10.382
6.959
10.221
10.180
3.347
2.063
37.110
5.721
3.910
5.740
6.499
38.682
15.178
1.490
0.113
2.156
0.371
2.554
11.419
28.794
0.706
10.440
5.016
2.082
9.937
0.383
0.003
0.000
2.944
14.260
4.269
11.926
5.689
6.039
3.799
5.727
17.120
15.206
8.807
14.387
3.728
19.920
4.075
19.439
4.628
3.056
1.324
11.946
3.571
3.648
0.130
7.118
0.000
0.000
4.506
1.549
19.250
0.760
0.129
0.000
0.000
14.885
7.435
4.657
18.673
16.339
1.574
9.012
6.962
9.164
7.060
0.000
12.452
13.048
14.116
0.190
17.556
25.802
19.399
20.709
0.170
5.497
16.389
12.373
8.073
11.331
8.492
13.163
86.267
7.919
14.742
5.727
4.134
3.272
1.071
2.244
3.047
15.238
26.346
36.952
12.452
0.000
0.024
14.106
8.530
6.290
9.476
6.487
20.893
24.613
9.719
5.970
17.144
14.452
1.344
0.000
8.526
2.329
16.140
6.251
24.779
19.341
0.907
0.590
8.683
6.148
0.017
14.469
6.200
10.472
0.347
8.861
5.376
6.438
3.961
8.633
1.950
1.685
5.418
37.380
1.572
0.000
0.000
0.000
1.765
6.812
7.241
1.899
3.533
3.469
18.285
10.085
0.014
0.000
0.000
0.000
0.000
0.000
0.148
0.965
3.416
5.692
0.807
1.238
0.663
7.062
2.884
0.000
0.000
0.000
0.137
0.048
0.649
0.000
0.000
0.000
3.780
0.215
0.000
0.000
0.000
0.000
0.000
0.000
0.000
0.000
0.000
0.000
0.000
0.000
0.000
0.000
0.000
0.000
0.000
0.000
0.000
0.000
0.000
0.000
0.000
0.000
0.000
0.000
0.000
0.000
0.000
0.000
0.306
0.000
0.000
0.000
0.000
0.954
0.263
0.000
0.000
0.000
0.000
0.192
1.250
2.014
4.432
0.000
0.000
0.000
0.003
0.977
4.377
15.535
0.000
0.000
0.000
0.000
0.000
0.000
0.079
0.017
0.000
0.000
0.000
0.000
0.000
0.000
0.000
1.009
0.000
0.000
0.000
0.000
0.517
0.010
0.000
0.000
0.000
0.000
0.000
0.000
0.000
0.000
0.000
3.845
0.100
0.118
0.000
0.000
0.000
0.000
0.000
0.000
1.584
2.417
1.001
5.672
0.014
0.000
0.000
0.927
0.393
0.132
0.007
0.007
0.899
0.051
0.766
0.024
0.021
0.000
0.000
1.221
0.000
0.000
0.000
0.010
2.394
0.000
0.000
0.000
0.000
0.000
0.724
0.515
1.658
7.213
1.778
0.134
3.097
1.885
3.323
16.727
105.091
6.691
9.586
8.645
17.904
2.132
15.553
7.086
4.813
15.789
1.706
3.062
5.553
12.803
5.064
0.611
0.000
0.000
15.965
11.481
7.158
4.147
11.149
4.709
8.662
0.000
0.427
11.524
5.231
0.965
3.239
36.844
2.836
8.181
0.609
0.328
3.742
15.153
13.800
3.677
5.977
22.067
8.302
5.871
0.161
8.460
2.735
2.556
12.392
11.994
15.174
1.885
13.939
0.597
0.000
16.529
15.405
24.158
3.137
11.345
3.201
17.945
19.602
17.813
9.979
13.395
8.894
0.783
14.825
3.465
4.324
7.508
6.748
16.926
13.829
9.646
7.771
4.872
15.165
2.716
4.068
0.251
3.876
8.597
5.272
5.627
8.128
7.869
22.361
18.859
22.968
24.421
64.342
8.995
11.113
17.722
21.401
7.083
7.752
10.329
8.054
4.089
2.632
14.323
0.491
12.696
18.802
25.282
9.719
13.560
7.363
6.997
2.315
6.752
8.084
13.603
10.632
3.698
12.708
11.952
71.892
7.502
8.064
1.823
11.523
16.899
29.584
8.576
2.769
10.693
5.435
3.150
5.031
0.815
6.063
0.936
2.965
2.098
0.271
6.454
8.789
4.614
10.246
20.362
15.305
20.944
15.917
18.504
10.665
31.117
2.820
28.383
2.935
0.000
12.552
4.065
32.809
18.605
22.331
14.950
4.165
9.290
20.926
2.208
15.810
11.088
15.238
23.701
26.693
14.419
59.309
44.187
0.117
0.175
0.000
5.938
2.515
16.105
28.283
1.263
0.000
8.195
1.402
15.595
0.592
0.239
0.196
2.608
3.665
11.237
3.625
13.002
3.198
12.732
18.587
11.040
11.598
0.352
5.836
0.872
0.851
0.000
0.000
0.000
0.000
0.000
7.208
15.099
22.661
10.547
1.804
0.463
0.103
0.000
0.021
0.000
4.206
0.566
5.699
4.202
2.628
2.266
4.331
4.597
8.683
6.887
10.269
0.062
6.369
1.136
0.065
0.000
0.000
0.000
0.000
0.000
0.000
0.185
3.457
8.302
3.934
0.292
1.569
0.000
4.195
5.085
0.000
0.000
0.000
0.000
0.975
3.665
0.031
0.000
0.000
0.000
0.000
0.000
0.000
0.000
0.000
0.000
0.000
0.000
0.000
0.000
0.000
0.000
0.000
4.046
0.000
0.000
0.000
0.029
0.000
0.000
0.000
0.000
0.000
0.000
0.000
1.265
0.403
0.000
4.973
0.000
0.000
0.000
0.000
1.214
1.837
6.629
0.000
2.556
10.067
0.584
1.330
0.000
3.929
3.100
0.000
0.000
0.000
0.000
0.000
0.000
0.000
0.000
0.000
0.000
0.194
4.022
1.495
0.000
0.000
0.000
0.000
0.000
0.000
2.399
0.000
0.000
0.000
0.000
0.659
9.534
35.843
9.074
10.303
0.858
0.227
0.941
0.048
0.450
0.017
0.041
0.000
0.000
0.000
0.000
0.000
6.743
20.713
0.000
0.000
0.000
0.433
7.632
0.048
0.000
0.117
1.148
0.189
0.041
0.000
0.000
12.387
12.124
0.615
0.000
0.000
0.000
0.000
1.772
4.904
0.364
0.599
5.517
3.895
12.718
22.412
2.366
10.370
5.917
4.959
6.054
1.730
30.563
14.411
2.185
13.108
3.006
1.548
7.826
13.597
11.064
3.505
0.000
1.063
6.880
2.117
0.445
1.602
0.053
8.380
24.718
3.773
13.798
34.411
4.010
0.455
0.405
0.747
0.000
2.360
27.052
2.374
4.099
6.952
9.083
6.203
7.268
9.893
43.604
34.856
13.687
1.909
0.048
0.934
1.703
6.394
7.210
8.858
15.475
29.873
2.753
22.095
46.242
14.145
8.796
5.112
3.468
10.660
5.258
11.951
8.950
1.336
3.831
8.161
10.320
8.562
4.267
35.273
9.239
5.311
17.789
6.812
4.776
0.417
0.014
2.723
4.338
16.787
8.914
21.781
20.721
11.870
9.404
11.901
4.813
12.966
14.988
2.606
3.033
0.643
0.237
1.257
0.000
12.787
7.565
3.588
8.161
10.868
13.918
17.432
19.236
3.028
12.626
7.675
22.783
0.632
1.844
4.679
16.043
17.722
18.950
3.080
1.298
0.642
9.366
16.043
23.140
3.088
1.023
3.210
1.154
8.175
1.687
15.707
16.703
1.270
3.131
7.962
23.377
20.477
10.976
17.218
15.233
4.264
12.384
6.654
3.220
4.999
40.982
8.710
8.968
7.773
4.381
17.911
3.531
16.679
48.996
25.742
19.744
0.463
1.267
10.918
17.674
5.682
22.963
36.554
16.981
2.973
4.779
2.283
3.119
7.433
4.649
3.485
10.585
26.551
46.713
161.918
3.303
2.908
6.787
6.267
8.817
3.461
1.504
2.688
8.920
17.465
22.961
158.958
11.989
0.939
10.324
8.199
1.768
2.726
3.574
3.835
17.015
4.594
1.143
0.000
1.332
9.932
14.171
12.555
1.222
1.765
3.790
11.764
2.228
0.374
5.939
20.156
4.446
0.961
0.034
4.772
3.825
2.541
0.721
11.172
4.601
1.670
5.885
9.501
1.226
9.019
2.053
2.369
2.112
1.186
0.014
0.000
0.000
0.391
0.000
0.122
2.529
4.904
7.682
0.934
0.000
0.000
0.000
7.046
3.789
5.775
0.000
0.000
0.000
0.000
6.770
17.123
10.314
0.516
0.024
0.000
0.000
0.000
1.519
1.440
6.866
5.310
6.155
4.269
3.835
2.134
4.831
0.000
0.000
0.653
1.430
0.306
0.000
0.000
0.000
0.000
0.000
0.000
0.000
0.000
6.128
1.114
0.156
0.000
0.501
0.000
0.113
4.255
0.010
0.000
2.403
3.238
0.000
0.000
0.000
0.000
0.000
0.896
4.086
0.000
0.000
0.000
0.000
0.000
0.000
0.000
0.051
0.007
0.491
0.319
0.000
0.000
0.481
4.925
6.151
1.785
0.007
0.000
0.000
0.000
0.364
0.000
11.618
2.146
2.699
0.000
0.000
0.000
0.000
3.030
0.000
0.000
0.000
0.113
0.659
3.135
4.034
1.105
0.000
8.734
15.683
2.036
8.470
11.064
0.000
0.000
0.069
2.376
6.327
0.076
0.000
0.141
1.123
0.879
0.412
0.014
6.980
6.036
0.906
1.092
0.000
6.327
20.187
0.453
5.648
8.866
17.836
15.250
0.422
0.994
18.241
5.701
11.170
15.000
7.172
2.688
4.460
15.834
13.908
0.014
0.206
1.768
1.021
6.375
17.222
38.811
68.884
6.901
10.265
10.216
0.486
0.762
9.962
2.541
0.000
1.799
13.348
10.971
12.588
0.000
1.456
14.586
83.285
25.756
0.883
0.747
10.010
22.192
19.968
8.200
1.262
18.254
7.570
4.782
11.896
7.340
1.063
8.950
24.263
9.527
6.963
16.164
5.153
4.710
1.136
7.828
4.429
17.295
15.906
20.809
2.060
7.302
1.998
17.252
44.570
31.157
9.307
1.851
3.025
10.028
2.637
2.542
1.287
0.776
3.081
18.464
8.444
0.021
0.048
3.200
8.732
13.130
18.642
11.752
4.494
16.758
2.271
19.844
5.102
4.750
0.481
6.209
2.530
5.756
9.901
21.289
14.869
0.333
1.236
13.034
12.586
3.643
0.924
4.228
9.052
2.432
12.790
4.139
10.380
1.336
5.156
6.654
10.632
6.367
2.789
6.084
1.899
18.806
16.608
14.909
14.021
5.461
14.188
21.873
16.394
13.403
17.029
8.365
14.868
21.010
6.552
6.036
9.198
11.076
11.776
19.940
5.548
4.110
0.173
7.093
2.880
9.088
12.506
13.026
23.061
6.243
27.147
8.611
10.911
14.897
13.664
8.731
3.090
8.880
22.725
54.712
10.097
2.201
5.342
15.678
7.660
11.000
7.759
4.152
11.671
6.803
3.471
0.110
0.000
0.000
0.000
0.000
0.000
0.000
2.506
5.391
2.791
0.718
2.848
2.732
0.154
2.513
2.014
3.030
2.262
4.662
3.236
3.744
12.681
7.859
7.064
3.162
0.021
0.000
2.925
19.659
0.687
2.417
7.002
8.188
1.916
0.000
0.000
0.000
0.000
0.000
0.000
0.000
0.736
10.298
1.363
0.000
0.000
0.000
4.618
0.101
15.940
2.369
9.266
0.179
0.000
3.962
6.101
0.000
1.919
0.000
1.013
4.494
0.014
0.000
0.000
0.000
0.000
0.000
0.000
0.000
0.000
0.000
0.294
0.000
0.000
2.589
0.000
0.000
0.000
0.000
0.000
0.000
0.000
0.000
0.000
0.000
0.000
0.003
0.000
0.000
0.000
0.000
0.000
5.460
8.461
5.117
2.218
1.076
0.000
8.010
6.781
0.089
1.608
0.985
0.306
0.000
0.000
0.000
0.000
0.000
0.000
0.000
0.985
0.017
0.000
0.000
0.000
0.000
0.148
0.951
0.000
0.000
0.000
0.000
0.000
0.000
0.000
0.000
0.000
0.000
0.000
0.000
0.000
0.000
0.000
0.000
0.000
0.000
0.000
0.000
0.000
0.000
0.000
0.000
0.007
3.914
0.000
4.388
0.045
7.155
0.505
0.182
5.737
1.140
0.000
0.000
0.000
0.000
0.000
0.000
0.000
0.058
6.293
11.326
0.000
0.000
0.302
0.000
2.359
0.000
0.079
0.000
0.539
0.000
0.000
0.000
0.000
0.221
1.751
0.000
6.070
3.746
0.027
0.000
0.000
0.422
13.530
0.216
1.645
0.000
0.038
1.291
0.764
17.842
6.890
1.387
16.558
1.677
3.366
0.000
0.730
13.865
10.368
26.784
14.312
0.000
0.000
7.524
11.513
11.532
3.627
0.000
0.000
0.088
8.957
18.697
2.709
0.021
25.035
16.813
1.057
0.251
0.000
0.000
14.238
18.357
12.521
1.490
0.566
18.572
2.262
11.069
9.155
10.348
15.592
1.624
0.343
16.572
24.936
42.912
13.036
15.209
15.233
25.859
1.384
0.000
0.000
2.510
38.425
14.200
6.238
3.934
11.594
11.302
0.414
0.371
0.000
0.062
18.024
20.793
36.998
5.643
3.164
15.034
2.386
5.016
10.337
9.361
19.230
2.218
4.209
1.198
0.113
3.605
24.942
10.052
6.003
2.753
7.728
11.028
8.267
2.843
1.037
2.724
0.657
3.821
7.117
12.363
6.310
2.838
6.070
0.891
4.297
2.513
0.716
2.609
2.158
17.084
11.170
5.050
22.828
0.266
7.060
13.384
1.981
1.013
5.830
14.567
4.089
10.567
2.534
6.063
11.309
22.005
3.224
13.705
5.672
0.896
13.625
5.988
1.675
9.596
7.895
16.318
0.197
5.318
12.167
1.040
0.458
0.939
1.150
5.289
13.465
8.449
5.246
4.800
3.819
11.646
3.983
4.716
2.814
3.967
5.416
3.486
7.308
2.484
4.767
1.732
24.862
7.611
2.038
6.983
12.119
23.320
16.389
5.002
1.138
1.627
2.156
8.902
6.971
1.399
8.058
6.715
12.851
50.961
17.170
2.050
24.870
32.774
0.017
1.639
13.839
8.502
6.207
10.212
14.505
2.386
5.009
7.841
0.024
4.453
5.325
6.561
11.781
11.712
7.124
7.148
5.697
4.221
5.708
18.162
4.887
0.000
0.000
0.000
0.000
0.003
0.000
0.058
0.033
0.000
3.619
6.822
4.443
0.027
0.000
0.000
0.000
0.000
0.007
7.969
13.791
7.105
5.011
0.072
3.643
0.182
0.000
0.000
0.000
0.000
0.000
0.000
0.573
16.078
1.857
0.000
0.467
0.000
0.003
4.408
1.231
1.442
0.000
1.562
0.151
0.003
0.000
3.989
0.000
0.228
0.000
0.000
0.024
0.000
3.098
0.002
0.000
0.000
0.000
0.045
5.194
0.721
0.275
0.000
0.000
0.000
0.000
0.000
0.000
0.000
0.000
0.002
0.000
0.000
0.000
0.002
0.666
0.680
0.021
0.000
0.000
0.635
0.003
0.000
0.000
0.000
0.000
0.000
0.000
4.798
7.381
12.147
4.961
13.939
0.309
0.000
0.000
0.000
0.024
0.161
0.697
0.000
0.000
0.000
0.154
0.014
0.000
0.000
0.003
0.000
15.760
0.374
0.000
0.000
0.000
0.000
1.734
0.000
0.000
0.220
0.233
6.587
0.402
0.000
0.000
0.003
0.000
2.067
2.867
8.662
9.204
14.013
9.071
0.014
0.000
1.603
0.048
1.150
6.130
14.862
5.927
0.506
2.561
0.089
4.247
16.009
0.000
0.608
0.508
2.015
5.479
10.513
6.738
15.862
12.574
6.451
16.617
22.676
25.911
8.844
0.146
0.000
0.062
4.233
12.823
19.120
0.453
29.761
1.555
3.224
14.519
5.967
0.007
2.403
4.662
16.095
7.948
17.017
0.009
9.211
4.736
6.640
7.742
0.000
0.002
6.894
11.647
7.970
21.616
2.400
0.000
0.000
4.752
30.837
13.894
9.627
9.126
13.759
1.620
13.656
29.452
17.987
14.296
5.443
33.294
5.332
0.027
3.433
0.206
1.588
0.027
3.028
5.193
2.225
7.261
8.830
1.394
1.466
8.671
14.056
5.140
3.890
21.082
7.957
14.068
21.138
6.650
1.780
0.038
10.265
12.411
10.054
3.988
4.070
5.555
3.042
0.000
5.050
0.628
4.676
8.676
38.590
16.658
11.319
5.830
21.228
12.337
1.287
4.487
3.445
20.744
23.487
1.560
2.190
1.363
22.211
17.262
4.910
1.734
2.032
6.494
0.252
7.951
6.243
0.374
0.512
7.855
11.968
13.647
39.135
3.989
9.091
5.957
7.927
14.636
16.236
11.470
18.414
89.765
46.798
18.756
17.319
1.239
2.170
21.317
10.444
4.017
8.305
2.685
47.959
98.420
4.782
26.817
10.801
0.694
2.508
10.839
4.714
11.285
1.049
9.378
82.974
1.861
7.593
4.697
23.775
3.385
6.357
12.983
14.856
8.961
5.830
6.913
4.252
3.337
0.048
0.192
2.894
25.526
12.996
1.581
5.591
4.298
15.549
7.014
11.977
4.576
12.572
12.191
3.488
2.046
0.467
0.000
0.282
0.443
8.209
12.741
5.576
5.418
11.278
0.072
10.420
12.442
13.953
9.864
181.343
4.037
14.783
2.386
10.226
10.016
16.078
3.310
5.097
4.094
2.197
10.192
0.089
6.417
4.958
0.553
8.113
4.288
2.877
6.314
0.093
0.000
0.000
0.000
0.000
2.201
0.000
0.000
0.000
0.002
1.538
11.282
8.011
12.518
7.491
0.869
6.616
4.554
5.234
14.787
5.849
8.499
6.106
5.668
6.187
0.443
2.496
3.138
0.669
0.000
0.821
2.771
1.512
0.433
0.872
3.313
10.585
12.641
0.007
0.000
0.000
0.000
0.000
0.000
0.000
0.000
0.000
4.120
2.323
0.623
0.048
4.446
0.062
0.381
3.073
1.641
3.004
0.000
0.000
2.214
1.960
0.838
0.120
0.003
0.000
0.000
0.002
4.367
1.057
0.000
0.000
0.000
0.000
0.000
0.000
0.000
0.000
0.000
0.000
0.000
0.000
0.000
0.000
0.000
0.003
4.106
0.000
0.000
0.000
0.000
0.000
0.000
0.000
0.000
0.003
0.000
0.007
0.002
0.000
0.000
0.000
0.000
0.000
0.000
16.049
0.000
0.000
0.160
0.000
0.000
7.141
3.440
3.577
0.065
1.844
0.048
1.215
0.000
0.000
0.000
0.002
0.000
0.000
0.000
0.093
2.039
0.034
0.000
0.515
0.000
0.000
10.640
0.000
0.000
0.000
0.000
0.010
0.000
0.000
0.000
1.758
2.537
0.304
0.939
5.368
0.041
0.014
5.936
49.820
0.000
1.497
0.388
0.000
0.003
1.789
0.000
1.178
4.417
22.979
16.648
14.775
9.695
5.709
3.938
7.838
0.000
0.120
2.036
9.503
10.789
9.575
11.038
4.855
11.532
4.522
0.125
12.857
6.345
3.516
6.202
49.717
3.437
0.007
2.760
3.234
0.663
4.511
3.562
24.136
6.748
14.045
0.010
0.000
8.619
9.489
6.564
6.650
8.600
8.106
24.168
9.647
24.275
25.742
12.634
16.013
3.559
7.975
5.219
119.099
4.350
3.977
12.919
1.023
13.712
8.072
18.048
13.781
4.322
34.834
1.169
12.456
5.867
6.849
3.799
14.832
14.323
6.540
11.913
11.766
15.475
15.199
3.385
11.855
15.170
16.799
12.185
5.109
5.424
5.325
2.899
4.964
4.546
1.263
1.645
6.386
5.128
35.889
44.469
11.530
14.733
8.217
9.567
0.077
1.202
17.654
21.868
0.815
10.966
4.925
5.725
6.594
10.846
0.422
2.980
12.938
3.250
11.864
4.669
0.426
0.093
10.918
18.011
0.053
1.215
15.116
20.508
8.717
37.705
8.710
42.088
12.195
21.743
29.624
7.994
19.036
13.293
26.379
23.609
12.710
9.390
3.083
2.494
11.687
13.414
5.167
15.506
7.581
32.578
41.031
7.917
12.588
10.945
19.360
2.815
14.897
3.687
14.610
12.267
6.516
6.690
16.701
30.113
1.178
4.092
14.612
4.906
3.608
5.850
15.293
54.468
1.270
0.728
10.083
22.750
4.285
9.251
1.837
4.903
13.393
11.577
94.575
0.000
0.000
0.000
3.662
3.790
2.252
0.738
4.863
4.716
0.536
12.645
14.227
2.740
4.305
3.756
27.050
13.431
11.209
0.148
0.000
0.000
0.000
0.000
0.000
0.000
0.000
0.000
0.000
0.000
0.000
0.000
1.126
2.592
3.414
7.852
2.410
2.592
2.170
6.046
1.088
0.000
0.000
0.000
0.000
1.442
3.663
7.924
11.824
2.479
10.598
28.492
0.373
0.000
0.563
0.000
0.000
0.064
13.918
1.253
0.000
2.036
8.096
7.900
7.260
14.974
0.836
4.015
0.000
0.090
0.017
6.535
0.421
0.064
2.503
0.000
0.034
2.126
1.402
0.000
0.000
0.000
3.603
5.141
2.772
1.035
0.000
0.000
0.000
1.330
3.617
3.257
1.282
0.973
4.877
5.843
1.857
1.823
0.007
3.509
2.997
0.024
0.000
0.002
0.000
0.000
0.000
0.000
1.372
0.000
0.000
0.000
0.000
0.000
0.161
0.848
0.007
0.000
0.000
0.089
0.000
0.002
0.000
0.000
0.000
0.000
0.000
0.000
0.137
0.000
0.000
0.117
0.299
0.003
0.000
0.254
13.687
0.003
0.000
0.051
7.780
0.058
0.000
0.000
0.000
0.000
0.000
0.000
5.399
11.227
12.485
7.442
0.130
0.790
0.000
0.000
0.000
0.000
0.002
0.106
0.144
0.348
0.082
0.024
2.674
0.254
7.327
3.581
0.051
3.746
0.189
12.294
7.018
1.299
0.000
5.277
0.014
0.000
0.000
0.000
4.831
14.571
0.000
0.000
0.000
0.000
0.326
6.396
1.303
30.372
0.096
0.409
3.292
0.048
0.000
10.722
0.017
5.936
8.142
28.695
14.931
17.382
1.226
6.297
11.124
0.000
2.633
0.172
4.843
9.421
13.726
15.831
4.944
1.200
15.079
21.200
5.960
16.205
4.576
17.256
25.262
17.834
0.328
0.000
0.000
0.000
0.007
8.537
2.654
6.720
9.852
35.645
4.168
0.060
9.961
11.670
8.691
42.648
13.842
9.941
1.150
0.749
8.150
2.196
4.511
2.134
1.402
0.745
5.434
32.760
21.372
29.117
12.387
0.797
7.344
3.471
7.946
13.659
17.489
0.184
2.079
3.045
7.812
3.442
3.478
2.644
4.980
28.202
15.681
1.548
0.817
3.117
4.631
2.743
0.213
1.536
1.967
0.000
7.594
5.177
10.382
1.215
4.360
8.461
37.388
3.457
10.521
14.955
7.543
1.607
20.229
25.116
37.467
3.488
12.432
2.319
11.656
7.605
9.541
0.230
2.884
16.485
20.476
8.264
24.613
17.163
10.368
8.768
3.945
14.830
92.337
11.582
18.509
7.096
18.558
58.080
11.033
10.971
2.434
14.595
8.449
8.748
4.861
4.559
5.534
15.899
12.047
4.127
7.018
8.113
13.259
17.448
25.710
15.096
5.076
0.603
15.798
3.377
4.928
9.816
7.448
6.523
19.707
9.191
8.614
23.296
18.781
23.349
1.617
6.942
14.032
2.508
22.139
12.722
29.574
9.023
7.337
3.402
9.764
3.967
6.693
66.649
0.000
2.390
3.938
12.209
6.049
8.542
21.379
24.019
13.273
9.143
10.991
29.067
6.235
1.672
0.385
0.577
3.268
5.926
1.590
0.920
14.962
1.710
0.000
0.000
3.845
10.423
2.273
5.685
23.025
2.041
14.131
0.580
0.115
1.284
0.003
16.631
15.326
0.381
4.944
1.856
5.136
0.965
1.466
4.384
10.346
8.501
0.762
1.665
3.457
61.141
6.013
4.008
7.666
7.787
12.732
7.263
0.609
5.328
1.298
13.218
22.910
17.877
0.141
0.069
0.041
0.031
0.000
0.000
2.408
3.979
3.931
0.762
4.209
0.651
1.799
0.027
0.000
0.994
19.940
0.611
0.378
3.008
3.169
0.887
0.086
0.000
0.000
0.000
0.161
0.000
0.000
0.000
0.862
2.826
0.065
2.657
3.402
1.121
0.000
0.000
0.021
0.007
0.706
1.068
2.372
8.981
0.618
0.000
0.000
0.000
0.000
0.014
0.000
0.000
0.000
0.000
8.267
1.627
0.000
0.000
0.597
0.000
2.650
2.304
0.000
2.994
0.189
0.000
0.000
0.000
