19790101
4.792
8.905
3.593
16.438
12.554
7.939
15.276
9.217
6.995
5.081
0.712
5.103
0.283
3.535
6.199
4.813
3.727
4.956
20.744
28.702
2.618
10.949
1.794
5.585
8.029
4.613
13.996
5.873
35.584
22.099
10.708
9.654
8.538
9.922
5.349
1.372
8.120
10.954
6.252
13.416
2.055
10.164
10.904
12.466
7.659
6.925
10.212
16.928
5.351
9.519
5.899
6.539
14.862
0.553
6.909
15.288
13.338
41.374
0.103
13.970
20.977
13.602
14.241
18.062
26.014
6.454
2.616
8.477
0.191
15.259
9.599
6.915
4.899
12.933
14.741
11.319
18.151
35.853
10.775
3.989
2.376
8.140
20.726
12.198
2.180
23.624
1.566
5.552
12.924
14.962
19.909
12.408
9.641
13.214
13.142
6.521
0.271
0.000
0.000
2.192
0.000
5.074
10.440
0.920
9.826
3.135
4.504
9.359
8.538
4.978
15.400
7.725
2.990
0.663
0.450
0.154
0.367
0.007
2.517
6.592
2.287
3.735
2.108
7.962
4.813
9.318
1.006
8.880
9.064
9.005
8.638
3.725
7.062
5.747
8.995
0.484
2.287
2.197
5.658
6.286
7.855
1.226
4.858
3.481
0.041
6.472
2.551
0.426
4.995
7.766
0.374
0.000
0.000
0.000
0.000
0.000
0.000
0.000
0.141
0.573
0.393
0.000
0.000
0.000
4.381
0.089
0.000
0.000
0.000
0.000
0.000
0.000
0.000
0.000
0.000
0.630
0.000
0.000
0.000
0.000
0.000
0.000
0.000
0.000
0.000
0.000
0.000
0.000
0.000
0.000
0.000
0.000
0.000
0.000
0.000
0.000
0.000
0.038
0.000
0.000
0.055
0.000
0.000
0.182
0.003
0.000
0.000
0.113
0.000
0.000
0.000
0.000
0.000
0.000
0.000
0.000
0.000
0.000
0.000
0.105
0.000
0.000
0.038
8.688
0.000
0.000
0.000
3.311
0.070
0.000
0.000
0.079
2.389
0.000
0.000
0.000
0.000
0.000
0.000
0.000
0.000
0.000
0.000
0.000
0.000
0.000
0.144
0.000
0.000
0.000
0.000
0.000
0.000
0.000
0.144
0.870
0.129
0.000
0.000
0.421
0.075
0.000
0.000
0.000
0.000
0.000
0.000
0.000
0.007
0.601
0.148
0.000
0.000
0.000
0.000
0.000
0.000
0.000
2.699
4.772
6.310
0.800
0.982
0.391
1.480
2.338
0.043
1.245
0.000
0.000
0.000
0.000
0.000
0.000
0.000
0.000
0.000
1.439
2.458
0.000
1.555
7.079
0.096
0.000
5.675
1.684
2.494
3.124
10.253
1.662
14.215
14.034
15.247
0.175
0.010
0.606
0.017
11.648
18.262
11.151
16.517
0.000
3.425
13.178
6.594
6.358
4.298
65.202
14.128
1.923
0.000
0.000
0.000
0.505
0.017
0.007
0.055
2.172
0.000
0.000
0.146
0.000
0.000
0.074
16.770
0.264
0.216
30.127
10.709
24.505
0.406
0.401
9.326
10.301
12.765
6.179
12.983
11.644
3.268
4.249
9.007
10.149
6.927
0.936
14.184
53.534
7.735
0.439
13.170
8.981
12.229
3.311
10.602
13.712
7.443
4.844
8.913
37.082
28.264
18.483
10.133
3.910
0.014
4.552
0.603
9.002
17.667
6.509
3.159
1.547
2.094
0.972
7.169
2.218
6.980
4.549
7.266
2.487
14.885
4.692
1.611
15.292
4.050
7.946
5.222
0.000
16.298
6.624
2.465
5.317
0.771
10.499
88.653
6.575
3.934
0.647
6.710
6.051
25.785
49.042
20.975
23.769
0.199
0.000
0.000
0.000
7.878
9.349
2.633
5.582
4.657
0.414
8.494
0.400
12.966
4.795
17.465
8.617
12.164
10.310
3.423
56.120
5.646
9.270
21.722
10.559
13.613
9.905
9.283
2.637
4.930
13.937
1.612
14.056
12.627
1.686
5.236
5.761
9.469
6.472
6.321
6.681
15.271
2.762
1.081
14.347
13.331
5.782
7.598
22.598
13.973
23.367
1.500
0.000
0.096
0.000
0.027
0.017
0.000
4.130
2.750
6.606
2.345
3.928
4.844
7.579
1.517
2.336
0.398
0.041
0.000
1.162
4.903
5.323
0.373
1.305
6.523
3.579
1.219
8.923
3.213
4.764
3.428
7.773
10.001
4.281
3.900
4.010
6.025
0.096
1.919
0.000
0.000
0.000
0.347
3.993
7.035
3.964
2.831
4.216
0.471
0.000
0.000
0.000
0.000
0.000
0.000
0.000
0.000
0.000
5.035
0.000
0.000
0.000
0.000
0.000
0.000
0.000
0.000
0.000
0.000
2.649
2.417
2.371
0.000
1.504
0.000
0.000
1.087
0.000
0.000
0.000
0.000
0.000
0.000
0.000
0.003
0.000
0.000
0.000
0.000
0.000
0.000
0.000
0.000
0.000
0.254
0.000
0.000
0.000
0.000
0.000
0.000
0.000
0.000
0.045
0.266
3.649
0.000
0.000
0.000
0.000
0.000
0.000
0.000
0.113
0.000
0.000
0.000
0.000
0.000
0.000
0.000
0.000
0.000
0.000
0.000
0.000
0.000
0.000
0.000
1.463
0.076
0.086
0.014
0.000
0.000
0.000
0.000
0.000
0.000
0.000
0.000
0.000
0.000
0.000
0.000
0.055
1.167
0.000
0.000
0.000
0.000
0.821
0.014
0.000
0.000
0.000
0.560
0.312
0.862
0.000
0.007
0.000
0.000
0.000
0.000
0.000
0.000
0.003
1.734
0.000
3.244
5.579
0.000
0.000
0.093
0.048
0.082
0.000
0.089
6.303
1.294
0.264
9.112
8.624
0.000
5.179
4.525
2.532
6.190
5.802
6.556
0.106
0.360
2.692
0.021
0.003
2.802
0.728
0.137
0.000
0.000
0.489
0.175
1.469
5.775
14.895
2.197
5.485
4.684
2.355
0.000
0.003
2.444
9.599
9.644
8.463
4.963
1.236
2.930
16.845
7.256
5.588
12.148
5.679
6.971
3.121
11.201
8.211
25.145
33.124
6.889
1.092
0.180
0.196
1.909
6.530
9.211
2.135
1.722
0.000
0.000
0.000
4.861
9.496
3.196
12.064
0.000
0.821
5.926
0.288
2.238
6.921
5.318
9.112
8.645
10.652
10.216
1.981
7.134
9.905
7.059
11.699
7.654
19.449
27.855
12.641
12.772
17.218
2.081
1.799
3.140
19.147
4.817
2.057
3.801
12.382
6.695
0.896
6.022
11.440
11.539
10.894
0.343
1.548
6.945
1.112
1.439
22.985
168.712
2.661
3.093
20.414
30.039
10.190
18.138
8.937
7.277
15.875
17.183
10.439
6.724
10.238
6.115
11.196
15.285
17.001
13.111
15.000
19.762
33.697
19.690
11.876
10.691
15.285
28.328
13.002
8.683
8.597
18.085
25.006
9.877
13.759
8.829
8.940
15.256
6.535
9.062
8.514
3.712
2.587
4.870
3.192
1.058
7.821
14.677
18.344
5.788
11.879
2.843
0.309
0.000
2.563
8.802
11.272
6.969
1.150
7.381
2.123
13.285
14.626
9.924
21.368
2.046
6.669
13.980
6.018
17.377
10.758
23.487
7.903
14.392
6.345
7.000
20.967
6.956
5.517
2.235
0.000
0.000
0.316
3.086
0.347
3.557
10.883
0.635
1.706
8.047
18.636
0.522
0.000
0.000
0.053
5.464
6.151
7.582
10.859
7.084
8.964
6.509
4.743
6.003
5.033
3.557
8.506
1.794
0.604
0.000
10.451
3.785
0.517
0.000
0.000
0.000
0.000
0.103
3.632
9.172
0.000
0.000
0.000
0.000
0.127
6.561
10.382
1.554
5.366
8.724
0.223
0.000
0.045
2.036
8.082
2.953
0.724
0.000
2.132
0.051
0.426
0.000
0.000
0.000
0.000
0.340
0.024
0.000
0.000
0.000
0.000
0.000
0.000
0.062
6.839
0.450
0.000
0.000
0.000
0.000
0.000
0.000
0.000
0.000
0.000
0.000
0.000
0.000
0.000
0.007
0.000
0.000
0.000
0.000
0.000
0.000
0.000
0.000
0.000
0.000
0.000
0.000
0.000
0.000
0.000
0.000
0.000
0.000
0.000
0.041
0.000
0.182
4.302
0.048
0.000
0.000
0.000
0.000
0.501
0.079
0.000
0.000
0.000
0.000
0.000
0.000
0.000
0.000
0.000
0.000
3.584
1.758
0.388
0.422
0.000
0.000
0.000
0.000
0.113
0.000
0.000
0.000
0.000
0.000
0.000
0.000
0.000
0.000
0.000
0.003
0.000
0.000
0.000
0.000
0.010
0.031
0.065
0.000
0.223
0.000
0.000
0.000
0.000
0.007
0.031
0.000
0.000
0.000
1.504
0.027
0.199
0.000
7.220
0.000
0.000
0.163
0.027
0.000
2.403
11.529
0.182
56.944
19.504
0.000
0.048
2.153
0.233
0.309
1.342
0.000
1.325
0.000
0.168
0.000
0.000
0.000
0.000
4.638
22.083
0.374
0.000
3.196
2.630
0.079
0.257
2.297
6.702
5.105
6.355
7.814
5.593
5.284
12.267
5.279
11.604
51.958
0.896
0.000
8.514
15.412
15.395
7.893
0.433
0.000
5.964
4.875
20.950
1.294
9.680
5.548
9.009
6.376
24.242
62.873
28.111
0.124
9.465
6.252
20.757
14.426
10.828
17.516
8.990
3.914
0.563
6.453
1.578
10.128
11.268
11.666
11.766
12.442
9.388
16.198
9.986
9.266
2.553
17.813
21.245
15.683
16.696
10.597
7.646
6.472
11.968
4.340
12.775
19.961
11.790
3.711
10.928
6.080
4.872
3.471
2.132
0.367
7.567
8.072
23.936
48.127
49.487
2.283
2.712
3.634
11.440
12.593
11.522
21.118
9.194
2.618
0.170
3.593
12.233
12.354
15.448
4.292
9.021
8.312
4.055
15.326
15.928
3.960
16.854
5.440
9.204
21.070
14.584
1.713
0.692
8.049
13.599
12.821
13.829
1.947
10.248
38.692
1.239
11.850
13.321
13.901
8.724
4.846
7.908
4.637
6.794
5.104
9.255
4.137
12.063
0.846
4.151
14.306
16.450
0.582
9.422
9.398
1.184
10.959
6.272
7.641
7.780
8.925
5.224
5.317
0.292
2.482
0.010
2.093
5.543
13.769
6.848
7.780
12.106
10.495
25.140
38.723
4.218
13.838
1.401
2.699
7.666
16.418
26.831
6.614
2.388
5.898
11.942
27.191
25.648
0.956
6.173
6.463
7.617
0.230
0.000
3.050
0.343
0.371
0.378
0.000
0.000
0.000
0.000
0.000
9.699
2.547
1.253
4.267
4.645
2.699
9.931
7.460
2.347
8.731
10.883
4.666
0.755
12.298
12.960
15.989
11.707
3.344
0.161
0.000
0.000
0.000
0.000
0.000
0.841
0.436
0.000
0.000
0.041
0.000
0.000
0.000
0.750
2.254
0.965
4.444
6.966
7.424
0.124
9.366
0.100
0.000
0.010
2.793
2.273
0.203
0.045
0.000
0.450
0.000
0.000
0.000
7.440
0.000
0.000
0.000
0.000
0.000
0.000
0.000
0.148
4.692
0.596
0.000
0.000
0.182
1.445
9.574
1.138
0.000
0.000
0.000
0.000
0.000
0.000
0.000
0.000
0.000
0.038
0.010
0.000
0.300
0.537
5.736
0.000
0.000
0.000
0.079
1.567
0.046
0.000
0.000
0.000
3.080
0.239
0.000
0.000
0.000
0.000
0.851
4.769
0.069
0.161
0.228
0.000
0.000
0.000
0.000
0.000
0.000
0.000
0.000
0.000
0.000
0.000
0.226
0.000
0.000
0.000
0.000
0.173
0.000
0.000
0.000
0.134
0.000
0.000
0.000
0.223
0.034
0.000
0.141
0.000
0.000
5.606
9.093
66.701
0.839
0.213
7.488
5.076
12.023
0.003
3.066
4.819
0.048
2.230
0.000
0.000
0.000
0.281
0.000
0.055
1.030
2.055
0.912
3.203
0.982
2.031
8.494
0.098
0.366
0.000
20.064
56.338
0.000
0.010
0.000
1.353
19.839
0.000
0.985
0.000
0.000
0.000
0.000
0.000
0.041
0.721
0.257
20.290
23.298
0.007
4.740
17.324
19.847
5.521
0.000
3.346
8.724
0.786
1.210
0.000
0.285
0.096
28.334
0.000
0.666
0.007
0.000
0.000
1.459
0.134
0.000
0.000
0.031
8.039
11.782
0.048
19.242
9.477
6.657
13.767
7.785
4.660
0.383
0.000
0.137
10.142
10.488
0.966
4.589
8.559
5.376
6.793
3.960
17.727
5.882
2.444
6.331
14.969
1.669
0.000
0.000
6.333
5.961
17.161
5.026
4.594
10.787
10.634
3.402
2.388
12.288
10.412
5.565
3.471
0.203
4.086
3.093
16.328
11.494
0.494
6.674
1.243
0.192
2.012
2.987
8.890
2.429
3.337
6.551
1.620
0.529
6.152
0.779
0.021
0.000
0.288
10.633
0.706
0.740
5.921
0.918
13.003
8.735
17.434
8.338
15.068
2.478
0.728
14.323
0.282
28.154
11.859
59.827
17.230
0.367
7.888
10.676
15.233
12.955
5.873
7.260
4.702
1.248
1.933
0.635
0.000
0.000
3.528
0.034
2.376
0.000
6.211
35.242
4.721
0.779
2.312
8.648
4.165
16.122
1.943
2.383
0.941
3.759
0.917
0.000
0.000
0.968
0.000
0.000
0.000
0.076
2.245
0.134
17.564
7.112
10.557
11.560
12.095
4.103
10.217
19.796
14.849
1.210
8.351
10.403
8.185
0.570
5.124
4.772
2.348
3.347
10.897
3.519
4.817
14.396
10.138
16.988
95.179
1.614
2.977
12.051
8.683
5.442
8.219
13.472
32.605
1.298
2.887
0.000
1.322
0.072
0.000
0.000
1.497
2.443
4.044
7.031
6.630
0.041
0.000
0.714
9.187
6.444
4.851
13.273
9.283
5.819
5.737
7.251
0.285
0.000
1.703
0.457
9.469
4.137
14.938
2.074
0.124
0.000
0.000
0.003
0.000
0.000
0.000
0.292
16.279
0.000
0.000
0.014
0.014
0.000
0.000
0.000
0.000
0.000
0.000
0.000
0.000
0.000
0.000
0.000
0.000
0.000
0.000
0.000
0.000
0.000
0.165
0.000
0.000
0.000
0.038
0.000
0.000
0.268
0.000
0.000
0.000
0.000
0.000
0.007
0.285
0.055
0.000
0.000
0.000
0.000
0.000
0.038
0.000
0.000
0.000
0.000
0.000
0.000
0.000
0.000
0.000
0.000
0.000
0.000
0.000
0.000
0.000
0.000
0.000
0.000
0.000
0.000
0.000
0.000
0.000
0.000
0.000
0.000
0.000
0.000
0.000
0.000
0.000
0.000
0.000
0.000
0.000
0.034
0.000
0.000
0.000
0.409
2.721
0.000
0.041
0.000
0.000
0.000
2.930
5.273
0.000
0.051
0.000
0.000
0.000
0.000
0.034
1.047
0.000
0.621
0.191
0.000
0.000
0.259
0.055
0.000
0.000
0.000
0.000
0.045
0.000
0.110
1.849
10.410
0.062
4.758
1.514
3.653
0.067
0.161
0.000
0.000
1.027
0.259
0.000
1.097
0.227
0.000
0.062
0.000
3.112
0.123
0.000
0.086
0.055
0.000
0.000
0.000
0.033
0.179
3.739
4.985
11.584
10.358
0.367
0.110
0.000
0.045
0.000
0.000
1.576
0.328
0.065
0.259
0.093
22.709
0.884
0.000
0.000
12.008
8.748
0.800
0.690
7.054
1.039
0.189
0.797
3.009
0.082
9.924
1.250
8.705
16.418
0.381
4.611
0.069
0.021
2.692
13.599
29.102
0.000
0.000
0.000
0.000
0.000
6.860
6.911
0.000
5.383
11.913
10.341
4.154
6.736
0.000
8.818
17.331
16.565
20.023
5.665
5.675
10.727
9.651
13.214
4.923
7.714
8.039
6.916
9.991
6.897
3.983
10.186
20.538
10.240
4.609
16.934
5.809
17.509
13.565
5.644
7.222
109.041
21.004
5.488
22.910
9.834
33.374
12.976
0.863
2.858
0.582
6.968
1.277
6.988
10.113
1.066
11.652
23.751
14.413
4.467
0.021
10.427
20.132
4.245
10.626
10.049
0.961
0.127
8.126
53.984
129.470
3.159
2.420
13.372
0.948
3.008
12.610
10.464
19.381
10.035
5.133
14.505
29.934
2.427
1.013
5.268
12.700
14.330
10.269
5.164
9.807
5.861
13.716
8.233
24.881
1.233
2.455
12.212
3.567
0.323
25.481
16.308
12.936
2.331
0.910
13.932
4.590
1.576
1.123
0.000
0.821
4.266
7.938
17.904
7.661
0.127
2.262
1.428
8.971
10.564
58.722
18.910
4.123
1.881
3.917
7.869
8.152
10.463
6.537
8.291
5.249
7.603
5.102
10.255
8.089
0.776
15.817
8.123
45.034
8.435
0.034
0.000
3.976
5.836
9.071
8.005
8.969
2.000
0.862
9.186
0.007
7.325
7.201
7.915
5.840
11.125
3.706
12.391
0.141
1.907
0.244
0.007
3.617
10.126
10.368
5.049
1.136
0.887
1.112
1.200
2.300
0.089
8.102
3.085
6.880
0.829
0.360
3.941
0.000
3.742
5.727
1.250
0.000
0.000
3.468
0.687
0.000
2.553
3.203
1.545
5.126
8.168
4.381
0.821
0.453
0.000
0.000
0.000
3.157
0.000
0.000
0.000
0.000
0.027
0.007
0.000
0.000
0.000
0.000
4.233
3.574
11.951
5.284
2.571
0.182
2.779
0.930
2.208
0.038
1.171
0.024
0.000
0.000
0.000
0.000
0.000
0.000
0.000
0.000
0.000
0.000
0.000
0.000
0.000
0.000
0.000
0.000
0.000
0.000
0.000
0.000
0.087
0.000
0.000
0.000
0.000
0.007
0.000
0.000
0.000
0.000
0.000
0.000
0.000
0.000
0.000
0.000
0.000
4.996
88.599
2.378
7.516
0.000
0.000
0.000
0.000
0.000
0.000
0.000
0.000
0.000
0.000
0.000
0.000
1.926
1.081
0.216
0.000
0.000
0.000
0.000
0.000
0.357
0.000
0.086
0.000
0.000
0.000
0.000
0.683
1.397
0.000
0.809
6.041
6.036
2.596
0.000
0.000
0.000
0.000
0.000
0.000
0.000
0.000
0.000
0.189
0.000
0.453
0.000
0.748
0.000
0.000
4.740
8.168
0.000
6.142
2.657
3.270
0.014
0.061
0.010
0.000
7.512
5.336
2.302
0.961
4.358
8.583
33.984
1.986
0.307
0.014
1.061
4.427
19.817
5.160
0.026
0.589
40.140
3.691
22.699
11.048
8.998
9.156
2.096
1.336
12.045
5.757
1.184
2.719
1.972
3.121
6.626
7.343
2.927
5.588
3.756
0.129
5.400
2.157
0.360
15.810
11.347
2.014
5.576
8.516
0.091
21.516
6.611
3.480
8.806
4.910
10.159
0.326
15.480
15.566
3.668
3.042
2.287
0.000
6.194
12.379
10.537
13.184
8.588
11.918
20.651
3.468
2.573
13.064
12.885
5.212
8.034
9.369
9.860
5.009
2.197
7.644
19.623
0.549
6.969
13.007
4.317
5.050
12.418
27.795
5.528
5.035
6.530
15.089
13.736
1.291
7.941
23.681
7.565
36.135
3.334
7.725
3.687
9.362
9.033
11.228
21.428
3.205
20.014
5.946
3.016
7.445
0.486
59.022
8.051
6.740
3.262
9.016
6.362
8.938
10.145
110.188
3.862
8.162
2.484
11.393
0.482
9.615
13.849
13.263
3.472
4.614
6.583
16.637
13.499
89.082
11.120
10.155
6.408
10.101
8.645
4.604
2.115
8.823
13.990
6.812
7.320
20.596
5.141
9.905
13.129
22.982
21.509
11.340
5.529
2.489
4.357
7.938
20.781
11.393
7.656
13.232
4.221
9.562
4.261
3.728
10.430
24.343
17.649
3.854
14.519
11.728
10.828
10.080
0.573
0.000
5.188
11.134
1.456
2.850
8.657
13.221
26.848
16.842
13.321
20.174
6.698
4.106
15.649
3.351
2.410
5.840
1.586
18.512
5.859
4.830
0.000
3.672
7.730
3.078
12.269
8.930
4.199
3.157
4.631
5.175
7.553
9.235
9.079
3.365
5.071
13.709
10.295
4.063
2.069
0.000
1.943
0.000
0.000
2.006
4.948
4.104
1.199
0.966
0.000
0.451
6.410
4.777
0.000
0.000
0.000
0.000
0.000
0.000
0.000
0.000
0.000
0.000
0.000
0.000
0.000
0.000
0.000
0.000
0.000
4.389
2.992
1.373
0.000
0.000
0.000
0.000
0.000
0.000
5.950
0.774
3.203
0.000
6.348
7.955
10.056
0.000
0.000
0.000
0.000
0.000
0.000
0.000
0.000
0.000
0.000
0.000
0.000
0.000
0.237
0.000
0.000
0.000
0.000
0.000
0.000
0.000
0.000
4.017
0.000
3.790
10.761
0.657
0.000
0.000
0.000
0.000
0.000
0.000
0.000
0.000
0.000
0.000
0.000
0.000
0.000
0.000
0.000
0.000
0.000
0.000
0.007
0.000
0.000
0.000
0.000
0.014
0.076
0.000
0.000
0.000
0.769
2.259
0.007
0.003
0.000
0.000
0.000
0.000
0.000
0.000
0.000
0.000
0.000
0.000
0.206
0.312
2.614
3.601
60.037
0.000
0.007
3.421
0.000
0.000
0.060
0.017
0.000
0.474
6.058
0.421
0.000
0.000
0.148
0.742
0.270
0.048
0.010
0.000
8.865
2.901
8.950
7.635
0.774
0.584
0.003
0.000
0.017
36.130
11.671
0.000
5.620
0.500
0.000
0.000
1.821
0.000
0.000
10.866
1.554
0.000
0.000
0.000
8.041
3.749
0.000
1.669
5.071
0.034
0.161
4.681
0.165
1.559
50.889
11.172
15.154
4.973
0.474
0.051
0.285
0.000
0.216
0.000
0.093
3.268
2.671
10.298
8.830
5.931
2.721
2.115
2.022
0.374
0.000
0.233
0.237
0.000
0.000
1.844
16.479
3.292
13.695
10.451
171.043
26.664
1.305
3.028
2.486
0.453
0.017
0.024
2.692
2.448
0.577
4.666
4.758
17.611
2.293
1.023
7.038
1.119
18.382
1.325
10.955
7.981
2.163
2.256
2.585
8.312
12.998
11.601
7.575
1.955
11.567
4.939
5.807
6.858
3.485
4.855
0.251
8.528
1.270
11.525
0.457
0.333
7.196
9.694
15.257
6.121
1.744
17.479
11.970
3.660
8.683
2.946
13.479
47.320
12.068
4.231
22.821
2.630
13.544
11.175
11.721
6.345
7.735
12.518
11.264
13.445
3.159
1.143
8.072
2.390
10.248
2.390
9.809
12.456
13.884
20.671
16.596
13.352
13.496
5.016
10.604
86.165
4.043
16.117
4.606
7.040
22.953
13.760
1.287
3.893
12.918
15.492
2.690
5.792
18.787
2.163
8.727
4.650
11.414
14.054
10.880
3.079
13.969
11.644
13.356
9.518
17.043
14.462
11.904
18.872
20.036
3.629
5.905
13.036
7.182
23.871
9.998
2.489
9.592
15.975
5.606
1.569
3.275
4.590
3.581
12.346
1.336
0.000
1.023
0.158
6.410
2.623
5.933
9.335
3.382
9.949
20.520
2.757
2.328
5.407
1.658
0.000
6.791
14.667
12.806
8.257
13.324
7.732
0.247
0.053
10.900
5.246
0.728
3.907
3.313
0.021
0.357
8.259
2.139
3.165
0.757
5.939
3.073
2.542
2.434
4.628
8.075
1.377
6.194
6.561
-99.000
0.000
0.000
0.000
0.000
0.000
0.000
0.958
7.955
0.373
0.000
1.463
0.000
3.857
0.000
0.000
0.000
0.000
0.000
0.000
0.000
0.000
0.000
0.000
0.000
0.000
0.000
0.000
0.000
0.000
0.000
0.000
0.954
0.000
0.000
0.000
0.000
0.000
0.000
0.000
0.000
0.000
0.000
0.000
0.007
0.000
4.559
0.917
0.000
0.000
0.027
0.000
0.000
0.000
0.000
0.000
0.000
0.000
0.000
0.000
0.000
0.261
0.058
0.000
0.000
0.000
0.000
0.000
0.000
0.000
0.089
0.082
0.000
6.018
0.470
2.527
0.711
0.000
0.000
0.491
3.210
0.797
0.000
0.000
0.082
0.000
0.000
0.014
0.089
1.342
0.137
0.707
0.000
0.000
0.024
0.221
0.000
1.730
8.147
0.000
0.000
0.000
0.000
0.000
0.000
0.000
0.007
9.209
9.321
16.751
3.184
0.397
0.000
0.000
0.000
0.000
0.000
0.000
0.778
2.077
0.000
0.000
0.000
0.000
0.657
0.000
0.000
0.244
0.000
0.000
0.000
1.071
0.000
0.656
0.223
0.429
0.000
0.000
0.663
0.175
0.000
4.913
1.444
0.158
5.466
0.230
0.237
0.048
0.000
0.000
2.299
0.014
0.000
0.000
0.000
0.000
0.000
0.000
6.741
0.603
1.593
0.910
0.343
0.000
0.594
4.456
0.000
0.000
0.000
0.000
0.472
6.654
0.000
0.641
0.216
6.770
4.429
14.759
4.358
10.990
14.348
4.195
10.841
12.525
14.095
7.341
12.366
3.560
2.645
0.014
7.301
10.813
5.785
8.013
10.647
0.818
0.000
0.010
3.205
1.531
8.680
14.632
11.910
16.246
56.740
10.410
1.662
4.346
-99.000
-99.000
-99.000
-99.000
-99.000
-99.000
-99.000
-99.000
6.643
8.240
12.940
3.308
8.683
14.787
6.321
5.205
7.536
3.770
15.714
4.693
4.281
16.847
29.454
8.101
2.510
9.297
0.340
2.791
2.650
9.170
10.818
9.809
11.446
6.104
2.029
15.225
1.614
3.011
2.455
3.364
11.433
7.368
2.992
0.333
0.901
15.647
16.062
8.020
0.000
0.000
0.318
0.000
0.000
0.000
0.429
4.601
14.000
6.133
15.905
13.428
15.649
4.916
8.151
4.007
5.625
4.264
12.815
5.837
10.818
14.203
12.732
11.381
2.924
6.643
15.699
3.035
121.847
59.033
2.896
0.000
0.000
0.000
0.000
0.000
7.086
11.258
13.651
14.493
7.919
4.582
17.824
15.024
4.190
9.465
42.018
5.325
2.530
12.377
9.234
22.869
26.824
0.700
0.000
4.183
2.286
6.648
13.606
3.801
0.731
1.626
0.464
6.505
7.991
7.359
5.912
7.979
1.083
1.100
9.065
18.969
8.166
0.330
0.321
0.724
10.894
4.062
5.404
4.534
2.444
4.741
3.989
1.826
1.864
6.376
4.189
4.666
4.700
0.000
0.000
0.000
0.000
0.000
3.684
2.843
3.056
7.163
2.826
0.000
6.005
2.764
0.000
0.000
0.000
0.000
0.000
0.000
0.000
0.000
0.000
4.470
0.192
1.490
0.010
0.687
3.124
3.540
1.442
0.000
0.000
0.000
1.778
2.644
2.338
2.839
2.355
0.000
0.000
0.000
0.000
0.000
0.000
4.037
1.844
0.000
0.000
0.000
0.000
0.000
1.380
6.748
6.231
0.000
0.000
0.000
0.000
0.000
0.000
0.637
6.381
0.000
0.376
0.000
0.000
0.000
0.000
0.000
0.000
0.302
0.101
0.000
0.000
0.000
0.000
0.000
0.000
0.000
0.000
0.003
5.002
0.000
0.000
0.000
0.000
0.000
1.823
0.003
0.014
0.000
0.000
0.000
0.000
0.000
0.000
0.000
0.000
0.000
0.000
0.000
0.000
0.000
0.000
0.000
0.000
0.000
0.000
0.000
0.000
0.000
0.000
0.000
0.000
0.000
0.000
0.000
0.000
0.000
0.000
0.014
0.021
0.000
0.000
0.000
0.000
0.000
0.000
0.000
5.873
0.144
0.000
0.000
0.017
0.000
0.064
0.000
0.043
0.038
0.000
0.000
0.959
0.000
0.000
0.000
2.060
0.000
0.000
0.000
0.060
0.163
0.000
0.051
0.064
0.000
0.000
0.000
5.912
0.603
0.568
2.222
0.003
2.686
19.197
1.216
2.877
0.977
0.000
2.927
4.427
3.200
0.601
0.000
0.000
0.134
0.103
0.000
2.105
1.116
0.542
0.000
0.151
0.000
0.000
3.474
6.829
5.754
1.765
2.451
8.363
2.777
2.163
0.312
1.157
11.745
6.157
30.975
0.915
2.211
0.000
10.559
5.112
15.994
9.314
0.484
0.203
0.000
0.000
0.302
4.590
1.028
0.051
0.089
8.810
4.765
0.000
3.553
6.067
2.189
0.209
0.007
10.849
6.712
3.941
9.994
0.875
1.693
0.467
5.236
36.382
0.021
7.625
8.281
6.279
0.450
8.358
3.828
2.554
0.000
0.000
0.745
8.956
17.007
4.940
4.860
11.500
0.664
3.356
9.131
1.057
0.266
9.805
2.337
11.074
11.610
17.228
18.982
2.832
12.424
21.525
1.463
14.334
7.704
5.117
1.118
0.736
1.004
11.414
8.667
1.773
12.061
50.400
2.558
0.443
8.339
12.586
17.643
18.582
8.608
3.766
4.118
15.925
2.988
13.805
6.947
14.442
4.951
3.205
13.166
2.946
8.639
10.231
11.270
5.562
6.295
3.131
3.941
1.792
3.759
7.711
0.000
0.045
9.277
28.729
20.400
1.954
6.503
0.577
0.680
0.415
1.452
0.415
0.038
2.841
2.221
5.275
6.348
4.113
13.972
0.807
2.777
1.075
10.770
4.613
0.379
43.242
0.948
14.063
13.338
11.369
50.834
10.677
29.042
5.303
2.496
15.698
6.686
0.393
3.910
6.486
7.795
3.044
7.232
3.998
9.465
1.613
9.683
1.516
27.850
3.095
20.768
2.208
4.600
4.128
9.508
0.088
0.318
0.051
5.325
0.079
10.559
3.622
0.051
1.274
2.626
0.383
2.101
5.267
4.885
3.152
0.000
0.014
3.365
4.611
9.091
3.330
7.951
15.952
7.100
0.479
7.756
5.586
0.302
0.000
0.154
0.010
14.327
5.243
0.017
0.412
0.000
3.854
0.000
0.000
0.000
0.000
0.879
0.453
0.000
0.000
0.000
0.000
0.000
0.000
0.000
0.048
0.000
0.000
1.905
1.171
0.000
0.000
0.000
0.000
0.000
0.000
0.000
0.000
0.000
0.000
0.000
0.000
2.053
1.009
4.547
0.158
0.000
0.000
0.000
0.000
0.000
0.000
0.000
0.000
0.000
0.000
0.000
0.000
0.000
0.000
0.000
0.000
0.000
0.000
0.000
0.000
0.000
0.000
0.000
0.000
0.000
0.000
0.000
0.000
0.000
0.000
0.000
0.000
0.000
0.000
0.000
0.000
0.000
0.000
0.000
0.000
0.000
0.000
0.000
0.000
0.000
0.000
0.000
0.000
0.000
0.000
0.000
0.010
0.000
0.000
0.000
0.000
0.000
0.000
0.000
0.000
0.000
0.000
0.000
0.000
0.000
0.007
0.021
0.714
8.047
1.116
0.000
0.000
0.000
0.021
0.000
0.000
0.000
0.148
0.213
0.000
0.000
0.007
0.000
0.000
0.000
0.000
0.000
0.000
0.762
39.974
0.000
0.000
0.000
2.934
0.000
0.000
3.698
0.000
0.000
0.898
0.673
0.625
0.000
4.005
0.455
3.097
0.000
0.000
0.000
0.000
0.000
0.000
0.000
0.000
0.017
3.406
10.308
0.007
0.086
0.000
0.000
0.118
0.422
0.034
0.177
1.159
0.417
1.311
4.209
0.879
0.000
12.147
4.111
0.007
1.562
11.778
3.687
8.693
2.676
1.928
0.072
3.771
132.830
1.384
12.341
22.525
33.059
0.017
0.051
15.220
5.736
16.613
0.862
15.811
15.141
8.712
12.542
1.059
2.616
1.655
8.351
57.714
0.560
7.302
23.182
2.259
3.960
5.455
6.302
9.067
4.661
10.777
11.055
23.810
18.018
0.257
21.664
18.189
9.522
6.717
3.825
23.325
7.167
18.790
10.562
3.723
4.273
0.870
7.055
7.084
9.730
9.566
17.779
13.081
26.245
7.934
1.780
1.085
7.426
8.605
3.413
5.497
12.263
7.390
7.630
2.616
17.546
9.414
4.805
0.433
2.875
0.347
3.454
0.185
11.711
15.099
8.497
16.438
12.336
0.992
3.289
1.923
0.463
7.948
7.383
15.281
3.799
4.683
4.995
1.957
14.035
12.178
3.763
3.576
12.294
5.112
3.165
7.052
3.358
19.061
15.491
8.669
26.350
47.471
4.278
10.372
14.622
3.591
5.850
2.111
4.707
4.601
3.365
5.321
22.646
1.720
8.291
7.004
9.349
9.019
12.648
24.266
2.002
7.083
19.008
15.089
13.568
15.692
2.427
2.956
4.134
8.593
3.226
15.412
13.015
0.800
6.156
10.777
1.641
4.113
8.566
13.070
7.546
7.687
2.273
0.436
0.010
2.699
28.142
13.369
10.852
7.663
3.732
12.658
16.201
12.542
8.154
6.829
3.138
7.067
0.805
7.320
0.000
0.000
0.000
0.000
0.048
7.963
18.254
5.378
2.671
7.747
5.691
1.085
0.010
0.000
0.000
0.000
0.000
3.143
2.657
6.559
0.000
0.000
2.082
6.947
8.798
6.217
8.217
1.983
1.471
7.593
0.000
2.324
0.000
8.714
3.644
6.092
0.348
0.000
0.000
0.027
2.298
5.434
0.673
0.000
0.000
0.000
0.007
0.000
1.072
0.295
2.250
0.376
0.024
3.279
7.169
0.415
5.176
1.689
0.000
0.108
0.000
0.000
0.000
0.000
0.000
0.000
0.671
0.000
0.000
0.000
0.000
0.000
0.000
0.000
0.000
0.000
0.000
0.000
0.386
11.582
2.640
5.158
2.022
0.000
0.000
0.000
0.845
0.000
0.000
0.000
1.311
0.000
0.014
0.000
0.000
0.000
0.000
0.000
0.000
0.000
0.000
0.000
0.000
0.000
1.493
0.000
0.000
0.000
0.000
0.000
0.000
0.000
0.000
0.000
0.000
0.000
0.021
4.772
0.000
0.000
0.000
0.000
0.137
0.000
0.000
0.000
0.000
0.000
0.000
0.000
0.000
0.463
0.000
0.000
0.000
0.000
0.000
0.000
0.081
0.671
3.753
6.004
0.000
0.000
0.000
0.142
0.280
0.000
0.000
1.535
8.401
0.000
0.048
0.237
0.000
2.860
0.000
0.199
0.000
0.144
0.000
0.134
0.000
1.641
0.323
0.120
0.000
0.000
2.644
1.727
1.864
1.329
4.116
8.147
0.000
0.000
0.405
2.063
2.831
0.000
10.047
1.373
5.881
0.616
3.390
14.153
4.449
10.781
3.143
2.747
12.679
0.000
0.000
0.000
0.000
0.000
0.000
13.786
13.743
15.626
47.851
0.271
0.010
0.000
0.439
8.494
0.000
2.503
0.000
0.000
0.000
0.051
7.387
0.000
0.031
8.285
0.031
0.000
12.002
6.379
1.444
24.975
11.937
3.130
0.010
11.863
6.247
0.130
0.000
8.189
13.339
11.731
4.515
0.301
5.461
17.934
12.451
1.351
27.809
7.486
9.984
3.253
9.105
6.695
9.043
13.383
11.731
5.079
1.351
9.237
13.489
10.228
26.419
3.618
7.042
11.201
16.916
85.141
5.770
3.971
0.798
9.271
14.002
14.095
8.011
7.352
6.815
5.581
8.612
7.150
6.870
0.992
10.094
4.743
11.302
3.492
9.223
10.660
20.019
16.936
21.089
8.455
8.583
11.130
18.957
0.237
6.172
13.075
36.171
16.807
3.458
1.389
5.013
4.515
15.891
52.152
10.391
0.093
0.563
10.152
10.550
12.669
2.005
0.106
11.398
12.466
16.874
18.395
2.729
5.296
8.624
0.275
0.000
9.534
9.405
4.352
26.736
8.106
0.965
13.632
4.710
5.557
7.024
8.954
10.437
9.325
9.359
8.417
12.813
14.619
3.728
5.795
0.451
3.159
4.621
12.133
7.466
6.595
3.227
0.930
0.918
1.954
2.365
16.479
7.471
3.059
3.876
5.682
0.000
0.247
0.000
7.855
10.907
3.553
5.562
8.054
0.439
2.362
13.182
0.975
2.530
0.209
6.221
3.722
12.006
5.572
7.745
4.923
0.096
9.283
3.097
1.902
8.363
5.253
0.000
2.644
1.047
0.000
0.000
0.000
0.000
0.000
0.000
0.051
0.000
1.772
5.709
4.336
16.467
8.638
13.105
2.213
4.048
1.753
3.655
2.601
4.664
0.086
0.000
0.045
0.014
0.000
0.000
0.000
0.000
0.000
0.000
0.000
0.000
0.891
0.000
0.000
1.560
0.668
8.255
9.374
0.165
0.000
0.000
0.000
0.000
0.000
0.000
0.000
0.000
0.000
0.000
0.000
3.018
9.342
3.988
0.235
0.000
0.000
0.000
0.000
0.000
0.232
0.674
0.000
0.000
0.000
0.000
0.000
0.000
0.000
0.000
0.161
0.000
0.000
0.000
0.000
0.000
0.000
0.000
0.000
0.000
0.000
0.000
0.045
0.000
0.000
0.000
0.000
0.000
0.000
2.541
0.000
0.000
0.766
0.000
1.723
0.000
0.000
0.000
0.000
0.000
0.000
0.000
0.000
0.297
0.000
0.000
0.000
0.000
0.000
0.000
0.000
0.395
0.810
0.000
0.000
0.000
0.000
0.000
0.000
0.000
0.000
0.000
0.000
0.000
0.000
0.000
0.000
0.000
0.093
0.000
0.000
0.000
0.000
0.000
1.030
10.348
0.000
1.608
0.000
0.000
0.000
0.000
0.000
0.000
0.000
0.000
0.000
0.051
0.292
1.081
2.894
12.679
9.936
2.159
2.990
0.000
0.924
0.000
0.446
2.405
0.000
0.000
0.000
0.000
0.488
0.482
5.763
0.139
0.608
0.000
1.945
1.378
1.717
0.000
22.340
1.885
0.000
0.000
0.000
0.120
0.000
0.000
0.031
0.142
0.264
0.000
0.000
0.000
0.000
10.514
7.016
10.492
2.003
0.000
0.000
0.000
6.067
0.621
10.087
5.332
10.811
17.561
1.081
7.605
4.501
4.820
3.924
14.251
1.272
9.709
32.290
1.397
21.056
3.715
0.000
7.210
5.067
5.483
12.145
16.950
12.068
4.642
0.007
2.094
5.490
3.162
1.881
12.234
8.641
21.712
1.687
7.514
2.803
0.421
9.299
10.892
28.865
10.895
8.688
3.575
9.500
66.188
71.239
4.970
1.538
27.934
5.586
1.641
3.529
4.096
12.821
8.295
8.169
0.216
7.629
0.227
5.965
2.551
4.000
3.402
0.021
13.008
7.883
1.885
3.313
6.235
6.719
12.724
8.501
7.869
2.393
3.595
0.515
0.024
13.695
8.758
0.556
6.482
12.442
1.710
4.770
7.411
11.040
3.703
3.255
8.549
4.001
0.251
2.420
3.758
9.634
8.505
11.961
7.636
3.747
20.732
6.990
12.349
3.133
0.924
0.462
3.704
11.167
4.534
8.439
9.551
4.451
2.048
3.456
9.702
2.281
3.835
0.096
0.000
0.000
0.000
0.392
2.530
2.568
10.825
10.258
12.507
4.273
15.666
4.274
12.363
9.531
4.896
0.000
11.192
4.758
9.369
0.975
0.242
1.665
8.494
2.712
0.000
0.357
1.710
4.848
2.256
2.400
2.055
4.103
4.827
4.211
11.220
10.691
11.979
6.963
12.926
5.946
1.875
8.360
0.031
0.000
2.232
0.000
4.604
0.000
6.496
0.288
0.000
0.000
0.000
0.000
1.538
4.178
7.632
0.017
0.144
4.044
0.810
2.455
0.051
10.567
0.391
0.000
0.000
0.096
0.700
5.867
8.676
11.869
0.398
0.000
0.000
0.000
0.000
0.000
0.000
0.000
3.526
2.458
0.759
0.330
0.757
0.000
0.752
3.011
0.797
0.000
0.000
0.536
0.000
0.014
0.000
0.000
0.000
0.000
0.000
0.000
0.000
0.000
0.000
0.000
0.000
0.494
2.089
4.976
0.000
0.000
0.000
0.000
0.000
0.000
0.000
0.000
0.000
0.000
0.000
0.000
0.000
0.000
0.494
0.000
0.000
0.000
0.057
1.408
0.000
0.000
0.000
0.000
0.000
0.000
0.000
0.000
0.000
0.000
0.000
0.000
0.000
0.000
0.000
0.000
0.000
0.000
0.000
0.000
0.000
0.000
0.000
0.000
0.000
0.000
0.000
0.000
0.000
0.000
0.000
0.000
0.000
0.007
0.000
0.000
0.134
0.189
0.000
0.000
0.000
0.000
0.000
0.000
0.000
0.000
0.467
6.801
0.151
0.000
0.000
0.000
0.000
0.199
0.000
0.000
0.007
0.000
0.000
0.000
0.000
0.000
0.000
0.000
0.000
0.000
0.000
0.000
0.000
0.000
0.000
0.000
0.000
0.000
0.000
0.058
0.500
2.534
0.139
0.271
0.000
0.000
0.467
1.353
3.607
1.950
11.999
0.330
1.322
0.584
12.624
1.772
0.076
0.000
2.702
0.000
0.381
0.000
0.302
0.000
0.000
1.885
0.000
0.000
0.000
14.277
2.458
9.338
10.664
13.105
0.000
0.027
0.089
0.570
0.124
2.856
9.623
1.833
0.357
0.000
0.000
0.647
5.488
0.000
0.000
0.000
0.000
0.171
0.000
0.000
5.009
1.222
0.000
0.505
0.112
2.235
0.949
13.043
0.833
0.117
3.800
1.123
7.193
3.462
12.550
0.000
0.838
2.477
0.295
1.787
0.000
12.021
0.257
0.199
6.963
0.045
0.000
0.000
1.229
3.164
0.213
0.957
1.652
0.800
0.000
0.093
21.633
7.568
10.416
4.163
7.107
11.411
3.081
2.372
0.613
0.048
0.000
2.544
0.197
0.000
0.024
2.765
0.000
0.000
2.201
4.800
0.000
0.000
0.000
3.670
0.007
0.556
0.000
7.557
1.818
10.413
23.868
4.899
4.309
1.463
0.007
2.640
0.257
11.647
5.782
16.136
145.380
3.749
6.101
10.986
12.720
1.962
8.525
4.631
9.963
4.826
3.116
3.512
7.193
3.080
4.952
4.902
18.263
13.772
13.620
6.808
11.984
8.024
6.781
14.823
1.931
9.433
128.324
124.329
7.668
0.000
0.000
0.427
2.264
4.669
7.904
9.822
13.362
5.122
9.256
9.328
3.001
1.377
2.674
13.108
8.137
5.296
2.465
5.600
11.103
0.292
0.065
0.124
3.006
2.403
8.144
5.431
3.519
5.871
17.358
18.828
11.937
8.029
7.430
0.779
0.000
0.000
0.000
11.421
13.057
12.138
1.893
2.915
5.176
7.000
3.153
0.536
1.437
1.983
5.848
9.579
0.000
0.000
3.801
2.687
5.754
5.395
0.000
0.000
5.078
4.520
6.489
0.112
0.000
0.000
2.561
6.132
11.258
0.225
0.051
0.000
1.015
0.010
0.000
0.000
0.000
0.000
0.031
0.058
0.000
0.000
0.000
1.974
0.000
0.000
0.000
0.000
0.000
0.000
0.000
0.000
0.000
0.000
0.000
0.000
4.710
5.830
5.347
3.064
0.302
0.264
0.223
0.000
4.717
1.995
0.000
0.000
0.000
0.000
0.000
0.000
0.000
0.000
2.877
5.449
0.484
0.041
0.000
0.000
0.000
0.000
0.000
0.000
0.000
0.000
0.000
0.000
0.000
0.000
0.000
0.000
0.000
0.000
0.000
0.000
0.000
0.000
0.000
0.000
0.000
0.000
0.000
0.000
0.000
0.000
0.000
0.000
5.810
6.969
3.359
0.137
0.000
1.548
0.100
0.000
0.000
0.000
0.000
0.000
0.048
0.010
10.181
0.000
0.024
0.664
0.014
0.000
0.007
0.124
1.251
0.168
2.496
0.989
13.620
13.014
1.250
0.000
0.000
0.000
0.887
0.014
0.000
0.000
0.000
0.000
4.685
0.014
0.007
0.000
0.038
0.578
0.213
0.000
0.000
0.000
0.000
0.000
0.000
7.199
0.000
0.139
0.342
0.017
0.000
0.000
0.000
0.000
0.185
0.472
0.517
0.840
2.323
2.008
0.000
0.000
0.000
0.000
0.000
0.000
0.000
0.604
0.072
0.000
0.000
0.536
1.157
0.000
0.000
0.000
0.704
0.371
0.096
0.731
0.017
0.213
0.041
2.053
16.136
3.612
10.111
2.383
7.260
12.329
33.196
0.027
0.680
0.024
0.003
0.096
0.161
0.000
0.000
11.079
0.388
14.979
6.489
21.818
5.658
8.418
4.966
0.021
0.618
27.258
10.633
0.000
4.168
24.750
2.031
1.336
7.440
6.046
0.021
11.192
3.038
10.729
22.350
17.971
0.656
0.000
1.414
5.243
7.505
15.068
12.409
14.373
9.661
12.803
0.549
11.378
1.119
5.249
11.366
10.653
5.179
11.419
14.569
11.237
3.828
10.973
13.396
15.968
3.917
2.300
9.805
9.287
7.752
17.417
103.438
3.708
1.013
7.775
2.929
11.591
14.840
9.560
2.805
15.513
2.760
5.668
6.089
17.280
54.911
4.513
3.692
0.154
8.441
10.854
26.886
2.834
7.860
11.335
7.036
7.399
10.217
7.835
4.441
7.953
5.921
47.835
10.832
22.615
12.506
9.428
4.663
23.662
5.776
10.091
17.522
18.635
11.331
4.257
18.244
21.253
4.115
9.965
6.542
3.271
6.283
11.698
13.735
13.597
4.758
6.104
14.226
25.341
9.005
12.730
22.865
0.179
2.817
0.719
9.105
16.413
6.739
6.180
3.990
12.514
15.810
29.248
1.373
0.963
7.407
2.956
1.615
16.471
9.630
5.718
10.583
1.938
6.492
14.916
4.151
19.176
25.255
0.877
4.255
3.157
2.129
6.142
13.048
3.201
0.000
0.982
1.507
2.547
0.566
3.553
13.002
5.309
5.953
9.520
0.027
0.000
0.941
1.202
5.431
14.169
0.000
0.000
0.000
0.000
0.000
1.487
2.688
0.978
3.880
8.645
7.237
1.329
0.003
0.000
0.721
0.000
0.359
0.402
0.000
3.471
0.000
0.663
2.487
12.952
3.474
0.237
0.000
0.000
0.000
0.000
1.157
1.301
2.184
0.000
0.000
0.000
0.000
0.000
0.000
0.446
4.975
0.000
0.000
0.000
0.000
1.921
0.000
0.000
0.000
3.271
0.000
0.000
0.541
0.000
0.000
0.000
0.000
0.000
0.000
0.000
0.000
0.000
0.000
0.000
0.000
0.000
0.000
0.000
0.000
0.000
0.000
0.000
0.000
0.000
0.000
4.959
0.000
0.000
0.000
0.000
0.000
0.000
0.000
0.000
0.000
1.250
1.404
16.551
0.000
0.000
0.000
0.000
0.000
0.125
1.655
0.000
0.000
0.000
0.000
0.000
0.000
0.000
0.000
0.000
0.319
0.000
0.041
0.000
0.000
0.000
0.000
0.000
0.000
0.000
0.000
0.000
3.804
0.000
0.000
0.007
0.000
0.000
0.000
0.000
0.000
0.000
0.000
0.000
0.000
0.014
0.000
0.000
0.000
0.000
0.000
0.000
0.000
1.196
0.242
0.024
0.014
0.000
0.034
0.549
0.000
0.000
0.007
0.000
0.000
0.683
0.542
0.275
0.000
0.000
0.000
5.157
5.495
0.663
1.514
0.000
1.919
3.529
6.341
0.010
8.798
0.000
6.032
17.183
11.821
17.084
3.838
0.000
0.000
0.000
0.000
0.000
10.526
15.141
32.022
6.255
0.448
4.408
5.119
0.000
5.648
7.145
15.746
4.398
0.179
0.000
0.357
0.172
4.576
12.524
7.448
13.328
0.978
0.000
0.000
4.292
8.466
0.000
37.829
6.552
0.233
0.000
15.439
13.153
0.154
3.432
9.551
0.000
15.080
0.003
20.740
11.407
5.641
12.243
2.352
11.467
1.104
7.071
6.018
10.283
6.432
7.974
0.933
0.048
0.000
8.065
1.169
0.003
3.547
6.942
15.803
9.671
7.127
2.228
17.290
18.213
3.844
1.078
4.128
3.473
4.302
10.767
8.988
8.377
7.625
24.106
96.178
5.263
3.172
1.178
9.172
10.389
6.067
4.329
0.544
2.729
2.060
3.646
0.271
2.941
21.883
3.730
8.463
24.417
14.904
9.235
18.845
35.129
9.915
13.819
0.007
9.616
8.102
9.431
7.917
7.371
2.225
5.421
0.460
7.390
9.864
19.818
11.021
20.143
6.865
8.712
3.574
5.311
4.072
0.783
0.000
0.000
0.000
0.000
0.000
5.782
1.991
9.719
0.000
8.573
3.931
7.697
18.460
8.590
5.823
18.176
17.827
14.286
7.598
12.099
20.950
92.762
3.013
2.757
17.321
4.154
3.286
11.060
6.297
5.675
0.469
3.993
37.077
9.034
1.837
10.329
11.113
1.245
7.949
1.909
17.554
2.982
2.235
12.799
7.896
3.136
3.296
21.964
8.144
6.151
0.197
9.340
11.900
9.738
1.521
16.282
7.282
8.399
0.197
5.102
3.854
2.556
5.965
2.002
10.028
4.418
7.471
2.422
0.341
0.000
0.000
0.000
1.287
0.251
0.774
4.878
2.116
4.717
6.654
3.092
6.164
5.718
0.000
4.820
14.299
0.445
3.574
0.295
1.202
4.003
5.140
0.000
0.000
0.518
7.186
0.014
0.000
0.000
0.000
0.000
0.000
2.905
2.774
0.203
0.841
0.000
1.734
4.357
3.069
0.000
3.272
6.604
0.058
0.000
0.000
0.000
0.000
4.384
0.766
2.781
0.000
0.000
0.000
0.000
0.000
0.000
0.000
0.000
0.000
0.000
0.000
0.000
0.000
0.000
0.000
0.000
0.000
0.000
0.000
4.654
0.000
0.000
0.000
0.000
0.000
0.000
0.000
0.000
0.000
0.000
0.000
0.000
0.000
0.000
0.000
0.000
0.000
0.000
0.000
0.000
0.000
0.000
0.000
0.000
0.000
0.000
0.000
0.000
0.000
0.000
0.000
0.000
0.000
0.000
0.000
0.000
0.000
0.000
0.000
0.000
0.000
0.000
0.000
0.000
0.000
0.000
0.000
0.000
0.000
0.000
0.000
0.000
0.000
0.014
5.129
1.104
1.135
0.007
0.000
0.000
0.000
0.000
0.000
0.000
0.000
0.889
0.000
0.000
0.036
4.506
0.203
6.063
0.680
0.237
0.043
0.000
0.000
0.000
0.000
0.000
0.342
2.201
4.316
0.082
0.000
0.000
0.000
0.000
0.031
0.062
0.000
2.923
0.014
0.000
0.000
0.390
0.000
0.000
3.044
0.024
0.616
0.699
0.191
0.000
0.000
0.000
0.000
0.233
0.000
0.000
0.000
0.390
0.062
0.000
0.322
0.000
0.000
0.000
0.033
0.218
0.000
0.000
0.374
0.000
0.000
0.000
13.690
6.902
5.220
14.530
157.314
4.904
1.281
4.831
5.830
4.197
5.359
15.865
3.231
5.514
10.130
13.796
5.356
9.184
8.190
0.433
6.006
71.643
0.415
0.034
0.000
8.434
11.982
22.924
94.761
3.464
1.354
11.019
3.100
7.302
4.218
0.154
14.238
0.757
0.848
15.864
14.804
19.887
6.148
0.068
0.062
0.000
3.356
12.778
11.735
8.981
5.212
13.521
7.732
11.072
11.860
7.450
12.725
8.592
7.659
3.573
1.894
3.492
2.638
6.379
9.356
2.474
0.000
5.071
7.014
3.001
2.589
11.034
12.627
6.073
11.422
6.235
14.547
0.017
0.000
8.904
4.345
11.551
2.623
1.720
0.069
0.175
2.208
7.855
1.184
5.339
14.068
8.332
3.299
13.196
15.965
10.379
2.700
8.381
10.186
12.521
2.870
5.656
12.964
15.165
9.261
12.777
16.783
26.943
19.372
6.540
9.993
16.189
4.413
11.486
11.755
13.957
8.465
0.024
3.840
2.838
6.518
0.566
5.483
7.678
0.021
0.498
18.725
16.205
7.371
15.522
12.274
11.268
1.006
0.903
2.300
7.629
0.014
0.000
0.000
2.008
1.445
4.803
9.077
6.176
16.773
18.876
0.000
0.000
0.000
0.000
5.488
3.639
3.516
3.371
7.498
4.110
13.839
7.478
7.241
9.253
4.669
18.062
0.244
0.000
0.024
0.000
1.675
2.039
0.000
16.335
13.496
4.762
4.357
0.055
0.529
4.140
0.000
0.000
0.000
0.000
0.000
0.000
0.000
0.000
0.000
1.912
6.012
1.052
0.014
0.000
0.000
0.000
1.214
4.052
4.607
3.304
3.703
0.000
0.000
0.000
0.000
0.000
0.000
4.743
1.009
0.000
0.000
0.000
0.000
0.000
7.349
4.820
0.000
1.198
0.000
0.000
0.000
0.000
0.529
0.038
0.000
0.000
0.000
1.452
0.000
0.000
0.378
0.000
0.000
0.000
0.000
0.000
0.000
0.000
0.000
0.000
0.000
0.000
0.000
0.000
0.000
0.000
0.000
0.000
0.000
0.000
0.869
0.245
0.000
0.000
0.000
0.000
0.000
0.000
0.000
0.000
1.054
0.079
0.000
0.000
0.017
0.000
0.000
0.000
0.000
0.000
0.000
0.000
0.000
0.000
0.000
0.000
0.000
0.000
0.000
0.000
0.000
0.000
0.000
0.000
0.000
0.000
0.000
0.000
0.000
0.000
0.000
0.000
2.259
16.620
8.339
0.000
0.505
0.477
0.000
0.000
0.000
0.000
0.000
0.000
0.000
0.000
0.000
0.000
0.045
0.007
0.879
0.206
0.000
0.000
0.000
0.000
0.017
0.000
0.000
0.000
0.227
0.007
0.115
4.925
0.000
2.549
0.041
0.000
0.010
0.069
1.591
4.872
0.000
0.000
0.000
0.000
0.000
0.007
0.227
7.830
12.530
20.179
0.000
0.000
0.000
0.000
0.000
0.000
0.000
0.000
0.000
0.000
2.814
5.596
6.262
7.018
1.706
0.064
8.282
0.041
0.498
1.083
0.000
0.034
3.912
11.215
12.643
6.363
15.062
10.870
86.809
0.530
3.627
12.109
17.051
3.457
6.945
0.314
4.278
5.533
15.780
4.149
0.079
9.754
1.113
12.358
4.422
0.126
1.128
4.894
9.065
5.273
7.514
0.000
6.959
5.806
4.631
11.942
1.681
12.772
3.424
6.861
11.532
9.656
10.125
41.721
2.594
3.056
5.497
1.816
0.130
8.755
7.725
3.720
14.883
11.845
14.123
20.630
14.574
9.726
15.146
14.595
11.905
10.406
36.797
9.126
2.817
8.140
5.814
12.785
3.660
8.085
18.189
21.348
42.565
2.407
1.892
0.618
0.000
5.514
1.487
4.473
25.641
76.549
0.257
13.918
14.792
0.270
5.773
5.306
16.782
46.481
20.244
5.617
2.482
0.206
6.617
11.700
6.611
1.947
5.682
1.246
4.032
13.360
110.402
12.430
4.175
2.357
27.105
20.915
3.677
7.859
20.300
12.936
13.067
9.162
0.787
4.681
4.800
7.551
15.031
4.678
1.809
3.438
0.041
2.779
53.814
17.649
2.726
2.293
13.239
59.244
14.938
3.762
4.693
12.807
13.010
18.527
43.149
33.960
0.000
6.303
4.383
1.555
1.100
17.113
14.759
3.600
1.869
6.691
4.384
12.291
5.244
0.046
0.000
0.000
1.068
0.000
2.477
6.614
6.286
0.891
7.048
2.427
10.981
2.654
0.000
0.000
0.000
0.000
0.000
6.631
2.177
2.965
5.490
5.208
1.892
1.823
3.602
8.473
1.715
6.909
4.930
1.617
1.634
0.055
1.370
3.232
4.776
0.021
0.457
0.371
0.017
6.592
7.086
12.175
1.891
0.130
0.000
0.000
0.000
0.000
0.000
0.000
0.000
0.000
0.000
0.027
0.000
0.000
0.918
2.159
2.439
0.474
0.000
0.000
0.000
0.000
0.000
0.000
0.000
0.000
7.153
1.054
0.079
0.000
0.000
0.000
0.000
0.000
0.000
0.000
0.000
0.000
0.000
0.000
0.000
0.000
0.000
0.000
0.000
0.000
0.000
0.000
0.000
0.000
0.000
0.000
0.000
0.000
0.000
0.000
0.000
0.000
0.000
0.000
0.000
0.000
0.000
0.000
0.000
0.000
0.716
0.046
0.826
0.007
0.110
1.030
0.000
0.000
0.000
0.000
0.003
10.540
0.033
0.000
0.348
0.021
0.000
0.000
0.014
1.505
0.021
0.311
0.213
0.034
0.000
0.000
0.000
0.000
0.000
0.014
0.000
0.072
0.000
0.000
0.000
0.000
0.000
0.000
0.000
0.000
0.158
0.000
0.000
0.000
0.000
0.000
0.000
2.196
4.815
0.000
0.000
1.881
0.000
0.000
0.000
0.000
0.000
0.000
0.220
0.010
0.000
0.000
0.458
0.000
0.350
0.000
0.000
1.052
0.000
1.006
0.000
0.000
0.000
0.000
0.000
0.268
0.333
0.169
9.371
0.105
0.072
3.634
2.247
0.048
0.000
2.024
0.007
0.316
0.014
0.556
4.523
1.027
0.000
2.084
1.888
3.078
1.063
2.269
5.263
0.000
0.000
0.000
4.954
2.901
5.948
2.419
6.506
0.278
0.086
12.809
3.265
3.540
0.010
0.000
0.000
2.683
9.718
11.809
8.839
3.569
4.896
5.630
8.763
0.010
9.163
4.533
2.078
0.003
12.637
10.521
18.299
0.445
0.778
0.000
0.018
0.000
0.000
0.000
0.000
0.000
0.453
0.237
3.880
0.000
4.010
9.677
20.639
3.789
14.244
10.190
1.754
0.405
0.003
2.748
10.966
7.914
20.617
18.169
11.288
28.458
8.935
14.018
6.650
16.246
14.612
9.848
8.868
13.498
125.872
14.811
1.861
8.111
0.206
0.117
1.868
8.868
7.917
20.589
24.984
4.669
6.472
7.914
57.987
0.841
16.754
15.244
0.882
0.560
6.115
12.993
16.677
9.266
14.256
2.311
1.521
8.758
2.376
6.437
5.833
16.195
33.064
62.727
1.905
3.747
5.153
20.361
9.222
4.025
11.460
17.947
8.047
7.381
3.728
3.520
9.871
9.685
22.680
12.815
1.198
8.051
20.486
14.325
0.742
4.092
10.109
18.718
17.680
21.303
16.612
16.605
14.135
9.903
11.997
11.663
19.411
2.137
0.000
0.000
0.000
0.000
0.000
0.082
7.169
4.755
35.082
2.606
3.989
15.664
51.064
2.014
2.582
15.307
19.660
0.003
6.327
2.415
4.134
5.610
7.534
10.850
6.363
4.958
0.082
4.609
5.519
0.522
4.281
6.460
10.695
0.423
7.751
7.931
0.117
0.000
0.455
0.069
0.000
0.000
0.055
2.647
0.439
0.134
8.895
4.530
4.397
11.060
1.087
0.000
0.000
0.000
10.169
0.000
0.148
0.007
0.000
0.685
3.023
0.000
0.000
4.922
1.585
4.273
1.940
0.484
2.132
7.467
2.977
5.898
0.089
2.415
0.106
0.905
0.287
1.481
0.000
0.000
0.000
0.000
0.000
0.000
0.000
0.000
0.000
0.000
0.000
0.000
3.012
1.032
0.000
0.000
0.000
0.000
0.000
0.000
0.000
0.000
0.000
0.000
0.000
0.000
0.000
0.000
0.000
0.000
0.000
0.000
0.000
0.000
0.000
0.000
0.000
0.000
0.000
0.000
0.000
0.000
0.000
0.000
0.000
0.937
0.276
0.000
1.988
7.249
0.376
0.000
0.000
0.000
0.000
0.000
0.000
0.000
0.000
0.000
0.000
0.000
4.638
11.831
4.131
0.000
1.114
1.720
0.000
0.232
0.000
0.000
0.000
0.000
0.000
0.000
0.000
0.000
0.000
0.000
0.000
0.000
0.766
0.000
0.000
0.000
0.378
0.381
0.000
0.021
1.191
0.972
1.696
0.000
0.000
0.000
0.000
0.021
0.048
0.000
0.000
0.594
11.220
19.744
0.000
0.000
0.000
0.000
0.179
0.000
0.106
0.027
2.038
4.525
0.007
0.000
0.000
0.000
0.000
0.000
0.000
0.059
0.027
0.000
0.007
0.000
0.247
4.508
1.767
10.030
0.027
0.003
0.000
0.522
2.024
1.097
0.707
0.930
2.626
2.085
0.000
2.772
0.316
0.000
0.000
0.000
0.000
0.000
0.062
0.707
0.378
9.087
72.305
0.937
0.000
2.798
15.554
2.273
7.256
4.908
2.661
0.776
3.857
11.489
14.392
6.899
2.523
10.586
0.201
4.881
20.713
2.189
2.905
4.395
1.085
2.024
3.723
0.299
0.000
0.000
0.000
2.273
11.506
4.307
6.686
8.049
23.648
12.073
3.592
2.510
7.579
2.886
8.308
36.082
1.045
3.456
2.465
4.371
10.797
10.913
16.620
3.361
7.740
6.327
4.736
2.359
6.782
31.546
0.017
6.188
6.971
0.324
7.852
21.671
10.765
4.786
10.803
4.474
11.752
4.023
1.329
11.409
4.537
2.499
1.294
1.081
0.958
6.956
0.000
15.480
20.496
28.207
2.795
0.000
11.319
6.297
1.710
1.560
6.170
46.637
0.474
0.010
0.000
0.010
0.823
5.098
2.731
0.598
4.268
18.888
5.850
10.054
0.129
1.390
9.412
4.008
11.924
31.532
29.402
2.022
3.727
8.904
17.394
16.828
7.944
10.051
14.275
4.925
12.562
15.060
8.580
11.350
18.757
13.539
8.940
3.883
4.712
1.893
2.271
21.463
0.551
5.403
8.173
7.148
5.249
5.685
12.373
10.562
12.962
18.962
0.611
0.000
0.446
3.557
9.651
0.917
2.414
2.372
5.253
2.057
1.665
2.781
7.653
12.837
12.902
11.704
5.943
0.048
0.000
7.941
4.666
4.384
2.304
5.019
4.297
2.081
0.821
2.853
0.875
0.000
0.000
5.043
4.714
0.360
0.076
0.000
0.000
0.000
6.763
1.353
2.894
2.235
1.634
10.004
0.996
0.000
0.000
0.000
0.000
0.000
0.000
0.000
0.000
2.874
14.121
5.545
3.117
2.372
1.105
0.000
0.000
0.000
0.000
0.000
0.000
0.000
0.000
0.000
1.423
1.334
0.000
0.506
0.000
0.000
0.000
0.000
0.000
0.000
0.000
0.000
0.000
0.000
0.000
0.000
0.000
0.000
0.000
0.000
0.000
0.000
0.000
0.000
0.000
0.000
0.000
0.000
0.000
0.000
0.000
0.000
0.000
0.000
0.000
0.000
0.000
0.000
0.000
0.000
0.451
0.024
0.156
0.000
0.000
0.000
0.000
0.000
0.000
0.000
0.000
0.000
0.000
0.000
0.000
0.000
0.000
0.000
0.000
2.063
0.000
0.000
0.000
0.000
0.000
0.000
0.000
0.000
0.000
0.000
0.000
0.738
0.000
0.000
0.000
0.000
0.000
0.000
0.000
0.000
0.000
0.000
0.000
0.000
0.000
0.000
0.000
0.000
0.000
0.000
0.007
1.658
0.060
0.000
0.000
0.738
0.000
0.000
0.000
0.000
0.000
0.000
0.065
0.000
0.000
0.000
0.000
0.000
0.000
0.000
0.000
0.652
2.479
24.038
0.000
0.000
0.000
0.000
0.000
0.000
0.000
0.000
0.000
0.000
0.000
0.177
0.000
0.000
0.000
0.094
0.463
9.371
0.667
3.286
0.027
0.117
0.000
25.148
16.452
0.331
3.107
3.861
4.008
18.898
9.349
20.477
5.725
8.144
0.072
4.765
4.403
0.014
6.029
6.219
0.024
8.332
8.616
3.589
14.905
5.066
0.024
0.000
6.503
0.000
0.000
0.000
0.154
0.987
8.399
7.950
16.835
8.851
3.516
2.841
4.060
3.880
3.823
24.463
4.257
0.616
5.751
27.461
5.057
3.071
14.729
3.907
2.426
4.367
12.456
1.679
0.118
0.000
0.000
3.133
3.069
0.784
8.794
0.240
0.000
0.000
1.298
10.652
9.862
6.932
92.604
12.104
3.153
0.058
5.768
3.049
0.810
15.590
0.206
11.759
5.337
21.193
5.160
10.712
13.316
9.146
9.793
7.206
7.299
9.124
20.898
21.004
6.259
9.774
21.379
15.764
21.626
21.489
15.436
9.222
8.844
13.417
1.890
1.385
1.514
4.079
8.398
8.765
2.424
10.636
38.335
12.785
6.321
11.251
0.529
4.786
11.136
17.817
1.758
13.935
58.859
21.638
14.883
10.667
17.516
8.700
18.567
13.529
5.308
20.980
2.166
2.321
9.711
5.449
11.021
1.203
2.175
0.453
0.898
0.038
0.017
6.836
6.808
15.777
7.747
2.597
0.680
1.221
3.516
12.468
17.147
6.415
0.738
8.420
11.186
2.501
9.572
9.780
4.573
0.936
3.100
12.665
42.167
5.117
8.291
4.707
2.843
6.496
12.775
7.594
4.721
7.788
20.282
9.613
13.551
22.508
4.329
23.483
14.183
0.227
0.000
0.000
0.000
0.000
4.782
5.418
3.371
5.304
8.882
11.951
8.926
10.772
10.412
9.980
10.722
3.612
12.899
3.931
6.094
7.270
0.279
8.430
6.515
9.120
2.468
6.511
0.798
3.550
7.435
2.151
0.000
0.000
0.051
0.000
3.100
1.033
11.373
2.117
2.252
4.079
2.767
5.540
0.065
0.000
0.000
0.033
1.844
0.014
0.141
0.000
0.007
0.000
2.297
0.251
0.000
0.000
0.000
0.000
0.821
0.000
0.211
7.792
10.444
1.203
0.000
2.767
4.724
1.528
4.324
0.000
8.762
0.900
2.431
0.000
0.000
0.209
1.315
1.303
0.000
0.000
0.000
0.000
0.000
0.000
0.000
0.000
0.000
0.027
2.894
0.240
0.017
0.000
0.000
0.000
0.000
0.000
0.000
0.000
0.000
0.000
0.000
0.000
0.000
0.000
0.000
0.000
0.000
0.000
0.000
0.000
0.518
0.220
0.000
0.000
0.000
0.000
0.000
0.000
0.000
0.000
0.000
0.000
0.000
0.000
0.000
0.000
0.000
0.000
0.000
0.000
0.000
0.000
0.000
0.000
0.062
0.014
0.000
0.000
0.000
0.000
0.000
0.000
0.000
0.000
0.007
0.000
0.000
0.000
0.000
0.076
4.985
0.000
0.496
3.379
0.000
0.000
0.642
0.000
0.000
0.000
0.000
1.555
1.324
0.132
0.000
1.279
0.000
0.000
0.000
0.000
0.000
0.000
0.000
0.134
0.000
0.000
0.000
0.000
0.000
0.000
0.007
0.000
0.000
0.010
0.045
0.067
0.000
0.724
0.000
0.000
0.000
0.000
0.000
2.733
21.677
0.000
0.000
0.010
0.075
1.124
4.993
1.281
0.000
0.270
7.221
0.306
0.000
0.000
0.000
0.443
0.000
0.000
0.000
1.080
0.000
1.799
11.586
9.713
0.010
14.258
9.858
5.149
2.563
6.702
17.197
0.111
0.718
0.824
5.534
0.055
0.000
0.165
86.122
6.245
3.619
16.203
6.973
6.403
11.000
14.687
4.522
12.428
9.541
3.698
0.415
7.198
13.668
5.346
2.084
0.154
0.000
2.032
6.664
0.000
0.000
0.498
0.120
0.058
1.748
0.000
0.051
0.000
0.000
0.309
0.000
0.220
13.074
6.422
3.622
5.236
7.206
8.633
10.729
1.847
2.602
3.950
1.119
0.323
6.382
77.354
0.611
12.123
4.360
6.008
6.049
3.076
6.039
2.081
19.133
1.040
9.139
5.093
7.430
10.640
8.837
3.862
7.977
26.072
17.187
0.213
12.978
135.949
3.450
1.967
19.463
10.283
0.153
11.415
16.504
0.213
6.787
16.747
9.737
14.832
0.772
0.302
0.003
0.776
15.041
1.830
8.461
7.096
9.134
9.551
4.810
3.674
8.679
4.594
1.439
0.457
3.550
11.587
12.995
0.783
0.089
6.314
12.451
2.891
0.546
13.705
13.894
4.233
4.419
0.374
11.967
7.354
0.918
11.934
11.944
9.138
8.897
13.469
6.856
10.753
9.019
4.910
11.897
1.365
1.940
0.843
5.988
2.316
7.208
19.734
1.054
0.949
15.580
1.203
1.978
3.407
6.469
10.434
1.864
6.121
5.073
9.482
5.885
5.852
2.819
5.521
11.577
8.425
4.772
4.861
0.000
2.299
2.383
2.971
2.036
0.048
1.593
6.908
0.000
2.956
6.588
0.443
0.000
0.000
0.000
0.000
0.000
0.000
0.000
1.737
0.982
0.000
0.000
0.000
0.000
0.000
0.000
1.607
0.000
4.738
0.982
0.000
0.000
0.000
0.000
0.000
0.000
0.000
0.000
0.000
2.554
0.010
1.126
0.127
0.000
0.000
0.000
0.000
0.000
0.000
0.000
0.000
0.000
0.000
0.000
0.000
1.214
7.301
3.313
0.000
0.000
0.000
0.000
0.000
2.905
1.476
1.519
0.000
0.000
0.000
0.000
0.000
0.000
0.000
0.000
0.000
0.000
4.856
4.267
0.000
0.000
0.000
0.000
0.000
0.000
0.000
0.000
0.000
0.000
0.000
0.000
0.081
0.000
0.000
0.000
0.069
0.107
0.000
0.000
0.000
0.000
0.000
0.000
0.007
0.000
0.000
0.000
0.000
0.000
0.000
0.000
0.000
0.000
0.000
0.000
0.000
0.000
0.000
0.000
0.000
0.000
0.000
0.024
0.000
0.000
0.000
0.556
0.000
0.000
0.000
0.000
0.000
0.000
0.000
0.000
0.000
0.000
0.000
0.000
0.000
0.000
0.031
0.000
0.000
0.000
0.000
0.000
0.000
0.000
0.000
0.000
0.000
0.574
0.000
2.688
0.000
0.687
0.042
0.000
0.000
0.000
0.075
0.000
0.000
0.000
0.000
0.163
0.031
1.201
3.184
0.000
0.172
0.000
0.000
0.000
0.000
0.000
0.000
0.000
0.115
0.007
0.000
0.104
1.893
5.986
0.000
0.000
0.000
0.000
0.000
0.000
0.000
0.141
0.252
0.000
0.000
0.000
0.010
6.707
0.000
4.087
0.106
0.000
0.000
0.000
0.000
1.995
0.767
0.000
0.000
0.000
0.041
0.000
0.000
0.000
0.580
0.264
0.000
0.000
0.000
2.262
0.000
0.000
1.449
1.003
0.000
0.000
0.000
0.055
4.822
0.031
0.017
0.000
0.000
0.058
2.451
1.075
8.099
23.318
0.000
1.517
0.000
0.076
6.999
7.100
0.043
5.733
7.404
24.999
3.057
1.792
3.971
6.112
6.827
16.701
30.417
6.860
23.437
10.257
3.840
1.181
9.461
5.143
19.935
5.962
9.301
16.848
7.361
0.912
0.204
2.807
2.894
0.975
0.447
5.794
8.865
0.825
8.643
1.735
7.763
3.609
2.228
2.855
17.784
0.372
2.240
4.698
0.666
13.807
22.058
8.266
2.275
16.359
21.353
0.407
5.938
14.921
26.649
7.685
25.605
44.962
7.069
4.978
1.801
4.161
13.232
21.780
15.535
3.529
0.000
0.158
8.132
5.692
12.519
6.787
18.842
17.329
11.378
15.989
4.177
12.087
9.359
6.863
27.054
47.183
3.735
5.038
2.798
10.712
8.966
16.107
6.314
1.214
2.961
6.068
6.909
15.757
0.000
11.039
2.905
4.499
4.288
0.000
0.422
0.851
0.000
0.000
0.179
0.000
0.014
5.737
12.344
11.742
4.758
0.031
0.342
0.000
5.495
0.364
4.307
0.994
0.934
2.913
0.000
0.000
0.000
0.120
2.929
6.202
24.017
1.016
47.852
1.617
0.280
0.000
4.137
0.118
2.759
1.457
3.660
1.092
2.690
0.000
0.168
1.502
0.448
6.619
1.794
1.505
0.000
0.441
4.202
0.014
0.000
0.010
0.000
1.365
5.049
0.000
0.000
0.000
0.000
0.000
0.000
0.000
0.000
0.527
1.998
0.000
0.000
0.000
0.000
0.000
0.000
0.000
0.000
0.000
0.000
0.000
0.000
0.000
0.000
0.000
0.000
0.330
0.106
0.000
0.000
0.000
0.000
0.000
0.000
0.000
0.000
0.000
0.000
2.036
0.000
0.000
0.000
0.000
0.000
0.000
0.000
0.000
0.021
0.385
1.390
0.000
0.000
0.000
0.000
0.000
0.000
0.000
0.000
0.000
0.000
0.000
0.000
0.000
0.000
0.000
0.000
0.000
2.432
0.066
0.268
0.000
0.000
0.000
0.000
0.000
0.000
0.000
0.230
0.000
0.000
0.024
0.096
0.270
0.110
0.134
0.000
0.000
0.340
0.115
0.815
0.000
0.000
0.175
0.627
4.894
0.470
0.918
0.594
1.735
3.038
0.003
0.000
0.000
0.000
0.160
0.182
0.000
0.000
0.141
0.062
0.000
0.000
1.691
1.360
0.024
25.818
9.158
0.000
0.000
0.000
0.000
0.462
0.300
0.057
1.312
0.208
0.903
0.000
0.000
0.089
0.711
1.986
1.821
0.734
0.031
1.305
0.000
0.061
5.373
0.184
3.521
0.000
0.690
6.528
4.422
5.397
4.240
5.667
7.096
0.000
2.060
1.981
3.004
0.721
0.000
13.105
1.943
0.570
0.000
3.720
17.413
0.299
18.890
16.749
7.804
2.455
0.000
0.000
4.008
6.236
0.518
4.951
3.322
11.659
13.208
117.336
4.662
0.549
14.840
6.540
0.429
6.072
8.471
12.810
15.297
9.567
9.400
10.707
9.432
19.907
11.479
11.630
6.218
3.959
10.137
16.212
11.232
13.886
1.040
1.509
0.000
1.287
1.808
4.050
16.615
3.311
4.776
6.611
3.125
1.864
0.434
0.151
16.761
6.769
11.311
0.312
0.709
0.000
0.017
0.000
0.000
9.876
5.680
3.307
0.007
0.010
1.734
5.299
1.624
8.128
4.612
6.142
10.433
6.240
0.821
1.433
12.444
12.317
2.175
0.077
5.993
17.400
2.573
6.515
9.898
20.007
59.288
24.064
17.094
12.735
12.341
12.597
4.008
4.503
5.614
3.996
1.694
0.336
0.946
10.850
7.569
3.747
0.000
7.715
5.291
4.565
3.689
9.859
10.712
4.712
1.861
8.104
3.923
8.405
9.178
3.260
15.000
23.301
14.629
1.265
8.653
16.838
16.994
5.689
6.672
11.192
0.175
21.444
9.218
3.250
15.271
1.701
2.545
7.150
10.222
3.129
1.483
0.821
8.078
3.825
9.369
6.671
5.606
10.695
5.500
5.486
5.442
11.694
15.439
4.017
2.719
7.292
0.172
11.985
9.733
3.056
7.414
2.949
5.449
3.358
10.234
8.806
6.980
0.731
7.086
1.198
3.145
0.000
0.910
5.663
4.463
5.675
0.031
0.975
0.172
0.051
0.000
4.463
16.248
5.754
0.069
0.000
0.000
3.474
4.738
6.046
1.531
3.392
0.065
0.000
0.000
0.000
0.000
0.000
5.952
4.642
13.882
1.578
1.033
2.674
1.054
0.000
0.862
0.086
3.519
0.076
4.552
0.233
0.000
0.165
0.000
0.000
0.000
0.000
0.000
2.269
0.000
0.000
0.000
0.000
0.000
0.000
0.000
0.000
0.000
0.031
0.000
0.000
0.000
0.000
0.187
0.031
0.000
5.373
0.000
0.000
0.000
0.454
0.000
0.290
0.000
0.000
0.000
0.000
0.139
1.184
0.000
0.000
0.000
0.000
0.000
4.525
0.082
0.000
0.191
0.000
0.000
0.000
0.000
0.000
0.000
0.000
0.000
0.000
0.000
0.000
0.000
0.000
0.000
0.000
0.000
0.041
0.000
0.000
0.000
0.000
0.000
0.058
1.662
3.474
0.000
0.000
0.000
0.000
0.000
0.687
0.374
2.336
0.072
1.020
0.000
0.000
0.000
0.000
0.000
0.000
0.000
0.424
5.074
0.000
0.000
0.000
0.505
0.129
3.243
1.943
7.919
0.024
0.000
0.000
0.000
0.000
0.000
0.000
0.031
0.168
1.025
2.621
8.542
1.475
0.373
8.949
0.000
0.127
0.479
3.047
0.034
7.101
0.031
1.080
0.117
3.258
1.404
2.573
2.716
0.021
15.902
4.515
0.192
0.409
8.235
0.304
8.722
0.134
0.766
3.768
10.804
2.189
7.793
17.697
10.111
2.685
0.021
3.263
0.783
0.000
0.000
0.000
3.809
11.810
6.650
28.328
1.493
3.794
0.000
2.180
0.000
0.000
16.112
11.165
54.200
0.000
23.404
0.007
0.000
0.108
5.213
3.392
0.419
6.475
1.281
3.454
5.277
0.632
6.834
7.550
0.124
0.079
0.539
11.700
22.625
5.970
3.083
18.109
6.915
15.432
149.812
6.777
15.680
10.482
3.667
13.826
15.872
2.656
9.477
15.453
15.051
2.427
0.393
4.116
3.989
0.021
3.653
0.079
0.000
1.039
0.000
2.340
0.000
0.711
2.568
0.000
12.600
13.317
0.120
0.000
1.875
1.315
5.102
0.323
5.425
0.879
1.576
2.987
15.192
28.008
0.156
4.171
1.157
11.331
9.675
13.685
18.122
16.864
6.022
6.224
0.000
6.836
8.492
9.180
22.831
1.708
12.404
0.966
11.757
21.331
9.932
12.160
23.178
9.596
1.085
5.424
11.244
22.264
0.196
0.460
12.006
9.586
10.337
14.083
18.430
7.629
2.194
6.818
6.829
19.387
14.567
10.234
10.217
7.423
7.143
6.056
4.326
8.569
19.308
6.774
17.132
8.463
12.397
4.237
13.754
11.388
0.694
0.000
0.000
4.525
6.959
3.238
7.570
2.297
2.812
12.715
1.796
15.520
13.345
16.500
48.005
1.517
1.857
4.386
1.960
3.176
0.227
0.000
0.000
0.000
0.021
1.078
1.390
13.328
43.684
0.776
0.639
0.807
2.173
3.560
3.735
3.735
3.361
6.582
11.381
7.951
3.160
3.777
0.098
2.674
6.461
0.000
0.000
1.063
3.699
1.069
0.393
2.462
0.728
0.000
0.319
0.000
0.000
0.000
0.000
0.000
4.829
0.000
0.058
0.117
12.737
10.791
7.960
1.083
1.191
6.025
3.145
1.466
0.223
4.195
0.398
0.051
0.000
0.268
1.257
0.000
0.000
0.000
0.000
0.000
0.000
0.000
0.000
0.000
0.000
0.007
0.360
0.000
0.457
1.208
0.000
0.000
2.189
0.000
0.000
0.000
0.000
0.000
0.000
0.000
0.000
0.000
0.000
0.000
0.000
0.058
0.000
0.000
0.000
0.000
0.000
0.000
0.000
0.000
0.000
0.515
0.000
0.000
0.000
0.000
0.000
0.000
0.000
0.000
0.000
0.000
0.000
0.000
0.000
0.000
0.000
0.742
1.373
10.773
0.783
4.257
0.247
0.000
0.000
0.000
0.000
0.000
0.000
0.000
0.000
0.000
0.000
0.000
0.000
17.611
6.827
1.459
0.000
0.000
0.000
0.000
0.000
0.000
0.000
0.000
0.000
0.000
0.000
0.000
0.000
0.000
2.110
2.311
0.000
0.000
0.000
0.000
0.000
0.000
0.000
0.027
0.000
2.594
2.455
6.688
0.021
0.031
0.064
0.439
14.797
0.603
31.924
3.162
1.909
0.460
7.455
1.957
13.654
12.964
4.848
0.752
1.473
0.000
8.679
0.536
0.000
0.000
0.000
0.000
0.000
0.000
0.000
0.000
0.000
0.007
0.000
0.000
0.000
2.273
11.826
84.310
0.000
6.513
24.762
10.275
38.565
0.275
0.000
6.853
10.815
1.329
0.079
0.000
2.929
4.448
5.217
13.184
28.761
13.709
7.075
0.264
1.284
5.608
13.258
0.000
0.604
10.768
0.750
7.361
9.127
0.357
4.650
6.772
5.133
8.550
1.260
5.740
1.763
3.722
13.136
0.000
0.975
6.432
3.450
5.364
23.828
4.853
4.705
1.274
6.769
11.876
1.480
10.555
0.112
0.000
0.000
0.000
0.731
3.083
0.335
0.000
0.000
5.182
9.297
11.561
5.634
11.410
13.460
6.564
11.208
3.243
6.503
2.063
6.818
13.167
7.864
21.494
7.799
5.809
10.097
37.354
0.072
2.673
3.753
10.286
2.275
11.419
12.542
0.702
0.860
4.200
4.576
0.000
0.278
9.132
3.931
4.734
2.125
2.147
7.327
3.907
9.884
13.939
10.077
2.038
11.124
0.769
0.000
2.163
5.517
4.539
24.352
6.008
10.530
29.747
11.240
0.766
0.251
0.000
0.000
0.000
5.126
10.827
1.753
5.713
9.398
5.485
0.189
8.918
12.260
14.581
5.627
0.403
10.579
4.252
1.171
0.403
17.014
12.761
5.289
7.335
13.985
1.866
0.813
5.375
10.018
14.480
12.769
9.946
4.718
11.903
18.999
0.539
1.145
14.548
2.596
8.073
4.944
10.773
13.778
25.220
1.746
9.673
11.097
13.531
3.558
1.512
9.033
6.103
13.048
10.579
1.217
10.473
0.585
10.245
1.253
10.204
13.304
13.954
11.941
34.957
0.209
3.937
3.526
4.472
5.457
12.291
0.996
5.407
10.427
2.853
0.385
0.415
0.110
0.158
0.000
0.000
0.000
0.000
13.736
0.930
0.017
0.000
0.000
0.130
0.093
0.000
1.325
0.000
0.680
8.027
17.523
0.450
0.041
0.034
0.000
4.127
3.533
0.000
0.103
0.000
0.000
3.433
5.503
0.633
4.504
1.526
0.000
5.390
0.000
0.000
0.000
0.000
0.000
0.000
0.000
0.000
0.017
0.158
0.000
0.517
0.000
0.000
0.000
0.000
0.000
0.000
0.084
1.739
0.000
0.000
0.000
0.000
0.000
0.000
0.000
0.000
38.440
0.000
0.000
0.760
4.937
0.108
7.555
0.000
0.000
0.000
0.000
0.000
0.000
0.000
0.566
0.000
0.000
0.000
0.000
0.000
0.000
0.000
0.000
0.000
0.000
0.000
2.630
0.230
0.000
0.000
0.000
0.000
0.000
0.000
0.120
0.000
0.125
0.003
0.118
0.096
0.000
4.685
0.113
0.034
0.000
0.000
0.062
0.000
0.036
8.703
0.556
0.000
0.115
0.000
0.413
0.000
0.623
0.100
0.021
0.505
0.089
0.000
0.000
0.000
0.000
0.000
0.000
0.321
0.062
0.000
0.003
0.655
0.000
0.000
0.000
0.700
0.000
0.000
0.000
0.000
0.000
18.823
14.627
0.000
12.274
3.153
2.293
0.000
0.000
0.014
3.722
15.256
11.900
14.317
2.516
4.904
6.223
0.000
0.003
0.000
0.153
1.476
1.951
0.322
0.000
0.017
0.000
0.000
6.178
49.587
0.000
2.493
12.522
3.095
8.319
3.468
3.893
6.547
28.465
0.493
0.000
0.000
0.000
3.119
8.562
14.520
28.470
11.147
3.917
13.589
13.817
8.986
40.028
7.133
0.558
0.783
8.401
8.085
1.166
0.216
0.000
0.115
11.164
7.896
8.997
13.160
8.288
11.053
0.101
2.983
0.000
5.201
7.616
8.391
7.175
9.211
8.479
11.209
1.361
1.011
2.262
21.058
18.841
8.866
9.869
5.416
15.970
14.210
16.143
4.707
6.824
6.903
6.679
1.924
12.859
15.264
4.683
0.915
1.233
5.109
2.166
1.717
1.844
0.000
3.711
11.359
10.574
4.594
0.014
5.026
13.942
0.563
0.000
0.439
4.564
0.000
2.304
0.000
0.446
17.800
1.497
0.089
13.194
3.876
25.239
36.663
7.381
0.014
0.000
0.934
6.111
1.899
10.147
89.878
9.668
2.705
25.196
29.419
14.591
13.728
18.055
17.509
1.694
2.647
10.289
14.941
5.536
10.131
6.679
4.611
9.829
2.238
19.497
17.671
16.607
15.110
0.415
5.727
15.772
6.808
2.925
0.869
6.461
12.136
7.697
2.307
13.760
15.326
15.168
2.386
3.148
13.008
0.371
11.728
5.064
14.553
26.848
1.528
2.951
15.295
9.095
6.908
19.284
9.531
8.956
4.908
6.039
57.278
1.530
4.324
4.113
3.921
4.334
1.004
0.817
8.791
0.000
0.034
2.158
0.148
1.411
6.604
9.592
9.285
11.972
6.187
4.602
14.301
11.246
11.876
0.120
0.000
0.275
0.306
0.000
0.000
0.000
2.022
4.793
1.490
8.952
2.287
0.276
1.202
0.975
1.073
0.000
0.000
5.807
0.000
0.003
0.027
0.659
3.096
3.704
4.571
1.004
0.247
5.803
10.697
1.348
2.116
1.864
6.164
9.534
0.000
0.000
2.987
0.953
0.000
0.000
0.000
0.000
0.000
0.000
2.802
0.000
0.000
0.203
0.000
0.000
0.000
0.000
0.000
2.105
4.534
0.000
0.000
0.000
0.000
0.000
0.163
7.763
4.031
0.000
0.000
0.141
0.031
0.000
0.058
0.007
0.000
0.000
0.000
0.000
0.000
0.000
0.000
0.000
0.151
0.000
4.865
0.227
0.062
0.000
0.000
0.000
0.000
0.000
0.000
0.000
0.000
0.000
0.000
0.000
0.000
0.000
0.000
0.000
0.000
0.000
0.000
0.000
0.000
0.000
0.000
0.000
0.000
0.000
0.000
0.000
0.000
0.000
0.453
1.761
2.067
0.529
0.000
0.233
0.000
0.000
0.000
0.000
0.000
0.000
0.230
0.027
0.299
0.000
0.000
0.000
0.000
0.000
1.293
0.158
0.022
0.036
0.000
0.000
0.000
0.000
0.017
0.000
0.000
0.000
0.000
0.000
0.000
0.000
0.000
0.024
0.553
0.225
0.024
0.000
0.000
0.182
0.182
2.402
0.000
0.027
0.000
0.470
0.000
0.055
0.089
0.302
0.173
0.007
0.172
0.021
12.408
0.800
6.417
4.559
4.125
0.687
0.000
0.000
0.282
3.303
6.918
6.884
18.388
0.034
0.014
5.849
3.128
0.000
0.000
1.198
1.040
0.043
4.542
9.077
11.381
0.652
7.327
27.445
11.948
2.446
2.512
0.048
1.265
13.501
24.815
7.593
6.626
1.098
10.274
10.499
5.004
5.933
13.050
5.741
0.789
0.000
4.136
51.004
34.950
18.224
6.695
8.933
2.444
0.488
8.751
6.195
0.031
0.148
0.000
2.468
2.458
0.721
3.035
7.780
8.387
7.610
20.462
14.145
2.285
2.403
6.441
13.716
6.734
1.838
0.872
6.461
4.801
1.057
0.120
3.231
8.386
8.775
16.689
4.508
0.752
5.449
0.069
6.379
10.464
13.671
25.451
6.688
102.746
10.622
10.214
1.981
1.349
7.011
17.225
10.001
11.810
16.589
10.770
11.937
12.160
8.175
14.797
14.447
6.842
14.424
5.810
17.785
11.991
11.887
21.212
2.343
12.156
5.376
15.117
24.150
7.781
6.671
14.293
32.832
4.666
0.392
13.329
20.579
19.719
10.992
0.688
1.216
4.116
22.124
10.272
15.983
56.877
15.401
11.712
4.364
16.668
2.602
0.089
5.002
7.227
2.345
6.777
13.867
0.288
3.835
7.841
10.899
14.996
3.890
24.764
4.693
2.223
18.697
12.768
14.732
0.175
5.462
16.871
60.164
9.792
30.209
2.396
7.388
7.464
10.984
16.131
14.117
8.401
1.071
11.575
6.218
7.495
1.993
9.560
5.205
1.827
6.024
12.464
45.688
19.003
0.000
0.045
0.000
3.766
2.671
3.763
0.215
7.251
2.149
0.014
0.000
0.889
2.362
0.007
0.000
0.000
0.000
0.000
0.000
0.000
0.000
0.000
0.000
0.000
0.000
0.000
0.000
0.000
0.000
0.000
0.192
0.397
8.966
5.823
0.318
0.261
0.197
0.000
0.000
0.000
1.030
0.053
0.882
0.608
1.562
0.251
0.000
0.000
2.709
4.470
3.512
0.676
0.000
0.010
4.722
3.876
0.245
0.079
0.000
0.000
0.161
0.000
0.000
0.000
4.999
0.000
0.158
0.000
0.000
0.000
0.000
0.000
0.000
0.000
0.000
0.000
0.000
0.000
0.000
0.000
0.000
0.000
0.000
0.000
0.000
0.000
0.000
4.035
0.168
0.000
0.000
0.000
0.000
0.000
0.000
0.000
0.000
0.017
4.098
0.000
0.000
0.003
0.000
0.000
0.000
0.000
0.000
0.000
0.000
0.000
0.196
0.000
0.000
0.000
0.000
0.000
0.000
0.000
0.000
0.165
0.000
2.777
0.304
0.000
0.028
0.000
0.000
0.000
0.000
0.000
0.000
0.208
4.383
1.988
0.000
4.189
9.476
0.000
0.000
0.000
0.000
0.000
0.000
0.000
0.124
10.637
0.742
0.000
0.000
1.027
0.000
0.000
0.393
4.486
1.009
0.000
2.872
0.288
3.545
7.639
0.000
0.000
0.000
0.051
1.073
0.000
0.175
3.044
0.390
4.729
4.463
3.744
0.273
0.618
4.455
0.076
12.082
22.589
11.731
23.054
0.434
18.260
3.262
6.063
11.084
9.513
15.639
2.565
0.000
1.514
0.213
1.095
4.054
0.010
10.837
0.843
7.060
3.933
28.381
7.738
37.996
0.681
7.442
18.764
25.373
0.759
12.392
6.418
0.021
0.000
0.000
0.000
0.000
17.276
0.072
0.118
6.655
0.065
3.105
9.907
14.763
16.273
18.190
13.862
12.223
4.241
10.080
13.057
4.398
11.350
16.352
13.700
4.910
4.601
3.543
8.583
11.759
10.351
12.679
6.619
3.567
53.654
2.002
21.592
2.802
7.251
13.216
13.448
2.874
5.833
9.307
0.045
3.310
4.563
77.522
0.659
16.054
13.994
5.042
12.718
0.433
1.263
1.885
0.815
0.199
1.090
1.783
15.215
12.936
4.352
5.754
17.717
14.387
14.622
19.382
2.706
14.165
5.505
3.571
5.788
6.944
3.152
12.042
7.045
5.545
0.057
19.043
0.048
0.000
3.668
1.831
14.466
3.905
2.793
0.000
0.000
12.560
8.684
10.150
42.943
1.296
4.225
14.361
8.741
3.705
11.663
0.987
14.919
55.584
7.163
1.616
15.432
27.885
16.890
18.831
2.961
5.884
13.227
17.611
20.520
12.262
20.170
13.211
50.829
9.356
20.074
11.443
6.073
18.198
19.772
26.553
2.020
14.298
20.306
41.540
35.675
0.051
4.546
9.179
13.984
5.969
5.873
14.165
18.242
24.937
13.184
3.737
12.852
11.984
6.497
1.971
7.524
10.776
7.382
8.847
18.722
38.832
0.555
5.804
5.008
6.588
1.240
11.842
5.188
0.482
4.440
0.907
5.952
7.837
7.542
9.513
7.051
8.178
7.643
15.821
0.253
0.000
0.000
2.036
2.719
11.834
9.194
0.851
2.496
3.969
9.417
13.165
0.000
0.000
0.000
0.000
0.220
0.000
2.726
4.525
1.744
13.235
2.142
0.189
3.849
8.724
46.469
0.000
0.000
0.000
0.000
0.027
0.189
0.000
0.000
0.000
3.797
0.613
0.000
0.000
0.000
0.000
0.000
0.113
0.000
0.000
0.192
0.494
0.333
0.000
0.000
3.680
0.000
0.000
0.000
0.000
0.000
0.000
0.000
0.000
0.000
0.000
0.000
0.000
0.000
0.000
0.000
0.000
3.291
1.230
0.000
0.000
0.000
0.038
0.858
0.000
0.000
0.000
0.051
10.149
3.304
0.000
0.824
0.000
0.038
0.000
0.857
0.124
1.480
1.336
0.000
0.000
0.000
0.000
0.000
0.000
0.079
0.000
0.000
0.000
0.000
0.000
0.000
0.000
0.000
0.120
0.000
0.000
0.000
0.000
0.000
0.000
0.000
0.000
0.000
0.000
0.000
0.000
0.000
0.000
0.017
13.223
0.294
4.017
0.445
0.000
0.000
0.000
0.000
0.003
1.689
4.587
1.212
0.264
0.752
0.089
0.000
0.694
0.542
0.324
0.148
0.070
0.017
0.175
3.686
0.330
1.140
0.118
0.000
0.336
0.000
0.000
0.000
0.000
0.400
0.000
0.913
0.000
0.024
0.271
0.295
0.694
4.449
3.159
5.050
0.216
15.518
0.000
11.278
6.001
51.159
10.787
8.302
13.173
3.468
0.312
4.669
1.466
17.949
1.593
0.096
12.590
11.374
56.259
5.950
6.025
0.000
0.000
22.740
5.165
19.362
0.908
13.360
10.854
7.896
6.969
6.611
4.583
1.087
1.742
8.952
23.344
0.912
3.622
0.121
0.874
7.430
14.741
30.271
0.166
10.028
6.360
4.252
8.590
3.376
11.727
4.568
11.048
8.605
9.653
12.488
11.876
6.218
5.071
0.045
12.624
20.311
17.321
2.202
8.130
12.092
12.742
27.660
35.342
2.139
10.950
1.336
0.280
6.097
5.179
8.787
8.651
8.803
15.401
7.465
14.054
13.601
4.621
9.472
25.169
4.752
6.846
6.940
10.403
2.870
6.115
4.968
7.127
10.818
19.295
15.666
17.901
82.140
8.459
15.851
12.051
33.802
13.882
1.940
8.753
9.404
23.964
2.043
11.745
0.872
16.613
25.130
40.619
5.864
9.934
8.629
12.022
5.393
5.714
11.943
11.449
0.368
10.218
22.606
15.715
12.437
7.539
25.796
17.005
9.597
16.346
14.927
23.552
11.851
30.368
4.225
14.243
57.611
1.000
5.045
1.030
10.260
43.017
3.003
8.988
17.786
17.891
10.923
3.591
13.027
15.614
24.013
21.532
12.689
23.291
4.503
1.327
0.373
3.728
8.272
24.009
34.417
9.486
13.484
87.872
7.862
18.337
15.262
12.693
23.976
10.018
4.778
14.241
20.568
26.243
125.979
8.935
0.201
1.490
0.010
6.638
5.291
6.273
40.148
0.599
2.843
9.308
1.998
8.480
0.501
0.069
0.220
6.444
1.299
13.913
8.983
6.333
9.927
5.352
14.885
10.598
6.761
7.519
5.014
1.081
0.505
0.000
0.000
0.000
0.000
0.000
10.377
9.756
4.552
11.666
1.945
2.287
0.271
0.103
0.000
0.014
7.642
2.729
4.676
5.380
3.866
0.247
3.890
2.898
3.656
8.645
5.771
5.449
23.013
1.167
0.000
0.000
0.000
0.000
0.000
0.000
0.000
0.000
0.010
3.931
1.027
2.328
3.591
5.194
0.690
3.680
0.000
0.000
0.000
0.000
2.956
2.791
0.000
0.000
0.000
0.000
0.000
0.000
0.000
0.000
0.000
0.000
0.000
0.000
0.000
0.000
0.316
0.000
1.669
0.017
0.000
0.000
0.000
0.000
0.000
0.000
0.000
0.000
0.000
0.000
0.000
3.830
0.086
2.036
2.521
0.055
0.000
0.000
0.000
4.108
0.548
8.214
0.203
0.151
3.407
2.084
2.590
0.048
4.927
4.396
0.000
0.000
4.995
0.189
0.000
0.000
0.000
0.000
0.000
0.000
0.381
1.461
0.306
0.000
0.000
0.069
0.000
0.000
0.000
5.043
0.000
0.000
0.000
0.000
0.096
3.632
23.875
54.829
3.498
0.000
0.000
0.721
0.062
0.000
0.481
0.069
0.021
0.007
0.000
0.000
0.000
4.268
25.087
0.168
0.000
0.000
0.391
3.464
0.000
0.247
0.082
3.107
0.000
0.000
0.000
0.000
15.843
11.194
2.309
0.000
0.000
0.000
2.535
0.333
7.395
0.056
0.774
3.177
0.429
3.900
18.249
8.506
10.319
5.627
2.652
13.069
1.744
24.346
21.803
3.898
6.990
4.027
6.210
8.676
10.030
20.090
10.183
0.185
2.269
17.043
6.084
0.256
0.587
1.597
9.070
9.591
12.974
1.542
10.310
4.501
0.668
1.892
1.262
0.973
6.823
13.851
6.041
9.278
15.244
19.963
15.335
8.315
13.240
61.378
19.822
35.682
4.360
1.583
0.733
2.352
3.548
12.301
5.984
18.241
19.353
1.445
27.610
7.622
2.057
7.965
6.327
3.577
4.655
0.591
10.283
13.300
14.787
12.167
10.485
7.191
8.611
7.220
12.548
15.786
4.980
16.220
21.501
21.065
2.620
0.219
8.081
10.389
17.072
32.708
25.571
12.420
9.428
3.377
7.244
7.790
5.972
8.047
8.466
3.565
5.574
3.880
3.023
1.679
14.028
7.018
26.022
3.998
16.390
3.073
18.679
29.062
19.497
15.278
5.050
6.678
9.630
5.515
8.959
17.698
16.298
16.433
1.390
3.426
0.275
10.255
6.156
12.840
7.711
1.040
12.626
6.932
5.957
4.127
10.561
16.850
3.900
20.730
27.504
31.211
12.669
12.303
38.116
11.553
2.678
10.155
12.215
12.342
8.875
19.010
7.632
70.556
3.196
6.386
33.810
15.371
50.228
75.277
5.030
19.545
30.058
2.190
8.690
20.029
12.861
31.498
44.174
18.553
19.731
0.034
11.113
10.022
1.548
4.580
8.429
5.637
30.935
43.118
18.176
3.691
2.266
4.316
3.476
9.115
8.315
17.654
2.599
13.125
18.656
17.678
44.762
9.095
0.970
8.192
12.823
9.208
8.319
1.449
8.411
11.338
3.351
5.960
1.517
1.857
2.249
10.755
9.846
0.570
0.000
3.883
9.567
3.402
3.200
4.913
12.421
2.159
1.926
5.974
7.436
6.633
0.041
4.700
9.187
1.299
0.450
10.870
6.784
0.839
2.544
3.059
1.147
1.936
0.751
0.000
0.000
0.000
0.036
0.000
0.000
3.971
7.668
6.312
0.635
0.000
0.000
0.360
3.419
4.472
2.804
0.007
1.487
0.443
2.166
7.388
5.288
7.363
0.045
0.127
0.000
0.000
2.232
1.974
2.553
5.625
6.712
5.360
4.144
1.941
0.000
2.434
0.000
1.097
4.334
0.000
0.170
0.038
0.000
0.000
0.000
0.000
0.000
0.352
5.488
1.452
6.341
0.180
0.000
3.159
0.000
0.120
0.051
0.003
0.000
4.388
0.702
0.000
0.000
0.000
0.000
0.000
0.151
1.166
0.000
0.000
0.000
0.000
0.000
0.000
0.000
0.525
0.112
2.044
9.146
0.017
0.000
0.000
4.082
5.792
0.676
0.000
0.000
0.000
0.248
0.704
0.989
2.843
0.000
0.680
0.000
0.000
0.000
0.000
13.050
0.089
0.000
0.000
0.000
1.047
0.230
3.093
3.780
0.711
3.341
17.688
12.535
6.762
5.067
0.079
0.000
0.000
14.605
23.082
0.213
0.000
0.100
0.000
2.317
1.603
5.988
13.053
8.099
0.158
8.671
0.000
0.233
41.889
151.835
81.414
3.522
20.596
13.661
1.830
0.000
7.371
10.803
15.738
13.142
9.201
3.783
8.762
11.330
1.754
0.000
0.000
4.223
1.651
11.432
9.701
84.107
45.540
8.187
13.045
13.408
0.034
2.029
14.989
7.107
0.053
5.397
5.926
6.674
8.338
6.054
8.986
12.700
17.808
13.930
2.881
0.270
14.826
3.037
19.887
2.352
1.567
13.359
12.974
6.097
11.086
11.628
3.768
11.646
27.868
3.861
8.226
2.008
8.023
24.036
1.852
5.751
2.530
23.463
11.536
10.183
0.930
4.728
5.938
12.621
24.589
13.019
11.033
7.797
5.912
10.787
2.352
0.000
1.596
3.481
9.637
0.228
10.104
0.982
1.679
9.943
13.268
15.831
11.414
21.590
2.220
7.072
13.302
29.910
4.341
19.422
12.796
20.862
7.852
16.249
13.094
8.717
22.718
16.545
8.212
8.185
50.671
9.665
9.654
19.362
14.274
9.974
5.702
18.133
6.236
12.910
9.304
13.700
9.132
15.288
6.293
12.909
6.952
15.759
8.080
12.919
2.772
4.393
2.278
21.531
14.272
11.374
42.385
15.360
11.028
11.177
3.193
5.129
0.838
15.075
11.058
10.573
12.803
5.387
4.477
9.414
15.345
15.000
27.929
19.041
26.783
11.759
18.004
16.641
13.544
11.584
14.880
14.598
0.731
7.951
15.700
12.626
3.018
8.542
3.674
11.833
12.868
5.929
10.258
17.118
9.833
13.099
6.321
0.235
0.000
0.000
0.000
0.000
0.000
0.000
5.831
11.595
9.079
0.017
5.193
6.164
6.154
6.176
6.657
7.694
1.923
5.121
6.420
6.782
10.583
10.042
5.897
2.024
0.000
0.000
5.074
25.880
11.422
5.603
0.206
6.681
6.815
0.000
0.000
0.000
0.000
0.000
0.000
0.000
0.000
7.867
4.261
1.734
0.000
0.000
0.021
0.793
13.894
4.594
2.956
0.247
0.000
3.433
2.795
0.038
7.709
0.038
0.065
8.367
0.117
0.000
0.000
0.000
0.000
0.000
0.000
0.000
0.000
0.000
0.772
0.000
0.263
6.303
1.713
0.000
0.144
0.000
0.000
0.000
0.000
0.000
0.000
0.000
0.000
0.000
0.000
0.000
0.000
0.000
2.355
0.283
0.278
0.017
0.000
0.000
0.000
0.180
0.182
0.051
0.690
0.355
0.184
0.000
0.000
0.000
0.000
1.044
0.000
0.051
0.000
0.000
0.000
0.000
0.000
0.000
0.000
0.000
0.021
0.000
0.000
0.000
0.000
0.000
0.000
0.000
0.000
0.000
0.000
0.000
0.000
0.000
0.000
0.000
0.000
0.000
0.000
0.000
0.000
0.000
0.000
0.000
0.000
1.672
0.000
4.278
0.659
6.945
8.842
0.017
7.241
0.254
0.000
0.000
0.000
0.000
0.000
0.000
0.972
0.000
5.153
14.018
0.082
0.014
0.992
0.055
0.007
0.000
0.151
0.000
0.306
0.000
0.134
0.000
0.000
0.000
0.515
0.000
4.784
10.906
0.132
0.000
2.755
0.027
0.827
0.443
0.736
4.885
0.121
1.369
0.264
8.751
5.098
1.914
21.701
0.748
0.930
0.939
0.735
11.942
3.349
21.813
17.825
0.065
4.417
13.601
8.398
27.976
3.880
0.000
0.000
0.041
11.783
14.512
4.831
0.513
11.251
22.289
10.602
0.312
0.000
0.364
13.733
13.263
13.527
0.390
1.152
2.930
1.778
11.999
9.495
9.373
23.619
1.020
3.076
16.953
21.413
35.112
10.839
25.698
41.295
6.798
0.433
0.278
0.000
3.746
13.534
2.420
1.387
9.229
5.812
10.986
2.003
0.117
0.000
5.795
19.195
20.987
11.673
10.140
9.335
16.504
9.805
9.788
4.576
4.364
14.711
14.965
3.804
4.508
11.251
6.621
8.344
12.209
11.522
11.124
7.635
10.626
16.658
8.327
6.037
1.624
7.692
10.842
16.558
11.179
12.876
8.288
6.580
10.566
10.418
2.506
2.729
2.235
12.195
15.446
8.492
88.318
40.308
6.583
3.553
12.542
0.843
7.447
7.265
8.521
17.715
16.881
6.101
0.553
10.415
47.634
3.325
14.680
27.559
1.535
9.048
8.871
9.201
4.072
1.202
3.835
1.863
11.216
18.515
35.922
0.704
3.890
0.956
4.683
9.744
10.997
6.980
20.211
0.273
4.542
3.104
12.499
0.628
10.949
25.907
23.652
14.868
11.125
2.613
1.519
15.377
10.593
12.451
11.522
18.385
17.999
13.175
20.984
7.593
8.384
0.625
1.155
14.226
0.477
0.683
5.316
17.501
18.929
10.468
4.817
20.538
28.456
4.453
10.214
9.012
8.509
5.179
19.482
8.350
11.213
15.817
6.183
0.014
4.425
11.857
10.149
16.183
7.598
12.813
0.639
4.786
5.780
6.341
21.684
3.907
0.251
0.000
0.000
0.000
1.039
2.139
5.203
1.121
0.058
1.167
9.029
6.599
0.000
0.003
0.000
0.000
0.014
2.736
10.351
11.065
1.130
0.271
0.910
2.832
0.096
0.000
0.000
0.000
0.000
0.000
0.000
2.177
8.968
0.961
0.060
0.055
0.027
0.003
0.439
3.826
0.076
0.000
0.000
0.000
0.003
2.396
9.225
0.021
0.027
0.000
0.000
0.014
0.000
1.976
0.002
0.000
0.000
0.000
1.198
1.572
8.600
1.682
0.024
0.000
0.000
0.000
0.000
0.000
0.000
0.000
0.002
0.002
0.062
0.000
0.002
2.771
4.062
0.251
0.000
0.000
2.359
0.127
0.000
0.000
0.000
0.000
0.000
0.000
7.155
8.755
13.101
2.249
1.929
0.287
0.000
0.000
0.000
1.205
0.021
0.000
0.000
0.000
0.000
2.836
0.175
0.014
0.515
0.003
0.000
12.430
0.100
0.000
0.000
0.000
0.000
0.000
0.000
0.000
4.662
0.100
19.063
3.691
0.000
0.000
0.003
0.000
4.031
0.651
12.796
4.954
15.103
9.754
0.254
0.958
4.635
0.199
1.861
8.470
22.941
12.418
4.916
2.551
9.146
3.478
10.440
0.000
0.079
2.877
2.977
3.220
10.997
5.948
21.574
2.973
4.910
28.278
18.684
28.843
1.682
5.821
0.730
0.141
8.102
15.209
6.688
4.223
4.183
3.344
11.728
18.100
5.682
0.779
0.106
3.888
13.115
13.977
15.010
3.799
14.540
11.240
1.294
5.795
0.007
0.002
9.019
11.829
15.389
20.105
7.381
0.003
0.180
4.556
12.428
25.282
2.891
9.666
11.546
16.941
18.263
31.371
34.016
13.019
9.687
6.290
13.187
1.921
5.287
1.025
12.820
1.099
4.755
7.242
20.397
7.028
16.778
4.340
2.254
7.799
16.116
2.723
25.548
4.178
5.816
19.736
27.370
7.495
1.196
1.517
5.102
0.821
2.862
4.001
4.915
1.971
0.000
0.108
7.278
5.315
4.436
2.922
14.361
21.973
17.880
2.970
20.644
15.319
4.803
15.408
28.245
23.030
19.211
3.703
8.185
1.095
8.566
7.313
7.704
0.270
7.527
6.041
4.031
8.278
9.201
1.552
7.435
11.185
3.394
22.165
33.223
17.073
17.146
1.363
13.613
1.583
11.481
14.989
21.981
17.067
27.030
28.836
11.934
2.803
3.196
10.600
2.803
20.016
7.800
0.604
57.757
27.344
15.244
5.976
0.810
1.219
5.013
8.949
2.470
3.562
0.469
19.760
72.874
4.147
10.437
14.468
17.509
12.245
16.428
12.557
20.084
12.687
13.247
11.747
9.247
13.410
2.942
1.775
3.924
12.631
11.222
1.804
8.871
6.362
16.418
10.262
5.792
8.700
33.237
40.982
1.488
11.141
6.437
1.006
0.800
6.197
13.170
21.554
18.260
3.461
3.028
1.051
11.470
19.858
14.411
13.345
35.863
2.666
20.127
15.329
10.107
18.551
74.415
8.569
7.450
1.160
0.000
2.335
0.613
10.365
0.541
2.129
2.379
3.433
2.846
15.065
0.182
0.000
0.000
3.577
3.366
0.000
0.000
0.000
0.000
0.002
2.997
13.410
7.505
9.874
8.916
2.029
3.316
4.295
9.074
6.029
6.053
31.237
7.344
5.442
12.655
2.111
2.918
4.063
1.820
0.240
9.678
4.395
1.595
0.000
4.731
5.897
8.655
17.805
0.055
0.000
0.000
0.000
0.388
0.233
1.051
0.058
0.021
4.068
1.703
1.974
2.019
3.471
7.742
1.387
1.150
3.176
8.271
1.851
0.498
6.403
3.035
1.354
0.000
0.003
0.000
0.000
0.002
9.397
0.084
0.000
0.000
0.000
0.000
0.000
0.000
0.000
0.173
0.000
0.000
0.000
0.000
0.000
0.000
0.041
0.024
9.114
0.000
0.000
0.000
0.000
0.007
0.014
0.000
0.000
0.000
0.000
0.000
0.002
0.000
0.000
0.000
0.000
0.000
0.436
19.592
0.007
0.855
0.084
4.377
0.000
9.256
1.445
2.819
0.216
1.926
0.003
1.449
0.254
0.306
0.000
0.002
0.000
0.000
0.333
0.481
5.328
0.515
0.518
0.216
0.110
0.000
1.562
0.031
0.000
0.584
0.100
0.450
0.000
0.000
1.466
7.557
0.230
0.009
0.000
73.619
13.580
0.134
12.562
36.633
0.000
0.577
0.694
2.091
0.000
0.003
0.137
10.866
15.362
11.936
7.799
27.749
7.052
8.837
1.215
0.000
0.000
3.062
3.584
15.254
8.015
7.399
11.264
8.628
11.687
2.319
3.064
10.736
26.005
14.801
3.617
16.943
1.217
0.000
8.063
3.835
0.000
12.104
4.592
55.642
18.716
34.463
13.546
3.636
8.375
8.583
7.738
5.222
18.581
14.995
19.681
17.537
10.154
27.541
9.041
19.333
5.759
3.248
16.277
15.077
6.554
5.442
16.672
15.940
6.020
5.902
15.154
1.826
9.352
10.780
4.427
20.877
17.746
4.031
5.898
11.264
14.856
3.660
26.480
16.243
19.497
9.428
6.434
25.169
6.400
26.838
18.200
2.774
5.524
17.952
3.686
16.201
81.275
51.248
3.272
9.476
15.882
15.176
69.095
5.836
6.392
3.170
4.697
0.479
0.767
7.435
2.820
0.695
21.125
31.488
4.896
6.359
9.745
8.962
2.511
22.725
16.052
17.664
10.310
7.237
0.843
14.433
18.996
1.531
1.032
14.909
14.492
10.979
6.952
96.961
44.920
17.290
12.566
21.188
16.648
20.265
13.019
20.368
29.536
96.951
16.246
16.287
4.642
12.535
18.155
18.462
8.247
5.188
22.541
2.724
12.748
11.942
4.412
20.163
52.964
19.576
11.470
0.077
20.203
56.739
11.769
11.050
13.434
2.623
3.275
19.051
7.620
6.363
10.633
27.129
14.948
28.856
1.677
14.868
15.752
21.712
14.394
4.690
13.202
16.994
16.335
16.119
0.024
0.472
2.795
5.531
2.043
10.703
0.151
14.715
9.944
10.403
11.996
17.521
65.079
1.377
8.150
11.445
2.173
19.950
5.586
0.106
0.000
0.000
0.000
0.000
0.000
0.000
0.000
0.000
0.000
0.007
0.043
0.766
6.338
0.786
18.577
3.265
6.173
2.031
9.836
0.790
0.809
0.000
0.000
3.018
4.034
15.003
11.220
10.976
1.923
8.329
4.642
0.036
1.219
0.527
0.000
0.014
1.595
9.016
5.143
0.000
4.772
6.049
3.361
8.422
16.895
0.929
2.405
0.000
0.386
1.246
9.934
3.414
1.283
4.278
0.000
1.227
0.062
0.000
0.000
0.000
0.000
6.554
4.985
2.750
4.446
0.000
1.959
0.079
1.241
2.304
5.711
5.280
0.000
9.457
0.829
2.482
5.220
0.189
2.250
5.169
0.295
0.072
0.015
0.000
0.000
0.000
0.000
0.010
0.124
0.000
0.000
0.062
0.000
2.015
0.433
0.000
0.000
0.405
0.003
0.000
0.002
0.000
0.000
0.000
0.000
0.000
0.000
2.767
0.031
0.000
0.027
0.000
0.021
0.000
1.420
3.349
0.000
0.000
2.784
4.525
0.000
0.000
0.000
0.000
0.000
0.000
0.000
6.777
4.872
18.352
3.620
0.024
0.148
0.000
0.000
0.000
0.000
0.002
0.000
0.793
0.306
0.027
0.000
4.657
1.981
0.764
3.327
0.000
4.844
0.227
38.998
153.797
1.222
0.000
5.727
0.120
0.000
0.000
0.000
6.678
23.518
0.000
0.000
0.000
0.057
0.429
0.752
1.782
85.214
0.000
0.168
7.529
4.123
0.989
10.622
1.150
15.947
4.626
14.492
22.079
18.742
56.830
6.042
8.429
0.000
0.000
1.116
0.072
12.579
7.203
7.656
22.278
9.283
13.149
30.425
19.959
14.787
10.020
20.871
22.699
24.505
0.364
0.000
0.000
0.000
0.965
12.926
0.343
10.164
10.847
17.995
12.427
1.293
4.027
10.276
13.371
16.375
11.467
29.605
12.687
1.826
12.888
1.210
7.751
10.322
7.957
3.632
21.073
27.576
19.835
13.542
11.371
0.206
5.237
4.439
9.780
2.874
15.951
1.488
1.452
3.313
8.520
20.484
4.226
1.538
13.457
22.517
27.519
11.779
1.823
2.729
9.984
6.547
2.719
6.022
4.312
0.148
9.239
6.012
4.395
1.655
4.473
38.040
37.760
15.894
3.825
23.439
15.841
3.598
26.147
24.939
8.204
6.581
6.666
19.975
13.953
72.767
37.027
6.413
1.454
16.323
12.255
15.120
10.111
8.693
5.114
9.057
10.641
23.015
54.424
13.379
17.458
1.399
37.125
74.676
8.775
8.861
16.974
20.325
54.628
4.158
17.947
4.621
8.096
11.350
1.233
2.153
10.849
13.079
17.053
1.241
20.450
6.616
5.964
10.252
7.357
5.958
34.597
11.038
11.206
7.744
17.485
9.483
3.186
23.938
13.913
17.743
0.488
7.498
18.342
2.558
43.653
11.695
14.602
11.391
10.104
74.082
3.660
3.644
3.004
57.637
0.034
2.966
4.583
14.859
1.595
9.301
12.943
9.235
22.587
17.994
11.596
29.709
5.416
2.115
0.127
0.924
7.653
31.953
0.065
2.067
4.171
19.569
0.003
0.000
5.069
13.420
5.476
17.509
18.666
11.026
18.285
1.246
0.458
1.095
6.017
6.654
11.752
0.096
4.910
2.767
0.779
1.940
3.526
3.945
10.281
26.002
3.471
0.051
3.512
49.293
12.406
7.490
12.188
5.394
15.910
14.636
1.708
5.078
4.010
3.121
12.212
6.221
0.027
1.978
0.034
0.003
0.110
0.000
4.049
2.915
0.896
2.551
4.741
2.513
2.304
0.144
0.209
9.261
40.787
0.371
1.009
5.790
2.750
0.709
0.182
0.000
0.000
0.161
0.441
0.000
0.000
3.334
3.128
1.960
0.000
2.908
5.883
0.678
0.000
0.000
0.412
0.088
4.197
2.046
3.584
3.663
0.694
0.000
0.000
0.000
0.000
0.007
0.000
0.000
0.000
2.438
8.772
20.960
0.000
0.000
0.010
2.438
0.003
2.173
0.000
0.379
0.972
0.000
0.000
0.130
