19790101
0.962
0.904
0.846
0.965
0.949
0.870
0.930
0.961
0.891
0.846
0.842
0.741
0.796
0.864
0.755
0.844
0.847
0.826
0.928
0.936
0.941
0.963
0.848
0.869
0.884
0.852
0.880
0.963
0.966
0.933
0.917
0.882
0.957
0.969
0.947
0.909
0.907
0.901
0.915
0.856
0.913
0.919
0.892
0.904
0.953
0.859
0.916
0.935
0.885
0.970
0.856
0.878
0.928
0.792
0.853
0.936
0.966
0.980
0.847
0.944
0.974
0.977
0.972
0.921
0.974
0.872
0.922
0.916
0.895
0.936
0.961
0.837
0.958
0.968
0.953
0.872
0.973
0.979
0.957
0.890
0.781
0.894
0.970
0.979
0.961
0.932
0.890
0.901
0.930
0.939
0.968
0.926
0.958
0.967
0.921
0.927
0.750
0.746
0.749
0.738
0.748
0.809
0.939
0.970
0.936
0.964
0.929
0.927
0.942
0.941
0.959
0.937
0.923
0.916
0.807
0.795
0.738
0.769
0.769
0.898
0.947
0.866
0.902
0.929
0.945
0.921
0.898
0.900
0.965
0.944
0.894
0.889
0.919
0.943
0.945
0.823
0.883
0.787
0.952
0.939
0.941
0.832
0.857
0.867
0.735
0.848
0.879
0.820
0.834
0.945
0.676
0.646
0.692
0.760
0.716
0.645
0.637
0.753
0.801
0.854
0.790
0.752
0.714
0.670
0.812
0.704
0.743
0.752
0.704
0.689
0.690
0.680
0.677
0.671
0.671
0.768
0.719
0.687
0.729
0.718
0.674
0.629
0.696
0.705
0.700
0.643
0.684
0.745
0.600
0.629
0.625
0.618
0.536
0.602
0.637
0.625
0.655
0.712
0.641
0.636
0.860
0.674
0.637
0.736
0.630
0.680
0.633
0.587
0.571
0.590
0.486
0.503
0.646
0.531
0.580
0.531
0.624
0.536
0.520
0.580
0.658
0.547
0.508
0.637
0.548
0.550
0.550
0.625
0.682
0.605
0.601
0.552
0.755
0.596
0.547
0.478
0.515
0.544
0.562
0.550
0.539
0.499
0.481
0.438
0.575
0.608
0.697
0.484
0.421
0.430
0.535
0.513
0.564
0.574
0.568
0.655
0.556
0.546
0.514
0.562
0.641
0.499
0.481
0.386
0.441
0.459
0.419
0.583
0.597
0.569
0.611
0.450
0.366
0.407
0.374
0.404
0.511
0.536
0.591
0.830
0.690
0.611
0.569
0.542
0.581
0.480
0.532
0.930
0.525
0.443
0.429
0.411
0.336
0.380
0.395
0.438
0.521
0.770
0.661
0.655
0.826
0.749
0.708
0.602
0.710
0.715
0.881
0.750
0.942
0.646
0.876
0.933
0.909
0.587
0.435
0.612
0.510
0.880
0.924
0.846
0.903
0.625
0.675
0.904
0.871
0.945
0.928
0.973
0.864
0.928
0.751
0.566
0.596
0.612
0.556
0.581
0.656
0.586
0.562
0.688
0.668
0.556
0.589
0.534
0.742
0.641
0.640
0.888
0.924
0.975
0.861
0.829
0.917
0.953
0.973
0.879
0.889
0.960
0.834
0.735
0.868
0.958
0.893
0.782
0.944
0.977
0.853
0.800
0.809
0.860
0.931
0.878
0.909
0.865
0.925
0.825
0.863
0.963
0.943
0.922
0.918
0.897
0.853
0.781
0.896
0.924
0.960
0.881
0.886
0.908
0.825
0.854
0.867
0.840
0.934
0.941
0.920
0.831
0.967
0.833
0.760
0.943
0.867
0.968
0.910
0.791
0.902
0.851
0.908
0.870
0.733
0.868
0.979
0.979
0.892
0.781
0.810
0.899
0.863
0.820
0.934
0.935
0.797
0.644
0.604
0.696
0.727
0.912
0.907
0.771
0.783
0.819
0.943
0.849
0.888
0.976
0.939
0.929
0.913
0.960
0.892
0.978
0.888
0.919
0.955
0.958
0.964
0.956
0.909
0.954
0.849
0.963
0.892
0.879
0.953
0.914
0.913
0.863
0.917
0.949
0.980
0.911
0.956
0.859
0.851
0.866
0.957
0.869
0.852
0.810
0.924
0.975
0.855
0.802
0.801
0.746
0.704
0.749
0.663
0.743
0.905
0.905
0.912
0.904
0.888
0.959
0.943
0.977
0.764
0.733
0.772
0.730
0.812
0.831
0.847
0.826
0.930
0.914
0.860
0.932
0.871
0.912
0.869
0.946
0.953
0.935
0.928
0.872
0.930
0.749
0.754
0.745
0.669
0.723
0.759
0.788
0.914
0.930
0.931
0.927
0.855
0.809
0.761
0.741
0.785
0.782
0.630
0.654
0.618
0.672
0.863
0.755
0.731
0.709
0.694
0.714
0.768
0.673
0.669
0.646
0.648
0.849
0.837
0.906
0.814
0.750
0.745
0.604
0.720
0.622
0.652
0.697
0.573
0.644
0.628
0.595
0.663
0.672
0.599
0.542
0.548
0.697
0.671
0.597
0.689
0.571
0.628
0.693
0.584
0.585
0.578
0.480
0.518
0.592
0.669
0.616
0.714
0.754
0.592
0.666
0.506
0.512
0.579
0.512
0.568
0.568
0.554
0.649
0.469
0.451
0.540
0.583
0.487
0.411
0.574
0.479
0.498
0.409
0.428
0.404
0.513
0.741
0.643
0.571
0.654
0.445
0.498
0.389
0.416
0.452
0.469
0.445
0.480
0.367
0.341
0.319
0.396
0.483
0.645
0.369
0.466
0.413
0.351
0.467
0.494
0.353
0.382
0.450
0.567
0.513
0.681
0.474
0.521
0.467
0.472
0.509
0.503
0.492
0.493
0.502
0.513
0.507
0.901
0.831
0.501
0.464
0.565
0.627
0.653
0.558
0.515
0.626
0.628
0.642
0.753
0.744
0.621
0.800
0.816
0.679
0.814
0.866
0.822
0.637
0.608
0.670
0.643
0.597
0.720
0.797
0.598
0.510
0.569
0.533
0.585
0.561
0.617
0.768
0.861
0.873
0.751
0.755
0.505
0.611
0.577
0.823
0.905
0.970
0.777
0.681
0.744
0.891
0.843
0.951
0.930
0.899
0.874
0.854
0.913
0.887
0.908
0.950
0.955
0.754
0.686
0.888
0.702
0.863
0.854
0.825
0.680
0.612
0.653
0.633
0.898
0.961
0.868
0.909
0.658
0.633
0.960
0.763
0.681
0.884
0.929
0.917
0.930
0.939
0.971
0.800
0.844
0.858
0.890
0.963
0.894
0.964
0.926
0.931
0.973
0.816
0.761
0.837
0.830
0.944
0.896
0.868
0.905
0.918
0.962
0.884
0.969
0.887
0.836
0.884
0.818
0.803
0.872
0.864
0.847
0.934
0.984
0.854
0.802
0.930
0.979
0.956
0.938
0.939
0.928
0.968
0.900
0.837
0.949
0.957
0.930
0.973
0.968
0.968
0.944
0.977
0.957
0.972
0.970
0.968
0.963
0.976
0.962
0.941
0.958
0.951
0.972
0.959
0.838
0.961
0.963
0.959
0.935
0.945
0.891
0.922
0.906
0.772
0.901
0.737
0.750
0.815
0.945
0.979
0.907
0.944
0.931
0.849
0.756
0.770
0.954
0.834
0.865
0.891
0.918
0.929
0.919
0.952
0.951
0.973
0.963
0.901
0.950
0.945
0.973
0.972
0.974
0.946
0.944
0.977
0.925
0.965
0.910
0.911
0.905
0.745
0.701
0.710
0.765
0.788
0.881
0.923
0.907
0.873
0.843
0.937
0.848
0.808
0.743
0.757
0.888
0.916
0.943
0.904
0.922
0.877
0.918
0.932
0.877
0.948
0.850
0.954
0.919
0.916
0.829
0.935
0.907
0.785
0.714
0.702
0.791
0.692
0.838
0.793
0.863
0.724
0.688
0.700
0.688
0.781
0.890
0.955
0.886
0.869
0.928
0.783
0.768
0.659
0.832
0.858
0.874
0.792
0.793
0.822
0.886
0.848
0.770
0.684
0.650
0.724
0.755
0.751
0.750
0.725
0.753
0.747
0.702
0.619
0.651
0.892
0.785
0.644
0.629
0.607
0.561
0.667
0.640
0.605
0.595
0.748
0.672
0.635
0.686
0.565
0.622
0.547
0.388
0.365
0.500
0.676
0.455
0.414
0.435
0.490
0.519
0.492
0.505
0.548
0.554
0.437
0.444
0.486
0.507
0.738
0.650
0.649
0.584
0.702
0.517
0.604
0.446
0.483
0.505
0.538
0.571
0.464
0.380
0.326
0.288
0.505
0.517
0.487
0.440
0.431
0.506
0.729
0.791
0.600
0.525
0.413
0.339
0.398
0.419
0.406
0.317
0.371
0.365
0.398
0.420
0.455
0.460
0.444
0.554
0.694
0.462
0.350
0.357
0.426
0.465
0.493
0.430
0.507
0.457
0.408
0.368
0.349
0.392
0.397
0.476
0.366
0.372
0.462
0.444
0.571
0.469
0.506
0.628
0.755
0.666
0.490
0.600
0.531
0.606
0.720
0.791
0.844
0.824
0.785
0.530
0.601
0.651
0.573
0.585
0.595
0.631
0.611
0.464
0.481
0.561
0.503
0.422
0.508
0.480
0.718
0.637
0.537
0.600
0.644
0.568
0.539
0.685
0.887
0.952
0.973
0.960
0.955
0.905
0.756
0.783
0.824
0.958
0.825
0.708
0.806
0.935
0.969
0.978
0.870
0.704
0.861
0.868
0.967
0.814
0.953
0.789
0.914
0.899
0.924
0.942
0.831
0.700
0.854
0.907
0.959
0.872
0.825
0.950
0.921
0.810
0.847
0.925
0.889
0.930
0.888
0.970
0.904
0.969
0.875
0.944
0.926
0.949
0.927
0.960
0.957
0.942
0.927
0.948
0.954
0.942
0.960
0.916
0.851
0.961
0.952
0.856
0.965
0.960
0.950
0.927
0.969
0.910
0.875
0.935
0.973
0.979
0.959
0.953
0.970
0.829
0.940
0.927
0.961
0.949
0.896
0.839
0.840
0.829
0.874
0.965
0.967
0.913
0.919
0.902
0.965
0.949
0.957
0.965
0.961
0.903
0.919
0.965
0.935
0.894
0.803
0.944
0.973
0.972
0.947
0.909
0.972
0.980
0.846
0.901
0.966
0.934
0.945
0.900
0.877
0.948
0.907
0.900
0.959
0.827
0.974
0.822
0.932
0.914
0.917
0.869
0.863
0.973
0.911
0.834
0.942
0.966
0.888
0.849
0.962
0.947
0.829
0.765
0.741
0.889
0.873
0.952
0.970
0.971
0.975
0.979
0.938
0.957
0.937
0.967
0.830
0.897
0.931
0.966
0.974
0.978
0.900
0.886
0.948
0.972
0.954
0.932
0.915
0.941
0.901
0.736
0.688
0.781
0.831
0.686
0.819
0.660
0.655
0.657
0.673
0.685
0.916
0.905
0.932
0.893
0.925
0.810
0.897
0.957
0.920
0.938
0.895
0.962
0.918
0.958
0.969
0.964
0.947
0.881
0.770
0.707
0.677
0.691
0.715
0.731
0.714
0.858
0.785
0.863
0.820
0.746
0.765
0.705
0.732
0.926
0.809
0.890
0.774
0.857
0.881
0.938
0.786
0.746
0.743
0.816
0.920
0.838
0.820
0.735
0.787
0.766
0.738
0.717
0.845
0.783
0.740
0.750
0.679
0.599
0.637
0.654
0.823
0.899
0.760
0.814
0.807
0.810
0.873
0.956
0.933
0.761
0.686
0.636
0.654
0.628
0.459
0.544
0.688
0.677
0.722
0.648
0.652
0.689
0.709
0.831
0.668
0.655
0.684
0.749
0.818
0.736
0.581
0.565
0.618
0.853
0.816
0.684
0.645
0.594
0.610
0.606
0.792
0.702
0.696
0.624
0.556
0.602
0.657
0.560
0.604
0.580
0.642
0.576
0.600
0.515
0.533
0.575
0.530
0.500
0.437
0.424
0.523
0.616
0.432
0.418
0.467
0.471
0.465
0.529
0.439
0.485
0.612
0.506
0.592
0.707
0.750
0.761
0.863
0.733
0.672
0.851
0.839
0.879
0.689
0.695
0.858
0.655
0.582
0.505
0.556
0.596
0.632
0.599
0.554
0.626
0.863
0.749
0.938
0.672
0.589
0.897
0.739
0.620
0.518
0.631
0.959
0.718
0.744
0.807
0.657
0.885
0.596
0.557
0.632
0.586
0.559
0.565
0.472
0.547
0.556
0.537
0.712
0.690
0.667
0.743
0.770
0.945
0.819
0.686
0.836
0.976
0.772
0.727
0.697
0.800
0.681
0.895
0.672
0.797
0.802
0.657
0.555
0.598
0.526
0.513
0.522
0.624
0.894
0.866
0.691
0.917
0.893
0.938
0.903
0.884
0.848
0.898
0.612
0.588
0.840
0.836
0.698
0.786
0.930
0.895
0.905
0.912
0.889
0.762
0.839
0.736
0.850
0.751
0.652
0.699
0.645
0.858
0.928
0.799
0.877
0.893
0.937
0.900
0.800
0.946
0.943
0.869
0.807
0.676
0.912
0.798
0.928
0.924
0.927
0.923
0.816
0.709
0.709
0.835
0.932
0.792
0.869
0.903
0.894
0.726
0.946
0.781
0.718
0.583
0.567
0.856
0.707
0.642
0.775
0.776
0.870
0.911
0.938
0.937
0.939
0.914
0.633
0.885
0.683
0.855
0.881
0.972
0.842
0.801
0.891
0.937
0.956
0.909
0.848
0.907
0.891
0.781
0.813
0.674
0.594
0.682
0.798
0.716
0.621
0.641
0.777
0.971
0.910
0.785
0.806
0.879
0.958
0.967
0.906
0.792
0.793
0.869
0.706
0.492
0.466
0.571
0.583
0.626
0.695
0.635
0.752
0.694
0.926
0.873
0.930
0.961
0.866
0.930
0.933
0.954
0.975
0.853
0.916
0.919
0.849
0.727
0.816
0.835
0.819
0.826
0.881
0.787
0.891
0.940
0.921
0.958
0.983
0.842
0.918
0.959
0.961
0.968
0.905
0.961
0.967
0.911
0.812
0.819
0.699
0.872
0.698
0.676
0.732
0.830
0.830
0.891
0.870
0.762
0.715
0.740
0.917
0.860
0.827
0.932
0.952
0.886
0.842
0.947
0.789
0.693
0.781
0.709
0.827
0.905
0.941
0.824
0.826
0.808
0.750
0.662
0.682
0.648
0.684
0.705
0.929
0.730
0.672
0.675
0.692
0.587
0.655
0.704
0.614
0.594
0.593
0.606
0.577
0.748
0.743
0.655
0.545
0.639
0.703
0.619
0.592
0.547
0.554
0.646
0.663
0.654
0.536
0.548
0.634
0.623
0.642
0.828
0.679
0.550
0.573
0.557
0.692
0.759
0.574
0.514
0.483
0.522
0.527
0.598
0.605
0.558
0.613
0.681
0.504
0.462
0.491
0.428
0.428
0.425
0.393
0.436
0.522
0.619
0.551
0.497
0.600
0.491
0.471
0.467
0.510
0.488
0.496
0.394
0.354
0.293
0.279
0.276
0.394
0.335
0.471
0.453
0.488
0.553
0.598
0.567
0.484
0.508
0.476
0.573
0.710
0.552
0.548
0.542
0.483
0.502
0.746
0.576
0.434
0.515
0.480
0.377
0.370
0.367
0.416
0.457
0.501
0.500
0.659
0.451
0.421
0.758
0.527
0.480
0.423
0.426
0.414
0.417
0.357
0.445
0.559
0.733
0.627
0.778
0.603
0.800
0.609
0.652
0.576
0.672
0.717
0.569
0.552
0.504
0.531
0.506
0.682
0.586
0.581
0.530
0.525
0.504
0.470
0.388
0.468
0.469
0.525
0.656
0.792
0.752
0.900
0.940
0.924
0.654
0.550
0.602
0.499
0.594
0.859
0.776
0.620
0.564
0.676
0.857
0.911
0.595
0.646
0.884
0.816
0.741
0.831
0.806
0.633
0.628
0.605
0.659
0.700
0.844
0.919
0.850
0.948
0.844
0.796
0.629
0.719
0.801
0.939
0.933
0.647
0.539
0.558
0.510
0.566
0.673
0.941
0.664
0.724
0.878
0.935
0.928
0.911
0.732
0.897
0.860
0.915
0.891
0.930
0.886
0.881
0.956
0.946
0.924
0.831
0.825
0.961
0.977
0.904
0.956
0.929
0.978
0.978
0.981
0.928
0.945
0.934
0.922
0.905
0.707
0.844
0.879
0.930
0.956
0.889
0.939
0.928
0.842
0.767
0.826
0.885
0.864
0.903
0.914
0.918
0.949
0.889
0.925
0.930
0.817
0.955
0.925
0.968
0.955
0.971
0.900
0.747
0.816
0.963
0.983
0.958
0.815
0.894
0.921
0.922
0.951
0.855
0.943
0.981
0.802
0.947
0.978
0.946
0.855
0.871
0.938
0.967
0.972
0.889
0.954
0.910
0.944
0.885
0.958
0.929
0.901
0.870
0.759
0.858
0.951
0.969
0.973
0.939
0.899
0.874
0.969
0.732
0.684
0.694
0.879
0.924
0.871
0.969
0.969
0.863
0.856
0.842
0.860
0.942
0.947
0.974
0.932
0.810
0.759
0.957
0.966
0.961
0.892
0.946
0.872
0.948
0.923
0.926
0.944
0.944
0.967
0.965
0.980
0.968
0.815
0.781
0.828
0.925
0.891
0.878
0.958
0.879
0.821
0.895
0.848
0.913
0.950
0.923
0.933
0.935
0.939
0.925
0.843
0.822
0.747
0.753
0.924
0.923
0.958
0.922
0.904
0.815
0.766
0.874
0.773
0.917
0.943
0.885
0.932
0.842
0.776
0.810
0.800
0.833
0.913
0.891
0.829
0.739
0.847
0.909
0.752
0.847
0.854
0.835
0.866
0.922
0.951
0.872
0.779
0.668
0.647
0.696
0.841
0.778
0.681
0.734
0.698
0.689
0.644
0.744
0.705
0.666
0.650
0.836
0.800
0.913
0.909
0.863
0.735
0.795
0.790
0.820
0.793
0.822
0.719
0.782
0.704
0.643
0.548
0.516
0.639
0.591
0.546
0.565
0.497
0.477
0.568
0.451
0.442
0.471
0.482
0.535
0.529
0.475
0.637
0.688
0.793
0.617
0.689
0.599
0.515
0.516
0.449
0.374
0.497
0.528
0.459
0.444
0.451
0.487
0.492
0.534
0.671
0.956
0.863
0.944
0.485
0.358
0.318
0.295
0.318
0.326
0.350
0.456
0.495
0.584
0.570
0.576
0.697
0.686
0.624
0.589
0.616
0.537
0.608
0.657
0.527
0.534
0.590
0.466
0.549
0.439
0.492
0.801
0.750
0.575
0.581
0.803
0.819
0.734
0.467
0.478
0.536
0.615
0.545
0.519
0.496
0.502
0.516
0.475
0.531
0.557
0.548
0.515
0.493
0.493
0.569
0.860
0.629
0.776
0.819
0.725
0.605
0.562
0.632
0.615
0.715
0.815
0.757
0.694
0.876
0.970
0.975
0.921
0.695
0.667
0.644
0.937
0.914
0.731
0.693
0.637
0.944
0.722
0.935
0.909
0.956
0.966
0.822
0.639
0.941
0.874
0.675
0.821
0.759
0.696
0.786
0.932
0.712
0.877
0.861
0.686
0.916
0.741
0.811
0.904
0.959
0.803
0.949
0.928
0.793
0.951
0.861
0.782
0.968
0.957
0.952
0.651
0.923
0.959
0.951
0.839
0.761
0.592
0.726
0.896
0.934
0.871
0.973
0.887
0.954
0.922
0.899
0.937
0.921
0.905
0.906
0.899
0.953
0.950
0.945
0.743
0.935
0.872
0.847
0.945
0.901
0.851
0.901
0.976
0.953
0.873
0.910
0.916
0.956
0.798
0.856
0.978
0.978
0.938
0.891
0.957
0.869
0.944
0.923
0.903
0.966
0.876
0.963
0.966
0.901
0.934
0.715
0.975
0.945
0.854
0.829
0.945
0.948
0.917
0.903
0.979
0.840
0.863
0.810
0.975
0.969
0.833
0.939
0.957
0.951
0.959
0.922
0.913
0.975
0.980
0.925
0.934
0.882
0.965
0.955
0.933
0.883
0.914
0.932
0.964
0.955
0.932
0.963
0.913
0.965
0.962
0.955
0.887
0.853
0.973
0.896
0.883
0.976
0.973
0.919
0.895
0.954
0.981
0.888
0.826
0.962
0.870
0.982
0.882
0.919
0.940
0.968
0.863
0.904
0.839
0.897
0.957
0.864
0.800
0.833
0.955
0.972
0.968
0.931
0.974
0.893
0.883
0.980
0.928
0.841
0.957
0.917
0.960
0.912
0.893
0.755
0.762
0.916
0.820
0.927
0.900
0.917
0.904
0.934
0.912
0.920
0.964
0.854
0.863
0.842
0.970
0.954
0.913
0.823
0.727
0.816
0.724
0.764
0.814
0.885
0.837
0.862
0.840
0.751
0.744
0.871
0.877
0.711
0.675
0.628
0.496
0.461
0.460
0.465
0.554
0.565
0.665
0.635
0.599
0.631
0.730
0.690
0.617
0.675
0.814
0.873
0.838
0.696
0.617
0.757
0.606
0.612
0.569
0.809
0.697
0.876
0.743
0.833
0.896
0.920
0.739
0.666
0.630
0.707
0.594
0.537
0.537
0.546
0.512
0.507
0.494
0.626
0.703
0.668
0.573
0.635
0.629
0.518
0.672
0.617
0.667
0.620
0.697
0.675
0.742
0.903
0.745
0.610
0.555
0.581
0.500
0.491
0.569
0.556
0.575
0.437
0.483
0.581
0.513
0.496
0.518
0.451
0.468
0.463
0.548
0.528
0.565
0.510
0.401
0.399
0.542
0.633
0.671
0.575
0.554
0.542
0.755
0.658
0.445
0.487
0.451
0.445
0.438
0.385
0.339
0.356
0.396
0.441
0.423
0.584
0.742
0.778
0.738
0.914
0.642
0.579
0.749
0.588
0.464
0.576
0.552
0.533
0.875
0.789
0.661
0.549
0.518
0.525
0.559
0.575
0.610
0.543
0.529
0.645
0.665
0.700
0.723
0.669
0.622
0.570
0.656
0.543
0.573
0.697
0.654
0.660
0.651
0.581
0.597
0.713
0.484
0.860
0.882
0.660
0.646
0.561
0.621
0.641
0.856
0.655
0.717
0.899
0.731
0.623
0.890
0.758
0.695
0.906
0.953
0.966
0.967
0.725
0.574
0.665
0.576
0.439
0.652
0.770
0.759
0.766
0.792
0.889
0.907
0.890
0.671
0.571
0.596
0.532
0.568
0.591
0.544
0.586
0.796
0.661
0.769
0.789
0.811
0.919
0.913
0.878
0.840
0.920
0.736
0.626
0.612
0.713
0.691
0.656
0.701
0.923
0.949
0.761
0.677
0.736
0.721
0.819
0.897
0.932
0.834
0.911
0.678
0.737
0.906
0.930
0.884
0.903
0.931
0.940
0.824
0.941
0.837
0.851
0.938
0.809
0.876
0.820
0.934
0.854
0.808
0.866
0.911
0.970
0.979
0.788
0.979
0.962
0.888
0.857
0.791
0.836
0.983
0.962
0.860
0.888
0.883
0.957
0.932
0.902
0.826
0.908
0.959
0.939
0.966
0.848
0.800
0.971
0.918
0.969
0.854
0.952
0.969
0.969
0.962
0.972
0.917
0.971
0.878
0.899
0.983
0.934
0.897
0.924
0.933
0.960
0.970
0.819
0.818
0.946
0.974
0.917
0.881
0.974
0.820
0.966
0.863
0.933
0.931
0.888
0.923
0.977
0.918
0.936
0.937
0.939
0.974
0.929
0.938
0.898
0.827
0.927
0.915
0.899
0.973
0.956
0.952
0.946
0.952
0.913
0.812
0.844
0.932
0.937
0.968
0.742
0.708
0.743
0.765
0.875
0.939
0.937
0.914
0.903
0.880
0.956
0.901
0.886
0.880
0.864
0.771
0.792
0.836
0.907
0.973
0.870
0.890
0.819
0.717
0.914
0.903
0.800
0.787
0.830
0.812
0.795
0.940
0.943
0.855
0.856
0.862
0.915
0.899
0.753
0.939
0.881
0.751
0.888
0.902
-99.000
0.989
0.732
0.525
0.623
0.624
0.750
0.790
0.959
0.826
0.724
0.713
0.731
0.785
0.746
0.811
0.702
0.695
0.625
0.662
0.727
0.699
0.703
0.600
0.678
0.624
0.648
0.671
0.603
0.658
0.683
0.685
0.606
0.445
0.470
0.586
0.518
0.465
0.464
0.506
0.519
0.618
0.604
0.643
0.678
0.679
0.824
0.825
0.670
0.599
0.598
0.692
0.587
0.418
0.394
0.525
0.470
0.606
0.570
0.663
0.571
0.672
0.676
0.746
0.625
0.684
0.569
0.623
0.652
0.543
0.518
0.594
0.530
0.674
0.669
0.680
0.707
0.618
0.592
0.664
0.727
0.684
0.562
0.612
0.593
0.562
0.488
0.502
0.537
0.661
0.654
0.540
0.514
0.510
0.521
0.606
0.514
0.538
0.714
0.546
0.587
0.483
0.438
0.357
0.417
0.393
0.454
0.791
0.767
0.881
0.853
0.676
0.602
0.509
0.453
0.485
0.526
0.496
0.486
0.699
0.547
0.467
0.485
0.629
0.686
0.540
0.632
0.674
0.569
0.507
0.646
0.592
0.593
0.569
0.647
0.587
0.437
0.407
0.532
0.684
0.656
0.858
0.741
0.648
0.714
0.835
0.566
0.455
0.530
0.586
0.595
0.614
0.583
0.597
0.511
0.592
0.461
0.707
0.830
0.658
0.709
0.612
0.625
0.604
0.707
0.687
0.498
0.479
0.532
0.531
0.526
0.826
0.623
0.564
0.647
0.758
0.751
0.953
0.849
0.920
0.929
0.941
0.958
0.929
0.938
0.938
0.969
0.876
0.843
0.643
0.679
0.963
0.786
0.937
0.925
0.979
0.674
0.655
0.683
0.822
0.864
0.953
0.957
0.961
0.973
0.916
0.692
0.844
-99.000
-99.000
-99.000
-99.000
-99.000
-99.000
-99.000
-99.000
0.900
0.945
0.907
0.868
0.905
0.971
0.899
0.892
0.937
0.932
0.894
0.828
0.795
0.897
0.978
0.919
0.845
0.834
0.824
0.826
0.904
0.936
0.929
0.827
0.915
0.903
0.918
0.972
0.858
0.865
0.773
0.838
0.855
0.971
0.905
0.850
0.744
0.919
0.928
0.918
0.633
0.558
0.710
0.703
0.621
0.573
0.650
0.786
0.933
0.881
0.948
0.940
0.886
0.872
0.925
0.947
0.954
0.914
0.951
0.912
0.902
0.913
0.925
0.784
0.924
0.864
0.811
0.808
0.929
0.980
0.771
0.611
0.584
0.573
0.541
0.609
0.682
0.866
0.958
0.931
0.937
0.903
0.950
0.932
0.818
0.733
0.969
0.903
0.894
0.945
0.943
0.979
0.973
0.739
0.713
0.875
0.783
0.837
0.951
0.897
0.736
0.833
0.863
0.808
0.939
0.847
0.965
0.966
0.770
0.702
0.886
0.974
0.973
0.853
0.807
0.818
0.956
0.908
0.910
0.835
0.897
0.840
0.843
0.790
0.815
0.939
0.967
0.883
0.940
0.653
0.667
0.707
0.699
0.733
0.849
0.863
0.860
0.907
0.823
0.769
0.890
0.880
0.775
0.766
0.651
0.593
0.675
0.767
0.753
0.684
0.693
0.750
0.731
0.734
0.825
0.743
0.833
0.910
0.835
0.731
0.670
0.698
0.645
0.841
0.874
0.837
0.942
0.778
0.666
0.653
0.700
0.701
0.650
0.708
0.867
0.543
0.566
0.697
0.654
0.570
0.704
0.840
0.907
0.694
0.648
0.608
0.499
0.541
0.573
0.775
0.802
0.701
0.704
0.679
0.652
0.556
0.554
0.615
0.600
0.632
0.624
0.512
0.499
0.556
0.611
0.550
0.659
0.776
0.605
0.638
0.725
0.394
0.453
0.523
0.529
0.615
0.618
0.691
0.578
0.504
0.612
0.542
0.547
0.461
0.398
0.424
0.422
0.491
0.384
0.455
0.394
0.343
0.346
0.367
0.437
0.339
0.392
0.460
0.434
0.435
0.426
0.471
0.410
0.351
0.501
0.524
0.454
0.349
0.421
0.457
0.509
0.495
0.451
0.449
0.432
0.416
0.328
0.405
0.533
0.547
0.486
0.420
0.449
0.475
0.553
0.414
0.457
0.376
0.510
0.450
0.602
0.471
0.488
0.439
0.770
0.500
0.478
0.539
0.426
0.580
0.532
0.537
0.501
0.496
0.473
0.591
0.757
0.637
0.525
0.833
0.596
0.893
0.932
0.758
0.732
0.766
0.620
0.607
0.674
0.773
0.747
0.502
0.451
0.529
0.524
0.619
0.669
0.599
0.528
0.572
0.537
0.511
0.474
0.549
0.946
0.932
0.646
0.774
0.821
0.937
0.731
0.613
0.689
0.954
0.763
0.815
0.672
0.796
0.684
0.883
0.806
0.947
0.922
0.771
0.831
0.645
0.659
0.742
0.798
0.769
0.716
0.608
0.720
0.958
0.652
0.773
0.855
0.739
0.880
0.659
0.762
0.919
0.817
0.786
0.733
0.873
0.812
0.968
0.935
0.712
0.670
0.884
0.883
0.713
0.805
0.855
0.788
0.629
0.567
0.617
0.771
0.919
0.826
0.857
0.942
0.819
0.828
0.934
0.933
0.892
0.970
0.781
0.776
0.884
0.919
0.880
0.850
0.819
0.954
0.856
0.917
0.948
0.931
0.910
0.730
0.805
0.842
0.955
0.827
0.888
0.926
0.838
0.730
0.952
0.956
0.978
0.968
0.908
0.819
0.923
0.967
0.955
0.905
0.911
0.960
0.832
0.855
0.951
0.861
0.922
0.900
0.936
0.859
0.835
0.858
0.843
0.764
0.824
0.807
0.662
0.693
0.896
0.977
0.939
0.833
0.882
0.873
0.979
0.833
0.810
0.690
0.740
0.867
0.910
0.877
0.947
0.870
0.856
0.831
0.834
0.757
0.947
0.957
0.899
0.975
0.836
0.928
0.912
0.871
0.975
0.973
0.939
0.900
0.836
0.968
0.915
0.835
0.935
0.892
0.978
0.826
0.889
0.867
0.962
0.887
0.935
0.813
0.941
0.844
0.953
0.836
0.911
0.860
0.912
0.734
0.770
0.759
0.795
0.723
0.918
0.894
0.747
0.746
0.857
0.831
0.837
0.854
0.896
0.906
0.780
0.868
0.876
0.812
0.837
0.762
0.910
0.961
0.929
0.802
0.841
0.907
0.772
0.751
0.828
0.738
0.848
0.973
0.796
0.802
0.797
0.860
0.695
0.694
0.740
0.754
0.741
0.743
0.703
0.713
0.642
0.590
0.698
0.659
0.720
0.825
0.724
0.720
0.776
0.748
0.689
0.696
0.810
0.650
0.680
0.676
0.659
0.686
0.698
0.729
0.688
0.623
0.656
0.779
0.970
0.745
0.677
0.572
0.535
0.474
0.514
0.588
0.519
0.589
0.549
0.440
0.475
0.423
0.469
0.600
0.510
0.442
0.476
0.503
0.542
0.572
0.534
0.600
0.481
0.648
0.540
0.516
0.461
0.411
0.461
0.447
0.523
0.445
0.375
0.360
0.380
0.396
0.455
0.448
0.523
0.456
0.366
0.412
0.379
0.454
0.381
0.413
0.296
0.451
0.416
0.391
0.443
0.483
0.458
0.422
0.417
0.400
0.356
0.398
0.316
0.355
0.410
0.408
0.463
0.579
0.554
0.483
0.503
0.533
0.769
0.606
0.565
0.488
0.444
0.483
0.434
0.430
0.503
0.542
0.677
0.454
0.452
0.417
0.403
0.310
0.512
0.440
0.582
0.477
0.769
0.716
0.477
0.585
0.588
0.736
0.615
0.522
0.587
0.692
0.531
0.757
0.795
0.590
0.610
0.685
0.662
0.875
0.655
0.543
0.450
0.431
0.499
0.411
0.436
0.498
0.670
0.762
0.673
0.530
0.468
0.415
0.566
0.586
0.532
0.706
0.611
0.619
0.639
0.571
0.825
0.765
0.729
0.878
0.817
0.613
0.797
0.853
0.956
0.949
0.871
0.643
0.679
0.669
0.980
0.948
0.969
0.969
0.927
0.705
0.655
0.911
0.964
0.961
0.769
0.926
0.949
0.962
0.963
0.884
0.912
0.906
0.965
0.972
0.839
0.777
0.919
0.783
0.935
0.828
0.872
0.952
0.886
0.962
0.946
0.812
0.959
0.691
0.898
0.941
0.976
0.844
0.923
0.844
0.864
0.973
0.973
0.879
0.925
0.837
0.891
0.821
0.895
0.894
0.954
0.972
0.966
0.939
0.936
0.827
0.903
0.941
0.915
0.898
0.947
0.968
0.960
0.861
0.930
0.947
0.967
0.911
0.913
0.819
0.856
0.823
0.930
0.974
0.935
0.964
0.958
0.779
0.823
0.749
0.696
0.855
0.902
0.938
0.933
0.841
0.893
0.967
0.928
0.983
0.833
0.813
0.938
0.877
0.891
0.911
0.901
0.831
0.940
0.967
0.971
0.937
0.958
0.835
0.965
0.874
0.858
0.795
0.962
0.914
0.923
0.819
0.978
0.855
0.907
0.899
0.934
0.902
0.934
0.976
0.863
0.851
0.963
0.975
0.966
0.970
0.967
0.866
0.884
0.943
0.888
0.927
0.912
0.951
0.942
0.910
0.849
0.837
0.954
0.915
0.968
0.958
0.947
0.748
0.749
0.911
0.980
0.816
0.933
0.930
0.938
0.912
0.968
0.928
0.978
0.893
0.931
0.958
0.904
0.872
0.602
0.576
0.601
0.622
0.688
0.811
0.975
0.892
0.821
0.891
0.952
0.868
0.737
0.678
0.672
0.646
0.674
0.759
0.887
0.831
0.733
0.772
0.800
0.912
0.918
0.908
0.907
0.857
0.831
0.878
0.785
0.816
0.753
0.811
0.872
0.915
0.762
0.786
0.681
0.800
0.913
0.926
0.945
0.762
0.770
0.652
0.685
0.743
0.816
0.738
0.822
0.754
0.804
0.829
0.883
0.853
0.876
0.831
0.723
0.724
0.497
0.456
0.492
0.648
0.689
0.693
0.739
0.702
0.664
0.588
0.589
0.637
0.610
0.605
0.706
0.671
0.666
0.619
0.647
0.855
0.925
0.896
0.881
0.760
0.721
0.777
0.796
0.652
0.688
0.614
0.756
0.582
0.628
0.631
0.614
0.553
0.490
0.464
0.495
0.543
0.624
0.476
0.572
0.584
0.648
0.600
0.613
0.587
0.717
0.631
0.628
0.541
0.552
0.518
0.428
0.648
0.561
0.796
0.654
0.528
0.507
0.743
0.521
0.566
0.480
0.454
0.521
0.602
0.534
0.633
0.551
0.658
0.351
0.274
0.364
0.340
0.413
0.440
0.453
0.509
0.575
0.916
0.517
0.432
0.424
0.556
0.610
0.546
0.482
0.716
0.828
0.592
0.575
0.521
0.560
0.542
0.543
0.627
0.679
0.761
0.556
0.577
0.676
0.828
0.558
0.495
0.594
0.593
0.559
0.775
0.634
0.723
0.879
0.809
0.347
0.505
0.618
0.795
0.827
0.752
0.866
0.969
0.889
0.897
0.874
0.818
0.836
0.833
0.769
0.737
0.853
0.561
0.568
0.587
0.429
0.454
0.624
0.849
0.939
0.937
0.977
0.863
0.824
0.497
0.708
0.861
0.654
0.591
0.528
0.588
0.578
0.575
0.645
0.631
0.797
0.890
0.711
0.626
0.798
0.906
0.802
0.929
0.900
0.696
0.616
0.810
0.867
0.712
0.699
0.776
0.855
0.796
0.927
0.946
0.848
0.939
0.923
0.955
0.902
0.911
0.954
0.903
0.941
0.936
0.949
0.963
0.955
0.938
0.864
0.956
0.946
0.927
0.913
0.836
0.870
0.892
0.929
0.978
0.862
0.855
0.863
0.945
0.923
0.943
0.848
0.904
0.907
0.851
0.922
0.953
0.901
0.869
0.915
0.848
0.950
0.858
0.957
0.963
0.963
0.957
0.956
0.955
0.931
0.934
0.960
0.810
0.909
0.941
0.979
0.981
0.914
0.817
0.781
0.843
0.847
0.975
0.906
0.757
0.823
0.787
0.959
0.978
0.920
0.849
0.953
0.938
0.950
0.905
0.929
0.868
0.919
0.860
0.761
0.866
0.908
0.962
0.979
0.912
0.857
0.949
0.885
0.860
0.924
0.933
0.950
0.944
0.950
0.943
0.947
0.946
0.882
0.919
0.857
0.965
0.896
0.955
0.891
0.919
0.845
0.870
0.877
0.908
0.845
0.945
0.918
0.966
0.935
0.805
0.756
0.777
0.747
0.924
0.943
0.932
0.906
0.878
0.765
0.828
0.959
0.825
0.852
0.760
0.944
0.897
0.949
0.902
0.934
0.924
0.822
0.884
0.942
0.906
0.862
0.945
0.766
0.816
0.791
0.580
0.657
0.630
0.501
0.506
0.617
0.639
0.759
0.827
0.873
0.879
0.958
0.972
0.973
0.943
0.933
0.907
0.846
0.832
0.911
0.760
0.741
0.651
0.694
0.709
0.656
0.668
0.584
0.609
0.588
0.663
0.645
0.755
0.659
0.707
0.683
0.864
0.938
0.971
0.793
0.739
0.727
0.679
0.665
0.646
0.614
0.532
0.596
0.643
0.564
0.556
0.784
0.904
0.724
0.580
0.511
0.621
0.625
0.587
0.682
0.739
0.637
0.618
0.656
0.486
0.598
0.626
0.616
0.620
0.568
0.510
0.363
0.327
0.342
0.546
0.550
0.610
0.462
0.553
0.523
0.441
0.462
0.501
0.423
0.382
0.383
0.363
0.515
0.635
0.580
0.943
0.656
0.640
0.585
0.729
0.521
0.397
0.524
0.431
0.450
0.476
0.561
0.463
0.597
0.598
0.523
0.545
0.497
0.536
0.579
0.559
0.578
0.540
0.442
0.455
0.483
0.481
0.580
0.352
0.388
0.375
0.377
0.365
0.342
0.454
0.395
0.411
0.502
0.443
0.359
0.458
0.421
0.341
0.407
0.538
0.773
0.671
0.596
0.546
0.512
0.488
0.538
0.441
0.461
0.350
0.402
0.437
0.481
0.538
0.592
0.861
0.644
0.668
0.726
0.755
0.622
0.573
0.535
0.683
0.863
0.619
0.525
0.488
0.454
0.486
0.509
0.549
0.669
0.622
0.557
0.578
0.704
0.522
0.565
0.806
0.726
0.634
0.531
0.487
0.476
0.540
0.631
0.599
0.534
0.645
0.658
0.614
0.659
0.587
0.693
0.826
0.803
0.786
0.642
0.568
0.590
0.719
0.587
0.804
0.688
0.896
0.909
0.807
0.745
0.728
0.677
0.880
0.913
0.783
0.816
0.958
0.588
0.914
0.657
0.587
0.708
0.791
0.835
0.852
0.950
0.969
0.856
0.673
0.656
0.926
0.868
0.727
0.882
0.899
0.945
0.879
0.886
0.812
0.791
0.844
0.961
0.974
0.893
0.904
0.895
0.910
0.942
0.974
0.978
0.954
0.960
0.869
0.853
0.854
0.945
0.910
0.936
0.846
0.725
0.938
0.824
0.922
0.937
0.902
0.899
0.798
0.853
0.863
0.921
0.819
0.894
0.939
0.945
0.953
0.916
0.879
0.890
0.819
0.710
0.921
0.948
0.864
0.846
0.955
0.884
0.896
0.926
0.946
0.745
0.759
0.914
0.830
0.757
0.836
0.924
0.956
0.952
0.951
0.952
0.911
0.960
0.914
0.925
0.778
0.868
0.766
0.816
0.893
0.932
0.896
0.963
0.904
0.781
0.811
0.889
0.968
0.898
0.710
0.631
0.607
0.673
0.664
0.823
0.819
0.899
0.919
0.948
0.826
0.963
0.885
0.888
0.910
0.793
0.847
0.935
0.900
0.955
0.830
0.868
0.845
0.902
0.911
0.696
0.697
0.742
0.828
0.815
0.774
0.749
0.895
0.907
0.862
0.838
0.958
0.961
0.949
0.938
0.966
0.872
0.856
0.745
0.741
0.748
0.726
0.874
0.739
0.909
0.786
0.726
0.657
0.686
0.653
0.789
0.850
0.934
0.867
0.720
0.720
0.762
0.807
0.751
0.863
0.794
0.698
0.631
0.653
0.717
0.896
0.925
0.954
0.813
0.691
0.701
0.716
0.644
0.654
0.627
0.643
0.688
0.915
0.804
0.801
0.771
0.756
0.765
0.793
0.806
0.671
0.646
0.666
0.689
0.703
0.645
0.552
0.617
0.685
0.583
0.644
0.597
0.552
0.647
0.615
0.670
0.688
0.799
0.942
0.706
0.541
0.626
0.599
0.567
0.557
0.660
0.623
0.548
0.513
0.607
0.623
0.522
0.562
0.576
0.562
0.521
0.528
0.666
0.672
0.400
0.408
0.463
0.545
0.576
0.569
0.575
0.602
0.602
0.582
0.405
0.376
0.336
0.345
0.325
0.345
0.392
0.336
0.489
0.417
0.551
0.416
0.467
0.462
0.512
0.489
0.391
0.429
0.476
0.348
0.339
0.398
0.280
0.362
0.516
0.502
0.488
0.529
0.417
0.410
0.435
0.433
0.390
0.399
0.406
0.452
0.634
0.710
0.432
0.440
0.467
0.469
0.490
0.492
0.490
0.448
0.525
0.474
0.500
0.559
0.527
0.425
0.396
0.620
0.437
0.449
0.344
0.380
0.477
0.447
0.396
0.390
0.337
0.384
0.393
0.377
0.488
0.712
0.582
0.483
0.513
0.478
0.507
0.539
0.762
0.665
0.844
0.716
0.669
0.665
0.687
0.735
0.617
0.585
0.536
0.606
0.778
0.637
0.611
0.505
0.495
0.843
0.571
0.608
0.635
0.870
0.669
0.816
0.852
0.953
0.689
0.652
0.632
0.671
0.598
0.666
0.900
0.643
0.588
0.593
0.564
0.669
0.769
0.601
0.609
0.653
0.643
0.632
0.485
0.557
0.683
0.586
0.665
0.684
0.591
0.599
0.592
0.778
0.833
0.612
0.818
0.727
0.875
0.769
0.827
0.570
0.787
0.809
0.821
0.874
0.719
0.901
0.774
0.800
0.857
0.581
0.727
0.603
0.557
0.701
0.602
0.752
0.652
0.721
0.620
0.634
0.833
0.769
0.927
0.918
0.922
0.891
0.949
0.801
0.684
0.585
0.608
0.608
0.799
0.634
0.658
0.611
0.621
0.584
0.766
0.858
0.738
0.630
0.639
0.739
0.697
0.603
0.570
0.859
0.860
0.913
0.961
0.932
0.871
0.962
0.789
0.817
0.632
0.868
0.886
0.865
0.972
0.863
0.971
0.887
0.963
0.798
0.936
0.886
0.952
0.905
0.905
0.871
0.870
0.827
0.900
0.853
0.972
0.965
0.945
0.854
0.932
0.902
0.930
0.953
0.809
0.910
0.852
0.978
0.958
0.675
0.655
0.649
0.865
0.774
0.941
0.911
0.943
0.837
0.891
0.960
0.866
0.898
0.892
0.964
0.929
0.857
0.860
0.917
0.910
0.818
0.721
0.682
0.789
0.786
0.958
0.876
0.924
0.883
0.955
0.955
0.861
0.903
0.937
0.824
0.787
0.676
0.689
0.904
0.943
0.885
0.903
0.733
0.910
0.958
0.814
0.727
0.714
0.788
0.826
0.909
0.754
0.680
0.740
0.830
0.871
0.884
0.684
0.794
0.903
0.941
0.870
0.699
0.681
0.636
0.747
0.847
0.960
0.812
0.742
0.682
0.622
0.764
0.694
0.646
0.603
0.638
0.794
0.831
0.626
0.635
0.717
0.788
0.746
0.640
0.607
0.588
0.606
0.592
0.659
0.646
0.657
0.602
0.577
0.596
0.760
0.796
0.891
0.871
0.825
0.789
0.715
0.636
0.805
0.567
0.558
0.630
0.619
0.592
0.512
0.605
0.561
0.868
0.843
0.838
0.774
0.690
0.575
0.704
0.483
0.456
0.422
0.572
0.673
0.649
0.540
0.513
0.536
0.587
0.505
0.460
0.498
0.494
0.475
0.426
0.562
0.512
0.478
0.415
0.397
0.441
0.425
0.429
0.429
0.494
0.576
0.607
0.870
0.905
0.839
0.721
0.600
0.709
0.658
0.552
0.464
0.404
0.466
0.504
0.510
0.686
0.778
0.613
0.539
0.627
0.579
0.678
0.571
0.517
0.530
0.513
0.756
0.689
0.849
0.959
0.790
0.611
0.547
0.649
0.629
0.506
0.522
0.517
0.498
0.537
0.753
0.597
0.513
0.439
0.483
0.514
0.534
0.511
0.499
0.505
0.485
0.549
0.656
0.823
0.603
0.592
0.638
0.594
0.465
0.452
0.438
0.368
0.613
0.611
0.584
0.625
0.652
0.613
0.465
0.452
0.456
0.439
0.427
0.384
0.450
0.629
0.588
0.532
0.513
0.604
0.612
0.350
0.351
0.456
0.514
0.598
0.651
0.632
0.643
0.563
0.722
0.653
0.918
0.951
0.974
0.682
0.753
0.668
0.966
0.702
0.740
0.606
0.717
0.573
0.578
0.581
0.630
0.868
0.775
0.969
0.761
0.964
0.882
0.944
0.881
0.771
0.810
0.970
0.868
0.660
0.737
0.879
0.953
0.879
0.847
0.899
0.732
0.923
0.780
0.942
0.910
0.974
0.705
0.613
0.699
0.752
0.890
0.933
0.942
0.931
0.831
0.967
0.875
0.944
0.954
0.874
0.927
0.870
0.912
0.940
0.920
0.958
0.947
0.962
0.926
0.857
0.915
0.906
0.932
0.890
0.919
0.893
0.979
0.943
0.848
0.905
0.902
0.945
0.961
0.950
0.894
0.965
0.928
0.937
0.900
0.957
0.974
0.980
0.850
0.814
0.868
0.950
0.981
0.845
0.930
0.954
0.907
0.948
0.871
0.806
0.775
0.901
0.962
0.973
0.913
0.975
0.972
0.954
0.927
0.973
0.957
0.962
0.947
0.968
0.968
0.865
0.941
0.913
0.951
0.896
0.951
0.897
0.941
0.896
0.959
0.907
0.958
0.923
0.977
0.983
0.882
0.892
0.932
0.936
0.872
0.939
0.932
0.950
0.943
0.906
0.973
0.906
0.972
0.945
0.920
0.878
0.895
0.853
0.771
0.898
0.935
0.971
0.901
0.861
0.899
0.939
0.825
0.917
0.982
0.875
0.870
0.864
0.765
0.940
0.940
0.858
0.727
0.765
0.733
0.821
0.803
0.900
0.955
0.941
0.959
0.898
0.852
0.759
0.834
0.755
0.847
0.954
0.790
0.702
0.680
0.689
0.691
0.714
0.784
0.871
0.912
0.941
0.913
0.952
0.711
0.727
0.794
0.778
0.801
0.917
0.742
0.781
0.767
0.679
0.794
0.893
0.904
0.808
0.738
0.728
0.692
0.673
0.731
0.898
0.894
0.886
0.657
0.715
0.662
0.640
0.740
0.827
0.932
0.718
0.680
0.790
0.667
0.786
0.737
0.751
0.849
0.858
0.723
0.715
0.863
0.727
0.700
0.730
0.653
0.650
0.687
0.521
0.624
0.659
0.681
0.719
0.565
0.646
0.540
0.479
0.621
0.546
0.479
0.591
0.545
0.582
0.639
0.665
0.499
0.517
0.589
0.580
0.456
0.461
0.428
0.545
0.515
0.633
0.784
0.847
0.698
0.495
0.443
0.449
0.538
0.646
0.575
0.610
0.513
0.524
0.516
0.582
0.589
0.461
0.462
0.568
0.549
0.557
0.508
0.473
0.598
0.498
0.391
0.345
0.358
0.423
0.498
0.498
0.581
0.655
0.519
0.516
0.460
0.374
0.434
0.481
0.490
0.496
0.501
0.481
0.479
0.518
0.452
0.454
0.521
0.611
0.485
0.451
0.456
0.533
0.564
0.491
0.524
0.435
0.472
0.455
0.372
0.386
0.461
0.465
0.510
0.812
0.568
0.558
0.529
0.466
0.505
0.813
0.728
0.647
0.613
0.629
0.641
0.709
0.867
0.709
0.923
0.660
0.814
0.952
0.851
0.826
0.737
0.594
0.622
0.628
0.530
0.572
0.633
0.890
0.778
0.830
0.871
0.907
0.915
0.609
0.889
0.860
0.886
0.952
0.672
0.606
0.601
0.618
0.866
0.943
0.967
0.899
0.739
0.624
0.638
0.764
0.899
0.724
0.804
0.846
0.692
0.761
0.846
0.915
0.787
0.916
0.713
0.683
0.692
0.709
0.948
0.900
0.836
0.915
0.940
0.949
0.742
0.822
0.850
0.896
0.908
0.963
0.793
0.667
0.607
0.777
0.844
0.820
0.625
0.808
0.940
0.921
0.935
0.825
0.924
0.929
0.840
0.725
0.810
0.720
0.758
0.898
0.934
0.853
0.931
0.949
0.971
0.972
0.772
0.897
0.884
0.884
0.818
0.947
0.931
0.952
0.963
0.920
0.864
0.873
0.871
0.879
0.886
0.961
0.978
0.924
0.978
0.975
0.911
0.969
0.931
0.886
0.917
0.884
0.971
0.977
0.941
0.941
0.896
0.884
0.865
0.937
0.858
0.957
0.913
0.948
0.914
0.973
0.883
0.716
0.672
0.736
0.720
0.603
0.615
0.776
0.795
0.812
0.660
0.808
0.960
0.911
0.947
0.946
0.815
0.881
0.948
0.966
0.960
0.944
0.954
0.980
0.927
0.887
0.957
0.980
0.875
0.963
0.889
0.934
0.802
0.883
0.968
0.983
0.827
0.947
0.962
0.824
0.886
0.811
0.969
0.876
0.768
0.919
0.927
0.844
0.833
0.952
0.970
0.881
0.737
0.837
0.939
0.949
0.856
0.965
0.878
0.930
0.777
0.891
0.836
0.926
0.866
0.897
0.915
0.974
0.904
0.901
0.820
0.759
0.708
0.733
0.682
0.771
0.745
0.788
0.866
0.841
0.943
0.941
0.883
0.879
0.811
0.911
0.959
0.916
0.800
0.816
0.816
0.816
0.958
0.791
0.714
0.797
0.926
0.757
0.684
0.698
0.663
0.796
0.795
0.797
0.838
0.719
0.819
0.741
0.839
0.897
0.776
0.699
0.857
0.935
0.411
0.470
0.563
0.662
0.652
0.762
0.794
0.837
0.709
0.620
0.651
0.644
0.681
0.595
0.483
0.482
0.670
0.730
0.694
0.677
0.590
0.673
0.677
0.589
0.579
0.587
0.752
0.791
0.727
0.680
0.697
0.639
0.638
0.637
0.543
0.544
0.538
0.501
0.563
0.464
0.482
0.553
0.516
0.491
0.523
0.731
0.533
0.546
0.602
0.606
0.518
0.405
0.427
0.476
0.371
0.318
0.394
0.403
0.484
0.367
0.288
0.374
0.430
0.485
0.393
0.416
0.399
0.436
0.404
0.346
0.303
0.355
0.411
0.478
0.510
0.315
0.315
0.365
0.418
0.451
0.517
0.533
0.749
0.572
0.581
0.455
0.453
0.418
0.492
0.479
0.415
0.436
0.484
0.496
0.440
0.517
0.656
0.689
0.662
0.649
0.702
0.523
0.579
0.474
0.415
0.386
0.435
0.568
0.568
0.815
0.801
0.660
0.612
0.455
0.445
0.483
0.513
0.722
0.597
0.542
0.517
0.603
0.518
0.589
0.542
0.731
0.758
0.602
0.681
0.696
0.626
0.638
0.529
0.571
0.526
0.473
0.557
0.509
0.527
0.614
0.527
0.433
0.468
0.443
0.524
0.465
0.560
0.673
0.712
0.476
0.463
0.554
0.562
0.586
0.878
0.891
0.918
0.878
0.947
0.828
0.868
0.959
0.933
0.919
0.787
0.898
0.868
0.844
0.874
0.897
0.921
0.791
0.931
0.730
0.909
0.944
0.736
0.689
0.675
0.673
0.852
0.919
0.893
0.962
0.754
0.915
0.972
0.953
0.880
0.745
0.914
0.756
0.776
0.924
0.851
0.873
0.722
0.603
0.668
0.650
0.854
0.945
0.927
0.812
0.769
0.938
0.746
0.865
0.941
0.878
0.943
0.823
0.925
0.920
0.728
0.921
0.932
0.966
0.922
0.752
0.660
0.750
0.885
0.707
0.725
0.883
0.969
0.850
0.884
0.875
0.931
0.691
0.749
0.830
0.876
0.914
0.881
0.967
0.871
0.684
0.720
0.883
0.949
0.861
0.916
0.899
0.793
0.921
0.954
0.964
0.955
0.960
0.952
0.972
0.818
0.941
0.970
0.978
0.900
0.965
0.979
0.982
0.977
0.936
0.954
0.951
0.826
0.944
0.966
0.903
0.867
0.829
0.901
0.800
0.871
0.789
0.808
0.903
0.811
0.801
0.921
0.920
0.893
0.925
0.854
0.947
0.918
0.908
0.879
0.933
0.592
0.594
0.674
0.720
0.818
0.808
0.925
0.912
0.964
0.848
0.606
0.688
0.773
0.708
0.853
0.835
0.877
0.932
0.909
0.917
0.939
0.967
0.862
0.928
0.933
0.924
0.825
0.706
0.735
0.712
0.840
0.746
0.839
0.856
0.959
0.958
0.955
0.775
0.748
0.801
0.717
0.682
0.634
0.601
0.632
0.664
0.676
0.743
0.654
0.758
0.916
0.819
0.730
0.678
0.723
0.587
0.809
0.883
0.855
0.804
0.903
0.691
0.625
0.641
0.605
0.543
0.648
0.689
0.589
0.625
0.658
0.551
0.572
0.629
0.855
0.865
0.720
0.913
0.723
0.659
0.658
0.673
0.725
0.731
0.674
0.655
0.703
0.772
0.772
0.760
0.825
0.877
0.713
0.595
0.600
0.600
0.688
0.750
0.555
0.514
0.437
0.467
0.579
0.524
0.619
0.604
0.647
0.621
0.654
0.645
0.828
0.679
0.629
0.565
0.672
0.637
0.615
0.653
0.528
0.501
0.658
0.518
0.559
0.592
0.567
0.499
0.490
0.455
0.353
0.326
0.357
0.374
0.516
0.423
0.401
0.443
0.570
0.347
0.359
0.325
0.563
0.336
0.331
0.287
0.292
0.330
0.366
0.323
0.393
0.411
0.496
0.515
0.580
0.670
0.691
0.523
0.526
0.491
0.506
0.414
0.437
0.442
0.297
0.352
0.359
0.373
0.430
0.523
0.447
0.509
0.556
0.396
0.381
0.443
0.416
0.505
0.438
0.411
0.384
0.537
0.509
0.554
0.563
0.730
0.608
0.924
0.627
0.555
0.587
0.470
0.601
0.561
0.485
0.497
0.495
0.504
0.624
0.491
0.570
0.764
0.900
0.760
0.527
0.429
0.440
0.380
0.562
0.546
0.530
0.606
0.500
0.638
0.718
0.732
0.860
0.798
0.837
0.656
0.785
0.616
0.632
0.837
0.669
0.652
0.640
0.667
0.848
0.853
0.909
0.820
0.980
0.703
0.683
0.900
0.971
0.967
0.856
0.838
0.897
0.950
0.948
0.905
0.832
0.870
0.815
0.908
0.776
0.678
0.630
0.857
0.930
0.909
0.885
0.631
0.849
0.878
0.959
0.938
0.815
0.855
0.870
0.911
0.935
0.751
0.866
0.966
0.799
0.876
0.840
0.709
0.707
0.846
0.936
0.881
0.863
0.929
0.942
0.896
0.961
0.942
0.954
0.945
0.938
0.926
0.942
0.960
0.893
0.913
0.921
0.934
0.898
0.827
0.903
0.907
0.959
0.924
0.773
0.749
0.674
0.749
0.807
0.836
0.948
0.980
0.843
0.934
0.963
0.885
0.837
0.917
0.884
0.976
0.969
0.881
0.933
0.911
0.881
0.968
0.964
0.876
0.965
0.916
0.874
0.959
0.939
0.961
0.861
0.934
0.976
0.906
0.876
0.904
0.941
0.964
0.967
0.920
0.860
0.911
0.842
0.929
0.955
0.936
0.851
0.818
0.750
0.876
0.981
0.937
0.933
0.921
0.866
0.954
0.919
0.818
0.859
0.951
0.971
0.968
0.960
0.952
0.705
0.941
0.888
0.804
0.874
0.878
0.933
0.921
0.864
0.887
0.949
0.959
0.820
0.712
0.636
0.630
0.877
0.817
0.877
0.870
0.931
0.908
0.900
0.966
0.908
0.862
0.804
0.671
0.646
0.689
0.695
0.845
0.886
0.869
0.897
0.917
0.740
0.816
0.936
0.983
0.893
0.939
0.880
0.790
0.763
0.840
0.891
0.817
0.931
0.831
0.891
0.796
0.769
0.837
0.890
0.946
0.833
0.742
0.724
0.702
0.694
0.755
0.744
0.700
0.612
0.688
0.664
0.683
0.682
0.719
0.814
0.834
0.755
0.812
0.757
0.724
0.664
0.654
0.570
0.645
0.636
0.709
0.845
0.805
0.605
0.590
0.645
0.685
0.684
0.658
0.643
0.593
0.640
0.632
0.635
0.589
0.566
0.534
0.661
0.665
0.500
0.548
0.565
0.567
0.526
0.641
0.497
0.452
0.549
0.517
0.524
0.612
0.529
0.520
0.481
0.510
0.483
0.449
0.444
0.372
0.370
0.516
0.694
0.673
0.700
0.669
0.719
0.683
0.596
0.521
0.508
0.530
0.458
0.693
0.632
0.625
0.567
0.918
0.777
0.623
0.558
0.497
0.611
0.680
0.752
0.515
0.491
0.427
0.480
0.512
0.580
0.573
0.580
0.652
0.456
0.476
0.497
0.544
0.411
0.421
0.398
0.384
0.505
0.371
0.334
0.334
0.350
0.417
0.452
0.676
0.673
0.613
0.553
0.669
0.491
0.505
0.379
0.387
0.385
0.538
0.535
0.480
0.529
0.599
0.506
0.497
0.476
0.539
0.513
0.531
0.526
0.739
0.439
0.422
0.470
0.523
0.520
0.532
0.616
0.599
0.743
0.601
0.556
0.680
0.568
0.673
0.615
0.640
0.519
0.562
0.537
0.599
0.717
0.629
0.619
0.538
0.689
0.848
0.864
0.688
0.899
0.572
0.525
0.599
0.805
0.861
0.771
0.862
0.850
0.734
0.556
0.872
0.951
0.831
0.613
0.603
0.519
0.658
0.881
0.897
0.950
0.845
0.957
0.817
0.847
0.780
0.785
0.850
0.798
0.631
0.782
0.915
0.936
0.677
0.623
0.605
0.606
0.615
0.637
0.508
0.534
0.583
0.674
0.624
0.778
0.659
0.855
0.802
0.912
0.901
0.903
0.910
0.875
0.689
0.680
0.713
0.901
0.940
0.938
0.953
0.963
0.975
0.816
0.967
0.853
0.950
0.882
0.837
0.841
0.943
0.982
0.978
0.904
0.799
0.838
0.710
0.730
0.901
0.800
0.770
0.963
0.910
0.853
0.897
0.962
0.846
0.916
0.963
0.894
0.868
0.946
0.923
0.927
0.879
0.928
0.893
0.935
0.873
0.977
0.929
0.973
0.914
0.979
0.981
0.862
0.850
0.861
0.960
0.902
0.951
0.949
0.883
0.920
0.977
0.913
0.841
0.919
0.894
0.968
0.956
0.893
0.972
0.963
0.970
0.916
0.918
0.948
0.976
0.940
0.953
0.943
0.894
0.944
0.964
0.951
0.939
0.982
0.853
0.641
0.598
0.538
0.552
0.713
0.661
0.825
0.925
0.941
0.896
0.848
0.980
0.984
0.927
0.866
0.950
0.919
0.889
0.946
0.870
0.819
0.841
0.935
0.968
0.955
0.838
0.821
0.904
0.938
0.950
0.939
0.918
0.974
0.896
0.954
0.961
0.819
0.638
0.724
0.753
0.734
0.690
0.762
0.910
0.882
0.873
0.917
0.940
0.898
0.956
0.812
0.821
0.709
0.742
0.874
0.755
0.814
0.780
0.747
0.776
0.791
0.787
0.761
0.767
0.853
0.916
0.836
0.714
0.908
0.943
0.913
0.969
0.896
0.819
0.885
0.865
0.792
0.837
0.834
0.797
0.715
0.760
0.825
0.700
0.696
0.652
0.619
0.653
0.728
0.771
0.924
0.779
0.676
0.650
0.620
0.605
0.622
0.500
0.568
0.597
0.558
0.546
0.546
0.581
0.630
0.593
0.528
0.577
0.588
0.612
0.563
0.657
0.515
0.540
0.539
0.528
0.504
0.513
0.570
0.661
0.682
0.626
0.614
0.785
0.785
0.815
0.815
0.872
0.791
0.673
0.634
0.520
0.455
0.448
0.575
0.512
0.488
0.529
0.550
0.613
0.676
0.750
0.835
0.620
0.641
0.750
0.693
0.632
0.574
0.454
0.486
0.379
0.437
0.456
0.506
0.403
0.501
0.468
0.582
0.497
0.533
0.490
0.462
0.479
0.487
0.629
0.530
0.527
0.567
0.591
0.829
0.593
0.525
0.425
0.378
0.472
0.634
0.512
0.466
0.546
0.819
0.771
0.568
0.512
0.534
0.590
0.549
0.426
0.436
0.586
0.584
0.685
0.611
0.577
0.482
0.442
0.552
0.584
0.505
0.473
0.459
0.553
0.555
0.522
0.524
0.671
0.808
0.923
0.758
0.531
0.519
0.470
0.497
0.553
0.661
0.868
0.543
0.540
0.571
0.653
0.526
0.530
0.454
0.477
0.407
0.404
0.477
0.428
0.489
0.771
0.968
0.688
0.519
0.803
0.931
0.725
0.801
0.827
0.835
0.881
0.757
0.722
0.920
0.966
0.752
0.833
0.664
0.714
0.965
0.851
0.893
0.829
0.780
0.671
0.704
0.581
0.513
0.672
0.647
0.783
0.898
0.790
0.977
0.973
0.954
0.929
0.761
0.835
0.911
0.860
0.845
0.922
0.839
0.819
0.775
0.660
0.728
0.914
0.908
0.840
0.850
0.864
0.862
0.780
0.811
0.912
0.745
0.884
0.905
0.733
0.848
0.915
0.957
0.734
0.896
0.894
0.876
0.831
0.867
0.873
0.970
0.896
0.850
0.792
0.849
0.770
0.641
0.840
0.948
0.921
0.837
0.741
0.853
0.829
0.934
0.695
0.867
0.849
0.807
0.687
0.500
0.529
0.685
0.775
0.808
0.747
0.843
0.923
0.843
0.871
0.849
0.792
0.840
0.834
0.859
0.855
0.972
0.954
0.786
0.956
0.960
0.965
0.904
0.923
0.932
0.897
0.932
0.923
0.934
0.923
0.946
0.911
0.916
0.963
0.941
0.888
0.874
0.953
0.816
0.935
0.940
0.947
0.793
0.965
0.961
0.899
0.963
0.926
0.904
0.694
0.657
0.791
0.925
0.850
0.891
0.886
0.843
0.898
0.941
0.846
0.946
0.924
0.957
0.897
0.959
0.818
0.754
0.889
0.969
0.956
0.763
0.916
0.855
0.826
0.859
0.864
0.840
0.743
0.669
0.891
0.942
0.775
0.695
0.710
0.680
0.686
0.909
0.806
0.945
0.900
0.804
0.930
0.812
0.531
0.527
0.517
0.531
0.679
0.651
0.638
0.664
0.940
0.956
0.950
0.882
0.904
0.932
0.728
0.676
0.673
0.638
0.637
0.636
0.646
0.760
0.716
0.760
0.779
0.800
0.801
0.714
0.689
0.665
0.616
0.689
0.694
0.718
0.691
0.649
0.630
0.597
0.654
0.623
0.552
0.624
0.556
0.600
0.584
0.603
0.576
0.661
0.683
0.579
0.676
0.566
0.606
0.629
0.638
0.598
0.526
0.567
0.487
0.552
0.606
0.589
0.562
0.723
0.664
0.634
0.622
0.539
0.541
0.642
0.599
0.591
0.581
0.475
0.407
0.424
0.426
0.499
0.546
0.541
0.718
0.539
0.871
0.683
0.764
0.675
0.533
0.534
0.491
0.448
0.391
0.404
0.434
0.689
0.715
0.530
0.474
0.498
0.535
0.375
0.369
0.386
0.353
0.419
0.400
0.283
0.375
0.265
0.365
0.461
0.449
0.511
0.491
0.471
0.506
0.509
0.577
0.414
0.446
0.427
0.392
0.372
0.387
0.375
0.422
0.466
0.382
0.305
0.324
0.305
0.309
0.282
0.424
0.454
0.756
0.664
0.942
0.565
0.421
0.476
0.432
0.439
0.381
0.486
0.395
0.400
0.375
0.437
0.441
0.398
0.543
0.484
0.503
0.646
0.862
0.817
0.868
0.589
0.537
0.569
0.627
0.914
0.750
0.699
0.860
0.870
0.851
0.798
0.756
0.869
0.925
0.762
0.916
0.898
0.795
0.850
0.818
0.647
0.806
0.886
0.946
0.885
0.914
0.818
0.619
0.899
0.668
0.647
0.683
0.592
0.818
0.824
0.916
0.972
0.940
0.834
0.695
0.774
0.781
0.851
0.955
0.939
0.977
0.922
0.964
0.958
0.979
0.818
0.829
0.807
0.913
0.942
0.755
0.639
0.599
0.557
0.682
0.758
0.732
0.913
0.799
0.578
0.556
0.710
0.907
0.929
0.812
0.979
0.894
0.824
0.710
0.959
0.810
0.767
0.942
0.902
0.855
0.945
0.925
0.852
0.875
0.951
0.963
0.908
0.911
0.826
0.956
0.967
0.964
0.963
0.949
0.958
0.866
0.965
0.969
0.913
0.961
0.955
0.942
0.886
0.890
0.938
0.915
0.973
0.979
0.874
0.886
0.970
0.957
0.910
0.845
0.831
0.840
0.891
0.968
0.961
0.972
0.980
0.960
0.918
0.921
0.943
0.903
0.976
0.849
0.905
0.955
0.924
0.928
0.926
0.833
0.914
0.840
0.814
0.730
0.786
0.760
0.794
0.871
0.927
0.933
0.919
0.832
0.860
0.847
0.810
0.911
0.955
0.948
0.926
0.918
0.967
0.941
0.875
0.920
0.793
0.829
0.795
0.946
0.943
0.873
0.912
0.873
0.828
0.915
0.947
0.954
0.911
0.883
0.943
0.909
0.922
0.964
0.932
0.941
0.980
0.724
0.643
0.757
0.739
0.727
0.843
0.749
0.826
0.784
0.941
0.947
0.929
0.974
0.963
0.927
0.968
0.957
0.963
0.908
0.948
0.968
0.833
0.858
0.929
0.952
0.872
0.968
0.909
0.889
0.890
0.853
0.820
0.752
0.740
0.747
0.758
0.858
0.892
0.801
0.885
0.900
0.889
0.965
0.790
0.783
0.730
0.856
0.849
0.818
0.787
0.780
0.837
0.780
0.872
0.836
0.725
0.733
0.736
0.761
0.890
0.736
0.818
0.934
0.964
0.820
0.749
0.809
0.806
0.792
0.866
0.760
0.883
0.874
0.852
0.833
0.745
0.785
0.862
0.836
0.668
0.686
0.730
0.699
0.710
0.688
0.622
0.734
0.657
0.717
0.854
0.768
0.744
0.745
0.667
0.686
0.705
0.651
0.598
0.575
0.583
0.605
0.526
0.543
0.514
0.482
0.518
0.470
0.473
0.649
0.455
0.477
0.553
0.534
0.456
0.481
0.514
0.497
0.540
0.558
0.357
0.356
0.530
0.538
0.523
0.492
0.458
0.422
0.486
0.332
0.517
0.399
0.465
0.380
0.593
0.601
0.567
0.512
0.484
0.449
0.430
0.400
0.384
0.476
0.364
0.404
0.393
0.481
0.407
0.410
0.410
0.544
0.767
0.587
0.567
0.793
0.699
0.556
0.617
0.565
0.476
0.586
0.560
0.590
0.689
0.665
0.598
0.693
0.593
0.490
0.415
0.450
0.364
0.349
0.477
0.548
0.506
0.548
0.422
0.440
0.442
0.410
0.439
0.440
0.636
0.561
0.556
0.493
0.407
0.695
0.437
0.499
0.457
0.414
0.477
0.544
0.814
0.551
0.434
0.641
0.538
0.768
0.786
0.777
0.556
0.698
0.925
0.708
0.818
0.556
0.609
0.651
0.684
0.575
0.593
0.632
0.625
0.659
0.909
0.943
0.637
0.857
0.888
0.847
0.786
0.897
0.928
0.660
0.631
0.792
0.806
0.818
0.648
0.607
0.949
0.925
0.855
0.847
0.934
0.861
0.793
0.897
0.961
0.928
0.839
0.869
0.855
0.933
0.959
0.892
0.887
0.695
0.709
0.697
0.793
0.642
0.568
0.568
0.554
0.669
0.774
0.597
0.595
0.661
0.653
0.633
0.573
0.582
0.773
0.763
0.843
0.860
0.778
0.886
0.905
0.884
0.856
0.926
0.732
0.675
0.787
0.955
0.736
0.884
0.894
0.974
0.964
0.828
0.873
0.912
0.929
0.791
0.867
0.761
0.903
0.911
0.856
0.771
0.855
0.959
0.877
0.745
0.785
0.973
0.943
0.843
0.951
0.965
0.762
0.914
0.958
0.844
0.820
0.936
0.931
0.955
0.803
0.741
0.778
0.942
0.966
0.817
0.917
0.963
0.847
0.970
0.959
0.870
0.894
0.902
0.813
0.772
0.855
0.930
0.968
0.766
0.712
0.871
0.945
0.951
0.723
0.917
0.964
0.949
0.766
0.692
0.953
0.948
0.909
0.823
0.956
0.866
0.836
0.939
0.873
0.949
0.927
0.875
0.958
0.830
0.757
0.726
0.853
0.810
0.943
0.951
0.872
0.882
0.954
0.820
0.742
0.758
0.822
0.918
0.942
0.904
0.917
0.873
0.928
0.865
0.863
0.941
0.920
0.897
0.825
0.966
0.811
0.779
0.759
0.827
0.754
0.733
0.913
0.893
0.762
0.798
0.902
0.809
0.691
0.653
0.669
0.650
0.715
0.726
0.649
0.779
0.750
0.722
0.749
0.672
0.555
0.624
0.663
0.845
0.785
0.758
0.943
0.788
0.665
0.633
0.656
0.638
0.594
0.632
0.657
0.766
0.756
0.902
0.824
0.859
0.746
0.710
0.759
0.732
0.629
0.658
0.699
0.637
0.696
0.668
0.731
0.649
0.665
0.807
0.817
0.635
0.603
0.596
0.639
0.729
0.719
0.843
0.721
0.547
0.522
0.636
0.676
0.666
0.660
0.589
0.634
0.631
0.619
0.920
0.616
0.504
0.463
0.532
0.479
0.428
0.508
0.474
0.619
0.594
0.664
0.605
0.516
0.490
0.683
0.732
0.647
0.665
0.717
0.537
0.442
0.522
0.529
0.485
0.519
0.503
0.476
0.407
0.418
0.431
0.462
0.458
0.403
0.461
0.408
0.418
0.418
0.387
0.436
0.337
0.420
0.306
0.411
0.423
0.382
0.399
0.391
0.431
0.385
0.389
0.394
0.441
0.447
0.559
0.575
0.501
0.513
0.474
0.530
0.456
0.414
0.436
0.582
0.417
0.351
0.304
0.336
0.418
0.489
0.506
0.396
0.409
0.435
0.574
0.591
0.610
0.566
0.534
0.496
0.434
0.459
0.407
0.401
0.470
0.443
0.491
0.437
0.408
0.486
0.551
0.471
0.614
0.546
0.650
0.635
0.553
0.561
0.629
0.516
0.581
0.583
0.594
0.612
0.582
0.658
0.688
0.746
0.592
0.553
0.488
0.490
0.561
0.474
0.475
0.532
0.618
0.529
0.433
0.405
0.515
0.694
0.650
0.831
0.678
0.515
0.521
0.572
0.582
0.508
0.601
0.564
0.516
0.504
0.482
0.474
0.658
0.587
0.571
0.582
0.510
0.472
0.580
0.597
0.544
0.525
0.528
0.658
0.488
0.508
0.464
0.464
0.632
0.605
0.497
0.491
0.492
0.697
0.830
0.645
0.636
0.714
0.653
0.675
0.651
0.524
0.612
0.893
0.643
0.607
0.789
0.924
0.836
0.937
0.869
0.833
0.968
0.977
0.982
0.882
0.983
0.968
0.939
0.941
0.885
0.877
0.914
0.931
0.870
0.861
0.830
0.843
0.720
0.840
0.778
0.705
0.690
0.947
0.870
0.763
0.932
0.821
0.883
0.860
0.967
0.864
0.923
0.888
0.782
0.877
0.881
0.906
0.965
0.922
0.966
0.943
0.952
0.876
0.857
0.963
0.952
0.896
0.976
0.958
0.856
0.845
0.894
0.938
0.895
0.931
0.885
0.851
0.662
0.664
0.787
0.846
0.939
0.866
0.969
0.969
0.953
0.964
0.819
0.947
0.883
0.964
0.975
0.982
0.892
0.965
0.845
0.811
0.925
0.899
0.967
0.834
0.876
0.835
0.947
0.904
0.789
0.911
0.877
0.829
0.841
0.694
0.817
0.792
0.635
0.604
0.802
0.721
0.697
0.788
0.897
0.961
0.961
0.753
0.715
0.717
0.799
0.938
0.832
0.732
0.854
0.811
0.797
0.703
0.683
0.758
0.758
0.861
0.977
0.892
0.973
0.879
0.726
0.782
0.867
0.766
0.788
0.782
0.801
0.796
0.754
0.738
0.678
0.806
0.777
0.929
0.821
0.840
0.705
0.733
0.753
0.843
0.718
0.758
0.764
0.710
0.866
0.763
0.705
0.672
0.653
0.622
0.577
0.632
0.725
0.684
0.627
0.657
0.655
0.556
0.513
0.615
0.681
0.670
0.639
0.488
0.524
0.551
0.667
0.569
0.602
0.617
0.696
0.662
0.587
0.663
0.684
0.690
0.683
0.720
0.678
0.735
0.753
0.610
0.591
0.665
0.718
0.681
0.659
0.684
0.677
0.595
0.688
0.642
0.626
0.700
0.499
0.492
0.618
0.491
0.661
0.623
0.394
0.490
0.559
0.474
0.390
0.428
0.444
0.317
0.437
0.455
0.439
0.405
0.544
0.570
0.679
0.466
0.461
0.375
0.301
0.333
0.412
0.388
0.543
0.517
0.457
0.498
0.614
0.441
0.551
0.532
0.489
0.505
0.474
0.559
0.693
0.492
0.421
0.483
0.614
0.580
0.616
0.623
0.614
0.661
0.595
0.481
0.454
0.457
0.423
0.536
0.526
0.523
0.536
0.545
0.590
0.562
0.538
0.535
0.535
0.417
0.537
0.743
0.543
0.568
0.553
0.482
0.459
0.535
0.540
0.508
0.576
0.561
0.655
0.535
0.628
0.640
0.653
0.780
0.722
0.642
0.613
0.619
0.585
0.883
0.600
0.744
0.637
0.606
0.937
0.816
0.876
0.784
0.846
0.885
0.643
0.696
0.867
0.693
0.540
0.593
0.870
0.774
0.832
0.529
0.652
0.934
0.708
0.905
0.944
0.868
0.808
0.713
0.605
0.674
0.888
0.745
0.725
0.663
0.917
0.941
0.948
0.978
0.754
0.872
0.878
0.689
0.750
0.855
0.952
0.927
0.934
0.844
0.942
0.913
0.963
0.953
0.950
0.834
0.964
0.931
0.929
0.940
0.977
0.832
0.758
0.693
0.837
0.868
0.920
0.941
0.968
0.853
0.939
0.817
0.710
0.659
0.569
0.843
0.873
0.822
0.711
0.636
0.536
0.583
0.589
0.580
0.695
0.907
0.899
0.741
0.630
0.789
0.826
0.785
0.927
0.851
0.864
0.924
0.936
0.888
0.927
0.970
0.973
0.879
0.698
0.880
0.934
0.927
0.863
0.944
0.917
0.967
0.934
0.874
0.963
0.831
0.980
0.934
0.893
0.897
0.882
0.951
0.860
0.839
0.845
0.898
0.812
0.678
0.820
0.871
0.938
0.912
0.914
0.921
0.967
0.855
0.922
0.952
0.954
0.888
0.745
0.922
0.947
0.948
0.786
0.895
0.941
0.960
0.849
0.902
0.907
0.779
0.964
0.859
0.890
0.963
0.965
0.943
0.822
0.910
0.870
0.907
0.746
0.818
0.817
0.890
0.863
0.878
0.851
0.863
0.827
0.856
0.915
0.932
0.909
0.896
0.911
0.887
0.936
0.956
0.864
0.947
0.888
0.898
0.812
0.882
0.919
0.967
0.858
0.887
0.878
0.938
0.784
0.755
0.767
0.925
0.901
0.803
0.811
0.864
0.760
0.688
0.804
0.924
0.890
0.881
0.739
0.721
0.812
0.943
0.870
0.970
0.842
0.754
0.710
0.754
0.756
0.628
0.696
0.844
0.873
0.910
0.880
0.843
0.822
0.776
0.743
0.737
0.720
0.844
0.859
0.841
0.786
0.807
0.746
0.773
0.714
0.673
0.673
0.698
0.774
0.630
0.593
0.562
0.574
0.614
0.566
0.634
0.591
0.575
0.725
0.702
0.674
0.585
0.641
0.601
0.755
0.734
0.827
0.818
0.755
0.685
0.611
0.551
0.629
0.556
0.562
0.550
0.623
0.682
0.818
0.633
0.538
0.624
0.573
0.581
0.745
0.707
0.587
0.631
0.642
0.611
0.676
0.626
0.535
0.602
0.574
0.500
0.520
0.507
0.465
0.468
0.416
0.455
0.394
0.423
0.449
0.582
0.525
0.543
0.540
0.497
0.550
0.762
0.628
0.529
0.522
0.539
0.553
0.471
0.540
0.666
0.639
0.670
0.567
0.477
0.434
0.470
0.497
0.455
0.520
0.580
0.619
0.694
0.516
0.555
0.576
0.562
0.494
0.557
0.517
0.649
0.631
0.594
0.526
0.507
0.410
0.510
0.414
0.454
0.452
0.589
0.525
0.632
0.749
0.701
0.811
0.635
0.474
0.496
0.777
0.665
0.883
0.622
0.705
0.681
0.674
0.596
0.590
0.665
0.696
0.781
0.797
0.672
0.608
0.918
0.655
0.785
0.721
0.775
0.661
0.904
0.892
0.850
0.957
0.895
0.827
0.774
0.722
0.757
0.521
0.444
0.511
0.835
0.839
0.846
0.957
0.816
0.758
0.694
0.840
0.652
0.696
0.695
0.850
0.811
0.651
0.675
0.606
0.544
0.635
0.648
0.693
0.790
0.729
0.733
0.755
0.828
0.738
0.785
0.863
0.742
0.612
0.654
0.835
0.950
0.901
0.871
0.805
0.908
0.914
0.973
0.847
0.941
0.910
0.923
0.942
0.820
0.914
0.915
0.915
0.931
0.817
0.788
0.862
0.730
0.675
0.741
0.679
0.557
0.715
0.660
0.651
0.576
0.633
0.727
0.671
0.841
0.854
0.762
0.696
0.834
0.749
0.790
0.880
0.918
0.833
0.857
0.711
0.950
0.943
0.731
0.790
0.924
0.960
0.845
0.825
0.905
0.954
0.953
0.916
0.796
0.876
0.919
0.964
0.972
0.847
0.923
0.873
0.912
0.963
0.915
0.947
0.950
0.908
0.888
0.903
0.869
0.980
0.776
0.690
0.859
0.946
0.943
0.882
0.977
0.904
0.914
0.924
0.899
0.961
0.924
0.943
0.876
0.916
0.919
0.957
0.897
0.878
0.915
0.898
0.971
0.905
0.961
0.933
0.968
0.922
0.810
0.643
0.613
0.703
0.876
0.893
0.950
0.877
0.862
0.897
0.889
0.836
0.958
0.967
0.973
0.922
0.886
0.923
0.969
0.925
0.756
0.683
0.624
0.666
0.764
0.741
0.723
0.933
0.928
0.822
0.922
0.763
0.827
0.884
0.894
0.802
0.834
0.842
0.913
0.953
0.867
0.904
0.795
0.955
0.836
0.658
0.633
0.715
0.790
0.901
0.878
0.888
0.793
0.836
0.749
0.716
0.701
0.624
0.722
0.679
0.738
0.781
0.801
0.832
0.950
0.939
0.957
0.876
0.944
0.897
0.864
0.837
0.874
0.914
0.846
0.837
0.849
0.804
0.809
0.785
0.785
0.721
0.733
0.723
0.653
0.643
0.696
0.756
0.757
0.677
0.755
0.702
0.753
0.846
0.787
0.709
0.850
0.799
0.759
0.751
0.656
0.555
0.603
0.590
0.632
0.667
0.695
0.701
0.724
0.714
0.666
0.570
0.618
0.614
0.641
0.527
0.483
0.593
0.553
0.604
0.696
0.575
0.531
0.510
0.542
0.478
0.558
0.562
0.528
0.481
0.560
0.516
0.532
0.582
0.572
0.627
0.686
0.810
0.806
0.887
0.694
0.624
0.547
0.541
0.481
0.561
0.618
0.520
0.562
0.540
0.388
0.493
0.597
0.718
0.878
0.763
0.454
0.416
0.315
0.345
0.402
0.456
0.454
0.415
0.436
0.497
0.466
0.460
0.595
0.664
0.774
0.653
0.500
0.472
0.428
0.408
0.389
0.401
0.460
0.476
0.509
0.648
0.678
0.874
0.643
0.502
0.514
0.596
0.812
0.740
0.938
0.747
0.766
0.684
0.869
0.782
0.934
0.925
0.901
0.776
0.764
0.762
0.905
0.677
0.545
0.452
0.379
0.391
0.530
0.554
0.594
0.518
0.572
0.588
0.537
0.515
0.562
0.602
0.627
0.963
0.644
0.710
0.957
0.952
0.977
0.783
0.631
0.723
0.859
0.762
0.625
0.579
0.703
0.739
0.675
0.902
0.957
0.749
0.746
0.610
0.561
0.699
0.941
0.699
0.611
0.874
0.733
0.884
0.896
0.757
0.703
0.712
0.733
0.921
0.793
0.934
0.941
0.943
0.895
0.778
0.687
0.705
0.782
0.741
0.977
0.966
0.862
0.738
0.876
0.927
0.752
0.938
0.682
0.738
0.635
0.792
0.754
0.803
0.725
0.654
0.655
0.919
0.892
0.867
0.918
0.931
0.874
0.963
0.861
0.957
0.966
0.914
0.818
0.947
0.969
0.942
0.971
0.868
0.949
0.956
0.738
0.768
0.734
0.911
0.730
0.875
0.924
0.820
0.696
0.742
0.751
0.654
0.719
0.850
0.849
0.840
0.791
0.798
0.819
0.889
0.915
0.982
0.925
0.934
0.970
0.818
0.713
0.786
0.840
0.943
0.966
0.930
0.945
0.941
0.960
0.782
0.727
0.571
0.554
0.558
0.740
0.906
0.761
0.878
0.832
0.882
0.737
0.921
0.972
0.907
0.843
0.837
0.854
0.952
0.789
0.834
0.921
0.949
0.907
0.910
0.972
0.885
0.917
0.957
0.939
0.934
0.978
0.919
0.925
0.840
0.917
0.947
0.853
0.921
0.929
0.965
0.920
0.872
0.912
0.974
0.863
0.885
0.892
0.944
0.962
0.952
0.869
0.907
0.955
0.940
0.939
0.922
0.962
0.947
0.922
0.897
0.946
0.948
0.931
0.976
0.807
0.818
0.826
0.811
0.854
0.970
0.852
0.877
0.961
0.910
0.803
0.802
0.772
0.793
0.728
0.710
0.709
0.713
0.872
0.808
0.765
0.724
0.810
0.794
0.800
0.733
0.815
0.780
0.893
0.931
0.961
0.800
0.758
0.756
0.729
0.857
0.832
0.766
0.753
0.749
0.689
0.763
0.960
0.829
0.823
0.912
0.857
0.815
0.706
0.737
0.751
0.690
0.696
0.650
0.725
0.747
0.817
0.811
0.848
0.808
0.808
0.823
0.771
0.752
0.782
0.698
0.691
0.843
0.741
0.641
0.768
0.719
0.676
0.653
0.701
0.774
0.921
0.730
0.659
0.780
0.848
0.854
0.934
0.738
0.646
0.677
0.655
0.606
0.659
0.715
0.708
0.782
0.662
0.657
0.629
0.602
0.544
0.585
0.559
0.574
0.573
0.567
0.664
0.760
0.429
0.511
0.478
0.519
0.454
0.486
0.545
0.569
0.686
0.653
0.619
0.643
0.524
0.582
0.643
0.799
0.616
0.526
0.561
0.630
0.618
0.759
0.691
0.584
0.646
0.521
0.659
0.562
0.538
0.781
0.595
0.780
0.622
0.471
0.369
0.353
0.306
0.331
0.383
0.494
0.570
0.489
0.538
0.568
0.515
0.509
0.484
0.556
0.535
0.536
0.617
0.547
0.625
0.807
0.864
0.731
0.887
0.753
0.701
0.570
0.524
0.607
0.833
0.876
0.951
0.927
0.768
0.822
0.760
0.601
0.557
0.514
0.576
0.850
0.682
0.631
0.523
0.560
0.517
0.537
0.655
0.884
0.708
0.780
0.867
0.879
0.906
0.808
0.758
0.920
0.897
0.842
0.633
0.607
0.619
0.611
0.880
0.762
0.936
0.934
0.859
0.898
0.939
0.837
0.945
0.870
0.739
0.866
0.874
0.875
0.736
0.751
0.722
0.798
0.875
0.799
0.891
0.946
0.846
0.955
0.780
0.662
0.659
0.785
0.910
0.897
0.839
0.824
0.879
0.890
0.802
0.839
0.772
0.961
0.916
0.885
0.759
0.906
0.935
0.935
0.968
0.950
0.898
0.921
0.884
0.854
0.826
0.910
0.951
0.920
0.902
0.774
0.925
0.793
0.724
0.770
0.830
0.891
0.930
0.760
0.661
0.866
0.973
0.791
0.731
0.822
0.829
0.772
0.847
0.692
0.730
0.846
0.787
0.832
0.958
0.872
0.906
0.961
0.804
0.728
0.697
0.728
0.924
0.761
0.875
0.968
0.922
0.876
0.915
0.909
0.950
0.927
0.890
0.947
0.760
0.834
0.971
0.965
0.845
0.935
0.925
0.980
0.944
0.848
0.932
0.964
0.967
0.975
0.797
0.795
0.859
0.854
0.892
0.791
0.883
0.964
0.893
0.759
0.778
0.900
0.975
0.855
0.921
0.962
0.833
0.954
0.881
0.948
0.979
0.785
0.807
0.979
0.908
0.869
0.948
0.907
0.916
0.782
0.840
0.962
0.882
0.807
0.892
0.887
0.929
0.844
0.747
0.868
0.815
0.763
0.811
0.755
0.796
0.864
0.928
0.902
0.933
0.885
0.929
0.969
0.967
0.886
0.749
0.765
0.793
0.710
0.701
0.732
0.750
0.714
0.841
0.832
0.894
0.885
0.851
0.878
0.762
0.860
0.755
0.664
0.706
0.744
0.732
0.726
0.681
0.797
0.892
0.904
0.734
0.686
0.859
0.942
0.846
0.812
0.846
0.844
0.799
0.737
0.763
0.717
0.791
0.708
0.649
0.617
0.671
0.606
0.743
0.791
0.728
0.745
0.793
0.742
0.702
0.601
0.605
0.689
0.660
0.779
0.735
0.656
0.728
0.685
0.619
0.716
0.751
0.840
0.854
0.636
0.679
0.641
0.623
0.624
0.726
0.495
0.492
0.568
0.519
0.584
0.619
0.666
0.643
0.629
0.612
0.838
0.708
0.618
0.668
0.618
0.553
0.641
0.528
0.522
0.606
0.632
0.642
0.598
0.668
0.619
0.457
0.510
0.486
0.541
0.584
0.611
0.542
0.462
0.401
0.358
0.390
0.529
0.602
0.529
0.433
0.462
0.453
0.566
0.645
0.623
0.683
0.496
0.429
0.488
0.545
0.586
0.498
0.448
0.436
0.402
0.498
0.461
0.449
0.492
0.464
0.448
0.471
0.511
0.478
0.603
0.573
0.534
0.616
0.537
0.481
0.436
0.494
0.381
0.314
0.343
0.404
0.384
0.430
0.415
0.409
0.398
0.667
0.557
0.487
0.460
0.562
0.611
0.587
0.456
0.424
0.384
0.536
0.504
0.590
0.651
0.624
0.515
0.480
0.465
0.649
0.839
0.779
0.703
0.873
0.721
0.622
0.564
0.561
0.535
0.716
0.901
0.835
0.903
0.608
0.606
0.669
0.841
0.641
0.607
0.572
0.803
0.680
0.589
0.839
0.936
0.661
0.737
0.837
0.698
0.812
0.787
0.678
0.742
0.847
0.940
0.900
0.918
0.818
0.856
0.894
0.783
0.859
0.921
0.748
0.670
0.629
0.604
0.946
0.970
0.955
0.765
0.863
0.749
0.870
0.953
0.857
0.876
0.864
0.701
0.801
0.774
0.697
0.947
0.928
0.970
0.885
0.959
0.940
0.924
0.910
0.882
0.967
0.947
0.947
0.849
0.837
0.871
0.742
0.669
0.667
0.762
0.911
0.923
0.798
0.699
0.757
0.714
0.715
0.922
0.883
0.969
0.966
0.979
0.869
0.968
0.961
0.896
0.923
0.956
0.982
0.919
0.900
0.962
0.961
0.903
0.880
0.955
0.935
0.885
0.950
0.931
0.942
0.943
0.962
0.949
0.852
0.925
0.865
0.952
0.980
0.831
0.969
0.963
0.949
0.869
0.851
0.913
0.957
0.912
0.948
0.868
0.817
0.903
0.959
0.844
0.939
0.974
0.966
0.963
0.864
0.971
0.925
0.831
0.821
0.893
0.905
0.866
0.962
0.851
0.927
0.960
0.965
0.963
0.942
0.937
0.926
0.958
0.936
0.959
0.975
0.824
0.933
0.960
0.978
0.902
0.951
0.852
0.901
0.980
0.932
0.952
0.942
0.963
0.908
0.952
0.888
0.970
0.893
0.950
0.942
0.912
0.954
0.967
0.977
0.839
0.728
0.740
0.727
0.784
0.818
0.817
0.823
0.841
0.802
0.683
0.638
0.671
0.770
0.638
0.597
0.568
0.632
0.658
0.654
0.651
0.627
0.543
0.560
0.557
0.533
0.536
0.614
0.626
0.674
0.640
0.677
0.792
0.761
0.905
0.851
0.819
0.725
0.759
0.719
0.701
0.788
0.782
0.734
0.966
0.937
0.764
0.761
0.733
0.853
0.885
0.939
0.773
0.729
0.773
0.851
0.803
0.792
0.827
0.703
0.641
0.788
0.681
0.660
0.690
0.836
0.777
0.734
0.669
0.611
0.622
0.632
0.665
0.674
0.726
0.697
0.572
0.539
0.572
0.492
0.607
0.571
0.629
0.600
0.590
0.530
0.557
0.569
0.739
0.707
0.562
0.532
0.507
0.615
0.576
0.607
0.618
0.709
0.612
0.699
0.641
0.544
0.525
0.575
0.536
0.488
0.551
0.603
0.607
0.468
0.523
0.491
0.572
0.577
0.589
0.779
0.614
0.600
0.512
0.534
0.557
0.544
0.736
0.647
0.491
0.469
0.522
0.390
0.388
0.384
0.412
0.493
0.519
0.735
0.879
0.594
0.637
0.640
0.576
0.549
0.588
0.364
0.378
0.396
0.455
0.406
0.751
0.637
0.612
0.621
0.605
0.488
0.437
0.454
0.495
0.610
0.514
0.532
0.619
0.633
0.805
0.716
0.468
0.497
0.504
0.693
0.571
0.582
0.704
0.701
0.770
0.701
0.722
0.606
0.687
0.760
0.644
0.871
0.879
0.770
0.850
0.769
0.954
0.739
0.925
0.755
0.934
0.898
0.715
0.637
0.615
0.646
0.529
0.614
0.614
0.801
0.698
0.828
0.673
0.937
0.785
0.945
0.720
0.803
0.956
0.960
0.800
0.926
0.735
0.559
0.459
0.463
0.445
0.561
0.693
0.700
0.680
0.796
0.631
0.697
0.882
0.940
0.946
0.958
0.912
0.777
0.830
0.950
0.908
0.937
0.902
0.927
0.940
0.978
0.920
0.938
0.953
0.920
0.923
0.944
0.883
0.793
0.952
0.922
0.958
0.968
0.839
0.925
0.907
0.886
0.676
0.855
0.754
0.854
0.942
0.936
0.855
0.953
0.924
0.860
0.965
0.882
0.737
0.686
0.806
0.812
0.918
0.884
0.859
0.868
0.830
0.878
0.946
0.958
0.954
0.893
0.781
0.925
0.837
0.971
0.912
0.777
0.790
0.908
0.846
0.868
0.736
0.852
0.715
0.663
0.782
0.769
0.932
0.859
0.801
0.612
0.603
0.865
0.808
0.805
0.974
0.957
0.824
0.899
0.901
0.799
0.766
0.672
0.846
0.966
0.902
0.739
0.905
0.965
0.967
0.943
0.817
0.765
0.936
0.948
0.959
0.870
0.977
0.962
0.976
0.904
0.931
0.912
0.874
0.963
0.818
0.854
0.822
0.875
0.959
0.973
0.935
0.614
0.789
0.902
0.957
0.860
0.886
0.895
0.936
0.937
0.915
0.865
0.911
0.967
0.857
0.734
0.916
0.963
0.922
0.883
0.952
0.980
0.802
0.886
0.921
0.830
0.787
0.908
0.906
0.900
0.818
0.889
0.882
0.837
0.822
0.928
0.887
0.914
0.900
0.969
0.796
0.685
0.653
0.764
0.836
0.888
0.865
0.853
0.858
0.856
0.920
0.923
0.650
0.644
0.662
0.658
0.713
0.730
0.804
0.944
0.841
0.948
0.953
0.862
0.854
0.869
0.830
0.658
0.737
0.719
0.732
0.785
0.770
0.735
0.739
0.705
0.833
0.730
0.642
0.678
0.669
0.673
0.753
0.691
0.627
0.637
0.715
0.769
0.732
0.618
0.589
0.682
0.661
0.591
0.638
0.662
0.559
0.718
0.656
0.640
0.557
0.585
0.565
0.533
0.553
0.575
0.600
0.585
0.675
0.699
0.703
0.692
0.610
0.738
0.724
0.651
0.673
0.623
0.671
0.758
0.807
0.797
0.875
0.716
0.676
0.665
0.609
0.722
0.711
0.730
0.504
0.440
0.402
0.469
0.563
0.561
0.560
0.552
0.480
0.469
0.597
0.564
0.467
0.450
0.561
0.774
0.511
0.480
0.509
0.435
0.583
0.481
0.385
0.374
0.365
0.379
0.360
0.408
0.390
0.447
0.457
0.583
0.714
0.672
0.542
0.440
0.380
0.518
0.537
0.538
0.634
0.688
0.627
0.601
0.496
0.615
0.523
0.555
0.506
0.503
0.531
0.506
0.503
0.467
0.582
0.567
0.677
0.558
0.485
0.578
0.423
0.409
0.384
0.385
0.599
0.448
0.450
0.442
0.409
0.495
0.562
0.626
0.622
0.887
0.773
0.612
0.758
0.643
0.920
0.828
0.980
0.950
0.901
0.845
0.943
0.931
0.898
0.816
0.815
0.783
0.682
0.829
0.867
0.957
0.860
0.742
0.587
0.511
0.816
0.865
0.912
0.923
0.899
0.882
0.819
0.800
0.664
0.720
0.829
0.863
0.823
0.961
0.778
0.891
0.758
0.766
0.915
0.831
0.857
0.761
0.842
0.948
0.889
0.905
0.766
0.887
0.751
0.749
0.936
0.871
0.916
0.940
0.734
0.664
0.619
0.834
0.942
0.977
0.980
0.921
0.934
0.963
0.967
0.980
0.965
0.969
0.909
0.734
0.909
0.824
0.852
0.909
0.896
0.948
0.940
0.948
0.931
0.854
0.973
0.977
0.874
0.837
0.897
0.945
0.846
0.842
0.910
0.899
0.964
0.964
0.967
0.974
0.980
0.877
0.947
0.968
0.963
0.961
0.933
0.910
0.935
0.960
0.867
0.966
0.788
0.919
0.974
0.954
0.978
0.922
0.887
0.973
0.967
0.925
0.941
0.966
0.919
0.878
0.942
0.948
0.979
0.887
0.893
0.903
0.955
0.951
0.954
0.979
0.896
0.950
0.891
0.958
0.961
0.920
0.918
0.923
0.902
0.925
0.913
0.877
0.939
0.966
0.964
0.973
0.971
0.967
0.979
0.977
0.961
0.981
0.969
0.939
0.857
0.702
0.894
0.938
0.953
0.965
0.963
0.982
0.946
0.967
0.954
0.936
0.969
0.929
0.948
0.968
0.966
0.975
0.982
0.981
0.915
0.793
0.708
0.903
0.895
0.939
0.970
0.863
0.772
0.944
0.889
0.971
0.838
0.833
0.819
0.817
0.880
0.962
0.937
0.926
0.930
0.953
0.969
0.965
0.963
0.849
0.787
0.829
0.750
0.540
0.619
0.719
0.722
0.722
0.788
0.949
0.961
0.977
0.891
0.839
0.812
0.833
0.819
0.756
0.852
0.801
0.850
0.881
0.875
0.801
0.849
0.864
0.851
0.866
0.943
0.862
0.979
0.839
0.741
0.757
0.775
0.659
0.698
0.715
0.715
0.746
0.821
0.896
0.893
0.855
0.855
0.785
0.773
0.884
0.717
0.680
0.611
0.641
0.733
0.854
0.684
0.669
0.691
0.694
0.614
0.592
0.601
0.643
0.606
0.622
0.592
0.609
0.570
0.585
0.666
0.707
0.682
0.738
0.795
0.715
0.702
0.740
0.672
0.734
0.689
0.632
0.567
0.592
0.615
0.779
0.703
0.681
0.964
0.785
0.662
0.566
0.650
0.709
0.805
0.817
0.655
0.770
0.872
0.729
0.793
0.686
0.759
0.904
0.705
0.617
0.602
0.685
0.550
0.622
0.564
0.477
0.457
0.634
0.526
0.762
0.659
0.437
0.408
0.480
0.509
0.551
0.496
0.646
0.427
0.378
0.427
0.422
0.522
0.757
0.918
0.918
0.850
0.636
0.461
0.591
0.580
0.529
0.454
0.560
0.497
0.354
0.344
0.499
0.524
0.633
0.929
0.569
0.503
0.533
0.550
0.862
0.669
0.583
0.546
0.646
0.573
0.476
0.474
0.594
0.843
0.899
0.747
0.570
0.476
0.581
0.622
0.791
0.679
0.643
0.745
0.679
0.697
0.899
0.966
0.872
0.838
0.867
0.761
0.858
0.745
0.959
0.898
0.861
0.869
0.883
0.719
0.867
0.902
0.962
0.904
0.624
0.624
0.741
0.811
0.615
0.758
0.646
0.853
0.969
0.855
0.720
0.932
0.832
0.758
0.770
0.697
0.602
0.730
0.934
0.898
0.839
0.839
0.956
0.963
0.940
0.939
0.980
0.973
0.975
0.974
0.725
0.692
0.698
0.853
0.855
0.944
0.950
0.972
0.745
0.962
0.981
0.948
0.889
0.883
0.940
0.902
0.814
0.925
0.967
0.907
0.804
0.904
0.894
0.881
0.873
0.975
0.911
0.965
0.961
0.952
0.911
0.843
0.811
0.848
0.970
0.910
0.927
0.974
0.956
0.910
0.900
0.947
0.930
0.874
0.968
0.904
0.952
0.834
0.746
0.768
0.712
0.889
0.949
0.959
0.983
0.932
0.919
0.879
0.964
0.896
0.911
0.907
0.869
0.884
0.911
0.859
0.965
0.959
0.976
0.917
0.885
0.820
0.940
0.892
0.975
0.891
0.820
0.957
0.896
0.961
0.925
0.962
0.970
0.890
0.864
0.906
0.967
0.961
0.885
0.961
0.971
0.882
0.932
0.924
0.926
0.960
0.979
0.904
0.980
0.871
0.867
0.953
0.900
0.978
0.982
0.980
0.975
0.899
0.919
0.914
0.979
0.946
0.970
0.957
0.974
0.818
0.809
0.920
0.826
0.918
0.895
0.873
0.956
0.923
0.974
0.969
0.937
0.940
0.889
0.958
0.972
0.873
0.934
0.899
0.889
0.975
0.975
0.979
0.958
0.874
0.952
0.962
0.897
0.939
0.876
0.885
0.958
0.906
0.843
0.831
0.871
0.926
0.958
0.963
0.943
0.815
0.852
0.932
0.907
0.844
0.908
0.943
0.974
0.952
0.879
0.919
0.895
0.829
0.835
0.942
0.936
0.840
0.937
0.959
0.920
0.928
0.974
0.936
0.930
0.876
0.657
0.726
0.730
0.752
0.702
0.709
0.842
0.881
0.907
0.815
0.700
0.743
0.739
0.906
0.904
0.962
0.862
0.876
0.823
0.762
0.931
0.904
0.920
0.842
0.790
0.735
0.744
0.764
0.813
0.811
0.909
0.886
0.894
0.851
0.861
0.779
0.827
0.712
0.698
0.876
0.863
0.880
0.748
0.677
0.575
0.576
0.650
0.621
0.697
0.723
0.840
0.882
0.739
0.724
0.855
0.755
0.669
0.866
0.777
0.720
0.749
0.912
0.719
0.643
0.550
0.661
0.651
0.627
0.671
0.561
0.620
0.613
0.484
0.477
0.579
0.614
0.681
0.669
0.634
0.886
0.724
0.649
0.603
0.805
0.880
0.796
0.724
0.587
0.639
0.741
0.664
0.606
0.861
0.726
0.676
0.568
0.489
0.400
0.478
0.707
0.587
0.567
0.517
0.452
0.624
0.601
0.708
0.657
0.595
0.803
0.852
0.852
0.896
0.873
0.730
0.665
0.642
0.788
0.886
0.700
0.582
0.574
0.555
0.578
0.693
0.655
0.749
0.908
0.732
0.731
0.593
0.645
0.839
0.849
0.964
0.862
0.929
0.969
0.734
0.605
0.892
0.876
0.940
0.937
0.831
0.817
0.816
0.919
0.914
0.686
0.608
0.701
0.652
0.864
0.930
0.958
0.958
0.956
0.949
0.947
0.754
0.761
0.903
0.847
0.653
0.733
0.885
0.919
0.927
0.684
0.711
0.865
0.955
0.953
0.976
0.847
0.921
0.889
0.969
0.860
0.824
0.940
0.952
0.934
0.944
0.946
0.926
0.931
0.973
0.970
0.950
0.937
0.941
0.955
0.877
0.906
0.857
0.966
0.912
0.970
0.842
0.901
0.958
0.965
0.982
0.939
0.966
0.881
0.971
0.972
0.872
0.772
0.737
0.708
0.768
0.922
0.956
0.836
0.740
0.868
0.946
0.914
0.955
0.953
0.951
0.936
0.961
0.943
0.879
0.971
0.909
0.975
0.904
0.977
0.979
0.923
0.946
0.824
0.896
0.934
0.948
0.939
0.897
0.899
0.935
0.887
0.946
0.974
0.974
0.859
0.841
0.955
0.922
0.955
0.916
0.899
0.857
0.938
0.970
0.933
0.966
0.882
0.940
0.965
0.942
0.911
0.968
0.933
0.897
0.892
0.924
0.904
0.834
0.848
0.918
0.948
0.936
0.928
0.840
0.883
0.898
0.982
0.966
0.931
0.970
0.913
0.961
0.925
0.903
0.967
0.938
0.948
0.890
0.818
0.938
0.970
0.921
0.856
0.941
0.958
0.967
0.981
0.875
0.756
0.928
0.948
0.946
0.783
0.695
0.659
0.631
0.622
0.641
0.666
0.774
0.840
0.848
0.737
0.804
0.889
0.854
0.814
0.862
0.917
0.800
0.859
0.862
0.880
0.937
0.925
0.911
0.928
0.765
0.708
0.791
0.947
0.864
0.779
0.861
0.891
0.846
0.544
0.530
0.585
0.606
0.637
0.666
0.615
0.683
0.885
0.911
0.777
0.698
0.723
0.777
0.740
0.933
0.973
0.954
0.824
0.752
0.813
0.878
0.682
0.869
0.799
0.825
0.963
0.795
0.737
0.684
0.677
0.670
0.639
0.642
0.687
0.681
0.719
0.690
0.742
0.664
0.847
0.767
0.720
0.695
0.731
0.687
0.700
0.629
0.623
0.640
0.607
0.637
0.552
0.593
0.540
0.611
0.598
0.676
0.770
0.824
0.829
0.751
0.767
0.687
0.754
0.876
0.746
0.793
0.786
0.808
0.753
0.667
0.622
0.627
0.702
0.649
0.687
0.708
0.596
0.578
0.521
0.572
0.605
0.615
0.574
0.529
0.424
0.430
0.494
0.527
0.524
0.460
0.433
0.449
0.440
0.410
0.402
0.401
0.499
0.526
0.359
0.613
0.378
0.383
0.402
0.418
0.456
0.463
0.523
0.486
0.615
0.608
0.749
0.772
0.819
0.913
0.652
0.841
0.697
0.513
0.445
0.400
0.384
0.321
0.454
0.474
0.476
0.635
0.822
0.590
0.483
0.484
0.406
0.528
0.531
0.579
0.506
0.571
0.581
0.521
0.442
0.452
0.492
0.581
0.454
0.517
0.820
0.641
0.523
0.568
0.595
0.742
0.624
0.634
0.685
0.497
0.553
0.548
0.830
0.916
0.677
0.969
0.785
0.665
0.524
0.530
0.905
0.848
0.829
0.933
0.701
0.728
0.852
0.926
0.938
0.833
0.457
0.505
0.533
0.764
0.920
0.813
0.731
0.948
0.966
0.876
0.735
0.604
0.694
0.925
0.928
0.930
0.934
0.756
0.910
0.837
0.913
0.827
0.915
0.976
0.848
0.717
0.916
0.958
0.973
0.972
0.908
0.967
0.971
0.776
0.646
0.604
0.796
0.921
0.917
0.831
0.838
0.735
0.860
0.904
0.830
0.667
0.733
0.956
0.969
0.969
0.844
0.839
0.926
0.902
0.894
0.916
0.928
0.933
0.885
0.937
0.805
0.867
0.889
0.939
0.956
0.940
0.969
0.946
0.962
0.960
0.903
0.831
0.894
0.837
0.868
0.950
0.960
0.929
0.812
0.816
0.848
0.939
0.928
0.892
0.826
0.884
0.921
0.944
0.972
0.938
0.859
0.897
0.898
0.791
0.924
0.907
0.971
0.898
0.973
0.948
0.870
0.973
0.981
0.871
0.962
0.917
0.805
0.932
0.911
0.943
0.978
0.945
0.903
0.784
0.946
0.970
0.981
0.890
0.859
0.826
0.836
0.951
0.912
0.864
0.927
0.887
0.957
0.893
0.961
0.935
0.943
0.963
0.965
0.969
0.918
0.914
0.841
0.943
0.964
0.885
0.963
0.914
0.970
0.967
0.962
0.978
0.913
0.974
0.967
0.909
0.893
0.927
0.949
0.970
0.974
0.954
0.943
0.972
0.962
0.816
0.930
0.911
0.962
0.963
0.943
0.952
0.918
0.951
0.909
0.741
0.900
0.944
0.938
0.963
0.956
0.972
0.918
0.919
0.924
0.953
0.949
0.906
0.693
0.677
0.746
0.691
0.685
0.731
0.806
0.785
0.729
0.802
0.952
0.915
0.709
0.692
0.668
0.690
0.714
0.753
0.958
0.966
0.951
0.915
0.857
0.941
0.781
0.705
0.765
0.767
0.713
0.670
0.671
0.734
0.967
0.876
0.811
0.694
0.738
0.726
0.858
0.911
0.854
0.717
0.726
0.735
0.710
0.755
0.926
0.787
0.792
0.710
0.696
0.789
0.763
0.865
0.718
0.650
0.648
0.743
0.807
0.805
0.944
0.794
0.684
0.709
0.704
0.655
0.720
0.693
0.706
0.660
0.663
0.689
0.690
0.722
0.710
0.766
0.781
0.759
0.647
0.610
0.713
0.744
0.606
0.656
0.551
0.580
0.569
0.617
0.775
0.941
0.952
0.885
0.910
0.732
0.654
0.613
0.593
0.689
0.644
0.527
0.549
0.550
0.529
0.635
0.654
0.593
0.630
0.658
0.607
0.804
0.670
0.507
0.522
0.560
0.566
0.616
0.509
0.600
0.722
0.623
0.768
0.549
0.461
0.480
0.538
0.588
0.667
0.654
0.824
0.854
0.950
0.865
0.625
0.612
0.704
0.654
0.659
0.871
0.918
0.910
0.747
0.730
0.714
0.777
0.933
0.617
0.605
0.653
0.698
0.790
0.939
0.844
0.941
0.939
0.913
0.945
0.958
0.967
0.900
0.823
0.727
0.691
0.893
0.906
0.964
0.811
0.910
0.979
0.920
0.962
0.851
0.659
0.675
0.757
0.933
0.876
0.922
0.751
0.882
0.926
0.891
0.899
0.666
0.628
0.698
0.893
0.856
0.918
0.898
0.686
0.651
0.769
0.926
0.950
0.913
0.876
0.951
0.800
0.948
0.932
0.980
0.973
0.917
0.968
0.928
0.736
0.715
0.831
0.872
0.790
0.727
0.847
0.897
0.908
0.916
0.817
0.813
0.950
0.973
0.918
0.972
0.935
0.842
0.954
0.974
0.964
0.899
0.788
0.957
0.893
0.945
0.940
0.872
0.881
0.837
0.685
0.816
0.843
0.954
0.833
0.967
0.974
0.968
0.974
0.915
0.971
0.918
0.945
0.847
0.969
0.971
0.886
0.869
0.881
0.924
0.919
0.977
0.903
0.879
0.927
0.810
0.953
0.886
0.822
0.890
0.917
0.892
0.932
0.974
0.922
0.917
0.885
0.889
0.948
0.938
0.969
0.873
0.979
0.969
0.973
0.943
0.803
0.884
0.940
0.901
0.879
0.971
0.885
0.969
0.980
0.928
0.981
0.899
0.846
0.881
0.893
0.871
0.962
0.812
0.904
0.943
0.872
0.958
0.961
0.969
0.934
0.924
0.919
0.955
0.931
0.955
0.864
0.905
0.918
0.778
0.824
0.956
0.923
0.919
0.853
0.943
0.888
0.961
0.913
0.934
0.895
0.900
0.974
0.848
0.807
0.842
0.765
0.766
0.780
0.923
0.957
0.952
0.957
0.921
0.762
0.868
0.961
0.968
0.922
0.981
0.886
0.968
0.963
0.938
0.975
0.967
0.921
0.928
0.814
0.860
0.870
0.843
0.842
0.917
0.783
0.920
0.923
0.944
0.928
0.771
0.617
0.665
0.737
0.794
0.747
0.706
0.783
0.695
0.632
0.767
0.946
0.954
0.965
0.959
0.891
0.878
0.932
0.957
0.976
0.939
0.968
0.920
0.882
0.975
0.911
0.866
0.924
0.880
0.774
0.865
0.873
0.814
0.743
0.782
0.886
0.939
0.980
0.757
0.753
0.792
0.780
0.763
0.744
0.699
0.741
0.690
0.808
0.848
0.808
0.754
0.892
0.895
0.881
0.928
0.825
0.919
0.822
0.754
0.841
0.838
0.843
0.735
0.650
0.688
0.657
0.658
0.921
0.766
0.706
0.687
0.637
0.629
0.662
0.682
0.649
0.691
0.640
0.466
0.594
0.658
0.635
0.553
0.619
0.646
0.867
0.728
0.675
0.643
0.648
0.622
0.620
0.557
0.563
0.595
0.645
0.595
0.559
0.521
0.620
0.452
0.488
0.467
0.552
0.926
0.765
0.668
0.744
0.761
0.738
0.857
0.716
0.728
0.852
0.858
0.684
0.691
0.585
0.499
0.477
0.482
0.551
0.462
0.406
0.500
0.747
0.589
0.510
0.618
0.560
0.595
0.821
0.570
0.527
0.519
0.522
0.510
0.490
0.453
0.560
0.700
0.640
0.597
0.677
0.703
0.764
0.626
0.824
0.942
0.676
0.669
0.695
0.814
0.623
0.743
0.685
0.789
0.913
0.937
0.950
0.925
0.939
0.921
0.913
0.797
0.603
0.656
0.892
0.943
0.917
0.869
0.949
0.902
0.920
0.872
0.727
0.921
0.909
0.813
0.787
0.909
0.688
0.617
0.707
0.705
0.633
0.854
0.864
0.973
0.911
0.948
0.752
0.666
0.869
0.938
0.888
0.815
0.888
0.860
0.960
0.916
0.969
0.969
0.886
0.954
0.874
0.935
0.950
0.970
0.914
0.824
0.905
0.853
0.894
0.916
0.961
0.862
0.912
0.982
0.905
0.971
0.957
0.825
0.835
0.939
0.948
0.828
0.957
0.903
0.961
0.970
0.968
0.964
0.970
0.967
0.945
0.829
0.824
0.882
0.965
0.966
0.924
0.914
0.926
0.908
0.920
0.945
0.978
0.927
0.969
0.980
0.926
0.864
0.862
0.968
0.927
0.744
0.915
0.937
0.871
0.950
0.958
0.855
0.853
0.922
0.971
0.931
0.904
0.860
0.706
0.936
0.969
0.840
0.837
0.874
0.921
0.933
0.921
0.920
0.978
0.943
0.955
0.976
0.959
0.928
0.930
0.972
0.918
0.936
0.950
0.983
0.914
0.955
0.962
0.911
0.954
0.979
0.949
0.875
0.914
0.949
0.960
0.963
0.949
0.917
0.934
0.963
0.925
0.955
0.916
0.965
0.978
0.909
0.834
0.966
0.932
0.902
0.963
0.980
0.981
0.952
0.873
0.910
0.968
0.981
0.977
0.841
0.965
0.972
0.944
0.982
0.797
0.787
0.777
0.890
0.907
0.919
0.844
0.932
0.925
0.875
0.948
0.956
0.979
0.901
0.909
0.962
0.938
0.978
0.852
0.757
0.659
0.625
0.661
0.589
0.575
0.598
0.619
0.631
0.641
0.721
0.708
0.725
0.866
0.871
0.906
0.820
0.828
0.795
0.914
0.830
0.674
0.661
0.681
0.737
0.905
0.953
0.905
0.963
0.903
0.932
0.976
0.834
0.800
0.805
0.788
0.769
0.693
0.939
0.932
0.734
0.831
0.942
0.972
0.922
0.971
0.960
0.912
0.712
0.784
0.758
0.945
0.904
0.857
0.768
0.686
0.730
0.841
0.777
0.746
0.668
0.704
0.811
0.939
0.875
0.835
0.795
0.743
0.682
0.812
0.878
0.961
0.802
0.762
0.904
0.953
0.857
0.900
0.793
0.861
0.893
0.889
0.719
0.698
0.699
0.711
0.725
0.696
0.838
0.815
0.671
0.675
0.666
0.555
0.651
0.720
0.652
0.626
0.780
0.757
0.483
0.566
0.684
0.657
0.614
0.606
0.543
0.595
0.785
0.719
0.689
0.693
0.675
0.584
0.638
0.664
0.944
0.640
0.607
0.643
0.901
0.504
0.528
0.542
0.566
0.601
0.533
0.575
0.811
0.899
0.952
0.916
0.715
0.649
0.450
0.454
0.495
0.483
0.525
0.560
0.586
0.618
0.582
0.541
0.728
0.707
0.750
0.790
0.691
0.796
0.712
0.854
0.925
0.779
0.654
0.897
0.719
0.623
0.578
0.564
0.761
0.972
0.632
0.539
0.555
0.544
0.605
0.697
0.660
0.959
0.746
0.675
0.914
0.760
0.651
0.883
0.722
0.876
0.858
0.955
0.959
0.952
0.973
0.875
0.921
0.663
0.569
0.624
0.788
0.872
0.901
0.959
0.890
0.776
0.908
0.967
0.864
0.915
0.910
0.969
0.971
0.954
0.852
0.640
0.541
0.559
0.636
0.882
0.808
0.890
0.926
0.967
0.910
0.763
0.938
0.968
0.899
0.971
0.944
0.912
0.981
0.789
0.817
0.795
0.819
0.942
0.735
0.765
0.891
0.970
0.974
0.982
0.963
0.754
0.819
0.812
0.942
0.974
0.971
0.744
0.787
0.848
0.895
0.905
0.875
0.834
0.905
0.974
0.969
0.804
0.980
0.917
0.885
0.970
0.816
0.842
0.817
0.735
0.884
0.837
0.968
0.875
0.957
0.974
0.939
0.925
0.951
0.964
0.981
0.869
0.953
0.936
0.981
0.935
0.935
0.930
0.958
0.965
0.945
0.815
0.808
0.924
0.950
0.926
0.969
0.958
0.930
0.919
0.928
0.981
0.970
0.943
0.946
0.817
0.930
0.974
0.969
0.971
0.914
0.961
0.936
0.964
0.910
0.904
0.945
0.963
0.826
0.888
0.960
0.964
0.957
0.970
0.978
0.946
0.902
0.849
0.959
0.890
0.950
0.947
0.959
0.965
0.980
0.900
0.931
0.969
0.971
0.977
0.808
0.853
0.964
0.917
0.973
0.845
0.961
0.910
0.975
0.925
0.884
0.906
0.921
0.980
0.773
0.837
0.977
0.958
0.928
0.965
0.959
0.967
0.983
0.954
0.948
0.977
0.947
0.823
0.814
0.787
0.864
0.916
0.844
0.760
0.878
0.896
0.780
0.715
0.911
0.949
0.872
0.927
0.965
0.953
0.956
0.918
0.845
0.860
0.832
0.959
0.967
0.810
0.874
0.884
0.878
0.880
0.860
0.878
0.957
0.960
0.917
0.764
0.810
0.973
0.966
0.888
0.950
0.914
0.953
0.976
0.977
0.888
0.899
0.932
0.957
0.982
0.849
0.831
0.784
0.817
0.777
0.775
0.877
0.930
0.849
0.907
0.958
0.836
0.872
0.775
0.724
0.951
0.975
0.888
0.805
0.897
0.960
0.930
0.879
0.748
0.735
0.760
0.839
0.769
0.682
0.713
0.837
0.936
0.793
0.864
0.966
0.812
0.744
0.756
0.773
0.760
0.790
0.842
0.859
0.919
0.888
0.766
0.743
0.756
0.780
0.710
0.658
0.605
0.580
0.669
0.890
0.878
0.756
0.685
0.709
0.702
0.775
0.893
0.733
0.794
0.848
0.760
0.703
0.564
