19790101
0.922
0.955
0.815
0.944
0.960
0.827
0.943
0.971
0.900
0.867
0.771
0.815
0.768
0.798
0.852
0.787
0.840
0.866
0.940
0.965
0.885
0.849
0.809
0.810
0.892
0.820
0.875
0.946
0.957
0.940
0.908
0.938
0.961
0.964
0.973
0.872
0.872
0.925
0.903
0.910
0.885
0.910
0.823
0.868
0.890
0.886
0.865
0.946
0.913
0.955
0.894
0.929
0.954
0.797
0.863
0.951
0.949
0.928
0.779
0.938
0.972
0.966
0.971
0.918
0.911
0.831
0.914
0.922
0.880
0.936
0.960
0.890
0.934
0.965
0.938
0.924
0.965
0.971
0.905
0.831
0.811
0.889
0.971
0.981
0.920
0.940
0.839
0.952
0.931
0.971
0.969
0.966
0.967
0.957
0.925
0.944
0.765
0.751
0.736
0.813
0.739
0.779
0.934
0.927
0.940
0.915
0.906
0.924
0.946
0.918
0.942
0.942
0.922
0.916
0.878
0.858
0.737
0.784
0.759
0.860
0.915
0.837
0.866
0.898
0.916
0.931
0.877
0.930
0.925
0.925
0.915
0.898
0.936
0.945
0.951
0.776
0.842
0.837
0.954
0.920
0.926
0.825
0.885
0.848
0.764
0.878
0.882
0.797
0.834
0.958
0.677
0.647
0.713
0.751
0.712
0.632
0.701
0.747
0.885
0.844
0.850
0.732
0.662
0.676
0.771
0.704
0.731
0.707
0.692
0.706
0.768
0.684
0.678
0.632
0.684
0.713
0.703
0.699
0.685
0.675
0.642
0.569
0.649
0.622
0.631
0.646
0.643
0.642
0.638
0.619
0.611
0.584
0.616
0.584
0.635
0.644
0.634
0.708
0.623
0.619
0.706
0.626
0.593
0.669
0.533
0.641
0.677
0.605
0.499
0.507
0.523
0.423
0.494
0.431
0.458
0.540
0.522
0.451
0.506
0.583
0.648
0.595
0.468
0.571
0.452
0.535
0.535
0.550
0.687
0.610
0.629
0.519
0.736
0.487
0.490
0.437
0.452
0.540
0.561
0.513
0.496
0.491
0.442
0.428
0.440
0.549
0.593
0.419
0.453
0.435
0.515
0.506
0.596
0.527
0.554
0.582
0.540
0.511
0.492
0.567
0.557
0.550
0.491
0.400
0.410
0.423
0.403
0.527
0.569
0.487
0.489
0.488
0.450
0.415
0.383
0.361
0.436
0.475
0.538
0.687
0.606
0.646
0.532
0.541
0.576
0.477
0.500
0.919
0.490
0.464
0.458
0.438
0.523
0.361
0.475
0.503
0.615
0.575
0.637
0.608
0.783
0.739
0.625
0.552
0.818
0.804
0.854
0.797
0.854
0.639
0.857
0.930
0.948
0.615
0.443
0.513
0.498
0.891
0.965
0.869
0.835
0.634
0.753
0.968
0.852
0.947
0.932
0.966
0.909
0.786
0.610
0.524
0.610
0.701
0.573
0.615
0.565
0.577
0.577
0.661
0.690
0.583
0.593
0.667
0.871
0.631
0.596
0.864
0.885
0.977
0.847
0.868
0.916
0.944
0.967
0.962
0.940
0.971
0.904
0.766
0.829
0.956
0.765
0.708
0.876
0.939
0.916
0.775
0.835
0.883
0.913
0.918
0.862
0.886
0.938
0.782
0.869
0.971
0.947
0.936
0.921
0.873
0.875
0.862
0.945
0.942
0.939
0.852
0.845
0.890
0.821
0.790
0.822
0.797
0.896
0.940
0.928
0.865
0.946
0.933
0.844
0.930
0.937
0.975
0.881
0.792
0.901
0.891
0.829
0.824
0.723
0.940
0.962
0.979
0.854
0.784
0.842
0.932
0.929
0.882
0.948
0.955
0.889
0.740
0.725
0.689
0.845
0.954
0.957
0.886
0.824
0.816
0.917
0.853
0.957
0.980
0.952
0.963
0.925
0.941
0.900
0.977
0.908
0.963
0.962
0.972
0.971
0.949
0.905
0.911
0.885
0.949
0.919
0.893
0.958
0.949
0.916
0.837
0.925
0.932
0.968
0.922
0.930
0.927
0.822
0.919
0.944
0.852
0.876
0.943
0.946
0.950
0.832
0.767
0.781
0.746
0.626
0.580
0.631
0.713
0.842
0.926
0.885
0.879
0.866
0.946
0.929
0.970
0.694
0.741
0.763
0.770
0.812
0.807
0.856
0.781
0.889
0.875
0.842
0.952
0.882
0.894
0.912
0.943
0.943
0.941
0.891
0.883
0.908
0.728
0.721
0.756
0.760
0.726
0.757
0.898
0.918
0.938
0.919
0.894
0.746
0.777
0.777
0.688
0.680
0.756
0.618
0.593
0.656
0.625
0.812
0.715
0.715
0.720
0.673
0.724
0.777
0.669
0.677
0.653
0.615
0.767
0.798
0.906
0.762
0.710
0.652
0.716
0.631
0.611
0.652
0.683
0.630
0.595
0.557
0.619
0.658
0.740
0.626
0.488
0.514
0.662
0.642
0.557
0.544
0.473
0.639
0.748
0.521
0.583
0.562
0.434
0.487
0.559
0.558
0.589
0.772
0.726
0.586
0.638
0.509
0.486
0.494
0.471
0.557
0.465
0.514
0.586
0.526
0.455
0.477
0.521
0.461
0.387
0.408
0.400
0.500
0.405
0.344
0.368
0.506
0.603
0.636
0.570
0.517
0.398
0.379
0.342
0.418
0.396
0.468
0.380
0.376
0.316
0.284
0.283
0.374
0.448
0.497
0.397
0.454
0.345
0.354
0.427
0.322
0.335
0.353
0.407
0.470
0.458
0.547
0.456
0.434
0.431
0.448
0.493
0.474
0.434
0.458
0.455
0.516
0.466
0.837
0.777
0.511
0.441
0.520
0.642
0.649
0.534
0.523
0.583
0.638
0.648
0.787
0.716
0.670
0.778
0.725
0.759
0.711
0.796
0.775
0.541
0.550
0.697
0.652
0.558
0.662
0.712
0.609
0.475
0.523
0.586
0.515
0.675
0.609
0.898
0.863
0.927
0.871
0.749
0.496
0.601
0.591
0.867
0.926
0.958
0.841
0.666
0.694
0.860
0.848
0.968
0.862
0.854
0.859
0.733
0.821
0.813
0.885
0.967
0.920
0.718
0.707
0.841
0.686
0.903
0.884
0.808
0.676
0.594
0.649
0.708
0.931
0.973
0.885
0.875
0.662
0.664
0.949
0.737
0.678
0.861
0.825
0.902
0.944
0.888
0.974
0.810
0.788
0.852
0.920
0.966
0.925
0.967
0.887
0.864
0.963
0.840
0.791
0.835
0.809
0.964
0.933
0.922
0.908
0.917
0.944
0.885
0.914
0.935
0.866
0.904
0.801
0.704
0.806
0.878
0.866
0.947
0.957
0.849
0.790
0.945
0.957
0.969
0.949
0.970
0.888
0.962
0.929
0.936
0.958
0.943
0.926
0.959
0.963
0.972
0.946
0.970
0.968
0.974
0.970
0.955
0.955
0.974
0.974
0.935
0.903
0.890
0.933
0.974
0.822
0.964
0.908
0.935
0.936
0.963
0.938
0.870
0.849
0.886
0.879
0.771
0.768
0.841
0.950
0.979
0.888
0.958
0.975
0.879
0.737
0.757
0.982
0.799
0.891
0.911
0.903
0.926
0.891
0.954
0.966
0.973
0.952
0.894
0.958
0.942
0.972
0.975
0.978
0.934
0.958
0.976
0.928
0.893
0.846
0.895
0.785
0.674
0.638
0.679
0.745
0.772
0.889
0.921
0.835
0.845
0.821
0.974
0.824
0.839
0.756
0.707
0.795
0.888
0.924
0.955
0.925
0.851
0.929
0.909
0.858
0.903
0.869
0.939
0.891
0.880
0.773
0.940
0.928
0.776
0.697
0.678
0.702
0.666
0.721
0.721
0.801
0.711
0.644
0.664
0.627
0.719
0.918
0.960
0.908
0.881
0.950
0.752
0.767
0.685
0.869
0.868
0.867
0.805
0.801
0.811
0.871
0.740
0.708
0.718
0.644
0.680
0.657
0.725
0.657
0.786
0.668
0.726
0.576
0.630
0.640
0.891
0.772
0.641
0.631
0.610
0.538
0.570
0.530
0.639
0.603
0.608
0.717
0.612
0.587
0.522
0.573
0.508
0.358
0.333
0.521
0.656
0.388
0.424
0.422
0.471
0.491
0.444
0.451
0.426
0.475
0.385
0.416
0.418
0.531
0.593
0.637
0.543
0.595
0.697
0.482
0.503
0.427
0.407
0.400
0.526
0.546
0.445
0.345
0.271
0.252
0.324
0.486
0.377
0.352
0.367
0.408
0.730
0.655
0.655
0.488
0.372
0.314
0.273
0.301
0.325
0.329
0.353
0.320
0.356
0.398
0.461
0.427
0.444
0.497
0.683
0.417
0.315
0.321
0.361
0.418
0.466
0.493
0.473
0.392
0.363
0.341
0.280
0.349
0.349
0.470
0.322
0.356
0.422
0.442
0.774
0.472
0.497
0.614
0.661
0.550
0.494
0.521
0.608
0.611
0.694
0.816
0.747
0.800
0.829
0.557
0.586
0.665
0.608
0.647
0.737
0.622
0.554
0.431
0.526
0.529
0.484
0.483
0.478
0.564
0.747
0.705
0.524
0.697
0.689
0.588
0.541
0.689
0.933
0.960
0.913
0.962
0.966
0.950
0.930
0.806
0.817
0.975
0.879
0.692
0.763
0.908
0.921
0.951
0.793
0.658
0.788
0.838
0.929
0.850
0.909
0.811
0.902
0.940
0.932
0.910
0.910
0.788
0.883
0.861
0.978
0.856
0.784
0.971
0.909
0.814
0.839
0.865
0.841
0.903
0.922
0.916
0.949
0.931
0.943
0.940
0.869
0.913
0.917
0.953
0.962
0.971
0.923
0.929
0.976
0.976
0.972
0.845
0.897
0.967
0.955
0.826
0.948
0.974
0.907
0.971
0.967
0.898
0.888
0.935
0.967
0.980
0.951
0.974
0.956
0.827
0.948
0.916
0.950
0.926
0.840
0.810
0.830
0.865
0.851
0.963
0.952
0.894
0.910
0.914
0.921
0.939
0.960
0.957
0.955
0.902
0.916
0.952
0.956
0.852
0.755
0.943
0.966
0.974
0.924
0.908
0.889
0.946
0.810
0.932
0.970
0.962
0.943
0.929
0.908
0.942
0.909
0.879
0.946
0.858
0.975
0.903
0.870
0.927
0.859
0.790
0.862
0.962
0.945
0.856
0.907
0.956
0.866
0.851
0.949
0.975
0.805
0.728
0.743
0.879
0.899
0.941
0.930
0.963
0.935
0.969
0.957
0.917
0.972
0.977
0.906
0.891
0.912
0.961
0.977
0.943
0.857
0.899
0.949
0.967
0.951
0.902
0.925
0.895
0.842
0.717
0.702
0.818
0.803
0.726
0.749
0.668
0.662
0.653
0.658
0.660
0.929
0.851
0.844
0.871
0.919
0.846
0.886
0.948
0.964
0.952
0.947
0.959
0.867
0.911
0.969
0.981
0.959
0.843
0.726
0.710
0.672
0.684
0.729
0.715
0.726
0.860
0.824
0.886
0.783
0.713
0.762
0.683
0.631
0.881
0.763
0.886
0.753
0.887
0.788
0.809
0.693
0.714
0.706
0.839
0.903
0.823
0.793
0.718
0.745
0.743
0.706
0.689
0.854
0.816
0.721
0.794
0.638
0.556
0.567
0.622
0.668
0.846
0.736
0.769
0.732
0.720
0.865
0.964
0.923
0.726
0.677
0.641
0.630
0.592
0.663
0.581
0.738
0.746
0.687
0.618
0.519
0.625
0.662
0.774
0.646
0.616
0.647
0.719
0.812
0.771
0.571
0.591
0.559
0.765
0.709
0.627
0.541
0.529
0.537
0.514
0.653
0.593
0.593
0.599
0.514
0.503
0.564
0.495
0.518
0.515
0.532
0.534
0.521
0.477
0.434
0.538
0.479
0.586
0.443
0.359
0.487
0.513
0.445
0.418
0.442
0.423
0.437
0.486
0.404
0.458
0.622
0.556
0.551
0.646
0.664
0.665
0.725
0.921
0.609
0.810
0.871
0.904
0.644
0.737
0.832
0.627
0.606
0.578
0.577
0.553
0.593
0.596
0.552
0.627
0.796
0.658
0.664
0.654
0.607
0.977
0.816
0.587
0.503
0.761
0.901
0.670
0.741
0.703
0.640
0.772
0.544
0.542
0.554
0.571
0.551
0.532
0.509
0.532
0.524
0.530
0.671
0.759
0.679
0.746
0.845
0.948
0.750
0.688
0.877
0.964
0.940
0.733
0.705
0.698
0.590
0.828
0.590
0.651
0.833
0.559
0.564
0.657
0.550
0.579
0.617
0.625
0.812
0.903
0.712
0.947
0.869
0.915
0.941
0.905
0.724
0.607
0.618
0.602
0.861
0.859
0.648
0.782
0.824
0.852
0.878
0.856
0.894
0.725
0.814
0.800
0.828
0.709
0.635
0.635
0.631
0.849
0.910
0.862
0.848
0.840
0.948
0.952
0.772
0.861
0.944
0.827
0.689
0.682
0.848
0.750
0.907
0.932
0.929
0.922
0.738
0.711
0.708
0.722
0.881
0.737
0.841
0.918
0.893
0.675
0.894
0.765
0.718
0.550
0.544
0.797
0.648
0.640
0.773
0.756
0.817
0.907
0.933
0.928
0.888
0.863
0.645
0.858
0.693
0.913
0.941
0.975
0.905
0.826
0.868
0.917
0.909
0.948
0.904
0.907
0.882
0.743
0.648
0.609
0.551
0.598
0.734
0.644
0.636
0.643
0.825
0.944
0.858
0.766
0.863
0.893
0.816
0.972
0.827
0.744
0.712
0.808
0.615
0.479
0.443
0.489
0.651
0.642
0.600
0.621
0.717
0.772
0.942
0.904
0.933
0.950
0.930
0.937
0.913
0.927
0.976
0.812
0.839
0.902
0.896
0.740
0.832
0.758
0.749
0.734
0.854
0.740
0.840
0.906
0.892
0.914
0.981
0.877
0.843
0.944
0.915
0.929
0.886
0.919
0.968
0.895
0.733
0.747
0.795
0.855
0.741
0.561
0.623
0.766
0.835
0.839
0.873
0.724
0.690
0.681
0.907
0.870
0.782
0.939
0.959
0.906
0.841
0.946
0.770
0.700
0.736
0.681
0.834
0.844
0.916
0.905
0.857
0.761
0.722
0.690
0.669
0.766
0.638
0.703
0.973
0.824
0.755
0.667
0.638
0.595
0.626
0.615
0.548
0.570
0.567
0.558
0.540
0.600
0.732
0.666
0.586
0.641
0.620
0.564
0.601
0.538
0.517
0.632
0.641
0.571
0.554
0.494
0.546
0.557
0.529
0.660
0.576
0.572
0.510
0.534
0.766
0.798
0.531
0.497
0.557
0.483
0.544
0.599
0.604
0.515
0.593
0.518
0.494
0.454
0.518
0.416
0.412
0.407
0.375
0.365
0.394
0.462
0.372
0.347
0.489
0.482
0.432
0.460
0.455
0.526
0.509
0.388
0.333
0.295
0.279
0.266
0.263
0.363
0.338
0.415
0.500
0.454
0.543
0.485
0.435
0.469
0.455
0.673
0.499
0.474
0.470
0.434
0.448
0.482
0.693
0.497
0.346
0.425
0.436
0.374
0.394
0.352
0.379
0.423
0.420
0.452
0.476
0.397
0.375
0.384
0.484
0.403
0.409
0.427
0.365
0.352
0.440
0.402
0.487
0.639
0.708
0.740
0.608
0.896
0.606
0.684
0.541
0.690
0.772
0.645
0.569
0.502
0.491
0.516
0.744
0.562
0.551
0.505
0.495
0.481
0.438
0.392
0.389
0.432
0.472
0.721
0.769
0.922
0.898
0.928
0.898
0.592
0.554
0.585
0.512
0.562
0.623
0.670
0.670
0.515
0.607
0.886
0.822
0.598
0.600
0.804
0.893
0.643
0.654
0.815
0.717
0.641
0.594
0.751
0.808
0.924
0.925
0.861
0.918
0.917
0.776
0.619
0.688
0.818
0.959
0.925
0.710
0.545
0.571
0.551
0.518
0.815
0.802
0.601
0.754
0.901
0.949
0.911
0.894
0.678
0.879
0.897
0.950
0.947
0.861
0.775
0.882
0.933
0.954
0.891
0.920
0.894
0.951
0.971
0.966
0.925
0.880
0.918
0.973
0.978
0.949
0.907
0.964
0.958
0.882
0.718
0.865
0.954
0.930
0.925
0.807
0.944
0.934
0.778
0.726
0.858
0.871
0.830
0.879
0.950
0.933
0.937
0.942
0.883
0.916
0.785
0.946
0.909
0.967
0.944
0.958
0.903
0.732
0.852
0.973
0.972
0.890
0.812
0.927
0.935
0.885
0.974
0.880
0.964
0.970
0.870
0.925
0.949
0.922
0.939
0.899
0.943
0.965
0.968
0.930
0.938
0.951
0.961
0.938
0.944
0.906
0.866
0.923
0.899
0.948
0.950
0.951
0.953
0.970
0.886
0.901
0.923
0.759
0.744
0.702
0.878
0.917
0.934
0.954
0.941
0.805
0.832
0.858
0.868
0.962
0.972
0.971
0.914
0.782
0.823
0.969
0.960
0.963
0.931
0.918
0.871
0.893
0.930
0.962
0.966
0.945
0.958
0.949
0.980
0.892
0.781
0.821
0.848
0.867
0.947
0.908
0.929
0.922
0.779
0.899
0.869
0.911
0.942
0.902
0.874
0.950
0.952
0.896
0.812
0.782
0.770
0.728
0.921
0.855
0.921
0.956
0.835
0.712
0.742
0.847
0.744
0.845
0.882
0.897
0.911
0.781
0.698
0.879
0.789
0.827
0.942
0.825
0.773
0.725
0.836
0.909
0.734
0.778
0.846
0.802
0.851
0.901
0.927
0.756
0.737
0.688
0.584
0.589
0.833
0.754
0.672
0.675
0.654
0.670
0.660
0.671
0.649
0.592
0.604
0.786
0.753
0.866
0.896
0.765
0.685
0.791
0.785
0.776
0.780
0.826
0.746
0.651
0.683
0.628
0.556
0.464
0.644
0.531
0.516
0.491
0.452
0.441
0.436
0.447
0.403
0.423
0.444
0.457
0.464
0.492
0.614
0.630
0.667
0.502
0.597
0.502
0.413
0.423
0.414
0.426
0.458
0.487
0.378
0.346
0.389
0.383
0.465
0.540
0.601
0.827
0.724
0.792
0.390
0.283
0.272
0.267
0.286
0.291
0.309
0.432
0.526
0.593
0.557
0.515
0.586
0.658
0.628
0.530
0.546
0.460
0.518
0.546
0.504
0.509
0.572
0.458
0.468
0.428
0.593
0.777
0.673
0.557
0.608
0.815
0.716
0.629
0.461
0.435
0.512
0.586
0.481
0.501
0.488
0.439
0.522
0.459
0.516
0.573
0.543
0.502
0.450
0.462
0.610
0.725
0.638
0.833
0.750
0.743
0.655
0.637
0.579
0.619
0.747
0.853
0.755
0.748
0.886
0.976
0.968
0.889
0.710
0.661
0.713
0.966
0.887
0.743
0.601
0.694
0.837
0.661
0.949
0.882
0.901
0.904
0.677
0.635
0.953
0.828
0.874
0.758
0.854
0.756
0.782
0.871
0.727
0.919
0.745
0.606
0.740
0.709
0.747
0.845
0.943
0.801
0.966
0.876
0.780
0.940
0.865
0.785
0.923
0.943
0.936
0.690
0.908
0.952
0.968
0.890
0.704
0.551
0.796
0.948
0.936
0.872
0.852
0.895
0.923
0.948
0.934
0.891
0.900
0.810
0.866
0.917
0.938
0.962
0.837
0.721
0.938
0.896
0.775
0.906
0.850
0.856
0.966
0.966
0.976
0.837
0.954
0.931
0.926
0.844
0.957
0.981
0.961
0.918
0.906
0.968
0.865
0.944
0.856
0.952
0.888
0.899
0.979
0.931
0.928
0.934
0.725
0.968
0.855
0.955
0.790
0.963
0.962
0.877
0.922
0.917
0.809
0.817
0.764
0.963
0.969
0.819
0.937
0.958
0.950
0.949
0.888
0.938
0.971
0.978
0.907
0.859
0.873
0.968
0.969
0.972
0.927
0.889
0.946
0.931
0.901
0.937
0.940
0.918
0.941
0.952
0.968
0.892
0.913
0.915
0.914
0.960
0.971
0.963
0.869
0.871
0.930
0.937
0.951
0.832
0.921
0.907
0.971
0.905
0.908
0.942
0.948
0.932
0.955
0.780
0.852
0.954
0.771
0.728
0.840
0.914
0.965
0.936
0.945
0.916
0.883
0.834
0.968
0.951
0.825
0.912
0.935
0.939
0.817
0.794
0.789
0.728
0.834
0.901
0.879
0.919
0.920
0.920
0.878
0.893
0.941
0.932
0.844
0.840
0.875
0.955
0.926
0.926
0.889
0.760
0.757
0.753
0.705
0.793
0.848
0.840
0.829
0.896
0.707
0.638
0.829
0.871
0.653
0.653
0.574
0.453
0.438
0.433
0.467
0.512
0.475
0.529
0.530
0.538
0.580
0.672
0.649
0.601
0.544
0.730
0.915
0.846
0.661
0.644
0.636
0.586
0.530
0.532
0.751
0.700
0.869
0.725
0.787
0.865
0.907
0.717
0.644
0.709
0.667
0.546
0.494
0.517
0.527
0.530
0.434
0.470
0.681
0.756
0.663
0.534
0.491
0.626
0.501
0.544
0.462
0.548
0.582
0.669
0.618
0.683
0.929
0.690
0.576
0.570
0.522
0.432
0.463
0.523
0.531
0.477
0.420
0.433
0.439
0.406
0.433
0.457
0.481
0.476
0.416
0.440
0.514
0.486
0.414
0.411
0.361
0.492
0.618
0.659
0.526
0.551
0.448
0.619
0.561
0.418
0.436
0.416
0.466
0.397
0.406
0.402
0.318
0.349
0.317
0.374
0.502
0.691
0.793
0.663
0.931
0.596
0.527
0.597
0.527
0.468
0.493
0.505
0.448
0.613
0.828
0.657
0.504
0.469
0.457
0.556
0.549
0.551
0.538
0.563
0.687
0.606
0.615
0.845
0.660
0.626
0.572
0.610
0.555
0.642
0.710
0.613
0.693
0.625
0.618
0.583
0.690
0.512
0.651
0.805
0.629
0.590
0.501
0.592
0.662
0.806
0.738
0.884
0.904
0.741
0.620
0.850
0.893
0.810
0.968
0.904
0.954
0.929
0.748
0.538
0.590
0.483
0.453
0.626
0.813
0.745
0.708
0.892
0.904
0.934
0.870
0.702
0.618
0.622
0.539
0.572
0.687
0.627
0.521
0.705
0.651
0.793
0.864
0.885
0.964
0.891
0.740
0.833
0.865
0.659
0.598
0.612
0.708
0.711
0.670
0.833
0.949
0.933
0.799
0.672
0.810
0.698
0.849
0.949
0.953
0.819
0.891
0.753
0.741
0.917
0.928
0.890
0.924
0.883
0.907
0.900
0.894
0.886
0.740
0.897
0.732
0.860
0.830
0.912
0.918
0.883
0.924
0.889
0.953
0.950
0.821
0.978
0.948
0.849
0.782
0.817
0.897
0.977
0.943
0.910
0.893
0.923
0.958
0.946
0.942
0.832
0.829
0.871
0.941
0.950
0.870
0.797
0.968
0.893
0.949
0.823
0.971
0.954
0.968
0.909
0.942
0.944
0.972
0.847
0.946
0.981
0.900
0.836
0.823
0.971
0.918
0.973
0.897
0.779
0.922
0.981
0.899
0.892
0.970
0.846
0.951
0.829
0.948
0.977
0.890
0.982
0.975
0.912
0.904
0.944
0.954
0.963
0.919
0.841
0.919
0.862
0.895
0.914
0.866
0.968
0.954
0.917
0.922
0.929
0.892
0.779
0.817
0.913
0.918
0.961
0.839
0.680
0.719
0.805
0.883
0.943
0.916
0.931
0.936
0.913
0.934
0.806
0.789
0.834
0.833
0.714
0.796
0.871
0.876
0.963
0.903
0.954
0.828
0.697
0.875
0.911
0.766
0.824
0.767
0.764
0.754
0.923
0.906
0.750
0.796
0.907
0.904
0.821
0.708
0.894
0.833
0.803
0.906
0.911
-99.000
0.712
0.596
0.508
0.616
0.622
0.729
0.773
0.920
0.760
0.662
0.742
0.710
0.697
0.776
0.737
0.704
0.589
0.590
0.628
0.651
0.627
0.604
0.597
0.594
0.615
0.621
0.547
0.603
0.570
0.555
0.600
0.519
0.421
0.471
0.538
0.479
0.464
0.481
0.440
0.473
0.559
0.590
0.572
0.648
0.687
0.754
0.713
0.720
0.554
0.619
0.617
0.608
0.416
0.363
0.376
0.452
0.526
0.524
0.534
0.510
0.634
0.693
0.648
0.572
0.566
0.516
0.617
0.595
0.524
0.470
0.517
0.546
0.600
0.606
0.625
0.602
0.615
0.612
0.774
0.639
0.670
0.528
0.566
0.543
0.511
0.443
0.450
0.507
0.577
0.531
0.565
0.480
0.489
0.458
0.510
0.464
0.480
0.526
0.482
0.504
0.481
0.421
0.404
0.421
0.406
0.414
0.643
0.833
0.825
0.760
0.651
0.532
0.443
0.450
0.448
0.486
0.473
0.453
0.619
0.466
0.430
0.462
0.566
0.524
0.503
0.531
0.661
0.627
0.486
0.512
0.520
0.509
0.570
0.621
0.496
0.405
0.431
0.514
0.587
0.570
0.864
0.741
0.624
0.743
0.758
0.513
0.374
0.495
0.564
0.629
0.510
0.592
0.653
0.531
0.446
0.535
0.721
0.774
0.596
0.775
0.510
0.594
0.511
0.606
0.824
0.498
0.458
0.535
0.521
0.550
0.869
0.644
0.633
0.621
0.853
0.729
0.940
0.909
0.912
0.946
0.916
0.952
0.892
0.954
0.924
0.972
0.897
0.854
0.627
0.811
0.944
0.785
0.939
0.857
0.884
0.603
0.589
0.766
0.775
0.878
0.958
0.973
0.938
0.965
0.874
0.685
0.744
-99.000
-99.000
-99.000
-99.000
-99.000
-99.000
-99.000
-99.000
0.930
0.922
0.889
0.863
0.858
0.975
0.914
0.872
0.892
0.950
0.948
0.837
0.773
0.945
0.975
0.950
0.951
0.912
0.864
0.822
0.901
0.924
0.923
0.879
0.869
0.895
0.886
0.954
0.819
0.853
0.850
0.810
0.876
0.966
0.885
0.813
0.748
0.915
0.938
0.873
0.551
0.563
0.644
0.635
0.632
0.559
0.662
0.752
0.906
0.894
0.951
0.957
0.901
0.824
0.820
0.885
0.951
0.909
0.883
0.880
0.935
0.912
0.942
0.886
0.887
0.911
0.880
0.813
0.943
0.978
0.736
0.596
0.587
0.557
0.510
0.662
0.744
0.953
0.963
0.955
0.913
0.915
0.935
0.972
0.767
0.760
0.979
0.957
0.845
0.950
0.934
0.976
0.979
0.762
0.673
0.844
0.761
0.910
0.928
0.872
0.753
0.873
0.856
0.854
0.930
0.887
0.932
0.909
0.736
0.751
0.903
0.966
0.939
0.854
0.750
0.795
0.944
0.832
0.857
0.870
0.863
0.877
0.872
0.801
0.841
0.940
0.962
0.892
0.849
0.602
0.661
0.716
0.668
0.689
0.829
0.823
0.853
0.925
0.815
0.728
0.874
0.855
0.767
0.763
0.633
0.582
0.679
0.761
0.703
0.658
0.660
0.812
0.761
0.766
0.819
0.768
0.772
0.835
0.764
0.718
0.637
0.669
0.656
0.798
0.928
0.894
0.868
0.764
0.660
0.648
0.687
0.724
0.673
0.763
0.730
0.536
0.560
0.699
0.613
0.572
0.773
0.873
0.872
0.654
0.558
0.571
0.537
0.539
0.546
0.735
0.783
0.762
0.644
0.686
0.598
0.548
0.562
0.517
0.622
0.673
0.571
0.534
0.500
0.547
0.577
0.549
0.593
0.685
0.563
0.618
0.723
0.371
0.460
0.472
0.481
0.519
0.704
0.682
0.518
0.530
0.576
0.478
0.454
0.422
0.396
0.431
0.373
0.427
0.414
0.405
0.370
0.336
0.353
0.348
0.333
0.319
0.356
0.418
0.321
0.476
0.392
0.410
0.326
0.354
0.360
0.533
0.398
0.328
0.395
0.435
0.493
0.424
0.382
0.413
0.343
0.398
0.346
0.414
0.466
0.470
0.388
0.334
0.418
0.408
0.458
0.358
0.372
0.318
0.436
0.390
0.715
0.427
0.476
0.480
0.832
0.453
0.441
0.491
0.380
0.494
0.499
0.542
0.532
0.475
0.459
0.498
0.860
0.710
0.538
0.746
0.693
0.754
0.866
0.692
0.775
0.641
0.596
0.541
0.696
0.844
0.778
0.520
0.710
0.506
0.486
0.551
0.649
0.540
0.495
0.539
0.508
0.547
0.498
0.688
0.946
0.939
0.701
0.908
0.840
0.968
0.763
0.663
0.812
0.946
0.798
0.801
0.650
0.729
0.690
0.807
0.754
0.950
0.924
0.829
0.834
0.627
0.591
0.613
0.821
0.837
0.731
0.578
0.698
0.746
0.601
0.689
0.832
0.813
0.961
0.727
0.820
0.893
0.903
0.889
0.826
0.884
0.718
0.940
0.888
0.810
0.765
0.885
0.778
0.628
0.829
0.807
0.756
0.627
0.599
0.744
0.924
0.964
0.799
0.836
0.941
0.842
0.859
0.941
0.950
0.864
0.946
0.830
0.838
0.935
0.964
0.913
0.759
0.897
0.920
0.877
0.955
0.944
0.891
0.915
0.688
0.832
0.893
0.960
0.898
0.888
0.946
0.923
0.791
0.892
0.958
0.968
0.954
0.915
0.877
0.934
0.961
0.946
0.898
0.890
0.961
0.866
0.863
0.956
0.877
0.890
0.911
0.924
0.870
0.870
0.838
0.887
0.704
0.755
0.774
0.687
0.722
0.880
0.978
0.961
0.789
0.881
0.862
0.946
0.710
0.727
0.690
0.906
0.879
0.951
0.857
0.962
0.838
0.936
0.920
0.938
0.875
0.949
0.959
0.865
0.981
0.857
0.900
0.936
0.845
0.964
0.973
0.957
0.851
0.864
0.960
0.882
0.788
0.882
0.924
0.974
0.844
0.916
0.852
0.857
0.855
0.946
0.838
0.923
0.865
0.960
0.902
0.896
0.898
0.885
0.767
0.773
0.739
0.752
0.807
0.948
0.887
0.831
0.778
0.831
0.736
0.754
0.904
0.890
0.871
0.784
0.820
0.876
0.855
0.820
0.841
0.910
0.957
0.897
0.735
0.879
0.898
0.799
0.787
0.719
0.736
0.885
0.800
0.720
0.782
0.765
0.783
0.617
0.652
0.660
0.731
0.714
0.833
0.693
0.663
0.714
0.633
0.616
0.604
0.712
0.741
0.672
0.696
0.716
0.696
0.642
0.599
0.571
0.643
0.618
0.546
0.598
0.625
0.627
0.605
0.620
0.593
0.587
0.816
0.727
0.714
0.647
0.579
0.536
0.449
0.485
0.472
0.569
0.534
0.512
0.414
0.387
0.352
0.502
0.535
0.513
0.441
0.459
0.452
0.449
0.536
0.448
0.442
0.399
0.529
0.413
0.453
0.370
0.352
0.370
0.374
0.379
0.395
0.366
0.350
0.317
0.362
0.416
0.403
0.578
0.429
0.380
0.352
0.357
0.306
0.278
0.285
0.236
0.256
0.295
0.298
0.393
0.408
0.404
0.378
0.343
0.275
0.253
0.249
0.265
0.333
0.350
0.363
0.416
0.524
0.436
0.446
0.465
0.518
0.694
0.538
0.511
0.487
0.435
0.452
0.386
0.416
0.479
0.471
0.598
0.404
0.431
0.320
0.302
0.303
0.408
0.371
0.511
0.549
0.749
0.772
0.493
0.581
0.607
0.657
0.678
0.540
0.689
0.662
0.556
0.921
0.775
0.592
0.556
0.620
0.668
0.792
0.569
0.487
0.423
0.415
0.541
0.405
0.433
0.563
0.733
0.746
0.562
0.481
0.345
0.439
0.532
0.542
0.535
0.586
0.536
0.520
0.622
0.580
0.825
0.856
0.659
0.795
0.727
0.618
0.642
0.893
0.908
0.670
0.737
0.643
0.629
0.728
0.915
0.875
0.948
0.976
0.932
0.717
0.703
0.896
0.967
0.920
0.809
0.952
0.973
0.974
0.796
0.787
0.814
0.803
0.907
0.961
0.785
0.789
0.956
0.810
0.786
0.785
0.917
0.961
0.872
0.925
0.966
0.831
0.955
0.719
0.955
0.938
0.955
0.908
0.881
0.874
0.846
0.947
0.975
0.948
0.926
0.852
0.866
0.787
0.892
0.935
0.946
0.973
0.955
0.858
0.912
0.824
0.830
0.937
0.893
0.849
0.948
0.947
0.837
0.836
0.937
0.937
0.976
0.927
0.814
0.781
0.828
0.840
0.922
0.977
0.949
0.872
0.903
0.760
0.785
0.872
0.741
0.959
0.865
0.955
0.906
0.884
0.871
0.962
0.900
0.976
0.810
0.798
0.871
0.885
0.924
0.916
0.847
0.892
0.918
0.936
0.968
0.963
0.911
0.922
0.949
0.863
0.794
0.702
0.854
0.856
0.935
0.748
0.931
0.895
0.890
0.979
0.975
0.960
0.936
0.968
0.906
0.857
0.973
0.896
0.969
0.968
0.949
0.835
0.894
0.951
0.884
0.930
0.861
0.924
0.940
0.884
0.916
0.853
0.962
0.915
0.965
0.916
0.932
0.804
0.758
0.813
0.937
0.882
0.914
0.961
0.938
0.919
0.969
0.910
0.976
0.956
0.922
0.953
0.901
0.873
0.603
0.578
0.632
0.648
0.701
0.799
0.975
0.841
0.793
0.909
0.942
0.839
0.714
0.656
0.652
0.609
0.615
0.735
0.896
0.756
0.740
0.784
0.789
0.909
0.922
0.921
0.896
0.804
0.862
0.769
0.733
0.769
0.774
0.833
0.838
0.915
0.766
0.788
0.693
0.718
0.883
0.979
0.898
0.753
0.681
0.637
0.649
0.696
0.814
0.787
0.743
0.765
0.812
0.839
0.911
0.874
0.829
0.772
0.724
0.752
0.465
0.433
0.521
0.603
0.693
0.673
0.806
0.701
0.706
0.588
0.559
0.573
0.591
0.561
0.613
0.634
0.606
0.537
0.622
0.857
0.859
0.840
0.797
0.694
0.698
0.753
0.684
0.633
0.617
0.596
0.673
0.535
0.593
0.601
0.560
0.578
0.482
0.429
0.436
0.472
0.516
0.428
0.519
0.524
0.593
0.579
0.566
0.536
0.680
0.523
0.560
0.452
0.508
0.471
0.431
0.689
0.515
0.808
0.636
0.523
0.478
0.501
0.531
0.696
0.480
0.427
0.504
0.546
0.533
0.502
0.532
0.406
0.296
0.244
0.295
0.275
0.332
0.375
0.401
0.479
0.568
0.785
0.482
0.415
0.425
0.484
0.413
0.465
0.452
0.608
0.658
0.522
0.528
0.516
0.575
0.668
0.495
0.583
0.672
0.627
0.612
0.556
0.663
0.658
0.475
0.484
0.501
0.549
0.556
0.690
0.601
0.690
0.836
0.631
0.316
0.472
0.567
0.620
0.816
0.698
0.776
0.926
0.828
0.798
0.849
0.820
0.844
0.820
0.803
0.715
0.822
0.542
0.480
0.562
0.489
0.377
0.525
0.780
0.915
0.925
0.967
0.686
0.669
0.552
0.704
0.854
0.609
0.689
0.560
0.582
0.538
0.605
0.686
0.607
0.685
0.782
0.672
0.622
0.773
0.869
0.755
0.959
0.852
0.764
0.597
0.829
0.835
0.630
0.648
0.755
0.955
0.911
0.808
0.921
0.861
0.958
0.918
0.944
0.922
0.943
0.955
0.847
0.936
0.916
0.960
0.929
0.945
0.868
0.807
0.906
0.950
0.870
0.939
0.849
0.883
0.934
0.916
0.981
0.944
0.883
0.879
0.903
0.950
0.949
0.873
0.948
0.955
0.851
0.916
0.953
0.894
0.869
0.904
0.912
0.917
0.893
0.968
0.954
0.959
0.952
0.957
0.918
0.958
0.953
0.947
0.815
0.800
0.952
0.969
0.919
0.843
0.759
0.793
0.898
0.871
0.980
0.879
0.766
0.748
0.821
0.951
0.978
0.875
0.822
0.922
0.938
0.923
0.959
0.932
0.821
0.929
0.846
0.732
0.891
0.874
0.969
0.969
0.918
0.823
0.950
0.872
0.788
0.866
0.836
0.952
0.964
0.930
0.923
0.942
0.960
0.873
0.938
0.874
0.926
0.884
0.954
0.912
0.963
0.813
0.869
0.880
0.830
0.855
0.906
0.829
0.934
0.960
0.795
0.766
0.784
0.781
0.909
0.960
0.877
0.789
0.840
0.765
0.792
0.934
0.756
0.910
0.732
0.859
0.900
0.949
0.906
0.938
0.900
0.786
0.875
0.952
0.896
0.894
0.932
0.738
0.750
0.738
0.584
0.669
0.640
0.497
0.530
0.629
0.682
0.757
0.797
0.894
0.907
0.955
0.972
0.970
0.948
0.890
0.868
0.823
0.853
0.840
0.748
0.696
0.688
0.782
0.728
0.678
0.692
0.608
0.649
0.607
0.697
0.659
0.627
0.662
0.659
0.671
0.836
0.955
0.958
0.769
0.636
0.694
0.742
0.646
0.625
0.652
0.562
0.579
0.587
0.577
0.543
0.694
0.915
0.645
0.480
0.566
0.586
0.641
0.637
0.613
0.767
0.705
0.631
0.631
0.465
0.543
0.558
0.594
0.616
0.624
0.548
0.349
0.287
0.314
0.503
0.454
0.532
0.454
0.539
0.520
0.421
0.502
0.492
0.430
0.359
0.306
0.357
0.445
0.556
0.665
0.671
0.588
0.561
0.597
0.694
0.509
0.382
0.479
0.384
0.438
0.430
0.449
0.456
0.555
0.526
0.552
0.566
0.473
0.491
0.515
0.489
0.550
0.550
0.437
0.354
0.440
0.479
0.468
0.308
0.366
0.354
0.369
0.364
0.350
0.359
0.376
0.434
0.427
0.337
0.303
0.340
0.378
0.304
0.407
0.593
0.754
0.634
0.704
0.561
0.558
0.473
0.472
0.409
0.515
0.384
0.392
0.425
0.464
0.484
0.514
0.692
0.646
0.643
0.739
0.879
0.641
0.602
0.562
0.756
0.649
0.539
0.607
0.472
0.448
0.453
0.468
0.645
0.581
0.684
0.556
0.552
0.629
0.523
0.641
0.845
0.750
0.647
0.502
0.493
0.499
0.477
0.518
0.588
0.589
0.574
0.570
0.497
0.590
0.540
0.630
0.826
0.767
0.830
0.656
0.597
0.557
0.606
0.593
0.847
0.885
0.761
0.842
0.742
0.711
0.834
0.752
0.891
0.951
0.682
0.833
0.863
0.587
0.873
0.708
0.643
0.670
0.681
0.769
0.881
0.948
0.966
0.850
0.659
0.804
0.949
0.842
0.799
0.888
0.913
0.815
0.792
0.797
0.734
0.673
0.869
0.935
0.876
0.861
0.896
0.822
0.912
0.967
0.975
0.955
0.937
0.976
0.853
0.771
0.830
0.958
0.955
0.895
0.874
0.905
0.883
0.750
0.849
0.914
0.871
0.880
0.806
0.823
0.903
0.940
0.836
0.889
0.910
0.942
0.963
0.930
0.775
0.930
0.844
0.708
0.901
0.954
0.804
0.875
0.974
0.919
0.911
0.929
0.904
0.794
0.813
0.912
0.925
0.760
0.853
0.833
0.958
0.840
0.940
0.961
0.928
0.966
0.916
0.939
0.834
0.884
0.857
0.866
0.926
0.940
0.914
0.967
0.925
0.799
0.765
0.915
0.936
0.843
0.670
0.598
0.641
0.667
0.687
0.732
0.797
0.921
0.925
0.963
0.826
0.919
0.872
0.901
0.932
0.834
0.847
0.905
0.878
0.940
0.839
0.791
0.793
0.928
0.814
0.704
0.750
0.756
0.822
0.815
0.821
0.791
0.832
0.926
0.868
0.881
0.880
0.948
0.929
0.929
0.913
0.801
0.855
0.718
0.671
0.737
0.753
0.805
0.772
0.887
0.774
0.718
0.681
0.701
0.659
0.768
0.864
0.945
0.850
0.727
0.775
0.717
0.776
0.733
0.875
0.825
0.664
0.599
0.617
0.704
0.876
0.912
0.955
0.792
0.719
0.722
0.687
0.648
0.662
0.679
0.642
0.687
0.787
0.758
0.738
0.729
0.724
0.805
0.855
0.732
0.648
0.612
0.649
0.688
0.739
0.638
0.568
0.599
0.626
0.576
0.608
0.584
0.562
0.542
0.567
0.601
0.662
0.680
0.824
0.637
0.519
0.554
0.574
0.533
0.566
0.600
0.596
0.487
0.505
0.506
0.552
0.470
0.471
0.538
0.443
0.443
0.519
0.562
0.554
0.395
0.370
0.396
0.504
0.572
0.531
0.530
0.563
0.557
0.493
0.404
0.341
0.288
0.270
0.276
0.314
0.414
0.368
0.379
0.350
0.419
0.412
0.335
0.327
0.326
0.407
0.347
0.379
0.423
0.344
0.214
0.257
0.313
0.381
0.468
0.448
0.394
0.446
0.375
0.352
0.341
0.366
0.351
0.365
0.345
0.427
0.500
0.589
0.425
0.405
0.434
0.434
0.524
0.570
0.492
0.476
0.499
0.418
0.414
0.437
0.434
0.446
0.373
0.372
0.358
0.324
0.353
0.400
0.383
0.411
0.336
0.358
0.336
0.370
0.335
0.411
0.455
0.496
0.530
0.511
0.513
0.454
0.549
0.708
0.896
0.655
0.732
0.781
0.696
0.650
0.860
0.676
0.676
0.681
0.593
0.639
0.721
0.613
0.555
0.484
0.510
0.909
0.596
0.577
0.621
0.840
0.636
0.879
0.784
0.905
0.683
0.664
0.628
0.570
0.570
0.724
0.874
0.697
0.632
0.645
0.562
0.615
0.790
0.632
0.743
0.589
0.604
0.639
0.525
0.512
0.795
0.645
0.580
0.624
0.586
0.554
0.564
0.855
0.705
0.656
0.714
0.699
0.876
0.704
0.792
0.582
0.765
0.873
0.719
0.913
0.671
0.904
0.715
0.741
0.799
0.642
0.755
0.586
0.567
0.634
0.616
0.669
0.591
0.734
0.626
0.612
0.810
0.856
0.875
0.896
0.876
0.845
0.969
0.674
0.682
0.627
0.708
0.821
0.751
0.599
0.715
0.618
0.624
0.559
0.601
0.842
0.814
0.750
0.611
0.738
0.771
0.603
0.648
0.927
0.785
0.971
0.974
0.890
0.897
0.879
0.722
0.769
0.675
0.889
0.864
0.823
0.971
0.773
0.933
0.856
0.952
0.853
0.964
0.948
0.976
0.859
0.958
0.852
0.927
0.880
0.902
0.865
0.966
0.947
0.964
0.941
0.936
0.937
0.938
0.960
0.829
0.903
0.863
0.976
0.921
0.707
0.611
0.717
0.820
0.844
0.886
0.903
0.953
0.921
0.889
0.938
0.889
0.874
0.917
0.963
0.853
0.829
0.814
0.835
0.931
0.784
0.684
0.609
0.749
0.780
0.941
0.859
0.909
0.856
0.941
0.960
0.924
0.945
0.910
0.805
0.690
0.672
0.723
0.859
0.935
0.867
0.918
0.759
0.906
0.948
0.910
0.732
0.700
0.753
0.889
0.899
0.699
0.662
0.701
0.817
0.870
0.850
0.735
0.714
0.843
0.897
0.936
0.727
0.693
0.634
0.759
0.817
0.858
0.720
0.759
0.718
0.660
0.694
0.666
0.614
0.600
0.640
0.722
0.889
0.615
0.599
0.670
0.729
0.735
0.650
0.627
0.587
0.534
0.581
0.559
0.504
0.594
0.571
0.532
0.535
0.798
0.733
0.887
0.925
0.829
0.769
0.732
0.595
0.679
0.559
0.535
0.585
0.599
0.568
0.547
0.570
0.528
0.697
0.792
0.659
0.741
0.615
0.591
0.601
0.467
0.454
0.407
0.553
0.559
0.607
0.427
0.493
0.471
0.493
0.492
0.463
0.476
0.457
0.446
0.418
0.496
0.423
0.386
0.448
0.414
0.392
0.410
0.425
0.384
0.436
0.502
0.572
0.805
0.904
0.892
0.801
0.616
0.717
0.641
0.549
0.434
0.362
0.416
0.452
0.481
0.617
0.870
0.655
0.605
0.544
0.559
0.643
0.514
0.488
0.501
0.508
0.657
0.746
0.869
0.956
0.789
0.613
0.509
0.693
0.648
0.530
0.487
0.551
0.510
0.557
0.761
0.606
0.544
0.538
0.466
0.532
0.524
0.472
0.486
0.477
0.516
0.759
0.662
0.852
0.593
0.535
0.604
0.550
0.476
0.436
0.387
0.386
0.481
0.598
0.618
0.592
0.553
0.607
0.465
0.418
0.435
0.436
0.430
0.362
0.367
0.571
0.563
0.558
0.470
0.615
0.614
0.361
0.348
0.447
0.547
0.591
0.621
0.887
0.607
0.469
0.567
0.653
0.826
0.935
0.847
0.600
0.874
0.708
0.846
0.634
0.595
0.557
0.607
0.613
0.621
0.692
0.704
0.890
0.743
0.936
0.795
0.967
0.863
0.843
0.818
0.715
0.866
0.964
0.916
0.637
0.808
0.843
0.841
0.715
0.870
0.877
0.682
0.850
0.713
0.940
0.958
0.962
0.736
0.615
0.692
0.852
0.842
0.956
0.935
0.876
0.911
0.935
0.946
0.951
0.892
0.844
0.911
0.904
0.932
0.909
0.967
0.895
0.960
0.946
0.964
0.959
0.912
0.833
0.933
0.935
0.903
0.960
0.977
0.918
0.904
0.964
0.838
0.924
0.961
0.927
0.889
0.935
0.958
0.856
0.886
0.966
0.972
0.977
0.867
0.861
0.895
0.914
0.980
0.893
0.952
0.953
0.890
0.953
0.913
0.830
0.762
0.921
0.957
0.963
0.893
0.970
0.962
0.955
0.954
0.941
0.950
0.963
0.967
0.964
0.946
0.860
0.961
0.967
0.965
0.885
0.934
0.883
0.929
0.965
0.959
0.967
0.967
0.950
0.970
0.976
0.871
0.912
0.926
0.898
0.889
0.943
0.939
0.918
0.879
0.875
0.945
0.904
0.964
0.973
0.959
0.861
0.872
0.854
0.818
0.898
0.938
0.954
0.934
0.830
0.888
0.946
0.819
0.919
0.952
0.817
0.819
0.799
0.818
0.938
0.910
0.828
0.742
0.752
0.727
0.848
0.768
0.908
0.957
0.905
0.978
0.865
0.777
0.714
0.823
0.734
0.833
0.852
0.687
0.666
0.685
0.696
0.667
0.680
0.853
0.836
0.879
0.930
0.897
0.911
0.705
0.684
0.756
0.757
0.829
0.823
0.720
0.757
0.769
0.765
0.778
0.924
0.877
0.808
0.753
0.752
0.717
0.637
0.683
0.803
0.783
0.675
0.622
0.698
0.645
0.623
0.646
0.755
0.789
0.646
0.616
0.834
0.662
0.725
0.694
0.681
0.733
0.796
0.659
0.657
0.871
0.747
0.691
0.662
0.589
0.683
0.605
0.484
0.558
0.565
0.636
0.520
0.521
0.645
0.584
0.460
0.631
0.463
0.526
0.488
0.480
0.514
0.653
0.657
0.442
0.484
0.592
0.487
0.391
0.356
0.371
0.485
0.428
0.604
0.636
0.713
0.607
0.498
0.447
0.406
0.475
0.651
0.488
0.414
0.478
0.483
0.525
0.508
0.496
0.427
0.395
0.528
0.469
0.496
0.471
0.406
0.593
0.438
0.338
0.323
0.327
0.359
0.447
0.473
0.605
0.571
0.503
0.478
0.342
0.382
0.397
0.410
0.436
0.447
0.477
0.485
0.444
0.474
0.413
0.668
0.492
0.530
0.515
0.387
0.413
0.486
0.479
0.462
0.432
0.418
0.422
0.369
0.338
0.366
0.429
0.468
0.466
0.497
0.463
0.545
0.527
0.432
0.479
0.684
0.709
0.599
0.619
0.539
0.583
0.690
0.855
0.698
0.807
0.630
0.706
0.963
0.895
0.871
0.868
0.609
0.497
0.568
0.497
0.582
0.673
0.853
0.832
0.884
0.750
0.743
0.847
0.628
0.814
0.724
0.960
0.782
0.636
0.628
0.576
0.564
0.893
0.916
0.919
0.956
0.706
0.554
0.569
0.761
0.832
0.689
0.845
0.877
0.746
0.608
0.899
0.955
0.698
0.779
0.754
0.658
0.764
0.700
0.946
0.912
0.872
0.932
0.815
0.951
0.682
0.859
0.818
0.900
0.918
0.898
0.714
0.670
0.625
0.824
0.854
0.830
0.643
0.920
0.959
0.863
0.854
0.819
0.869
0.967
0.866
0.826
0.718
0.712
0.691
0.889
0.930
0.874
0.943
0.933
0.961
0.967
0.751
0.877
0.846
0.913
0.910
0.938
0.914
0.903
0.879
0.887
0.842
0.846
0.953
0.971
0.894
0.964
0.964
0.974
0.971
0.980
0.902
0.970
0.797
0.851
0.921
0.885
0.975
0.930
0.894
0.952
0.829
0.798
0.880
0.969
0.852
0.961
0.887
0.914
0.878
0.965
0.806
0.717
0.652
0.647
0.624
0.538
0.660
0.853
0.868
0.821
0.671
0.894
0.858
0.893
0.948
0.953
0.865
0.935
0.970
0.921
0.972
0.962
0.954
0.953
0.870
0.889
0.906
0.973
0.849
0.942
0.887
0.966
0.878
0.891
0.969
0.974
0.887
0.951
0.920
0.832
0.864
0.839
0.956
0.837
0.783
0.938
0.935
0.912
0.827
0.940
0.965
0.871
0.757
0.848
0.920
0.946
0.817
0.920
0.832
0.966
0.832
0.847
0.881
0.830
0.810
0.881
0.893
0.960
0.965
0.927
0.838
0.759
0.712
0.719
0.671
0.765
0.732
0.782
0.799
0.863
0.923
0.909
0.929
0.882
0.749
0.862
0.953
0.926
0.845
0.860
0.807
0.823
0.884
0.730
0.639
0.765
0.885
0.710
0.689
0.724
0.698
0.790
0.708
0.702
0.801
0.696
0.717
0.680
0.719
0.803
0.745
0.711
0.760
0.932
0.342
0.408
0.498
0.627
0.598
0.806
0.808
0.822
0.710
0.660
0.641
0.598
0.651
0.545
0.425
0.429
0.567
0.639
0.532
0.600
0.602
0.630
0.577
0.527
0.529
0.526
0.653
0.765
0.716
0.616
0.616
0.526
0.548
0.494
0.591
0.445
0.393
0.423
0.488
0.429
0.434
0.438
0.449
0.453
0.502
0.750
0.494
0.413
0.482
0.514
0.392
0.373
0.326
0.484
0.380
0.261
0.266
0.356
0.340
0.230
0.281
0.316
0.449
0.396
0.290
0.380
0.404
0.393
0.377
0.303
0.306
0.296
0.484
0.415
0.462
0.309
0.285
0.400
0.386
0.427
0.458
0.482
0.591
0.576
0.569
0.472
0.432
0.411
0.509
0.440
0.417
0.410
0.386
0.425
0.412
0.522
0.625
0.659
0.620
0.649
0.620
0.498
0.513
0.460
0.389
0.397
0.461
0.502
0.492
0.634
0.815
0.601
0.452
0.428
0.430
0.458
0.523
0.668
0.596
0.534
0.590
0.656
0.471
0.501
0.492
0.576
0.696
0.567
0.554
0.702
0.679
0.536
0.467
0.713
0.495
0.490
0.532
0.472
0.448
0.473
0.467
0.391
0.416
0.383
0.684
0.520
0.521
0.607
0.518
0.395
0.364
0.488
0.518
0.576
0.859
0.808
0.848
0.831
0.948
0.793
0.846
0.831
0.835
0.934
0.903
0.895
0.886
0.821
0.754
0.822
0.944
0.840
0.916
0.678
0.830
0.934
0.691
0.625
0.580
0.844
0.897
0.914
0.885
0.940
0.804
0.885
0.929
0.956
0.904
0.687
0.896
0.815
0.752
0.907
0.853
0.908
0.811
0.622
0.798
0.664
0.877
0.966
0.882
0.847
0.824
0.915
0.747
0.898
0.931
0.913
0.940
0.886
0.916
0.908
0.739
0.917
0.871
0.929
0.914
0.773
0.658
0.744
0.880
0.785
0.830
0.837
0.949
0.901
0.929
0.879
0.966
0.686
0.785
0.850
0.844
0.911
0.884
0.942
0.904
0.705
0.735
0.918
0.874
0.869
0.941
0.981
0.790
0.869
0.959
0.962
0.959
0.940
0.944
0.967
0.931
0.910
0.953
0.977
0.891
0.960
0.976
0.977
0.981
0.929
0.949
0.950
0.915
0.889
0.962
0.951
0.902
0.733
0.776
0.765
0.863
0.755
0.798
0.933
0.753
0.766
0.938
0.886
0.866
0.888
0.887
0.907
0.834
0.891
0.847
0.917
0.560
0.582
0.628
0.737
0.817
0.830
0.916
0.933
0.961
0.763
0.561
0.652
0.742
0.675
0.920
0.834
0.841
0.879
0.849
0.863
0.954
0.962
0.867
0.850
0.944
0.940
0.820
0.714
0.762
0.735
0.820
0.815
0.781
0.908
0.946
0.954
0.963
0.792
0.750
0.736
0.653
0.687
0.639
0.626
0.620
0.649
0.667
0.678
0.656
0.707
0.746
0.772
0.754
0.663
0.620
0.542
0.674
0.812
0.803
0.806
0.863
0.663
0.611
0.707
0.597
0.546
0.629
0.756
0.558
0.607
0.651
0.580
0.556
0.597
0.837
0.747
0.653
0.812
0.738
0.613
0.632
0.643
0.670
0.668
0.590
0.617
0.669
0.815
0.708
0.692
0.770
0.787
0.632
0.557
0.549
0.607
0.550
0.586
0.564
0.593
0.407
0.435
0.493
0.495
0.580
0.529
0.609
0.592
0.597
0.610
0.640
0.757
0.568
0.567
0.695
0.617
0.559
0.590
0.488
0.458
0.556
0.483
0.505
0.538
0.491
0.439
0.373
0.381
0.347
0.327
0.353
0.377
0.401
0.342
0.370
0.389
0.283
0.270
0.216
0.277
0.358
0.336
0.267
0.324
0.281
0.337
0.312
0.272
0.349
0.362
0.484
0.540
0.570
0.612
0.640
0.497
0.379
0.371
0.453
0.381
0.420
0.436
0.245
0.305
0.335
0.355
0.398
0.436
0.429
0.440
0.497
0.352
0.354
0.403
0.360
0.430
0.416
0.327
0.381
0.415
0.489
0.470
0.467
0.576
0.635
0.823
0.549
0.487
0.613
0.457
0.511
0.553
0.659
0.561
0.434
0.420
0.576
0.484
0.453
0.649
0.777
0.621
0.502
0.415
0.403
0.377
0.715
0.515
0.530
0.619
0.556
0.620
0.624
0.751
0.961
0.838
0.686
0.632
0.690
0.593
0.658
0.861
0.727
0.597
0.737
0.859
0.904
0.787
0.942
0.902
0.979
0.677
0.749
0.949
0.958
0.925
0.878
0.925
0.923
0.961
0.955
0.860
0.736
0.796
0.721
0.927
0.745
0.666
0.609
0.851
0.868
0.855
0.839
0.609
0.897
0.809
0.861
0.850
0.752
0.833
0.850
0.898
0.936
0.680
0.874
0.942
0.754
0.807
0.844
0.828
0.803
0.867
0.904
0.848
0.877
0.949
0.937
0.952
0.960
0.943
0.961
0.966
0.942
0.919
0.978
0.934
0.947
0.944
0.930
0.960
0.950
0.899
0.935
0.966
0.974
0.879
0.772
0.775
0.663
0.816
0.901
0.886
0.948
0.980
0.876
0.933
0.945
0.839
0.846
0.872
0.960
0.980
0.946
0.950
0.911
0.834
0.895
0.971
0.968
0.830
0.948
0.848
0.932
0.948
0.968
0.977
0.915
0.940
0.978
0.877
0.823
0.873
0.931
0.940
0.958
0.872
0.782
0.848
0.861
0.914
0.950
0.896
0.906
0.889
0.914
0.925
0.979
0.919
0.885
0.893
0.904
0.973
0.964
0.889
0.836
0.921
0.963
0.958
0.983
0.929
0.740
0.862
0.899
0.804
0.816
0.917
0.951
0.951
0.847
0.942
0.963
0.976
0.814
0.680
0.610
0.668
0.916
0.829
0.858
0.872
0.910
0.923
0.891
0.933
0.947
0.860
0.792
0.625
0.619
0.667
0.672
0.826
0.797
0.852
0.926
0.891
0.770
0.768
0.966
0.980
0.886
0.900
0.912
0.833
0.903
0.889
0.855
0.917
0.905
0.801
0.798
0.822
0.751
0.898
0.834
0.953
0.836
0.751
0.718
0.689
0.672
0.741
0.671
0.652
0.601
0.611
0.650
0.737
0.693
0.646
0.723
0.797
0.729
0.814
0.794
0.707
0.628
0.659
0.633
0.627
0.658
0.620
0.888
0.738
0.548
0.574
0.598
0.644
0.658
0.652
0.693
0.616
0.626
0.637
0.648
0.606
0.555
0.525
0.640
0.607
0.503
0.537
0.518
0.524
0.582
0.611
0.470
0.412
0.435
0.511
0.504
0.601
0.565
0.511
0.492
0.500
0.433
0.428
0.363
0.352
0.342
0.498
0.620
0.653
0.539
0.632
0.699
0.590
0.532
0.505
0.463
0.482
0.440
0.570
0.571
0.555
0.546
0.629
0.587
0.530
0.497
0.598
0.510
0.572
0.649
0.413
0.431
0.358
0.381
0.439
0.466
0.545
0.571
0.612
0.387
0.420
0.484
0.531
0.394
0.352
0.336
0.331
0.416
0.369
0.283
0.301
0.317
0.376
0.409
0.487
0.730
0.609
0.541
0.490
0.400
0.460
0.394
0.331
0.408
0.489
0.435
0.433
0.451
0.503
0.468
0.413
0.466
0.516
0.525
0.604
0.534
0.550
0.437
0.396
0.448
0.437
0.448
0.418
0.543
0.554
0.725
0.609
0.547
0.570
0.637
0.564
0.633
0.682
0.479
0.496
0.517
0.613
0.720
0.619
0.551
0.499
0.612
0.822
0.889
0.777
0.617
0.573
0.550
0.599
0.726
0.769
0.810
0.901
0.743
0.694
0.528
0.834
0.805
0.774
0.610
0.561
0.509
0.638
0.823
0.865
0.950
0.857
0.949
0.828
0.774
0.710
0.826
0.849
0.788
0.671
0.760
0.890
0.926
0.698
0.538
0.533
0.587
0.554
0.603
0.471
0.521
0.552
0.536
0.577
0.613
0.554
0.628
0.815
0.943
0.777
0.761
0.839
0.799
0.683
0.640
0.778
0.930
0.849
0.937
0.926
0.926
0.931
0.799
0.937
0.868
0.888
0.877
0.955
0.921
0.975
0.981
0.982
0.925
0.810
0.863
0.645
0.725
0.764
0.776
0.812
0.966
0.794
0.805
0.858
0.971
0.811
0.930
0.965
0.912
0.874
0.910
0.951
0.967
0.874
0.952
0.922
0.911
0.959
0.911
0.904
0.927
0.958
0.977
0.983
0.848
0.876
0.846
0.940
0.881
0.973
0.912
0.857
0.958
0.938
0.917
0.920
0.941
0.924
0.973
0.944
0.916
0.963
0.938
0.945
0.879
0.815
0.977
0.968
0.955
0.971
0.970
0.934
0.934
0.959
0.961
0.960
0.913
0.911
0.686
0.579
0.583
0.640
0.667
0.715
0.863
0.945
0.951
0.798
0.855
0.966
0.983
0.928
0.914
0.946
0.942
0.888
0.957
0.870
0.833
0.877
0.944
0.970
0.960
0.921
0.849
0.928
0.892
0.937
0.933
0.929
0.969
0.865
0.921
0.803
0.615
0.634
0.804
0.745
0.699
0.663
0.671
0.864
0.895
0.826
0.960
0.967
0.909
0.963
0.816
0.791
0.684
0.719
0.870
0.759
0.813
0.794
0.745
0.756
0.879
0.781
0.662
0.681
0.819
0.871
0.781
0.714
0.806
0.926
0.928
0.965
0.876
0.821
0.864
0.776
0.723
0.812
0.785
0.701
0.726
0.701
0.652
0.661
0.672
0.623
0.596
0.629
0.657
0.657
0.827
0.770
0.682
0.650
0.594
0.557
0.538
0.466
0.554
0.649
0.564
0.587
0.597
0.590
0.546
0.562
0.599
0.538
0.557
0.617
0.598
0.603
0.507
0.549
0.541
0.463
0.469
0.465
0.531
0.487
0.565
0.605
0.495
0.660
0.685
0.637
0.711
0.883
0.777
0.661
0.628
0.487
0.428
0.422
0.471
0.444
0.433
0.459
0.512
0.533
0.578
0.714
0.869
0.669
0.662
0.692
0.544
0.562
0.500
0.462
0.363
0.341
0.441
0.417
0.413
0.403
0.426
0.393
0.408
0.415
0.514
0.468
0.411
0.430
0.432
0.529
0.486
0.477
0.549
0.567
0.762
0.586
0.565
0.413
0.347
0.450
0.538
0.485
0.460
0.509
0.732
0.828
0.556
0.489
0.560
0.550
0.511
0.389
0.451
0.444
0.574
0.636
0.613
0.591
0.454
0.513
0.529
0.595
0.452
0.486
0.487
0.525
0.487
0.553
0.580
0.758
0.832
0.825
0.699
0.559
0.488
0.471
0.638
0.563
0.751
0.601
0.622
0.651
0.552
0.570
0.500
0.471
0.430
0.394
0.335
0.362
0.505
0.418
0.456
0.791
0.978
0.695
0.493
0.775
0.852
0.771
0.911
0.884
0.768
0.817
0.787
0.904
0.920
0.946
0.848
0.813
0.713
0.873
0.955
0.740
0.752
0.772
0.681
0.609
0.663
0.609
0.524
0.631
0.635
0.673
0.932
0.724
0.927
0.974
0.960
0.961
0.791
0.851
0.897
0.860
0.763
0.939
0.754
0.776
0.672
0.696
0.842
0.938
0.903
0.721
0.831
0.758
0.753
0.728
0.821
0.822
0.713
0.795
0.779
0.690
0.885
0.946
0.894
0.749
0.878
0.826
0.912
0.857
0.897
0.873
0.884
0.960
0.935
0.803
0.872
0.756
0.645
0.833
0.936
0.939
0.784
0.665
0.768
0.795
0.854
0.786
0.797
0.955
0.784
0.617
0.588
0.555
0.753
0.784
0.774
0.828
0.828
0.958
0.895
0.953
0.842
0.827
0.943
0.858
0.835
0.978
0.981
0.961
0.869
0.950
0.948
0.952
0.905
0.860
0.961
0.931
0.925
0.928
0.925
0.909
0.941
0.958
0.948
0.941
0.957
0.966
0.889
0.957
0.885
0.844
0.918
0.955
0.854
0.920
0.960
0.956
0.945
0.935
0.875
0.659
0.688
0.901
0.900
0.858
0.901
0.854
0.899
0.837
0.916
0.884
0.931
0.939
0.956
0.946
0.920
0.843
0.782
0.855
0.949
0.953
0.787
0.885
0.867
0.789
0.880
0.894
0.812
0.772
0.703
0.855
0.876
0.786
0.706
0.711
0.687
0.714
0.843
0.808
0.895
0.895
0.858
0.928
0.800
0.538
0.503
0.555
0.534
0.607
0.722
0.650
0.651
0.897
0.943
0.968
0.936
0.944
0.903
0.736
0.672
0.685
0.648
0.645
0.642
0.680
0.745
0.762
0.743
0.751
0.825
0.785
0.727
0.773
0.683
0.615
0.652
0.656
0.683
0.706
0.664
0.653
0.597
0.643
0.589
0.613
0.624
0.624
0.664
0.514
0.531
0.557
0.578
0.619
0.536
0.614
0.624
0.633
0.616
0.606
0.583
0.505
0.491
0.514
0.536
0.584
0.619
0.514
0.610
0.648
0.876
0.651
0.555
0.571
0.592
0.548
0.528
0.468
0.394
0.361
0.325
0.477
0.442
0.489
0.494
0.614
0.540
0.641
0.620
0.622
0.646
0.564
0.476
0.424
0.338
0.392
0.388
0.405
0.503
0.620
0.528
0.499
0.438
0.379
0.328
0.339
0.356
0.369
0.385
0.314
0.271
0.261
0.296
0.364
0.422
0.449
0.463
0.501
0.516
0.564
0.539
0.571
0.396
0.568
0.384
0.399
0.369
0.360
0.309
0.365
0.421
0.321
0.332
0.319
0.278
0.282
0.254
0.409
0.421
0.532
0.703
0.861
0.513
0.390
0.416
0.403
0.381
0.408
0.368
0.457
0.483
0.305
0.413
0.416
0.413
0.590
0.466
0.502
0.665
0.810
0.618
0.691
0.577
0.534
0.536
0.690
0.866
0.616
0.716
0.848
0.777
0.822
0.876
0.930
0.799
0.785
0.701
0.938
0.898
0.772
0.771
0.874
0.657
0.808
0.906
0.914
0.924
0.931
0.719
0.610
0.887
0.595
0.670
0.714
0.701
0.782
0.901
0.911
0.980
0.958
0.862
0.722
0.847
0.736
0.857
0.979
0.897
0.892
0.833
0.957
0.918
0.868
0.829
0.843
0.812
0.861
0.940
0.669
0.626
0.597
0.629
0.660
0.775
0.734
0.951
0.685
0.560
0.562
0.762
0.952
0.894
0.814
0.966
0.947
0.963
0.721
0.943
0.839
0.739
0.954
0.909
0.893
0.939
0.861
0.838
0.946
0.953
0.914
0.940
0.839
0.899
0.925
0.970
0.952
0.956
0.891
0.932
0.909
0.953
0.907
0.881
0.928
0.958
0.930
0.951
0.842
0.880
0.867
0.965
0.974
0.829
0.876
0.922
0.978
0.907
0.884
0.834
0.827
0.866
0.967
0.961
0.958
0.954
0.954
0.875
0.955
0.956
0.917
0.946
0.903
0.868
0.949
0.947
0.923
0.940
0.974
0.892
0.847
0.798
0.718
0.824
0.832
0.807
0.862
0.922
0.951
0.960
0.821
0.816
0.805
0.843
0.907
0.929
0.967
0.912
0.941
0.954
0.849
0.823
0.910
0.812
0.825
0.851
0.925
0.973
0.847
0.857
0.871
0.749
0.909
0.911
0.933
0.871
0.831
0.941
0.958
0.948
0.945
0.920
0.931
0.971
0.660
0.665
0.706
0.746
0.668
0.816
0.791
0.765
0.764
0.925
0.893
0.910
0.975
0.956
0.912
0.928
0.924
0.951
0.869
0.932
0.967
0.840
0.817
0.914
0.927
0.848
0.941
0.869
0.894
0.943
0.852
0.795
0.763
0.789
0.731
0.709
0.849
0.898
0.830
0.881
0.823
0.835
0.922
0.737
0.749
0.734
0.771
0.931
0.821
0.781
0.787
0.756
0.744
0.857
0.823
0.735
0.688
0.711
0.751
0.848
0.795
0.799
0.907
0.954
0.808
0.742
0.778
0.843
0.773
0.886
0.748
0.849
0.844
0.865
0.850
0.754
0.742
0.906
0.825
0.636
0.670
0.693
0.658
0.670
0.568
0.703
0.646
0.663
0.665
0.845
0.734
0.729
0.666
0.565
0.635
0.626
0.619
0.616
0.546
0.520
0.526
0.561
0.479
0.421
0.505
0.509
0.448
0.480
0.619
0.483
0.440
0.485
0.490
0.418
0.549
0.451
0.401
0.458
0.497
0.324
0.312
0.364
0.415
0.441
0.363
0.348
0.375
0.329
0.352
0.344
0.365
0.396
0.383
0.539
0.491
0.480
0.475
0.402
0.373
0.399
0.404
0.374
0.445
0.343
0.454
0.438
0.445
0.316
0.294
0.377
0.650
0.744
0.592
0.536
0.738
0.663
0.529
0.544
0.509
0.474
0.527
0.522
0.574
0.558
0.679
0.560
0.607
0.643
0.468
0.401
0.382
0.337
0.373
0.475
0.620
0.401
0.443
0.410
0.410
0.413
0.390
0.490
0.407
0.541
0.536
0.476
0.559
0.421
0.349
0.445
0.526
0.504
0.436
0.520
0.540
0.775
0.500
0.440
0.587
0.524
0.554
0.781
0.654
0.553
0.727
0.906
0.708
0.675
0.575
0.570
0.649
0.704
0.606
0.750
0.603
0.575
0.664
0.833
0.801
0.703
0.889
0.912
0.861
0.860
0.861
0.930
0.735
0.668
0.813
0.788
0.634
0.622
0.571
0.958
0.943
0.827
0.845
0.909
0.856
0.874
0.889
0.910
0.809
0.946
0.840
0.817
0.830
0.930
0.769
0.785
0.624
0.683
0.736
0.771
0.627
0.573
0.603
0.622
0.743
0.761
0.624
0.641
0.601
0.686
0.633
0.598
0.632
0.793
0.849
0.852
0.877
0.811
0.886
0.958
0.918
0.764
0.861
0.682
0.655
0.821
0.941
0.691
0.897
0.919
0.926
0.915
0.858
0.875
0.869
0.957
0.717
0.781
0.766
0.781
0.931
0.958
0.792
0.805
0.950
0.906
0.752
0.858
0.968
0.890
0.910
0.908
0.943
0.794
0.920
0.952
0.835
0.882
0.958
0.874
0.877
0.753
0.777
0.808
0.867
0.947
0.841
0.902
0.963
0.862
0.927
0.849
0.855
0.897
0.955
0.865
0.736
0.828
0.915
0.968
0.884
0.699
0.929
0.958
0.950
0.777
0.933
0.957
0.951
0.766
0.694
0.973
0.944
0.845
0.802
0.914
0.846
0.844
0.908
0.941
0.931
0.951
0.836
0.951
0.864
0.836
0.745
0.835
0.804
0.927
0.949
0.805
0.868
0.953
0.790
0.747
0.788
0.766
0.910
0.895
0.874
0.900
0.905
0.930
0.896
0.870
0.911
0.922
0.854
0.821
0.893
0.749
0.731
0.817
0.827
0.731
0.687
0.809
0.938
0.748
0.802
0.933
0.717
0.669
0.679
0.694
0.676
0.716
0.656
0.654
0.753
0.845
0.804
0.777
0.676
0.605
0.687
0.664
0.763
0.736
0.779
0.888
0.723
0.636
0.720
0.627
0.623
0.555
0.619
0.651
0.686
0.679
0.800
0.748
0.775
0.755
0.711
0.738
0.706
0.610
0.595
0.643
0.599
0.692
0.613
0.665
0.620
0.636
0.734
0.743
0.623
0.627
0.542
0.604
0.688
0.717
0.785
0.701
0.549
0.570
0.610
0.673
0.620
0.605
0.584
0.554
0.582
0.538
0.879
0.609
0.473
0.424
0.469
0.390
0.418
0.434
0.454
0.489
0.561
0.595
0.539
0.476
0.503
0.557
0.562
0.577
0.706
0.553
0.488
0.447
0.436
0.458
0.473
0.495
0.509
0.423
0.394
0.399
0.379
0.387
0.383
0.358
0.393
0.385
0.379
0.374
0.335
0.337
0.267
0.307
0.310
0.323
0.327
0.368
0.390
0.373
0.415
0.386
0.355
0.353
0.359
0.441
0.497
0.556
0.489
0.458
0.428
0.438
0.423
0.425
0.392
0.507
0.419
0.296
0.277
0.301
0.372
0.493
0.570
0.353
0.400
0.524
0.510
0.525
0.600
0.672
0.513
0.456
0.400
0.397
0.381
0.450
0.478
0.418
0.479
0.393
0.458
0.443
0.465
0.460
0.663
0.598
0.685
0.620
0.508
0.608
0.555
0.538
0.590
0.579
0.566
0.675
0.621
0.586
0.628
0.700
0.609
0.542
0.498
0.488
0.545
0.513
0.539
0.607
0.732
0.515
0.469
0.437
0.579
0.696
0.641
0.737
0.611
0.532
0.656
0.568
0.525
0.510
0.773
0.534
0.513
0.527
0.488
0.553
0.627
0.562
0.522
0.549
0.513
0.444
0.527
0.615
0.580
0.517
0.558
0.565
0.480
0.444
0.478
0.422
0.623
0.576
0.476
0.444
0.460
0.689
0.736
0.734
0.673
0.802
0.634
0.558
0.625
0.628
0.829
0.835
0.629
0.682
0.881
0.943
0.843
0.923
0.919
0.878
0.971
0.953
0.955
0.872
0.949
0.972
0.959
0.875
0.855
0.870
0.926
0.905
0.919
0.914
0.781
0.743
0.758
0.820
0.797
0.716
0.814
0.914
0.883
0.761
0.917
0.748
0.847
0.886
0.910
0.854
0.966
0.892
0.823
0.876
0.945
0.941
0.979
0.901
0.940
0.959
0.936
0.969
0.855
0.981
0.938
0.932
0.979
0.973
0.855
0.861
0.881
0.909
0.919
0.921
0.970
0.886
0.667
0.671
0.920
0.843
0.940
0.951
0.976
0.967
0.963
0.961
0.815
0.941
0.955
0.948
0.966
0.979
0.920
0.865
0.738
0.759
0.944
0.937
0.869
0.823
0.959
0.858
0.928
0.876
0.800
0.852
0.872
0.848
0.818
0.677
0.662
0.652
0.651
0.569
0.790
0.712
0.712
0.811
0.871
0.946
0.946
0.730
0.718
0.699
0.804
0.870
0.826
0.771
0.775
0.692
0.650
0.683
0.660
0.704
0.759
0.852
0.971
0.900
0.960
0.867
0.743
0.723
0.869
0.718
0.705
0.727
0.766
0.707
0.736
0.698
0.687
0.816
0.770
0.938
0.775
0.778
0.693
0.780
0.707
0.783
0.671
0.777
0.671
0.704
0.783
0.746
0.675
0.639
0.587
0.579
0.555
0.589
0.678
0.729
0.711
0.683
0.679
0.539
0.512
0.603
0.685
0.644
0.549
0.484
0.525
0.693
0.606
0.504
0.586
0.594
0.659
0.717
0.606
0.685
0.686
0.711
0.643
0.682
0.750
0.740
0.617
0.620
0.558
0.635
0.652
0.635
0.587
0.606
0.634
0.561
0.563
0.569
0.648
0.901
0.574
0.518
0.540
0.540
0.489
0.514
0.384
0.458
0.413
0.364
0.401
0.404
0.324
0.310
0.359
0.346
0.332
0.388
0.518
0.520
0.460
0.454
0.406
0.372
0.319
0.331
0.320
0.367
0.512
0.500
0.445
0.463
0.529
0.409
0.456
0.468
0.457
0.531
0.519
0.556
0.627
0.478
0.423
0.565
0.538
0.526
0.507
0.556
0.662
0.610
0.636
0.428
0.426
0.401
0.388
0.534
0.555
0.550
0.512
0.516
0.571
0.541
0.504
0.516
0.524
0.436
0.553
0.769
0.533
0.581
0.538
0.412
0.542
0.579
0.538
0.575
0.613
0.601
0.677
0.551
0.552
0.756
0.629
0.776
0.633
0.598
0.661
0.639
0.659
0.794
0.529
0.683
0.581
0.601
0.874
0.734
0.893
0.810
0.884
0.870
0.628
0.663
0.676
0.685
0.628
0.609
0.844
0.702
0.665
0.525
0.545
0.867
0.761
0.909
0.958
0.801
0.837
0.677
0.621
0.711
0.861
0.802
0.619
0.654
0.902
0.961
0.981
0.972
0.724
0.893
0.848
0.657
0.767
0.883
0.944
0.955
0.950
0.834
0.928
0.890
0.965
0.911
0.939
0.878
0.912
0.924
0.946
0.925
0.971
0.884
0.794
0.687
0.838
0.774
0.873
0.958
0.870
0.943
0.922
0.930
0.865
0.680
0.615
0.918
0.920
0.818
0.704
0.594
0.545
0.590
0.578
0.633
0.864
0.968
0.839
0.713
0.696
0.649
0.812
0.858
0.896
0.842
0.909
0.848
0.877
0.868
0.902
0.913
0.948
0.840
0.729
0.866
0.928
0.912
0.931
0.958
0.966
0.967
0.889
0.850
0.931
0.855
0.980
0.914
0.904
0.900
0.934
0.883
0.880
0.815
0.913
0.879
0.810
0.666
0.845
0.869
0.952
0.927
0.934
0.936
0.958
0.850
0.929
0.967
0.897
0.878
0.810
0.946
0.930
0.961
0.798
0.890
0.949
0.964
0.850
0.901
0.825
0.748
0.940
0.813
0.812
0.931
0.932
0.896
0.861
0.880
0.833
0.868
0.741
0.706
0.788
0.904
0.858
0.822
0.862
0.907
0.835
0.855
0.914
0.956
0.933
0.849
0.916
0.914
0.932
0.946
0.899
0.882
0.851
0.816
0.880
0.947
0.888
0.971
0.876
0.882
0.861
0.950
0.743
0.749
0.787
0.865
0.862
0.769
0.763
0.796
0.753
0.739
0.816
0.892
0.907
0.828
0.684
0.697
0.774
0.910
0.926
0.947
0.950
0.815
0.761
0.748
0.738
0.721
0.681
0.812
0.872
0.934
0.837
0.775
0.776
0.764
0.701
0.705
0.703
0.843
0.748
0.840
0.807
0.782
0.778
0.747
0.709
0.664
0.740
0.713
0.783
0.635
0.588
0.545
0.596
0.609
0.546
0.621
0.561
0.545
0.652
0.610
0.605
0.612
0.518
0.582
0.675
0.621
0.751
0.692
0.698
0.670
0.633
0.537
0.590
0.523
0.544
0.532
0.541
0.573
0.638
0.572
0.523
0.583
0.538
0.547
0.738
0.669
0.580
0.659
0.494
0.561
0.497
0.477
0.537
0.496
0.505
0.547
0.470
0.470
0.428
0.429
0.373
0.350
0.404
0.345
0.389
0.567
0.492
0.483
0.461
0.444
0.477
0.635
0.578
0.507
0.459
0.460
0.437
0.411
0.456
0.575
0.695
0.642
0.503
0.346
0.367
0.426
0.416
0.414
0.380
0.473
0.555
0.659
0.509
0.567
0.520
0.528
0.480
0.498
0.485
0.565
0.578
0.552
0.474
0.542
0.381
0.395
0.385
0.454
0.389
0.532
0.536
0.595
0.611
0.564
0.656
0.593
0.473
0.452
0.606
0.721
0.857
0.641
0.676
0.668
0.634
0.581
0.632
0.686
0.707
0.771
0.817
0.640
0.578
0.863
0.543
0.706
0.684
0.678
0.715
0.808
0.827
0.820
0.873
0.840
0.874
0.670
0.727
0.782
0.546
0.461
0.520
0.818
0.820
0.857
0.914
0.810
0.748
0.660
0.762
0.620
0.569
0.683
0.718
0.709
0.849
0.680
0.586
0.513
0.556
0.687
0.683
0.649
0.756
0.691
0.720
0.770
0.672
0.736
0.856
0.673
0.602
0.629
0.890
0.948
0.810
0.732
0.845
0.935
0.954
0.979
0.809
0.895
0.892
0.894
0.957
0.934
0.886
0.858
0.903
0.906
0.815
0.747
0.818
0.779
0.669
0.752
0.679
0.592
0.732
0.646
0.619
0.610
0.716
0.906
0.732
0.806
0.916
0.772
0.661
0.719
0.817
0.776
0.762
0.872
0.792
0.757
0.808
0.971
0.979
0.783
0.796
0.976
0.954
0.853
0.843
0.919
0.960
0.964
0.973
0.775
0.866
0.947
0.968
0.970
0.855
0.928
0.822
0.904
0.949
0.963
0.964
0.959
0.959
0.859
0.846
0.837
0.825
0.724
0.684
0.920
0.952
0.938
0.950
0.971
0.926
0.848
0.887
0.876
0.964
0.916
0.898
0.914
0.904
0.886
0.973
0.885
0.907
0.870
0.881
0.969
0.899
0.978
0.919
0.954
0.888
0.698
0.640
0.592
0.680
0.883
0.883
0.925
0.883
0.829
0.921
0.837
0.917
0.958
0.959
0.976
0.904
0.910
0.932
0.956
0.925
0.752
0.648
0.631
0.646
0.769
0.785
0.770
0.941
0.981
0.876
0.901
0.799
0.774
0.822
0.865
0.813
0.789
0.856
0.906
0.940
0.831
0.932
0.766
0.957
0.797
0.585
0.583
0.763
0.797
0.883
0.873
0.787
0.839
0.761
0.717
0.647
0.660
0.654
0.650
0.637
0.793
0.849
0.735
0.819
0.955
0.921
0.970
0.847
0.881
0.883
0.858
0.803
0.827
0.966
0.847
0.827
0.800
0.823
0.768
0.681
0.687
0.733
0.663
0.737
0.661
0.618
0.602
0.695
0.663
0.681
0.658
0.670
0.715
0.768
0.793
0.703
0.820
0.766
0.693
0.683
0.625
0.520
0.559
0.554
0.571
0.651
0.681
0.659
0.632
0.673
0.603
0.524
0.566
0.573
0.613
0.468
0.469
0.506
0.602
0.563
0.648
0.556
0.477
0.477
0.508
0.491
0.476
0.482
0.471
0.413
0.453
0.443
0.422
0.527
0.499
0.579
0.818
0.819
0.869
0.881
0.699
0.598
0.496
0.458
0.465
0.500
0.644
0.509
0.466
0.441
0.362
0.540
0.525
0.631
0.817
0.682
0.448
0.377
0.271
0.330
0.355
0.398
0.378
0.387
0.408
0.457
0.498
0.427
0.521
0.527
0.640
0.719
0.552
0.484
0.464
0.423
0.376
0.377
0.477
0.400
0.467
0.571
0.650
0.724
0.633
0.468
0.499
0.594
0.888
0.713
0.795
0.685
0.708
0.640
0.784
0.726
0.886
0.844
0.878
0.721
0.706
0.707
0.874
0.679
0.562
0.447
0.439
0.373
0.490
0.588
0.587
0.531
0.567
0.619
0.540
0.491
0.537
0.542
0.562
0.896
0.630
0.828
0.959
0.952
0.974
0.778
0.621
0.848
0.840
0.742
0.621
0.551
0.690
0.711
0.709
0.925
0.956
0.819
0.855
0.668
0.628
0.807
0.950
0.702
0.616
0.874
0.757
0.892
0.917
0.702
0.739
0.794
0.732
0.945
0.737
0.882
0.886
0.854
0.882
0.770
0.645
0.742
0.733
0.732
0.971
0.849
0.774
0.694
0.790
0.964
0.757
0.767
0.674
0.679
0.607
0.758
0.696
0.695
0.794
0.617
0.600
0.836
0.896
0.857
0.882
0.942
0.869
0.942
0.883
0.957
0.925
0.865
0.847
0.859
0.938
0.969
0.968
0.908
0.962
0.913
0.720
0.741
0.763
0.896
0.792
0.913
0.930
0.797
0.701
0.721
0.728
0.670
0.661
0.860
0.877
0.846
0.737
0.859
0.749
0.886
0.904
0.978
0.968
0.934
0.975
0.893
0.738
0.749
0.763
0.926
0.965
0.904
0.919
0.979
0.976
0.821
0.706
0.568
0.562
0.562
0.777
0.904
0.786
0.870
0.814
0.802
0.702
0.908
0.938
0.917
0.851
0.957
0.899
0.932
0.811
0.787
0.914
0.943
0.939
0.949
0.938
0.811
0.907
0.961
0.966
0.927
0.939
0.920
0.817
0.827
0.918
0.953
0.895
0.935
0.882
0.953
0.873
0.908
0.926
0.954
0.812
0.851
0.880
0.937
0.962
0.910
0.871
0.933
0.947
0.916
0.903
0.933
0.909
0.940
0.937
0.937
0.911
0.920
0.926
0.967
0.821
0.817
0.808
0.800
0.854
0.972
0.794
0.871
0.930
0.915
0.823
0.801
0.802
0.778
0.718
0.677
0.675
0.659
0.887
0.842
0.750
0.808
0.851
0.864
0.806
0.762
0.811
0.801
0.837
0.900
0.896
0.798
0.761
0.764
0.705
0.846
0.856
0.839
0.758
0.728
0.660
0.724
0.946
0.879
0.804
0.878
0.867
0.831
0.699
0.722
0.709
0.659
0.670
0.703
0.679
0.697
0.799
0.787
0.821
0.794
0.742
0.739
0.754
0.736
0.795
0.778
0.635
0.813
0.743
0.640
0.691
0.643
0.634
0.675
0.694
0.673
0.837
0.646
0.603
0.671
0.826
0.827
0.822
0.645
0.671
0.618
0.584
0.606
0.661
0.627
0.676
0.673
0.575
0.541
0.657
0.618
0.523
0.505
0.506
0.530
0.575
0.464
0.660
0.666
0.423
0.446
0.415
0.423
0.413
0.409
0.502
0.538
0.589
0.600
0.545
0.498
0.443
0.530
0.565
0.620
0.537
0.458
0.535
0.569
0.568
0.579
0.805
0.521
0.561
0.515
0.671
0.577
0.509
0.643
0.582
0.578
0.556
0.423
0.303
0.327
0.282
0.290
0.374
0.425
0.522
0.440
0.490
0.551
0.452
0.442
0.407
0.489
0.534
0.474
0.524
0.501
0.596
0.829
0.835
0.643
0.817
0.770
0.657
0.509
0.464
0.531
0.746
0.837
0.925
0.854
0.783
0.826
0.878
0.625
0.549
0.498
0.560
0.773
0.621
0.661
0.501
0.537
0.510
0.532
0.626
0.810
0.661
0.733
0.873
0.842
0.855
0.803
0.807
0.806
0.976
0.714
0.595
0.577
0.593
0.636
0.847
0.806
0.956
0.909
0.852
0.916
0.932
0.861
0.926
0.934
0.717
0.799
0.885
0.851
0.679
0.704
0.723
0.855
0.913
0.872
0.821
0.919
0.780
0.933
0.746
0.788
0.716
0.770
0.909
0.881
0.863
0.881
0.820
0.912
0.729
0.753
0.871
0.953
0.896
0.805
0.846
0.903
0.853
0.944
0.862
0.906
0.820
0.877
0.850
0.829
0.946
0.947
0.930
0.937
0.775
0.757
0.933
0.791
0.758
0.814
0.808
0.875
0.719
0.723
0.692
0.816
0.950
0.829
0.676
0.781
0.746
0.663
0.870
0.684
0.661
0.838
0.769
0.733
0.938
0.875
0.937
0.970
0.767
0.680
0.676
0.713
0.878
0.791
0.937
0.921
0.870
0.880
0.929
0.948
0.927
0.970
0.920
0.960
0.755
0.888
0.924
0.859
0.855
0.938
0.925
0.964
0.857
0.935
0.927
0.940
0.917
0.969
0.808
0.755
0.806
0.826
0.857
0.854
0.889
0.973
0.919
0.725
0.913
0.865
0.945
0.841
0.858
0.982
0.758
0.896
0.912
0.936
0.921
0.815
0.834
0.953
0.972
0.844
0.941
0.934
0.964
0.809
0.871
0.955
0.827
0.809
0.859
0.916
0.932
0.825
0.729
0.875
0.754
0.758
0.668
0.794
0.767
0.877
0.874
0.894
0.915
0.896
0.900
0.964
0.948
0.972
0.774
0.779
0.762
0.687
0.709
0.763
0.750
0.719
0.840
0.796
0.941
0.895
0.831
0.870
0.833
0.858
0.756
0.645
0.711
0.793
0.681
0.716
0.671
0.835
0.828
0.936
0.776
0.724
0.930
0.918
0.814
0.800
0.844
0.880
0.856
0.809
0.767
0.739
0.845
0.683
0.624
0.641
0.602
0.639
0.670
0.763
0.707
0.702
0.735
0.751
0.611
0.594
0.625
0.726
0.690
0.846
0.697
0.703
0.727
0.659
0.645
0.734
0.761
0.901
0.797
0.613
0.654
0.654
0.607
0.623
0.616
0.438
0.498
0.535
0.519
0.543
0.534
0.605
0.572
0.624
0.614
0.859
0.856
0.622
0.628
0.588
0.509
0.529
0.558
0.578
0.644
0.648
0.584
0.460
0.404
0.398
0.438
0.494
0.480
0.439
0.552
0.521
0.568
0.460
0.413
0.327
0.335
0.516
0.394
0.408
0.363
0.408
0.364
0.492
0.540
0.489
0.505
0.392
0.416
0.490
0.564
0.492
0.452
0.429
0.380
0.358
0.440
0.516
0.451
0.405
0.475
0.435
0.448
0.465
0.504
0.545
0.516
0.457
0.653
0.543
0.493
0.431
0.367
0.332
0.297
0.320
0.336
0.371
0.409
0.368
0.405
0.479
0.715
0.572
0.494
0.441
0.559
0.721
0.596
0.434
0.395
0.399
0.501
0.526
0.572
0.608
0.505
0.605
0.493
0.577
0.784
0.845
0.725
0.791
0.942
0.792
0.770
0.560
0.546
0.556
0.776
0.872
0.787
0.977
0.621
0.559
0.793
0.835
0.691
0.577
0.565
0.618
0.636
0.601
0.762
0.936
0.768
0.633
0.775
0.885
0.787
0.761
0.671
0.715
0.923
0.927
0.927
0.927
0.887
0.885
0.904
0.793
0.912
0.908
0.802
0.796
0.674
0.735
0.947
0.976
0.970
0.841
0.747
0.688
0.838
0.953
0.859
0.820
0.961
0.778
0.746
0.828
0.728
0.909
0.947
0.964
0.862
0.936
0.966
0.878
0.905
0.949
0.970
0.938
0.962
0.980
0.952
0.890
0.739
0.716
0.805
0.881
0.893
0.871
0.755
0.703
0.736
0.691
0.684
0.885
0.893
0.972
0.946
0.975
0.932
0.938
0.975
0.907
0.943
0.961
0.967
0.910
0.968
0.962
0.967
0.958
0.847
0.918
0.908
0.891
0.950
0.878
0.953
0.945
0.900
0.951
0.877
0.922
0.899
0.929
0.919
0.817
0.968
0.971
0.982
0.846
0.826
0.961
0.966
0.965
0.931
0.801
0.742
0.872
0.978
0.922
0.954
0.975
0.914
0.956
0.909
0.960
0.937
0.884
0.771
0.856
0.863
0.898
0.959
0.760
0.869
0.949
0.911
0.968
0.936
0.962
0.900
0.937
0.969
0.964
0.896
0.828
0.878
0.962
0.951
0.927
0.972
0.854
0.892
0.979
0.944
0.950
0.956
0.960
0.932
0.970
0.936
0.968
0.918
0.940
0.949
0.876
0.933
0.962
0.969
0.814
0.720
0.727
0.708
0.775
0.861
0.832
0.863
0.844
0.821
0.681
0.664
0.702
0.755
0.623
0.646
0.594
0.677
0.642
0.618
0.636
0.614
0.527
0.547
0.544
0.526
0.548
0.568
0.582
0.642
0.629
0.708
0.816
0.861
0.880
0.914
0.865
0.793
0.769
0.728
0.680
0.792
0.852
0.751
0.848
0.878
0.787
0.710
0.689
0.827
0.868
0.884
0.821
0.707
0.740
0.917
0.801
0.773
0.757
0.662
0.708
0.694
0.685
0.627
0.611
0.822
0.757
0.895
0.686
0.602
0.626
0.698
0.752
0.680
0.676
0.647
0.613
0.563
0.525
0.534
0.636
0.502
0.576
0.586
0.570
0.567
0.499
0.539
0.582
0.548
0.542
0.521
0.498
0.572
0.452
0.586
0.574
0.618
0.565
0.782
0.635
0.495
0.527
0.550
0.444
0.456
0.524
0.486
0.491
0.500
0.493
0.566
0.580
0.571
0.615
0.679
0.541
0.453
0.429
0.488
0.515
0.496
0.762
0.641
0.481
0.454
0.372
0.304
0.365
0.343
0.341
0.440
0.471
0.596
0.781
0.577
0.673
0.745
0.552
0.593
0.594
0.334
0.369
0.372
0.382
0.427
0.767
0.641
0.624
0.592
0.557
0.456
0.405
0.477
0.524
0.578
0.469
0.546
0.525
0.734
0.790
0.601
0.505
0.482
0.470
0.601
0.622
0.544
0.759
0.662
0.717
0.658
0.810
0.651
0.841
0.668
0.685
0.804
0.911
0.899
0.934
0.771
0.943
0.819
0.931
0.868
0.950
0.883
0.800
0.667
0.657
0.572
0.681
0.731
0.650
0.678
0.671
0.718
0.719
0.937
0.831
0.961
0.669
0.831
0.910
0.793
0.674
0.915
0.653
0.528
0.435
0.414
0.458
0.568
0.882
0.721
0.559
0.710
0.779
0.773
0.937
0.934
0.943
0.943
0.917
0.839
0.907
0.943
0.914
0.922
0.887
0.961
0.973
0.946
0.890
0.804
0.907
0.916
0.954
0.907
0.853
0.774
0.974
0.876
0.927
0.834
0.843
0.934
0.932
0.792
0.791
0.937
0.809
0.842
0.906
0.950
0.880
0.947
0.946
0.891
0.955
0.789
0.700
0.641
0.705
0.851
0.928
0.888
0.865
0.864
0.808
0.860
0.937
0.961
0.937
0.930
0.822
0.903
0.845
0.941
0.874
0.895
0.794
0.916
0.868
0.865
0.714
0.841
0.647
0.642
0.844
0.738
0.919
0.785
0.813
0.630
0.610
0.910
0.923
0.867
0.914
0.924
0.823
0.880
0.866
0.851
0.732
0.672
0.888
0.980
0.947
0.822
0.886
0.965
0.963
0.973
0.862
0.799
0.954
0.942
0.927
0.959
0.958
0.959
0.962
0.905
0.966
0.909
0.897
0.954
0.948
0.783
0.788
0.873
0.959
0.966
0.896
0.688
0.750
0.878
0.955
0.850
0.824
0.933
0.934
0.962
0.953
0.878
0.918
0.906
0.876
0.743
0.894
0.966
0.939
0.940
0.946
0.937
0.806
0.799
0.870
0.908
0.920
0.921
0.888
0.873
0.839
0.866
0.838
0.803
0.829
0.915
0.897
0.936
0.911
0.968
0.714
0.694
0.686
0.829
0.849
0.935
0.899
0.807
0.790
0.903
0.919
0.902
0.659
0.666
0.693
0.695
0.688
0.770
0.807
0.895
0.831
0.937
0.889
0.832
0.896
0.901
0.892
0.659
0.697
0.746
0.730
0.810
0.869
0.765
0.762
0.760
0.859
0.692
0.654
0.682
0.677
0.693
0.759
0.680
0.677
0.676
0.684
0.753
0.672
0.576
0.668
0.808
0.666
0.547
0.620
0.602
0.562
0.620
0.766
0.678
0.648
0.650
0.605
0.571
0.582
0.515
0.552
0.596
0.776
0.711
0.768
0.625
0.586
0.797
0.619
0.640
0.710
0.632
0.792
0.843
0.745
0.793
0.822
0.699
0.669
0.651
0.604
0.699
0.722
0.813
0.555
0.446
0.420
0.494
0.490
0.550
0.535
0.573
0.493
0.476
0.458
0.473
0.474
0.455
0.497
0.533
0.455
0.426
0.421
0.434
0.524
0.451
0.388
0.368
0.361
0.373
0.365
0.367
0.373
0.405
0.438
0.828
0.641
0.611
0.459
0.375
0.336
0.475
0.501
0.524
0.562
0.588
0.613
0.571
0.508
0.504
0.457
0.467
0.461
0.493
0.551
0.451
0.475
0.479
0.574
0.506
0.632
0.619
0.487
0.423
0.357
0.375
0.361
0.391
0.601
0.421
0.405
0.408
0.378
0.472
0.552
0.531
0.616
0.763
0.711
0.597
0.793
0.741
0.915
0.888
0.976
0.957
0.871
0.827
0.932
0.821
0.815
0.751
0.815
0.857
0.686
0.881
0.918
0.945
0.835
0.774
0.579
0.547
0.897
0.786
0.949
0.953
0.883
0.965
0.913
0.711
0.818
0.801
0.826
0.797
0.801
0.975
0.820
0.828
0.865
0.720
0.787
0.841
0.889
0.796
0.826
0.894
0.919
0.907
0.860
0.925
0.829
0.793
0.924
0.950
0.957
0.941
0.787
0.685
0.663
0.852
0.957
0.974
0.944
0.923
0.881
0.965
0.969
0.973
0.957
0.955
0.900
0.688
0.825
0.853
0.871
0.941
0.931
0.957
0.942
0.954
0.921
0.892
0.963
0.959
0.901
0.851
0.872
0.946
0.885
0.819
0.896
0.889
0.968
0.950
0.923
0.967
0.974
0.956
0.951
0.962
0.956
0.967
0.899
0.933
0.927
0.965
0.852
0.928
0.833
0.941
0.964
0.952
0.949
0.942
0.919
0.933
0.941
0.913
0.906
0.958
0.853
0.848
0.918
0.945
0.980
0.895
0.936
0.875
0.946
0.961
0.954
0.875
0.918
0.953
0.927
0.970
0.899
0.861
0.887
0.874
0.894
0.901
0.873
0.887
0.950
0.962
0.970
0.974
0.975
0.961
0.979
0.973
0.907
0.967
0.912
0.981
0.822
0.798
0.931
0.975
0.923
0.928
0.948
0.959
0.925
0.967
0.972
0.939
0.960
0.958
0.966
0.969
0.968
0.945
0.979
0.978
0.860
0.755
0.719
0.895
0.890
0.866
0.958
0.917
0.834
0.911
0.957
0.934
0.861
0.928
0.825
0.831
0.850
0.958
0.866
0.920
0.945
0.932
0.965
0.937
0.885
0.893
0.874
0.805
0.755
0.532
0.660
0.693
0.754
0.684
0.865
0.937
0.972
0.973
0.927
0.900
0.847
0.808
0.837
0.771
0.831
0.804
0.836
0.885
0.841
0.813
0.842
0.850
0.874
0.895
0.947
0.881
0.977
0.822
0.730
0.753
0.753
0.708
0.644
0.657
0.724
0.701
0.815
0.937
0.841
0.869
0.860
0.827
0.717
0.823
0.691
0.666
0.613
0.623
0.691
0.882
0.700
0.688
0.705
0.682
0.576
0.640
0.597
0.629
0.629
0.618
0.543
0.556
0.619
0.539
0.665
0.832
0.787
0.820
0.723
0.614
0.649
0.672
0.695
0.637
0.591
0.642
0.564
0.561
0.574
0.702
0.672
0.651
0.894
0.729
0.577
0.599
0.572
0.643
0.695
0.769
0.621
0.680
0.871
0.715
0.754
0.668
0.797
0.818
0.686
0.548
0.599
0.636
0.553
0.657
0.503
0.502
0.420
0.477
0.552
0.631
0.561
0.401
0.373
0.405
0.461
0.441
0.472
0.685
0.386
0.346
0.388
0.397
0.636
0.749
0.886
0.950
0.792
0.558
0.486
0.613
0.575
0.560
0.505
0.533
0.498
0.346
0.348
0.453
0.511
0.627
0.862
0.486
0.502
0.503
0.574
0.646
0.621
0.539
0.523
0.661
0.586
0.466
0.471
0.497
0.866
0.954
0.805
0.598
0.488
0.531
0.668
0.693
0.892
0.646
0.601
0.675
0.663
0.897
0.885
0.783
0.858
0.901
0.744
0.809
0.839
0.940
0.952
0.827
0.854
0.781
0.872
0.935
0.872
0.936
0.864
0.621
0.627
0.730
0.782
0.625
0.724
0.666
0.896
0.949
0.866
0.921
0.961
0.798
0.806
0.817
0.757
0.665
0.880
0.936
0.892
0.795
0.851
0.953
0.867
0.933
0.929
0.916
0.974
0.980
0.868
0.760
0.634
0.731
0.796
0.897
0.856
0.934
0.979
0.791
0.949
0.962
0.861
0.927
0.914
0.952
0.825
0.798
0.902
0.896
0.803
0.808
0.917
0.935
0.960
0.824
0.978
0.921
0.950
0.960
0.977
0.868
0.849
0.803
0.842
0.959
0.956
0.950
0.957
0.948
0.931
0.854
0.885
0.863
0.854
0.951
0.867
0.933
0.852
0.701
0.766
0.726
0.912
0.916
0.957
0.913
0.956
0.923
0.896
0.958
0.898
0.946
0.860
0.971
0.902
0.901
0.847
0.955
0.962
0.952
0.872
0.766
0.731
0.919
0.923
0.953
0.863
0.833
0.912
0.963
0.970
0.895
0.965
0.973
0.879
0.808
0.859
0.934
0.959
0.954
0.910
0.971
0.871
0.900
0.917
0.942
0.969
0.979
0.974
0.955
0.895
0.960
0.950
0.952
0.976
0.980
0.958
0.971
0.959
0.900
0.892
0.974
0.922
0.964
0.918
0.953
0.944
0.804
0.910
0.849
0.878
0.899
0.899
0.952
0.976
0.972
0.978
0.970
0.930
0.833
0.920
0.968
0.795
0.871
0.898
0.914
0.955
0.970
0.980
0.952
0.889
0.910
0.958
0.879
0.818
0.868
0.888
0.936
0.871
0.760
0.701
0.744
0.853
0.959
0.965
0.878
0.773
0.866
0.914
0.964
0.822
0.874
0.948
0.945
0.935
0.897
0.931
0.880
0.856
0.861
0.957
0.868
0.803
0.945
0.960
0.931
0.975
0.959
0.940
0.936
0.840
0.655
0.737
0.742
0.726
0.729
0.726
0.838
0.927
0.925
0.714
0.678
0.735
0.727
0.905
0.914
0.944
0.839
0.895
0.813
0.803
0.903
0.898
0.919
0.875
0.814
0.772
0.707
0.727
0.779
0.860
0.891
0.902
0.913
0.899
0.922
0.840
0.842
0.716
0.741
0.859
0.780
0.844
0.784
0.697
0.573
0.584
0.640
0.696
0.676
0.746
0.784
0.872
0.784
0.774
0.838
0.727
0.665
0.819
0.746
0.683
0.758
0.910
0.718
0.636
0.523
0.580
0.615
0.641
0.545
0.534
0.505
0.552
0.501
0.478
0.530
0.620
0.636
0.639
0.701
0.867
0.742
0.647
0.588
0.800
0.864
0.737
0.609
0.531
0.602
0.770
0.674
0.754
0.737
0.678
0.575
0.541
0.444
0.389
0.434
0.534
0.523
0.466
0.454
0.389
0.630
0.542
0.578
0.632
0.577
0.715
0.901
0.874
0.885
0.918
0.804
0.667
0.629
0.782
0.844
0.706
0.562
0.550
0.579
0.689
0.605
0.682
0.805
0.872
0.667
0.724
0.583
0.625
0.955
0.904
0.931
0.855
0.921
0.960
0.735
0.617
0.821
0.942
0.947
0.927
0.829
0.819
0.856
0.925
0.907
0.676
0.603
0.662
0.676
0.903
0.947
0.947
0.969
0.950
0.921
0.941
0.745
0.671
0.913
0.824
0.658
0.861
0.855
0.882
0.872
0.732
0.735
0.843
0.943
0.955
0.845
0.774
0.912
0.943
0.933
0.878
0.837
0.931
0.952
0.838
0.925
0.928
0.902
0.931
0.977
0.951
0.927
0.863
0.932
0.953
0.865
0.860
0.901
0.948
0.919
0.959
0.908
0.915
0.967
0.969
0.972
0.945
0.956
0.848
0.901
0.911
0.837
0.752
0.779
0.791
0.883
0.860
0.941
0.798
0.693
0.823
0.915
0.931
0.903
0.967
0.805
0.919
0.902
0.903
0.859
0.941
0.924
0.960
0.971
0.942
0.962
0.962
0.970
0.877
0.913
0.906
0.962
0.880
0.895
0.935
0.947
0.925
0.922
0.963
0.954
0.901
0.850
0.925
0.876
0.928
0.899
0.935
0.869
0.955
0.951
0.935
0.949
0.918
0.922
0.928
0.919
0.936
0.942
0.927
0.900
0.980
0.923
0.868
0.837
0.945
0.924
0.940
0.912
0.873
0.802
0.901
0.841
0.953
0.969
0.923
0.972
0.928
0.957
0.950
0.914
0.947
0.928
0.940
0.836
0.867
0.940
0.980
0.944
0.863
0.981
0.969
0.978
0.965
0.958
0.917
0.947
0.963
0.857
0.745
0.694
0.658
0.623
0.648
0.672
0.678
0.720
0.859
0.840
0.686
0.782
0.898
0.822
0.754
0.798
0.891
0.816
0.910
0.873
0.838
0.930
0.934
0.922
0.846
0.727
0.656
0.801
0.954
0.831
0.889
0.847
0.917
0.812
0.539
0.548
0.587
0.610
0.643
0.642
0.620
0.683
0.890
0.817
0.734
0.712
0.743
0.792
0.786
0.936
0.897
0.881
0.833
0.735
0.811
0.829
0.605
0.828
0.808
0.782
0.886
0.738
0.746
0.719
0.673
0.652
0.634
0.611
0.692
0.644
0.630
0.677
0.658
0.655
0.758
0.782
0.707
0.749
0.672
0.650
0.724
0.597
0.554
0.672
0.610
0.655
0.529
0.565
0.533
0.555
0.552
0.605
0.705
0.811
0.842
0.772
0.687
0.687
0.753
0.812
0.737
0.832
0.769
0.822
0.750
0.652
0.602
0.572
0.589
0.576
0.633
0.643
0.551
0.502
0.456
0.494
0.552
0.561
0.557
0.513
0.399
0.399
0.405
0.472
0.493
0.426
0.404
0.370
0.404
0.415
0.372
0.374
0.412
0.413
0.367
0.342
0.297
0.330
0.328
0.374
0.406
0.427
0.488
0.423
0.528
0.570
0.691
0.779
0.852
0.938
0.688
0.815
0.670
0.505
0.410
0.372
0.349
0.352
0.416
0.464
0.489
0.556
0.622
0.583
0.422
0.463
0.420
0.408
0.498
0.570
0.469
0.570
0.545
0.495
0.415
0.431
0.473
0.534
0.463
0.626
0.896
0.707
0.570
0.561
0.559
0.751
0.582
0.585
0.501
0.491
0.556
0.563
0.720
0.725
0.664
0.853
0.702
0.669
0.533
0.604
0.851
0.797
0.850
0.872
0.638
0.678
0.872
0.896
0.944
0.790
0.527
0.512
0.567
0.898
0.931
0.794
0.685
0.958
0.935
0.625
0.614
0.586
0.780
0.906
0.937
0.918
0.805
0.726
0.896
0.786
0.868
0.913
0.879
0.972
0.779
0.717
0.943
0.879
0.945
0.973
0.910
0.957
0.935
0.740
0.642
0.612
0.675
0.899
0.881
0.845
0.828
0.757
0.887
0.857
0.739
0.639
0.723
0.954
0.954
0.972
0.975
0.917
0.929
0.919
0.829
0.853
0.926
0.921
0.907
0.910
0.797
0.930
0.893
0.947
0.971
0.928
0.959
0.946
0.948
0.964
0.929
0.789
0.869
0.819
0.882
0.851
0.953
0.868
0.955
0.908
0.940
0.936
0.961
0.967
0.849
0.920
0.942
0.943
0.895
0.982
0.855
0.873
0.936
0.825
0.910
0.941
0.979
0.968
0.969
0.912
0.866
0.917
0.969
0.914
0.950
0.908
0.864
0.937
0.951
0.865
0.972
0.962
0.924
0.777
0.917
0.975
0.981
0.984
0.830
0.816
0.781
0.951
0.929
0.933
0.869
0.887
0.939
0.793
0.916
0.891
0.893
0.964
0.920
0.974
0.939
0.924
0.843
0.954
0.931
0.875
0.973
0.938
0.966
0.979
0.978
0.877
0.914
0.914
0.944
0.975
0.871
0.948
0.907
0.972
0.975
0.981
0.956
0.969
0.789
0.784
0.950
0.959
0.944
0.942
0.936
0.969
0.928
0.951
0.941
0.819
0.922
0.952
0.956
0.936
0.965
0.910
0.903
0.899
0.902
0.893
0.960
0.815
0.698
0.690
0.727
0.702
0.737
0.687
0.838
0.781
0.741
0.837
0.886
0.840
0.712
0.675
0.658
0.678
0.680
0.716
0.950
0.969
0.950
0.851
0.895
0.851
0.722
0.705
0.733
0.733
0.684
0.685
0.706
0.750
0.922
0.850
0.781
0.697
0.734
0.726
0.865
0.913
0.818
0.825
0.758
0.739
0.715
0.717
0.912
0.758
0.740
0.710
0.704
0.760
0.798
0.783
0.729
0.595
0.641
0.781
0.796
0.835
0.912
0.753
0.624
0.667
0.646
0.600
0.788
0.634
0.663
0.637
0.655
0.690
0.689
0.700
0.723
0.743
0.752
0.810
0.646
0.607
0.710
0.601
0.586
0.556
0.509
0.553
0.568
0.592
0.714
0.877
0.927
0.886
0.900
0.705
0.585
0.594
0.565
0.622
0.563
0.521
0.453
0.463
0.495
0.604
0.667
0.573
0.649
0.631
0.593
0.847
0.652
0.475
0.509
0.512
0.576
0.547
0.487
0.565
0.636
0.582
0.866
0.593
0.500
0.498
0.532
0.599
0.635
0.764
0.905
0.833
0.975
0.897
0.647
0.622
0.737
0.641
0.672
0.797
0.942
0.891
0.790
0.685
0.689
0.757
0.849
0.642
0.558
0.707
0.707
0.828
0.883
0.827
0.936
0.951
0.834
0.937
0.919
0.961
0.956
0.886
0.696
0.664
0.805
0.869
0.960
0.762
0.958
0.943
0.902
0.920
0.751
0.546
0.600
0.721
0.949
0.941
0.929
0.801
0.893
0.925
0.841
0.920
0.670
0.614
0.734
0.862
0.930
0.937
0.823
0.637
0.629
0.760
0.941
0.956
0.949
0.911
0.968
0.868
0.951
0.973
0.975
0.975
0.859
0.957
0.862
0.749
0.896
0.920
0.877
0.700
0.773
0.855
0.918
0.932
0.936
0.799
0.924
0.946
0.967
0.927
0.964
0.917
0.826
0.946
0.972
0.958
0.862
0.779
0.948
0.981
0.965
0.956
0.937
0.913
0.760
0.678
0.846
0.932
0.968
0.858
0.931
0.940
0.968
0.965
0.948
0.975
0.876
0.892
0.890
0.969
0.971
0.905
0.898
0.859
0.891
0.933
0.979
0.865
0.871
0.932
0.865
0.967
0.897
0.878
0.803
0.892
0.868
0.949
0.969
0.803
0.945
0.898
0.903
0.948
0.955
0.968
0.942
0.965
0.970
0.974
0.950
0.820
0.897
0.925
0.981
0.871
0.975
0.890
0.954
0.980
0.927
0.982
0.955
0.787
0.844
0.901
0.820
0.857
0.784
0.873
0.975
0.899
0.872
0.898
0.968
0.975
0.882
0.918
0.977
0.950
0.980
0.853
0.933
0.976
0.788
0.858
0.857
0.940
0.866
0.789
0.919
0.887
0.957
0.936
0.956
0.879
0.917
0.954
0.861
0.819
0.803
0.725
0.690
0.787
0.909
0.954
0.921
0.940
0.925
0.801
0.886
0.949
0.974
0.901
0.974
0.892
0.971
0.931
0.944
0.968
0.982
0.943
0.954
0.808
0.756
0.893
0.833
0.931
0.963
0.829
0.924
0.859
0.953
0.977
0.753
0.669
0.695
0.767
0.802
0.753
0.674
0.673
0.715
0.667
0.770
0.919
0.912
0.963
0.973
0.887
0.907
0.963
0.935
0.970
0.965
0.972
0.931
0.942
0.944
0.860
0.840
0.920
0.895
0.763
0.858
0.894
0.856
0.813
0.836
0.889
0.957
0.960
0.759
0.772
0.797
0.795
0.780
0.796
0.796
0.753
0.713
0.890
0.822
0.804
0.759
0.828
0.914
0.944
0.939
0.791
0.889
0.794
0.782
0.847
0.827
0.824
0.731
0.787
0.692
0.677
0.638
0.845
0.709
0.727
0.711
0.674
0.650
0.676
0.684
0.646
0.682
0.618
0.431
0.519
0.622
0.652
0.575
0.633
0.639
0.866
0.726
0.712
0.653
0.657
0.675
0.599
0.611
0.598
0.599
0.631
0.541
0.526
0.544
0.517
0.370
0.422
0.453
0.584
0.912
0.730
0.645
0.667
0.695
0.660
0.835
0.749
0.853
0.747
0.881
0.693
0.846
0.627
0.531
0.503
0.474
0.491
0.490
0.497
0.510
0.677
0.615
0.511
0.562
0.561
0.593
0.711
0.628
0.505
0.571
0.499
0.461
0.455
0.417
0.525
0.689
0.639
0.558
0.682
0.884
0.781
0.622
0.848
0.913
0.625
0.605
0.680
0.717
0.646
0.634
0.629
0.812
0.924
0.924
0.937
0.923
0.924
0.870
0.836
0.641
0.574
0.595
0.828
0.914
0.906
0.881
0.892
0.914
0.808
0.788
0.719
0.905
0.886
0.848
0.809
0.957
0.747
0.649
0.687
0.766
0.633
0.751
0.898
0.968
0.945
0.959
0.789
0.705
0.755
0.947
0.940
0.751
0.931
0.949
0.972
0.959
0.973
0.961
0.925
0.969
0.904
0.880
0.932
0.979
0.835
0.790
0.820
0.857
0.962
0.901
0.929
0.841
0.948
0.909
0.832
0.946
0.946
0.907
0.894
0.951
0.945
0.839
0.967
0.963
0.971
0.968
0.949
0.938
0.908
0.950
0.950
0.792
0.836
0.949
0.972
0.954
0.955
0.976
0.958
0.920
0.906
0.954
0.955
0.901
0.970
0.954
0.940
0.786
0.851
0.975
0.955
0.819
0.909
0.915
0.844
0.972
0.948
0.849
0.807
0.946
0.953
0.951
0.954
0.826
0.737
0.932
0.954
0.771
0.809
0.941
0.958
0.929
0.977
0.939
0.971
0.968
0.965
0.973
0.968
0.965
0.961
0.973
0.964
0.980
0.968
0.920
0.888
0.939
0.929
0.918
0.964
0.936
0.948
0.930
0.957
0.942
0.939
0.960
0.976
0.929
0.960
0.957
0.909
0.910
0.890
0.954
0.973
0.918
0.827
0.972
0.889
0.896
0.941
0.976
0.928
0.868
0.897
0.894
0.973
0.969
0.966
0.855
0.908
0.969
0.955
0.980
0.751
0.680
0.724
0.919
0.902
0.926
0.896
0.942
0.947
0.888
0.926
0.948
0.981
0.867
0.836
0.952
0.920
0.953
0.807
0.740
0.651
0.648
0.672
0.629
0.623
0.614
0.659
0.610
0.659
0.702
0.738
0.807
0.802
0.834
0.936
0.799
0.861
0.830
0.917
0.782
0.654
0.669
0.683
0.740
0.881
0.953
0.958
0.966
0.916
0.950
0.950
0.810
0.756
0.724
0.773
0.723
0.754
0.917
0.846
0.712
0.827
0.953
0.950
0.913
0.956
0.966
0.923
0.754
0.823
0.790
0.918
0.959
0.909
0.793
0.723
0.769
0.789
0.776
0.769
0.691
0.707
0.837
0.919
0.943
0.899
0.784
0.732
0.710
0.786
0.880
0.975
0.896
0.763
0.901
0.898
0.809
0.964
0.765
0.809
0.900
0.834
0.690
0.721
0.724
0.682
0.720
0.695
0.868
0.840
0.682
0.640
0.642
0.592
0.666
0.722
0.646
0.599
0.713
0.736
0.453
0.537
0.715
0.637
0.634
0.579
0.584
0.579
0.649
0.695
0.675
0.711
0.612
0.574
0.549
0.647
0.867
0.584
0.575
0.667
0.798
0.481
0.457
0.485
0.481
0.530
0.556
0.556
0.716
0.959
0.946
0.892
0.712
0.576
0.463
0.452
0.455
0.463
0.483
0.547
0.522
0.575
0.516
0.491
0.701
0.619
0.653
0.744
0.641
0.798
0.684
0.846
0.897
0.784
0.673
0.874
0.662
0.618
0.578
0.548
0.785
0.857
0.579
0.516
0.529
0.551
0.608
0.759
0.828
0.967
0.731
0.628
0.844
0.688
0.636
0.874
0.738
0.906
0.915
0.966
0.957
0.963
0.936
0.883
0.928
0.676
0.869
0.702
0.801
0.898
0.898
0.955
0.928
0.807
0.874
0.978
0.907
0.959
0.940
0.960
0.969
0.947
0.838
0.604
0.534
0.592
0.681
0.952
0.764
0.786
0.899
0.962
0.937
0.882
0.915
0.971
0.893
0.970
0.958
0.963
0.912
0.780
0.891
0.764
0.816
0.923
0.808
0.814
0.917
0.972
0.973
0.981
0.962
0.767
0.815
0.757
0.914
0.956
0.941
0.740
0.808
0.832
0.879
0.941
0.855
0.810
0.950
0.976
0.968
0.865
0.964
0.929
0.855
0.952
0.837
0.793
0.811
0.717
0.899
0.827
0.953
0.828
0.958
0.956
0.916
0.894
0.951
0.969
0.974
0.857
0.965
0.972
0.972
0.972
0.956
0.965
0.944
0.966
0.929
0.831
0.817
0.927
0.916
0.926
0.975
0.942
0.943
0.938
0.934
0.960
0.971
0.971
0.965
0.868
0.969
0.980
0.956
0.900
0.965
0.969
0.977
0.963
0.968
0.827
0.948
0.913
0.899
0.908
0.941
0.879
0.944
0.959
0.960
0.944
0.848
0.944
0.970
0.950
0.949
0.938
0.922
0.956
0.972
0.846
0.937
0.970
0.975
0.977
0.785
0.869
0.967
0.976
0.978
0.828
0.963
0.961
0.959
0.978
0.928
0.901
0.909
0.937
0.790
0.817
0.973
0.974
0.878
0.887
0.937
0.972
0.972
0.949
0.950
0.982
0.888
0.848
0.767
0.691
0.830
0.860
0.796
0.824
0.937
0.867
0.707
0.724
0.881
0.942
0.853
0.941
0.967
0.966
0.975
0.883
0.858
0.840
0.852
0.940
0.971
0.826
0.909
0.896
0.935
0.820
0.899
0.894
0.957
0.946
0.917
0.818
0.815
0.981
0.950
0.921
0.957
0.946
0.952
0.974
0.941
0.838
0.813
0.852
0.947
0.926
0.815
0.835
0.786
0.823
0.789
0.777
0.860
0.880
0.939
0.902
0.902
0.860
0.836
0.772
0.744
0.873
0.981
0.906
0.817
0.889
0.974
0.938
0.812
0.755
0.745
0.816
0.825
0.778
0.738
0.788
0.844
0.831
0.729
0.864
0.918
0.760
0.766
0.771
0.749
0.775
0.863
0.871
0.884
0.961
0.865
0.761
0.749
0.738
0.758
0.726
0.672
0.615
0.639
0.767
0.917
0.869
0.728
0.712
0.709
0.791
0.786
0.810
0.705
0.818
0.805
0.694
0.690
0.667
