19790101
0.961
0.866
0.863
0.961
0.861
0.843
0.938
0.961
0.868
0.825
0.838
0.743
0.789
0.927
0.758
0.846
0.896
0.834
0.887
0.945
0.924
0.956
0.814
0.832
0.909
0.845
0.865
0.963
0.949
0.930
0.951
0.893
0.956
0.971
0.950
0.874
0.945
0.895
0.945
0.831
0.948
0.919
0.923
0.897
0.934
0.901
0.957
0.957
0.940
0.963
0.812
0.860
0.957
0.735
0.830
0.935
0.965
0.977
0.860
0.947
0.944
0.979
0.974
0.896
0.942
0.885
0.916
0.908
0.886
0.943
0.957
0.879
0.957
0.968
0.963
0.854
0.967
0.981
0.974
0.915
0.760
0.931
0.969
0.983
0.939
0.893
0.904
0.945
0.945
0.955
0.946
0.944
0.931
0.961
0.936
0.965
0.744
0.744
0.724
0.726
0.726
0.775
0.929
0.967
0.955
0.969
0.888
0.907
0.936
0.908
0.948
0.963
0.952
0.873
0.795
0.794
0.775
0.778
0.767
0.897
0.958
0.858
0.877
0.893
0.946
0.935
0.903
0.878
0.949
0.920
0.911
0.922
0.920
0.953
0.953
0.827
0.894
0.744
0.926
0.922
0.916
0.825
0.847
0.854
0.707
0.824
0.856
0.826
0.824
0.946
0.658
0.657
0.709
0.772
0.715
0.741
0.704
0.752
0.787
0.868
0.779
0.742
0.708
0.708
0.853
0.682
0.736
0.729
0.699
0.726
0.695
0.653
0.711
0.660
0.640
0.758
0.732
0.692
0.736
0.699
0.664
0.639
0.720
0.718
0.684
0.663
0.715
0.715
0.625
0.751
0.661
0.650
0.575
0.673
0.762
0.699
0.797
0.677
0.661
0.663
0.936
0.641
0.657
0.646
0.673
0.633
0.669
0.580
0.607
0.556
0.512
0.531
0.533
0.549
0.528
0.582
0.625
0.578
0.513
0.544
0.617
0.582
0.549
0.543
0.529
0.617
0.554
0.621
0.600
0.557
0.613
0.546
0.633
0.608
0.561
0.496
0.528
0.587
0.627
0.589
0.572
0.483
0.463
0.471
0.592
0.646
0.689
0.500
0.462
0.463
0.541
0.516
0.563
0.614
0.692
0.667
0.549
0.543
0.520
0.665
0.811
0.596
0.574
0.409
0.428
0.450
0.408
0.559
0.594
0.635
0.677
0.506
0.465
0.595
0.442
0.397
0.499
0.630
0.521
0.803
0.624
0.661
0.571
0.551
0.584
0.514
0.534
0.929
0.544
0.464
0.460
0.429
0.391
0.393
0.424
0.426
0.537
0.601
0.632
0.777
0.883
0.833
0.810
0.654
0.662
0.735
0.866
0.836
0.855
0.680
0.917
0.949
0.912
0.640
0.468
0.505
0.556
0.926
0.920
0.812
0.824
0.628
0.688
0.897
0.869
0.923
0.929
0.976
0.879
0.971
0.719
0.540
0.644
0.604
0.637
0.595
0.644
0.628
0.606
0.677
0.638
0.583
0.581
0.563
0.664
0.641
0.653
0.933
0.958
0.981
0.802
0.847
0.933
0.959
0.973
0.931
0.873
0.916
0.835
0.681
0.845
0.936
0.806
0.814
0.937
0.979
0.781
0.816
0.736
0.785
0.897
0.919
0.956
0.857
0.901
0.834
0.862
0.970
0.909
0.843
0.894
0.893
0.939
0.787
0.860
0.943
0.929
0.853
0.885
0.894
0.808
0.865
0.835
0.823
0.927
0.962
0.934
0.887
0.966
0.790
0.788
0.948
0.895
0.971
0.904
0.783
0.874
0.802
0.881
0.892
0.708
0.875
0.966
0.973
0.961
0.815
0.855
0.881
0.909
0.861
0.951
0.930
0.840
0.691
0.706
0.724
0.835
0.940
0.879
0.750
0.839
0.851
0.933
0.853
0.877
0.971
0.929
0.902
0.925
0.954
0.889
0.956
0.884
0.906
0.973
0.917
0.932
0.938
0.889
0.963
0.840
0.943
0.820
0.830
0.964
0.941
0.872
0.865
0.948
0.961
0.980
0.911
0.929
0.931
0.913
0.853
0.956
0.950
0.792
0.771
0.917
0.963
0.843
0.844
0.853
0.764
0.788
0.778
0.670
0.717
0.862
0.905
0.924
0.927
0.896
0.940
0.960
0.963
0.728
0.748
0.790
0.742
0.767
0.816
0.905
0.878
0.943
0.925
0.916
0.939
0.884
0.953
0.908
0.959
0.939
0.938
0.912
0.891
0.916
0.741
0.701
0.679
0.684
0.702
0.776
0.750
0.926
0.948
0.904
0.928
0.867
0.785
0.751
0.738
0.757
0.737
0.754
0.705
0.621
0.655
0.883
0.812
0.776
0.743
0.759
0.724
0.786
0.708
0.680
0.648
0.639
0.847
0.859
0.911
0.822
0.727
0.757
0.620
0.762
0.636
0.663
0.715
0.643
0.654
0.582
0.620
0.674
0.766
0.656
0.644
0.592
0.757
0.654
0.619
0.662
0.602
0.612
0.729
0.632
0.604
0.574
0.522
0.533
0.581
0.709
0.633
0.824
0.792
0.537
0.624
0.555
0.562
0.586
0.564
0.530
0.573
0.523
0.637
0.493
0.460
0.607
0.556
0.485
0.490
0.531
0.445
0.539
0.427
0.451
0.455
0.491
0.689
0.654
0.590
0.637
0.462
0.432
0.490
0.420
0.471
0.455
0.444
0.444
0.381
0.455
0.334
0.431
0.522
0.696
0.384
0.532
0.410
0.369
0.454
0.466
0.423
0.406
0.436
0.507
0.554
0.680
0.556
0.512
0.493
0.494
0.534
0.502
0.465
0.470
0.494
0.529
0.493
0.863
0.834
0.556
0.505
0.539
0.611
0.612
0.572
0.506
0.684
0.680
0.600
0.759
0.706
0.611
0.830
0.821
0.765
0.698
0.909
0.752
0.647
0.535
0.657
0.660
0.609
0.712
0.851
0.643
0.493
0.588
0.563
0.582
0.590
0.655
0.663
0.901
0.964
0.752
0.735
0.475
0.619
0.524
0.704
0.874
0.935
0.768
0.699
0.713
0.841
0.875
0.962
0.951
0.860
0.935
0.879
0.929
0.860
0.939
0.973
0.954
0.784
0.646
0.898
0.688
0.839
0.838
0.912
0.663
0.672
0.698
0.682
0.834
0.941
0.875
0.874
0.652
0.648
0.969
0.772
0.693
0.913
0.939
0.896
0.909
0.965
0.919
0.743
0.732
0.848
0.914
0.971
0.937
0.964
0.921
0.932
0.978
0.845
0.733
0.752
0.863
0.945
0.921
0.923
0.944
0.933
0.962
0.880
0.974
0.858
0.821
0.875
0.930
0.879
0.909
0.910
0.840
0.979
0.973
0.909
0.796
0.913
0.977
0.950
0.931
0.903
0.958
0.962
0.898
0.839
0.937
0.962
0.944
0.975
0.978
0.961
0.913
0.975
0.974
0.983
0.956
0.900
0.962
0.979
0.956
0.956
0.926
0.932
0.965
0.935
0.856
0.954
0.961
0.954
0.943
0.964
0.894
0.902
0.868
0.799
0.844
0.752
0.806
0.817
0.938
0.978
0.906
0.938
0.958
0.914
0.781
0.778
0.979
0.796
0.836
0.849
0.912
0.958
0.893
0.868
0.907
0.970
0.978
0.869
0.914
0.967
0.972
0.976
0.977
0.953
0.911
0.945
0.941
0.975
0.876
0.864
0.893
0.803
0.692
0.786
0.742
0.784
0.849
0.936
0.926
0.920
0.841
0.939
0.840
0.778
0.759
0.766
0.837
0.882
0.910
0.866
0.921
0.848
0.876
0.955
0.907
0.955
0.860
0.924
0.928
0.879
0.853
0.936
0.929
0.834
0.771
0.704
0.775
0.733
0.907
0.829
0.832
0.771
0.718
0.759
0.708
0.795
0.850
0.961
0.902
0.895
0.966
0.808
0.765
0.678
0.859
0.861
0.873
0.824
0.823
0.840
0.940
0.842
0.762
0.699
0.671
0.685
0.745
0.752
0.720
0.685
0.757
0.722
0.645
0.627
0.612
0.914
0.779
0.650
0.644
0.644
0.609
0.681
0.636
0.759
0.707
0.670
0.683
0.677
0.606
0.570
0.683
0.532
0.405
0.361
0.471
0.563
0.485
0.444
0.395
0.501
0.641
0.583
0.591
0.600
0.559
0.544
0.481
0.484
0.538
0.731
0.634
0.649
0.612
0.776
0.539
0.616
0.486
0.517
0.489
0.476
0.550
0.483
0.428
0.396
0.306
0.410
0.408
0.407
0.418
0.437
0.454
0.677
0.828
0.586
0.590
0.415
0.339
0.328
0.398
0.393
0.341
0.427
0.384
0.376
0.428
0.521
0.435
0.442
0.636
0.736
0.507
0.373
0.370
0.449
0.480
0.493
0.523
0.686
0.506
0.449
0.421
0.448
0.407
0.396
0.517
0.410
0.369
0.449
0.501
0.517
0.482
0.509
0.603
0.638
0.630
0.477
0.697
0.513
0.609
0.629
0.764
0.870
0.862
0.864
0.596
0.574
0.677
0.624
0.617
0.588
0.644
0.562
0.488
0.551
0.587
0.504
0.431
0.494
0.503
0.642
0.572
0.586
0.624
0.674
0.623
0.624
0.712
0.889
0.941
0.969
0.974
0.940
0.933
0.822
0.786
0.845
0.968
0.813
0.716
0.854
0.946
0.922
0.965
0.875
0.673
0.884
0.890
0.970
0.920
0.982
0.813
0.893
0.940
0.956
0.981
0.842
0.680
0.902
0.883
0.956
0.879
0.854
0.963
0.899
0.834
0.848
0.929
0.900
0.913
0.886
0.980
0.886
0.963
0.865
0.949
0.882
0.963
0.945
0.965
0.941
0.966
0.918
0.929
0.939
0.976
0.963
0.932
0.864
0.954
0.967
0.841
0.962
0.968
0.956
0.970
0.979
0.916
0.911
0.942
0.976
0.963
0.920
0.903
0.962
0.846
0.932
0.955
0.931
0.964
0.858
0.847
0.851
0.851
0.917
0.965
0.970
0.893
0.928
0.911
0.969
0.949
0.961
0.965
0.931
0.923
0.917
0.966
0.927
0.915
0.798
0.937
0.969
0.962
0.932
0.966
0.978
0.984
0.836
0.958
0.972
0.937
0.958
0.876
0.847
0.960
0.964
0.908
0.951
0.826
0.974
0.844
0.966
0.904
0.886
0.893
0.856
0.960
0.904
0.817
0.943
0.923
0.865
0.840
0.966
0.980
0.888
0.762
0.764
0.836
0.850
0.953
0.970
0.972
0.970
0.976
0.955
0.955
0.956
0.973
0.859
0.905
0.954
0.969
0.964
0.984
0.899
0.866
0.946
0.952
0.963
0.907
0.920
0.860
0.892
0.743
0.697
0.719
0.861
0.698
0.764
0.691
0.670
0.654
0.693
0.705
0.825
0.879
0.892
0.908
0.929
0.833
0.935
0.932
0.916
0.930
0.884
0.966
0.871
0.965
0.963
0.950
0.948
0.846
0.707
0.692
0.663
0.671
0.689
0.698
0.756
0.824
0.827
0.922
0.805
0.786
0.721
0.649
0.716
0.935
0.806
0.918
0.853
0.870
0.909
0.950
0.818
0.748
0.739
0.888
0.931
0.852
0.848
0.738
0.785
0.756
0.727
0.714
0.866
0.757
0.740
0.811
0.671
0.620
0.669
0.663
0.830
0.899
0.767
0.873
0.879
0.814
0.940
0.954
0.964
0.800
0.718
0.698
0.728
0.658
0.652
0.695
0.678
0.722
0.785
0.710
0.635
0.641
0.823
0.872
0.702
0.685
0.691
0.797
0.757
0.745
0.613
0.554
0.649
0.905
0.831
0.695
0.651
0.607
0.608
0.675
0.740
0.705
0.733
0.676
0.632
0.616
0.673
0.564
0.608
0.604
0.648
0.548
0.602
0.539
0.556
0.578
0.648
0.549
0.444
0.477
0.508
0.585
0.480
0.457
0.464
0.493
0.539
0.546
0.482
0.566
0.700
0.505
0.681
0.765
0.738
0.793
0.902
0.711
0.769
0.909
0.808
0.876
0.699
0.741
0.881
0.667
0.613
0.550
0.586
0.607
0.729
0.642
0.558
0.681
0.830
0.731
0.955
0.661
0.626
0.825
0.689
0.586
0.536
0.616
0.919
0.838
0.797
0.712
0.629
0.867
0.621
0.616
0.672
0.537
0.533
0.564
0.516
0.536
0.606
0.591
0.816
0.751
0.845
0.767
0.776
0.954
0.821
0.701
0.801
0.981
0.776
0.694
0.814
0.809
0.702
0.708
0.648
0.926
0.765
0.689
0.481
0.673
0.542
0.540
0.611
0.594
0.888
0.942
0.681
0.887
0.882
0.897
0.865
0.891
0.914
0.855
0.576
0.741
0.842
0.770
0.707
0.760
0.946
0.929
0.919
0.923
0.888
0.761
0.768
0.794
0.874
0.722
0.632
0.691
0.591
0.835
0.916
0.794
0.897
0.909
0.944
0.898
0.841
0.945
0.922
0.836
0.792
0.669
0.853
0.764
0.909
0.941
0.903
0.859
0.806
0.706
0.667
0.765
0.948
0.803
0.906
0.899
0.932
0.882
0.949
0.906
0.691
0.606
0.570
0.802
0.677
0.557
0.722
0.774
0.798
0.898
0.928
0.962
0.923
0.921
0.667
0.798
0.716
0.902
0.857
0.975
0.898
0.762
0.826
0.937
0.935
0.937
0.837
0.949
0.818
0.748
0.815
0.669
0.638
0.667
0.688
0.622
0.622
0.669
0.826
0.960
0.926
0.801
0.774
0.839
0.971
0.903
0.817
0.794
0.804
0.860
0.635
0.491
0.490
0.522
0.551
0.585
0.715
0.647
0.730
0.681
0.938
0.872
0.957
0.917
0.819
0.949
0.900
0.921
0.975
0.834
0.828
0.863
0.813
0.695
0.770
0.839
0.802
0.788
0.797
0.757
0.908
0.938
0.922
0.967
0.982
0.827
0.918
0.917
0.952
0.955
0.859
0.944
0.925
0.863
0.811
0.763
0.714
0.917
0.806
0.733
0.785
0.795
0.770
0.911
0.866
0.857
0.769
0.721
0.949
0.821
0.838
0.946
0.947
0.918
0.826
0.959
0.789
0.681
0.745
0.698
0.927
0.944
0.939
0.941
0.832
0.838
0.803
0.694
0.680
0.679
0.693
0.734
0.924
0.736
0.732
0.712
0.848
0.572
0.635
0.642
0.604
0.562
0.595
0.643
0.646
0.810
0.814
0.724
0.620
0.666
0.699
0.668
0.588
0.554
0.577
0.671
0.698
0.632
0.598
0.550
0.634
0.606
0.657
0.785
0.672
0.621
0.600
0.541
0.597
0.793
0.628
0.541
0.496
0.520
0.516
0.612
0.621
0.601
0.654
0.746
0.574
0.489
0.525
0.495
0.451
0.456
0.410
0.412
0.548
0.541
0.406
0.419
0.559
0.471
0.507
0.501
0.553
0.477
0.520
0.414
0.365
0.316
0.292
0.289
0.436
0.449
0.370
0.418
0.447
0.529
0.621
0.539
0.472
0.530
0.515
0.634
0.643
0.581
0.589
0.567
0.442
0.486
0.745
0.603
0.414
0.442
0.449
0.411
0.434
0.433
0.400
0.433
0.551
0.475
0.599
0.459
0.449
0.727
0.517
0.501
0.447
0.425
0.445
0.397
0.396
0.457
0.611
0.614
0.635
0.783
0.633
0.827
0.601
0.696
0.620
0.622
0.738
0.595
0.601
0.577
0.594
0.583
0.810
0.645
0.630
0.558
0.536
0.559
0.503
0.342
0.409
0.424
0.516
0.617
0.714
0.806
0.935
0.971
0.912
0.615
0.560
0.623
0.526
0.645
0.838
0.841
0.649
0.593
0.703
0.874
0.909
0.597
0.668
0.890
0.835
0.743
0.858
0.732
0.637
0.795
0.612
0.672
0.643
0.848
0.873
0.907
0.903
0.868
0.896
0.630
0.729
0.797
0.942
0.968
0.660
0.563
0.608
0.531
0.549
0.645
0.861
0.676
0.799
0.806
0.940
0.942
0.923
0.815
0.806
0.747
0.864
0.837
0.939
0.849
0.842
0.938
0.960
0.940
0.734
0.784
0.976
0.964
0.902
0.960
0.957
0.898
0.970
0.984
0.929
0.956
0.920
0.904
0.928
0.757
0.741
0.870
0.938
0.964
0.895
0.912
0.970
0.862
0.756
0.872
0.907
0.860
0.897
0.915
0.941
0.959
0.893
0.885
0.885
0.828
0.960
0.919
0.954
0.924
0.964
0.932
0.746
0.848
0.958
0.981
0.978
0.830
0.871
0.949
0.926
0.944
0.856
0.872
0.975
0.882
0.970
0.982
0.951
0.824
0.871
0.915
0.944
0.976
0.917
0.909
0.900
0.952
0.942
0.959
0.913
0.909
0.846
0.810
0.936
0.966
0.951
0.942
0.960
0.921
0.854
0.978
0.756
0.731
0.703
0.908
0.962
0.853
0.944
0.953
0.813
0.814
0.874
0.913
0.912
0.935
0.975
0.947
0.842
0.720
0.954
0.971
0.975
0.872
0.880
0.869
0.959
0.937
0.867
0.936
0.967
0.962
0.968
0.977
0.965
0.822
0.776
0.797
0.887
0.867
0.891
0.965
0.893
0.807
0.884
0.853
0.893
0.947
0.937
0.927
0.912
0.926
0.936
0.830
0.845
0.775
0.799
0.908
0.917
0.941
0.907
0.871
0.834
0.752
0.902
0.757
0.927
0.924
0.857
0.948
0.866
0.783
0.799
0.822
0.837
0.901
0.889
0.884
0.760
0.854
0.942
0.777
0.847
0.846
0.844
0.847
0.921
0.961
0.901
0.788
0.732
0.656
0.719
0.876
0.807
0.693
0.732
0.740
0.693
0.667
0.766
0.667
0.648
0.685
0.802
0.746
0.925
0.902
0.852
0.715
0.778
0.764
0.821
0.811
0.821
0.750
0.851
0.678
0.713
0.588
0.558
0.649
0.609
0.562
0.586
0.529
0.505
0.592
0.460
0.475
0.481
0.561
0.548
0.564
0.474
0.619
0.649
0.771
0.654
0.620
0.591
0.483
0.518
0.447
0.384
0.497
0.511
0.462
0.486
0.522
0.463
0.510
0.640
0.780
0.917
0.895
0.912
0.679
0.404
0.320
0.305
0.331
0.345
0.392
0.488
0.532
0.593
0.574
0.629
0.642
0.682
0.691
0.559
0.648
0.514
0.648
0.607
0.591
0.560
0.596
0.483
0.529
0.453
0.479
0.730
0.813
0.581
0.614
0.882
0.975
0.636
0.464
0.485
0.504
0.661
0.570
0.587
0.575
0.537
0.509
0.483
0.636
0.590
0.566
0.520
0.471
0.541
0.554
0.855
0.599
0.736
0.839
0.696
0.601
0.541
0.628
0.598
0.733
0.815
0.797
0.689
0.914
0.973
0.980
0.938
0.688
0.681
0.788
0.944
0.942
0.676
0.675
0.616
0.926
0.736
0.959
0.853
0.974
0.965
0.809
0.654
0.902
0.863
0.683
0.790
0.842
0.741
0.735
0.949
0.741
0.929
0.853
0.804
0.868
0.729
0.756
0.852
0.959
0.785
0.944
0.914
0.876
0.934
0.836
0.806
0.961
0.969
0.953
0.668
0.912
0.959
0.958
0.906
0.786
0.627
0.697
0.854
0.951
0.869
0.945
0.903
0.896
0.922
0.908
0.942
0.928
0.905
0.922
0.906
0.958
0.947
0.946
0.738
0.872
0.887
0.839
0.960
0.888
0.853
0.881
0.977
0.867
0.810
0.891
0.887
0.951
0.776
0.863
0.974
0.980
0.959
0.898
0.974
0.870
0.915
0.904
0.937
0.940
0.869
0.977
0.907
0.905
0.966
0.730
0.952
0.964
0.903
0.838
0.925
0.951
0.912
0.868
0.979
0.868
0.838
0.806
0.967
0.918
0.849
0.941
0.954
0.953
0.950
0.873
0.906
0.963
0.979
0.914
0.895
0.950
0.966
0.944
0.893
0.879
0.904
0.922
0.960
0.970
0.917
0.942
0.915
0.951
0.956
0.947
0.900
0.883
0.983
0.888
0.907
0.940
0.963
0.940
0.832
0.960
0.970
0.864
0.841
0.966
0.903
0.976
0.871
0.934
0.898
0.948
0.794
0.951
0.915
0.932
0.919
0.827
0.781
0.777
0.935
0.978
0.960
0.908
0.975
0.873
0.854
0.963
0.947
0.850
0.926
0.953
0.970
0.899
0.826
0.752
0.735
0.850
0.812
0.926
0.864
0.913
0.933
0.955
0.911
0.927
0.951
0.812
0.854
0.835
0.974
0.921
0.957
0.817
0.774
0.808
0.777
0.870
0.798
0.853
0.826
0.887
0.864
0.766
0.784
0.918
0.946
0.710
0.658
0.595
0.490
0.481
0.459
0.483
0.610
0.577
0.607
0.620
0.625
0.604
0.767
0.750
0.739
0.625
0.846
0.870
0.856
0.765
0.674
0.713
0.655
0.599
0.573
0.781
0.736
0.870
0.737
0.816
0.925
0.956
0.763
0.666
0.688
0.761
0.633
0.534
0.528
0.558
0.523
0.497
0.513
0.570
0.692
0.649
0.566
0.559
0.583
0.578
0.593
0.615
0.554
0.628
0.765
0.691
0.787
0.909
0.784
0.647
0.579
0.534
0.528
0.508
0.597
0.582
0.542
0.478
0.458
0.591
0.483
0.476
0.548
0.450
0.480
0.508
0.586
0.526
0.592
0.444
0.392
0.397
0.486
0.563
0.602
0.541
0.540
0.544
0.746
0.668
0.507
0.552
0.460
0.444
0.474
0.431
0.401
0.317
0.361
0.435
0.446
0.623
0.779
0.693
0.768
0.916
0.634
0.592
0.650
0.608
0.504
0.676
0.703
0.608
0.708
0.791
0.719
0.548
0.545
0.567
0.579
0.670
0.618
0.540
0.528
0.663
0.623
0.640
0.684
0.707
0.637
0.637
0.670
0.586
0.665
0.599
0.648
0.607
0.667
0.611
0.620
0.656
0.473
0.731
0.899
0.647
0.588
0.602
0.628
0.599
0.902
0.686
0.815
0.933
0.764
0.571
0.782
0.700
0.696
0.927
0.960
0.978
0.976
0.750
0.627
0.571
0.515
0.449
0.676
0.768
0.689
0.767
0.735
0.905
0.919
0.911
0.661
0.542
0.599
0.520
0.580
0.588
0.540
0.547
0.773
0.606
0.829
0.711
0.756
0.763
0.783
0.858
0.848
0.857
0.729
0.652
0.645
0.665
0.682
0.663
0.711
0.909
0.909
0.792
0.683
0.657
0.687
0.701
0.834
0.884
0.816
0.831
0.682
0.661
0.886
0.857
0.849
0.812
0.944
0.951
0.824
0.964
0.795
0.845
0.945
0.829
0.888
0.824
0.895
0.863
0.797
0.863
0.875
0.959
0.965
0.727
0.927
0.968
0.821
0.745
0.766
0.851
0.973
0.944
0.840
0.854
0.816
0.949
0.925
0.820
0.779
0.920
0.883
0.929
0.965
0.795
0.817
0.968
0.957
0.921
0.858
0.948
0.952
0.963
0.957
0.969
0.909
0.980
0.901
0.919
0.980
0.945
0.898
0.928
0.914
0.949
0.973
0.883
0.860
0.949
0.976
0.937
0.854
0.963
0.781
0.964
0.894
0.929
0.922
0.855
0.932
0.974
0.915
0.928
0.937
0.943
0.945
0.903
0.958
0.881
0.790
0.945
0.916
0.896
0.949
0.940
0.954
0.956
0.920
0.886
0.826
0.840
0.950
0.935
0.963
0.752
0.678
0.738
0.776
0.881
0.923
0.954
0.887
0.849
0.886
0.957
0.927
0.798
0.796
0.836
0.765
0.772
0.797
0.865
0.972
0.936
0.919
0.871
0.712
0.878
0.924
0.795
0.733
0.807
0.797
0.799
0.940
0.933
0.841
0.884
0.853
0.900
0.910
0.757
0.912
0.870
0.745
0.899
0.936
-99.000
0.980
0.739
0.516
0.638
0.601
0.702
0.783
0.940
0.782
0.797
0.733
0.717
0.695
0.786
0.768
0.753
0.715
0.670
0.682
0.698
0.697
0.616
0.730
0.739
0.634
0.650
0.681
0.576
0.580
0.636
0.596
0.628
0.452
0.462
0.528
0.487
0.475
0.464
0.474
0.523
0.587
0.553
0.620
0.663
0.669
0.793
0.818
0.702
0.595
0.637
0.639
0.625
0.432
0.367
0.524
0.486
0.585
0.549
0.561
0.584
0.715
0.671
0.716
0.662
0.628
0.636
0.662
0.631
0.532
0.649
0.606
0.529
0.652
0.644
0.676
0.734
0.654
0.590
0.777
0.784
0.684
0.534
0.658
0.590
0.603
0.490
0.553
0.606
0.637
0.635
0.642
0.486
0.475
0.483
0.604
0.520
0.569
0.878
0.576
0.631
0.439
0.557
0.391
0.453
0.396
0.504
0.833
0.755
0.904
0.928
0.662
0.678
0.551
0.482
0.521
0.505
0.502
0.510
0.622
0.559
0.458
0.496
0.632
0.610
0.551
0.696
0.670
0.582
0.545
0.610
0.515
0.621
0.685
0.701
0.579
0.516
0.375
0.513
0.638
0.674
0.809
0.722
0.616
0.747
0.865
0.618
0.432
0.452
0.562
0.574
0.594
0.600
0.573
0.559
0.594
0.504
0.631
0.835
0.662
0.696
0.637
0.627
0.635
0.786
0.629
0.446
0.400
0.531
0.530
0.608
0.881
0.634
0.615
0.621
0.719
0.753
0.960
0.823
0.852
0.918
0.950
0.949
0.911
0.953
0.927
0.952
0.924
0.867
0.639
0.643
0.942
0.765
0.954
0.921
0.963
0.684
0.657
0.676
0.884
0.909
0.966
0.953
0.924
0.971
0.919
0.643
0.801
-99.000
-99.000
-99.000
-99.000
-99.000
-99.000
-99.000
-99.000
0.910
0.930
0.910
0.937
0.924
0.956
0.915
0.921
0.968
0.955
0.872
0.809
0.766
0.875
0.977
0.937
0.823
0.822
0.807
0.817
0.934
0.940
0.919
0.826
0.917
0.921
0.937
0.933
0.910
0.816
0.799
0.879
0.909
0.976
0.903
0.800
0.740
0.933
0.937
0.928
0.658
0.547
0.625
0.647
0.641
0.555
0.680
0.747
0.938
0.869
0.954
0.932
0.908
0.879
0.925
0.904
0.967
0.954
0.948
0.832
0.841
0.922
0.931
0.820
0.935
0.877
0.764
0.770
0.950
0.977
0.763
0.658
0.576
0.568
0.545
0.592
0.631
0.807
0.967
0.926
0.874
0.939
0.921
0.918
0.774
0.776
0.953
0.969
0.906
0.911
0.945
0.967
0.971
0.718
0.700
0.868
0.726
0.783
0.928
0.873
0.724
0.815
0.879
0.760
0.961
0.863
0.965
0.971
0.750
0.685
0.882
0.937
0.896
0.868
0.810
0.835
0.949
0.907
0.929
0.823
0.882
0.839
0.822
0.784
0.852
0.955
0.971
0.853
0.938
0.622
0.653
0.671
0.684
0.725
0.790
0.879
0.890
0.932
0.817
0.765
0.915
0.927
0.827
0.806
0.683
0.581
0.651
0.767
0.720
0.654
0.757
0.764
0.735
0.709
0.902
0.727
0.919
0.891
0.791
0.658
0.631
0.674
0.655
0.863
0.823
0.912
0.980
0.812
0.640
0.653
0.719
0.639
0.621
0.675
0.877
0.542
0.629
0.698
0.618
0.587
0.655
0.845
0.903
0.729
0.699
0.607
0.624
0.570
0.596
0.719
0.785
0.681
0.713
0.790
0.658
0.566
0.530
0.634
0.589
0.632
0.604
0.557
0.539
0.534
0.563
0.587
0.642
0.792
0.627
0.702
0.770
0.404
0.458
0.469
0.507
0.574
0.615
0.799
0.592
0.496
0.534
0.539
0.570
0.435
0.419
0.413
0.499
0.492
0.449
0.490
0.420
0.346
0.366
0.372
0.453
0.369
0.456
0.438
0.372
0.393
0.425
0.462
0.404
0.367
0.512
0.563
0.473
0.387
0.439
0.452
0.520
0.510
0.470
0.497
0.448
0.452
0.322
0.378
0.575
0.549
0.483
0.466
0.438
0.601
0.533
0.460
0.425
0.334
0.493
0.494
0.538
0.511
0.492
0.487
0.793
0.461
0.476
0.617
0.491
0.628
0.547
0.573
0.508
0.493
0.458
0.808
0.743
0.594
0.612
0.874
0.590
0.828
0.929
0.789
0.812
0.836
0.657
0.602
0.711
0.813
0.670
0.514
0.479
0.610
0.543
0.651
0.655
0.621
0.547
0.579
0.522
0.520
0.492
0.568
0.859
0.972
0.724
0.753
0.857
0.943
0.735
0.615
0.746
0.954
0.767
0.813
0.686
0.659
0.797
0.921
0.775
0.944
0.879
0.710
0.897
0.704
0.629
0.845
0.875
0.818
0.727
0.688
0.769
0.981
0.693
0.825
0.779
0.693
0.826
0.620
0.699
0.928
0.779
0.719
0.801
0.922
0.827
0.926
0.935
0.756
0.663
0.792
0.894
0.747
0.742
0.847
0.773
0.635
0.603
0.601
0.804
0.942
0.829
0.902
0.957
0.826
0.948
0.946
0.944
0.932
0.962
0.803
0.749
0.937
0.959
0.840
0.774
0.743
0.968
0.807
0.931
0.942
0.972
0.868
0.723
0.803
0.814
0.952
0.816
0.891
0.832
0.801
0.719
0.885
0.947
0.972
0.951
0.855
0.825
0.916
0.960
0.979
0.848
0.938
0.951
0.803
0.866
0.890
0.888
0.919
0.909
0.933
0.800
0.798
0.853
0.823
0.819
0.831
0.717
0.651
0.669
0.889
0.959
0.906
0.864
0.883
0.884
0.979
0.977
0.853
0.713
0.761
0.900
0.905
0.863
0.949
0.823
0.734
0.822
0.861
0.757
0.950
0.914
0.917
0.937
0.857
0.898
0.880
0.845
0.973
0.976
0.891
0.861
0.815
0.970
0.894
0.798
0.949
0.853
0.975
0.801
0.853
0.897
0.952
0.937
0.937
0.868
0.962
0.842
0.924
0.841
0.958
0.850
0.886
0.699
0.739
0.776
0.751
0.743
0.856
0.898
0.722
0.742
0.857
0.754
0.793
0.833
0.875
0.905
0.812
0.937
0.898
0.741
0.770
0.737
0.914
0.965
0.943
0.761
0.838
0.966
0.798
0.739
0.858
0.736
0.828
0.979
0.849
0.714
0.782
0.881
0.658
0.666
0.735
0.787
0.732
0.727
0.699
0.722
0.663
0.595
0.716
0.663
0.785
0.764
0.728
0.718
0.760
0.770
0.679
0.687
0.805
0.657
0.671
0.701
0.639
0.633
0.678
0.774
0.682
0.644
0.730
0.845
0.983
0.828
0.689
0.577
0.537
0.460
0.511
0.592
0.576
0.627
0.656
0.618
0.585
0.370
0.456
0.508
0.513
0.459
0.484
0.473
0.558
0.588
0.545
0.504
0.484
0.600
0.610
0.509
0.492
0.463
0.466
0.427
0.455
0.564
0.418
0.401
0.445
0.423
0.463
0.459
0.513
0.468
0.445
0.391
0.367
0.441
0.452
0.515
0.288
0.269
0.292
0.411
0.488
0.482
0.518
0.429
0.363
0.410
0.346
0.421
0.288
0.377
0.401
0.392
0.497
0.602
0.547
0.500
0.442
0.523
0.808
0.651
0.678
0.580
0.487
0.434
0.423
0.434
0.576
0.643
0.628
0.456
0.527
0.396
0.364
0.320
0.404
0.483
0.567
0.595
0.953
0.626
0.463
0.555
0.612
0.737
0.608
0.577
0.666
0.772
0.600
0.659
0.771
0.591
0.590
0.662
0.684
0.782
0.586
0.557
0.475
0.488
0.622
0.458
0.475
0.486
0.589
0.722
0.681
0.505
0.485
0.383
0.554
0.552
0.563
0.723
0.597
0.556
0.637
0.658
0.891
0.781
0.844
0.872
0.832
0.651
0.731
0.861
0.959
0.928
0.780
0.608
0.688
0.674
0.965
0.971
0.967
0.977
0.898
0.679
0.641
0.925
0.962
0.937
0.796
0.949
0.946
0.980
0.850
0.932
0.873
0.848
0.940
0.936
0.885
0.800
0.925
0.814
0.940
0.868
0.942
0.971
0.884
0.962
0.943
0.856
0.927
0.686
0.868
0.944
0.972
0.802
0.900
0.829
0.896
0.977
0.965
0.888
0.906
0.853
0.863
0.801
0.917
0.865
0.966
0.981
0.949
0.923
0.895
0.916
0.868
0.879
0.885
0.908
0.959
0.972
0.939
0.889
0.920
0.952
0.958
0.964
0.865
0.851
0.838
0.808
0.918
0.968
0.919
0.914
0.922
0.748
0.779
0.721
0.701
0.809
0.868
0.916
0.829
0.837
0.943
0.962
0.954
0.980
0.818
0.786
0.898
0.831
0.895
0.885
0.888
0.880
0.966
0.972
0.924
0.938
0.942
0.813
0.964
0.870
0.834
0.848
0.955
0.891
0.926
0.800
0.929
0.817
0.854
0.960
0.926
0.916
0.908
0.974
0.867
0.853
0.963
0.973
0.969
0.974
0.916
0.862
0.887
0.946
0.873
0.900
0.918
0.963
0.970
0.891
0.871
0.833
0.952
0.913
0.968
0.918
0.940
0.779
0.753
0.899
0.969
0.806
0.909
0.937
0.913
0.916
0.969
0.940
0.980
0.943
0.958
0.938
0.956
0.896
0.586
0.593
0.631
0.641
0.676
0.738
0.932
0.809
0.761
0.944
0.953
0.853
0.746
0.664
0.654
0.659
0.658
0.712
0.824
0.876
0.722
0.839
0.834
0.949
0.922
0.945
0.851
0.875
0.799
0.915
0.785
0.752
0.812
0.768
0.934
0.967
0.776
0.776
0.685
0.763
0.898
0.943
0.879
0.767
0.778
0.687
0.668
0.733
0.838
0.783
0.794
0.733
0.772
0.807
0.907
0.892
0.837
0.836
0.720
0.720
0.412
0.425
0.439
0.616
0.689
0.666
0.774
0.710
0.681
0.614
0.631
0.674
0.717
0.668
0.635
0.736
0.655
0.622
0.638
0.923
0.962
0.870
0.818
0.792
0.835
0.861
0.785
0.650
0.694
0.651
0.825
0.605
0.642
0.660
0.652
0.561
0.474
0.456
0.551
0.511
0.527
0.477
0.548
0.600
0.629
0.615
0.599
0.635
0.721
0.774
0.675
0.563
0.509
0.564
0.456
0.632
0.535
0.859
0.689
0.595
0.602
0.537
0.491
0.564
0.487
0.456
0.485
0.604
0.533
0.573
0.655
0.863
0.382
0.286
0.363
0.454
0.341
0.441
0.493
0.491
0.575
0.953
0.563
0.442
0.414
0.563
0.554
0.523
0.465
0.803
0.829
0.596
0.596
0.531
0.602
0.549
0.568
0.657
0.683
0.715
0.571
0.580
0.782
0.928
0.556
0.558
0.572
0.612
0.565
0.697
0.619
0.774
0.928
0.810
0.341
0.471
0.663
0.791
0.771
0.719
0.867
0.973
0.940
0.894
0.908
0.790
0.877
0.855
0.741
0.757
0.832
0.554
0.545
0.648
0.475
0.472
0.584
0.761
0.891
0.915
0.973
0.902
0.741
0.510
0.671
0.850
0.724
0.599
0.553
0.641
0.596
0.642
0.675
0.609
0.792
0.895
0.651
0.636
0.642
0.860
0.822
0.959
0.940
0.676
0.561
0.820
0.883
0.689
0.666
0.797
0.856
0.817
0.909
0.941
0.929
0.917
0.877
0.966
0.928
0.914
0.951
0.914
0.926
0.943
0.931
0.951
0.919
0.875
0.829
0.937
0.942
0.885
0.787
0.826
0.874
0.892
0.964
0.976
0.853
0.847
0.939
0.946
0.928
0.907
0.831
0.895
0.935
0.851
0.887
0.928
0.918
0.835
0.913
0.866
0.956
0.802
0.958
0.959
0.961
0.959
0.958
0.933
0.905
0.953
0.958
0.814
0.908
0.949
0.980
0.984
0.891
0.801
0.754
0.890
0.885
0.977
0.878
0.760
0.832
0.767
0.952
0.972
0.917
0.882
0.961
0.927
0.954
0.892
0.935
0.879
0.945
0.885
0.707
0.910
0.894
0.958
0.981
0.854
0.857
0.937
0.838
0.844
0.856
0.900
0.950
0.949
0.957
0.960
0.925
0.913
0.850
0.920
0.891
0.971
0.896
0.962
0.864
0.955
0.908
0.859
0.897
0.932
0.881
0.923
0.896
0.966
0.951
0.775
0.711
0.769
0.768
0.931
0.945
0.942
0.877
0.834
0.776
0.764
0.954
0.832
0.860
0.828
0.952
0.930
0.940
0.951
0.957
0.926
0.822
0.890
0.957
0.908
0.883
0.966
0.802
0.740
0.836
0.572
0.653
0.628
0.515
0.524
0.624
0.665
0.730
0.870
0.882
0.877
0.959
0.972
0.963
0.942
0.916
0.914
0.861
0.862
0.914
0.806
0.717
0.792
0.778
0.734
0.667
0.650
0.621
0.643
0.617
0.671
0.632
0.667
0.674
0.731
0.693
0.888
0.965
0.919
0.775
0.709
0.716
0.717
0.739
0.749
0.679
0.596
0.574
0.674
0.540
0.546
0.659
0.917
0.701
0.647
0.497
0.604
0.636
0.632
0.784
0.709
0.582
0.634
0.742
0.529
0.626
0.729
0.644
0.565
0.524
0.474
0.358
0.308
0.344
0.557
0.633
0.616
0.599
0.525
0.510
0.535
0.455
0.499
0.448
0.400
0.418
0.416
0.476
0.695
0.595
0.817
0.642
0.642
0.652
0.782
0.518
0.375
0.567
0.493
0.464
0.504
0.556
0.501
0.510
0.641
0.616
0.501
0.504
0.604
0.567
0.582
0.579
0.598
0.524
0.509
0.491
0.550
0.735
0.385
0.419
0.399
0.380
0.434
0.412
0.691
0.480
0.434
0.633
0.498
0.336
0.398
0.385
0.380
0.441
0.519
0.733
0.686
0.686
0.524
0.523
0.561
0.594
0.461
0.457
0.382
0.369
0.463
0.513
0.514
0.609
0.773
0.666
0.667
0.862
0.843
0.673
0.642
0.625
0.614
0.868
0.647
0.558
0.486
0.525
0.466
0.538
0.563
0.600
0.654
0.550
0.670
0.757
0.533
0.526
0.728
0.803
0.727
0.582
0.509
0.477
0.529
0.609
0.648
0.506
0.743
0.748
0.575
0.665
0.638
0.637
0.750
0.714
0.898
0.662
0.645
0.622
0.723
0.588
0.854
0.712
0.865
0.905
0.823
0.698
0.673
0.668
0.856
0.971
0.783
0.922
0.964
0.612
0.937
0.685
0.569
0.706
0.811
0.800
0.881
0.953
0.963
0.806
0.676
0.629
0.899
0.868
0.684
0.847
0.935
0.967
0.933
0.832
0.833
0.771
0.788
0.908
0.919
0.866
0.811
0.888
0.945
0.953
0.965
0.957
0.907
0.955
0.943
0.812
0.860
0.933
0.931
0.891
0.753
0.787
0.933
0.848
0.914
0.962
0.948
0.914
0.897
0.802
0.797
0.880
0.724
0.889
0.958
0.960
0.921
0.906
0.848
0.912
0.798
0.730
0.881
0.929
0.877
0.844
0.968
0.855
0.946
0.924
0.960
0.714
0.756
0.890
0.789
0.773
0.887
0.950
0.950
0.940
0.947
0.965
0.956
0.957
0.927
0.908
0.788
0.859
0.855
0.844
0.894
0.935
0.899
0.950
0.938
0.767
0.913
0.868
0.957
0.889
0.699
0.645
0.584
0.664
0.708
0.833
0.781
0.898
0.918
0.930
0.813
0.948
0.879
0.829
0.919
0.768
0.904
0.927
0.897
0.926
0.821
0.871
0.824
0.935
0.911
0.688
0.696
0.719
0.760
0.809
0.735
0.735
0.878
0.893
0.863
0.900
0.951
0.951
0.888
0.926
0.969
0.838
0.808
0.748
0.753
0.728
0.728
0.903
0.776
0.939
0.779
0.780
0.711
0.669
0.631
0.787
0.822
0.859
0.857
0.709
0.693
0.732
0.796
0.752
0.804
0.861
0.752
0.699
0.705
0.707
0.913
0.937
0.967
0.864
0.671
0.699
0.740
0.644
0.716
0.679
0.642
0.683
0.860
0.779
0.752
0.744
0.812
0.797
0.757
0.834
0.661
0.631
0.614
0.792
0.672
0.641
0.498
0.647
0.661
0.560
0.636
0.636
0.623
0.642
0.625
0.683
0.625
0.815
0.952
0.693
0.572
0.645
0.567
0.573
0.545
0.657
0.618
0.577
0.550
0.631
0.584
0.461
0.514
0.538
0.563
0.504
0.541
0.577
0.746
0.403
0.438
0.453
0.494
0.563
0.570
0.625
0.659
0.843
0.612
0.493
0.425
0.309
0.281
0.280
0.379
0.425
0.454
0.428
0.430
0.633
0.428
0.416
0.425
0.549
0.575
0.388
0.448
0.473
0.311
0.266
0.329
0.315
0.327
0.507
0.516
0.460
0.586
0.418
0.435
0.409
0.434
0.411
0.411
0.472
0.463
0.624
0.743
0.487
0.455
0.496
0.473
0.488
0.534
0.540
0.449
0.513
0.527
0.514
0.500
0.500
0.417
0.442
0.476
0.480
0.545
0.353
0.379
0.403
0.417
0.416
0.380
0.339
0.401
0.465
0.495
0.496
0.660
0.608
0.513
0.562
0.475
0.554
0.546
0.813
0.691
0.763
0.649
0.610
0.663
0.656
0.698
0.568
0.799
0.577
0.607
0.761
0.718
0.606
0.536
0.569
0.692
0.642
0.741
0.673
0.880
0.618
0.787
0.814
0.921
0.657
0.680
0.606
0.655
0.603
0.768
0.764
0.665
0.588
0.625
0.635
0.738
0.749
0.600
0.657
0.698
0.649
0.651
0.506
0.600
0.668
0.633
0.787
0.674
0.687
0.634
0.598
0.744
0.882
0.683
0.861
0.683
0.912
0.741
0.777
0.621
0.849
0.706
0.864
0.939
0.669
0.887
0.846
0.932
0.868
0.600
0.743
0.608
0.595
0.674
0.651
0.851
0.689
0.703
0.632
0.634
0.833
0.746
0.928
0.907
0.956
0.876
0.950
0.786
0.627
0.572
0.640
0.623
0.847
0.658
0.710
0.663
0.637
0.671
0.754
0.830
0.794
0.656
0.681
0.608
0.671
0.609
0.592
0.845
0.859
0.950
0.966
0.908
0.912
0.972
0.790
0.835
0.634
0.871
0.901
0.890
0.973
0.850
0.966
0.933
0.959
0.729
0.896
0.887
0.958
0.923
0.877
0.906
0.863
0.802
0.882
0.821
0.981
0.931
0.931
0.899
0.907
0.905
0.929
0.923
0.747
0.915
0.922
0.977
0.940
0.688
0.635
0.692
0.873
0.808
0.946
0.892
0.861
0.838
0.871
0.950
0.836
0.946
0.913
0.962
0.923
0.817
0.849
0.862
0.900
0.833
0.744
0.642
0.721
0.805
0.935
0.876
0.957
0.950
0.947
0.912
0.860
0.830
0.923
0.839
0.743
0.644
0.715
0.910
0.924
0.917
0.888
0.751
0.924
0.955
0.815
0.758
0.734
0.816
0.866
0.927
0.793
0.687
0.679
0.818
0.840
0.874
0.668
0.888
0.922
0.937
0.887
0.697
0.665
0.673
0.773
0.926
0.964
0.887
0.786
0.727
0.663
0.806
0.712
0.638
0.632
0.647
0.832
0.870
0.723
0.614
0.673
0.733
0.718
0.575
0.588
0.575
0.572
0.621
0.642
0.640
0.666
0.644
0.559
0.675
0.946
0.866
0.881
0.852
0.819
0.813
0.749
0.646
0.841
0.618
0.552
0.627
0.651
0.648
0.594
0.590
0.603
0.854
0.890
0.892
0.878
0.787
0.658
0.697
0.582
0.468
0.442
0.583
0.657
0.670
0.566
0.481
0.570
0.582
0.510
0.488
0.594
0.487
0.633
0.522
0.590
0.503
0.525
0.568
0.400
0.418
0.458
0.418
0.468
0.500
0.531
0.649
0.899
0.899
0.872
0.740
0.631
0.833
0.679
0.564
0.525
0.419
0.446
0.503
0.536
0.659
0.658
0.607
0.581
0.716
0.686
0.714
0.583
0.549
0.563
0.597
0.798
0.669
0.854
0.940
0.736
0.603
0.542
0.667
0.619
0.502
0.524
0.532
0.525
0.586
0.677
0.624
0.628
0.538
0.521
0.534
0.509
0.562
0.523
0.508
0.595
0.570
0.676
0.877
0.616
0.633
0.697
0.616
0.473
0.464
0.441
0.426
0.602
0.564
0.644
0.643
0.653
0.621
0.544
0.475
0.453
0.492
0.414
0.418
0.488
0.742
0.595
0.512
0.515
0.602
0.707
0.349
0.365
0.465
0.495
0.588
0.678
0.608
0.643
0.612
0.646
0.598
0.874
0.829
0.971
0.727
0.868
0.700
0.978
0.741
0.616
0.659
0.778
0.583
0.646
0.627
0.682
0.928
0.850
0.964
0.720
0.953
0.899
0.944
0.866
0.879
0.909
0.971
0.937
0.655
0.675
0.792
0.949
0.921
0.800
0.867
0.709
0.949
0.791
0.947
0.899
0.922
0.667
0.641
0.729
0.782
0.935
0.966
0.948
0.892
0.815
0.963
0.895
0.952
0.943
0.912
0.949
0.868
0.925
0.943
0.906
0.899
0.938
0.960
0.954
0.843
0.936
0.921
0.929
0.898
0.932
0.957
0.960
0.932
0.848
0.890
0.911
0.939
0.956
0.954
0.844
0.929
0.949
0.965
0.963
0.941
0.957
0.919
0.806
0.761
0.880
0.956
0.983
0.791
0.875
0.958
0.907
0.949
0.831
0.770
0.717
0.895
0.911
0.948
0.949
0.968
0.959
0.879
0.908
0.974
0.962
0.971
0.931
0.963
0.918
0.856
0.970
0.900
0.900
0.901
0.902
0.920
0.939
0.866
0.964
0.909
0.892
0.910
0.973
0.971
0.881
0.886
0.900
0.953
0.899
0.938
0.967
0.911
0.942
0.885
0.960
0.912
0.982
0.943
0.932
0.866
0.862
0.858
0.785
0.910
0.919
0.964
0.927
0.891
0.920
0.974
0.797
0.867
0.984
0.876
0.864
0.833
0.767
0.965
0.955
0.875
0.749
0.801
0.728
0.851
0.812
0.906
0.955
0.956
0.943
0.903
0.873
0.768
0.825
0.733
0.835
0.977
0.781
0.687
0.658
0.709
0.717
0.697
0.727
0.920
0.951
0.954
0.930
0.979
0.770
0.710
0.748
0.744
0.820
0.925
0.752
0.730
0.766
0.737
0.799
0.927
0.956
0.841
0.765
0.727
0.730
0.729
0.778
0.885
0.906
0.947
0.645
0.674
0.711
0.653
0.786
0.812
0.862
0.705
0.677
0.756
0.659
0.724
0.759
0.779
0.922
0.835
0.732
0.730
0.944
0.746
0.692
0.722
0.631
0.599
0.717
0.525
0.626
0.686
0.684
0.683
0.574
0.707
0.546
0.545
0.596
0.497
0.522
0.557
0.568
0.583
0.574
0.657
0.545
0.585
0.613
0.532
0.463
0.473
0.386
0.495
0.425
0.588
0.809
0.811
0.664
0.590
0.456
0.469
0.496
0.675
0.618
0.588
0.598
0.606
0.532
0.589
0.525
0.442
0.486
0.525
0.549
0.567
0.517
0.503
0.587
0.485
0.384
0.331
0.363
0.392
0.473
0.534
0.532
0.684
0.498
0.489
0.470
0.372
0.444
0.476
0.506
0.506
0.474
0.450
0.463
0.488
0.470
0.422
0.543
0.594
0.512
0.479
0.456
0.532
0.559
0.498
0.525
0.454
0.494
0.415
0.383
0.389
0.436
0.430
0.617
0.801
0.526
0.547
0.555
0.497
0.532
0.835
0.668
0.642
0.588
0.667
0.661
0.668
0.860
0.736
0.919
0.675
0.778
0.896
0.837
0.862
0.696
0.597
0.617
0.594
0.561
0.713
0.583
0.833
0.726
0.823
0.913
0.894
0.845
0.602
0.880
0.905
0.919
0.965
0.682
0.590
0.563
0.600
0.812
0.904
0.960
0.879
0.732
0.661
0.736
0.841
0.862
0.759
0.716
0.931
0.776
0.779
0.847
0.921
0.834
0.837
0.656
0.646
0.657
0.819
0.939
0.893
0.838
0.833
0.953
0.934
0.773
0.851
0.838
0.908
0.888
0.969
0.806
0.684
0.632
0.756
0.943
0.820
0.626
0.812
0.912
0.861
0.948
0.841
0.919
0.969
0.838
0.715
0.756
0.682
0.701
0.803
0.869
0.799
0.937
0.959
0.932
0.976
0.752
0.878
0.936
0.832
0.849
0.907
0.922
0.938
0.870
0.927
0.875
0.897
0.804
0.840
0.918
0.907
0.966
0.935
0.968
0.971
0.896
0.965
0.837
0.903
0.936
0.942
0.940
0.929
0.936
0.943
0.944
0.911
0.844
0.888
0.899
0.909
0.930
0.952
0.860
0.964
0.870
0.717
0.680
0.658
0.657
0.588
0.612
0.732
0.748
0.831
0.671
0.800
0.960
0.883
0.954
0.968
0.833
0.938
0.960
0.957
0.943
0.943
0.965
0.978
0.892
0.892
0.947
0.974
0.879
0.915
0.897
0.879
0.881
0.941
0.972
0.985
0.859
0.892
0.952
0.805
0.838
0.786
0.970
0.848
0.769
0.911
0.946
0.833
0.838
0.935
0.952
0.851
0.780
0.833
0.936
0.944
0.873
0.951
0.824
0.907
0.755
0.913
0.826
0.935
0.851
0.948
0.936
0.959
0.936
0.932
0.823
0.724
0.705
0.726
0.719
0.730
0.782
0.752
0.843
0.862
0.949
0.948
0.949
0.829
0.761
0.897
0.911
0.934
0.822
0.826
0.843
0.806
0.912
0.823
0.743
0.785
0.935
0.731
0.726
0.741
0.623
0.727
0.758
0.774
0.839
0.713
0.811
0.702
0.838
0.923
0.751
0.691
0.763
0.943
0.394
0.468
0.598
0.595
0.648
0.774
0.809
0.879
0.750
0.706
0.670
0.681
0.801
0.573
0.484
0.487
0.660
0.704
0.636
0.726
0.620
0.641
0.618
0.595
0.595
0.606
0.718
0.871
0.765
0.691
0.690
0.654
0.674
0.610
0.580
0.540
0.534
0.549
0.569
0.480
0.572
0.599
0.529
0.528
0.528
0.791
0.470
0.510
0.533
0.594
0.511
0.456
0.411
0.476
0.603
0.341
0.310
0.380
0.452
0.404
0.391
0.510
0.454
0.457
0.413
0.435
0.406
0.437
0.384
0.379
0.310
0.339
0.426
0.459
0.499
0.307
0.404
0.370
0.424
0.450
0.513
0.525
0.655
0.580
0.622
0.472
0.502
0.438
0.450
0.612
0.545
0.434
0.610
0.510
0.388
0.498
0.732
0.825
0.657
0.608
0.724
0.578
0.599
0.514
0.418
0.376
0.435
0.563
0.614
0.827
0.908
0.694
0.522
0.463
0.450
0.552
0.543
0.739
0.626
0.541
0.567
0.625
0.559
0.611
0.520
0.784
0.772
0.636
0.757
0.695
0.673
0.634
0.546
0.592
0.506
0.456
0.552
0.528
0.659
0.632
0.499
0.499
0.501
0.459
0.514
0.508
0.556
0.560
0.686
0.442
0.404
0.537
0.548
0.599
0.765
0.889
0.927
0.884
0.784
0.844
0.908
0.974
0.976
0.946
0.855
0.822
0.860
0.865
0.963
0.912
0.918
0.790
0.957
0.706
0.896
0.953
0.748
0.683
0.716
0.695
0.832
0.952
0.869
0.971
0.720
0.864
0.911
0.967
0.883
0.794
0.931
0.830
0.806
0.931
0.858
0.869
0.713
0.633
0.810
0.728
0.886
0.952
0.899
0.776
0.783
0.898
0.826
0.819
0.936
0.845
0.910
0.754
0.892
0.938
0.779
0.931
0.932
0.957
0.933
0.713
0.789
0.804
0.912
0.696
0.741
0.855
0.962
0.837
0.841
0.876
0.937
0.780
0.899
0.862
0.914
0.918
0.887
0.972
0.927
0.721
0.745
0.916
0.973
0.919
0.920
0.943
0.813
0.923
0.944
0.967
0.955
0.965
0.919
0.963
0.845
0.935
0.974
0.978
0.880
0.909
0.975
0.980
0.977
0.954
0.904
0.948
0.818
0.959
0.965
0.863
0.805
0.840
0.890
0.789
0.850
0.829
0.861
0.912
0.840
0.803
0.928
0.902
0.874
0.866
0.829
0.941
0.941
0.944
0.895
0.970
0.656
0.585
0.643
0.665
0.805
0.762
0.920
0.892
0.918
0.814
0.632
0.699
0.818
0.713
0.796
0.817
0.870
0.870
0.842
0.902
0.921
0.968
0.841
0.922
0.954
0.922
0.820
0.704
0.746
0.728
0.784
0.729
0.838
0.843
0.956
0.978
0.943
0.728
0.723
0.735
0.683
0.714
0.611
0.572
0.603
0.647
0.682
0.673
0.663
0.751
0.878
0.828
0.702
0.684
0.738
0.598
0.908
0.830
0.813
0.824
0.862
0.699
0.679
0.639
0.568
0.486
0.616
0.690
0.589
0.588
0.679
0.586
0.574
0.656
0.890
0.816
0.781
0.947
0.725
0.697
0.649
0.670
0.732
0.727
0.682
0.671
0.677
0.806
0.802
0.752
0.879
0.801
0.793
0.712
0.692
0.663
0.593
0.747
0.612
0.533
0.432
0.485
0.585
0.547
0.651
0.602
0.666
0.616
0.681
0.707
0.811
0.767
0.596
0.573
0.733
0.728
0.705
0.664
0.536
0.557
0.593
0.581
0.575
0.584
0.587
0.542
0.611
0.470
0.372
0.345
0.384
0.526
0.636
0.518
0.424
0.360
0.503
0.397
0.345
0.331
0.391
0.344
0.322
0.290
0.312
0.327
0.418
0.280
0.385
0.392
0.485
0.591
0.590
0.647
0.671
0.561
0.507
0.426
0.542
0.419
0.428
0.445
0.398
0.379
0.397
0.418
0.475
0.522
0.502
0.510
0.507
0.516
0.399
0.393
0.453
0.504
0.459
0.362
0.406
0.468
0.534
0.642
0.588
0.746
0.637
0.955
0.743
0.591
0.567
0.504
0.600
0.525
0.485
0.493
0.503
0.453
0.464
0.460
0.593
0.733
0.930
0.750
0.547
0.452
0.451
0.400
0.575
0.551
0.574
0.532
0.527
0.698
0.746
0.689
0.862
0.722
0.761
0.621
0.791
0.628
0.729
0.854
0.653
0.683
0.668
0.657
0.834
0.878
0.906
0.909
0.981
0.659
0.595
0.908
0.971
0.983
0.851
0.951
0.914
0.958
0.973
0.977
0.845
0.882
0.822
0.909
0.760
0.675
0.644
0.904
0.975
0.847
0.946
0.633
0.859
0.898
0.959
0.938
0.824
0.861
0.926
0.948
0.947
0.776
0.922
0.957
0.851
0.950
0.816
0.783
0.821
0.903
0.923
0.870
0.844
0.961
0.958
0.888
0.966
0.966
0.969
0.915
0.900
0.955
0.942
0.913
0.873
0.945
0.944
0.903
0.890
0.897
0.879
0.925
0.972
0.915
0.762
0.770
0.703
0.777
0.848
0.880
0.947
0.979
0.856
0.952
0.958
0.845
0.824
0.925
0.878
0.978
0.953
0.843
0.926
0.922
0.919
0.948
0.958
0.874
0.900
0.937
0.858
0.942
0.919
0.983
0.916
0.909
0.980
0.920
0.823
0.899
0.907
0.932
0.953
0.857
0.854
0.939
0.833
0.898
0.950
0.953
0.875
0.804
0.751
0.926
0.977
0.935
0.870
0.942
0.911
0.971
0.921
0.821
0.951
0.901
0.952
0.965
0.969
0.909
0.749
0.949
0.879
0.824
0.896
0.848
0.914
0.860
0.893
0.914
0.955
0.959
0.819
0.697
0.654
0.692
0.814
0.773
0.865
0.838
0.938
0.934
0.832
0.969
0.973
0.897
0.841
0.681
0.642
0.694
0.673
0.754
0.837
0.854
0.872
0.880
0.736
0.805
0.959
0.979
0.936
0.939
0.882
0.763
0.781
0.897
0.908
0.888
0.922
0.869
0.942
0.840
0.805
0.811
0.893
0.932
0.834
0.723
0.695
0.688
0.668
0.746
0.753
0.663
0.616
0.689
0.747
0.704
0.684
0.763
0.798
0.850
0.749
0.883
0.789
0.757
0.697
0.656
0.560
0.704
0.647
0.752
0.845
0.949
0.591
0.532
0.689
0.694
0.682
0.639
0.758
0.683
0.645
0.629
0.637
0.691
0.581
0.527
0.663
0.645
0.513
0.581
0.550
0.574
0.519
0.650
0.542
0.452
0.538
0.602
0.553
0.615
0.569
0.502
0.490
0.517
0.497
0.453
0.494
0.392
0.401
0.479
0.707
0.669
0.679
0.621
0.735
0.640
0.635
0.511
0.487
0.560
0.511
0.650
0.536
0.612
0.555
0.709
0.715
0.593
0.588
0.528
0.595
0.717
0.932
0.545
0.561
0.463
0.476
0.501
0.600
0.611
0.706
0.739
0.486
0.499
0.548
0.734
0.441
0.518
0.382
0.377
0.529
0.550
0.376
0.464
0.346
0.439
0.471
0.617
0.563
0.666
0.649
0.710
0.486
0.540
0.427
0.441
0.394
0.570
0.552
0.495
0.563
0.592
0.517
0.565
0.471
0.519
0.515
0.587
0.545
0.735
0.497
0.410
0.477
0.547
0.561
0.518
0.516
0.539
0.734
0.631
0.621
0.666
0.556
0.687
0.646
0.615
0.530
0.598
0.588
0.653
0.796
0.660
0.666
0.561
0.644
0.929
0.852
0.712
0.748
0.547
0.529
0.663
0.810
0.929
0.709
0.901
0.840
0.698
0.586
0.860
0.913
0.772
0.593
0.625
0.531
0.667
0.851
0.833
0.875
0.876
0.959
0.841
0.919
0.854
0.718
0.881
0.889
0.684
0.761
0.907
0.839
0.709
0.662
0.629
0.591
0.588
0.582
0.525
0.560
0.595
0.769
0.653
0.642
0.652
0.866
0.815
0.920
0.898
0.906
0.893
0.836
0.667
0.675
0.667
0.908
0.946
0.898
0.927
0.914
0.975
0.923
0.973
0.872
0.912
0.824
0.797
0.912
0.957
0.981
0.971
0.969
0.800
0.800
0.682
0.731
0.848
0.789
0.741
0.962
0.955
0.927
0.918
0.939
0.871
0.942
0.966
0.865
0.909
0.905
0.964
0.947
0.897
0.931
0.874
0.946
0.896
0.971
0.966
0.969
0.918
0.981
0.978
0.916
0.809
0.820
0.958
0.912
0.934
0.953
0.867
0.910
0.940
0.874
0.842
0.941
0.883
0.944
0.977
0.889
0.941
0.952
0.972
0.971
0.940
0.941
0.972
0.888
0.912
0.896
0.858
0.903
0.960
0.927
0.968
0.983
0.799
0.642
0.628
0.581
0.628
0.651
0.666
0.780
0.863
0.901
0.933
0.789
0.922
0.951
0.904
0.875
0.943
0.907
0.926
0.926
0.832
0.811
0.813
0.943
0.939
0.962
0.816
0.892
0.961
0.911
0.926
0.904
0.903
0.959
0.901
0.935
0.952
0.750
0.632
0.680
0.721
0.751
0.704
0.718
0.909
0.896
0.863
0.857
0.973
0.923
0.969
0.789
0.854
0.710
0.797
0.838
0.735
0.790
0.775
0.792
0.830
0.781
0.797
0.766
0.776
0.867
0.940
0.818
0.759
0.950
0.942
0.915
0.861
0.869
0.807
0.910
0.823
0.787
0.822
0.836
0.814
0.715
0.758
0.784
0.731
0.691
0.646
0.622
0.653
0.750
0.741
0.921
0.753
0.701
0.698
0.656
0.604
0.648
0.600
0.658
0.674
0.613
0.599
0.668
0.603
0.612
0.600
0.565
0.548
0.575
0.708
0.589
0.589
0.556
0.557
0.550
0.608
0.507
0.527
0.568
0.586
0.634
0.672
0.618
0.699
0.828
0.721
0.909
0.921
0.803
0.652
0.594
0.470
0.419
0.418
0.475
0.608
0.472
0.506
0.518
0.607
0.661
0.684
0.793
0.686
0.822
0.853
0.708
0.638
0.559
0.430
0.464
0.350
0.397
0.433
0.465
0.419
0.630
0.466
0.467
0.495
0.540
0.477
0.455
0.439
0.457
0.648
0.518
0.515
0.595
0.601
0.823
0.560
0.562
0.445
0.386
0.388
0.524
0.505
0.477
0.509
0.908
0.831
0.575
0.498
0.497
0.587
0.535
0.430
0.418
0.566
0.595
0.634
0.678
0.539
0.462
0.482
0.593
0.592
0.463
0.469
0.465
0.646
0.579
0.534
0.584
0.666
0.831
0.892
0.846
0.601
0.571
0.517
0.480
0.565
0.650
0.691
0.597
0.534
0.603
0.627
0.538
0.532
0.529
0.391
0.300
0.430
0.482
0.460
0.554
0.735
0.971
0.726
0.537
0.716
0.882
0.697
0.735
0.781
0.797
0.863
0.673
0.716
0.863
0.955
0.729
0.821
0.685
0.765
0.906
0.915
0.868
0.784
0.757
0.709
0.659
0.578
0.465
0.625
0.661
0.786
0.914
0.898
0.887
0.961
0.920
0.969
0.772
0.888
0.941
0.934
0.892
0.848
0.872
0.806
0.813
0.727
0.725
0.862
0.911
0.848
0.853
0.822
0.862
0.843
0.848
0.981
0.781
0.910
0.925
0.754
0.877
0.918
0.924
0.686
0.919
0.846
0.782
0.774
0.928
0.920
0.928
0.852
0.799
0.795
0.909
0.766
0.641
0.884
0.861
0.830
0.771
0.825
0.798
0.825
0.937
0.727
0.920
0.913
0.946
0.712
0.503
0.532
0.678
0.726
0.771
0.847
0.884
0.911
0.849
0.865
0.822
0.827
0.805
0.842
0.915
0.762
0.978
0.976
0.803
0.953
0.920
0.904
0.847
0.878
0.915
0.818
0.922
0.943
0.904
0.871
0.945
0.889
0.879
0.931
0.967
0.871
0.936
0.851
0.771
0.895
0.913
0.942
0.745
0.964
0.963
0.900
0.968
0.925
0.929
0.649
0.667
0.731
0.944
0.869
0.924
0.915
0.868
0.917
0.950
0.863
0.945
0.895
0.949
0.881
0.968
0.828
0.759
0.912
0.968
0.917
0.740
0.951
0.858
0.831
0.889
0.920
0.839
0.781
0.706
0.927
0.964
0.844
0.728
0.699
0.667
0.651
0.877
0.761
0.905
0.833
0.876
0.942
0.822
0.503
0.534
0.567
0.602
0.690
0.721
0.685
0.650
0.928
0.962
0.933
0.851
0.948
0.969
0.708
0.699
0.652
0.631
0.621
0.707
0.653
0.790
0.749
0.788
0.785
0.869
0.840
0.707
0.712
0.668
0.610
0.689
0.697
0.685
0.688
0.690
0.688
0.652
0.689
0.612
0.621
0.724
0.565
0.624
0.607
0.611
0.712
0.659
0.551
0.663
0.657
0.581
0.618
0.641
0.604
0.583
0.548
0.567
0.530
0.552
0.610
0.613
0.559
0.735
0.642
0.639
0.663
0.622
0.655
0.735
0.614
0.653
0.554
0.526
0.488
0.369
0.551
0.459
0.569
0.549
0.653
0.583
0.886
0.734
0.829
0.720
0.615
0.589
0.511
0.440
0.488
0.429
0.457
0.647
0.713
0.569
0.563
0.465
0.398
0.371
0.426
0.407
0.425
0.450
0.450
0.330
0.468
0.266
0.367
0.520
0.457
0.514
0.507
0.454
0.462
0.531
0.599
0.482
0.426
0.513
0.462
0.379
0.366
0.346
0.430
0.495
0.412
0.321
0.332
0.401
0.353
0.418
0.391
0.464
0.728
0.710
0.848
0.589
0.495
0.493
0.451
0.437
0.480
0.444
0.423
0.451
0.382
0.448
0.456
0.437
0.494
0.462
0.518
0.764
0.883
0.827
0.862
0.579
0.539
0.573
0.577
0.956
0.788
0.828
0.846
0.904
0.930
0.857
0.745
0.851
0.933
0.787
0.930
0.960
0.872
0.832
0.811
0.659
0.779
0.879
0.959
0.847
0.935
0.852
0.620
0.875
0.646
0.667
0.754
0.586
0.705
0.732
0.912
0.970
0.931
0.863
0.698
0.795
0.745
0.877
0.966
0.906
0.981
0.940
0.929
0.961
0.980
0.835
0.799
0.778
0.913
0.958
0.750
0.609
0.588
0.566
0.651
0.714
0.824
0.959
0.870
0.628
0.569
0.721
0.896
0.888
0.832
0.977
0.867
0.918
0.765
0.951
0.818
0.758
0.928
0.911
0.832
0.944
0.885
0.802
0.829
0.950
0.964
0.904
0.886
0.780
0.934
0.951
0.957
0.958
0.963
0.906
0.875
0.947
0.968
0.903
0.951
0.952
0.923
0.903
0.923
0.937
0.936
0.957
0.976
0.870
0.838
0.965
0.948
0.932
0.763
0.829
0.848
0.949
0.952
0.967
0.948
0.982
0.942
0.860
0.905
0.915
0.887
0.947
0.885
0.857
0.966
0.881
0.922
0.958
0.822
0.895
0.837
0.788
0.751
0.861
0.797
0.882
0.912
0.942
0.955
0.958
0.807
0.817
0.894
0.796
0.921
0.962
0.963
0.935
0.873
0.956
0.938
0.886
0.906
0.754
0.799
0.816
0.899
0.918
0.867
0.942
0.886
0.846
0.852
0.931
0.922
0.874
0.885
0.918
0.921
0.959
0.943
0.965
0.889
0.980
0.731
0.665
0.764
0.729
0.713
0.823
0.765
0.831
0.827
0.949
0.931
0.932
0.978
0.973
0.907
0.965
0.957
0.966
0.906
0.922
0.961
0.862
0.866
0.960
0.885
0.863
0.918
0.953
0.873
0.912
0.894
0.856
0.756
0.734
0.769
0.751
0.812
0.843
0.802
0.894
0.904
0.841
0.966
0.758
0.774
0.748
0.862
0.901
0.856
0.851
0.815
0.793
0.789
0.869
0.842
0.758
0.782
0.766
0.834
0.891
0.788
0.873
0.962
0.975
0.798
0.745
0.771
0.800
0.774
0.898
0.754
0.850
0.850
0.865
0.818
0.750
0.761
0.896
0.919
0.670
0.696
0.749
0.745
0.661
0.643
0.601
0.623
0.661
0.681
0.838
0.810
0.838
0.717
0.661
0.640
0.645
0.669
0.623
0.596
0.661
0.570
0.629
0.541
0.531
0.469
0.515
0.495
0.580
0.660
0.485
0.464
0.642
0.600
0.493
0.498
0.549
0.459
0.535
0.579
0.372
0.377
0.546
0.578
0.545
0.479
0.387
0.428
0.557
0.383
0.461
0.430
0.485
0.427
0.567
0.602
0.564
0.512
0.535
0.471
0.439
0.399
0.415
0.444
0.412
0.414
0.465
0.493
0.416
0.391
0.459
0.635
0.623
0.526
0.539
0.697
0.657
0.613
0.662
0.488
0.490
0.563
0.545
0.599
0.659
0.634
0.565
0.626
0.627
0.485
0.414
0.427
0.377
0.334
0.441
0.505
0.526
0.476
0.424
0.533
0.434
0.405
0.408
0.420
0.718
0.622
0.608
0.517
0.470
0.509
0.491
0.506
0.470
0.445
0.523
0.610
0.639
0.563
0.426
0.545
0.560
0.719
0.800
0.685
0.631
0.862
0.952
0.647
0.670
0.514
0.746
0.603
0.699
0.595
0.583
0.622
0.661
0.720
0.925
0.853
0.640
0.826
0.913
0.924
0.800
0.873
0.946
0.690
0.630
0.841
0.816
0.877
0.672
0.614
0.916
0.962
0.940
0.779
0.850
0.878
0.878
0.900
0.960
0.917
0.819
0.899
0.899
0.925
0.896
0.868
0.884
0.681
0.713
0.748
0.751
0.665
0.596
0.579
0.593
0.647
0.745
0.592
0.565
0.615
0.570
0.571
0.608
0.582
0.707
0.717
0.804
0.874
0.758
0.871
0.927
0.928
0.846
0.910
0.734
0.691
0.802
0.940
0.769
0.906
0.895
0.932
0.950
0.886
0.887
0.962
0.899
0.780
0.802
0.764
0.901
0.925
0.854
0.719
0.882
0.949
0.940
0.849
0.817
0.958
0.959
0.829
0.903
0.917
0.749
0.942
0.947
0.908
0.810
0.963
0.906
0.891
0.841
0.760
0.795
0.938
0.952
0.828
0.915
0.967
0.855
0.968
0.939
0.908
0.880
0.916
0.870
0.790
0.917
0.951
0.937
0.817
0.753
0.893
0.959
0.971
0.756
0.916
0.908
0.956
0.751
0.726
0.950
0.925
0.884
0.836
0.937
0.814
0.801
0.902
0.869
0.923
0.843
0.926
0.941
0.827
0.754
0.748
0.828
0.786
0.934
0.966
0.842
0.923
0.968
0.766
0.695
0.740
0.788
0.853
0.956
0.861
0.915
0.856
0.924
0.811
0.842
0.945
0.961
0.947
0.821
0.967
0.818
0.746
0.770
0.829
0.797
0.705
0.898
0.865
0.773
0.750
0.872
0.820
0.712
0.683
0.714
0.693
0.675
0.727
0.695
0.735
0.738
0.788
0.777
0.786
0.706
0.597
0.662
0.829
0.759
0.727
0.963
0.751
0.702
0.667
0.603
0.602
0.596
0.604
0.652
0.712
0.781
0.913
0.885
0.881
0.770
0.738
0.772
0.672
0.631
0.675
0.697
0.654
0.689
0.646
0.661
0.635
0.643
0.734
0.766
0.654
0.664
0.584
0.627
0.685
0.716
0.803
0.703
0.532
0.532
0.617
0.684
0.575
0.657
0.635
0.685
0.613
0.620
0.882
0.609
0.524
0.463
0.507
0.485
0.519
0.459
0.502
0.543
0.595
0.639
0.623
0.516
0.507
0.618
0.715
0.639
0.872
0.677
0.604
0.483
0.540
0.572
0.506
0.511
0.529
0.450
0.400
0.407
0.429
0.508
0.434
0.445
0.489
0.426
0.421
0.457
0.414
0.547
0.345
0.318
0.349
0.374
0.427
0.394
0.402
0.373
0.404
0.415
0.390
0.415
0.442
0.433
0.531
0.580
0.569
0.482
0.498
0.458
0.488
0.570
0.512
0.551
0.475
0.371
0.314
0.400
0.464
0.497
0.610
0.373
0.391
0.432
0.534
0.610
0.683
0.553
0.607
0.543
0.484
0.455
0.422
0.405
0.512
0.512
0.492
0.468
0.378
0.517
0.524
0.471
0.563
0.572
0.623
0.645
0.580
0.555
0.618
0.567
0.554
0.536
0.601
0.665
0.567
0.668
0.714
0.738
0.713
0.562
0.541
0.510
0.546
0.462
0.476
0.554
0.615
0.554
0.458
0.429
0.527
0.667
0.674
0.755
0.696
0.634
0.504
0.564
0.601
0.562
0.594
0.615
0.502
0.523
0.473
0.466
0.683
0.574
0.598
0.548
0.503
0.482
0.562
0.623
0.566
0.559
0.559
0.762
0.491
0.491
0.461
0.472
0.689
0.619
0.535
0.524
0.502
0.740
0.922
0.658
0.645
0.649
0.623
0.592
0.648
0.493
0.626
0.856
0.671
0.578
0.822
0.917
0.853
0.968
0.937
0.875
0.957
0.968
0.979
0.905
0.980
0.968
0.916
0.917
0.839
0.885
0.876
0.940
0.803
0.806
0.759
0.728
0.693
0.837
0.768
0.675
0.682
0.928
0.867
0.750
0.899
0.818
0.876
0.847
0.961
0.867
0.938
0.912
0.753
0.901
0.852
0.923
0.976
0.922
0.904
0.934
0.918
0.940
0.833
0.964
0.962
0.859
0.975
0.972
0.871
0.833
0.887
0.937
0.903
0.925
0.886
0.851
0.688
0.663
0.862
0.786
0.915
0.834
0.945
0.962
0.951
0.966
0.809
0.947
0.836
0.957
0.969
0.976
0.923
0.975
0.855
0.741
0.912
0.898
0.964
0.848
0.895
0.849
0.960
0.883
0.781
0.896
0.865
0.792
0.832
0.689
0.814
0.748
0.641
0.632
0.787
0.737
0.682
0.768
0.917
0.967
0.969
0.804
0.705
0.715
0.765
0.939
0.794
0.806
0.869
0.807
0.767
0.675
0.716
0.791
0.738
0.855
0.978
0.905
0.961
0.882
0.758
0.733
0.897
0.781
0.765
0.768
0.806
0.771
0.739
0.727
0.687
0.825
0.818
0.951
0.832
0.818
0.700
0.675
0.748
0.804
0.725
0.711
0.762
0.762
0.885
0.814
0.776
0.747
0.666
0.571
0.650
0.639
0.689
0.729
0.656
0.628
0.640
0.551
0.500
0.573
0.572
0.608
0.643
0.510
0.569
0.640
0.540
0.529
0.598
0.655
0.697
0.711
0.645
0.770
0.674
0.659
0.682
0.654
0.626
0.693
0.642
0.581
0.590
0.635
0.703
0.664
0.662
0.649
0.687
0.608
0.679
0.666
0.614
0.724
0.496
0.588
0.584
0.539
0.648
0.593
0.477
0.548
0.459
0.497
0.466
0.451
0.441
0.324
0.326
0.350
0.389
0.399
0.529
0.520
0.601
0.468
0.431
0.405
0.331
0.341
0.367
0.378
0.531
0.506
0.465
0.510
0.557
0.421
0.547
0.516
0.485
0.556
0.471
0.559
0.698
0.480
0.450
0.463
0.610
0.543
0.554
0.617
0.621
0.611
0.601
0.502
0.491
0.487
0.434
0.476
0.490
0.540
0.551
0.576
0.545
0.573
0.588
0.490
0.543
0.432
0.498
0.613
0.578
0.616
0.584
0.519
0.448
0.490
0.523
0.495
0.689
0.534
0.593
0.557
0.656
0.640
0.672
0.887
0.765
0.688
0.568
0.615
0.601
0.878
0.605
0.654
0.691
0.672
0.921
0.850
0.848
0.751
0.827
0.948
0.658
0.645
0.869
0.734
0.536
0.571
0.853
0.876
0.749
0.558
0.622
0.934
0.749
0.877
0.949
0.879
0.764
0.762
0.650
0.691
0.917
0.756
0.722
0.636
0.916
0.919
0.981
0.948
0.789
0.899
0.806
0.648
0.626
0.874
0.948
0.852
0.872
0.801
0.946
0.941
0.977
0.905
0.929
0.887
0.964
0.877
0.917
0.969
0.981
0.878
0.790
0.664
0.822
0.956
0.881
0.907
0.967
0.898
0.958
0.869
0.726
0.684
0.614
0.682
0.900
0.827
0.704
0.633
0.539
0.622
0.620
0.604
0.711
0.963
0.958
0.785
0.655
0.712
0.797
0.727
0.913
0.838
0.882
0.912
0.945
0.897
0.957
0.970
0.950
0.841
0.678
0.831
0.908
0.947
0.877
0.964
0.891
0.970
0.961
0.914
0.948
0.855
0.955
0.921
0.901
0.949
0.855
0.890
0.928
0.831
0.900
0.925
0.828
0.702
0.799
0.860
0.949
0.866
0.957
0.918
0.968
0.852
0.935
0.964
0.972
0.870
0.732
0.939
0.904
0.917
0.820
0.899
0.940
0.915
0.889
0.826
0.924
0.812
0.914
0.870
0.860
0.961
0.958
0.916
0.821
0.924
0.890
0.884
0.739
0.836
0.791
0.864
0.859
0.882
0.834
0.838
0.784
0.857
0.948
0.950
0.916
0.873
0.862
0.840
0.911
0.960
0.884
0.955
0.913
0.918
0.825
0.826
0.913
0.974
0.805
0.863
0.902
0.922
0.784
0.703
0.746
0.942
0.872
0.843
0.804
0.905
0.802
0.675
0.749
0.927
0.849
0.813
0.791
0.710
0.784
0.928
0.822
0.950
0.792
0.772
0.730
0.736
0.773
0.709
0.748
0.850
0.878
0.921
0.909
0.807
0.848
0.745
0.728
0.741
0.720
0.751
0.844
0.810
0.824
0.793
0.759
0.769
0.740
0.742
0.691
0.638
0.698
0.615
0.610
0.541
0.550
0.591
0.543
0.618
0.499
0.530
0.626
0.664
0.661
0.586
0.681
0.598
0.886
0.652
0.854
0.765
0.725
0.706
0.714
0.658
0.580
0.590
0.637
0.612
0.608
0.653
0.617
0.589
0.524
0.576
0.589
0.618
0.727
0.791
0.629
0.594
0.602
0.543
0.596
0.565
0.501
0.698
0.568
0.529
0.485
0.469
0.501
0.370
0.426
0.393
0.438
0.418
0.432
0.602
0.490
0.562
0.536
0.535
0.488
0.697
0.612
0.512
0.498
0.526
0.527
0.479
0.534
0.630
0.594
0.706
0.575
0.478
0.416
0.459
0.503
0.447
0.456
0.491
0.620
0.650
0.502
0.518
0.536
0.579
0.487
0.525
0.531
0.582
0.659
0.590
0.546
0.491
0.482
0.445
0.461
0.419
0.436
0.603
0.543
0.653
0.857
0.751
0.722
0.648
0.482
0.533
0.667
0.664
0.834
0.669
0.681
0.640
0.664
0.609
0.663
0.706
0.728
0.738
0.726
0.685
0.600
0.905
0.615
0.790
0.669
0.829
0.657
0.956
0.923
0.832
0.963
0.876
0.809
0.806
0.694
0.750
0.520
0.449
0.471
0.764
0.789
0.819
0.939
0.904
0.739
0.832
0.859
0.707
0.735
0.679
0.810
0.855
0.656
0.636
0.625
0.548
0.641
0.609
0.694
0.840
0.688
0.656
0.745
0.770
0.720
0.844
0.849
0.785
0.639
0.693
0.841
0.961
0.874
0.844
0.793
0.897
0.928
0.954
0.855
0.959
0.907
0.930
0.961
0.865
0.922
0.922
0.924
0.906
0.810
0.727
0.845
0.730
0.661
0.734
0.706
0.604
0.643
0.645
0.641
0.567
0.617
0.677
0.702
0.838
0.832
0.723
0.723
0.907
0.717
0.828
0.922
0.923
0.829
0.890
0.728
0.898
0.874
0.730
0.771
0.924
0.904
0.844
0.733
0.869
0.936
0.961
0.848
0.827
0.910
0.950
0.922
0.972
0.851
0.928
0.891
0.851
0.959
0.914
0.917
0.944
0.908
0.936
0.916
0.923
0.967
0.747
0.677
0.808
0.941
0.935
0.838
0.974
0.904
0.961
0.941
0.903
0.969
0.949
0.933
0.865
0.884
0.898
0.905
0.951
0.858
0.945
0.933
0.969
0.860
0.950
0.940
0.969
0.885
0.751
0.640
0.630
0.675
0.818
0.916
0.954
0.863
0.878
0.918
0.867
0.798
0.963
0.968
0.972
0.905
0.900
0.946
0.941
0.919
0.742
0.655
0.650
0.649
0.753
0.736
0.713
0.955
0.916
0.788
0.951
0.783
0.864
0.883
0.900
0.767
0.782
0.806
0.932
0.958
0.866
0.910
0.853
0.962
0.857
0.591
0.622
0.699
0.745
0.854
0.856
0.875
0.799
0.788
0.777
0.706
0.704
0.676
0.682
0.688
0.709
0.789
0.787
0.904
0.955
0.952
0.958
0.852
0.917
0.896
0.834
0.800
0.897
0.948
0.868
0.871
0.899
0.861
0.807
0.798
0.775
0.732
0.683
0.725
0.670
0.658
0.690
0.745
0.748
0.688
0.793
0.696
0.822
0.830
0.777
0.705
0.776
0.790
0.772
0.721
0.635
0.569
0.664
0.614
0.640
0.663
0.719
0.716
0.788
0.693
0.655
0.580
0.609
0.632
0.623
0.570
0.512
0.516
0.552
0.567
0.685
0.571
0.530
0.520
0.554
0.593
0.597
0.538
0.506
0.475
0.571
0.515
0.523
0.566
0.585
0.595
0.621
0.783
0.843
0.910
0.685
0.646
0.554
0.527
0.482
0.510
0.605
0.513
0.610
0.561
0.587
0.440
0.592
0.708
0.848
0.783
0.422
0.401
0.317
0.357
0.410
0.543
0.438
0.448
0.432
0.577
0.575
0.515
0.588
0.640
0.776
0.691
0.486
0.583
0.452
0.408
0.420
0.401
0.467
0.430
0.544
0.635
0.724
0.793
0.617
0.486
0.564
0.593
0.744
0.829
0.936
0.760
0.718
0.652
0.824
0.689
0.886
0.904
0.878
0.770
0.751
0.813
0.898
0.653
0.502
0.458
0.375
0.333
0.538
0.520
0.652
0.586
0.580
0.588
0.528
0.567
0.610
0.534
0.551
0.962
0.661
0.640
0.935
0.961
0.974
0.753
0.631
0.713
0.846
0.793
0.610
0.569
0.724
0.727
0.651
0.925
0.957
0.813
0.753
0.581
0.593
0.667
0.948
0.727
0.557
0.850
0.723
0.930
0.854
0.769
0.674
0.677
0.737
0.947
0.758
0.876
0.954
0.966
0.870
0.818
0.704
0.678
0.701
0.783
0.972
0.935
0.924
0.813
0.892
0.941
0.732
0.955
0.714
0.677
0.650
0.817
0.780
0.878
0.764
0.659
0.722
0.909
0.950
0.845
0.929
0.874
0.856
0.942
0.788
0.933
0.932
0.939
0.825
0.885
0.965
0.940
0.961
0.854
0.959
0.921
0.717
0.765
0.718
0.837
0.786
0.919
0.941
0.818
0.717
0.731
0.743
0.625
0.647
0.771
0.795
0.839
0.770
0.812
0.809
0.942
0.944
0.975
0.914
0.911
0.918
0.834
0.733
0.806
0.902
0.963
0.958
0.946
0.965
0.879
0.972
0.813
0.706
0.593
0.577
0.571
0.663
0.833
0.741
0.890
0.790
0.816
0.711
0.903
0.963
0.835
0.819
0.835
0.884
0.958
0.827
0.846
0.865
0.952
0.923
0.951
0.945
0.868
0.867
0.965
0.959
0.946
0.977
0.915
0.920
0.806
0.872
0.949
0.906
0.905
0.948
0.965
0.887
0.852
0.891
0.955
0.839
0.824
0.909
0.900
0.972
0.911
0.864
0.889
0.934
0.943
0.952
0.926
0.958
0.958
0.959
0.874
0.961
0.943
0.884
0.976
0.781
0.781
0.817
0.771
0.861
0.967
0.846
0.888
0.965
0.875
0.823
0.750
0.732
0.748
0.734
0.707
0.681
0.732
0.948
0.778
0.778
0.713
0.796
0.784
0.769
0.746
0.766
0.812
0.922
0.914
0.937
0.772
0.748
0.776
0.714
0.822
0.864
0.820
0.758
0.762
0.762
0.753
0.958
0.854
0.831
0.849
0.880
0.816
0.721
0.749
0.741
0.723
0.692
0.627
0.727
0.801
0.803
0.778
0.780
0.799
0.771
0.735
0.668
0.747
0.749
0.707
0.809
0.897
0.716
0.636
0.755
0.784
0.619
0.628
0.704
0.743
0.911
0.741
0.664
0.704
0.873
0.890
0.948
0.743
0.673
0.767
0.671
0.615
0.644
0.715
0.753
0.685
0.620
0.616
0.611
0.612
0.552
0.586
0.552
0.581
0.590
0.565
0.554
0.877
0.439
0.520
0.498
0.557
0.496
0.505
0.519
0.572
0.825
0.717
0.654
0.664
0.512
0.529
0.631
0.726
0.698
0.572
0.604
0.662
0.628
0.673
0.625
0.547
0.640
0.572
0.637
0.547
0.600
0.729
0.643
0.761
0.697
0.523
0.357
0.350
0.313
0.337
0.392
0.512
0.621
0.510
0.560
0.577
0.537
0.470
0.529
0.548
0.562
0.538
0.664
0.539
0.684
0.797
0.825
0.745
0.921
0.752
0.661
0.579
0.500
0.593
0.828
0.768
0.906
0.936
0.757
0.803
0.730
0.618
0.583
0.584
0.569
0.850
0.628
0.717
0.555
0.557
0.512
0.562
0.752
0.929
0.708
0.739
0.891
0.935
0.815
0.896
0.765
0.925
0.881
0.973
0.673
0.636
0.625
0.605
0.865
0.732
0.903
0.952
0.894
0.892
0.917
0.889
0.977
0.893
0.707
0.836
0.899
0.806
0.785
0.686
0.689
0.809
0.837
0.738
0.850
0.937
0.814
0.897
0.835
0.698
0.721
0.724
0.898
0.896
0.803
0.772
0.852
0.872
0.811
0.869
0.832
0.925
0.904
0.890
0.814
0.857
0.937
0.939
0.980
0.945
0.882
0.890
0.841
0.921
0.807
0.893
0.963
0.899
0.805
0.746
0.879
0.751
0.719
0.790
0.818
0.802
0.855
0.728
0.681
0.888
0.979
0.723
0.800
0.884
0.880
0.780
0.886
0.721
0.753
0.845
0.780
0.847
0.939
0.913
0.862
0.956
0.769
0.716
0.714
0.722
0.880
0.752
0.847
0.981
0.972
0.829
0.887
0.977
0.934
0.886
0.890
0.947
0.759
0.758
0.966
0.912
0.845
0.922
0.914
0.966
0.945
0.896
0.930
0.964
0.968
0.945
0.767
0.746
0.850
0.831
0.904
0.844
0.919
0.949
0.855
0.735
0.827
0.882
0.973
0.869
0.887
0.915
0.831
0.969
0.902
0.888
0.929
0.774
0.766
0.963
0.911
0.852
0.951
0.941
0.925
0.803
0.813
0.968
0.882
0.775
0.887
0.862
0.935
0.867
0.749
0.876
0.886
0.700
0.787
0.735
0.793
0.845
0.903
0.887
0.948
0.858
0.919
0.968
0.959
0.889
0.739
0.771
0.805
0.728
0.702
0.703
0.766
0.708
0.778
0.875
0.902
0.924
0.821
0.863
0.749
0.844
0.746
0.663
0.692
0.764
0.744
0.734
0.688
0.824
0.926
0.901
0.727
0.671
0.764
0.938
0.871
0.784
0.796
0.828
0.805
0.738
0.757
0.716
0.861
0.749
0.667
0.651
0.715
0.656
0.714
0.724
0.757
0.689
0.807
0.768
0.615
0.596
0.597
0.709
0.633
0.797
0.722
0.656
0.752
0.633
0.614
0.704
0.728
0.733
0.767
0.637
0.675
0.652
0.622
0.604
0.760
0.484
0.506
0.563
0.514
0.587
0.628
0.723
0.618
0.533
0.617
0.750
0.843
0.678
0.704
0.621
0.574
0.566
0.565
0.550
0.605
0.625
0.538
0.538
0.459
0.591
0.535
0.511
0.500
0.727
0.695
0.699
0.582
0.487
0.415
0.371
0.378
0.531
0.672
0.428
0.466
0.497
0.440
0.478
0.672
0.615
0.653
0.558
0.450
0.518
0.544
0.601
0.518
0.467
0.481
0.437
0.498
0.537
0.439
0.501
0.501
0.459
0.459
0.671
0.478
0.643
0.635
0.539
0.583
0.542
0.531
0.519
0.493
0.391
0.324
0.361
0.383
0.442
0.425
0.438
0.385
0.422
0.832
0.570
0.569
0.456
0.720
0.717
0.578
0.464
0.419
0.437
0.541
0.562
0.624
0.676
0.634
0.530
0.545
0.507
0.656
0.887
0.853
0.631
0.870
0.748
0.591
0.562
0.568
0.539
0.603
0.866
0.808
0.852
0.602
0.632
0.696
0.876
0.652
0.593
0.582
0.784
0.696
0.634
0.818
0.952
0.679
0.731
0.764
0.746
0.836
0.720
0.682
0.716
0.814
0.918
0.890
0.948
0.785
0.828
0.912
0.756
0.854
0.894
0.755
0.731
0.674
0.650
0.921
0.969
0.882
0.760
0.837
0.731
0.887
0.938
0.935
0.868
0.863
0.690
0.775
0.736
0.687
0.915
0.883
0.975
0.849
0.943
0.947
0.847
0.948
0.804
0.937
0.932
0.954
0.839
0.884
0.884
0.691
0.653
0.672
0.713
0.851
0.931
0.793
0.696
0.713
0.715
0.709
0.915
0.915
0.968
0.972
0.982
0.877
0.979
0.967
0.912
0.923
0.967
0.973
0.864
0.887
0.954
0.949
0.911
0.928
0.906
0.906
0.853
0.944
0.898
0.923
0.945
0.931
0.920
0.857
0.919
0.872
0.970
0.977
0.786
0.966
0.966
0.936
0.846
0.882
0.956
0.923
0.914
0.974
0.889
0.792
0.923
0.971
0.920
0.877
0.951
0.939
0.916
0.930
0.917
0.906
0.880
0.777
0.900
0.918
0.866
0.967
0.920
0.904
0.955
0.931
0.877
0.932
0.917
0.906
0.949
0.923
0.945
0.958
0.851
0.938
0.971
0.975
0.857
0.955
0.856
0.903
0.978
0.915
0.954
0.897
0.956
0.920
0.944
0.925
0.966
0.887
0.937
0.944
0.893
0.949
0.957
0.978
0.819
0.716
0.729
0.732
0.769
0.824
0.826
0.820
0.859
0.816
0.699
0.642
0.662
0.725
0.608
0.615
0.610
0.642
0.632
0.676
0.645
0.603
0.535
0.549
0.560
0.543
0.562
0.590
0.632
0.714
0.701
0.639
0.779
0.729
0.873
0.901
0.888
0.697
0.730
0.737
0.743
0.689
0.732
0.728
0.909
0.934
0.739
0.764
0.738
0.827
0.871
0.946
0.779
0.741
0.764
0.880
0.821
0.841
0.881
0.690
0.604
0.721
0.702
0.664
0.685
0.754
0.750
0.740
0.681
0.615
0.614
0.654
0.711
0.722
0.722
0.663
0.577
0.526
0.537
0.582
0.648
0.571
0.573
0.603
0.581
0.640
0.565
0.627
0.617
0.746
0.589
0.550
0.589
0.565
0.580
0.573
0.624
0.704
0.634
0.646
0.647
0.576
0.591
0.555
0.694
0.532
0.572
0.664
0.702
0.534
0.636
0.464
0.584
0.585
0.593
0.724
0.583
0.572
0.529
0.487
0.563
0.530
0.679
0.728
0.546
0.488
0.511
0.370
0.369
0.397
0.411
0.493
0.484
0.704
0.924
0.618
0.550
0.605
0.583
0.572
0.769
0.403
0.393
0.412
0.419
0.492
0.649
0.630
0.662
0.657
0.649
0.508
0.542
0.510
0.491
0.598
0.535
0.528
0.692
0.761
0.795
0.687
0.514
0.512
0.559
0.712
0.559
0.562
0.725
0.733
0.744
0.730
0.907
0.618
0.724
0.747
0.696
0.861
0.916
0.779
0.765
0.740
0.960
0.813
0.933
0.730
0.961
0.927
0.733
0.642
0.587
0.648
0.594
0.593
0.626
0.865
0.680
0.875
0.630
0.917
0.851
0.831
0.760
0.695
0.973
0.900
0.787
0.892
0.718
0.524
0.483
0.493
0.541
0.538
0.731
0.817
0.724
0.806
0.662
0.716
0.849
0.954
0.935
0.880
0.933
0.741
0.891
0.952
0.885
0.944
0.906
0.829
0.958
0.974
0.861
0.959
0.951
0.887
0.957
0.902
0.860
0.780
0.871
0.927
0.897
0.968
0.836
0.935
0.905
0.909
0.675
0.777
0.838
0.882
0.939
0.897
0.886
0.936
0.937
0.873
0.950
0.890
0.696
0.661
0.776
0.811
0.931
0.917
0.852
0.826
0.819
0.773
0.908
0.939
0.949
0.866
0.767
0.942
0.815
0.977
0.917
0.770
0.778
0.858
0.873
0.861
0.725
0.845
0.756
0.690
0.672
0.768
0.938
0.731
0.744
0.587
0.613
0.801
0.814
0.811
0.968
0.971
0.842
0.841
0.908
0.955
0.764
0.720
0.872
0.963
0.939
0.806
0.910
0.944
0.959
0.936
0.783
0.777
0.938
0.927
0.896
0.850
0.959
0.941
0.976
0.897
0.899
0.879
0.883
0.946
0.877
0.743
0.832
0.907
0.922
0.948
0.894
0.579
0.701
0.925
0.947
0.835
0.829
0.891
0.944
0.963
0.896
0.853
0.928
0.967
0.845
0.726
0.939
0.959
0.896
0.843
0.952
0.980
0.798
0.927
0.896
0.817
0.813
0.921
0.911
0.954
0.744
0.932
0.857
0.836
0.805
0.940
0.866
0.940
0.879
0.968
0.788
0.645
0.657
0.728
0.902
0.861
0.835
0.904
0.885
0.845
0.959
0.902
0.648
0.631
0.677
0.726
0.659
0.705
0.748
0.926
0.884
0.941
0.947
0.828
0.823
0.886
0.765
0.666
0.726
0.717
0.751
0.811
0.752
0.752
0.738
0.810
0.797
0.703
0.623
0.668
0.650
0.653
0.678
0.711
0.678
0.611
0.710
0.708
0.685
0.634
0.699
0.631
0.672
0.603
0.643
0.629
0.600
0.702
0.658
0.703
0.579
0.617
0.586
0.540
0.575
0.637
0.557
0.528
0.662
0.644
0.675
0.685
0.642
0.820
0.884
0.691
0.714
0.618
0.671
0.698
0.760
0.847
0.865
0.732
0.661
0.644
0.637
0.684
0.756
0.780
0.487
0.437
0.386
0.454
0.554
0.584
0.523
0.576
0.471
0.496
0.561
0.557
0.467
0.464
0.528
0.725
0.537
0.515
0.497
0.422
0.509
0.547
0.442
0.400
0.380
0.395
0.487
0.396
0.404
0.480
0.470
0.606
0.699
0.747
0.588
0.473
0.458
0.514
0.525
0.538
0.705
0.736
0.669
0.667
0.536
0.571
0.566
0.550
0.551
0.527
0.590
0.512
0.532
0.486
0.544
0.560
0.779
0.564
0.498
0.541
0.455
0.432
0.424
0.380
0.657
0.442
0.435
0.480
0.407
0.432
0.533
0.694
0.650
0.907
0.688
0.650
0.722
0.791
0.949
0.843
0.979
0.914
0.936
0.893
0.956
0.936
0.910
0.866
0.809
0.868
0.752
0.778
0.892
0.913
0.897
0.844
0.598
0.489
0.805
0.912
0.939
0.941
0.850
0.884
0.837
0.756
0.672
0.789
0.835
0.870
0.902
0.936
0.857
0.856
0.758
0.735
0.981
0.883
0.881
0.746
0.862
0.945
0.873
0.834
0.729
0.857
0.757
0.809
0.930
0.844
0.886
0.966
0.820
0.680
0.651
0.887
0.843
0.971
0.933
0.957
0.955
0.962
0.969
0.976
0.942
0.980
0.883
0.708
0.913
0.786
0.819
0.920
0.880
0.946
0.940
0.924
0.881
0.854
0.957
0.931
0.887
0.785
0.869
0.937
0.857
0.856
0.922
0.958
0.962
0.971
0.961
0.937
0.969
0.902
0.888
0.947
0.918
0.901
0.916
0.890
0.932
0.947
0.846
0.931
0.786
0.928
0.974
0.970
0.979
0.945
0.845
0.975
0.945
0.915
0.912
0.920
0.952
0.870
0.944
0.948
0.979
0.851
0.851
0.883
0.956
0.925
0.928
0.976
0.935
0.917
0.915
0.952
0.875
0.867
0.910
0.915
0.905
0.851
0.851
0.875
0.917
0.944
0.943
0.971
0.968
0.954
0.978
0.971
0.958
0.978
0.962
0.943
0.851
0.691
0.860
0.879
0.965
0.953
0.955
0.965
0.963
0.954
0.916
0.881
0.960
0.923
0.911
0.944
0.935
0.956
0.980
0.982
0.968
0.840
0.700
0.891
0.875
0.907
0.927
0.873
0.769
0.890
0.845
0.977
0.856
0.819
0.833
0.829
0.892
0.963
0.929
0.947
0.875
0.956
0.968
0.923
0.913
0.801
0.812
0.852
0.783
0.517
0.608
0.707
0.723
0.715
0.715
0.915
0.950
0.973
0.891
0.832
0.844
0.760
0.820
0.721
0.847
0.777
0.839
0.846
0.809
0.789
0.846
0.851
0.887
0.893
0.948
0.866
0.976
0.777
0.732
0.755
0.745
0.637
0.662
0.655
0.690
0.740
0.803
0.883
0.859
0.882
0.847
0.736
0.756
0.877
0.702
0.682
0.604
0.619
0.697
0.843
0.704
0.689
0.696
0.735
0.637
0.627
0.614
0.696
0.621
0.608
0.577
0.594
0.636
0.593
0.679
0.731
0.749
0.878
0.768
0.738
0.695
0.758
0.680
0.732
0.738
0.617
0.596
0.562
0.601
0.703
0.718
0.746
0.839
0.738
0.629
0.648
0.599
0.668
0.779
0.732
0.647
0.749
0.877
0.708
0.799
0.661
0.702
0.902
0.688
0.635
0.583
0.659
0.557
0.591
0.584
0.535
0.461
0.639
0.692
0.792
0.767
0.459
0.446
0.502
0.524
0.578
0.529
0.646
0.450
0.397
0.441
0.426
0.547
0.823
0.893
0.952
0.912
0.654
0.509
0.549
0.611
0.599
0.548
0.597
0.466
0.385
0.363
0.488
0.528
0.671
0.871
0.495
0.558
0.543
0.591
0.753
0.666
0.621
0.577
0.611
0.585
0.505
0.514
0.585
0.829
0.895
0.710
0.548
0.445
0.504
0.601
0.897
0.785
0.730
0.751
0.714
0.729
0.896
0.923
0.859
0.816
0.841
0.819
0.796
0.709
0.953
0.906
0.827
0.916
0.831
0.652
0.904
0.946
0.959
0.827
0.584
0.609
0.701
0.825
0.633
0.725
0.677
0.837
0.953
0.833
0.795
0.935
0.920
0.755
0.707
0.694
0.564
0.680
0.880
0.873
0.736
0.833
0.884
0.883
0.947
0.843
0.968
0.966
0.976
0.985
0.727
0.662
0.703
0.851
0.947
0.934
0.933
0.973
0.742
0.947
0.978
0.980
0.924
0.876
0.868
0.862
0.813
0.902
0.883
0.827
0.789
0.912
0.913
0.851
0.928
0.963
0.950
0.958
0.943
0.940
0.899
0.845
0.841
0.880
0.974
0.922
0.916
0.974
0.952
0.921
0.888
0.939
0.924
0.880
0.968
0.906
0.949
0.837
0.720
0.744
0.680
0.891
0.946
0.920
0.982
0.957
0.947
0.938
0.926
0.870
0.902
0.940
0.925
0.838
0.903
0.923
0.967
0.963
0.982
0.910
0.840
0.864
0.940
0.943
0.975
0.860
0.829
0.949
0.971
0.916
0.932
0.936
0.966
0.927
0.851
0.892
0.964
0.958
0.881
0.970
0.952
0.904
0.911
0.933
0.853
0.967
0.972
0.963
0.981
0.979
0.845
0.877
0.837
0.967
0.980
0.977
0.967
0.874
0.948
0.894
0.977
0.878
0.969
0.968
0.958
0.845
0.858
0.975
0.850
0.935
0.849
0.851
0.949
0.935
0.971
0.978
0.961
0.925
0.902
0.963
0.969
0.877
0.830
0.874
0.843
0.935
0.975
0.975
0.942
0.849
0.950
0.950
0.878
0.925
0.824
0.906
0.960
0.900
0.845
0.811
0.896
0.964
0.970
0.964
0.971
0.824
0.812
0.932
0.885
0.872
0.946
0.949
0.984
0.974
0.904
0.950
0.845
0.789
0.814
0.921
0.913
0.923
0.925
0.915
0.906
0.953
0.972
0.909
0.955
0.806
0.647
0.722
0.707
0.701
0.680
0.693
0.820
0.829
0.936
0.797
0.648
0.726
0.716
0.895
0.908
0.960
0.800
0.856
0.810
0.762
0.950
0.918
0.951
0.833
0.782
0.743
0.708
0.711
0.743
0.764
0.915
0.892
0.895
0.888
0.868
0.781
0.842
0.727
0.678
0.856
0.840
0.848
0.729
0.723
0.588
0.566
0.607
0.632
0.684
0.676
0.811
0.897
0.730
0.691
0.822
0.692
0.666
0.811
0.713
0.723
0.714
0.969
0.739
0.592
0.549
0.691
0.601
0.659
0.707
0.542
0.548
0.657
0.560
0.497
0.556
0.608
0.630
0.672
0.625
0.872
0.667
0.663
0.659
0.875
0.856
0.807
0.679
0.524
0.608
0.676
0.680
0.620
0.877
0.720
0.655
0.576
0.481
0.405
0.448
0.735
0.594
0.560
0.512
0.455
0.567
0.621
0.686
0.621
0.644
0.843
0.866
0.818
0.893
0.867
0.668
0.649
0.601
0.670
0.837
0.680
0.619
0.599
0.568
0.578
0.620
0.700
0.827
0.940
0.747
0.673
0.547
0.639
0.828
0.855
0.883
0.857
0.906
0.960
0.699
0.622
0.912
0.840
0.957
0.949
0.843
0.785
0.762
0.875
0.958
0.680
0.607
0.643
0.593
0.779
0.900
0.961
0.951
0.945
0.958
0.952
0.843
0.842
0.861
0.836
0.615
0.678
0.926
0.954
0.945
0.632
0.648
0.862
0.948
0.958
0.870
0.804
0.916
0.894
0.981
0.878
0.824
0.872
0.947
0.951
0.920
0.955
0.880
0.953
0.969
0.974
0.916
0.966
0.969
0.934
0.874
0.829
0.864
0.966
0.897
0.937
0.826
0.935
0.961
0.964
0.980
0.940
0.976
0.909
0.930
0.949
0.894
0.784
0.749
0.719
0.717
0.935
0.938
0.839
0.713
0.833
0.958
0.955
0.968
0.940
0.844
0.961
0.933
0.944
0.871
0.956
0.966
0.929
0.908
0.980
0.940
0.907
0.873
0.854
0.892
0.928
0.929
0.908
0.890
0.832
0.935
0.832
0.936
0.976
0.966
0.831
0.805
0.905
0.918
0.948
0.927
0.855
0.867
0.938
0.972
0.942
0.944
0.919
0.961
0.960
0.953
0.915
0.966
0.913
0.922
0.863
0.960
0.912
0.812
0.835
0.926
0.957
0.961
0.897
0.799
0.860
0.865
0.980
0.924
0.933
0.972
0.927
0.952
0.959
0.857
0.957
0.938
0.914
0.896
0.832
0.945
0.959
0.939
0.858
0.940
0.965
0.970
0.979
0.879
0.740
0.908
0.953
0.950
0.775
0.699
0.679
0.659
0.643
0.666
0.666
0.714
0.819
0.809
0.802
0.796
0.880
0.914
0.808
0.844
0.924
0.759
0.883
0.831
0.902
0.936
0.898
0.926
0.921
0.788
0.705
0.766
0.931
0.887
0.774
0.933
0.924
0.841
0.526
0.502
0.599
0.622
0.660
0.617
0.640
0.704
0.854
0.922
0.773
0.778
0.791
0.871
0.751
0.921
0.974
0.981
0.889
0.731
0.773
0.906
0.667
0.719
0.705
0.841
0.964
0.783
0.738
0.699
0.693
0.653
0.634
0.636
0.641
0.682
0.654
0.658
0.761
0.680
0.844
0.726
0.739
0.636
0.752
0.687
0.703
0.628
0.603
0.669
0.607
0.659
0.585
0.655
0.619
0.561
0.589
0.637
0.872
0.904
0.835
0.845
0.797
0.702
0.861
0.952
0.780
0.900
0.794
0.717
0.750
0.654
0.606
0.615
0.596
0.597
0.638
0.686
0.631
0.587
0.547
0.570
0.574
0.618
0.636
0.549
0.447
0.435
0.478
0.580
0.583
0.478
0.465
0.469
0.442
0.456
0.438
0.415
0.449
0.511
0.384
0.349
0.382
0.361
0.398
0.429
0.466
0.443
0.531
0.557
0.614
0.614
0.644
0.838
0.840
0.975
0.700
0.829
0.741
0.509
0.454
0.418
0.395
0.381
0.438
0.464
0.495
0.648
0.854
0.588
0.522
0.470
0.384
0.511
0.511
0.584
0.576
0.586
0.666
0.537
0.469
0.441
0.608
0.637
0.476
0.563
0.841
0.618
0.551
0.629
0.624
0.877
0.678
0.726
0.778
0.521
0.569
0.569
0.785
0.916
0.714
0.953
0.823
0.688
0.527
0.526
0.832
0.852
0.825
0.935
0.747
0.663
0.868
0.938
0.898
0.803
0.470
0.510
0.503
0.685
0.925
0.828
0.687
0.948
0.978
0.820
0.712
0.592
0.675
0.879
0.938
0.972
0.864
0.724
0.949
0.861
0.931
0.774
0.934
0.958
0.891
0.706
0.867
0.970
0.976
0.966
0.908
0.947
0.978
0.791
0.632
0.612
0.871
0.933
0.958
0.869
0.804
0.786
0.896
0.827
0.791
0.647
0.711
0.962
0.973
0.967
0.865
0.863
0.941
0.901
0.834
0.948
0.968
0.915
0.822
0.937
0.767
0.832
0.813
0.940
0.971
0.930
0.896
0.958
0.927
0.918
0.899
0.806
0.890
0.885
0.786
0.902
0.933
0.930
0.845
0.812
0.831
0.956
0.899
0.812
0.796
0.822
0.903
0.848
0.928
0.895
0.765
0.875
0.887
0.729
0.867
0.916
0.967
0.817
0.970
0.871
0.930
0.950
0.982
0.907
0.968
0.947
0.803
0.889
0.868
0.884
0.981
0.980
0.891
0.800
0.945
0.970
0.937
0.895
0.863
0.844
0.843
0.926
0.880
0.846
0.896
0.886
0.914
0.842
0.917
0.935
0.951
0.899
0.960
0.965
0.889
0.909
0.820
0.953
0.949
0.862
0.928
0.927
0.970
0.973
0.916
0.963
0.870
0.947
0.973
0.896
0.953
0.963
0.958
0.963
0.972
0.972
0.937
0.920
0.966
0.803
0.830
0.883
0.953
0.960
0.907
0.955
0.909
0.940
0.905
0.768
0.849
0.904
0.919
0.965
0.966
0.942
0.935
0.916
0.956
0.942
0.956
0.954
0.678
0.656
0.735
0.726
0.653
0.685
0.673
0.714
0.689
0.753
0.937
0.927
0.719
0.681
0.647
0.692
0.725
0.710
0.927
0.967
0.969
0.887
0.833
0.912
0.826
0.680
0.699
0.708
0.685
0.663
0.685
0.740
0.961
0.918
0.807
0.782
0.738
0.731
0.826
0.872
0.847
0.753
0.795
0.711
0.731
0.687
0.927
0.783
0.807
0.719
0.718
0.761
0.796
0.864
0.729
0.658
0.681
0.801
0.859
0.826
0.962
0.899
0.690
0.693
0.713
0.668
0.752
0.682
0.706
0.662
0.631
0.696
0.716
0.754
0.715
0.767
0.789
0.764
0.639
0.624
0.645
0.716
0.652
0.564
0.590
0.584
0.518
0.609
0.768
0.932
0.890
0.876
0.922
0.790
0.661
0.617
0.604
0.658
0.699
0.583
0.467
0.509
0.530
0.640
0.609
0.576
0.611
0.663
0.610
0.790
0.632
0.521
0.515
0.522
0.581
0.524
0.512
0.573
0.687
0.636
0.757
0.532
0.451
0.466
0.492
0.564
0.672
0.672
0.793
0.918
0.943
0.858
0.586
0.517
0.641
0.620
0.583
0.891
0.826
0.947
0.722
0.627
0.660
0.866
0.924
0.612
0.575
0.521
0.634
0.727
0.898
0.841
0.907
0.905
0.876
0.901
0.951
0.932
0.893
0.857
0.641
0.673
0.843
0.939
0.968
0.815
0.951
0.978
0.896
0.961
0.817
0.659
0.695
0.709
0.915
0.837
0.961
0.740
0.880
0.912
0.927
0.950
0.692
0.622
0.656
0.775
0.857
0.973
0.934
0.693
0.656
0.665
0.906
0.929
0.802
0.876
0.960
0.800
0.939
0.920
0.956
0.945
0.907
0.964
0.844
0.737
0.666
0.820
0.888
0.787
0.702
0.831
0.852
0.846
0.947
0.816
0.854
0.888
0.954
0.838
0.969
0.941
0.853
0.928
0.929
0.980
0.981
0.773
0.921
0.888
0.923
0.895
0.827
0.884
0.789
0.693
0.836
0.819
0.976
0.834
0.965
0.934
0.881
0.946
0.857
0.936
0.862
0.851
0.786
0.897
0.936
0.818
0.827
0.855
0.906
0.896
0.978
0.913
0.824
0.943
0.811
0.871
0.869
0.813
0.816
0.861
0.960
0.919
0.967
0.897
0.871
0.850
0.891
0.934
0.901
0.967
0.839
0.971
0.947
0.941
0.930
0.789
0.841
0.927
0.879
0.844
0.975
0.924
0.970
0.981
0.927
0.977
0.975
0.784
0.901
0.883
0.937
0.880
0.798
0.927
0.972
0.879
0.937
0.930
0.977
0.887
0.967
0.925
0.945
0.970
0.950
0.840
0.819
0.981
0.813
0.764
0.964
0.932
0.936
0.866
0.931
0.904
0.955
0.905
0.903
0.912
0.906
0.978
0.865
0.822
0.806
0.728
0.728
0.757
0.931
0.933
0.969
0.869
0.951
0.758
0.843
0.964
0.947
0.957
0.979
0.852
0.971
0.930
0.960
0.968
0.943
0.937
0.922
0.797
0.911
0.931
0.842
0.797
0.911
0.760
0.910
0.922
0.958
0.923
0.781
0.596
0.651
0.670
0.729
0.774
0.730
0.730
0.733
0.640
0.715
0.878
0.955
0.913
0.920
0.828
0.874
0.922
0.937
0.978
0.935
0.968
0.927
0.867
0.965
0.870
0.860
0.899
0.865
0.756
0.787
0.822
0.794
0.739
0.769
0.905
0.848
0.979
0.772
0.711
0.773
0.756
0.677
0.678
0.578
0.684
0.662
0.773
0.882
0.814
0.727
0.854
0.868
0.824
0.873
0.845
0.881
0.772
0.761
0.820
0.829
0.842
0.742
0.699
0.729
0.643
0.642
0.775
0.787
0.728
0.734
0.663
0.649
0.679
0.650
0.663
0.692
0.622
0.434
0.538
0.614
0.641
0.533
0.621
0.621
0.866
0.715
0.649
0.614
0.615
0.633
0.633
0.578
0.579
0.539
0.699
0.667
0.637
0.693
0.522
0.452
0.543
0.437
0.504
0.883
0.718
0.600
0.722
0.781
0.731
0.846
0.702
0.693
0.770
0.777
0.707
0.729
0.592
0.470
0.455
0.458
0.556
0.514
0.446
0.421
0.726
0.601
0.455
0.567
0.550
0.572
0.837
0.543
0.498
0.495
0.555
0.513
0.502
0.429
0.477
0.609
0.634
0.659
0.725
0.674
0.707
0.622
0.784
0.958
0.661
0.611
0.602
0.601
0.573
0.744
0.697
0.765
0.896
0.954
0.954
0.845
0.933
0.882
0.976
0.817
0.546
0.644
0.852
0.860
0.951
0.866
0.940
0.855
0.920
0.858
0.714
0.947
0.872
0.721
0.724
0.879
0.698
0.619
0.636
0.679
0.616
0.739
0.849
0.945
0.890
0.854
0.684
0.630
0.844
0.901
0.899
0.836
0.871
0.825
0.955
0.787
0.874
0.964
0.857
0.937
0.818
0.910
0.959
0.959
0.890
0.771
0.864
0.758
0.913
0.932
0.906
0.890
0.857
0.975
0.899
0.935
0.839
0.842
0.830
0.842
0.935
0.903
0.881
0.949
0.954
0.976
0.914
0.923
0.944
0.957
0.972
0.811
0.749
0.815
0.944
0.965
0.913
0.888
0.967
0.892
0.892
0.906
0.975
0.950
0.971
0.979
0.918
0.854
0.760
0.960
0.903
0.700
0.856
0.856
0.844
0.885
0.956
0.870
0.855
0.880
0.980
0.890
0.876
0.757
0.691
0.929
0.960
0.831
0.828
0.754
0.837
0.904
0.943
0.863
0.976
0.915
0.886
0.976
0.919
0.912
0.879
0.963
0.951
0.913
0.967
0.951
0.930
0.957
0.950
0.956
0.894
0.974
0.961
0.859
0.885
0.936
0.971
0.968
0.921
0.906
0.921
0.962
0.963
0.940
0.881
0.968
0.979
0.874
0.798
0.955
0.937
0.873
0.945
0.945
0.978
0.917
0.852
0.903
0.966
0.954
0.966
0.859
0.959
0.968
0.940
0.973
0.797
0.720
0.696
0.899
0.921
0.968
0.856
0.934
0.964
0.853
0.939
0.955
0.957
0.919
0.941
0.961
0.938
0.959
0.835
0.719
0.629
0.615
0.628
0.574
0.561
0.553
0.595
0.628
0.622
0.646
0.680
0.725
0.847
0.800
0.877
0.775
0.862
0.763
0.921
0.816
0.633
0.644
0.669
0.727
0.857
0.920
0.878
0.929
0.902
0.955
0.894
0.859
0.746
0.790
0.791
0.683
0.766
0.980
0.902
0.737
0.795
0.960
0.970
0.917
0.966
0.926
0.918
0.713
0.701
0.721
0.867
0.904
0.822
0.807
0.751
0.623
0.766
0.831
0.768
0.668
0.683
0.801
0.786
0.777
0.780
0.752
0.714
0.653
0.731
0.867
0.904
0.792
0.734
0.822
0.949
0.864
0.894
0.754
0.858
0.882
0.871
0.803
0.683
0.741
0.696
0.693
0.749
0.807
0.800
0.637
0.623
0.627
0.498
0.565
0.672
0.653
0.618
0.706
0.662
0.430
0.474
0.607
0.633
0.675
0.580
0.558
0.587
0.758
0.687
0.685
0.750
0.712
0.544
0.632
0.667
0.949
0.625
0.628
0.623
0.883
0.464
0.469
0.512
0.562
0.575
0.492
0.533
0.774
0.895
0.954
0.973
0.799
0.572
0.426
0.439
0.451
0.480
0.508
0.568
0.540
0.496
0.591
0.497
0.692
0.679
0.698
0.702
0.670
0.753
0.691
0.888
0.855
0.773
0.618
0.854
0.715
0.597
0.544
0.532
0.652
0.865
0.544
0.504
0.514
0.532
0.541
0.662
0.650
0.943
0.725
0.678
0.890
0.838
0.645
0.877
0.711
0.757
0.815
0.943
0.972
0.953
0.979
0.890
0.858
0.631
0.539
0.577
0.813
0.830
0.875
0.959
0.879
0.835
0.944
0.932
0.825
0.909
0.934
0.963
0.971
0.973
0.793
0.617
0.526
0.534
0.593
0.875
0.912
0.801
0.820
0.928
0.884
0.714
0.913
0.936
0.820
0.929
0.967
0.887
0.915
0.703
0.680
0.782
0.735
0.946
0.746
0.742
0.833
0.944
0.949
0.984
0.974
0.787
0.860
0.888
0.901
0.957
0.975
0.687
0.729
0.887
0.872
0.844
0.851
0.803
0.886
0.974
0.973
0.870
0.958
0.886
0.850
0.963
0.800
0.785
0.767
0.763
0.849
0.859
0.951
0.871
0.898
0.983
0.974
0.910
0.946
0.919
0.940
0.859
0.940
0.905
0.976
0.910
0.932
0.963
0.962
0.917
0.881
0.766
0.797
0.949
0.966
0.830
0.909
0.958
0.951
0.902
0.944
0.934
0.951
0.917
0.826
0.791
0.944
0.976
0.926
0.945
0.910
0.896
0.957
0.943
0.881
0.951
0.960
0.979
0.885
0.891
0.914
0.955
0.961
0.953
0.980
0.897
0.910
0.818
0.935
0.941
0.906
0.939
0.938
0.959
0.968
0.883
0.948
0.949
0.973
0.967
0.802
0.781
0.955
0.875
0.928
0.810
0.962
0.905
0.970
0.880
0.918
0.908
0.926
0.948
0.754
0.823
0.968
0.973
0.953
0.914
0.951
0.968
0.944
0.892
0.929
0.938
0.931
0.797
0.795
0.815
0.862
0.915
0.862
0.756
0.838
0.853
0.697
0.696
0.821
0.928
0.888
0.890
0.947
0.908
0.933
0.849
0.802
0.812
0.755
0.958
0.968
0.801
0.862
0.849
0.877
0.859
0.872
0.881
0.932
0.878
0.895
0.766
0.802
0.952
0.951
0.877
0.910
0.931
0.926
0.975
0.922
0.916
0.881
0.940
0.967
0.980
0.875
0.852
0.813
0.796
0.789
0.775
0.867
0.919
0.856
0.881
0.906
0.835
0.841
0.758
0.744
0.882
0.955
0.842
0.812
0.866
0.905
0.898
0.849
0.739
0.736
0.720
0.723
0.749
0.691
0.701
0.857
0.945
0.824
0.831
0.970
0.812
0.761
0.757
0.772
0.759
0.745
0.809
0.832
0.877
0.869
0.778
0.722
0.731
0.765
0.776
0.664
0.579
0.563
0.552
0.715
0.842
0.756
0.695
0.699
0.697
0.866
0.970
0.771
0.853
0.875
0.775
0.634
0.527
