19790101
0.967
0.876
0.865
0.965
0.928
0.831
0.942
0.950
0.837
0.831
0.834
0.737
0.782
0.913
0.741
0.831
0.906
0.828
0.920
0.937
0.919
0.931
0.809
0.833
0.923
0.845
0.871
0.956
0.949
0.937
0.937
0.911
0.959
0.974
0.962
0.883
0.943
0.894
0.958
0.838
0.959
0.910
0.919
0.899
0.923
0.905
0.961
0.963
0.942
0.958
0.812
0.902
0.965
0.735
0.844
0.931
0.968
0.965
0.854
0.941
0.959
0.973
0.975
0.891
0.926
0.860
0.912
0.900
0.872
0.963
0.966
0.885
0.966
0.972
0.959
0.875
0.968
0.980
0.966
0.908
0.748
0.934
0.960
0.982
0.947
0.892
0.898
0.915
0.953
0.942
0.956
0.951
0.928
0.957
0.922
0.959
0.730
0.733
0.724
0.709
0.729
0.752
0.913
0.966
0.946
0.966
0.902
0.925
0.942
0.915
0.961
0.963
0.962
0.890
0.798
0.797
0.776
0.771
0.754
0.873
0.953
0.828
0.854
0.890
0.952
0.938
0.899
0.890
0.950
0.899
0.905
0.913
0.914
0.956
0.949
0.803
0.869
0.755
0.919
0.906
0.896
0.830
0.841
0.822
0.708
0.843
0.858
0.823
0.814
0.938
0.636
0.650
0.694
0.771
0.728
0.730
0.700
0.770
0.810
0.857
0.770
0.750
0.718
0.722
0.800
0.672
0.734
0.742
0.693
0.730
0.663
0.656
0.696
0.645
0.635
0.759
0.743
0.688
0.723
0.736
0.677
0.638
0.694
0.692
0.682
0.685
0.685
0.703
0.619
0.778
0.648
0.629
0.587
0.695
0.744
0.685
0.757
0.670
0.672
0.665
0.909
0.636
0.648
0.637
0.644
0.627
0.714
0.571
0.597
0.583
0.535
0.527
0.523
0.523
0.516
0.593
0.621
0.573
0.513
0.551
0.589
0.600
0.530
0.521
0.501
0.573
0.549
0.610
0.599
0.552
0.572
0.573
0.648
0.620
0.523
0.482
0.498
0.594
0.698
0.575
0.567
0.506
0.482
0.453
0.535
0.614
0.708
0.460
0.441
0.436
0.498
0.492
0.551
0.584
0.654
0.656
0.539
0.524
0.490
0.707
0.747
0.538
0.551
0.394
0.413
0.446
0.399
0.549
0.589
0.593
0.670
0.494
0.450
0.579
0.458
0.380
0.475
0.571
0.518
0.750
0.588
0.619
0.541
0.552
0.590
0.480
0.525
0.935
0.535
0.449
0.442
0.416
0.349
0.358
0.427
0.446
0.524
0.598
0.618
0.759
0.886
0.765
0.792
0.649
0.636
0.701
0.852
0.838
0.885
0.658
0.863
0.942
0.910
0.560
0.450
0.477
0.549
0.924
0.918
0.824
0.842
0.611
0.659
0.880
0.866
0.913
0.927
0.975
0.871
0.968
0.676
0.556
0.620
0.605
0.657
0.579
0.619
0.626
0.602
0.656
0.602
0.597
0.542
0.562
0.617
0.616
0.617
0.927
0.950
0.980
0.803
0.855
0.927
0.957
0.973
0.936
0.893
0.928
0.850
0.674
0.838
0.965
0.783
0.791
0.895
0.969
0.745
0.766
0.727
0.787
0.896
0.918
0.958
0.903
0.890
0.813
0.887
0.970
0.903
0.849
0.891
0.886
0.922
0.826
0.873
0.943
0.904
0.837
0.881
0.900
0.794
0.859
0.845
0.821
0.903
0.967
0.938
0.922
0.964
0.833
0.808
0.951
0.909
0.972
0.890
0.775
0.879
0.819
0.841
0.864
0.718
0.901
0.932
0.975
0.968
0.830
0.869
0.895
0.924
0.898
0.963
0.941
0.841
0.706
0.660
0.698
0.835
0.939
0.902
0.729
0.851
0.863
0.903
0.860
0.895
0.963
0.909
0.918
0.942
0.942
0.877
0.961
0.901
0.907
0.978
0.931
0.962
0.928
0.868
0.961
0.829
0.924
0.817
0.844
0.960
0.939
0.856
0.871
0.949
0.966
0.980
0.910
0.895
0.948
0.926
0.839
0.964
0.951
0.775
0.797
0.942
0.944
0.829
0.825
0.826
0.755
0.790
0.753
0.667
0.693
0.850
0.912
0.942
0.923
0.899
0.932
0.975
0.949
0.682
0.742
0.790
0.745
0.742
0.798
0.925
0.908
0.956
0.911
0.887
0.949
0.883
0.954
0.870
0.958
0.924
0.949
0.907
0.876
0.889
0.727
0.676
0.664
0.671
0.709
0.746
0.811
0.913
0.936
0.905
0.946
0.841
0.772
0.757
0.743
0.774
0.730
0.750
0.698
0.635
0.636
0.890
0.783
0.744
0.718
0.789
0.761
0.815
0.691
0.673
0.646
0.644
0.848
0.813
0.919
0.814
0.722
0.732
0.614
0.708
0.618
0.650
0.675
0.626
0.644
0.579
0.569
0.637
0.737
0.655
0.590
0.572
0.720
0.680
0.596
0.608
0.574
0.609
0.721
0.627
0.630
0.584
0.515
0.533
0.607
0.694
0.620
0.764
0.751
0.542
0.609
0.561
0.568
0.589
0.558
0.536
0.540
0.544
0.688
0.478
0.492
0.540
0.557
0.474
0.449
0.557
0.458
0.500
0.475
0.443
0.458
0.467
0.684
0.647
0.594
0.669
0.451
0.413
0.420
0.406
0.461
0.457
0.437
0.426
0.390
0.354
0.310
0.404
0.490
0.571
0.372
0.498
0.381
0.360
0.440
0.388
0.392
0.397
0.453
0.512
0.519
0.728
0.537
0.484
0.472
0.470
0.527
0.484
0.449
0.458
0.470
0.513
0.470
0.899
0.783
0.524
0.452
0.522
0.607
0.605
0.564
0.518
0.656
0.674
0.612
0.729
0.687
0.594
0.796
0.763
0.749
0.721
0.872
0.693
0.627
0.514
0.603
0.635
0.587
0.659
0.821
0.612
0.470
0.570
0.554
0.567
0.574
0.662
0.717
0.903
0.967
0.758
0.739
0.447
0.584
0.513
0.683
0.848
0.951
0.791
0.654
0.690
0.817
0.888
0.973
0.892
0.850
0.947
0.844
0.927
0.850
0.907
0.978
0.953
0.774
0.634
0.868
0.682
0.831
0.846
0.913
0.666
0.657
0.649
0.668
0.826
0.922
0.823
0.844
0.669
0.661
0.979
0.715
0.656
0.894
0.912
0.916
0.941
0.952
0.953
0.746
0.772
0.884
0.898
0.971
0.942
0.965
0.928
0.913
0.972
0.821
0.739
0.755
0.862
0.951
0.921
0.930
0.943
0.928
0.960
0.884
0.975
0.886
0.868
0.898
0.964
0.854
0.898
0.902
0.864
0.972
0.956
0.941
0.777
0.902
0.978
0.925
0.940
0.925
0.940
0.943
0.875
0.819
0.932
0.960
0.948
0.976
0.979
0.957
0.926
0.974
0.964
0.983
0.962
0.891
0.966
0.980
0.967
0.952
0.946
0.932
0.968
0.938
0.872
0.964
0.930
0.952
0.943
0.970
0.887
0.906
0.824
0.783
0.823
0.748
0.807
0.817
0.946
0.978
0.904
0.952
0.945
0.849
0.767
0.788
0.981
0.808
0.828
0.866
0.922
0.959
0.888
0.885
0.921
0.972
0.977
0.862
0.923
0.963
0.972
0.978
0.982
0.949
0.929
0.958
0.933
0.977
0.869
0.873
0.882
0.781
0.676
0.713
0.737
0.761
0.831
0.931
0.915
0.911
0.819
0.928
0.823
0.763
0.786
0.745
0.808
0.861
0.903
0.850
0.909
0.826
0.885
0.954
0.902
0.953
0.858
0.943
0.920
0.882
0.868
0.934
0.970
0.840
0.745
0.676
0.789
0.730
0.933
0.820
0.812
0.751
0.713
0.740
0.712
0.776
0.837
0.955
0.907
0.876
0.973
0.788
0.761
0.669
0.855
0.871
0.879
0.796
0.800
0.838
0.951
0.792
0.747
0.693
0.661
0.705
0.721
0.725
0.671
0.667
0.756
0.712
0.621
0.638
0.611
0.902
0.764
0.653
0.644
0.646
0.617
0.641
0.623
0.765
0.716
0.690
0.676
0.683
0.599
0.581
0.719
0.515
0.385
0.334
0.489
0.576
0.445
0.440
0.381
0.454
0.640
0.562
0.574
0.549
0.516
0.454
0.470
0.470
0.541
0.733
0.602
0.633
0.595
0.723
0.526
0.584
0.463
0.492
0.468
0.521
0.559
0.476
0.428
0.352
0.291
0.356
0.399
0.404
0.416
0.414
0.440
0.623
0.747
0.574
0.572
0.412
0.338
0.338
0.364
0.336
0.327
0.397
0.375
0.370
0.419
0.465
0.439
0.427
0.608
0.771
0.476
0.351
0.353
0.422
0.457
0.489
0.508
0.595
0.470
0.404
0.382
0.378
0.391
0.354
0.473
0.394
0.362
0.425
0.475
0.546
0.485
0.491
0.578
0.618
0.584
0.455
0.692
0.498
0.607
0.578
0.726
0.863
0.916
0.828
0.566
0.584
0.633
0.598
0.647
0.584
0.620
0.553
0.469
0.525
0.556
0.483
0.428
0.511
0.504
0.666
0.549
0.535
0.560
0.663
0.617
0.612
0.661
0.927
0.950
0.960
0.975
0.937
0.956
0.803
0.781
0.852
0.943
0.774
0.680
0.841
0.918
0.888
0.915
0.887
0.678
0.880
0.898
0.973
0.928
0.978
0.812
0.875
0.945
0.953
0.978
0.828
0.660
0.939
0.891
0.961
0.867
0.842
0.964
0.880
0.799
0.838
0.911
0.906
0.919
0.910
0.973
0.821
0.942
0.850
0.941
0.847
0.966
0.944
0.966
0.923
0.978
0.923
0.930
0.964
0.981
0.970
0.921
0.854
0.963
0.972
0.847
0.966
0.970
0.931
0.973
0.979
0.924
0.937
0.948
0.978
0.969
0.876
0.918
0.965
0.839
0.913
0.914
0.912
0.965
0.866
0.841
0.840
0.850
0.891
0.966
0.968
0.890
0.922
0.925
0.971
0.959
0.962
0.965
0.939
0.908
0.924
0.963
0.958
0.889
0.803
0.933
0.971
0.942
0.931
0.963
0.979
0.983
0.819
0.962
0.975
0.938
0.953
0.897
0.852
0.952
0.964
0.913
0.955
0.841
0.977
0.854
0.958
0.900
0.877
0.897
0.859
0.941
0.933
0.801
0.955
0.934
0.852
0.825
0.961
0.982
0.865
0.741
0.768
0.858
0.868
0.948
0.966
0.973
0.968
0.974
0.965
0.921
0.975
0.952
0.861
0.905
0.958
0.972
0.969
0.983
0.905
0.863
0.953
0.937
0.970
0.913
0.912
0.871
0.865
0.746
0.704
0.713
0.813
0.691
0.754
0.684
0.667
0.648
0.676
0.691
0.812
0.867
0.859
0.905
0.935
0.815
0.921
0.923
0.918
0.947
0.900
0.960
0.865
0.962
0.958
0.975
0.962
0.848
0.701
0.686
0.656
0.659
0.680
0.671
0.744
0.825
0.859
0.934
0.794
0.777
0.738
0.639
0.685
0.935
0.777
0.912
0.901
0.876
0.876
0.938
0.781
0.738
0.737
0.902
0.911
0.828
0.830
0.734
0.755
0.739
0.705
0.699
0.875
0.760
0.751
0.816
0.664
0.613
0.654
0.652
0.833
0.898
0.749
0.875
0.879
0.776
0.950
0.972
0.966
0.781
0.706
0.656
0.716
0.631
0.568
0.726
0.674
0.697
0.769
0.680
0.618
0.637
0.833
0.849
0.698
0.679
0.674
0.788
0.764
0.750
0.665
0.551
0.645
0.887
0.775
0.676
0.628
0.598
0.602
0.678
0.721
0.670
0.724
0.661
0.622
0.575
0.648
0.548
0.583
0.585
0.612
0.548
0.579
0.532
0.546
0.558
0.664
0.552
0.442
0.466
0.492
0.507
0.443
0.448
0.445
0.465
0.498
0.538
0.471
0.505
0.628
0.490
0.747
0.799
0.714
0.779
0.903
0.717
0.702
0.839
0.771
0.900
0.676
0.745
0.823
0.646
0.621
0.534
0.574
0.581
0.670
0.599
0.542
0.698
0.834
0.706
0.971
0.653
0.600
0.870
0.669
0.573
0.570
0.620
0.964
0.823
0.737
0.720
0.591
0.887
0.608
0.534
0.685
0.487
0.509
0.553
0.493
0.520
0.582
0.623
0.812
0.781
0.810
0.738
0.756
0.940
0.741
0.665
0.777
0.980
0.780
0.654
0.814
0.803
0.709
0.670
0.640
0.886
0.799
0.663
0.461
0.663
0.530
0.542
0.609
0.620
0.853
0.957
0.698
0.881
0.845
0.882
0.897
0.908
0.851
0.788
0.557
0.735
0.840
0.759
0.680
0.751
0.914
0.927
0.920
0.911
0.844
0.703
0.763
0.767
0.851
0.724
0.630
0.627
0.552
0.814
0.887
0.766
0.843
0.882
0.950
0.900
0.802
0.914
0.923
0.817
0.769
0.666
0.849
0.765
0.916
0.925
0.914
0.851
0.763
0.683
0.663
0.723
0.890
0.768
0.924
0.860
0.918
0.875
0.958
0.871
0.696
0.593
0.590
0.796
0.608
0.537
0.658
0.749
0.771
0.843
0.934
0.964
0.887
0.909
0.666
0.798
0.717
0.914
0.875
0.977
0.923
0.736
0.788
0.942
0.886
0.932
0.853
0.959
0.846
0.735
0.801
0.636
0.603
0.663
0.723
0.608
0.601
0.640
0.816
0.951
0.924
0.773
0.787
0.862
0.951
0.921
0.797
0.746
0.774
0.855
0.571
0.456
0.437
0.470
0.515
0.565
0.647
0.619
0.707
0.664
0.928
0.877
0.959
0.913
0.865
0.953
0.903
0.908
0.976
0.836
0.817
0.868
0.788
0.665
0.753
0.770
0.780
0.783
0.792
0.734
0.897
0.906
0.935
0.967
0.982
0.835
0.915
0.936
0.948
0.943
0.844
0.944
0.907
0.874
0.761
0.717
0.672
0.924
0.745
0.612
0.741
0.763
0.752
0.887
0.866
0.860
0.745
0.684
0.942
0.806
0.782
0.941
0.947
0.906
0.810
0.941
0.764
0.679
0.726
0.685
0.924
0.950
0.944
0.899
0.814
0.821
0.796
0.680
0.661
0.672
0.663
0.691
0.915
0.736
0.746
0.720
0.844
0.554
0.586
0.614
0.571
0.556
0.589
0.619
0.625
0.741
0.794
0.717
0.597
0.636
0.660
0.656
0.600
0.536
0.547
0.714
0.686
0.616
0.588
0.540
0.597
0.598
0.648
0.725
0.644
0.609
0.531
0.533
0.610
0.716
0.612
0.503
0.488
0.524
0.520
0.586
0.607
0.584
0.661
0.615
0.528
0.471
0.487
0.491
0.449
0.433
0.385
0.387
0.516
0.496
0.408
0.388
0.492
0.456
0.498
0.460
0.507
0.471
0.538
0.426
0.354
0.306
0.281
0.276
0.404
0.446
0.371
0.396
0.453
0.479
0.594
0.524
0.448
0.488
0.484
0.623
0.610
0.553
0.556
0.596
0.483
0.465
0.778
0.555
0.397
0.421
0.433
0.360
0.432
0.406
0.387
0.423
0.523
0.543
0.531
0.449
0.428
0.710
0.516
0.473
0.431
0.441
0.426
0.394
0.370
0.435
0.567
0.569
0.604
0.782
0.607
0.858
0.603
0.662
0.602
0.593
0.727
0.605
0.588
0.573
0.584
0.552
0.797
0.611
0.586
0.532
0.506
0.571
0.442
0.290
0.374
0.400
0.510
0.582
0.716
0.824
0.942
0.954
0.856
0.574
0.539
0.612
0.514
0.623
0.766
0.756
0.628
0.566
0.664
0.871
0.872
0.583
0.629
0.889
0.797
0.723
0.831
0.718
0.639
0.792
0.620
0.702
0.637
0.865
0.845
0.879
0.867
0.898
0.878
0.616
0.710
0.774
0.942
0.953
0.636
0.546
0.588
0.520
0.540
0.660
0.842
0.629
0.775
0.800
0.937
0.949
0.922
0.746
0.846
0.764
0.844
0.801
0.939
0.806
0.824
0.937
0.962
0.941
0.757
0.804
0.981
0.945
0.905
0.947
0.948
0.868
0.959
0.982
0.930
0.955
0.920
0.899
0.936
0.735
0.740
0.893
0.914
0.967
0.851
0.912
0.967
0.873
0.746
0.894
0.927
0.866
0.912
0.944
0.944
0.959
0.893
0.864
0.946
0.813
0.964
0.906
0.933
0.925
0.964
0.941
0.769
0.868
0.962
0.978
0.976
0.811
0.881
0.958
0.913
0.950
0.874
0.893
0.969
0.868
0.972
0.982
0.932
0.821
0.877
0.924
0.946
0.976
0.898
0.912
0.898
0.949
0.975
0.971
0.912
0.916
0.883
0.844
0.943
0.968
0.938
0.920
0.968
0.918
0.857
0.977
0.773
0.749
0.705
0.923
0.957
0.854
0.941
0.927
0.808
0.800
0.877
0.923
0.909
0.937
0.976
0.926
0.827
0.718
0.957
0.969
0.974
0.867
0.878
0.879
0.964
0.941
0.891
0.952
0.970
0.961
0.957
0.976
0.982
0.841
0.754
0.792
0.886
0.859
0.874
0.960
0.897
0.800
0.871
0.834
0.873
0.945
0.953
0.918
0.904
0.951
0.942
0.814
0.820
0.780
0.758
0.895
0.908
0.929
0.902
0.869
0.785
0.749
0.873
0.741
0.925
0.910
0.848
0.941
0.827
0.732
0.786
0.824
0.860
0.919
0.875
0.854
0.747
0.854
0.896
0.748
0.808
0.836
0.835
0.844
0.927
0.954
0.870
0.804
0.737
0.637
0.711
0.895
0.839
0.687
0.731
0.728
0.669
0.663
0.727
0.674
0.643
0.678
0.780
0.728
0.911
0.887
0.840
0.706
0.829
0.777
0.794
0.780
0.833
0.725
0.781
0.653
0.634
0.571
0.572
0.612
0.596
0.553
0.550
0.500
0.481
0.578
0.469
0.455
0.458
0.498
0.534
0.579
0.450
0.605
0.636
0.716
0.637
0.608
0.590
0.417
0.464
0.446
0.373
0.478
0.496
0.498
0.420
0.530
0.432
0.496
0.602
0.739
0.875
0.917
0.928
0.637
0.362
0.282
0.279
0.311
0.327
0.326
0.452
0.519
0.578
0.561
0.603
0.596
0.648
0.616
0.527
0.570
0.482
0.616
0.572
0.574
0.557
0.606
0.464
0.494
0.455
0.526
0.718
0.815
0.564
0.606
0.879
0.975
0.613
0.446
0.445
0.477
0.630
0.563
0.650
0.555
0.513
0.502
0.445
0.618
0.550
0.554
0.503
0.453
0.506
0.544
0.805
0.590
0.776
0.788
0.715
0.621
0.540
0.618
0.610
0.706
0.803
0.837
0.683
0.891
0.977
0.979
0.905
0.689
0.658
0.821
0.946
0.935
0.666
0.671
0.603
0.920
0.691
0.954
0.846
0.966
0.973
0.767
0.652
0.918
0.847
0.680
0.745
0.813
0.721
0.708
0.953
0.736
0.937
0.813
0.713
0.872
0.696
0.764
0.845
0.904
0.774
0.938
0.950
0.885
0.928
0.808
0.761
0.969
0.960
0.934
0.658
0.917
0.959
0.954
0.912
0.768
0.613
0.697
0.871
0.945
0.861
0.963
0.861
0.944
0.926
0.889
0.917
0.937
0.881
0.917
0.910
0.962
0.959
0.918
0.720
0.884
0.893
0.815
0.951
0.868
0.875
0.900
0.978
0.879
0.802
0.900
0.880
0.930
0.805
0.882
0.976
0.981
0.968
0.914
0.965
0.838
0.898
0.886
0.914
0.915
0.878
0.977
0.921
0.911
0.971
0.719
0.946
0.949
0.851
0.823
0.943
0.959
0.905
0.887
0.982
0.862
0.837
0.791
0.973
0.915
0.854
0.923
0.951
0.957
0.944
0.885
0.904
0.960
0.970
0.917
0.879
0.936
0.951
0.943
0.924
0.874
0.928
0.927
0.957
0.964
0.902
0.949
0.899
0.954
0.953
0.919
0.921
0.893
0.983
0.880
0.928
0.947
0.953
0.938
0.838
0.959
0.968
0.890
0.846
0.968
0.916
0.978
0.903
0.930
0.892
0.914
0.796
0.951
0.913
0.931
0.871
0.810
0.758
0.760
0.916
0.982
0.951
0.920
0.978
0.867
0.838
0.935
0.942
0.843
0.907
0.925
0.965
0.873
0.809
0.742
0.725
0.813
0.804
0.875
0.884
0.907
0.924
0.959
0.908
0.943
0.943
0.798
0.833
0.813
0.971
0.923
0.942
0.808
0.750
0.808
0.747
0.824
0.780
0.845
0.818
0.870
0.868
0.758
0.734
0.928
0.962
0.676
0.625
0.556
0.455
0.448
0.433
0.446
0.603
0.576
0.601
0.612
0.614
0.585
0.781
0.727
0.727
0.594
0.828
0.861
0.857
0.788
0.649
0.754
0.626
0.596
0.561
0.762
0.813
0.869
0.715
0.766
0.912
0.937
0.708
0.647
0.685
0.780
0.608
0.512
0.505
0.535
0.500
0.459
0.491
0.560
0.683
0.640
0.578
0.569
0.597
0.551
0.575
0.577
0.562
0.596
0.698
0.668
0.745
0.930
0.754
0.627
0.567
0.499
0.511
0.499
0.536
0.551
0.554
0.456
0.463
0.481
0.442
0.452
0.544
0.457
0.480
0.490
0.572
0.505
0.532
0.408
0.408
0.404
0.492
0.548
0.612
0.524
0.546
0.532
0.659
0.611
0.485
0.507
0.432
0.416
0.445
0.489
0.375
0.329
0.379
0.393
0.418
0.631
0.743
0.709
0.743
0.912
0.625
0.582
0.637
0.588
0.492
0.693
0.624
0.511
0.744
0.838
0.698
0.519
0.535
0.549
0.594
0.636
0.590
0.517
0.520
0.726
0.618
0.681
0.710
0.641
0.618
0.603
0.705
0.560
0.659
0.665
0.613
0.598
0.639
0.613
0.570
0.641
0.462
0.682
0.862
0.627
0.587
0.566
0.585
0.592
0.888
0.715
0.851
0.941
0.772
0.542
0.773
0.698
0.696
0.926
0.961
0.972
0.968
0.726
0.571
0.535
0.498
0.392
0.638
0.822
0.664
0.724
0.728
0.905
0.932
0.909
0.641
0.564
0.586
0.509
0.565
0.577
0.550
0.525
0.749
0.562
0.786
0.735
0.743
0.757
0.776
0.797
0.795
0.893
0.697
0.626
0.602
0.630
0.647
0.659
0.694
0.858
0.898
0.774
0.670
0.651
0.657
0.712
0.870
0.910
0.808
0.826
0.676
0.691
0.879
0.859
0.850
0.784
0.924
0.927
0.815
0.960
0.773
0.779
0.932
0.795
0.870
0.817
0.936
0.887
0.779
0.815
0.849
0.922
0.944
0.755
0.955
0.970
0.790
0.734
0.747
0.851
0.975
0.976
0.835
0.840
0.833
0.953
0.933
0.845
0.776
0.915
0.882
0.920
0.966
0.813
0.813
0.969
0.952
0.929
0.861
0.952
0.964
0.969
0.939
0.959
0.916
0.981
0.893
0.923
0.976
0.935
0.878
0.923
0.928
0.933
0.954
0.885
0.824
0.944
0.976
0.947
0.853
0.956
0.761
0.965
0.906
0.911
0.934
0.861
0.965
0.972
0.878
0.922
0.951
0.944
0.937
0.888
0.966
0.870
0.776
0.942
0.891
0.898
0.959
0.912
0.946
0.934
0.921
0.876
0.778
0.800
0.937
0.931
0.933
0.683
0.648
0.678
0.775
0.871
0.931
0.952
0.896
0.829
0.861
0.951
0.898
0.751
0.759
0.784
0.755
0.744
0.770
0.850
0.970
0.959
0.930
0.887
0.721
0.885
0.895
0.751
0.721
0.784
0.769
0.755
0.902
0.906
0.825
0.854
0.831
0.915
0.889
0.736
0.898
0.842
0.754
0.887
0.926
-99.000
0.977
0.722
0.490
0.609
0.582
0.689
0.769
0.920
0.765
0.778
0.693
0.704
0.683
0.741
0.769
0.728
0.709
0.660
0.686
0.704
0.689
0.602
0.696
0.709
0.608
0.625
0.684
0.603
0.552
0.603
0.596
0.616
0.414
0.432
0.534
0.471
0.456
0.439
0.444
0.487
0.604
0.524
0.602
0.647
0.651
0.732
0.750
0.724
0.581
0.606
0.601
0.561
0.401
0.328
0.530
0.493
0.569
0.531
0.549
0.552
0.715
0.658
0.674
0.646
0.615
0.568
0.662
0.660
0.581
0.597
0.564
0.516
0.621
0.610
0.654
0.703
0.633
0.579
0.797
0.729
0.626
0.504
0.649
0.566
0.569
0.466
0.532
0.593
0.614
0.623
0.655
0.481
0.469
0.469
0.572
0.486
0.563
0.833
0.486
0.604
0.424
0.482
0.375
0.402
0.357
0.488
0.736
0.721
0.915
0.924
0.665
0.676
0.533
0.475
0.501
0.485
0.476
0.527
0.658
0.575
0.447
0.457
0.630
0.561
0.528
0.689
0.568
0.569
0.539
0.557
0.490
0.598
0.671
0.641
0.552
0.467
0.371
0.511
0.594
0.642
0.822
0.700
0.594
0.720
0.872
0.562
0.471
0.410
0.533
0.577
0.566
0.589
0.564
0.550
0.506
0.513
0.678
0.797
0.628
0.764
0.631
0.602
0.609
0.713
0.605
0.410
0.361
0.507
0.500
0.614
0.845
0.615
0.611
0.629
0.747
0.690
0.964
0.780
0.849
0.918
0.952
0.948
0.866
0.939
0.947
0.961
0.908
0.877
0.620
0.638
0.937
0.736
0.942
0.897
0.971
0.664
0.628
0.689
0.847
0.892
0.973
0.967
0.902
0.970
0.921
0.639
0.835
-99.000
-99.000
-99.000
-99.000
-99.000
-99.000
-99.000
-99.000
0.908
0.914
0.907
0.946
0.895
0.952
0.913
0.935
0.964
0.960
0.853
0.783
0.744
0.873
0.974
0.913
0.836
0.821
0.829
0.806
0.900
0.930
0.900
0.807
0.922
0.910
0.920
0.928
0.904
0.810
0.792
0.893
0.916
0.962
0.880
0.763
0.712
0.933
0.928
0.950
0.588
0.531
0.603
0.620
0.606
0.515
0.652
0.696
0.901
0.852
0.953
0.911
0.857
0.886
0.868
0.915
0.960
0.925
0.911
0.824
0.833
0.929
0.960
0.811
0.941
0.877
0.771
0.754
0.934
0.972
0.732
0.629
0.557
0.561
0.515
0.558
0.614
0.810
0.961
0.937
0.874
0.928
0.930
0.925
0.754
0.733
0.956
0.967
0.887
0.915
0.924
0.975
0.976
0.742
0.681
0.862
0.720
0.783
0.917
0.857
0.707
0.793
0.829
0.755
0.962
0.861
0.964
0.973
0.760
0.671
0.875
0.918
0.904
0.845
0.798
0.846
0.946
0.901
0.925
0.824
0.875
0.814
0.773
0.761
0.841
0.942
0.967
0.840
0.903
0.597
0.634
0.659
0.664
0.728
0.761
0.867
0.891
0.934
0.781
0.752
0.909
0.898
0.795
0.796
0.650
0.554
0.660
0.758
0.703
0.614
0.757
0.772
0.729
0.699
0.892
0.730
0.884
0.929
0.748
0.656
0.623
0.653
0.640
0.870
0.808
0.919
0.980
0.800
0.629
0.630
0.700
0.623
0.601
0.661
0.821
0.497
0.608
0.673
0.589
0.579
0.626
0.821
0.873
0.716
0.659
0.584
0.616
0.583
0.577
0.697
0.769
0.674
0.672
0.721
0.625
0.535
0.527
0.603
0.571
0.635
0.645
0.555
0.510
0.525
0.566
0.564
0.622
0.748
0.607
0.687
0.703
0.370
0.441
0.454
0.504
0.559
0.614
0.838
0.553
0.477
0.530
0.527
0.543
0.416
0.416
0.423
0.484
0.470
0.438
0.448
0.404
0.330
0.350
0.352
0.373
0.350
0.407
0.399
0.494
0.397
0.420
0.429
0.327
0.355
0.480
0.525
0.433
0.371
0.413
0.420
0.486
0.489
0.477
0.467
0.425
0.446
0.322
0.366
0.503
0.541
0.451
0.417
0.413
0.686
0.553
0.463
0.325
0.290
0.466
0.485
0.540
0.486
0.465
0.480
0.693
0.433
0.444
0.554
0.480
0.556
0.509
0.550
0.494
0.477
0.443
0.779
0.772
0.579
0.578
0.872
0.579
0.802
0.927
0.835
0.846
0.764
0.654
0.598
0.758
0.922
0.730
0.528
0.471
0.617
0.499
0.598
0.642
0.553
0.520
0.542
0.507
0.555
0.475
0.641
0.906
0.974
0.691
0.758
0.833
0.952
0.719
0.598
0.792
0.964
0.734
0.785
0.662
0.628
0.730
0.890
0.755
0.961
0.824
0.691
0.925
0.734
0.624
0.791
0.878
0.840
0.725
0.648
0.783
0.971
0.670
0.773
0.874
0.684
0.778
0.608
0.702
0.940
0.782
0.705
0.742
0.909
0.814
0.944
0.954
0.750
0.660
0.754
0.867
0.676
0.723
0.825
0.751
0.618
0.590
0.618
0.797
0.957
0.797
0.859
0.956
0.830
0.953
0.945
0.943
0.922
0.950
0.825
0.723
0.928
0.963
0.842
0.810
0.737
0.963
0.777
0.918
0.917
0.935
0.889
0.715
0.798
0.835
0.954
0.888
0.902
0.808
0.777
0.696
0.853
0.956
0.975
0.928
0.845
0.758
0.932
0.957
0.980
0.853
0.939
0.948
0.781
0.870
0.858
0.892
0.916
0.908
0.921
0.764
0.776
0.802
0.806
0.812
0.812
0.701
0.630
0.638
0.874
0.956
0.919
0.805
0.877
0.898
0.980
0.935
0.798
0.702
0.802
0.922
0.884
0.841
0.946
0.805
0.724
0.817
0.871
0.753
0.953
0.924
0.926
0.942
0.840
0.876
0.868
0.821
0.972
0.975
0.916
0.847
0.818
0.974
0.887
0.783
0.953
0.888
0.974
0.775
0.848
0.876
0.936
0.922
0.927
0.875
0.959
0.828
0.919
0.859
0.957
0.832
0.852
0.683
0.731
0.754
0.724
0.717
0.864
0.865
0.736
0.728
0.830
0.728
0.771
0.877
0.881
0.867
0.803
0.942
0.898
0.706
0.752
0.714
0.910
0.965
0.960
0.745
0.848
0.975
0.806
0.728
0.826
0.713
0.837
0.966
0.821
0.682
0.768
0.859
0.609
0.641
0.704
0.801
0.740
0.706
0.666
0.695
0.654
0.580
0.635
0.625
0.756
0.735
0.684
0.700
0.722
0.735
0.663
0.674
0.762
0.631
0.658
0.713
0.586
0.583
0.644
0.763
0.657
0.606
0.651
0.838
0.983
0.848
0.670
0.550
0.514
0.440
0.483
0.534
0.573
0.597
0.650
0.564
0.453
0.335
0.431
0.506
0.485
0.430
0.444
0.418
0.511
0.562
0.467
0.465
0.502
0.573
0.569
0.501
0.409
0.401
0.392
0.413
0.420
0.547
0.390
0.388
0.525
0.386
0.448
0.436
0.542
0.464
0.423
0.396
0.347
0.360
0.423
0.473
0.275
0.262
0.275
0.410
0.468
0.462
0.501
0.425
0.377
0.377
0.273
0.282
0.282
0.359
0.371
0.401
0.472
0.602
0.549
0.480
0.426
0.510
0.759
0.557
0.601
0.514
0.462
0.411
0.414
0.407
0.569
0.587
0.603
0.433
0.454
0.450
0.356
0.307
0.361
0.443
0.563
0.539
0.942
0.635
0.445
0.539
0.583
0.707
0.597
0.615
0.682
0.710
0.577
0.708
0.748
0.574
0.578
0.625
0.648
0.802
0.576
0.535
0.468
0.466
0.600
0.450
0.434
0.469
0.573
0.776
0.635
0.421
0.370
0.390
0.503
0.540
0.579
0.685
0.535
0.579
0.614
0.620
0.882
0.792
0.776
0.835
0.826
0.627
0.743
0.894
0.957
0.883
0.714
0.580
0.709
0.684
0.977
0.975
0.968
0.976
0.881
0.658
0.615
0.917
0.956
0.915
0.756
0.955
0.951
0.976
0.805
0.917
0.843
0.792
0.919
0.953
0.889
0.810
0.882
0.808
0.943
0.816
0.925
0.972
0.883
0.964
0.950
0.842
0.924
0.686
0.857
0.934
0.970
0.795
0.927
0.843
0.882
0.979
0.969
0.867
0.874
0.845
0.857
0.781
0.926
0.891
0.966
0.981
0.958
0.939
0.882
0.853
0.858
0.891
0.901
0.912
0.955
0.901
0.888
0.875
0.911
0.943
0.975
0.948
0.873
0.802
0.851
0.811
0.920
0.960
0.917
0.874
0.881
0.728
0.762
0.712
0.692
0.801
0.823
0.919
0.779
0.825
0.926
0.958
0.947
0.980
0.784
0.746
0.906
0.822
0.899
0.898
0.875
0.875
0.949
0.958
0.930
0.936
0.949
0.804
0.960
0.841
0.807
0.834
0.932
0.877
0.955
0.781
0.867
0.795
0.841
0.974
0.947
0.861
0.897
0.975
0.886
0.829
0.966
0.974
0.976
0.974
0.910
0.849
0.889
0.963
0.863
0.874
0.902
0.966
0.963
0.867
0.864
0.847
0.957
0.904
0.965
0.914
0.941
0.770
0.742
0.841
0.969
0.787
0.880
0.949
0.879
0.895
0.962
0.942
0.980
0.956
0.956
0.908
0.956
0.867
0.577
0.596
0.626
0.644
0.668
0.732
0.916
0.803
0.714
0.948
0.936
0.874
0.745
0.656
0.640
0.606
0.666
0.668
0.810
0.836
0.716
0.831
0.819
0.937
0.937
0.939
0.851
0.828
0.800
0.910
0.775
0.746
0.805
0.764
0.921
0.964
0.753
0.769
0.682
0.745
0.898
0.920
0.866
0.760
0.777
0.669
0.667
0.712
0.838
0.792
0.784
0.724
0.764
0.786
0.912
0.879
0.857
0.803
0.704
0.705
0.384
0.403
0.421
0.586
0.662
0.651
0.777
0.710
0.684
0.603
0.608
0.646
0.655
0.631
0.627
0.702
0.579
0.600
0.615
0.916
0.958
0.827
0.791
0.752
0.853
0.872
0.811
0.621
0.675
0.644
0.818
0.537
0.630
0.642
0.570
0.548
0.459
0.436
0.510
0.470
0.496
0.464
0.527
0.589
0.597
0.601
0.580
0.622
0.724
0.667
0.630
0.518
0.473
0.519
0.447
0.606
0.496
0.883
0.674
0.592
0.595
0.536
0.483
0.583
0.482
0.441
0.477
0.587
0.517
0.568
0.630
0.768
0.346
0.263
0.291
0.383
0.330
0.434
0.481
0.489
0.554
0.897
0.502
0.433
0.390
0.535
0.513
0.519
0.439
0.835
0.723
0.537
0.572
0.523
0.569
0.547
0.519
0.640
0.689
0.675
0.576
0.563
0.768
0.879
0.482
0.511
0.533
0.595
0.557
0.673
0.601
0.722
0.917
0.729
0.331
0.457
0.618
0.692
0.750
0.727
0.846
0.965
0.930
0.845
0.907
0.750
0.888
0.840
0.733
0.737
0.826
0.586
0.509
0.697
0.463
0.404
0.556
0.742
0.895
0.901
0.975
0.872
0.699
0.509
0.672
0.848
0.746
0.572
0.538
0.582
0.583
0.632
0.672
0.582
0.805
0.863
0.647
0.605
0.629
0.829
0.843
0.959
0.917
0.719
0.558
0.866
0.864
0.645
0.657
0.791
0.878
0.817
0.900
0.919
0.904
0.917
0.899
0.967
0.953
0.923
0.951
0.916
0.924
0.947
0.937
0.938
0.902
0.838
0.815
0.951
0.926
0.903
0.798
0.814
0.841
0.889
0.962
0.971
0.842
0.849
0.941
0.956
0.926
0.894
0.800
0.870
0.947
0.854
0.897
0.946
0.920
0.829
0.915
0.875
0.951
0.827
0.959
0.960
0.959
0.962
0.956
0.933
0.920
0.929
0.939
0.774
0.854
0.947
0.977
0.983
0.890
0.783
0.731
0.872
0.898
0.978
0.866
0.788
0.790
0.761
0.943
0.972
0.878
0.867
0.963
0.910
0.954
0.895
0.944
0.871
0.930
0.898
0.710
0.892
0.877
0.962
0.981
0.853
0.845
0.948
0.813
0.824
0.827
0.882
0.943
0.961
0.965
0.962
0.944
0.915
0.842
0.929
0.875
0.966
0.891
0.966
0.860
0.961
0.908
0.847
0.924
0.947
0.877
0.872
0.862
0.958
0.929
0.777
0.733
0.771
0.749
0.932
0.944
0.916
0.850
0.806
0.786
0.760
0.965
0.801
0.847
0.814
0.955
0.919
0.945
0.915
0.940
0.906
0.806
0.884
0.932
0.887
0.874
0.962
0.753
0.711
0.784
0.567
0.640
0.607
0.499
0.516
0.614
0.641
0.711
0.813
0.854
0.878
0.962
0.976
0.965
0.935
0.928
0.891
0.853
0.878
0.878
0.768
0.679
0.763
0.724
0.721
0.670
0.631
0.613
0.633
0.618
0.669
0.617
0.671
0.655
0.712
0.656
0.886
0.963
0.928
0.763
0.688
0.709
0.724
0.738
0.750
0.677
0.586
0.564
0.643
0.520
0.528
0.649
0.922
0.657
0.501
0.470
0.599
0.620
0.632
0.748
0.689
0.593
0.595
0.678
0.500
0.604
0.685
0.586
0.570
0.509
0.449
0.333
0.280
0.322
0.500
0.630
0.613
0.612
0.503
0.473
0.484
0.445
0.478
0.430
0.375
0.407
0.358
0.450
0.654
0.580
0.769
0.623
0.585
0.679
0.810
0.511
0.367
0.556
0.469
0.454
0.492
0.517
0.468
0.472
0.614
0.579
0.510
0.499
0.569
0.541
0.545
0.551
0.648
0.556
0.452
0.465
0.524
0.775
0.362
0.379
0.393
0.360
0.398
0.392
0.531
0.446
0.411
0.600
0.406
0.291
0.358
0.372
0.374
0.425
0.632
0.702
0.663
0.719
0.495
0.528
0.482
0.536
0.434
0.423
0.414
0.362
0.440
0.476
0.500
0.597
0.754
0.702
0.628
0.862
0.849
0.628
0.628
0.563
0.666
0.840
0.615
0.539
0.478
0.490
0.459
0.582
0.590
0.570
0.606
0.525
0.702
0.749
0.514
0.515
0.721
0.831
0.681
0.547
0.523
0.453
0.502
0.623
0.731
0.522
0.758
0.736
0.562
0.625
0.604
0.615
0.729
0.676
0.900
0.657
0.600
0.591
0.677
0.562
0.858
0.647
0.800
0.865
0.779
0.674
0.675
0.662
0.873
0.975
0.754
0.920
0.970
0.592
0.937
0.705
0.539
0.656
0.738
0.756
0.879
0.955
0.959
0.799
0.652
0.603
0.912
0.810
0.681
0.805
0.924
0.964
0.933
0.832
0.780
0.723
0.771
0.898
0.919
0.845
0.819
0.897
0.951
0.962
0.965
0.914
0.885
0.964
0.918
0.778
0.854
0.942
0.935
0.852
0.757
0.756
0.906
0.823
0.870
0.960
0.947
0.906
0.928
0.846
0.802
0.884
0.713
0.879
0.955
0.960
0.902
0.886
0.829
0.910
0.786
0.719
0.871
0.916
0.861
0.836
0.962
0.864
0.961
0.921
0.946
0.690
0.707
0.892
0.793
0.750
0.889
0.949
0.954
0.904
0.945
0.969
0.960
0.958
0.942
0.885
0.780
0.840
0.888
0.841
0.866
0.945
0.904
0.963
0.931
0.740
0.863
0.872
0.944
0.892
0.690
0.606
0.566
0.652
0.696
0.822
0.760
0.895
0.915
0.924
0.805
0.938
0.822
0.833
0.944
0.767
0.904
0.901
0.902
0.923
0.799
0.874
0.820
0.910
0.872
0.667
0.674
0.703
0.734
0.798
0.710
0.725
0.858
0.890
0.866
0.902
0.925
0.918
0.886
0.907
0.935
0.808
0.771
0.735
0.756
0.707
0.707
0.891
0.744
0.902
0.730
0.731
0.652
0.650
0.590
0.758
0.795
0.844
0.843
0.703
0.681
0.698
0.778
0.732
0.754
0.836
0.734
0.676
0.652
0.687
0.893
0.941
0.961
0.844
0.644
0.654
0.712
0.637
0.691
0.707
0.611
0.655
0.825
0.751
0.718
0.702
0.793
0.780
0.797
0.799
0.645
0.626
0.602
0.738
0.654
0.589
0.472
0.601
0.672
0.530
0.597
0.576
0.586
0.602
0.596
0.642
0.602
0.788
0.960
0.659
0.559
0.631
0.566
0.556
0.512
0.636
0.589
0.598
0.523
0.609
0.566
0.444
0.511
0.508
0.558
0.497
0.534
0.598
0.753
0.379
0.406
0.442
0.481
0.551
0.551
0.606
0.597
0.832
0.568
0.471
0.412
0.280
0.252
0.259
0.368
0.398
0.492
0.356
0.389
0.631
0.411
0.388
0.407
0.471
0.578
0.371
0.426
0.462
0.304
0.258
0.300
0.400
0.330
0.480
0.487
0.433
0.506
0.383
0.372
0.384
0.415
0.399
0.412
0.441
0.452
0.561
0.726
0.494
0.432
0.470
0.465
0.450
0.515
0.513
0.436
0.487
0.505
0.496
0.499
0.496
0.390
0.433
0.486
0.501
0.428
0.344
0.368
0.385
0.387
0.406
0.384
0.321
0.398
0.407
0.443
0.491
0.545
0.588
0.501
0.511
0.464
0.575
0.583
0.785
0.664
0.737
0.651
0.619
0.688
0.639
0.643
0.547
0.845
0.551
0.584
0.743
0.733
0.602
0.522
0.538
0.653
0.636
0.772
0.692
0.846
0.594
0.797
0.841
0.923
0.663
0.645
0.590
0.675
0.569
0.712
0.874
0.637
0.563
0.622
0.594
0.700
0.713
0.599
0.619
0.660
0.618
0.605
0.471
0.563
0.616
0.617
0.768
0.661
0.645
0.610
0.578
0.762
0.846
0.641
0.819
0.663
0.910
0.699
0.721
0.605
0.828
0.696
0.795
0.943
0.668
0.889
0.822
0.925
0.885
0.599
0.731
0.601
0.576
0.621
0.613
0.798
0.620
0.678
0.626
0.615
0.803
0.804
0.921
0.917
0.957
0.864
0.957
0.763
0.609
0.555
0.607
0.585
0.887
0.635
0.740
0.653
0.602
0.592
0.726
0.818
0.791
0.667
0.649
0.609
0.669
0.601
0.595
0.917
0.862
0.957
0.975
0.926
0.871
0.945
0.727
0.776
0.618
0.864
0.903
0.923
0.973
0.825
0.965
0.931
0.953
0.755
0.893
0.910
0.962
0.912
0.895
0.912
0.876
0.779
0.866
0.797
0.980
0.916
0.944
0.916
0.917
0.911
0.908
0.913
0.740
0.887
0.924
0.979
0.961
0.682
0.611
0.695
0.865
0.794
0.955
0.884
0.844
0.821
0.851
0.935
0.829
0.946
0.912
0.962
0.912
0.770
0.812
0.833
0.900
0.780
0.617
0.616
0.734
0.779
0.948
0.851
0.958
0.930
0.951
0.897
0.821
0.864
0.912
0.813
0.734
0.640
0.679
0.894
0.915
0.901
0.881
0.729
0.919
0.955
0.800
0.734
0.698
0.813
0.883
0.923
0.731
0.658
0.655
0.776
0.803
0.855
0.650
0.859
0.913
0.944
0.894
0.691
0.657
0.661
0.739
0.903
0.939
0.879
0.806
0.729
0.649
0.761
0.695
0.623
0.610
0.605
0.794
0.832
0.685
0.566
0.652
0.694
0.715
0.658
0.596
0.569
0.554
0.588
0.611
0.613
0.638
0.605
0.548
0.644
0.944
0.823
0.878
0.884
0.813
0.819
0.713
0.622
0.830
0.549
0.519
0.587
0.645
0.604
0.584
0.569
0.584
0.870
0.856
0.854
0.848
0.731
0.638
0.709
0.507
0.443
0.406
0.569
0.618
0.654
0.509
0.469
0.542
0.559
0.482
0.457
0.558
0.465
0.507
0.462
0.523
0.460
0.412
0.550
0.379
0.426
0.406
0.399
0.447
0.482
0.497
0.626
0.900
0.890
0.841
0.739
0.673
0.833
0.663
0.535
0.496
0.388
0.457
0.483
0.537
0.686
0.725
0.588
0.576
0.688
0.715
0.717
0.595
0.557
0.548
0.630
0.758
0.677
0.838
0.959
0.734
0.585
0.512
0.708
0.613
0.492
0.515
0.544
0.577
0.639
0.662
0.591
0.592
0.535
0.495
0.527
0.500
0.521
0.531
0.497
0.627
0.590
0.616
0.831
0.606
0.620
0.671
0.587
0.455
0.450
0.424
0.397
0.537
0.530
0.641
0.619
0.641
0.610
0.497
0.456
0.446
0.492
0.398
0.398
0.453
0.712
0.566
0.488
0.478
0.583
0.654
0.321
0.349
0.420
0.483
0.581
0.695
0.562
0.607
0.539
0.612
0.615
0.864
0.811
0.975
0.681
0.821
0.655
0.943
0.703
0.616
0.626
0.722
0.558
0.580
0.599
0.675
0.904
0.794
0.950
0.741
0.957
0.910
0.955
0.875
0.829
0.889
0.971
0.937
0.640
0.670
0.775
0.954
0.883
0.774
0.832
0.731
0.939
0.745
0.946
0.895
0.905
0.652
0.633
0.721
0.857
0.940
0.969
0.910
0.900
0.841
0.966
0.910
0.951
0.948
0.873
0.925
0.924
0.942
0.947
0.912
0.907
0.959
0.964
0.954
0.871
0.938
0.914
0.933
0.910
0.939
0.971
0.961
0.899
0.903
0.931
0.913
0.921
0.953
0.932
0.843
0.911
0.959
0.968
0.963
0.939
0.961
0.902
0.803
0.790
0.882
0.957
0.982
0.812
0.895
0.949
0.878
0.939
0.822
0.762
0.712
0.884
0.865
0.956
0.939
0.968
0.944
0.894
0.905
0.971
0.949
0.969
0.920
0.964
0.917
0.841
0.959
0.930
0.902
0.899
0.893
0.939
0.942
0.857
0.960
0.900
0.888
0.920
0.971
0.981
0.887
0.871
0.885
0.962
0.916
0.959
0.978
0.911
0.934
0.892
0.960
0.909
0.982
0.937
0.945
0.879
0.838
0.828
0.808
0.904
0.917
0.952
0.959
0.891
0.932
0.972
0.788
0.864
0.983
0.858
0.853
0.815
0.752
0.962
0.956
0.872
0.749
0.792
0.740
0.853
0.808
0.908
0.960
0.951
0.946
0.890
0.863
0.742
0.792
0.728
0.801
0.948
0.725
0.687
0.649
0.708
0.729
0.662
0.711
0.913
0.952
0.962
0.919
0.964
0.712
0.705
0.736
0.737
0.813
0.889
0.753
0.728
0.791
0.705
0.801
0.927
0.943
0.809
0.747
0.720
0.721
0.673
0.746
0.865
0.894
0.923
0.601
0.678
0.689
0.682
0.732
0.768
0.860
0.706
0.656
0.712
0.645
0.709
0.738
0.761
0.936
0.824
0.719
0.731
0.940
0.762
0.695
0.730
0.621
0.599
0.643
0.504
0.604
0.664
0.667
0.710
0.652
0.645
0.540
0.524
0.623
0.465
0.520
0.530
0.544
0.562
0.561
0.633
0.535
0.544
0.614
0.511
0.439
0.377
0.410
0.490
0.411
0.569
0.732
0.815
0.724
0.561
0.484
0.468
0.495
0.658
0.541
0.529
0.566
0.567
0.521
0.579
0.517
0.449
0.472
0.508
0.547
0.550
0.515
0.472
0.616
0.496
0.376
0.323
0.351
0.380
0.455
0.548
0.560
0.680
0.506
0.468
0.424
0.346
0.412
0.459
0.473
0.488
0.457
0.432
0.464
0.479
0.475
0.423
0.537
0.610
0.495
0.462
0.446
0.526
0.540
0.481
0.508
0.432
0.512
0.356
0.329
0.376
0.416
0.409
0.554
0.688
0.534
0.568
0.534
0.483
0.529
0.861
0.652
0.598
0.575
0.644
0.636
0.682
0.838
0.674
0.922
0.638
0.744
0.925
0.862
0.873
0.711
0.603
0.563
0.564
0.539
0.669
0.552
0.818
0.719
0.831
0.890
0.881
0.805
0.590
0.831
0.870
0.933
0.932
0.621
0.566
0.546
0.586
0.806
0.895
0.953
0.888
0.714
0.635
0.712
0.804
0.871
0.695
0.728
0.935
0.788
0.730
0.856
0.941
0.791
0.820
0.657
0.650
0.642
0.785
0.946
0.888
0.817
0.859
0.945
0.941
0.702
0.826
0.818
0.906
0.920
0.974
0.783
0.659
0.622
0.730
0.928
0.839
0.625
0.841
0.938
0.837
0.939
0.835
0.886
0.902
0.833
0.699
0.758
0.646
0.683
0.782
0.886
0.793
0.943
0.936
0.913
0.973
0.735
0.882
0.908
0.800
0.823
0.911
0.929
0.897
0.878
0.917
0.907
0.873
0.832
0.837
0.928
0.911
0.965
0.935
0.961
0.972
0.888
0.973
0.815
0.867
0.923
0.947
0.957
0.896
0.927
0.951
0.962
0.864
0.831
0.915
0.851
0.883
0.937
0.976
0.847
0.942
0.826
0.710
0.670
0.620
0.630
0.547
0.550
0.732
0.754
0.799
0.662
0.783
0.961
0.892
0.954
0.972
0.810
0.948
0.971
0.939
0.949
0.948
0.963
0.980
0.866
0.885
0.955
0.973
0.872
0.897
0.856
0.879
0.870
0.936
0.977
0.985
0.851
0.887
0.926
0.812
0.831
0.767
0.964
0.808
0.749
0.882
0.951
0.805
0.807
0.942
0.966
0.861
0.796
0.840
0.921
0.944
0.856
0.946
0.824
0.902
0.747
0.910
0.800
0.944
0.831
0.939
0.922
0.959
0.961
0.934
0.804
0.708
0.688
0.708
0.707
0.729
0.764
0.742
0.811
0.854
0.953
0.961
0.956
0.817
0.753
0.903
0.919
0.926
0.834
0.792
0.826
0.768
0.903
0.820
0.722
0.754
0.945
0.712
0.684
0.735
0.615
0.716
0.721
0.761
0.830
0.708
0.782
0.681
0.851
0.901
0.730
0.678
0.731
0.940
0.342
0.423
0.577
0.594
0.628
0.767
0.789
0.866
0.726
0.666
0.661
0.672
0.680
0.544
0.449
0.439
0.621
0.682
0.615
0.656
0.602
0.633
0.600
0.575
0.580
0.586
0.676
0.851
0.711
0.666
0.688
0.632
0.676
0.605
0.568
0.537
0.510
0.515
0.553
0.454
0.554
0.542
0.548
0.509
0.503
0.808
0.440
0.410
0.492
0.622
0.465
0.425
0.369
0.397
0.541
0.302
0.297
0.348
0.350
0.339
0.435
0.548
0.418
0.450
0.386
0.396
0.409
0.409
0.363
0.340
0.294
0.322
0.433
0.442
0.465
0.292
0.323
0.359
0.403
0.441
0.507
0.516
0.707
0.594
0.590
0.442
0.465
0.420
0.470
0.604
0.480
0.431
0.558
0.516
0.374
0.481
0.735
0.774
0.661
0.570
0.693
0.500
0.579
0.454
0.351
0.314
0.372
0.532
0.578
0.767
0.942
0.636
0.516
0.449
0.459
0.509
0.530
0.822
0.615
0.556
0.539
0.598
0.529
0.624
0.512
0.789
0.790
0.625
0.660
0.676
0.722
0.592
0.526
0.578
0.491
0.442
0.520
0.556
0.596
0.612
0.489
0.464
0.565
0.432
0.552
0.512
0.556
0.560
0.639
0.405
0.334
0.475
0.522
0.575
0.730
0.796
0.895
0.832
0.796
0.809
0.898
0.969
0.972
0.943
0.807
0.875
0.843
0.869
0.900
0.870
0.903
0.785
0.956
0.691
0.850
0.961
0.702
0.657
0.696
0.691
0.874
0.946
0.808
0.922
0.703
0.837
0.905
0.962
0.860
0.817
0.934
0.789
0.773
0.936
0.857
0.902
0.725
0.636
0.816
0.716
0.861
0.957
0.896
0.758
0.765
0.884
0.776
0.867
0.938
0.848
0.891
0.749
0.886
0.935
0.775
0.904
0.931
0.922
0.919
0.729
0.790
0.805
0.863
0.672
0.773
0.832
0.956
0.845
0.892
0.887
0.930
0.730
0.868
0.857
0.909
0.920
0.854
0.974
0.929
0.712
0.748
0.916
0.973
0.934
0.914
0.965
0.809
0.937
0.956
0.968
0.958
0.963
0.915
0.959
0.819
0.933
0.955
0.977
0.850
0.905
0.976
0.974
0.978
0.961
0.897
0.946
0.838
0.946
0.968
0.865
0.804
0.822
0.822
0.739
0.858
0.796
0.870
0.932
0.827
0.763
0.935
0.875
0.855
0.847
0.831
0.930
0.942
0.942
0.909
0.967
0.619
0.554
0.582
0.656
0.790
0.735
0.921
0.887
0.916
0.814
0.598
0.681
0.766
0.688
0.788
0.800
0.869
0.876
0.811
0.873
0.936
0.964
0.824
0.915
0.963
0.927
0.784
0.670
0.752
0.708
0.755
0.718
0.788
0.834
0.959
0.973
0.908
0.706
0.708
0.715
0.706
0.708
0.589
0.556
0.593
0.628
0.645
0.623
0.630
0.692
0.834
0.813
0.705
0.684
0.681
0.587
0.800
0.798
0.775
0.806
0.880
0.681
0.634
0.625
0.541
0.456
0.603
0.690
0.550
0.555
0.670
0.598
0.569
0.634
0.860
0.757
0.711
0.922
0.745
0.667
0.631
0.651
0.681
0.710
0.655
0.654
0.670
0.784
0.780
0.719
0.860
0.754
0.738
0.704
0.690
0.662
0.602
0.749
0.602
0.511
0.400
0.427
0.505
0.530
0.607
0.558
0.654
0.609
0.648
0.711
0.790
0.759
0.576
0.562
0.769
0.708
0.636
0.580
0.507
0.503
0.559
0.535
0.536
0.572
0.564
0.505
0.596
0.468
0.356
0.330
0.369
0.440
0.628
0.556
0.402
0.370
0.398
0.321
0.265
0.283
0.325
0.344
0.331
0.334
0.276
0.324
0.304
0.256
0.366
0.430
0.490
0.563
0.577
0.602
0.655
0.557
0.509
0.374
0.523
0.411
0.399
0.406
0.310
0.351
0.373
0.408
0.427
0.496
0.466
0.472
0.535
0.429
0.400
0.358
0.417
0.458
0.437
0.355
0.386
0.432
0.515
0.628
0.567
0.607
0.593
0.869
0.607
0.545
0.562
0.487
0.608
0.514
0.470
0.469
0.470
0.448
0.477
0.417
0.557
0.660
0.887
0.610
0.498
0.436
0.412
0.367
0.504
0.499
0.532
0.513
0.526
0.683
0.685
0.678
0.920
0.703
0.739
0.608
0.754
0.594
0.722
0.764
0.656
0.655
0.665
0.622
0.884
0.916
0.906
0.906
0.947
0.627
0.600
0.887
0.963
0.982
0.831
0.966
0.939
0.963
0.981
0.905
0.788
0.885
0.789
0.899
0.738
0.673
0.607
0.878
0.973
0.818
0.939
0.624
0.863
0.874
0.952
0.915
0.799
0.856
0.876
0.953
0.943
0.768
0.903
0.936
0.826
0.936
0.775
0.780
0.765
0.906
0.932
0.813
0.797
0.960
0.965
0.864
0.961
0.961
0.971
0.875
0.898
0.948
0.914
0.901
0.845
0.919
0.922
0.892
0.883
0.872
0.892
0.940
0.972
0.899
0.781
0.755
0.686
0.765
0.900
0.868
0.951
0.978
0.856
0.941
0.966
0.781
0.819
0.924
0.889
0.977
0.956
0.860
0.937
0.926
0.935
0.955
0.938
0.841
0.887
0.933
0.869
0.963
0.959
0.981
0.910
0.918
0.982
0.896
0.809
0.877
0.889
0.901
0.944
0.850
0.856
0.927
0.814
0.907
0.949
0.953
0.882
0.755
0.743
0.953
0.976
0.936
0.856
0.918
0.926
0.933
0.919
0.815
0.924
0.956
0.964
0.963
0.979
0.900
0.734
0.944
0.864
0.806
0.890
0.861
0.865
0.914
0.890
0.918
0.957
0.934
0.834
0.697
0.647
0.666
0.817
0.756
0.838
0.815
0.949
0.930
0.843
0.967
0.974
0.919
0.840
0.693
0.644
0.711
0.715
0.745
0.829
0.855
0.858
0.861
0.726
0.793
0.954
0.982
0.953
0.938
0.881
0.754
0.780
0.894
0.908
0.876
0.927
0.857
0.927
0.799
0.797
0.807
0.867
0.930
0.817
0.718
0.677
0.673
0.653
0.737
0.745
0.661
0.594
0.651
0.743
0.698
0.677
0.721
0.793
0.810
0.733
0.907
0.827
0.769
0.692
0.630
0.544
0.638
0.646
0.737
0.834
0.925
0.571
0.521
0.678
0.696
0.693
0.634
0.734
0.640
0.645
0.613
0.659
0.659
0.558
0.512
0.662
0.625
0.501
0.557
0.541
0.517
0.512
0.665
0.539
0.433
0.497
0.601
0.517
0.580
0.547
0.480
0.492
0.512
0.482
0.448
0.415
0.393
0.385
0.476
0.717
0.644
0.693
0.610
0.665
0.604
0.620
0.507
0.470
0.554
0.478
0.646
0.510
0.589
0.547
0.770
0.656
0.575
0.574
0.553
0.584
0.695
0.869
0.517
0.513
0.450
0.443
0.464
0.613
0.607
0.678
0.730
0.462
0.518
0.526
0.699
0.409
0.447
0.356
0.351
0.480
0.433
0.345
0.405
0.326
0.395
0.433
0.615
0.547
0.655
0.594
0.586
0.457
0.512
0.414
0.443
0.357
0.530
0.528
0.489
0.538
0.556
0.545
0.511
0.451
0.499
0.503
0.566
0.554
0.796
0.446
0.388
0.463
0.513
0.517
0.485
0.553
0.518
0.698
0.625
0.599
0.631
0.581
0.671
0.650
0.598
0.509
0.561
0.540
0.634
0.759
0.680
0.576
0.535
0.611
0.934
0.923
0.698
0.692
0.539
0.507
0.638
0.798
0.898
0.670
0.917
0.848
0.672
0.541
0.840
0.900
0.686
0.566
0.604
0.491
0.607
0.827
0.797
0.842
0.917
0.961
0.782
0.907
0.787
0.706
0.863
0.867
0.655
0.724
0.867
0.858
0.688
0.646
0.579
0.596
0.564
0.574
0.501
0.535
0.555
0.681
0.597
0.645
0.598
0.784
0.789
0.923
0.916
0.883
0.854
0.793
0.659
0.645
0.655
0.865
0.929
0.825
0.926
0.905
0.973
0.912
0.968
0.855
0.892
0.802
0.798
0.911
0.963
0.981
0.972
0.975
0.824
0.800
0.656
0.700
0.822
0.785
0.725
0.957
0.958
0.927
0.939
0.940
0.854
0.913
0.955
0.885
0.907
0.881
0.972
0.940
0.882
0.896
0.861
0.940
0.893
0.977
0.968
0.972
0.932
0.977
0.981
0.872
0.808
0.803
0.962
0.867
0.880
0.938
0.818
0.901
0.920
0.876
0.844
0.936
0.877
0.950
0.978
0.875
0.933
0.956
0.972
0.969
0.918
0.933
0.971
0.888
0.907
0.875
0.864
0.898
0.956
0.923
0.968
0.980
0.800
0.642
0.600
0.564
0.617
0.672
0.660
0.795
0.850
0.894
0.949
0.790
0.922
0.965
0.896
0.865
0.943
0.924
0.929
0.921
0.841
0.800
0.818
0.916
0.958
0.967
0.849
0.890
0.964
0.903
0.911
0.899
0.880
0.944
0.891
0.942
0.948
0.695
0.625
0.699
0.718
0.744
0.726
0.695
0.899
0.906
0.885
0.877
0.974
0.921
0.970
0.781
0.842
0.708
0.805
0.813
0.737
0.799
0.775
0.762
0.869
0.796
0.784
0.766
0.740
0.867
0.947
0.793
0.755
0.953
0.930
0.913
0.825
0.849
0.789
0.905
0.819
0.760
0.813
0.834
0.793
0.710
0.761
0.788
0.720
0.677
0.645
0.619
0.629
0.745
0.769
0.890
0.798
0.703
0.736
0.631
0.582
0.569
0.561
0.636
0.684
0.597
0.585
0.617
0.579
0.537
0.530
0.594
0.539
0.575
0.733
0.609
0.614
0.542
0.537
0.539
0.524
0.552
0.528
0.580
0.555
0.582
0.664
0.610
0.671
0.802
0.746
0.875
0.905
0.798
0.658
0.594
0.464
0.411
0.412
0.565
0.609
0.575
0.491
0.514
0.596
0.649
0.688
0.720
0.665
0.767
0.821
0.733
0.589
0.549
0.434
0.433
0.347
0.389
0.411
0.437
0.411
0.568
0.466
0.448
0.463
0.518
0.456
0.447
0.440
0.478
0.625
0.489
0.508
0.578
0.542
0.789
0.543
0.591
0.435
0.373
0.372
0.519
0.483
0.457
0.507
0.897
0.872
0.602
0.486
0.475
0.536
0.534
0.418
0.412
0.481
0.550
0.590
0.613
0.579
0.452
0.495
0.617
0.582
0.452
0.448
0.468
0.620
0.557
0.576
0.577
0.751
0.858
0.868
0.829
0.594
0.523
0.498
0.475
0.626
0.656
0.628
0.541
0.497
0.593
0.569
0.520
0.503
0.510
0.420
0.307
0.417
0.512
0.481
0.540
0.805
0.977
0.731
0.511
0.744
0.867
0.679
0.769
0.858
0.818
0.906
0.678
0.690
0.847
0.956
0.726
0.777
0.636
0.752
0.910
0.915
0.843
0.798
0.714
0.670
0.643
0.584
0.464
0.605
0.650
0.741
0.905
0.870
0.874
0.915
0.964
0.976
0.745
0.816
0.950
0.933
0.875
0.863
0.876
0.782
0.800
0.707
0.713
0.869
0.903
0.842
0.835
0.787
0.829
0.815
0.852
0.973
0.768
0.901
0.927
0.747
0.820
0.916
0.956
0.677
0.876
0.801
0.765
0.738
0.933
0.925
0.903
0.872
0.805
0.805
0.832
0.747
0.632
0.861
0.906
0.858
0.799
0.810
0.795
0.820
0.945
0.722
0.908
0.848
0.933
0.730
0.490
0.502
0.661
0.679
0.738
0.817
0.872
0.906
0.861
0.859
0.816
0.799
0.807
0.861
0.910
0.830
0.971
0.977
0.794
0.948
0.932
0.924
0.823
0.880
0.935
0.871
0.933
0.942
0.890
0.862
0.941
0.960
0.871
0.955
0.970
0.845
0.938
0.866
0.760
0.878
0.910
0.928
0.739
0.944
0.963
0.912
0.966
0.913
0.912
0.616
0.650
0.695
0.920
0.873
0.917
0.945
0.869
0.920
0.953
0.848
0.942
0.886
0.949
0.869
0.941
0.830
0.742
0.899
0.966
0.931
0.727
0.955
0.847
0.807
0.887
0.922
0.817
0.737
0.699
0.866
0.925
0.831
0.715
0.700
0.638
0.630
0.832
0.752
0.896
0.815
0.880
0.946
0.820
0.510
0.534
0.545
0.572
0.665
0.720
0.672
0.649
0.896
0.959
0.906
0.845
0.940
0.960
0.692
0.680
0.627
0.608
0.593
0.699
0.631
0.745
0.741
0.776
0.745
0.880
0.804
0.691
0.704
0.663
0.612
0.661
0.688
0.683
0.680
0.689
0.695
0.631
0.664
0.594
0.543
0.667
0.556
0.585
0.612
0.602
0.701
0.652
0.550
0.643
0.588
0.531
0.590
0.613
0.583
0.572
0.514
0.506
0.538
0.544
0.595
0.614
0.535
0.667
0.645
0.635
0.629
0.646
0.641
0.721
0.569
0.590
0.548
0.499
0.436
0.414
0.537
0.426
0.571
0.545
0.602
0.594
0.877
0.708
0.814
0.696
0.649
0.585
0.499
0.454
0.462
0.396
0.422
0.622
0.694
0.554
0.565
0.458
0.394
0.367
0.389
0.386
0.385
0.418
0.376
0.320
0.432
0.248
0.367
0.496
0.449
0.493
0.494
0.463
0.434
0.555
0.580
0.478
0.419
0.492
0.435
0.359
0.348
0.332
0.400
0.464
0.362
0.317
0.316
0.347
0.351
0.360
0.379
0.441
0.675
0.637
0.909
0.565
0.481
0.475
0.450
0.422
0.481
0.404
0.421
0.432
0.355
0.497
0.435
0.408
0.453
0.417
0.498
0.779
0.835
0.823
0.830
0.556
0.509
0.539
0.559
0.968
0.723
0.811
0.845
0.894
0.902
0.847
0.765
0.868
0.942
0.782
0.951
0.957
0.837
0.810
0.774
0.654
0.741
0.918
0.958
0.835
0.931
0.877
0.605
0.883
0.631
0.631
0.734
0.564
0.651
0.740
0.890
0.974
0.899
0.811
0.702
0.811
0.786
0.904
0.968
0.910
0.977
0.899
0.881
0.965
0.982
0.864
0.796
0.742
0.919
0.954
0.722
0.592
0.574
0.556
0.628
0.714
0.833
0.961
0.718
0.566
0.518
0.690
0.899
0.900
0.816
0.968
0.862
0.958
0.743
0.958
0.831
0.753
0.932
0.915
0.813
0.943
0.786
0.766
0.817
0.939
0.947
0.894
0.875
0.755
0.928
0.950
0.956
0.953
0.952
0.918
0.856
0.939
0.944
0.895
0.936
0.947
0.915
0.907
0.861
0.951
0.924
0.943
0.978
0.840
0.806
0.957
0.960
0.947
0.762
0.810
0.828
0.922
0.925
0.968
0.954
0.980
0.947
0.849
0.897
0.899
0.870
0.951
0.832
0.857
0.962
0.869
0.903
0.959
0.848
0.904
0.827
0.807
0.765
0.883
0.857
0.869
0.905
0.948
0.959
0.956
0.804
0.814
0.873
0.780
0.931
0.959
0.972
0.944
0.890
0.957
0.931
0.873
0.921
0.739
0.796
0.848
0.904
0.927
0.854
0.945
0.898
0.853
0.825
0.915
0.927
0.870
0.871
0.902
0.938
0.966
0.954
0.971
0.886
0.977
0.718
0.665
0.735
0.731
0.720
0.797
0.749
0.809
0.816
0.951
0.913
0.893
0.976
0.969
0.900
0.926
0.960
0.968
0.905
0.924
0.963
0.846
0.861
0.911
0.881
0.859
0.926
0.962
0.861
0.911
0.901
0.842
0.749
0.732
0.737
0.722
0.796
0.837
0.796
0.883
0.895
0.875
0.962
0.724
0.772
0.747
0.850
0.902
0.863
0.860
0.812
0.775
0.791
0.867
0.827
0.741
0.767
0.773
0.824
0.889
0.820
0.857
0.953
0.927
0.792
0.740
0.753
0.779
0.814
0.886
0.747
0.831
0.839
0.863
0.796
0.741
0.747
0.890
0.914
0.637
0.654
0.699
0.741
0.656
0.616
0.590
0.607
0.691
0.670
0.858
0.831
0.838
0.752
0.642
0.611
0.629
0.618
0.596
0.597
0.629
0.564
0.645
0.527
0.498
0.463
0.497
0.478
0.526
0.665
0.460
0.455
0.589
0.572
0.466
0.504
0.488
0.448
0.505
0.549
0.345
0.348
0.498
0.560
0.537
0.395
0.353
0.392
0.497
0.354
0.417
0.433
0.418
0.436
0.528
0.597
0.560
0.492
0.499
0.445
0.418
0.381
0.399
0.433
0.428
0.429
0.466
0.504
0.401
0.377
0.465
0.622
0.650
0.534
0.547
0.705
0.651
0.642
0.642
0.498
0.495
0.555
0.565
0.563
0.588
0.629
0.541
0.596
0.589
0.470
0.401
0.386
0.380
0.323
0.422
0.497
0.481
0.468
0.429
0.502
0.416
0.396
0.407
0.412
0.629
0.614
0.583
0.483
0.440
0.462
0.463
0.499
0.495
0.422
0.498
0.595
0.609
0.517
0.417
0.485
0.569
0.806
0.822
0.618
0.601
0.853
0.967
0.646
0.606
0.510
0.753
0.612
0.711
0.598
0.548
0.572
0.632
0.820
0.930
0.779
0.621
0.865
0.923
0.893
0.813
0.937
0.957
0.666
0.604
0.841
0.811
0.841
0.661
0.617
0.905
0.954
0.941
0.788
0.849
0.884
0.885
0.888
0.964
0.894
0.813
0.871
0.898
0.927
0.906
0.847
0.797
0.630
0.704
0.727
0.751
0.647
0.580
0.570
0.565
0.725
0.749
0.575
0.561
0.621
0.604
0.570
0.592
0.620
0.677
0.703
0.826
0.860
0.762
0.902
0.925
0.939
0.821
0.908
0.694
0.660
0.838
0.954
0.749
0.894
0.885
0.908
0.963
0.875
0.876
0.963
0.896
0.748
0.773
0.763
0.890
0.919
0.801
0.717
0.877
0.925
0.925
0.856
0.844
0.957
0.949
0.813
0.887
0.907
0.748
0.934
0.933
0.923
0.795
0.961
0.859
0.910
0.833
0.761
0.810
0.942
0.960
0.795
0.895
0.969
0.855
0.976
0.896
0.893
0.879
0.923
0.870
0.758
0.923
0.941
0.927
0.807
0.730
0.912
0.952
0.943
0.762
0.926
0.923
0.946
0.734
0.695
0.948
0.967
0.897
0.808
0.911
0.782
0.794
0.858
0.909
0.892
0.853
0.924
0.941
0.806
0.730
0.727
0.811
0.762
0.928
0.965
0.824
0.919
0.950
0.744
0.668
0.731
0.743
0.852
0.967
0.856
0.899
0.830
0.927
0.845
0.836
0.936
0.962
0.956
0.812
0.964
0.753
0.722
0.755
0.826
0.717
0.697
0.893
0.860
0.768
0.730
0.890
0.763
0.701
0.650
0.672
0.679
0.647
0.645
0.682
0.706
0.737
0.738
0.770
0.784
0.678
0.600
0.657
0.819
0.752
0.704
0.940
0.728
0.701
0.703
0.610
0.592
0.583
0.595
0.641
0.693
0.785
0.931
0.863
0.871
0.767
0.733
0.755
0.669
0.623
0.659
0.678
0.647
0.667
0.639
0.651
0.624
0.628
0.706
0.758
0.602
0.641
0.570
0.612
0.671
0.691
0.763
0.683
0.494
0.589
0.643
0.698
0.550
0.634
0.623
0.651
0.604
0.600
0.888
0.576
0.511
0.427
0.459
0.452
0.528
0.434
0.482
0.528
0.564
0.601
0.599
0.494
0.473
0.548
0.708
0.635
0.732
0.623
0.540
0.462
0.513
0.523
0.484
0.479
0.471
0.414
0.400
0.375
0.445
0.475
0.418
0.424
0.464
0.416
0.401
0.437
0.402
0.483
0.335
0.295
0.339
0.413
0.408
0.379
0.388
0.354
0.395
0.400
0.378
0.392
0.421
0.411
0.528
0.530
0.541
0.469
0.478
0.454
0.480
0.524
0.483
0.528
0.448
0.338
0.282
0.408
0.387
0.466
0.530
0.331
0.385
0.423
0.515
0.558
0.644
0.532
0.565
0.524
0.437
0.446
0.394
0.434
0.480
0.503
0.471
0.470
0.343
0.475
0.498
0.461
0.573
0.577
0.618
0.618
0.557
0.560
0.597
0.522
0.531
0.522
0.550
0.641
0.594
0.657
0.715
0.747
0.654
0.540
0.518
0.497
0.533
0.476
0.471
0.544
0.607
0.531
0.438
0.393
0.547
0.593
0.635
0.739
0.660
0.610
0.511
0.549
0.539
0.537
0.566
0.591
0.471
0.500
0.461
0.455
0.720
0.570
0.573
0.518
0.473
0.453
0.534
0.598
0.566
0.540
0.552
0.812
0.489
0.450
0.460
0.476
0.662
0.598
0.521
0.505
0.484
0.705
0.879
0.634
0.658
0.660
0.614
0.572
0.634
0.490
0.654
0.862
0.675
0.587
0.839
0.907
0.865
0.968
0.947
0.870
0.963
0.976
0.976
0.902
0.975
0.973
0.904
0.879
0.855
0.867
0.824
0.913
0.833
0.810
0.753
0.723
0.682
0.855
0.740
0.658
0.651
0.945
0.864
0.735
0.874
0.777
0.845
0.822
0.957
0.950
0.951
0.927
0.756
0.901
0.857
0.943
0.980
0.901
0.918
0.925
0.930
0.939
0.831
0.968
0.959
0.873
0.977
0.981
0.867
0.832
0.901
0.941
0.888
0.921
0.922
0.868
0.696
0.661
0.887
0.763
0.907
0.867
0.914
0.962
0.950
0.968
0.797
0.941
0.887
0.960
0.972
0.958
0.933
0.964
0.845
0.730
0.905
0.865
0.952
0.835
0.896
0.842
0.951
0.872
0.777
0.889
0.868
0.817
0.828
0.693
0.776
0.702
0.618
0.613
0.779
0.739
0.697
0.762
0.898
0.966
0.968
0.785
0.702
0.706
0.751
0.934
0.786
0.800
0.850
0.775
0.733
0.669
0.713
0.776
0.740
0.842
0.977
0.884
0.958
0.880
0.753
0.723
0.903
0.770
0.724
0.754
0.790
0.744
0.733
0.710
0.679
0.813
0.811
0.940
0.802
0.809
0.685
0.657
0.746
0.789
0.721
0.701
0.726
0.711
0.883
0.767
0.749
0.671
0.627
0.543
0.645
0.633
0.677
0.754
0.647
0.614
0.634
0.522
0.474
0.551
0.567
0.611
0.639
0.492
0.541
0.646
0.527
0.519
0.594
0.624
0.675
0.682
0.672
0.732
0.641
0.658
0.670
0.657
0.660
0.673
0.609
0.593
0.558
0.621
0.693
0.655
0.655
0.630
0.634
0.624
0.698
0.666
0.629
0.721
0.468
0.573
0.602
0.546
0.676
0.673
0.478
0.570
0.486
0.471
0.472
0.453
0.408
0.315
0.323
0.346
0.380
0.374
0.514
0.542
0.594
0.447
0.406
0.388
0.329
0.330
0.344
0.375
0.517
0.486
0.452
0.493
0.540
0.400
0.540
0.495
0.466
0.562
0.452
0.573
0.671
0.473
0.442
0.448
0.625
0.518
0.559
0.606
0.620
0.590
0.620
0.502
0.490
0.463
0.420
0.470
0.474
0.528
0.551
0.555
0.533
0.581
0.537
0.472
0.540
0.414
0.497
0.687
0.531
0.577
0.568
0.503
0.444
0.565
0.506
0.524
0.687
0.551
0.583
0.552
0.601
0.610
0.586
0.852
0.718
0.652
0.556
0.600
0.593
0.825
0.583
0.615
0.621
0.602
0.951
0.851
0.832
0.758
0.824
0.978
0.662
0.631
0.833
0.712
0.546
0.551
0.852
0.854
0.711
0.536
0.616
0.937
0.743
0.864
0.948
0.888
0.742
0.721
0.612
0.672
0.862
0.741
0.696
0.654
0.882
0.902
0.980
0.961
0.781
0.887
0.774
0.638
0.605
0.857
0.942
0.831
0.866
0.794
0.927
0.890
0.976
0.908
0.924
0.831
0.959
0.884
0.937
0.955
0.980
0.852
0.748
0.624
0.830
0.952
0.896
0.909
0.964
0.914
0.964
0.883
0.732
0.668
0.656
0.723
0.935
0.811
0.678
0.609
0.532
0.597
0.611
0.588
0.735
0.961
0.949
0.744
0.637
0.741
0.781
0.749
0.906
0.845
0.856
0.866
0.918
0.871
0.917
0.963
0.964
0.823
0.676
0.862
0.925
0.949
0.901
0.972
0.887
0.971
0.970
0.907
0.920
0.799
0.950
0.925
0.892
0.926
0.841
0.871
0.908
0.816
0.904
0.894
0.786
0.698
0.789
0.839
0.972
0.855
0.952
0.936
0.967
0.841
0.948
0.964
0.970
0.846
0.730
0.949
0.907
0.925
0.771
0.896
0.935
0.937
0.864
0.841
0.907
0.811
0.878
0.860
0.832
0.958
0.962
0.915
0.796
0.935
0.895
0.853
0.721
0.790
0.780
0.854
0.861
0.865
0.820
0.831
0.773
0.841
0.936
0.946
0.903
0.881
0.860
0.838
0.871
0.946
0.846
0.932
0.895
0.896
0.801
0.813
0.896
0.980
0.827
0.869
0.895
0.914
0.754
0.689
0.721
0.930
0.857
0.780
0.760
0.870
0.765
0.683
0.726
0.921
0.839
0.804
0.763
0.705
0.761
0.883
0.822
0.934
0.762
0.749
0.727
0.746
0.791
0.723
0.715
0.835
0.869
0.933
0.896
0.804
0.816
0.738
0.724
0.735
0.734
0.736
0.818
0.822
0.805
0.778
0.763
0.803
0.731
0.711
0.700
0.618
0.688
0.599
0.593
0.523
0.542
0.578
0.524
0.570
0.504
0.521
0.602
0.634
0.628
0.534
0.647
0.576
0.867
0.654
0.882
0.721
0.698
0.727
0.783
0.670
0.588
0.576
0.616
0.610
0.591
0.623
0.641
0.591
0.517
0.563
0.582
0.603
0.716
0.785
0.600
0.564
0.549
0.531
0.568
0.537
0.518
0.631
0.520
0.528
0.475
0.464
0.484
0.420
0.367
0.360
0.341
0.389
0.416
0.552
0.496
0.528
0.506
0.515
0.487
0.655
0.565
0.514
0.493
0.514
0.495
0.455
0.521
0.603
0.590
0.686
0.571
0.402
0.384
0.452
0.487
0.440
0.431
0.460
0.629
0.592
0.486
0.520
0.525
0.566
0.467
0.552
0.491
0.548
0.612
0.559
0.536
0.485
0.433
0.420
0.426
0.422
0.391
0.574
0.528
0.665
0.941
0.688
0.698
0.659
0.454
0.504
0.579
0.630
0.843
0.644
0.678
0.609
0.691
0.595
0.662
0.730
0.772
0.713
0.725
0.654
0.569
0.875
0.587
0.762
0.659
0.769
0.657
0.954
0.874
0.779
0.952
0.836
0.742
0.753
0.665
0.787
0.490
0.438
0.459
0.723
0.789
0.803
0.854
0.850
0.737
0.807
0.802
0.672
0.681
0.638
0.816
0.801
0.632
0.619
0.592
0.527
0.599
0.596
0.636
0.817
0.664
0.619
0.718
0.707
0.687
0.793
0.831
0.760
0.627
0.655
0.833
0.957
0.867
0.800
0.775
0.907
0.951
0.963
0.826
0.952
0.915
0.934
0.955
0.866
0.915
0.903
0.893
0.909
0.801
0.719
0.829
0.724
0.659
0.692
0.685
0.596
0.627
0.635
0.612
0.552
0.603
0.659
0.668
0.825
0.818
0.729
0.687
0.830
0.688
0.831
0.904
0.925
0.808
0.896
0.740
0.893
0.895
0.715
0.738
0.928
0.882
0.847
0.715
0.831
0.937
0.960
0.843
0.788
0.903
0.950
0.901
0.969
0.867
0.921
0.891
0.843
0.962
0.912
0.934
0.940
0.933
0.942
0.866
0.858
0.963
0.738
0.652
0.782
0.938
0.946
0.846
0.974
0.907
0.934
0.964
0.902
0.967
0.931
0.930
0.845
0.839
0.840
0.910
0.932
0.853
0.912
0.925
0.971
0.858
0.942
0.928
0.969
0.876
0.698
0.618
0.608
0.661
0.797
0.911
0.955
0.857
0.903
0.952
0.841
0.783
0.962
0.969
0.975
0.887
0.883
0.944
0.949
0.914
0.737
0.651
0.651
0.639
0.742
0.727
0.704
0.955
0.897
0.776
0.918
0.755
0.789
0.870
0.858
0.747
0.765
0.801
0.918
0.948
0.862
0.934
0.795
0.961
0.815
0.571
0.609
0.684
0.751
0.826
0.826
0.859
0.792
0.774
0.744
0.718
0.704
0.666
0.656
0.678
0.706
0.794
0.743
0.913
0.960
0.955
0.963
0.845
0.914
0.887
0.815
0.794
0.894
0.948
0.864
0.862
0.874
0.851
0.807
0.790
0.770
0.697
0.668
0.721
0.659
0.652
0.672
0.743
0.735
0.675
0.717
0.673
0.788
0.815
0.769
0.693
0.741
0.759
0.783
0.689
0.632
0.566
0.605
0.576
0.617
0.652
0.700
0.713
0.734
0.690
0.608
0.547
0.555
0.609
0.608
0.516
0.481
0.539
0.533
0.530
0.662
0.492
0.502
0.510
0.521
0.482
0.539
0.597
0.492
0.457
0.558
0.497
0.471
0.515
0.567
0.578
0.618
0.767
0.782
0.912
0.635
0.597
0.517
0.519
0.477
0.499
0.591
0.494
0.575
0.458
0.490
0.443
0.573
0.664
0.826
0.662
0.402
0.371
0.292
0.343
0.387
0.514
0.447
0.434
0.418
0.511
0.552
0.477
0.566
0.575
0.751
0.682
0.477
0.584
0.469
0.408
0.400
0.381
0.406
0.408
0.492
0.614
0.711
0.751
0.597
0.469
0.527
0.584
0.765
0.854
0.914
0.718
0.677
0.640
0.848
0.740
0.847
0.890
0.867
0.745
0.741
0.797
0.913
0.608
0.483
0.438
0.351
0.306
0.512
0.515
0.668
0.545
0.569
0.568
0.528
0.550
0.591
0.541
0.569
0.961
0.652
0.624
0.938
0.955
0.974
0.781
0.630
0.764
0.821
0.727
0.586
0.544
0.694
0.699
0.640
0.919
0.945
0.771
0.749
0.579
0.547
0.641
0.948
0.672
0.543
0.807
0.704
0.910
0.842
0.772
0.656
0.649
0.734
0.923
0.725
0.844
0.950
0.958
0.859
0.764
0.663
0.672
0.685
0.781
0.977
0.922
0.928
0.805
0.882
0.903
0.718
0.938
0.675
0.638
0.634
0.817
0.774
0.849
0.764
0.638
0.695
0.904
0.925
0.832
0.933
0.890
0.862
0.951
0.783
0.919
0.930
0.891
0.789
0.866
0.961
0.957
0.959
0.883
0.965
0.922
0.708
0.719
0.712
0.851
0.771
0.911
0.933
0.738
0.676
0.694
0.727
0.604
0.625
0.811
0.813
0.854
0.771
0.839
0.808
0.940
0.973
0.974
0.932
0.895
0.934
0.808
0.754
0.779
0.905
0.963
0.962
0.941
0.964
0.875
0.927
0.787
0.711
0.590
0.569
0.556
0.641
0.826
0.716
0.876
0.794
0.774
0.691
0.912
0.946
0.833
0.811
0.868
0.879
0.959
0.802
0.810
0.845
0.924
0.896
0.951
0.938
0.795
0.859
0.979
0.979
0.946
0.974
0.915
0.870
0.795
0.874
0.949
0.906
0.923
0.938
0.968
0.878
0.840
0.862
0.942
0.820
0.838
0.895
0.894
0.967
0.913
0.833
0.897
0.927
0.919
0.946
0.921
0.944
0.942
0.963
0.867
0.959
0.929
0.854
0.958
0.760
0.762
0.794
0.755
0.859
0.970
0.802
0.895
0.966
0.871
0.822
0.750
0.730
0.747
0.728
0.705
0.676
0.752
0.879
0.794
0.768
0.714
0.787
0.777
0.752
0.742
0.764
0.801
0.915
0.942
0.937
0.761
0.734
0.766
0.730
0.814
0.830
0.759
0.719
0.734
0.736
0.752
0.957
0.860
0.820
0.823
0.853
0.860
0.699
0.718
0.753
0.719
0.687
0.617
0.693
0.755
0.845
0.764
0.763
0.798
0.757
0.722
0.653
0.697
0.713
0.692
0.752
0.860
0.717
0.622
0.719
0.765
0.630
0.620
0.682
0.717
0.855
0.701
0.651
0.672
0.858
0.866
0.921
0.705
0.657
0.720
0.613
0.606
0.631
0.692
0.759
0.667
0.565
0.607
0.610
0.612
0.530
0.552
0.540
0.571
0.584
0.539
0.555
0.818
0.413
0.489
0.436
0.502
0.519
0.500
0.486
0.553
0.748
0.673
0.650
0.637
0.487
0.522
0.603
0.774
0.657
0.553
0.603
0.632
0.626
0.627
0.597
0.516
0.635
0.586
0.658
0.542
0.580
0.713
0.626
0.768
0.688
0.427
0.326
0.321
0.286
0.314
0.376
0.508
0.583
0.484
0.524
0.555
0.536
0.451
0.479
0.468
0.536
0.516
0.643
0.504
0.683
0.833
0.816
0.687
0.934
0.742
0.676
0.567
0.454
0.560
0.821
0.759
0.888
0.915
0.751
0.811
0.826
0.622
0.555
0.565
0.551
0.784
0.586
0.687
0.544
0.548
0.498
0.556
0.765
0.908
0.661
0.706
0.906
0.948
0.799
0.865
0.705
0.902
0.875
0.917
0.623
0.604
0.602
0.580
0.816
0.632
0.923
0.944
0.901
0.908
0.915
0.875
0.965
0.881
0.703
0.848
0.935
0.793
0.761
0.666
0.691
0.880
0.803
0.720
0.834
0.906
0.765
0.874
0.822
0.688
0.701
0.705
0.911
0.863
0.856
0.750
0.844
0.854
0.782
0.840
0.845
0.895
0.912
0.885
0.792
0.883
0.926
0.889
0.980
0.959
0.871
0.838
0.803
0.911
0.769
0.854
0.964
0.937
0.770
0.732
0.885
0.737
0.732
0.791
0.803
0.799
0.845
0.726
0.651
0.886
0.977
0.727
0.735
0.865
0.918
0.746
0.849
0.703
0.717
0.853
0.774
0.803
0.941
0.943
0.879
0.952
0.793
0.691
0.697
0.718
0.826
0.731
0.846
0.982
0.963
0.858
0.875
0.977
0.915
0.905
0.908
0.940
0.731
0.744
0.923
0.917
0.852
0.937
0.888
0.973
0.951
0.873
0.938
0.964
0.970
0.925
0.745
0.722
0.850
0.800
0.898
0.848
0.897
0.961
0.895
0.740
0.845
0.876
0.970
0.851
0.891
0.930
0.781
0.970
0.896
0.872
0.919
0.759
0.755
0.971
0.942
0.854
0.952
0.933
0.924
0.792
0.811
0.963
0.824
0.762
0.887
0.859
0.925
0.848
0.736
0.859
0.898
0.691
0.772
0.699
0.790
0.854
0.908
0.883
0.946
0.863
0.893
0.967
0.962
0.884
0.735
0.756
0.780
0.701
0.692
0.683
0.733
0.685
0.768
0.864
0.905
0.919
0.807
0.837
0.735
0.888
0.733
0.658
0.675
0.753
0.719
0.721
0.671
0.812
0.906
0.885
0.737
0.666
0.767
0.950
0.872
0.770
0.779
0.807
0.800
0.738
0.729
0.706
0.812
0.749
0.639
0.621
0.672
0.656
0.701
0.712
0.746
0.689
0.838
0.682
0.603
0.592
0.578
0.703
0.612
0.778
0.722
0.647
0.719
0.652
0.616
0.682
0.702
0.730
0.726
0.620
0.660
0.649
0.613
0.605
0.743
0.461
0.479
0.529
0.500
0.560
0.627
0.675
0.611
0.543
0.614
0.774
0.740
0.625
0.693
0.609
0.555
0.539
0.554
0.533
0.597
0.596
0.535
0.520
0.416
0.520
0.517
0.501
0.485
0.602
0.681
0.617
0.578
0.492
0.409
0.346
0.356
0.519
0.634
0.400
0.482
0.582
0.481
0.447
0.647
0.593
0.665
0.531
0.422
0.503
0.514
0.548
0.496
0.450
0.458
0.414
0.483
0.496
0.433
0.463
0.500
0.456
0.469
0.617
0.522
0.630
0.587
0.505
0.574
0.519
0.508
0.472
0.513
0.379
0.309
0.323
0.381
0.413
0.393
0.423
0.369
0.423
0.872
0.557
0.537
0.471
0.772
0.745
0.562
0.461
0.413
0.442
0.587
0.591
0.581
0.662
0.598
0.540
0.561
0.501
0.682
0.905
0.841
0.640
0.887
0.716
0.592
0.538
0.552
0.527
0.590
0.825
0.786
0.884
0.591
0.594
0.686
0.865
0.638
0.547
0.548
0.733
0.654
0.605
0.811
0.945
0.655
0.664
0.745
0.772
0.828
0.699
0.660
0.731
0.800
0.884
0.874
0.948
0.784
0.828
0.953
0.765
0.824
0.882
0.755
0.714
0.672
0.617
0.931
0.968
0.851
0.748
0.800
0.689
0.859
0.924
0.924
0.839
0.914
0.689
0.746
0.719
0.659
0.925
0.937
0.975
0.852
0.919
0.937
0.889
0.963
0.811
0.955
0.961
0.953
0.896
0.889
0.883
0.687
0.658
0.669
0.778
0.825
0.942
0.758
0.664
0.691
0.692
0.689
0.938
0.929
0.966
0.974
0.979
0.926
0.981
0.951
0.909
0.926
0.969
0.977
0.897
0.902
0.952
0.944
0.903
0.921
0.922
0.895
0.864
0.921
0.873
0.928
0.963
0.936
0.913
0.914
0.916
0.889
0.971
0.967
0.763
0.941
0.964
0.965
0.842
0.875
0.961
0.912
0.898
0.978
0.862
0.772
0.925
0.972
0.926
0.869
0.952
0.935
0.921
0.939
0.935
0.898
0.848
0.765
0.850
0.902
0.858
0.951
0.893
0.890
0.920
0.931
0.871
0.948
0.954
0.911
0.959
0.945
0.959
0.937
0.811
0.934
0.973
0.973
0.869
0.935
0.848
0.898
0.977
0.932
0.936
0.879
0.949
0.944
0.953
0.924
0.967
0.927
0.935
0.958
0.883
0.946
0.940
0.972
0.782
0.699
0.706
0.723
0.769
0.804
0.807
0.811
0.846
0.833
0.700
0.652
0.655
0.705
0.611
0.609
0.614
0.640
0.640
0.653
0.614
0.591
0.529
0.544
0.554
0.530
0.552
0.568
0.616
0.668
0.694
0.635
0.775
0.739
0.874
0.929
0.861
0.693
0.715
0.737
0.691
0.677
0.730
0.713
0.867
0.970
0.768
0.739
0.728
0.836
0.898
0.947
0.765
0.737
0.825
0.928
0.797
0.827
0.931
0.749
0.605
0.688
0.681
0.651
0.677
0.744
0.718
0.754
0.653
0.619
0.618
0.680
0.718
0.718
0.700
0.714
0.561
0.527
0.528
0.516
0.633
0.571
0.562
0.606
0.600
0.620
0.551
0.639
0.652
0.727
0.592
0.552
0.608
0.572
0.576
0.505
0.610
0.699
0.627
0.646
0.635
0.563
0.583
0.578
0.558
0.507
0.560
0.644
0.704
0.522
0.609
0.476
0.580
0.582
0.606
0.673
0.564
0.530
0.485
0.478
0.561
0.506
0.672
0.627
0.509
0.494
0.482
0.340
0.354
0.383
0.403
0.472
0.488
0.697
0.952
0.610
0.543
0.606
0.543
0.567
0.776
0.387
0.379
0.406
0.430
0.471
0.692
0.601
0.664
0.654
0.604
0.493
0.489
0.502
0.507
0.581
0.503
0.501
0.678
0.795
0.786
0.640
0.488
0.484
0.531
0.711
0.564
0.545
0.663
0.694
0.718
0.691
0.880
0.618
0.759
0.678
0.696
0.841
0.911
0.809
0.780
0.736
0.956
0.735
0.911
0.775
0.967
0.918
0.737
0.641
0.563
0.622
0.559
0.583
0.609
0.797
0.642
0.867
0.625
0.907
0.913
0.809
0.751
0.709
0.970
0.802
0.699
0.882
0.679
0.510
0.459
0.445
0.519
0.503
0.698
0.799
0.722
0.795
0.648
0.666
0.905
0.953
0.955
0.873
0.919
0.736
0.882
0.940
0.854
0.934
0.864
0.816
0.971
0.976
0.854
0.950
0.946
0.883
0.961
0.894
0.840
0.739
0.874
0.943
0.882
0.966
0.848
0.933
0.906
0.813
0.642
0.741
0.816
0.848
0.936
0.944
0.865
0.966
0.944
0.861
0.952
0.872
0.680
0.645
0.743
0.826
0.943
0.935
0.835
0.811
0.817
0.758
0.913
0.940
0.965
0.870
0.799
0.919
0.821
0.973
0.897
0.769
0.755
0.861
0.869
0.852
0.713
0.859
0.780
0.677
0.662
0.745
0.937
0.710
0.711
0.576
0.598
0.806
0.856
0.863
0.968
0.956
0.847
0.820
0.923
0.967
0.725
0.706
0.881
0.961
0.959
0.849
0.905
0.952
0.960
0.940
0.750
0.790
0.906
0.921
0.914
0.870
0.961
0.947
0.973
0.907
0.924
0.894
0.870
0.939
0.802
0.720
0.825
0.897
0.918
0.973
0.872
0.573
0.654
0.892
0.941
0.836
0.844
0.891
0.957
0.960
0.899
0.831
0.932
0.968
0.841
0.692
0.936
0.963
0.929
0.817
0.954
0.977
0.790
0.886
0.879
0.834
0.818
0.921
0.919
0.951
0.736
0.925
0.830
0.808
0.779
0.915
0.831
0.891
0.841
0.969
0.784
0.651
0.651
0.711
0.866
0.856
0.836
0.913
0.846
0.843
0.962
0.903
0.649
0.606
0.665
0.683
0.656
0.695
0.741
0.891
0.870
0.953
0.925
0.874
0.797
0.882
0.738
0.617
0.720
0.747
0.725
0.768
0.762
0.727
0.745
0.807
0.794
0.670
0.616
0.676
0.645
0.638
0.665
0.731
0.669
0.621
0.685
0.700
0.648
0.634
0.716
0.647
0.663
0.577
0.631
0.596
0.579
0.672
0.682
0.646
0.586
0.636
0.571
0.527
0.578
0.585
0.587
0.527
0.664
0.656
0.637
0.641
0.633
0.806
0.782
0.621
0.695
0.597
0.675
0.699
0.740
0.858
0.817
0.705
0.653
0.640
0.650
0.647
0.786
0.814
0.492
0.428
0.383
0.448
0.487
0.569
0.525
0.530
0.470
0.483
0.543
0.522
0.467
0.472
0.517
0.632
0.543
0.496
0.471
0.435
0.514
0.536
0.411
0.395
0.370
0.381
0.428
0.395
0.387
0.469
0.441
0.625
0.619
0.668
0.560
0.437
0.393
0.457
0.499
0.528
0.708
0.716
0.638
0.666
0.558
0.572
0.540
0.519
0.499
0.494
0.550
0.556
0.562
0.474
0.511
0.543
0.698
0.568
0.486
0.520
0.433
0.445
0.398
0.364
0.682
0.435
0.370
0.455
0.397
0.422
0.532
0.671
0.613
0.888
0.692
0.616
0.716
0.831
0.933
0.830
0.978
0.910
0.946
0.831
0.958
0.915
0.909
0.862
0.819
0.901
0.739
0.750
0.879
0.921
0.894
0.752
0.585
0.488
0.824
0.917
0.904
0.948
0.851
0.894
0.861
0.702
0.669
0.794
0.784
0.818
0.880
0.958
0.773
0.824
0.770
0.700
0.973
0.877
0.897
0.765
0.875
0.953
0.904
0.860
0.689
0.849
0.729
0.783
0.921
0.861
0.907
0.964
0.791
0.660
0.614
0.877
0.840
0.962
0.960
0.950
0.950
0.967
0.971
0.970
0.956
0.976
0.892
0.664
0.896
0.782
0.820
0.907
0.878
0.941
0.954
0.930
0.861
0.821
0.967
0.866
0.877
0.768
0.861
0.914
0.839
0.841
0.922
0.962
0.963
0.973
0.957
0.938
0.979
0.954
0.878
0.952
0.914
0.888
0.913
0.910
0.935
0.937
0.840
0.936
0.786
0.918
0.976
0.973
0.979
0.942
0.870
0.976
0.958
0.906
0.912
0.932
0.948
0.855
0.930
0.947
0.980
0.859
0.852
0.868
0.952
0.934
0.936
0.956
0.910
0.948
0.911
0.951
0.870
0.865
0.908
0.917
0.877
0.853
0.831
0.886
0.967
0.936
0.954
0.976
0.971
0.965
0.970
0.970
0.957
0.977
0.964
0.943
0.822
0.672
0.874
0.863
0.974
0.947
0.957
0.968
0.932
0.958
0.914
0.851
0.956
0.940
0.945
0.960
0.942
0.940
0.981
0.981
0.900
0.830
0.712
0.886
0.863
0.907
0.926
0.854
0.736
0.888
0.859
0.960
0.843
0.826
0.815
0.801
0.867
0.964
0.879
0.950
0.866
0.950
0.971
0.897
0.890
0.792
0.843
0.855
0.762
0.503
0.608
0.686
0.713
0.704
0.707
0.913
0.968
0.970
0.911
0.829
0.860
0.766
0.833
0.723
0.815
0.758
0.802
0.830
0.799
0.765
0.832
0.860
0.897
0.903
0.955
0.852
0.970
0.762
0.720
0.737
0.752
0.632
0.674
0.650
0.680
0.714
0.779
0.870
0.865
0.909
0.845
0.712
0.753
0.858
0.690
0.684
0.598
0.608
0.727
0.835
0.684
0.695
0.678
0.733
0.625
0.652
0.605
0.680
0.622
0.578
0.552
0.576
0.632
0.580
0.663
0.740
0.735
0.849
0.794
0.728
0.715
0.765
0.686
0.743
0.710
0.593
0.595
0.557
0.585
0.661
0.706
0.750
0.791
0.734
0.601
0.653
0.596
0.623
0.736
0.767
0.642
0.749
0.859
0.696
0.789
0.633
0.708
0.848
0.672
0.607
0.547
0.667
0.544
0.555
0.563
0.513
0.462
0.582
0.629
0.833
0.719
0.452
0.440
0.453
0.514
0.555
0.514
0.712
0.407
0.369
0.448
0.429
0.516
0.812
0.920
0.936
0.866
0.645
0.485
0.519
0.589
0.561
0.485
0.549
0.461
0.349
0.337
0.456
0.496
0.698
0.824
0.467
0.524
0.544
0.556
0.734
0.644
0.587
0.563
0.570
0.564
0.469
0.490
0.565
0.875
0.899
0.699
0.547
0.427
0.487
0.585
0.745
0.734
0.675
0.732
0.715
0.681
0.901
0.936
0.814
0.825
0.844
0.798
0.777
0.727
0.960
0.901
0.814
0.914
0.878
0.663
0.885
0.947
0.963
0.798
0.578
0.605
0.714
0.762
0.621
0.716
0.660
0.854
0.971
0.824
0.740
0.940
0.842
0.746
0.698
0.700
0.565
0.707
0.861
0.846
0.708
0.828
0.872
0.847
0.933
0.852
0.959
0.978
0.976
0.980
0.733
0.653
0.681
0.824
0.945
0.942
0.914
0.974
0.720
0.946
0.980
0.980
0.932
0.854
0.873
0.839
0.824
0.913
0.850
0.803
0.802
0.922
0.920
0.864
0.946
0.977
0.952
0.908
0.936
0.927
0.877
0.815
0.836
0.798
0.967
0.935
0.900
0.972
0.950
0.933
0.870
0.950
0.875
0.865
0.969
0.897
0.934
0.774
0.688
0.713
0.652
0.886
0.947
0.869
0.975
0.948
0.947
0.922
0.922
0.865
0.915
0.931
0.947
0.807
0.880
0.945
0.968
0.966
0.982
0.895
0.861
0.846
0.930
0.962
0.974
0.829
0.795
0.919
0.950
0.925
0.913
0.929
0.969
0.949
0.833
0.890
0.944
0.962
0.901
0.961
0.969
0.885
0.927
0.913
0.884
0.962
0.971
0.973
0.980
0.982
0.834
0.862
0.841
0.962
0.980
0.956
0.958
0.858
0.939
0.913
0.977
0.903
0.971
0.975
0.939
0.844
0.853
0.953
0.811
0.944
0.873
0.842
0.951
0.940
0.975
0.971
0.932
0.903
0.873
0.953
0.952
0.852
0.827
0.858
0.823
0.946
0.977
0.982
0.957
0.876
0.957
0.957
0.877
0.906
0.814
0.895
0.957
0.889
0.852
0.732
0.814
0.967
0.972
0.965
0.965
0.802
0.827
0.937
0.889
0.853
0.943
0.943
0.984
0.964
0.905
0.946
0.855
0.791
0.816
0.929
0.917
0.910
0.924
0.894
0.901
0.959
0.966
0.926
0.958
0.784
0.638
0.719
0.730
0.698
0.680
0.718
0.804
0.813
0.936
0.780
0.647
0.726
0.714
0.911
0.932
0.961
0.774
0.828
0.801
0.767
0.922
0.893
0.978
0.855
0.783
0.761
0.712
0.715
0.750
0.758
0.917
0.905
0.904
0.909
0.861
0.792
0.881
0.727
0.673
0.832
0.868
0.887
0.776
0.703
0.622
0.583
0.603
0.634
0.672
0.664
0.802
0.882
0.712
0.687
0.777
0.690
0.652
0.789
0.712
0.708
0.712
0.940
0.700
0.588
0.541
0.662
0.599
0.603
0.676
0.531
0.591
0.605
0.568
0.501
0.551
0.609
0.625
0.645
0.595
0.775
0.642
0.661
0.686
0.882
0.850
0.799
0.701
0.530
0.604
0.640
0.674
0.617
0.880
0.720
0.666
0.564
0.478
0.405
0.423
0.683
0.545
0.558
0.457
0.432
0.549
0.595
0.644
0.596
0.654
0.831
0.888
0.779
0.878
0.875
0.681
0.636
0.606
0.644
0.853
0.661
0.604
0.612
0.560
0.565
0.618
0.714
0.817
0.910
0.698
0.670
0.549
0.642
0.896
0.831
0.877
0.868
0.943
0.960
0.686
0.594
0.892
0.839
0.953
0.951
0.838
0.756
0.752
0.925
0.958
0.668
0.582
0.613
0.584
0.784
0.913
0.961
0.957
0.950
0.962
0.951
0.827
0.763
0.843
0.845
0.615
0.658
0.933
0.945
0.930
0.639
0.656
0.872
0.931
0.965
0.825
0.791
0.928
0.909
0.982
0.899
0.814
0.899
0.909
0.952
0.932
0.944
0.858
0.944
0.974
0.975
0.934
0.959
0.969
0.900
0.832
0.833
0.877
0.959
0.898
0.951
0.839
0.928
0.965
0.952
0.981
0.966
0.977
0.895
0.912
0.927
0.903
0.793
0.771
0.724
0.740
0.916
0.957
0.817
0.720
0.835
0.945
0.957
0.970
0.955
0.855
0.969
0.928
0.916
0.863
0.936
0.969
0.934
0.925
0.969
0.912
0.917
0.866
0.862
0.911
0.939
0.927
0.896
0.856
0.846
0.938
0.830
0.931
0.977
0.957
0.825
0.794
0.890
0.931
0.948
0.914
0.806
0.838
0.951
0.969
0.938
0.943
0.922
0.953
0.966
0.950
0.919
0.969
0.911
0.949
0.878
0.960
0.925
0.812
0.867
0.924
0.966
0.936
0.862
0.777
0.877
0.883
0.975
0.918
0.935
0.970
0.943
0.962
0.958
0.862
0.966
0.949
0.888
0.891
0.839
0.949
0.976
0.940
0.846
0.918
0.965
0.959
0.972
0.888
0.750
0.919
0.957
0.919
0.730
0.684
0.668
0.647
0.635
0.670
0.657
0.706
0.837
0.773
0.783
0.797
0.876
0.892
0.797
0.857
0.919
0.759
0.878
0.822
0.885
0.940
0.890
0.927
0.915
0.793
0.699
0.749
0.952
0.851
0.813
0.928
0.913
0.827
0.529
0.519
0.596
0.616
0.637
0.615
0.620
0.705
0.864
0.899
0.754
0.766
0.768
0.875
0.767
0.939
0.969
0.974
0.896
0.728
0.794
0.885
0.619
0.709
0.704
0.852
0.933
0.738
0.738
0.715
0.681
0.649
0.642
0.701
0.649
0.684
0.646
0.668
0.719
0.680
0.842
0.725
0.737
0.645
0.726
0.697
0.689
0.688
0.634
0.635
0.591
0.677
0.594
0.681
0.611
0.550
0.586
0.623
0.871
0.907
0.865
0.853
0.773
0.709
0.879
0.970
0.769
0.927
0.806
0.724
0.761
0.663
0.612
0.630
0.593
0.630
0.638
0.664
0.557
0.570
0.533
0.553
0.565
0.610
0.669
0.540
0.438
0.430
0.477
0.598
0.627
0.463
0.448
0.490
0.430
0.429
0.418
0.396
0.433
0.465
0.379
0.412
0.309
0.350
0.392
0.435
0.461
0.438
0.548
0.521
0.584
0.605
0.653
0.765
0.876
0.970
0.700
0.830
0.737
0.516
0.446
0.406
0.398
0.358
0.430
0.472
0.471
0.689
0.792
0.574
0.495
0.462
0.387
0.505
0.505
0.568
0.555
0.644
0.572
0.518
0.469
0.430
0.590
0.666
0.467
0.622
0.879
0.634
0.553
0.623
0.596
0.882
0.663
0.712
0.702
0.487
0.587
0.553
0.779
0.875
0.684
0.919
0.774
0.685
0.516
0.505
0.860
0.877
0.826
0.919
0.725
0.637
0.831
0.940
0.902
0.782
0.494
0.519
0.505
0.690
0.924
0.790
0.671
0.929
0.979
0.784
0.669
0.562
0.642
0.872
0.933
0.954
0.861
0.698
0.940
0.873
0.932
0.804
0.935
0.974
0.855
0.672
0.893
0.965
0.977
0.972
0.915
0.946
0.975
0.809
0.616
0.609
0.820
0.928
0.953
0.918
0.786
0.845
0.889
0.763
0.793
0.665
0.706
0.966
0.975
0.976
0.822
0.846
0.930
0.896
0.821
0.931
0.966
0.928
0.823
0.919
0.733
0.792
0.798
0.904
0.966
0.923
0.889
0.904
0.935
0.911
0.826
0.762
0.851
0.805
0.755
0.843
0.911
0.925
0.800
0.746
0.790
0.943
0.844
0.824
0.789
0.755
0.875
0.840
0.925
0.883
0.775
0.894
0.874
0.732
0.815
0.889
0.966
0.811
0.963
0.861
0.927
0.941
0.980
0.850
0.960
0.927
0.799
0.850
0.841
0.843
0.977
0.981
0.938
0.762
0.942
0.956
0.944
0.835
0.820
0.829
0.806
0.934
0.877
0.856
0.860
0.893
0.892
0.848
0.865
0.924
0.937
0.874
0.915
0.924
0.891
0.924
0.801
0.926
0.914
0.820
0.921
0.894
0.969
0.966
0.894
0.922
0.822
0.954
0.979
0.882
0.926
0.962
0.936
0.943
0.966
0.945
0.930
0.938
0.873
0.792
0.803
0.933
0.947
0.944
0.883
0.949
0.910
0.929
0.896
0.747
0.842
0.894
0.895
0.952
0.957
0.943
0.918
0.903
0.927
0.921
0.951
0.903
0.637
0.647
0.730
0.718
0.665
0.680
0.695
0.710
0.682
0.738
0.933
0.854
0.711
0.680
0.646
0.692
0.714
0.696
0.933
0.967
0.958
0.870
0.838
0.878
0.781
0.680
0.710
0.723
0.702
0.669
0.687
0.723
0.960
0.920
0.784
0.773
0.721
0.709
0.826
0.842
0.838
0.747
0.801
0.712
0.711
0.673
0.908
0.758
0.774
0.687
0.693
0.692
0.766
0.872
0.720
0.639
0.699
0.822
0.880
0.775
0.931
0.891
0.645
0.654
0.686
0.668
0.736
0.664
0.685
0.654
0.605
0.672
0.671
0.708
0.689
0.741
0.768
0.758
0.626
0.648
0.658
0.720
0.614
0.561
0.574
0.563
0.490
0.590
0.744
0.888
0.838
0.842
0.924
0.782
0.641
0.615
0.572
0.647
0.672
0.536
0.480
0.501
0.527
0.583
0.594
0.552
0.594
0.630
0.584
0.815
0.643
0.509
0.521
0.536
0.603
0.519
0.486
0.553
0.666
0.616
0.764
0.504
0.443
0.452
0.467
0.556
0.680
0.689
0.797
0.892
0.921
0.878
0.567
0.477
0.603
0.591
0.543
0.884
0.821
0.933
0.707
0.630
0.621
0.843
0.934
0.607
0.544
0.518
0.604
0.717
0.864
0.817
0.896
0.893
0.852
0.903
0.934
0.941
0.887
0.811
0.617
0.651
0.797
0.929
0.966
0.758
0.960
0.951
0.875
0.950
0.733
0.603
0.663
0.681
0.901
0.794
0.957
0.693
0.859
0.894
0.918
0.948
0.701
0.610
0.642
0.764
0.838
0.967
0.914
0.667
0.628
0.667
0.920
0.942
0.803
0.871
0.970
0.787
0.906
0.908
0.976
0.962
0.914
0.964
0.870
0.717
0.683
0.794
0.857
0.730
0.692
0.811
0.816
0.839
0.925
0.766
0.838
0.883
0.905
0.845
0.951
0.948
0.848
0.940
0.930
0.968
0.972
0.735
0.888
0.957
0.918
0.893
0.833
0.884
0.822
0.688
0.896
0.821
0.977
0.813
0.966
0.891
0.845
0.938
0.888
0.920
0.873
0.835
0.772
0.880
0.950
0.811
0.783
0.803
0.871
0.887
0.960
0.872
0.814
0.930
0.820
0.858
0.852
0.829
0.792
0.864
0.948
0.904
0.969
0.899
0.870
0.878
0.896
0.899
0.863
0.947
0.837
0.963
0.963
0.913
0.928
0.774
0.808
0.905
0.896
0.828
0.976
0.888
0.972
0.978
0.915
0.963
0.965
0.780
0.845
0.832
0.928
0.866
0.784
0.905
0.971
0.855
0.901
0.903
0.963
0.844
0.958
0.897
0.944
0.958
0.946
0.823
0.820
0.881
0.768
0.752
0.955
0.939
0.905
0.849
0.906
0.895
0.940
0.890
0.879
0.880
0.919
0.948
0.853
0.830
0.771
0.716
0.712
0.751
0.912
0.908
0.964
0.895
0.940
0.741
0.831
0.962
0.943
0.951
0.975
0.851
0.970
0.909
0.951
0.950
0.955
0.943
0.890
0.790
0.921
0.945
0.828
0.782
0.892
0.756
0.877
0.884
0.922
0.909
0.688
0.595
0.639
0.668
0.726
0.784
0.718
0.757
0.713
0.616
0.686
0.850
0.942
0.890
0.929
0.807
0.850
0.957
0.940
0.972
0.944
0.957
0.917
0.864
0.936
0.839
0.836
0.886
0.852
0.733
0.752
0.801
0.764
0.723
0.730
0.902
0.870
0.974
0.758
0.711
0.772
0.750
0.694
0.674
0.605
0.619
0.639
0.773
0.852
0.766
0.711
0.807
0.811
0.782
0.877
0.811
0.891
0.744
0.725
0.817
0.807
0.828
0.725
0.692
0.704
0.621
0.632
0.767
0.747
0.690
0.697
0.658
0.644
0.648
0.665
0.658
0.664
0.607
0.426
0.565
0.667
0.627
0.533
0.600
0.608
0.821
0.701
0.652
0.597
0.612
0.618
0.658
0.576
0.542
0.536
0.725
0.669
0.637
0.637
0.482
0.448
0.467
0.438
0.499
0.878
0.713
0.583
0.673
0.741
0.679
0.836
0.700
0.692
0.748
0.721
0.710
0.720
0.585
0.470
0.461
0.462
0.538
0.441
0.413
0.427
0.663
0.604
0.467
0.493
0.536
0.549
0.806
0.513
0.490
0.494
0.542
0.462
0.427
0.417
0.458
0.596
0.618
0.625
0.701
0.739
0.651
0.598
0.803
0.965
0.661
0.598
0.576
0.599
0.549
0.683
0.659
0.678
0.868
0.953
0.941
0.873
0.923
0.880
0.979
0.776
0.528
0.578
0.813
0.831
0.935
0.873
0.889
0.852
0.896
0.811
0.687
0.942
0.823
0.757
0.723
0.967
0.749
0.583
0.641
0.664
0.622
0.730
0.825
0.919
0.843
0.855
0.660
0.610
0.834
0.863
0.885
0.824
0.864
0.823
0.929
0.859
0.862
0.940
0.844
0.920
0.778
0.842
0.947
0.965
0.823
0.750
0.833
0.723
0.871
0.931
0.866
0.872
0.781
0.979
0.855
0.923
0.822
0.863
0.792
0.864
0.918
0.841
0.870
0.938
0.944
0.972
0.892
0.872
0.904
0.942
0.961
0.751
0.737
0.802
0.932
0.954
0.878
0.844
0.932
0.850
0.873
0.905
0.969
0.946
0.974
0.973
0.929
0.815
0.762
0.896
0.889
0.697
0.882
0.888
0.827
0.881
0.942
0.831
0.839
0.885
0.979
0.911
0.872
0.821
0.684
0.906
0.956
0.803
0.770
0.720
0.848
0.890
0.914
0.848
0.976
0.927
0.916
0.969
0.926
0.929
0.904
0.956
0.921
0.874
0.961
0.949
0.935
0.951
0.931
0.938
0.921
0.978
0.962
0.870
0.843
0.910
0.953
0.959
0.913
0.883
0.947
0.950
0.955
0.935
0.865
0.954
0.978
0.864
0.819
0.952
0.917
0.835
0.924
0.951
0.974
0.856
0.835
0.879
0.963
0.962
0.976
0.878
0.936
0.966
0.936
0.975
0.728
0.710
0.686
0.861
0.894
0.946
0.843
0.927
0.948
0.814
0.941
0.920
0.945
0.913
0.927
0.956
0.927
0.947
0.799
0.720
0.627
0.622
0.631
0.576
0.562
0.564
0.608
0.628
0.618
0.652
0.706
0.723
0.837
0.770
0.841
0.754
0.827
0.781
0.931
0.795
0.629
0.650
0.653
0.717
0.847
0.905
0.894
0.922
0.893
0.956
0.963
0.858
0.781
0.750
0.791
0.683
0.739
0.976
0.875
0.728
0.795
0.955
0.950
0.897
0.952
0.892
0.884
0.670
0.721
0.711
0.852
0.823
0.791
0.791
0.730
0.625
0.803
0.839
0.771
0.679
0.685
0.782
0.857
0.793
0.789
0.746
0.701
0.640
0.718
0.827
0.904
0.784
0.732
0.809
0.920
0.856
0.899
0.745
0.837
0.890
0.826
0.740
0.689
0.702
0.754
0.741
0.753
0.805
0.801
0.658
0.651
0.619
0.493
0.543
0.655
0.638
0.623
0.659
0.638
0.420
0.486
0.612
0.602
0.615
0.553
0.521
0.551
0.718
0.673
0.661
0.700
0.731
0.527
0.603
0.637
0.957
0.616
0.638
0.632
0.907
0.467
0.477
0.526
0.584
0.550
0.502
0.517
0.765
0.910
0.956
0.972
0.789
0.565
0.459
0.468
0.462
0.472
0.491
0.568
0.525
0.505
0.597
0.510
0.682
0.684
0.744
0.703
0.652
0.750
0.675
0.859
0.855
0.729
0.608
0.818
0.647
0.586
0.518
0.517
0.645
0.876
0.547
0.499
0.497
0.526
0.512
0.683
0.708
0.950
0.729
0.643
0.874
0.737
0.622
0.862
0.681
0.744
0.807
0.937
0.964
0.907
0.945
0.855
0.851
0.614
0.558
0.533
0.772
0.786
0.849
0.949
0.814
0.763
0.929
0.918
0.798
0.911
0.913
0.956
0.974
0.953
0.756
0.598
0.523
0.528
0.568
0.860
0.885
0.809
0.847
0.938
0.858
0.730
0.925
0.951
0.792
0.946
0.959
0.910
0.896
0.689
0.685
0.745
0.732
0.873
0.727
0.738
0.813
0.946
0.937
0.981
0.973
0.766
0.874
0.843
0.854
0.916
0.968
0.682
0.760
0.831
0.867
0.832
0.824
0.809
0.886
0.974
0.964
0.821
0.875
0.897
0.820
0.926
0.752
0.773
0.770
0.746
0.827
0.776
0.910
0.805
0.856
0.978
0.960
0.891
0.936
0.894
0.930
0.808
0.915
0.893
0.961
0.939
0.949
0.968
0.965
0.938
0.843
0.722
0.769
0.935
0.962
0.836
0.912
0.959
0.970
0.915
0.942
0.937
0.962
0.918
0.862
0.818
0.922
0.972
0.941
0.948
0.913
0.879
0.934
0.927
0.860
0.887
0.948
0.966
0.831
0.885
0.886
0.898
0.927
0.953
0.974
0.895
0.908
0.782
0.925
0.932
0.909
0.928
0.917
0.933
0.957
0.880
0.935
0.942
0.968
0.956
0.791
0.837
0.952
0.884
0.935
0.808
0.959
0.902
0.955
0.882
0.897
0.884
0.923
0.944
0.757
0.810
0.973
0.971
0.962
0.865
0.945
0.966
0.950
0.890
0.958
0.955
0.884
0.794
0.780
0.760
0.861
0.891
0.819
0.738
0.862
0.823
0.689
0.689
0.808
0.922
0.852
0.853
0.941
0.873
0.950
0.868
0.816
0.770
0.721
0.955
0.968
0.816
0.877
0.828
0.868
0.859
0.850
0.864
0.921
0.859
0.891
0.779
0.790
0.966
0.943
0.881
0.901
0.901
0.940
0.974
0.917
0.899
0.875
0.931
0.965
0.980
0.879
0.868
0.815
0.819
0.789
0.756
0.863
0.896
0.830
0.876
0.866
0.802
0.809
0.745
0.742
0.898
0.956
0.861
0.809
0.843
0.904
0.919
0.837
0.748
0.735
0.736
0.772
0.757
0.691
0.685
0.834
0.924
0.784
0.821
0.980
0.817
0.758
0.754
0.745
0.731
0.742
0.778
0.838
0.884
0.858
0.768
0.736
0.735
0.773
0.773
0.664
0.544
0.567
0.551
0.688
0.855
0.765
0.675
0.690
0.676
0.833
0.966
0.741
0.843
0.869
0.784
0.666
0.534
