19790101
0.962
0.893
0.887
0.970
0.879
0.837
0.912
0.938
0.902
0.889
0.829
0.766
0.786
0.893
0.815
0.892
0.873
0.845
0.917
0.973
0.894
0.948
0.844
0.899
0.874
0.838
0.883
0.945
0.940
0.935
0.954
0.872
0.946
0.971
0.943
0.889
0.934
0.865
0.884
0.864
0.886
0.884
0.872
0.913
0.963
0.861
0.947
0.925
0.886
0.920
0.856
0.849
0.937
0.799
0.856
0.942
0.961
0.981
0.830
0.936
0.959
0.978
0.965
0.982
0.982
0.914
0.927
0.969
0.910
0.921
0.915
0.834
0.908
0.954
0.940
0.886
0.970
0.964
0.975
0.927
0.825
0.926
0.958
0.977
0.928
0.964
0.931
0.957
0.951
0.953
0.967
0.922
0.955
0.963
0.932
0.954
0.801
0.766
0.746
0.791
0.730
0.832
0.952
0.963
0.942
0.967
0.936
0.932
0.953
0.909
0.952
0.969
0.942
0.880
0.818
0.794
0.743
0.770
0.820
0.894
0.960
0.900
0.914
0.937
0.941
0.918
0.906
0.906
0.957
0.961
0.899
0.899
0.907
0.929
0.935
0.847
0.933
0.777
0.947
0.957
0.929
0.867
0.876
0.911
0.747
0.851
0.911
0.831
0.875
0.946
0.722
0.664
0.730
0.786
0.750
0.666
0.691
0.713
0.706
0.845
0.793
0.735
0.719
0.678
0.873
0.722
0.745
0.739
0.702
0.682
0.629
0.637
0.657
0.661
0.731
0.752
0.702
0.681
0.718
0.724
0.655
0.639
0.662
0.807
0.687
0.629
0.806
0.743
0.629
0.592
0.655
0.655
0.581
0.669
0.655
0.619
0.789
0.770
0.612
0.617
0.883
0.650
0.659
0.764
0.707
0.670
0.631
0.597
0.697
0.668
0.576
0.484
0.635
0.498
0.470
0.556
0.556
0.586
0.572
0.586
0.667
0.566
0.527
0.565
0.608
0.569
0.580
0.601
0.659
0.589
0.620
0.558
0.642
0.639
0.596
0.523
0.515
0.521
0.474
0.546
0.551
0.496
0.491
0.448
0.881
0.728
0.704
0.540
0.464
0.473
0.622
0.540
0.561
0.631
0.641
0.672
0.578
0.589
0.559
0.642
0.762
0.540
0.515
0.407
0.470
0.454
0.434
0.531
0.549
0.624
0.589
0.426
0.372
0.428
0.378
0.464
0.573
0.554
0.560
0.825
0.741
0.668
0.555
0.655
0.629
0.472
0.532
0.856
0.543
0.460
0.464
0.438
0.424
0.388
0.379
0.458
0.569
0.701
0.659
0.707
0.704
0.780
0.719
0.584
0.635
0.738
0.888
0.783
0.897
0.683
0.924
0.932
0.890
0.650
0.496
0.599
0.564
0.891
0.971
0.792
0.886
0.641
0.748
0.913
0.889
0.948
0.886
0.969
0.918
0.844
0.653
0.571
0.633
0.613
0.613
0.614
0.690
0.689
0.638
0.776
0.764
0.684
0.625
0.581
0.846
0.681
0.668
0.939
0.955
0.973
0.825
0.822
0.904
0.953
0.967
0.880
0.856
0.955
0.850
0.768
0.836
0.961
0.929
0.820
0.974
0.981
0.949
0.863
0.826
0.758
0.887
0.897
0.926
0.868
0.935
0.796
0.761
0.916
0.929
0.893
0.914
0.914
0.885
0.792
0.842
0.948
0.965
0.902
0.902
0.930
0.847
0.875
0.880
0.863
0.944
0.951
0.898
0.862
0.972
0.917
0.766
0.943
0.866
0.959
0.909
0.819
0.935
0.789
0.826
0.869
0.723
0.826
0.980
0.950
0.907
0.773
0.830
0.821
0.858
0.794
0.903
0.846
0.787
0.600
0.607
0.613
0.761
0.885
0.876
0.772
0.811
0.824
0.956
0.875
0.817
0.959
0.922
0.916
0.915
0.956
0.918
0.965
0.933
0.933
0.967
0.940
0.960
0.962
0.941
0.969
0.904
0.956
0.891
0.902
0.968
0.934
0.898
0.848
0.905
0.956
0.975
0.920
0.941
0.933
0.909
0.881
0.946
0.868
0.900
0.777
0.857
0.980
0.886
0.855
0.845
0.825
0.760
0.737
0.676
0.806
0.937
0.925
0.917
0.926
0.893
0.940
0.950
0.964
0.834
0.753
0.791
0.731
0.824
0.872
0.842
0.808
0.917
0.918
0.843
0.939
0.886
0.920
0.906
0.944
0.931
0.917
0.938
0.912
0.960
0.779
0.752
0.721
0.658
0.725
0.760
0.769
0.916
0.932
0.950
0.942
0.921
0.797
0.766
0.771
0.777
0.787
0.636
0.602
0.645
0.667
0.859
0.796
0.756
0.726
0.704
0.655
0.771
0.698
0.680
0.625
0.647
0.862
0.890
0.922
0.828
0.771
0.724
0.639
0.675
0.667
0.659
0.630
0.621
0.644
0.576
0.621
0.591
0.686
0.643
0.556
0.588
0.725
0.716
0.558
0.672
0.604
0.618
0.705
0.618
0.543
0.561
0.497
0.501
0.626
0.568
0.620
0.723
0.834
0.578
0.665
0.498
0.520
0.526
0.661
0.592
0.616
0.582
0.577
0.574
0.492
0.628
0.459
0.519
0.435
0.432
0.459
0.517
0.488
0.436
0.429
0.565
0.695
0.632
0.542
0.594
0.450
0.438
0.431
0.505
0.489
0.442
0.443
0.452
0.413
0.398
0.382
0.449
0.512
0.588
0.428
0.500
0.425
0.375
0.471
0.573
0.470
0.386
0.433
0.477
0.493
0.838
0.520
0.636
0.491
0.514
0.546
0.486
0.496
0.520
0.598
0.614
0.569
0.896
0.932
0.576
0.533
0.602
0.627
0.638
0.581
0.533
0.737
0.673
0.655
0.849
0.825
0.685
0.867
0.918
0.695
0.775
0.922
0.833
0.679
0.650
0.729
0.657
0.640
0.823
0.778
0.651
0.558
0.614
0.563
0.602
0.563
0.581
0.721
0.897
0.894
0.948
0.786
0.543
0.683
0.578
0.862
0.899
0.970
0.749
0.854
0.835
0.907
0.853
0.939
0.961
0.909
0.907
0.889
0.951
0.856
0.853
0.957
0.960
0.707
0.811
0.880
0.723
0.860
0.829
0.900
0.683
0.605
0.751
0.644
0.869
0.944
0.858
0.906
0.637
0.616
0.839
0.820
0.677
0.950
0.923
0.931
0.866
0.925
0.932
0.806
0.851
0.851
0.863
0.968
0.870
0.969
0.927
0.934
0.979
0.877
0.757
0.792
0.831
0.927
0.894
0.929
0.905
0.923
0.966
0.892
0.965
0.827
0.701
0.820
0.767
0.818
0.893
0.827
0.806
0.965
0.982
0.853
0.828
0.935
0.980
0.968
0.902
0.920
0.959
0.971
0.928
0.899
0.950
0.945
0.929
0.973
0.930
0.969
0.925
0.978
0.957
0.976
0.936
0.970
0.942
0.977
0.975
0.954
0.956
0.946
0.931
0.961
0.820
0.947
0.928
0.971
0.884
0.927
0.948
0.945
0.897
0.888
0.894
0.753
0.755
0.839
0.955
0.955
0.935
0.925
0.959
0.983
0.765
0.793
0.935
0.869
0.868
0.872
0.931
0.918
0.926
0.938
0.935
0.972
0.977
0.931
0.940
0.954
0.975
0.977
0.970
0.952
0.941
0.923
0.911
0.963
0.909
0.945
0.908
0.797
0.687
0.853
0.834
0.865
0.874
0.925
0.907
0.903
0.901
0.943
0.887
0.818
0.748
0.781
0.889
0.953
0.960
0.910
0.948
0.894
0.908
0.924
0.897
0.944
0.867
0.934
0.943
0.874
0.824
0.922
0.949
0.814
0.723
0.715
0.785
0.798
0.839
0.833
0.902
0.747
0.680
0.697
0.713
0.808
0.896
0.961
0.896
0.874
0.934
0.811
0.769
0.704
0.807
0.888
0.903
0.830
0.813
0.839
0.917
0.839
0.748
0.752
0.667
0.739
0.780
0.791
0.767
0.702
0.753
0.747
0.674
0.620
0.657
0.873
0.814
0.648
0.635
0.603
0.544
0.584
0.630
0.635
0.653
0.741
0.702
0.640
0.642
0.571
0.679
0.575
0.428
0.405
0.566
0.609
0.504
0.429
0.470
0.541
0.513
0.615
0.488
0.491
0.599
0.466
0.485
0.478
0.556
0.744
0.704
0.777
0.666
0.813
0.541
0.638
0.469
0.594
0.535
0.457
0.676
0.474
0.398
0.412
0.350
0.538
0.456
0.426
0.429
0.457
0.476
0.808
0.816
0.621
0.524
0.460
0.397
0.392
0.433
0.516
0.492
0.430
0.418
0.394
0.435
0.486
0.444
0.472
0.621
0.660
0.555
0.389
0.376
0.427
0.505
0.500
0.596
0.714
0.532
0.503
0.437
0.399
0.405
0.460
0.539
0.421
0.385
0.501
0.476
0.618
0.447
0.651
0.663
0.781
0.670
0.560
0.596
0.520
0.577
0.873
0.810
0.826
0.959
0.734
0.539
0.576
0.676
0.616
0.640
0.564
0.642
0.563
0.485
0.506
0.611
0.531
0.457
0.456
0.441
0.579
0.606
0.584
0.758
0.642
0.556
0.539
0.733
0.893
0.912
0.975
0.962
0.950
0.920
0.816
0.784
0.813
0.960
0.844
0.714
0.890
0.952
0.952
0.980
0.929
0.783
0.892
0.871
0.964
0.804
0.981
0.826
0.926
0.903
0.948
0.956
0.833
0.712
0.953
0.881
0.959
0.869
0.857
0.930
0.972
0.882
0.920
0.928
0.887
0.932
0.906
0.978
0.933
0.971
0.900
0.929
0.909
0.945
0.883
0.961
0.961
0.955
0.975
0.973
0.868
0.923
0.888
0.808
0.860
0.931
0.927
0.920
0.968
0.944
0.966
0.961
0.962
0.934
0.907
0.931
0.974
0.981
0.981
0.899
0.916
0.890
0.951
0.936
0.964
0.945
0.858
0.877
0.896
0.869
0.897
0.965
0.974
0.928
0.920
0.897
0.956
0.964
0.955
0.967
0.965
0.859
0.922
0.969
0.961
0.931
0.802
0.961
0.974
0.952
0.953
0.930
0.975
0.981
0.847
0.914
0.961
0.952
0.942
0.884
0.925
0.944
0.906
0.868
0.969
0.836
0.981
0.864
0.953
0.965
0.970
0.908
0.869
0.966
0.899
0.848
0.941
0.964
0.917
0.859
0.972
0.965
0.814
0.803
0.855
0.890
0.896
0.952
0.970
0.971
0.969
0.982
0.904
0.967
0.973
0.969
0.859
0.876
0.919
0.954
0.969
0.977
0.928
0.883
0.920
0.970
0.961
0.966
0.952
0.868
0.921
0.768
0.704
0.803
0.927
0.792
0.819
0.701
0.683
0.676
0.691
0.705
0.932
0.926
0.952
0.916
0.926
0.888
0.898
0.959
0.930
0.922
0.898
0.951
0.870
0.961
0.975
0.948
0.936
0.896
0.734
0.699
0.691
0.705
0.732
0.707
0.741
0.822
0.786
0.857
0.850
0.724
0.728
0.717
0.801
0.921
0.861
0.888
0.771
0.887
0.896
0.934
0.842
0.753
0.726
0.797
0.918
0.886
0.875
0.767
0.815
0.773
0.767
0.752
0.836
0.779
0.725
0.772
0.688
0.635
0.676
0.676
0.855
0.905
0.829
0.826
0.825
0.886
0.933
0.960
0.928
0.794
0.705
0.637
0.612
0.644
0.610
0.672
0.760
0.720
0.807
0.704
0.620
0.668
0.735
0.904
0.716
0.676
0.718
0.755
0.810
0.735
0.600
0.594
0.626
0.883
0.837
0.724
0.672
0.694
0.690
0.658
0.842
0.729
0.872
0.709
0.587
0.639
0.641
0.649
0.681
0.612
0.640
0.577
0.575
0.613
0.688
0.615
0.613
0.533
0.433
0.465
0.592
0.654
0.537
0.457
0.530
0.481
0.494
0.560
0.533
0.563
0.666
0.556
0.595
0.689
0.825
0.773
0.926
0.764
0.798
0.867
0.925
0.874
0.718
0.751
0.924
0.669
0.578
0.545
0.569
0.718
0.711
0.642
0.569
0.629
0.798
0.759
0.686
0.634
0.657
0.781
0.769
0.591
0.542
0.600
0.820
0.720
0.816
0.827
0.685
0.854
0.576
0.679
0.608
0.669
0.589
0.572
0.444
0.565
0.557
0.604
0.739
0.767
0.754
0.855
0.833
0.961
0.902
0.639
0.818
0.910
0.818
0.750
0.744
0.801
0.777
0.900
0.600
0.900
0.821
0.644
0.575
0.590
0.541
0.523
0.577
0.589
0.933
0.834
0.692
0.963
0.969
0.965
0.886
0.917
0.974
0.815
0.624
0.650
0.766
0.898
0.757
0.770
0.953
0.911
0.879
0.924
0.952
0.817
0.821
0.752
0.884
0.807
0.669
0.712
0.681
0.907
0.948
0.817
0.925
0.900
0.941
0.938
0.895
0.940
0.938
0.883
0.899
0.707
0.886
0.851
0.915
0.926
0.912
0.906
0.913
0.801
0.746
0.812
0.950
0.843
0.874
0.952
0.947
0.770
0.947
0.809
0.737
0.604
0.540
0.801
0.767
0.758
0.811
0.866
0.887
0.929
0.945
0.917
0.933
0.917
0.650
0.863
0.766
0.877
0.883
0.962
0.887
0.921
0.945
0.955
0.964
0.911
0.854
0.866
0.896
0.851
0.868
0.671
0.651
0.680
0.731
0.674
0.641
0.682
0.802
0.980
0.967
0.836
0.800
0.806
0.931
0.966
0.894
0.839
0.826
0.931
0.816
0.576
0.545
0.632
0.599
0.666
0.704
0.656
0.837
0.737
0.940
0.875
0.944
0.967
0.875
0.950
0.957
0.953
0.947
0.905
0.947
0.951
0.872
0.809
0.863
0.891
0.861
0.889
0.889
0.850
0.906
0.946
0.919
0.964
0.980
0.877
0.918
0.945
0.958
0.958
0.931
0.962
0.963
0.954
0.859
0.871
0.811
0.788
0.794
0.739
0.875
0.884
0.874
0.928
0.868
0.871
0.838
0.834
0.889
0.901
0.882
0.953
0.968
0.909
0.837
0.949
0.908
0.735
0.843
0.755
0.852
0.931
0.943
0.873
0.842
0.811
0.738
0.712
0.702
0.690
0.723
0.730
0.927
0.725
0.678
0.830
0.712
0.623
0.715
0.735
0.662
0.633
0.627
0.666
0.645
0.807
0.823
0.744
0.591
0.655
0.708
0.672
0.667
0.628
0.610
0.708
0.753
0.642
0.537
0.590
0.717
0.642
0.711
0.812
0.668
0.596
0.612
0.564
0.741
0.803
0.626
0.559
0.539
0.582
0.520
0.608
0.647
0.578
0.615
0.698
0.578
0.469
0.418
0.532
0.446
0.463
0.428
0.413
0.479
0.481
0.600
0.445
0.624
0.509
0.487
0.533
0.596
0.515
0.503
0.545
0.392
0.327
0.304
0.310
0.458
0.495
0.457
0.476
0.479
0.577
0.569
0.550
0.521
0.507
0.526
0.613
0.862
0.618
0.597
0.498
0.447
0.556
0.710
0.595
0.467
0.504
0.485
0.453
0.409
0.415
0.446
0.474
0.509
0.507
0.757
0.488
0.437
0.711
0.521
0.529
0.460
0.435
0.447
0.541
0.425
0.484
0.684
0.792
0.640
0.847
0.704
0.848
0.633
0.631
0.593
0.717
0.775
0.588
0.566
0.517
0.499
0.513
0.722
0.683
0.642
0.593
0.566
0.600
0.534
0.466
0.502
0.451
0.531
0.766
0.816
0.790
0.888
0.950
0.969
0.685
0.597
0.600
0.548
0.732
0.855
0.854
0.662
0.637
0.636
0.781
0.910
0.621
0.772
0.917
0.824
0.836
0.794
0.823
0.779
0.713
0.621
0.706
0.731
0.859
0.923
0.842
0.952
0.770
0.866
0.662
0.818
0.906
0.967
0.914
0.694
0.610
0.601
0.566
0.575
0.657
0.951
0.715
0.694
0.838
0.947
0.937
0.920
0.814
0.863
0.890
0.975
0.933
0.942
0.919
0.947
0.938
0.950
0.975
0.787
0.848
0.957
0.976
0.879
0.949
0.935
0.982
0.963
0.983
0.945
0.962
0.908
0.893
0.924
0.775
0.804
0.834
0.926
0.963
0.881
0.941
0.918
0.848
0.826
0.825
0.818
0.827
0.894
0.893
0.914
0.912
0.908
0.954
0.911
0.861
0.916
0.972
0.957
0.941
0.973
0.933
0.778
0.826
0.955
0.981
0.978
0.809
0.889
0.879
0.860
0.948
0.901
0.944
0.983
0.855
0.955
0.909
0.921
0.849
0.889
0.953
0.951
0.941
0.878
0.950
0.929
0.948
0.962
0.943
0.844
0.864
0.758
0.715
0.864
0.947
0.929
0.975
0.931
0.937
0.863
0.965
0.707
0.664
0.679
0.901
0.824
0.832
0.963
0.976
0.839
0.878
0.851
0.851
0.944
0.956
0.946
0.958
0.840
0.767
0.952
0.965
0.963
0.899
0.930
0.865
0.946
0.915
0.932
0.956
0.902
0.962
0.967
0.981
0.937
0.835
0.821
0.822
0.924
0.906
0.918
0.973
0.879
0.844
0.921
0.853
0.925
0.953
0.916
0.943
0.942
0.951
0.952
0.828
0.871
0.834
0.755
0.942
0.923
0.955
0.942
0.939
0.854
0.791
0.928
0.836
0.933
0.964
0.884
0.926
0.888
0.827
0.820
0.822
0.820
0.890
0.910
0.894
0.776
0.870
0.932
0.826
0.881
0.861
0.884
0.879
0.919
0.961
0.938
0.742
0.672
0.726
0.776
0.890
0.753
0.692
0.725
0.810
0.719
0.649
0.752
0.711
0.673
0.690
0.913
0.848
0.932
0.915
0.891
0.748
0.803
0.830
0.905
0.868
0.836
0.754
0.843
0.690
0.682
0.652
0.535
0.624
0.593
0.559
0.620
0.522
0.547
0.478
0.488
0.482
0.498
0.488
0.562
0.503
0.542
0.674
0.756
0.924
0.642
0.684
0.611
0.681
0.612
0.507
0.416
0.606
0.497
0.443
0.504
0.524
0.517
0.529
0.603
0.706
0.936
0.865
0.935
0.591
0.463
0.365
0.329
0.341
0.350
0.366
0.524
0.492
0.582
0.627
0.610
0.836
0.774
0.650
0.653
0.639
0.574
0.677
0.696
0.564
0.576
0.640
0.506
0.594
0.456
0.508
0.857
0.743
0.679
0.600
0.871
0.870
0.710
0.487
0.534
0.635
0.636
0.532
0.516
0.535
0.592
0.548
0.546
0.579
0.618
0.557
0.588
0.525
0.574
0.616
0.945
0.689
0.713
0.887
0.732
0.605
0.575
0.603
0.620
0.759
0.877
0.847
0.697
0.881
0.953
0.979
0.979
0.737
0.708
0.714
0.954
0.916
0.763
0.803
0.643
0.911
0.849
0.962
0.898
0.975
0.934
0.830
0.674
0.939
0.936
0.720
0.811
0.716
0.746
0.818
0.969
0.739
0.935
0.790
0.803
0.912
0.815
0.861
0.896
0.971
0.818
0.929
0.928
0.778
0.926
0.906
0.787
0.963
0.952
0.942
0.648
0.894
0.962
0.927
0.819
0.829
0.623
0.760
0.885
0.948
0.918
0.981
0.932
0.930
0.921
0.869
0.952
0.925
0.931
0.926
0.916
0.938
0.941
0.937
0.736
0.936
0.861
0.932
0.959
0.963
0.846
0.900
0.974
0.917
0.855
0.911
0.949
0.951
0.799
0.796
0.973
0.974
0.902
0.906
0.960
0.918
0.975
0.952
0.924
0.981
0.966
0.958
0.880
0.901
0.919
0.732
0.975
0.932
0.932
0.886
0.964
0.972
0.940
0.896
0.974
0.882
0.930
0.849
0.967
0.953
0.824
0.933
0.960
0.933
0.956
0.964
0.963
0.978
0.981
0.939
0.945
0.897
0.976
0.971
0.896
0.901
0.902
0.932
0.953
0.943
0.908
0.942
0.910
0.963
0.969
0.959
0.863
0.848
0.970
0.925
0.876
0.959
0.972
0.926
0.921
0.961
0.980
0.933
0.825
0.968
0.868
0.968
0.893
0.915
0.938
0.949
0.867
0.906
0.862
0.913
0.953
0.870
0.857
0.818
0.955
0.974
0.948
0.957
0.973
0.925
0.899
0.981
0.957
0.882
0.937
0.951
0.961
0.958
0.879
0.809
0.791
0.901
0.866
0.953
0.895
0.959
0.922
0.958
0.909
0.937
0.954
0.919
0.874
0.862
0.975
0.890
0.934
0.840
0.815
0.848
0.774
0.817
0.849
0.907
0.876
0.906
0.824
0.787
0.761
0.918
0.931
0.760
0.695
0.690
0.547
0.494
0.510
0.564
0.549
0.607
0.736
0.688
0.660
0.660
0.731
0.739
0.731
0.704
0.906
0.928
0.894
0.719
0.666
0.739
0.671
0.618
0.600
0.826
0.711
0.919
0.748
0.933
0.940
0.971
0.780
0.702
0.663
0.720
0.651
0.562
0.559
0.557
0.517
0.540
0.515
0.577
0.752
0.677
0.601
0.649
0.609
0.567
0.648
0.638
0.631
0.731
0.831
0.713
0.817
0.881
0.852
0.650
0.584
0.570
0.528
0.530
0.610
0.549
0.593
0.463
0.498
0.589
0.603
0.511
0.537
0.499
0.561
0.579
0.592
0.514
0.558
0.459
0.425
0.369
0.492
0.615
0.733
0.671
0.600
0.523
0.809
0.784
0.539
0.542
0.473
0.440
0.408
0.424
0.364
0.373
0.449
0.397
0.455
0.589
0.777
0.675
0.739
0.851
0.643
0.598
0.796
0.638
0.477
0.625
0.631
0.542
0.726
0.823
0.743
0.585
0.581
0.591
0.578
0.638
0.642
0.564
0.584
0.679
0.699
0.686
0.695
0.698
0.632
0.624
0.619
0.517
0.546
0.614
0.638
0.705
0.672
0.589
0.616
0.636
0.517
0.790
0.887
0.702
0.582
0.654
0.741
0.667
0.876
0.634
0.609
0.813
0.745
0.648
0.844
0.705
0.713
0.860
0.971
0.951
0.968
0.802
0.650
0.675
0.553
0.509
0.700
0.685
0.769
0.825
0.800
0.923
0.903
0.905
0.669
0.607
0.615
0.557
0.607
0.643
0.563
0.541
0.823
0.742
0.690
0.918
0.858
0.931
0.956
0.949
0.925
0.875
0.831
0.714
0.675
0.758
0.780
0.694
0.651
0.887
0.953
0.802
0.749
0.757
0.725
0.787
0.830
0.887
0.870
0.907
0.668
0.707
0.914
0.911
0.952
0.924
0.938
0.943
0.865
0.966
0.870
0.917
0.960
0.831
0.925
0.797
0.975
0.972
0.858
0.900
0.932
0.971
0.951
0.754
0.972
0.960
0.903
0.893
0.817
0.871
0.980
0.958
0.853
0.953
0.895
0.947
0.943
0.905
0.864
0.935
0.965
0.929
0.973
0.841
0.811
0.972
0.955
0.971
0.836
0.935
0.974
0.969
0.944
0.950
0.875
0.970
0.888
0.918
0.980
0.931
0.946
0.922
0.884
0.970
0.955
0.854
0.877
0.965
0.976
0.926
0.888
0.970
0.838
0.978
0.895
0.944
0.943
0.983
0.895
0.974
0.957
0.909
0.964
0.974
0.977
0.957
0.943
0.887
0.850
0.933
0.930
0.904
0.936
0.940
0.945
0.961
0.969
0.970
0.852
0.825
0.936
0.929
0.967
0.828
0.752
0.825
0.758
0.885
0.928
0.935
0.908
0.896
0.880
0.949
0.961
0.874
0.908
0.892
0.811
0.841
0.899
0.904
0.962
0.876
0.887
0.865
0.746
0.902
0.912
0.835
0.818
0.849
0.863
0.889
0.935
0.956
0.893
0.886
0.886
0.933
0.897
0.815
0.969
0.928
0.792
0.923
0.920
-99.000
0.986
0.712
0.537
0.639
0.637
0.766
0.821
0.949
0.827
0.778
0.818
0.734
0.878
0.846
0.855
0.715
0.698
0.664
0.670
0.652
0.648
0.725
0.620
0.722
0.624
0.648
0.693
0.663
0.662
0.697
0.637
0.627
0.473
0.502
0.567
0.566
0.499
0.489
0.580
0.573
0.548
0.622
0.658
0.774
0.695
0.864
0.879
0.670
0.600
0.638
0.748
0.705
0.468
0.472
0.570
0.522
0.626
0.583
0.617
0.609
0.696
0.682
0.692
0.686
0.706
0.710
0.641
0.596
0.647
0.595
0.678
0.545
0.821
0.734
0.714
0.765
0.644
0.669
0.708
0.860
0.797
0.610
0.585
0.625
0.520
0.520
0.540
0.584
0.696
0.740
0.641
0.648
0.577
0.646
0.569
0.554
0.594
0.782
0.617
0.617
0.471
0.435
0.387
0.466
0.478
0.476
0.915
0.869
0.907
0.869
0.674
0.610
0.540
0.528
0.546
0.588
0.531
0.499
0.653
0.547
0.466
0.494
0.625
0.649
0.552
0.555
0.800
0.617
0.584
0.742
0.574
0.679
0.828
0.775
0.629
0.470
0.431
0.572
0.685
0.633
0.827
0.850
0.705
0.683
0.874
0.688
0.517
0.570
0.588
0.725
0.716
0.603
0.543
0.514
0.595
0.490
0.768
0.914
0.778
0.763
0.751
0.770
0.696
0.704
0.787
0.537
0.549
0.576
0.545
0.543
0.823
0.652
0.575
0.685
0.739
0.830
0.958
0.870
0.909
0.941
0.949
0.961
0.943
0.945
0.943
0.970
0.976
0.840
0.699
0.729
0.963
0.829
0.967
0.947
0.969
0.762
0.709
0.658
0.851
0.887
0.923
0.939
0.971
0.975
0.899
0.751
0.850
-99.000
-99.000
-99.000
-99.000
-99.000
-99.000
-99.000
-99.000
0.920
0.953
0.933
0.893
0.939
0.973
0.885
0.862
0.951
0.946
0.920
0.851
0.817
0.931
0.979
0.929
0.927
0.842
0.807
0.826
0.945
0.950
0.950
0.847
0.935
0.944
0.920
0.970
0.918
0.840
0.797
0.809
0.873
0.958
0.913
0.843
0.775
0.898
0.926
0.943
0.661
0.549
0.624
0.738
0.631
0.607
0.714
0.793
0.949
0.894
0.951
0.967
0.916
0.905
0.965
0.939
0.971
0.936
0.962
0.880
0.890
0.931
0.843
0.807
0.951
0.924
0.806
0.840
0.937
0.981
0.849
0.666
0.630
0.528
0.599
0.615
0.682
0.883
0.970
0.936
0.923
0.935
0.957
0.958
0.878
0.764
0.963
0.956
0.904
0.951
0.950
0.977
0.965
0.744
0.757
0.903
0.832
0.867
0.956
0.931
0.764
0.732
0.840
0.815
0.950
0.862
0.962
0.922
0.789
0.736
0.893
0.913
0.915
0.869
0.826
0.853
0.944
0.926
0.913
0.865
0.846
0.890
0.864
0.821
0.852
0.911
0.963
0.904
0.965
0.712
0.696
0.730
0.737
0.721
0.852
0.886
0.856
0.913
0.889
0.792
0.856
0.921
0.805
0.766
0.674
0.617
0.686
0.755
0.751
0.714
0.743
0.785
0.761
0.738
0.852
0.748
0.901
0.893
0.854
0.757
0.726
0.718
0.696
0.880
0.865
0.866
0.968
0.764
0.673
0.659
0.634
0.718
0.662
0.747
0.923
0.598
0.592
0.689
0.662
0.615
0.746
0.865
0.911
0.715
0.712
0.749
0.580
0.577
0.606
0.802
0.832
0.702
0.810
0.692
0.668
0.563
0.563
0.782
0.644
0.686
0.659
0.530
0.511
0.565
0.617
0.588
0.747
0.784
0.630
0.642
0.679
0.447
0.471
0.503
0.607
0.733
0.570
0.659
0.606
0.542
0.665
0.553
0.592
0.469
0.447
0.396
0.513
0.555
0.400
0.409
0.426
0.428
0.389
0.415
0.503
0.370
0.379
0.478
0.380
0.477
0.440
0.465
0.526
0.519
0.578
0.651
0.527
0.416
0.440
0.498
0.621
0.511
0.451
0.488
0.471
0.430
0.338
0.438
0.531
0.664
0.566
0.507
0.442
0.497
0.531
0.472
0.524
0.451
0.544
0.467
0.487
0.556
0.549
0.441
0.902
0.526
0.511
0.548
0.429
0.575
0.572
0.580
0.543
0.538
0.482
0.603
0.724
0.610
0.662
0.877
0.609
0.883
0.948
0.732
0.798
0.940
0.651
0.595
0.671
0.828
0.708
0.531
0.473
0.577
0.642
0.755
0.682
0.822
0.606
0.648
0.586
0.529
0.484
0.520
0.964
0.864
0.683
0.735
0.785
0.908
0.768
0.629
0.721
0.968
0.799
0.897
0.682
0.811
0.771
0.938
0.862
0.943
0.946
0.798
0.906
0.742
0.662
0.867
0.816
0.897
0.727
0.657
0.634
0.937
0.694
0.857
0.808
0.746
0.882
0.674
0.850
0.946
0.898
0.838
0.810
0.879
0.854
0.949
0.964
0.766
0.663
0.891
0.908
0.791
0.874
0.878
0.741
0.657
0.630
0.663
0.787
0.882
0.851
0.900
0.944
0.802
0.857
0.903
0.955
0.910
0.966
0.783
0.793
0.897
0.938
0.916
0.851
0.853
0.961
0.924
0.910
0.935
0.974
0.904
0.806
0.876
0.860
0.879
0.763
0.889
0.927
0.931
0.770
0.955
0.950
0.974
0.970
0.962
0.881
0.909
0.952
0.944
0.916
0.913
0.964
0.888
0.929
0.963
0.848
0.933
0.914
0.939
0.933
0.919
0.893
0.812
0.758
0.870
0.853
0.693
0.756
0.917
0.978
0.927
0.856
0.915
0.897
0.973
0.941
0.910
0.750
0.683
0.850
0.910
0.956
0.965
0.860
0.887
0.852
0.887
0.777
0.934
0.935
0.909
0.959
0.864
0.934
0.947
0.905
0.960
0.966
0.962
0.958
0.894
0.968
0.948
0.865
0.899
0.870
0.978
0.903
0.885
0.918
0.950
0.864
0.933
0.811
0.938
0.811
0.969
0.868
0.940
0.896
0.953
0.785
0.823
0.781
0.832
0.845
0.902
0.931
0.789
0.782
0.937
0.852
0.924
0.859
0.918
0.922
0.805
0.874
0.839
0.851
0.876
0.825
0.941
0.965
0.914
0.853
0.879
0.935
0.816
0.805
0.901
0.824
0.868
0.981
0.869
0.852
0.815
0.881
0.740
0.729
0.780
0.820
0.829
0.740
0.780
0.734
0.683
0.664
0.649
0.681
0.810
0.859
0.836
0.739
0.811
0.794
0.701
0.807
0.819
0.679
0.747
0.719
0.729
0.738
0.809
0.753
0.706
0.650
0.775
0.832
0.963
0.782
0.709
0.605
0.578
0.521
0.584
0.626
0.609
0.653
0.609
0.688
0.455
0.544
0.515
0.716
0.551
0.504
0.510
0.592
0.610
0.554
0.561
0.584
0.524
0.719
0.674
0.564
0.563
0.511
0.534
0.477
0.550
0.546
0.446
0.379
0.382
0.453
0.509
0.502
0.490
0.462
0.410
0.487
0.549
0.515
0.415
0.372
0.316
0.393
0.427
0.436
0.506
0.534
0.538
0.458
0.444
0.484
0.374
0.482
0.374
0.386
0.432
0.446
0.511
0.561
0.628
0.506
0.507
0.551
0.809
0.768
0.772
0.569
0.487
0.469
0.452
0.452
0.479
0.611
0.586
0.508
0.466
0.419
0.464
0.341
0.513
0.482
0.599
0.532
0.848
0.655
0.512
0.598
0.732
0.833
0.664
0.542
0.633
0.730
0.594
0.657
0.840
0.629
0.621
0.758
0.689
0.813
0.677
0.578
0.474
0.472
0.562
0.438
0.543
0.509
0.702
0.747
0.921
0.593
0.595
0.440
0.572
0.572
0.611
0.740
0.657
0.647
0.687
0.651
0.881
0.750
0.764
0.909
0.796
0.678
0.826
0.838
0.973
0.953
0.930
0.666
0.696
0.696
0.976
0.931
0.970
0.976
0.911
0.758
0.702
0.927
0.964
0.956
0.813
0.957
0.974
0.931
0.927
0.907
0.920
0.952
0.967
0.958
0.782
0.747
0.951
0.827
0.941
0.794
0.908
0.960
0.889
0.953
0.940
0.871
0.940
0.823
0.943
0.955
0.952
0.862
0.938
0.904
0.946
0.975
0.961
0.954
0.966
0.937
0.846
0.908
0.824
0.876
0.949
0.974
0.970
0.950
0.949
0.872
0.917
0.873
0.888
0.889
0.953
0.971
0.973
0.884
0.924
0.954
0.957
0.948
0.914
0.880
0.794
0.843
0.934
0.974
0.936
0.964
0.970
0.802
0.914
0.746
0.675
0.858
0.956
0.909
0.940
0.838
0.922
0.970
0.960
0.983
0.865
0.844
0.963
0.927
0.859
0.908
0.961
0.859
0.961
0.930
0.962
0.946
0.967
0.826
0.976
0.884
0.869
0.846
0.980
0.939
0.898
0.851
0.981
0.884
0.966
0.934
0.963
0.977
0.940
0.976
0.840
0.839
0.942
0.974
0.929
0.982
0.954
0.908
0.906
0.956
0.924
0.917
0.941
0.960
0.933
0.920
0.853
0.835
0.951
0.953
0.953
0.918
0.973
0.787
0.772
0.953
0.966
0.816
0.962
0.910
0.957
0.939
0.963
0.942
0.976
0.912
0.938
0.963
0.903
0.914
0.662
0.602
0.611
0.612
0.708
0.800
0.978
0.973
0.919
0.953
0.976
0.830
0.743
0.712
0.692
0.706
0.723
0.835
0.899
0.871
0.759
0.759
0.822
0.923
0.938
0.934
0.927
0.923
0.886
0.912
0.821
0.833
0.803
0.842
0.906
0.960
0.822
0.788
0.719
0.821
0.945
0.968
0.982
0.806
0.782
0.700
0.715
0.806
0.841
0.806
0.850
0.773
0.834
0.861
0.903
0.876
0.902
0.886
0.743
0.737
0.527
0.474
0.507
0.675
0.722
0.697
0.787
0.708
0.727
0.630
0.628
0.656
0.559
0.566
0.796
0.755
0.668
0.575
0.669
0.845
0.933
0.895
0.902
0.787
0.715
0.743
0.775
0.766
0.711
0.633
0.762
0.662
0.659
0.667
0.785
0.567
0.510
0.509
0.503
0.603
0.606
0.517
0.605
0.583
0.744
0.642
0.624
0.615
0.629
0.716
0.528
0.483
0.520
0.589
0.512
0.653
0.579
0.724
0.594
0.573
0.493
0.630
0.505
0.764
0.538
0.485
0.548
0.630
0.547
0.562
0.567
0.770
0.411
0.295
0.410
0.380
0.389
0.482
0.456
0.492
0.572
0.903
0.618
0.523
0.463
0.580
0.754
0.628
0.519
0.678
0.866
0.654
0.589
0.553
0.515
0.523
0.570
0.708
0.692
0.699
0.574
0.601
0.731
0.853
0.595
0.559
0.675
0.606
0.656
0.893
0.674
0.856
0.926
0.934
0.473
0.551
0.643
0.914
0.786
0.765
0.885
0.951
0.899
0.969
0.863
0.888
0.896
0.926
0.771
0.716
0.849
0.620
0.597
0.574
0.499
0.520
0.711
0.884
0.947
0.954
0.977
0.925
0.946
0.575
0.719
0.880
0.723
0.607
0.526
0.609
0.569
0.580
0.685
0.694
0.788
0.911
0.714
0.644
0.815
0.900
0.802
0.917
0.926
0.697
0.602
0.844
0.915
0.822
0.698
0.769
0.788
0.820
0.941
0.968
0.896
0.913
0.899
0.940
0.958
0.900
0.949
0.917
0.947
0.955
0.952
0.964
0.948
0.938
0.881
0.938
0.960
0.905
0.922
0.877
0.928
0.876
0.931
0.981
0.920
0.873
0.871
0.944
0.951
0.952
0.910
0.921
0.937
0.893
0.914
0.930
0.924
0.878
0.923
0.873
0.960
0.838
0.949
0.964
0.966
0.911
0.957
0.966
0.942
0.966
0.966
0.863
0.943
0.964
0.982
0.983
0.859
0.845
0.863
0.822
0.818
0.966
0.969
0.743
0.874
0.829
0.973
0.975
0.965
0.886
0.949
0.955
0.953
0.920
0.911
0.901
0.934
0.898
0.748
0.889
0.945
0.970
0.979
0.904
0.888
0.955
0.947
0.887
0.955
0.885
0.950
0.949
0.938
0.964
0.899
0.905
0.938
0.935
0.881
0.962
0.952
0.969
0.909
0.906
0.880
0.917
0.898
0.909
0.865
0.938
0.908
0.958
0.923
0.842
0.776
0.781
0.810
0.926
0.956
0.956
0.937
0.924
0.796
0.853
0.933
0.882
0.872
0.831
0.949
0.908
0.960
0.969
0.954
0.951
0.897
0.908
0.934
0.917
0.883
0.936
0.740
0.807
0.850
0.582
0.631
0.647
0.509
0.497
0.616
0.673
0.782
0.856
0.904
0.879
0.963
0.969
0.976
0.947
0.937
0.908
0.858
0.843
0.895
0.754
0.742
0.755
0.764
0.709
0.705
0.691
0.607
0.595
0.583
0.599
0.631
0.758
0.680
0.694
0.755
0.877
0.942
0.975
0.807
0.721
0.726
0.718
0.670
0.730
0.627
0.575
0.552
0.648
0.583
0.556
0.778
0.902
0.795
0.659
0.560
0.630
0.646
0.600
0.734
0.774
0.651
0.651
0.754
0.529
0.627
0.626
0.624
0.559
0.569
0.580
0.410
0.383
0.378
0.556
0.646
0.586
0.508
0.547
0.556
0.557
0.536
0.587
0.494
0.429
0.415
0.443
0.597
0.632
0.621
0.844
0.683
0.747
0.617
0.702
0.542
0.363
0.503
0.483
0.466
0.478
0.581
0.503
0.693
0.638
0.560
0.652
0.529
0.583
0.618
0.610
0.643
0.578
0.456
0.701
0.534
0.511
0.644
0.408
0.375
0.393
0.401
0.396
0.335
0.504
0.432
0.458
0.533
0.537
0.417
0.481
0.379
0.366
0.402
0.564
0.802
0.688
0.642
0.574
0.530
0.547
0.644
0.506
0.481
0.413
0.398
0.431
0.498
0.559
0.581
0.907
0.715
0.740
0.708
0.763
0.660
0.671
0.592
0.647
0.873
0.670
0.573
0.500
0.483
0.475
0.536
0.557
0.834
0.635
0.607
0.660
0.732
0.603
0.561
0.951
0.799
0.718
0.609
0.518
0.506
0.557
0.678
0.584
0.596
0.758
0.711
0.625
0.688
0.698
0.840
0.870
0.946
0.780
0.671
0.674
0.599
0.792
0.628
0.802
0.890
0.970
0.912
0.906
0.798
0.705
0.624
0.849
0.922
0.875
0.853
0.937
0.681
0.950
0.693
0.741
0.754
0.876
0.914
0.872
0.961
0.973
0.939
0.730
0.715
0.937
0.885
0.735
0.874
0.897
0.943
0.939
0.917
0.931
0.899
0.850
0.970
0.977
0.918
0.911
0.829
0.888
0.958
0.953
0.978
0.939
0.942
0.897
0.881
0.863
0.940
0.925
0.922
0.902
0.759
0.964
0.844
0.946
0.913
0.894
0.923
0.803
0.828
0.873
0.855
0.772
0.921
0.951
0.908
0.978
0.976
0.906
0.857
0.831
0.706
0.926
0.961
0.867
0.879
0.946
0.927
0.884
0.962
0.967
0.777
0.820
0.796
0.800
0.784
0.875
0.946
0.962
0.953
0.969
0.938
0.920
0.962
0.910
0.965
0.820
0.880
0.860
0.832
0.961
0.922
0.909
0.967
0.951
0.834
0.916
0.875
0.961
0.885
0.835
0.695
0.656
0.682
0.725
0.870
0.860
0.894
0.935
0.951
0.853
0.962
0.950
0.942
0.925
0.797
0.865
0.926
0.883
0.961
0.865
0.906
0.850
0.916
0.936
0.734
0.724
0.773
0.870
0.845
0.835
0.792
0.948
0.961
0.892
0.870
0.946
0.959
0.943
0.951
0.973
0.901
0.865
0.779
0.797
0.811
0.807
0.901
0.814
0.903
0.840
0.827
0.702
0.693
0.713
0.831
0.895
0.938
0.890
0.758
0.732
0.818
0.837
0.795
0.913
0.856
0.786
0.699
0.739
0.760
0.933
0.938
0.961
0.857
0.721
0.737
0.735
0.653
0.661
0.690
0.697
0.727
0.947
0.827
0.887
0.818
0.861
0.866
0.759
0.918
0.744
0.686
0.725
0.716
0.671
0.720
0.643
0.624
0.708
0.712
0.594
0.620
0.635
0.695
0.699
0.649
0.692
0.882
0.944
0.797
0.577
0.643
0.622
0.639
0.598
0.699
0.624
0.546
0.539
0.638
0.687
0.568
0.561
0.600
0.558
0.529
0.562
0.654
0.698
0.457
0.469
0.517
0.553
0.587
0.602
0.582
0.625
0.624
0.700
0.461
0.407
0.398
0.426
0.316
0.355
0.441
0.342
0.377
0.465
0.513
0.438
0.471
0.407
0.774
0.608
0.523
0.497
0.508
0.388
0.322
0.405
0.345
0.411
0.503
0.537
0.542
0.645
0.474
0.490
0.440
0.482
0.406
0.403
0.397
0.487
0.606
0.772
0.480
0.469
0.469
0.485
0.577
0.542
0.514
0.482
0.572
0.518
0.614
0.566
0.475
0.428
0.468
0.613
0.420
0.559
0.366
0.385
0.495
0.467
0.468
0.361
0.362
0.437
0.651
0.455
0.588
0.956
0.625
0.550
0.581
0.477
0.659
0.610
0.735
0.806
0.865
0.752
0.673
0.647
0.676
0.701
0.624
0.598
0.556
0.667
0.884
0.706
0.686
0.540
0.496
0.689
0.573
0.660
0.669
0.867
0.662
0.702
0.927
0.929
0.687
0.748
0.653
0.645
0.800
0.772
0.804
0.715
0.638
0.605
0.603
0.729
0.717
0.625
0.587
0.664
0.687
0.608
0.522
0.615
0.672
0.641
0.810
0.756
0.647
0.626
0.643
0.849
0.843
0.635
0.889
0.748
0.876
0.895
0.783
0.640
0.826
0.798
0.902
0.901
0.739
0.873
0.853
0.861
0.887
0.615
0.797
0.651
0.623
0.750
0.690
0.784
0.710
0.745
0.622
0.650
0.876
0.705
0.946
0.910
0.953
0.889
0.929
0.847
0.707
0.589
0.649
0.650
0.833
0.702
0.654
0.659
0.591
0.615
0.738
0.819
0.778
0.599
0.674
0.732
0.663
0.574
0.569
0.791
0.932
0.901
0.932
0.961
0.877
0.969
0.838
0.930
0.671
0.848
0.840
0.832
0.947
0.890
0.973
0.891
0.970
0.823
0.936
0.885
0.954
0.870
0.873
0.895
0.875
0.875
0.930
0.870
0.967
0.969
0.966
0.889
0.925
0.863
0.913
0.961
0.834
0.907
0.819
0.971
0.807
0.688
0.675
0.656
0.863
0.841
0.953
0.925
0.908
0.878
0.875
0.963
0.868
0.917
0.895
0.957
0.971
0.897
0.912
0.930
0.900
0.958
0.936
0.817
0.770
0.832
0.962
0.902
0.885
0.901
0.959
0.949
0.956
0.889
0.957
0.855
0.851
0.688
0.737
0.920
0.927
0.907
0.920
0.757
0.904
0.944
0.863
0.791
0.773
0.790
0.835
0.907
0.849
0.701
0.830
0.854
0.913
0.906
0.691
0.853
0.921
0.945
0.887
0.715
0.685
0.655
0.754
0.868
0.977
0.875
0.807
0.704
0.723
0.827
0.752
0.675
0.640
0.644
0.804
0.829
0.702
0.721
0.698
0.821
0.798
0.721
0.638
0.593
0.591
0.637
0.671
0.667
0.680
0.627
0.574
0.619
0.859
0.860
0.920
0.855
0.857
0.763
0.716
0.705
0.848
0.670
0.607
0.646
0.655
0.669
0.547
0.613
0.574
0.814
0.856
0.931
0.823
0.796
0.711
0.666
0.596
0.505
0.472
0.608
0.682
0.597
0.642
0.582
0.569
0.595
0.519
0.512
0.522
0.601
0.516
0.449
0.547
0.564
0.450
0.464
0.437
0.476
0.463
0.458
0.473
0.534
0.648
0.676
0.834
0.943
0.837
0.730
0.611
0.730
0.649
0.553
0.506
0.408
0.459
0.505
0.532
0.662
0.675
0.623
0.545
0.645
0.571
0.650
0.574
0.525
0.545
0.608
0.803
0.732
0.814
0.947
0.836
0.626
0.565
0.591
0.671
0.580
0.522
0.520
0.530
0.585
0.823
0.623
0.553
0.447
0.505
0.540
0.567
0.511
0.444
0.503
0.492
0.567
0.743
0.786
0.641
0.679
0.737
0.694
0.502
0.491
0.486
0.393
0.635
0.577
0.641
0.774
0.737
0.706
0.525
0.496
0.463
0.439
0.425
0.407
0.663
0.579
0.617
0.573
0.545
0.634
0.607
0.386
0.388
0.500
0.645
0.631
0.685
0.769
0.722
0.684
0.744
0.604
0.886
0.965
0.953
0.735
0.904
0.775
0.984
0.794
0.637
0.692
0.833
0.586
0.639
0.603
0.638
0.880
0.850
0.972
0.737
0.940
0.858
0.939
0.908
0.809
0.836
0.968
0.954
0.710
0.706
0.916
0.926
0.912
0.848
0.846
0.728
0.843
0.819
0.935
0.885
0.972
0.714
0.658
0.682
0.705
0.893
0.902
0.964
0.929
0.840
0.967
0.880
0.940
0.946
0.926
0.945
0.793
0.889
0.925
0.950
0.958
0.924
0.962
0.951
0.894
0.914
0.920
0.922
0.899
0.943
0.927
0.979
0.954
0.852
0.908
0.893
0.955
0.961
0.981
0.858
0.963
0.911
0.919
0.911
0.951
0.979
0.981
0.842
0.790
0.880
0.953
0.973
0.912
0.866
0.922
0.943
0.937
0.866
0.817
0.800
0.910
0.937
0.949
0.916
0.974
0.951
0.968
0.951
0.979
0.939
0.967
0.937
0.961
0.963
0.866
0.949
0.957
0.956
0.905
0.945
0.884
0.927
0.954
0.962
0.929
0.960
0.911
0.976
0.959
0.940
0.911
0.938
0.950
0.887
0.906
0.940
0.935
0.960
0.904
0.968
0.926
0.971
0.953
0.891
0.846
0.948
0.885
0.808
0.933
0.936
0.971
0.948
0.886
0.911
0.972
0.866
0.923
0.973
0.905
0.839
0.905
0.786
0.966
0.939
0.893
0.875
0.829
0.800
0.869
0.828
0.901
0.934
0.942
0.950
0.926
0.885
0.817
0.818
0.753
0.873
0.903
0.837
0.710
0.712
0.697
0.707
0.732
0.776
0.864
0.944
0.949
0.927
0.980
0.784
0.711
0.818
0.772
0.794
0.858
0.757
0.755
0.725
0.712
0.827
0.911
0.930
0.860
0.747
0.724
0.676
0.626
0.761
0.914
0.942
0.915
0.690
0.660
0.648
0.646
0.777
0.894
0.849
0.726
0.799
0.795
0.710
0.822
0.777
0.743
0.857
0.904
0.740
0.717
0.879
0.706
0.697
0.756
0.693
0.685
0.779
0.554
0.646
0.648
0.680
0.709
0.631
0.692
0.581
0.496
0.587
0.554
0.519
0.593
0.611
0.596
0.619
0.761
0.542
0.557
0.649
0.568
0.527
0.497
0.426
0.608
0.500
0.602
0.812
0.795
0.621
0.537
0.468
0.538
0.502
0.768
0.796
0.662
0.581
0.546
0.566
0.651
0.627
0.494
0.507
0.611
0.580
0.594
0.535
0.514
0.493
0.486
0.383
0.342
0.353
0.466
0.561
0.535
0.660
0.646
0.549
0.557
0.506
0.428
0.478
0.522
0.566
0.527
0.513
0.502
0.489
0.542
0.432
0.445
0.535
0.647
0.535
0.454
0.485
0.540
0.640
0.607
0.585
0.487
0.511
0.572
0.576
0.462
0.467
0.480
0.545
0.784
0.633
0.591
0.571
0.516
0.526
0.812
0.708
0.693
0.641
0.700
0.703
0.762
0.871
0.876
0.946
0.761
0.900
0.930
0.808
0.865
0.697
0.638
0.714
0.639
0.551
0.648
0.825
0.930
0.820
0.842
0.900
0.944
0.885
0.656
0.896
0.865
0.890
0.971
0.698
0.623
0.575
0.665
0.903
0.948
0.968
0.869
0.758
0.667
0.632
0.866
0.899
0.774
0.821
0.936
0.725
0.794
0.880
0.910
0.894
0.915
0.791
0.682
0.711
0.774
0.945
0.954
0.869
0.827
0.941
0.954
0.881
0.807
0.876
0.923
0.911
0.941
0.816
0.696
0.665
0.818
0.873
0.781
0.649
0.749
0.940
0.959
0.957
0.836
0.944
0.979
0.889
0.793
0.843
0.747
0.870
0.921
0.903
0.824
0.925
0.956
0.979
0.933
0.838
0.899
0.920
0.936
0.916
0.946
0.935
0.975
0.960
0.943
0.923
0.893
0.905
0.944
0.912
0.934
0.976
0.935
0.981
0.963
0.901
0.969
0.976
0.918
0.905
0.901
0.967
0.935
0.923
0.961
0.827
0.921
0.903
0.934
0.908
0.967
0.925
0.928
0.890
0.969
0.950
0.703
0.752
0.679
0.694
0.608
0.681
0.759
0.850
0.901
0.689
0.843
0.949
0.908
0.954
0.941
0.878
0.872
0.954
0.967
0.961
0.943
0.970
0.979
0.924
0.893
0.959
0.981
0.893
0.967
0.956
0.933
0.817
0.843
0.967
0.982
0.844
0.914
0.982
0.847
0.936
0.851
0.969
0.957
0.841
0.923
0.927
0.894
0.868
0.953
0.948
0.893
0.750
0.868
0.942
0.931
0.881
0.961
0.889
0.910
0.795
0.872
0.880
0.947
0.881
0.917
0.930
0.975
0.902
0.914
0.847
0.772
0.713
0.750
0.743
0.762
0.781
0.847
0.877
0.877
0.951
0.956
0.927
0.890
0.793
0.939
0.959
0.905
0.837
0.837
0.873
0.848
0.959
0.831
0.833
0.872
0.961
0.775
0.685
0.694
0.684
0.778
0.838
0.822
0.811
0.729
0.862
0.752
0.851
0.914
0.811
0.707
0.856
0.934
0.490
0.512
0.587
0.656
0.654
0.769
0.796
0.876
0.757
0.681
0.654
0.698
0.793
0.671
0.539
0.520
0.669
0.727
0.747
0.740
0.614
0.679
0.667
0.628
0.604
0.622
0.777
0.834
0.882
0.758
0.730
0.679
0.711
0.674
0.582
0.559
0.539
0.515
0.536
0.507
0.495
0.613
0.505
0.478
0.573
0.760
0.595
0.591
0.629
0.563
0.497
0.456
0.461
0.526
0.437
0.417
0.483
0.426
0.555
0.287
0.351
0.403
0.448
0.552
0.494
0.473
0.477
0.489
0.505
0.418
0.410
0.375
0.468
0.501
0.522
0.374
0.343
0.377
0.468
0.474
0.548
0.537
0.875
0.740
0.650
0.522
0.490
0.425
0.555
0.557
0.462
0.463
0.558
0.611
0.525
0.541
0.658
0.806
0.737
0.732
0.771
0.632
0.672
0.518
0.530
0.548
0.581
0.687
0.582
0.795
0.785
0.720
0.621
0.480
0.442
0.571
0.551
0.706
0.647
0.544
0.602
0.620
0.548
0.712
0.585
0.783
0.732
0.646
0.659
0.723
0.669
0.677
0.579
0.684
0.593
0.527
0.545
0.559
0.559
0.718
0.567
0.514
0.530
0.471
0.554
0.549
0.581
0.628
0.743
0.521
0.532
0.582
0.639
0.608
0.806
0.910
0.941
0.955
0.878
0.883
0.931
0.937
0.945
0.972
0.849
0.856
0.908
0.875
0.923
0.935
0.970
0.803
0.956
0.844
0.937
0.951
0.847
0.728
0.752
0.715
0.834
0.936
0.856
0.963
0.797
0.944
0.940
0.948
0.862
0.767
0.927
0.854
0.792
0.937
0.823
0.857
0.697
0.609
0.642
0.674
0.860
0.909
0.942
0.816
0.823
0.954
0.781
0.847
0.928
0.909
0.947
0.857
0.903
0.938
0.790
0.924
0.941
0.953
0.897
0.768
0.703
0.793
0.942
0.754
0.705
0.854
0.944
0.812
0.841
0.864
0.961
0.717
0.768
0.866
0.910
0.928
0.890
0.930
0.897
0.733
0.760
0.896
0.858
0.834
0.937
0.913
0.858
0.894
0.947
0.964
0.954
0.972
0.949
0.945
0.851
0.934
0.978
0.950
0.919
0.973
0.981
0.982
0.975
0.942
0.948
0.953
0.830
0.927
0.968
0.914
0.840
0.850
0.940
0.838
0.893
0.822
0.842
0.883
0.863
0.879
0.941
0.972
0.938
0.944
0.907
0.945
0.910
0.905
0.874
0.968
0.701
0.671
0.683
0.757
0.869
0.857
0.901
0.899
0.960
0.871
0.723
0.746
0.807
0.750
0.842
0.857
0.926
0.938
0.940
0.949
0.928
0.971
0.946
0.938
0.922
0.909
0.818
0.716
0.750
0.718
0.851
0.771
0.833
0.856
0.952
0.967
0.972
0.828
0.756
0.906
0.940
0.737
0.667
0.655
0.646
0.683
0.702
0.772
0.679
0.860
0.933
0.919
0.737
0.674
0.700
0.600
0.922
0.918
0.874
0.853
0.926
0.733
0.676
0.630
0.613
0.582
0.661
0.738
0.694
0.659
0.688
0.579
0.666
0.670
0.859
0.920
0.773
0.915
0.697
0.696
0.670
0.702
0.824
0.804
0.719
0.671
0.714
0.803
0.845
0.780
0.899
0.917
0.774
0.660
0.578
0.586
0.592
0.630
0.632
0.594
0.473
0.520
0.588
0.540
0.667
0.634
0.735
0.681
0.723
0.603
0.780
0.730
0.674
0.598
0.704
0.676
0.660
0.630
0.583
0.560
0.679
0.591
0.618
0.601
0.618
0.515
0.490
0.469
0.379
0.358
0.379
0.445
0.565
0.386
0.405
0.514
0.512
0.431
0.343
0.422
0.558
0.414
0.368
0.289
0.300
0.294
0.457
0.346
0.456
0.417
0.533
0.581
0.631
0.727
0.730
0.571
0.537
0.556
0.539
0.428
0.448
0.494
0.374
0.400
0.424
0.449
0.471
0.549
0.512
0.620
0.521
0.524
0.417
0.412
0.446
0.571
0.493
0.410
0.409
0.517
0.522
0.653
0.589
0.793
0.728
0.962
0.682
0.625
0.607
0.531
0.632
0.646
0.524
0.501
0.540
0.501
0.610
0.505
0.658
0.856
0.845
0.966
0.584
0.489
0.488
0.399
0.570
0.634
0.550
0.617
0.504
0.609
0.857
0.746
0.831
0.848
0.868
0.733
0.869
0.669
0.649
0.949
0.662
0.773
0.725
0.706
0.853
0.765
0.843
0.896
0.981
0.715
0.708
0.849
0.968
0.976
0.902
0.832
0.921
0.914
0.950
0.984
0.935
0.892
0.834
0.904
0.871
0.764
0.749
0.931
0.923
0.895
0.923
0.663
0.834
0.895
0.938
0.939
0.890
0.887
0.901
0.906
0.945
0.790
0.914
0.976
0.861
0.886
0.840
0.855
0.756
0.864
0.897
0.899
0.928
0.942
0.902
0.912
0.964
0.965
0.965
0.961
0.948
0.959
0.954
0.920
0.873
0.924
0.960
0.976
0.913
0.858
0.904
0.890
0.969
0.972
0.787
0.804
0.716
0.833
0.905
0.900
0.861
0.980
0.843
0.943
0.970
0.970
0.851
0.892
0.890
0.979
0.982
0.934
0.957
0.936
0.891
0.966
0.926
0.908
0.969
0.891
0.870
0.975
0.975
0.968
0.886
0.909
0.963
0.945
0.904
0.887
0.932
0.968
0.969
0.935
0.837
0.919
0.877
0.956
0.965
0.944
0.891
0.946
0.795
0.902
0.981
0.940
0.934
0.932
0.947
0.978
0.926
0.880
0.889
0.941
0.966
0.967
0.968
0.965
0.755
0.929
0.960
0.866
0.868
0.877
0.970
0.900
0.900
0.907
0.949
0.916
0.869
0.713
0.691
0.696
0.882
0.844
0.878
0.886
0.958
0.935
0.859
0.957
0.975
0.868
0.825
0.683
0.660
0.705
0.705
0.870
0.917
0.891
0.907
0.965
0.779
0.835
0.973
0.974
0.864
0.941
0.907
0.837
0.769
0.869
0.896
0.829
0.961
0.848
0.939
0.867
0.788
0.827
0.914
0.949
0.892
0.749
0.731
0.715
0.728
0.754
0.756
0.649
0.622
0.706
0.736
0.769
0.723
0.740
0.867
0.943
0.830
0.866
0.732
0.742
0.697
0.670
0.589
0.644
0.697
0.787
0.888
0.902
0.635
0.590
0.639
0.691
0.675
0.675
0.677
0.681
0.694
0.649
0.601
0.634
0.599
0.563
0.666
0.575
0.498
0.527
0.532
0.610
0.555
0.637
0.470
0.491
0.601
0.526
0.539
0.593
0.580
0.579
0.488
0.546
0.502
0.559
0.481
0.419
0.439
0.554
0.689
0.715
0.668
0.716
0.672
0.752
0.628
0.521
0.544
0.560
0.522
0.796
0.689
0.654
0.648
0.689
0.751
0.654
0.582
0.542
0.598
0.773
0.872
0.603
0.521
0.451
0.479
0.564
0.612
0.577
0.570
0.806
0.522
0.556
0.518
0.631
0.453
0.423
0.446
0.470
0.467
0.542
0.419
0.339
0.410
0.489
0.522
0.595
0.727
0.626
0.599
0.701
0.510
0.521
0.384
0.444
0.484
0.532
0.630
0.528
0.575
0.564
0.635
0.580
0.489
0.504
0.568
0.536
0.569
0.856
0.481
0.468
0.518
0.641
0.558
0.538
0.607
0.763
0.848
0.674
0.669
0.751
0.608
0.814
0.686
0.665
0.594
0.590
0.677
0.688
0.822
0.667
0.773
0.585
0.713
0.814
0.763
0.773
0.892
0.584
0.556
0.612
0.948
0.905
0.741
0.855
0.937
0.732
0.684
0.859
0.972
0.875
0.690
0.648
0.582
0.855
0.951
0.916
0.921
0.851
0.966
0.936
0.949
0.877
0.779
0.868
0.900
0.689
0.853
0.940
0.942
0.690
0.667
0.652
0.600
0.631
0.715
0.578
0.609
0.639
0.770
0.709
0.674
0.758
0.910
0.847
0.895
0.940
0.893
0.917
0.956
0.753
0.711
0.810
0.874
0.954
0.935
0.959
0.967
0.963
0.849
0.974
0.947
0.979
0.882
0.789
0.845
0.905
0.971
0.978
0.978
0.835
0.801
0.774
0.795
0.938
0.750
0.806
0.923
0.901
0.900
0.849
0.959
0.923
0.960
0.964
0.885
0.939
0.964
0.939
0.920
0.955
0.947
0.927
0.881
0.882
0.960
0.923
0.907
0.890
0.982
0.979
0.937
0.868
0.887
0.966
0.966
0.946
0.973
0.928
0.913
0.980
0.898
0.852
0.920
0.884
0.976
0.956
0.889
0.977
0.972
0.976
0.967
0.930
0.905
0.979
0.951
0.951
0.972
0.797
0.925
0.962
0.971
0.923
0.959
0.802
0.718
0.651
0.578
0.555
0.737
0.739
0.784
0.959
0.957
0.877
0.839
0.945
0.980
0.951
0.904
0.955
0.947
0.899
0.950
0.894
0.879
0.876
0.906
0.963
0.930
0.845
0.865
0.922
0.970
0.969
0.949
0.924
0.967
0.920
0.898
0.942
0.806
0.652
0.783
0.775
0.742
0.680
0.835
0.959
0.896
0.866
0.920
0.914
0.910
0.950
0.860
0.826
0.716
0.767
0.881
0.761
0.800
0.772
0.717
0.794
0.839
0.793
0.715
0.842
0.839
0.902
0.863
0.762
0.940
0.958
0.978
0.970
0.886
0.828
0.929
0.855
0.847
0.866
0.869
0.896
0.703
0.776
0.803
0.714
0.710
0.633
0.619
0.660
0.715
0.717
0.877
0.712
0.677
0.707
0.596
0.639
0.571
0.513
0.541
0.569
0.582
0.548
0.635
0.593
0.582
0.614
0.579
0.566
0.624
0.675
0.608
0.582
0.564
0.558
0.543
0.524
0.527
0.534
0.565
0.693
0.673
0.654
0.626
0.833
0.894
0.760
0.856
0.917
0.839
0.662
0.628
0.546
0.462
0.461
0.477
0.477
0.467
0.543
0.543
0.653
0.706
0.791
0.925
0.671
0.709
0.841
0.740
0.715
0.596
0.424
0.474
0.398
0.511
0.499
0.583
0.448
0.532
0.509
0.578
0.572
0.577
0.552
0.478
0.498
0.463
0.645
0.589
0.571
0.626
0.689
0.854
0.614
0.530
0.476
0.401
0.529
0.861
0.586
0.513
0.554
0.856
0.796
0.587
0.569
0.481
0.598
0.559
0.453
0.498
0.677
0.662
0.708
0.677
0.531
0.509
0.419
0.643
0.537
0.490
0.461
0.430
0.625
0.583
0.539
0.535
0.709
0.771
0.928
0.890
0.559
0.572
0.487
0.482
0.598
0.730
0.816
0.584
0.586
0.588
0.718
0.544
0.604
0.492
0.433
0.385
0.462
0.479
0.421
0.509
0.774
0.941
0.691
0.563
0.760
0.968
0.715
0.791
0.806
0.849
0.870
0.811
0.768
0.939
0.971
0.721
0.884
0.690
0.734
0.955
0.883
0.923
0.911
0.855
0.736
0.724
0.591
0.499
0.728
0.700
0.707
0.936
0.827
0.980
0.982
0.934
0.941
0.848
0.872
0.880
0.865
0.884
0.901
0.743
0.840
0.844
0.746
0.770
0.893
0.935
0.899
0.860
0.860
0.852
0.825
0.828
0.929
0.723
0.907
0.932
0.787
0.936
0.913
0.911
0.787
0.941
0.956
0.908
0.840
0.860
0.851
0.980
0.919
0.865
0.844
0.864
0.784
0.682
0.869
0.901
0.870
0.855
0.774
0.863
0.867
0.924
0.741
0.931
0.846
0.892
0.704
0.557
0.606
0.757
0.837
0.911
0.798
0.879
0.931
0.821
0.880
0.884
0.775
0.829
0.839
0.894
0.764
0.969
0.939
0.852
0.948
0.944
0.956
0.946
0.863
0.932
0.844
0.929
0.903
0.976
0.956
0.950
0.883
0.872
0.959
0.946
0.944
0.913
0.959
0.886
0.945
0.955
0.925
0.803
0.966
0.960
0.912
0.945
0.955
0.944
0.783
0.703
0.827
0.967
0.856
0.917
0.883
0.835
0.881
0.951
0.863
0.948
0.937
0.962
0.889
0.924
0.800
0.787
0.906
0.968
0.900
0.783
0.928
0.890
0.857
0.887
0.898
0.913
0.831
0.709
0.945
0.917
0.831
0.746
0.731
0.707
0.743
0.954
0.835
0.958
0.919
0.872
0.943
0.829
0.565
0.517
0.529
0.532
0.668
0.707
0.674
0.670
0.956
0.964
0.968
0.914
0.949
0.950
0.752
0.701
0.689
0.658
0.639
0.681
0.678
0.789
0.748
0.783
0.829
0.872
0.915
0.741
0.708
0.618
0.600
0.678
0.704
0.753
0.725
0.741
0.694
0.653
0.647
0.684
0.679
0.679
0.645
0.575
0.748
0.652
0.654
0.655
0.704
0.586
0.725
0.607
0.641
0.682
0.617
0.609
0.573
0.618
0.502
0.558
0.603
0.594
0.621
0.801
0.706
0.661
0.729
0.581
0.593
0.642
0.619
0.595
0.651
0.651
0.559
0.469
0.447
0.570
0.559
0.548
0.635
0.559
0.843
0.670
0.814
0.645
0.540
0.513
0.466
0.430
0.474
0.477
0.485
0.741
0.704
0.552
0.508
0.454
0.539
0.393
0.381
0.465
0.378
0.450
0.398
0.304
0.304
0.420
0.377
0.511
0.479
0.530
0.503
0.456
0.524
0.551
0.628
0.461
0.432
0.547
0.435
0.387
0.390
0.367
0.463
0.580
0.496
0.328
0.354
0.308
0.326
0.304
0.466
0.501
0.759
0.700
0.857
0.593
0.494
0.537
0.447
0.436
0.406
0.432
0.455
0.472
0.422
0.408
0.571
0.398
0.516
0.522
0.533
0.687
0.899
0.885
0.866
0.622
0.630
0.680
0.702
0.924
0.873
0.715
0.872
0.950
0.876
0.855
0.875
0.814
0.939
0.882
0.852
0.925
0.875
0.902
0.853
0.658
0.818
0.924
0.946
0.899
0.928
0.863
0.648
0.872
0.690
0.670
0.691
0.629
0.845
0.784
0.919
0.963
0.937
0.847
0.698
0.733
0.783
0.908
0.907
0.950
0.981
0.963
0.973
0.963
0.912
0.810
0.874
0.822
0.909
0.951
0.798
0.677
0.615
0.583
0.744
0.721
0.704
0.896
0.977
0.725
0.621
0.781
0.966
0.947
0.802
0.980
0.909
0.823
0.814
0.968
0.826
0.753
0.900
0.874
0.882
0.935
0.964
0.911
0.890
0.974
0.972
0.972
0.858
0.856
0.967
0.969
0.958
0.965
0.950
0.911
0.884
0.975
0.972
0.953
0.980
0.927
0.962
0.877
0.930
0.942
0.932
0.974
0.979
0.923
0.918
0.966
0.966
0.917
0.921
0.889
0.877
0.935
0.974
0.964
0.971
0.981
0.926
0.967
0.963
0.971
0.968
0.975
0.896
0.913
0.935
0.882
0.956
0.914
0.899
0.959
0.825
0.788
0.714
0.774
0.746
0.754
0.916
0.935
0.958
0.928
0.798
0.877
0.824
0.830
0.896
0.955
0.944
0.913
0.904
0.971
0.969
0.882
0.922
0.823
0.879
0.827
0.974
0.973
0.909
0.956
0.887
0.854
0.962
0.971
0.948
0.930
0.914
0.958
0.942
0.908
0.956
0.910
0.942
0.979
0.856
0.687
0.750
0.759
0.747
0.881
0.798
0.889
0.853
0.943
0.958
0.971
0.976
0.950
0.932
0.953
0.959
0.948
0.867
0.951
0.960
0.922
0.916
0.952
0.935
0.924
0.979
0.915
0.898
0.902
0.886
0.834
0.778
0.763
0.708
0.772
0.895
0.901
0.815
0.912
0.918
0.895
0.948
0.795
0.779
0.800
0.940
0.885
0.852
0.782
0.770
0.870
0.784
0.866
0.853
0.787
0.793
0.769
0.812
0.900
0.761
0.837
0.964
0.982
0.829
0.750
0.852
0.825
0.779
0.900
0.793
0.906
0.920
0.882
0.867
0.760
0.811
0.884
0.883
0.712
0.745
0.766
0.739
0.743
0.701
0.659
0.720
0.664
0.809
0.871
0.794
0.775
0.736
0.793
0.721
0.637
0.712
0.640
0.598
0.676
0.590
0.530
0.583
0.534
0.486
0.546
0.500
0.480
0.620
0.580
0.540
0.611
0.612
0.562
0.539
0.563
0.595
0.555
0.678
0.423
0.424
0.552
0.619
0.680
0.616
0.566
0.423
0.470
0.392
0.480
0.405
0.510
0.400
0.667
0.598
0.592
0.575
0.523
0.468
0.430
0.438
0.408
0.489
0.402
0.459
0.388
0.431
0.428
0.462
0.414
0.786
0.654
0.539
0.516
0.868
0.726
0.631
0.619
0.673
0.468
0.582
0.488
0.582
0.782
0.687
0.608
0.690
0.632
0.607
0.459
0.554
0.402
0.347
0.510
0.625
0.497
0.540
0.480
0.499
0.559
0.474
0.449
0.472
0.837
0.582
0.582
0.604
0.472
0.476
0.426
0.520
0.453
0.441
0.522
0.594
0.956
0.715
0.475
0.505
0.568
0.717
0.799
0.892
0.602
0.737
0.888
0.749
0.797
0.565
0.598
0.770
0.710
0.635
0.627
0.723
0.725
0.671
0.884
0.977
0.681
0.865
0.897
0.818
0.727
0.821
0.884
0.745
0.666
0.907
0.866
0.917
0.684
0.620
0.963
0.932
0.880
0.864
0.922
0.851
0.811
0.924
0.941
0.958
0.854
0.920
0.856
0.933
0.962
0.928
0.931
0.795
0.712
0.729
0.848
0.695
0.591
0.592
0.583
0.622
0.719
0.661
0.605
0.643
0.598
0.637
0.658
0.597
0.864
0.803
0.844
0.809
0.734
0.869
0.905
0.837
0.924
0.939
0.847
0.731
0.822
0.933
0.799
0.884
0.930
0.950
0.902
0.826
0.877
0.971
0.955
0.826
0.908
0.795
0.903
0.960
0.887
0.775
0.822
0.965
0.895
0.755
0.750
0.977
0.949
0.851
0.966
0.976
0.809
0.944
0.963
0.875
0.932
0.961
0.960
0.974
0.838
0.780
0.808
0.947
0.968
0.844
0.927
0.903
0.857
0.981
0.967
0.875
0.915
0.904
0.877
0.805
0.867
0.960
0.977
0.834
0.778
0.860
0.953
0.950
0.763
0.929
0.968
0.922
0.796
0.773
0.937
0.899
0.937
0.908
0.964
0.883
0.888
0.965
0.905
0.934
0.908
0.911
0.957
0.917
0.863
0.829
0.909
0.870
0.952
0.950
0.937
0.891
0.972
0.813
0.798
0.888
0.940
0.948
0.925
0.890
0.920
0.868
0.937
0.862
0.905
0.947
0.951
0.885
0.866
0.964
0.826
0.840
0.819
0.871
0.792
0.838
0.892
0.908
0.818
0.839
0.893
0.964
0.771
0.719
0.729
0.735
0.689
0.761
0.700
0.814
0.801
0.752
0.704
0.685
0.623
0.659
0.813
0.898
0.808
0.775
0.951
0.859
0.690
0.685
0.661
0.691
0.620
0.648
0.693
0.818
0.886
0.928
0.869
0.911
0.810
0.774
0.767
0.698
0.642
0.681
0.736
0.660
0.721
0.695
0.780
0.676
0.719
0.958
0.913
0.746
0.632
0.662
0.683
0.770
0.814
0.914
0.784
0.615
0.590
0.652
0.738
0.720
0.669
0.652
0.665
0.606
0.645
0.939
0.704
0.490
0.504
0.592
0.564
0.468
0.543
0.543
0.601
0.627
0.684
0.629
0.582
0.534
0.588
0.630
0.680
0.747
0.747
0.669
0.584
0.540
0.583
0.502
0.554
0.535
0.543
0.467
0.511
0.472
0.479
0.469
0.419
0.475
0.408
0.448
0.440
0.412
0.457
0.401
0.496
0.410
0.459
0.443
0.427
0.428
0.402
0.424
0.424
0.401
0.427
0.473
0.465
0.561
0.572
0.526
0.523
0.512
0.530
0.455
0.460
0.486
0.595
0.530
0.380
0.372
0.343
0.420
0.508
0.540
0.405
0.446
0.455
0.580
0.629
0.665
0.617
0.570
0.546
0.467
0.471
0.431
0.388
0.486
0.469
0.519
0.440
0.428
0.580
0.593
0.533
0.652
0.533
0.717
0.718
0.623
0.621
0.677
0.551
0.630
0.567
0.613
0.644
0.616
0.664
0.712
0.812
0.692
0.589
0.577
0.514
0.575
0.477
0.477
0.521
0.611
0.531
0.461
0.418
0.483
0.793
0.779
0.821
0.666
0.634
0.559
0.630
0.669
0.572
0.633
0.561
0.565
0.546
0.481
0.491
0.673
0.689
0.630
0.752
0.545
0.511
0.594
0.563
0.577
0.601
0.506
0.546
0.541
0.520
0.484
0.520
0.724
0.638
0.525
0.551
0.532
0.751
0.748
0.689
0.700
0.683
0.651
0.718
0.658
0.516
0.593
0.817
0.611
0.630
0.849
0.925
0.845
0.959
0.929
0.859
0.966
0.914
0.982
0.910
0.980
0.966
0.974
0.968
0.897
0.911
0.928
0.943
0.770
0.851
0.820
0.812
0.728
0.864
0.807
0.750
0.796
0.970
0.931
0.771
0.918
0.810
0.869
0.893
0.944
0.898
0.960
0.847
0.816
0.887
0.856
0.900
0.966
0.953
0.922
0.928
0.946
0.865
0.883
0.955
0.945
0.890
0.975
0.903
0.906
0.890
0.865
0.897
0.902
0.939
0.977
0.830
0.639
0.660
0.846
0.838
0.905
0.835
0.970
0.966
0.923
0.957
0.867
0.955
0.902
0.971
0.929
0.983
0.867
0.960
0.924
0.872
0.948
0.961
0.976
0.817
0.873
0.903
0.964
0.929
0.838
0.876
0.862
0.841
0.858
0.749
0.822
0.825
0.678
0.684
0.836
0.781
0.708
0.802
0.907
0.959
0.960
0.806
0.721
0.720
0.816
0.931
0.859
0.783
0.867
0.870
0.908
0.725
0.711
0.844
0.802
0.916
0.945
0.937
0.981
0.918
0.745
0.823
0.876
0.820
0.840
0.814
0.877
0.835
0.787
0.728
0.738
0.885
0.852
0.919
0.846
0.836
0.719
0.757
0.814
0.875
0.773
0.763
0.760
0.836
0.870
0.831
0.780
0.770
0.714
0.639
0.637
0.649
0.756
0.721
0.776
0.669
0.666
0.578
0.537
0.638
0.691
0.675
0.670
0.622
0.561
0.595
0.676
0.587
0.656
0.631
0.711
0.735
0.619
0.793
0.743
0.715
0.715
0.671
0.677
0.770
0.702
0.629
0.661
0.710
0.748
0.748
0.688
0.653
0.680
0.549
0.579
0.626
0.664
0.697
0.561
0.547
0.641
0.516
0.595
0.613
0.535
0.399
0.591
0.578
0.453
0.439
0.466
0.321
0.489
0.464
0.453
0.447
0.589
0.641
0.618
0.512
0.454
0.435
0.351
0.347
0.437
0.430
0.563
0.572
0.489
0.553
0.777
0.498
0.600
0.597
0.496
0.475
0.569
0.598
0.753
0.536
0.447
0.523
0.575
0.641
0.681
0.711
0.634
0.705
0.603
0.618
0.527
0.480
0.463
0.557
0.528
0.575
0.572
0.579
0.615
0.578
0.551
0.537
0.585
0.429
0.486
0.585
0.616
0.594
0.602
0.528
0.455
0.496
0.549
0.495
0.587
0.539
0.714
0.558
0.800
0.728
0.802
0.885
0.817
0.635
0.590
0.650
0.668
0.886
0.653
0.699
0.644
0.717
0.930
0.881
0.924
0.779
0.925
0.917
0.732
0.758
0.917
0.780
0.558
0.628
0.808
0.796
0.838
0.565
0.700
0.920
0.754
0.922
0.891
0.911
0.848
0.719
0.732
0.722
0.911
0.707
0.802
0.740
0.922
0.941
0.977
0.962
0.777
0.908
0.949
0.823
0.756
0.943
0.949
0.912
0.918
0.829
0.943
0.904
0.875
0.970
0.964
0.918
0.964
0.934
0.946
0.953
0.974
0.949
0.865
0.720
0.857
0.949
0.945
0.963
0.969
0.874
0.932
0.785
0.670
0.628
0.566
0.750
0.839
0.857
0.766
0.672
0.556
0.573
0.578
0.594
0.701
0.927
0.960
0.806
0.673
0.828
0.875
0.822
0.941
0.878
0.878
0.942
0.941
0.943
0.969
0.979
0.980
0.924
0.759
0.837
0.906
0.882
0.883
0.890
0.927
0.971
0.937
0.905
0.970
0.896
0.980
0.924
0.918
0.951
0.938
0.964
0.912
0.859
0.913
0.915
0.868
0.670
0.822
0.868
0.954
0.919
0.946
0.947
0.956
0.896
0.945
0.941
0.961
0.956
0.778
0.955
0.928
0.924
0.870
0.930
0.958
0.927
0.921
0.908
0.951
0.850
0.968
0.951
0.942
0.951
0.968
0.967
0.877
0.929
0.878
0.925
0.808
0.870
0.830
0.919
0.906
0.923
0.909
0.891
0.844
0.876
0.929
0.953
0.975
0.916
0.947
0.900
0.935
0.967
0.873
0.958
0.917
0.933
0.885
0.883
0.909
0.959
0.819
0.904
0.879
0.946
0.830
0.795
0.830
0.955
0.912
0.873
0.851
0.923
0.829
0.703
0.854
0.932
0.909
0.850
0.787
0.754
0.878
0.927
0.891
0.936
0.916
0.807
0.734
0.745
0.698
0.643
0.720
0.862
0.888
0.909
0.902
0.857
0.853
0.778
0.746
0.756
0.743
0.882
0.882
0.830
0.835
0.831
0.764
0.755
0.726
0.726
0.718
0.753
0.807
0.652
0.603
0.567
0.572
0.611
0.577
0.635
0.542
0.598
0.730
0.788
0.747
0.618
0.698
0.651
0.856
0.683
0.821
0.921
0.729
0.767
0.633
0.576
0.687
0.616
0.630
0.558
0.619
0.775
0.697
0.714
0.556
0.619
0.658
0.622
0.738
0.713
0.633
0.636
0.762
0.622
0.714
0.640
0.579
0.622
0.564
0.506
0.554
0.525
0.540
0.493
0.452
0.422
0.398
0.475
0.488
0.619
0.549
0.545
0.586
0.491
0.535
0.716
0.632
0.591
0.547
0.541
0.529
0.545
0.575
0.778
0.616
0.683
0.645
0.500
0.474
0.513
0.518
0.438
0.510
0.654
0.682
0.846
0.572
0.514
0.598
0.577
0.544
0.524
0.514
0.608
0.721
0.645
0.499
0.539
0.473
0.488
0.449
0.514
0.551
0.650
0.597
0.590
0.664
0.764
0.879
0.659
0.499
0.557
0.915
0.681
0.813
0.678
0.813
0.745
0.781
0.626
0.602
0.745
0.694
0.846
0.770
0.660
0.690
0.956
0.746
0.869
0.731
0.849
0.715
0.935
0.953
0.859
0.977
0.969
0.904
0.882
0.759
0.756
0.586
0.498
0.607
0.891
0.910
0.881
0.976
0.915
0.848
0.757
0.917
0.750
0.771
0.708
0.864
0.879
0.795
0.778
0.648
0.582
0.636
0.690
0.788
0.855
0.794
0.805
0.872
0.945
0.870
0.808
0.866
0.813
0.682
0.692
0.813
0.956
0.927
0.901
0.786
0.861
0.941
0.967
0.875
0.964
0.843
0.936
0.951
0.858
0.955
0.949
0.945
0.905
0.866
0.785
0.892
0.739
0.689
0.741
0.671
0.589
0.752
0.701
0.700
0.591
0.689
0.841
0.746
0.880
0.908
0.758
0.752
0.903
0.865
0.801
0.885
0.916
0.850
0.860
0.786
0.958
0.958
0.744
0.806
0.938
0.927
0.877
0.865
0.939
0.965
0.953
0.925
0.862
0.901
0.933
0.962
0.974
0.861
0.959
0.907
0.945
0.971
0.965
0.839
0.940
0.910
0.912
0.944
0.951
0.944
0.783
0.767
0.890
0.953
0.946
0.909
0.977
0.862
0.961
0.923
0.951
0.969
0.944
0.916
0.933
0.939
0.970
0.954
0.964
0.922
0.935
0.901
0.975
0.892
0.935
0.947
0.957
0.967
0.837
0.706
0.641
0.741
0.888
0.904
0.950
0.885
0.899
0.881
0.891
0.910
0.967
0.943
0.966
0.912
0.910
0.932
0.964
0.947
0.754
0.714
0.650
0.723
0.810
0.732
0.781
0.934
0.950
0.845
0.945
0.870
0.902
0.912
0.877
0.779
0.822
0.854
0.930
0.946
0.892
0.890
0.866
0.945
0.917
0.698
0.685
0.782
0.795
0.923
0.867
0.887
0.834
0.878
0.820
0.752
0.811
0.641
0.706
0.701
0.771
0.782
0.910
0.865
0.958
0.965
0.963
0.913
0.960
0.931
0.850
0.861
0.858
0.934
0.870
0.882
0.877
0.870
0.846
0.804
0.819
0.727
0.786
0.811
0.699
0.677
0.723
0.743
0.793
0.753
0.858
0.745
0.830
0.884
0.823
0.747
0.864
0.768
0.780
0.799
0.689
0.660
0.683
0.626
0.663
0.700
0.799
0.763
0.771
0.810
0.754
0.614
0.688
0.651
0.659
0.623
0.533
0.563
0.620
0.672
0.697
0.622
0.552
0.545
0.613
0.666
0.661
0.560
0.626
0.487
0.573
0.459
0.573
0.601
0.599
0.624
0.870
0.809
0.899
0.891
0.718
0.664
0.655
0.613
0.533
0.604
0.625
0.586
0.569
0.513
0.463
0.529
0.629
0.916
0.874
0.847
0.507
0.465
0.375
0.374
0.519
0.526
0.464
0.443
0.466
0.522
0.575
0.512
0.628
0.920
0.763
0.724
0.565
0.502
0.477
0.479
0.400
0.455
0.508
0.575
0.573
0.712
0.723
0.951
0.665
0.532
0.543
0.624
0.812
0.745
0.948
0.797
0.810
0.635
0.824
0.734
0.942
0.909
0.934
0.823
0.797
0.789
0.911
0.703
0.568
0.451
0.419
0.453
0.576
0.559
0.600
0.574
0.662
0.623
0.600
0.600
0.615
0.535
0.603
0.969
0.672
0.750
0.950
0.947
0.981
0.788
0.666
0.685
0.904
0.795
0.691
0.603
0.824
0.767
0.723
0.907
0.954
0.752
0.783
0.625
0.578
0.796
0.953
0.729
0.634
0.906
0.789
0.890
0.921
0.743
0.752
0.708
0.776
0.923
0.905
0.905
0.901
0.945
0.937
0.822
0.814
0.734
0.832
0.829
0.975
0.972
0.898
0.816
0.952
0.966
0.781
0.973
0.768
0.816
0.684
0.749
0.839
0.879
0.847
0.700
0.664
0.894
0.903
0.872
0.943
0.924
0.876
0.947
0.846
0.943
0.953
0.957
0.908
0.950
0.970
0.910
0.957
0.823
0.914
0.915
0.771
0.822
0.762
0.855
0.756
0.833
0.948
0.848
0.838
0.814
0.851
0.718
0.690
0.852
0.861
0.757
0.739
0.795
0.839
0.921
0.925
0.939
0.955
0.949
0.975
0.883
0.727
0.860
0.851
0.953
0.972
0.940
0.957
0.895
0.941
0.779
0.677
0.572
0.552
0.582
0.773
0.880
0.823
0.944
0.873
0.951
0.758
0.919
0.972
0.884
0.867
0.844
0.816
0.948
0.819
0.860
0.928
0.945
0.923
0.903
0.981
0.927
0.976
0.957
0.969
0.936
0.975
0.945
0.971
0.900
0.947
0.939
0.796
0.895
0.945
0.965
0.955
0.906
0.907
0.976
0.859
0.875
0.928
0.932
0.972
0.948
0.886
0.937
0.959
0.878
0.941
0.911
0.963
0.950
0.948
0.896
0.955
0.953
0.928
0.979
0.856
0.849
0.873
0.828
0.865
0.960
0.865
0.892
0.957
0.904
0.824
0.815
0.782
0.772
0.746
0.713
0.723
0.701
0.958
0.814
0.800
0.741
0.781
0.761
0.802
0.750
0.814
0.854
0.925
0.870
0.915
0.811
0.774
0.746
0.767
0.808
0.888
0.868
0.763
0.776
0.704
0.791
0.965
0.876
0.871
0.951
0.856
0.782
0.721
0.753
0.705
0.633
0.655
0.646
0.838
0.827
0.806
0.973
0.840
0.858
0.778
0.849
0.742
0.746
0.826
0.774
0.783
0.928
0.758
0.705
0.796
0.746
0.639
0.651
0.691
0.734
0.914
0.822
0.698
0.788
0.870
0.918
0.943
0.800
0.683
0.760
0.717
0.670
0.731
0.862
0.809
0.772
0.701
0.680
0.649
0.622
0.599
0.602
0.585
0.599
0.560
0.573
0.657
0.808
0.499
0.564
0.447
0.532
0.496
0.552
0.551
0.630
0.774
0.742
0.639
0.683
0.566
0.550
0.649
0.873
0.703
0.596
0.660
0.694
0.671
0.872
0.733
0.638
0.663
0.530
0.698
0.616
0.582
0.763
0.623
0.766
0.667
0.548
0.440
0.452
0.355
0.356
0.420
0.592
0.664
0.534
0.575
0.578
0.506
0.528
0.522
0.589
0.600
0.610
0.646
0.617
0.727
0.842
0.859
0.869
0.839
0.769
0.746
0.672
0.630
0.655
0.828
0.763
0.964
0.950
0.816
0.832
0.731
0.647
0.601
0.579
0.539
0.920
0.739
0.691
0.602
0.633
0.547
0.542
0.609
0.923
0.757
0.829
0.888
0.873
0.945
0.890
0.775
0.939
0.952
0.976
0.686
0.659
0.644
0.669
0.906
0.806
0.957
0.973
0.922
0.888
0.935
0.895
0.953
0.881
0.818
0.878
0.876
0.877
0.818
0.791
0.777
0.727
0.821
0.827
0.898
0.953
0.884
0.956
0.803
0.732
0.702
0.776
0.897
0.904
0.878
0.890
0.897
0.886
0.854
0.849
0.774
0.958
0.918
0.929
0.856
0.902
0.907
0.917
0.944
0.940
0.904
0.943
0.867
0.868
0.865
0.933
0.938
0.928
0.867
0.833
0.927
0.848
0.740
0.828
0.883
0.849
0.896
0.762
0.654
0.864
0.979
0.837
0.855
0.856
0.883
0.903
0.882
0.734
0.777
0.853
0.846
0.899
0.954
0.838
0.913
0.958
0.825
0.714
0.684
0.732
0.932
0.855
0.912
0.975
0.910
0.848
0.951
0.914
0.950
0.929
0.868
0.937
0.768
0.862
0.919
0.959
0.857
0.942
0.942
0.980
0.949
0.822
0.907
0.961
0.975
0.977
0.876
0.866
0.895
0.909
0.893
0.859
0.939
0.943
0.849
0.739
0.748
0.904
0.974
0.873
0.911
0.947
0.874
0.941
0.960
0.959
0.965
0.797
0.840
0.969
0.917
0.862
0.944
0.928
0.878
0.813
0.883
0.930
0.956
0.854
0.942
0.899
0.930
0.877
0.797
0.879
0.849
0.775
0.816
0.818
0.803
0.922
0.935
0.929
0.947
0.876
0.925
0.965
0.965
0.910
0.788
0.772
0.806
0.759
0.727
0.733
0.727
0.747
0.857
0.856
0.901
0.896
0.844
0.880
0.798
0.902
0.773
0.682
0.736
0.758
0.786
0.729
0.730
0.843
0.909
0.940
0.752
0.685
0.828
0.909
0.848
0.847
0.847
0.848
0.813
0.770
0.766
0.808
0.884
0.726
0.660
0.712
0.740
0.647
0.763
0.792
0.815
0.719
0.831
0.724
0.628
0.621
0.628
0.727
0.679
0.752
0.755
0.651
0.740
0.684
0.675
0.762
0.794
0.842
0.839
0.646
0.732
0.663
0.638
0.633
0.772
0.541
0.512
0.598
0.570
0.576
0.645
0.666
0.600
0.600
0.642
0.783
0.778
0.776
0.689
0.661
0.578
0.661
0.578
0.544
0.610
0.601
0.579
0.587
0.499
0.528
0.522
0.506
0.540
0.636
0.535
0.589
0.499
0.468
0.412
0.392
0.400
0.484
0.562
0.457
0.467
0.508
0.374
0.664
0.779
0.739
0.668
0.503
0.411
0.517
0.598
0.616
0.530
0.491
0.483
0.468
0.571
0.532
0.508
0.537
0.472
0.478
0.487
0.531
0.473
0.743
0.640
0.629
0.566
0.550
0.466
0.533
0.505
0.409
0.340
0.419
0.426
0.408
0.536
0.437
0.403
0.430
0.614
0.579
0.473
0.472
0.517
0.569
0.561
0.473
0.425
0.368
0.538
0.559
0.652
0.609
0.665
0.579
0.503
0.477
0.666
0.765
0.882
0.690
0.847
0.814
0.620
0.626
0.607
0.555
0.706
0.935
0.852
0.930
0.673
0.689
0.781
0.967
0.766
0.667
0.659
0.805
0.753
0.724
0.842
0.934
0.721
0.846
0.804
0.875
0.851
0.866
0.702
0.744
0.868
0.963
0.948
0.981
0.910
0.882
0.874
0.803
0.881
0.933
0.754
0.717
0.618
0.646
0.890
0.975
0.933
0.790
0.962
0.796
0.883
0.969
0.867
0.908
0.799
0.752
0.838
0.841
0.746
0.944
0.907
0.951
0.906
0.967
0.964
0.926
0.910
0.887
0.969
0.980
0.965
0.716
0.723
0.844
0.732
0.673
0.639
0.694
0.889
0.875
0.799
0.759
0.829
0.717
0.748
0.909
0.890
0.966
0.976
0.978
0.843
0.956
0.962
0.903
0.903
0.960
0.977
0.877
0.907
0.959
0.965
0.888
0.903
0.951
0.907
0.887
0.954
0.969
0.958
0.895
0.959
0.962
0.885
0.931
0.839
0.944
0.949
0.855
0.963
0.961
0.956
0.890
0.839
0.956
0.970
0.960
0.939
0.850
0.827
0.890
0.959
0.881
0.933
0.975
0.958
0.970
0.916
0.981
0.940
0.915
0.882
0.918
0.875
0.882
0.981
0.852
0.936
0.961
0.971
0.969
0.958
0.944
0.939
0.958
0.955
0.970
0.982
0.835
0.932
0.945
0.946
0.923
0.971
0.868
0.906
0.980
0.906
0.970
0.952
0.966
0.909
0.963
0.927
0.970
0.866
0.955
0.943
0.926
0.932
0.952
0.978
0.894
0.753
0.726
0.738
0.780
0.868
0.844
0.864
0.888
0.829
0.718
0.662
0.721
0.752
0.737
0.630
0.588
0.626
0.649
0.704
0.719
0.636
0.560
0.567
0.559
0.534
0.531
0.578
0.635
0.694
0.619
0.697
0.774
0.854
0.909
0.850
0.899
0.718
0.745
0.681
0.702
0.746
0.758
0.803
0.936
0.929
0.739
0.854
0.735
0.812
0.868
0.936
0.765
0.733
0.745
0.862
0.868
0.860
0.838
0.655
0.625
0.759
0.724
0.670
0.723
0.861
0.806
0.709
0.723
0.614
0.691
0.602
0.657
0.716
0.765
0.709
0.541
0.559
0.561
0.443
0.578
0.559
0.612
0.628
0.572
0.518
0.625
0.569
0.700
0.662
0.550
0.529
0.561
0.585
0.492
0.508
0.657
0.670
0.633
0.723
0.640
0.534
0.567
0.599
0.692
0.502
0.553
0.626
0.607
0.502
0.554
0.542
0.571
0.494
0.539
0.609
0.564
0.585
0.498
0.567
0.578
0.562
0.688
0.738
0.532
0.539
0.549
0.415
0.381
0.427
0.439
0.547
0.520
0.757
0.814
0.640
0.618
0.622
0.586
0.604
0.648
0.399
0.407
0.385
0.400
0.475
0.736
0.717
0.666
0.668
0.581
0.478
0.628
0.561
0.625
0.732
0.541
0.513
0.598
0.600
0.819
0.722
0.543
0.536
0.510
0.729
0.609
0.624
0.766
0.750
0.845
0.771
0.812
0.629
0.626
0.880
0.670
0.878
0.875
0.764
0.888
0.779
0.957
0.849
0.938
0.693
0.921
0.966
0.737
0.660
0.606
0.672
0.622
0.591
0.631
0.825
0.793
0.860
0.669
0.920
0.785
0.938
0.766
0.780
0.979
0.966
0.838
0.957
0.915
0.620
0.500
0.549
0.471
0.630
0.779
0.762
0.796
0.866
0.670
0.695
0.802
0.943
0.881
0.958
0.909
0.819
0.898
0.934
0.967
0.963
0.932
0.921
0.964
0.981
0.933
0.970
0.942
0.973
0.800
0.922
0.909
0.855
0.876
0.908
0.956
0.967
0.849
0.952
0.938
0.957
0.790
0.890
0.745
0.879
0.957
0.896
0.911
0.962
0.884
0.841
0.971
0.960
0.797
0.764
0.898
0.831
0.909
0.897
0.860
0.912
0.877
0.883
0.960
0.960
0.962
0.906
0.849
0.937
0.849
0.974
0.909
0.885
0.812
0.889
0.825
0.885
0.753
0.850
0.752
0.702
0.791
0.797
0.929
0.830
0.873
0.655
0.644
0.834
0.782
0.783
0.962
0.976
0.821
0.956
0.903
0.739
0.789
0.701
0.884
0.958
0.786
0.794
0.945
0.944
0.971
0.963
0.899
0.798
0.944
0.956
0.946
0.890
0.981
0.976
0.972
0.909
0.938
0.892
0.902
0.967
0.926
0.778
0.812
0.881
0.968
0.971
0.901
0.654
0.886
0.909
0.967
0.906
0.870
0.895
0.917
0.945
0.930
0.893
0.942
0.974
0.938
0.799
0.944
0.961
0.934
0.918
0.945
0.981
0.851
0.946
0.918
0.870
0.833
0.919
0.907
0.895
0.835
0.906
0.925
0.909
0.853
0.951
0.918
0.950
0.936
0.961
0.868
0.755
0.713
0.827
0.883
0.912
0.916
0.886
0.825
0.842
0.870
0.938
0.740
0.681
0.714
0.689
0.736
0.777
0.809
0.962
0.874
0.946
0.956
0.905
0.878
0.889
0.812
0.683
0.756
0.770
0.775
0.768
0.776
0.760
0.770
0.722
0.842
0.791
0.699
0.693
0.698
0.769
0.811
0.703
0.718
0.647
0.787
0.771
0.744
0.693
0.717
0.711
0.756
0.643
0.691
0.747
0.612
0.757
0.596
0.688
0.560
0.570
0.605
0.646
0.570
0.674
0.554
0.590
0.730
0.748
0.757
0.698
0.653
0.853
0.819
0.776
0.710
0.671
0.680
0.842
0.881
0.824
0.915
0.730
0.728
0.684
0.601
0.736
0.687
0.686
0.530
0.478
0.420
0.489
0.608
0.508
0.650
0.605
0.515
0.507
0.561
0.691
0.554
0.505
0.523
0.807
0.608
0.508
0.561
0.466
0.564
0.565
0.479
0.383
0.387
0.400
0.391
0.457
0.430
0.489
0.485
0.602
0.820
0.725
0.635
0.535
0.455
0.574
0.585
0.580
0.716
0.733
0.674
0.629
0.531
0.723
0.590
0.659
0.533
0.573
0.643
0.517
0.535
0.486
0.615
0.595
0.789
0.577
0.503
0.668
0.642
0.489
0.422
0.420
0.555
0.471
0.606
0.502
0.401
0.496
0.583
0.681
0.747
0.888
0.829
0.695
0.774
0.617
0.921
0.827
0.981
0.940
0.910
0.875
0.958
0.930
0.933
0.807
0.815
0.800
0.732
0.893
0.896
0.959
0.876
0.885
0.613
0.530
0.826
0.838
0.937
0.884
0.890
0.959
0.889
0.816
0.667
0.695
0.955
0.954
0.885
0.941
0.858
0.970
0.742
0.815
0.953
0.837
0.866
0.778
0.841
0.938
0.904
0.907
0.760
0.907
0.856
0.847
0.980
0.902
0.862
0.904
0.828
0.709
0.658
0.770
0.961
0.979
0.909
0.926
0.923
0.965
0.967
0.980
0.947
0.979
0.886
0.830
0.938
0.859
0.877
0.909
0.943
0.951
0.936
0.957
0.946
0.934
0.979
0.980
0.870
0.804
0.914
0.932
0.923
0.886
0.916
0.887
0.966
0.964
0.969
0.981
0.980
0.848
0.950
0.969
0.969
0.976
0.931
0.905
0.927
0.959
0.871
0.943
0.827
0.930
0.972
0.959
0.979
0.908
0.875
0.958
0.931
0.902
0.953
0.969
0.942
0.915
0.948
0.951
0.982
0.918
0.882
0.930
0.934
0.959
0.905
0.980
0.909
0.941
0.923
0.958
0.929
0.897
0.931
0.920
0.972
0.939
0.923
0.879
0.917
0.977
0.956
0.970
0.937
0.966
0.980
0.976
0.925
0.981
0.983
0.898
0.879
0.718
0.907
0.934
0.971
0.965
0.961
0.979
0.971
0.969
0.970
0.971
0.972
0.836
0.914
0.922
0.972
0.967
0.979
0.979
0.975
0.868
0.733
0.901
0.906
0.924
0.973
0.876
0.824
0.963
0.941
0.974
0.884
0.864
0.842
0.850
0.912
0.955
0.930
0.937
0.933
0.957
0.966
0.966
0.963
0.908
0.824
0.904
0.828
0.591
0.636
0.710
0.739
0.721
0.765
0.951
0.956
0.946
0.896
0.845
0.844
0.859
0.824
0.802
0.909
0.845
0.868
0.901
0.903
0.839
0.869
0.848
0.845
0.869
0.956
0.930
0.982
0.851
0.779
0.768
0.781
0.701
0.654
0.742
0.731
0.810
0.911
0.869
0.899
0.905
0.919
0.834
0.863
0.930
0.755
0.691
0.629
0.683
0.748
0.924
0.761
0.682
0.748
0.700
0.675
0.619
0.635
0.659
0.671
0.626
0.609
0.693
0.612
0.622
0.770
0.729
0.795
0.813
0.777
0.718
0.671
0.792
0.690
0.724
0.722
0.636
0.595
0.606
0.699
0.852
0.710
0.705
0.925
0.815
0.724
0.638
0.717
0.840
0.822
0.864
0.678
0.727
0.892
0.750
0.809
0.726
0.719
0.949
0.792
0.677
0.641
0.676
0.586
0.734
0.611
0.458
0.422
0.635
0.627
0.823
0.680
0.451
0.415
0.515
0.525
0.612
0.532
0.560
0.497
0.421
0.440
0.440
0.545
0.760
0.911
0.967
0.891
0.673
0.529
0.649
0.616
0.586
0.558
0.622
0.566
0.439
0.439
0.591
0.576
0.636
0.970
0.688
0.570
0.558
0.540
0.875
0.713
0.589
0.631
0.809
0.597
0.547
0.527
0.587
0.714
0.952
0.812
0.595
0.481
0.603
0.640
0.756
0.746
0.703
0.885
0.764
0.847
0.911
0.950
0.904
0.891
0.861
0.780
0.849
0.714
0.962
0.906
0.892
0.877
0.802
0.651
0.879
0.950
0.962
0.946
0.633
0.646
0.756
0.865
0.607
0.845
0.629
0.833
0.970
0.893
0.853
0.910
0.905
0.832
0.783
0.730
0.595
0.809
0.960
0.921
0.906
0.904
0.960
0.968
0.951
0.964
0.962
0.911
0.972
0.952
0.721
0.787
0.816
0.867
0.866
0.955
0.955
0.968
0.769
0.972
0.954
0.950
0.924
0.909
0.950
0.940
0.826
0.932
0.975
0.945
0.759
0.866
0.886
0.878
0.877
0.972
0.964
0.976
0.956
0.966
0.976
0.915
0.780
0.917
0.956
0.929
0.976
0.978
0.961
0.901
0.918
0.915
0.936
0.875
0.973
0.971
0.954
0.936
0.834
0.798
0.742
0.913
0.968
0.974
0.984
0.942
0.958
0.841
0.965
0.916
0.934
0.905
0.942
0.932
0.921
0.877
0.912
0.959
0.980
0.922
0.893
0.817
0.942
0.883
0.973
0.935
0.834
0.909
0.915
0.976
0.955
0.934
0.962
0.855
0.879
0.947
0.969
0.954
0.871
0.952
0.962
0.950
0.943
0.940
0.901
0.974
0.973
0.968
0.983
0.895
0.890
0.970
0.933
0.979
0.981
0.975
0.963
0.958
0.943
0.899
0.978
0.917
0.945
0.929
0.971
0.885
0.918
0.956
0.891
0.895
0.909
0.938
0.964
0.935
0.975
0.977
0.966
0.939
0.931
0.966
0.967
0.953
0.899
0.933
0.900
0.971
0.972
0.969
0.972
0.848
0.945
0.922
0.949
0.928
0.860
0.896
0.945
0.937
0.909
0.887
0.852
0.951
0.967
0.954
0.950
0.848
0.868
0.939
0.923
0.881
0.914
0.951
0.978
0.967
0.857
0.915
0.885
0.821
0.874
0.955
0.966
0.891
0.942
0.964
0.902
0.914
0.977
0.946
0.936
0.953
0.709
0.722
0.728
0.752
0.705
0.729
0.854
0.897
0.922
0.855
0.694
0.736
0.762
0.944
0.871
0.966
0.887
0.940
0.901
0.822
0.942
0.896
0.925
0.872
0.845
0.745
0.748
0.758
0.807
0.811
0.912
0.891
0.844
0.846
0.852
0.818
0.843
0.734
0.728
0.894
0.866
0.852
0.833
0.665
0.559
0.548
0.644
0.626
0.693
0.694
0.800
0.909
0.784
0.732
0.922
0.785
0.709
0.877
0.752
0.713
0.755
0.946
0.763
0.594
0.530
0.711
0.665
0.706
0.721
0.571
0.565
0.613
0.474
0.504
0.583
0.614
0.689
0.645
0.655
0.888
0.753
0.661
0.626
0.832
0.891
0.813
0.738
0.611
0.650
0.755
0.666
0.600
0.850
0.751
0.685
0.576
0.502
0.414
0.523
0.786
0.701
0.606
0.586
0.515
0.644
0.631
0.808
0.692
0.659
0.792
0.835
0.859
0.904
0.874
0.705
0.666
0.651
0.812
0.895
0.747
0.621
0.550
0.709
0.654
0.699
0.676
0.749
0.923
0.860
0.733
0.585
0.687
0.793
0.843
0.953
0.843
0.925
0.963
0.760
0.623
0.947
0.846
0.949
0.941
0.812
0.858
0.811
0.868
0.907
0.706
0.661
0.813
0.656
0.902
0.951
0.952
0.947
0.953
0.944
0.944
0.798
0.829
0.884
0.867
0.646
0.684
0.891
0.947
0.928
0.712
0.735
0.829
0.902
0.952
0.979
0.867
0.937
0.905
0.972
0.950
0.920
0.937
0.965
0.951
0.918
0.937
0.894
0.902
0.967
0.929
0.934
0.944
0.877
0.963
0.900
0.897
0.902
0.954
0.927
0.964
0.847
0.924
0.958
0.960
0.978
0.937
0.966
0.932
0.968
0.951
0.792
0.767
0.677
0.682
0.712
0.904
0.941
0.858
0.717
0.859
0.949
0.893
0.961
0.931
0.892
0.879
0.952
0.978
0.892
0.969
0.918
0.970
0.946
0.971
0.982
0.909
0.950
0.845
0.880
0.930
0.949
0.951
0.937
0.867
0.940
0.918
0.961
0.976
0.966
0.839
0.858
0.957
0.929
0.956
0.882
0.914
0.896
0.917
0.978
0.945
0.962
0.912
0.940
0.957
0.947
0.918
0.966
0.927
0.873
0.908
0.913
0.952
0.843
0.878
0.920
0.951
0.950
0.868
0.852
0.886
0.891
0.976
0.941
0.905
0.962
0.919
0.959
0.936
0.955
0.968
0.950
0.953
0.890
0.825
0.944
0.977
0.939
0.913
0.957
0.958
0.963
0.975
0.894
0.771
0.896
0.956
0.949
0.833
0.725
0.679
0.645
0.630
0.636
0.657
0.797
0.882
0.863
0.822
0.843
0.927
0.936
0.853
0.872
0.916
0.844
0.823
0.891
0.886
0.928
0.920
0.947
0.970
0.868
0.745
0.806
0.940
0.922
0.791
0.897
0.913
0.887
0.570
0.545
0.592
0.610
0.629
0.642
0.612
0.728
0.899
0.917
0.799
0.774
0.778
0.709
0.710
0.918
0.971
0.963
0.871
0.756
0.811
0.905
0.717
0.861
0.807
0.861
0.962
0.846
0.739
0.685
0.682
0.653
0.627
0.619
0.685
0.675
0.734
0.704
0.718
0.767
0.856
0.772
0.835
0.715
0.752
0.686
0.720
0.620
0.609
0.634
0.621
0.624
0.557
0.592
0.544
0.608
0.622
0.737
0.747
0.829
0.811
0.736
0.822
0.680
0.756
0.921
0.780
0.786
0.782
0.792
0.747
0.664
0.610
0.612
0.634
0.614
0.708
0.764
0.691
0.546
0.571
0.586
0.632
0.662
0.574
0.569
0.452
0.454
0.483
0.504
0.518
0.602
0.461
0.456
0.467
0.409
0.431
0.427
0.459
0.600
0.611
0.575
0.427
0.407
0.388
0.424
0.457
0.481
0.556
0.609
0.732
0.628
0.751
0.837
0.849
0.876
0.636
0.826
0.806
0.528
0.468
0.428
0.440
0.363
0.493
0.480
0.457
0.608
0.939
0.595
0.530
0.554
0.496
0.532
0.576
0.615
0.514
0.557
0.660
0.544
0.468
0.470
0.500
0.552
0.474
0.527
0.800
0.673
0.549
0.629
0.665
0.785
0.734
0.737
0.717
0.521
0.561
0.577
0.831
0.920
0.683
0.975
0.810
0.692
0.538
0.577
0.910
0.870
0.888
0.932
0.723
0.819
0.844
0.941
0.938
0.911
0.478
0.508
0.547
0.771
0.884
0.863
0.831
0.947
0.978
0.888
0.702
0.662
0.826
0.950
0.948
0.948
0.872
0.777
0.935
0.869
0.921
0.757
0.898
0.981
0.896
0.808
0.902
0.976
0.971
0.961
0.912
0.971
0.973
0.774
0.659
0.595
0.767
0.953
0.936
0.819
0.882
0.716
0.868
0.921
0.751
0.633
0.847
0.929
0.967
0.961
0.921
0.814
0.922
0.914
0.899
0.946
0.965
0.947
0.934
0.844
0.753
0.840
0.837
0.867
0.967
0.949
0.972
0.967
0.933
0.876
0.936
0.831
0.955
0.875
0.883
0.938
0.968
0.964
0.832
0.849
0.826
0.969
0.959
0.865
0.890
0.959
0.951
0.941
0.967
0.972
0.899
0.919
0.884
0.775
0.924
0.899
0.965
0.884
0.968
0.877
0.897
0.979
0.981
0.917
0.961
0.941
0.812
0.922
0.949
0.912
0.942
0.938
0.892
0.822
0.946
0.969
0.983
0.887
0.909
0.894
0.924
0.942
0.976
0.835
0.932
0.839
0.926
0.829
0.872
0.914
0.858
0.930
0.963
0.965
0.913
0.884
0.863
0.959
0.969
0.867
0.970
0.967
0.969
0.930
0.968
0.957
0.930
0.973
0.974
0.887
0.903
0.930
0.934
0.958
0.976
0.940
0.923
0.945
0.975
0.842
0.918
0.891
0.953
0.960
0.921
0.963
0.942
0.951
0.899
0.760
0.914
0.940
0.918
0.961
0.949
0.929
0.933
0.908
0.941
0.947
0.932
0.942
0.723
0.695
0.747
0.690
0.693
0.777
0.787
0.905
0.722
0.782
0.911
0.915
0.737
0.665
0.684
0.681
0.725
0.782
0.945
0.921
0.966
0.916
0.834
0.900
0.835
0.696
0.733
0.745
0.683
0.690
0.680
0.818
0.951
0.902
0.824
0.687
0.768
0.750
0.879
0.899
0.856
0.725
0.751
0.777
0.744
0.829
0.905
0.808
0.812
0.736
0.698
0.796
0.813
0.878
0.768
0.671
0.673
0.731
0.805
0.825
0.981
0.884
0.767
0.726
0.762
0.694
0.794
0.743
0.743
0.703
0.730
0.734
0.774
0.778
0.734
0.828
0.820
0.795
0.695
0.627
0.696
0.790
0.656
0.670
0.646
0.586
0.641
0.641
0.767
0.915
0.943
0.906
0.922
0.762
0.723
0.638
0.628
0.723
0.631
0.582
0.509
0.548
0.598
0.665
0.700
0.635
0.654
0.753
0.626
0.729
0.680
0.559
0.532
0.586
0.543
0.620
0.557
0.642
0.723
0.650
0.687
0.582
0.445
0.480
0.591
0.583
0.685
0.664
0.799
0.829
0.938
0.852
0.641
0.635
0.770
0.695
0.640
0.898
0.903
0.927
0.746
0.693
0.723
0.756
0.918
0.657
0.623
0.640
0.735
0.818
0.939
0.832
0.956
0.905
0.958
0.896
0.963
0.933
0.916
0.866
0.717
0.710
0.939
0.959
0.965
0.844
0.941
0.968
0.909
0.958
0.881
0.765
0.817
0.807
0.924
0.842
0.917
0.828
0.897
0.855
0.922
0.934
0.755
0.696
0.755
0.920
0.839
0.925
0.925
0.763
0.696
0.736
0.916
0.935
0.872
0.848
0.927
0.901
0.955
0.906
0.913
0.964
0.893
0.970
0.907
0.751
0.669
0.801
0.920
0.811
0.768
0.861
0.933
0.878
0.910
0.922
0.877
0.955
0.970
0.958
0.974
0.933
0.848
0.931
0.966
0.968
0.851
0.777
0.969
0.902
0.940
0.941
0.866
0.894
0.755
0.704
0.815
0.858
0.931
0.816
0.970
0.971
0.947
0.954
0.947
0.967
0.901
0.961
0.849
0.962
0.915
0.802
0.862
0.854
0.930
0.975
0.983
0.914
0.915
0.951
0.842
0.910
0.859
0.789
0.857
0.913
0.923
0.906
0.966
0.907
0.919
0.860
0.845
0.926
0.949
0.971
0.891
0.979
0.969
0.975
0.914
0.800
0.849
0.931
0.936
0.894
0.932
0.829
0.946
0.963
0.967
0.977
0.902
0.835
0.888
0.907
0.899
0.954
0.793
0.906
0.973
0.893
0.915
0.965
0.969
0.925
0.967
0.950
0.959
0.930
0.975
0.912
0.873
0.949
0.799
0.781
0.924
0.885
0.973
0.904
0.903
0.879
0.962
0.897
0.865
0.891
0.884
0.979
0.854
0.859
0.854
0.768
0.808
0.833
0.914
0.958
0.967
0.905
0.900
0.798
0.869
0.955
0.964
0.925
0.976
0.855
0.948
0.939
0.912
0.966
0.980
0.908
0.907
0.821
0.868
0.875
0.842
0.871
0.928
0.776
0.908
0.896
0.959
0.926
0.814
0.678
0.687
0.720
0.828
0.739
0.735
0.753
0.683
0.648
0.778
0.941
0.952
0.955
0.956
0.970
0.840
0.925
0.941
0.977
0.948
0.964
0.931
0.895
0.959
0.946
0.897
0.909
0.861
0.830
0.895
0.844
0.804
0.751
0.828
0.875
0.954
0.978
0.770
0.750
0.787
0.768
0.762
0.776
0.687
0.731
0.720
0.803
0.886
0.868
0.766
0.895
0.894
0.856
0.948
0.888
0.901
0.819
0.791
0.855
0.853
0.872
0.737
0.685
0.750
0.674
0.666
0.901
0.822
0.714
0.741
0.649
0.647
0.661
0.644
0.630
0.659
0.630
0.472
0.592
0.631
0.695
0.575
0.617
0.656
0.841
0.738
0.695
0.729
0.658
0.634
0.604
0.579
0.615
0.585
0.648
0.602
0.580
0.589
0.558
0.566
0.548
0.471
0.583
0.910
0.768
0.668
0.782
0.802
0.743
0.811
0.753
0.651
0.820
0.711
0.657
0.682
0.590
0.485
0.464
0.480
0.530
0.477
0.442
0.501
0.790
0.629
0.548
0.653
0.582
0.609
0.791
0.591
0.531
0.521
0.589
0.542
0.576
0.456
0.571
0.672
0.649
0.597
0.654
0.681
0.798
0.670
0.760
0.939
0.722
0.629
0.676
0.739
0.632
0.777
0.731
0.759
0.951
0.944
0.956
0.886
0.948
0.935
0.887
0.780
0.599
0.728
0.897
0.941
0.912
0.896
0.933
0.866
0.915
0.888
0.768
0.947
0.954
0.783
0.794
0.944
0.763
0.683
0.685
0.729
0.640
0.861
0.882
0.955
0.899
0.966
0.757
0.681
0.756
0.940
0.851
0.817
0.876
0.946
0.962
0.899
0.918
0.941
0.880
0.956
0.904
0.897
0.950
0.961
0.966
0.934
0.760
0.837
0.920
0.875
0.928
0.839
0.885
0.981
0.969
0.973
0.919
0.851
0.883
0.910
0.939
0.858
0.937
0.932
0.966
0.973
0.940
0.971
0.972
0.965
0.952
0.871
0.831
0.910
0.955
0.975
0.937
0.906
0.902
0.876
0.901
0.948
0.966
0.933
0.975
0.961
0.920
0.945
0.880
0.966
0.911
0.707
0.863
0.923
0.883
0.949
0.956
0.918
0.919
0.942
0.978
0.933
0.865
0.702
0.725
0.931
0.969
0.833
0.796
0.823
0.908
0.924
0.964
0.945
0.975
0.927
0.893
0.970
0.959
0.896
0.924
0.936
0.941
0.946
0.962
0.975
0.912
0.953
0.963
0.938
0.930
0.974
0.954
0.855
0.937
0.960
0.980
0.955
0.938
0.947
0.896
0.950
0.915
0.950
0.929
0.959
0.975
0.885
0.832
0.916
0.908
0.915
0.964
0.955
0.983
0.981
0.903
0.924
0.969
0.976
0.944
0.827
0.965
0.967
0.958
0.955
0.927
0.805
0.832
0.927
0.906
0.972
0.879
0.936
0.917
0.855
0.945
0.954
0.943
0.888
0.919
0.962
0.937
0.970
0.825
0.738
0.670
0.621
0.674
0.602
0.584
0.588
0.630
0.622
0.685
0.686
0.697
0.771
0.830
0.867
0.940
0.856
0.853
0.791
0.902
0.913
0.679
0.711
0.678
0.779
0.916
0.958
0.867
0.958
0.949
0.948
0.921
0.892
0.811
0.854
0.803
0.721
0.778
0.932
0.921
0.779
0.836
0.918
0.974
0.941
0.970
0.885
0.869
0.726
0.746
0.761
0.946
0.974
0.939
0.822
0.718
0.825
0.745
0.742
0.678
0.639
0.753
0.847
0.938
0.833
0.847
0.789
0.750
0.705
0.845
0.872
0.946
0.856
0.827
0.881
0.958
0.865
0.965
0.868
0.904
0.911
0.865
0.809
0.729
0.751
0.613
0.743
0.739
0.871
0.797
0.653
0.678
0.650
0.577
0.675
0.742
0.677
0.634
0.826
0.861
0.543
0.521
0.665
0.681
0.592
0.601
0.587
0.614
0.840
0.722
0.713
0.737
0.692
0.601
0.678
0.635
0.934
0.670
0.618
0.681
0.911
0.531
0.552
0.543
0.581
0.541
0.589
0.602
0.833
0.873
0.967
0.946
0.759
0.747
0.441
0.500
0.459
0.510
0.544
0.569
0.529
0.554
0.602
0.568
0.751
0.712
0.784
0.820
0.701
0.879
0.721
0.860
0.829
0.775
0.625
0.837
0.756
0.625
0.567
0.565
0.712
0.896
0.623
0.542
0.535
0.531
0.563
0.641
0.613
0.928
0.731
0.731
0.931
0.901
0.654
0.869
0.761
0.877
0.893
0.942
0.959
0.951
0.982
0.900
0.883
0.673
0.562
0.603
0.808
0.899
0.881
0.835
0.955
0.828
0.908
0.964
0.843
0.860
0.969
0.952
0.969
0.981
0.877
0.700
0.563
0.559
0.647
0.879
0.891
0.880
0.949
0.980
0.889
0.810
0.946
0.969
0.899
0.966
0.958
0.885
0.980
0.805
0.826
0.905
0.838
0.955
0.822
0.791
0.922
0.971
0.891
0.946
0.959
0.770
0.790
0.826
0.959
0.964
0.978
0.735
0.793
0.861
0.903
0.921
0.842
0.881
0.822
0.973
0.963
0.851
0.942
0.980
0.897
0.941
0.833
0.894
0.835
0.757
0.861
0.875
0.953
0.908
0.947
0.974
0.915
0.938
0.964
0.959
0.972
0.912
0.966
0.886
0.981
0.923
0.934
0.943
0.943
0.972
0.944
0.831
0.845
0.943
0.933
0.882
0.969
0.963
0.949
0.928
0.902
0.952
0.940
0.955
0.974
0.940
0.960
0.967
0.964
0.971
0.923
0.968
0.967
0.943
0.919
0.847
0.950
0.967
0.867
0.877
0.942
0.966
0.948
0.965
0.980
0.934
0.947
0.837
0.949
0.875
0.921
0.944
0.967
0.965
0.977
0.923
0.945
0.958
0.962
0.978
0.807
0.745
0.958
0.863
0.967
0.846
0.970
0.953
0.973
0.972
0.946
0.935
0.918
0.980
0.771
0.869
0.959
0.966
0.918
0.970
0.966
0.966
0.971
0.932
0.886
0.942
0.894
0.843
0.935
0.834
0.903
0.895
0.896
0.820
0.867
0.926
0.774
0.742
0.860
0.938
0.856
0.933
0.956
0.929
0.956
0.888
0.859
0.866
0.792
0.959
0.971
0.826
0.855
0.831
0.871
0.918
0.870
0.881
0.947
0.959
0.956
0.834
0.844
0.971
0.939
0.885
0.931
0.964
0.956
0.970
0.924
0.929
0.825
0.942
0.963
0.974
0.853
0.867
0.813
0.808
0.766
0.755
0.893
0.928
0.868
0.938
0.946
0.866
0.897
0.779
0.742
0.894
0.968
0.901
0.809
0.897
0.936
0.922
0.854
0.729
0.723
0.713
0.753
0.730
0.673
0.754
0.846
0.952
0.837
0.840
0.947
0.829
0.739
0.755
0.796
0.786
0.779
0.878
0.875
0.897
0.856
0.788
0.724
0.748
0.779
0.771
0.686
0.638
0.586
0.709
0.871
0.930
0.777
0.696
0.703
0.720
0.821
0.918
0.765
0.818
0.872
0.768
0.688
0.604
