19790101
1.690
1.448
1.524
1.329
1.610
1.425
1.012
1.140
0.871
1.339
1.703
1.803
1.877
1.720
2.134
1.923
1.382
1.161
0.913
1.118
0.854
1.153
1.937
1.637
1.508
1.402
1.496
1.724
1.389
1.082
1.101
0.912
1.305
1.351
1.506
1.248
1.572
1.452
1.375
1.639
1.268
1.705
1.504
1.632
1.368
1.674
1.868
1.472
0.996
1.021
1.527
0.869
2.002
1.157
1.100
0.838
1.219
1.786
0.860
1.023
1.303
1.390
1.190
1.030
0.942
1.261
0.996
1.096
1.285
1.285
1.110
1.058
1.024
0.775
0.759
1.086
1.066
2.070
1.479
1.217
0.994
1.068
1.170
1.684
1.143
1.231
1.413
1.228
0.693
0.868
1.085
1.395
1.464
1.318
1.023
2.270
2.529
1.699
1.053
1.055
0.847
0.963
0.781
0.915
1.084
0.816
0.946
0.922
1.072
0.993
0.848
1.442
1.465
1.830
1.924
1.819
1.614
1.129
1.586
1.477
1.276
1.218
1.419
1.153
1.062
1.068
0.614
0.786
0.840
0.967
1.050
0.898
1.132
0.916
0.776
1.046
0.683
0.972
0.742
0.666
0.931
1.097
1.055
1.831
1.108
1.121
1.444
1.149
1.687
2.086
2.516
1.452
0.826
0.836
0.834
1.002
1.401
1.306
2.017
1.612
1.234
1.135
1.117
1.117
2.138
2.144
1.448
1.170
0.853
0.967
1.028
0.933
0.851
1.242
1.090
1.770
1.684
1.442
1.053
0.684
1.056
1.510
1.227
1.352
0.826
1.074
1.250
0.818
1.259
2.157
1.835
1.425
1.001
1.111
1.167
1.107
1.809
1.750
0.971
1.261
2.008
1.167
1.460
1.395
1.499
1.401
0.836
1.181
1.000
0.782
0.955
1.350
1.241
1.319
1.154
1.240
0.881
1.409
1.349
1.175
1.095
1.159
1.068
1.190
1.333
1.191
1.404
1.329
1.683
1.413
0.907
0.928
1.316
0.972
1.243
1.355
1.913
1.319
0.939
1.032
1.436
1.448
1.736
1.640
1.971
1.049
1.674
2.721
1.559
0.951
1.617
1.600
1.427
1.675
1.374
1.539
1.961
1.996
1.495
1.380
2.391
2.151
1.211
1.270
1.858
1.598
1.746
1.328
1.228
1.355
1.446
1.401
1.633
1.481
1.068
1.014
1.850
1.259
1.071
1.295
1.291
1.134
1.169
0.923
1.313
1.963
1.333
1.379
2.858
1.746
1.703
1.263
1.412
0.994
1.081
1.171
1.462
2.055
1.854
1.324
1.223
1.949
1.540
1.540
1.394
1.282
1.401
1.071
1.258
1.554
1.599
0.955
1.662
2.087
1.207
2.255
1.476
0.833
1.020
1.007
1.898
2.214
1.388
1.089
0.968
1.093
1.190
1.108
1.133
2.101
1.601
1.297
1.688
1.273
1.432
1.370
1.558
1.780
1.575
1.500
1.546
1.253
2.177
1.675
2.159
2.020
2.311
1.690
0.740
1.563
1.243
1.373
1.414
1.226
1.527
1.457
0.945
0.908
1.273
1.697
1.487
1.575
2.189
2.093
2.091
1.846
1.501
1.648
1.693
1.477
1.541
1.568
1.547
1.548
1.660
1.783
1.471
0.776
1.029
1.225
1.461
1.289
1.141
1.291
1.482
0.777
1.416
1.818
2.109
1.457
1.830
1.922
1.806
1.664
1.674
1.376
1.329
0.894
1.183
1.760
1.781
1.539
1.360
0.957
1.590
1.976
1.504
1.871
1.699
1.476
1.667
0.925
1.004
1.980
2.493
1.373
1.517
0.901
1.077
1.116
1.082
0.996
1.083
1.179
1.183
1.373
1.252
1.038
1.619
1.173
1.285
0.947
1.165
0.790
0.775
1.046
0.839
0.973
0.719
1.021
0.913
0.967
0.849
1.002
0.773
1.425
0.796
1.015
1.046
0.855
0.926
0.987
1.188
1.130
0.700
0.953
1.469
1.792
1.531
1.539
1.116
1.129
1.416
1.575
1.546
2.023
1.667
1.436
1.600
1.392
1.384
1.308
0.765
1.102
1.183
1.176
1.281
0.945
0.944
1.286
1.012
0.917
0.720
0.712
1.143
1.513
0.864
2.419
2.332
1.551
0.687
0.645
1.040
0.871
0.856
0.951
1.153
1.056
0.549
0.669
0.707
0.935
0.989
0.855
1.404
1.312
1.023
0.837
1.074
0.878
1.534
1.050
1.095
1.368
1.286
1.075
0.941
0.539
0.871
1.308
1.879
1.024
0.696
0.664
0.482
0.731
0.706
0.883
1.127
1.300
1.587
1.172
1.084
1.035
1.016
1.007
1.900
1.919
1.290
1.135
1.785
1.723
1.403
1.101
0.851
1.334
1.252
1.205
2.060
2.368
1.623
1.032
1.183
1.325
1.096
1.150
1.080
1.466
0.869
1.146
1.483
0.961
0.935
1.261
1.237
1.289
1.211
0.944
0.941
1.324
1.208
1.559
1.812
1.547
0.982
1.549
0.811
2.622
1.636
0.907
1.171
1.234
1.190
1.360
1.105
1.119
1.254
1.121
1.405
1.544
1.398
1.547
1.353
1.131
0.985
1.415
1.170
1.268
1.449
1.288
1.180
1.771
1.457
1.416
2.868
1.772
1.281
1.214
1.579
1.194
1.210
1.141
1.547
2.004
1.573
1.194
1.502
1.290
1.613
1.603
1.194
1.197
1.825
1.725
3.236
1.332
1.537
1.492
1.038
1.367
2.740
1.697
1.750
1.365
1.493
1.640
1.283
1.513
1.650
1.388
1.309
1.579
0.969
2.278
1.738
1.194
1.678
1.021
1.186
1.668
1.175
0.959
0.976
1.029
0.729
0.956
1.148
1.403
1.210
1.365
1.401
1.023
1.493
0.792
1.073
1.597
1.408
1.596
1.890
1.720
1.461
1.257
1.500
1.232
1.793
1.968
2.026
2.177
1.399
1.997
1.801
1.303
1.678
1.376
1.646
1.831
0.861
1.028
1.555
2.036
2.172
1.761
1.197
0.749
1.086
1.435
1.220
1.735
1.888
1.644
1.257
0.861
0.906
1.654
1.600
1.330
1.215
1.258
1.093
1.298
1.797
1.705
1.738
1.227
0.863
1.528
2.072
2.474
1.763
1.452
1.856
1.573
1.299
1.046
1.053
1.267
1.078
1.626
1.786
1.900
1.927
1.647
1.639
1.622
0.995
1.010
1.072
1.333
1.045
0.915
1.657
1.841
1.628
1.570
1.476
0.952
1.197
1.261
1.134
1.333
1.483
1.225
1.375
1.682
1.137
1.343
1.296
1.394
1.023
0.950
1.431
1.288
1.783
1.443
1.186
0.953
0.823
0.680
0.759
0.701
1.095
1.630
1.422
1.427
1.161
0.903
0.846
1.731
1.460
1.076
0.820
0.562
1.068
1.298
1.208
0.982
1.029
0.838
0.877
0.978
0.649
0.924
0.810
0.878
1.047
0.682
0.869
0.873
0.920
1.317
1.749
2.021
1.686
1.879
1.583
1.393
0.671
1.014
1.075
1.266
1.474
1.152
1.429
1.216
1.181
1.548
1.169
1.113
1.202
0.917
0.923
0.945
1.042
1.216
1.333
1.471
1.336
1.166
1.430
1.446
0.558
1.017
0.964
0.645
0.724
1.093
1.614
1.594
1.464
1.269
1.139
0.974
1.030
1.667
1.405
0.878
0.990
1.089
1.215
1.483
1.586
1.557
0.859
1.149
0.975
1.021
1.074
1.241
0.752
1.108
1.127
0.776
0.713
1.014
0.821
0.683
0.579
0.592
0.786
0.754
1.334
1.693
0.929
0.940
0.664
1.065
1.155
1.428
1.557
1.627
1.189
0.591
1.042
1.432
1.168
0.846
1.082
0.993
1.501
2.023
0.811
1.019
1.090
0.979
1.294
1.674
1.074
0.717
1.539
1.723
0.855
0.898
1.260
1.286
0.883
1.338
0.920
1.271
0.690
0.805
1.101
1.475
1.448
0.700
1.865
2.175
2.008
1.670
1.487
1.170
1.077
1.059
0.934
0.993
1.143
1.348
1.440
1.367
1.670
2.934
3.118
2.197
1.052
0.938
2.237
2.820
1.924
1.113
0.876
1.311
1.205
1.420
1.194
1.229
1.258
1.294
1.140
1.394
1.244
1.438
0.901
2.129
2.140
1.385
1.083
1.288
1.143
1.336
1.829
1.184
2.571
2.414
1.953
1.138
1.176
1.442
1.116
1.437
0.879
1.565
1.855
1.490
1.169
2.232
1.839
1.306
1.362
1.224
1.561
1.253
1.347
1.331
1.650
1.544
1.210
1.638
1.281
1.722
2.376
1.778
1.279
1.436
1.736
1.756
0.927
1.666
1.365
1.471
1.456
1.361
1.132
1.549
1.111
2.463
1.347
1.927
1.526
1.491
1.444
1.634
1.199
1.382
1.491
1.395
1.810
1.595
0.970
1.828
1.465
0.751
0.927
1.398
1.269
1.127
1.332
1.004
0.805
1.408
1.318
1.593
1.568
1.904
1.643
1.304
1.325
1.439
1.500
1.713
1.609
1.639
2.097
1.019
1.526
1.262
1.499
0.957
0.998
1.588
1.096
1.321
0.675
1.856
1.548
1.216
1.547
1.219
1.444
1.232
1.256
1.344
1.124
1.398
2.096
1.391
1.468
0.956
0.859
1.732
1.318
1.293
1.278
0.648
1.105
1.008
1.559
0.795
0.994
1.070
1.501
1.837
1.120
1.682
1.931
1.763
1.501
1.558
1.311
0.921
1.453
1.293
1.153
1.146
1.153
1.556
1.296
1.036
0.850
1.145
1.065
1.130
1.184
0.950
1.029
1.350
1.196
1.412
1.397
1.510
1.627
1.429
0.921
1.411
1.147
0.804
0.850
1.194
1.100
0.768
1.201
1.393
1.276
1.008
1.068
1.281
1.507
1.451
1.069
1.538
1.726
1.862
1.062
0.991
0.736
1.326
1.371
0.931
1.051
0.886
1.080
1.342
1.122
1.131
1.324
0.836
1.093
1.513
1.398
1.159
1.143
0.988
1.058
1.056
0.890
0.655
0.853
1.279
0.980
1.086
1.109
0.697
1.017
1.607
1.205
1.367
1.033
1.296
1.169
0.814
0.999
1.232
1.170
1.588
1.034
1.380
1.300
0.957
1.344
1.184
1.332
2.042
1.665
1.569
2.000
1.086
1.288
1.311
1.342
1.487
1.298
0.671
1.129
1.051
1.007
0.818
1.021
1.003
0.875
1.319
1.515
1.045
0.997
0.643
1.699
0.998
0.910
0.631
1.115
0.996
1.087
1.308
1.607
1.796
1.767
1.679
1.684
0.876
1.962
1.680
1.791
1.665
1.746
1.406
0.749
1.036
0.952
1.678
1.369
0.963
1.079
0.898
0.758
0.867
1.097
1.106
0.819
1.100
0.476
0.833
0.720
0.631
2.196
1.888
2.319
2.141
1.861
1.523
1.009
0.820
0.925
0.893
0.857
0.907
0.909
0.884
1.222
1.611
1.288
1.436
1.155
1.059
1.293
0.898
1.619
1.389
1.219
1.408
1.092
1.327
1.466
1.008
1.750
2.089
1.828
2.051
1.836
1.308
1.317
1.173
1.162
1.160
1.453
1.266
1.521
1.187
0.890
1.265
1.049
0.936
1.335
0.973
0.845
0.856
1.412
1.800
1.232
0.805
0.951
1.089
0.572
0.629
0.971
0.698
1.168
1.194
1.280
0.882
1.940
1.120
1.387
1.057
1.086
1.266
1.182
1.113
1.161
1.189
1.165
1.991
1.447
0.947
1.218
1.504
1.002
1.269
1.319
0.934
1.746
1.072
1.266
1.052
1.418
1.389
1.404
0.975
1.306
1.381
1.454
1.400
1.081
1.473
1.957
1.393
1.229
1.101
1.316
1.277
1.104
1.144
1.419
1.488
1.173
0.935
1.972
1.314
1.347
1.371
1.273
1.553
1.401
1.307
1.617
1.070
0.862
1.014
0.934
1.121
1.187
1.407
1.143
1.393
1.593
1.204
1.809
1.410
1.330
1.611
1.243
1.224
1.326
0.687
1.853
1.496
2.161
1.238
1.239
1.394
1.299
0.695
1.096
1.115
1.206
1.765
1.202
1.057
1.161
1.283
1.382
1.861
1.080
1.418
1.834
1.791
1.291
1.379
1.513
1.371
1.906
1.309
1.164
1.950
1.669
1.566
0.773
1.159
1.489
1.036
1.222
1.346
2.004
1.347
1.398
0.987
1.548
1.162
1.594
1.866
1.626
1.140
0.924
1.004
0.703
0.899
1.104
1.590
1.210
1.036
1.385
1.953
1.267
1.140
1.478
1.365
1.800
1.946
1.387
1.398
1.270
0.989
0.951
1.794
1.856
1.365
1.604
2.187
1.523
1.144
0.810
1.024
1.392
1.234
1.181
1.516
1.267
0.849
1.127
0.902
1.262
1.123
1.399
1.447
1.575
1.654
1.610
1.181
1.125
0.785
1.154
1.434
1.537
1.951
1.802
1.507
1.596
1.096
1.397
1.259
1.671
1.140
1.444
1.425
1.641
0.817
1.828
1.601
1.432
1.341
1.658
1.230
1.193
1.013
0.959
1.015
1.371
1.278
1.840
1.622
1.440
0.947
1.447
1.238
1.263
1.267
1.131
1.170
0.926
0.952
1.048
1.296
1.435
1.067
1.673
1.805
1.287
1.377
1.614
2.004
1.392
1.159
1.271
1.000
1.010
1.668
0.997
0.987
1.099
1.569
1.775
1.523
1.884
1.765
1.927
1.972
1.587
1.587
1.598
0.867
1.644
1.330
1.266
0.719
0.958
1.000
1.003
1.470
0.921
0.883
1.109
1.513
0.873
1.218
1.028
1.223
1.108
1.185
1.061
0.834
1.330
1.367
1.224
0.950
0.711
0.925
1.506
1.130
0.994
1.031
0.728
0.815
1.071
1.155
0.867
0.989
0.618
1.182
1.352
1.177
1.389
1.300
1.134
1.484
1.498
1.660
1.053
1.089
1.401
1.184
1.687
1.139
1.292
1.473
0.996
0.802
0.993
0.940
1.657
1.899
1.185
1.542
1.864
1.365
1.340
1.532
2.111
1.169
0.881
0.947
1.231
1.432
1.209
1.163
1.296
0.869
0.898
1.001
1.360
2.217
2.077
1.354
1.034
1.401
1.679
1.661
1.535
1.277
1.206
1.279
0.952
1.076
1.033
0.863
0.986
1.329
1.308
2.035
0.926
1.165
1.554
1.663
2.172
1.962
1.670
1.643
1.400
1.225
0.981
1.616
1.590
1.609
1.847
1.525
1.771
1.512
1.456
1.409
1.352
1.176
1.164
1.152
1.099
1.382
1.317
1.281
1.534
2.040
2.300
1.780
1.426
1.127
1.160
1.204
1.373
1.171
1.636
1.437
1.818
1.635
1.238
0.874
1.385
1.662
1.987
2.122
1.862
1.311
1.092
1.130
1.116
1.189
1.385
1.043
1.213
1.632
1.595
1.932
1.524
1.547
1.229
1.386
1.291
1.461
1.782
1.346
2.066
1.751
1.750
1.327
1.339
1.050
1.757
1.597
1.954
1.806
1.159
1.425
1.388
1.528
1.038
1.615
1.713
1.465
1.587
1.569
1.298
1.503
1.161
1.603
1.823
1.131
1.389
1.548
1.116
1.813
1.255
1.194
1.606
1.153
1.541
1.502
1.456
1.898
1.779
1.241
1.527
1.326
1.683
1.940
1.997
2.718
1.548
1.477
1.370
0.996
0.997
1.504
1.002
1.268
1.240
1.514
1.068
1.751
1.346
1.579
1.554
2.136
2.000
1.414
2.087
1.864
1.695
1.750
1.409
1.762
1.056
1.515
1.590
1.085
1.839
1.392
1.349
1.037
1.629
1.517
1.271
1.380
0.981
1.666
1.145
1.419
1.403
1.691
1.400
1.057
1.291
1.046
1.406
1.709
1.522
1.333
1.761
1.375
1.515
1.525
1.410
1.189
1.158
1.113
1.350
1.412
1.246
1.257
1.161
0.993
1.909
1.560
1.407
0.806
1.130
1.026
1.466
1.079
1.051
0.896
1.036
1.212
1.534
1.370
1.353
1.272
1.243
1.102
1.075
0.869
0.895
1.305
0.897
0.972
1.170
1.120
1.080
1.126
1.237
2.098
1.445
1.813
1.230
1.340
1.348
1.064
0.853
0.969
1.376
0.827
0.855
0.953
0.959
1.187
1.113
1.304
1.067
1.296
1.261
0.918
1.411
1.222
1.150
1.144
1.315
0.959
1.127
0.831
1.063
1.488
1.465
0.933
1.239
0.797
0.812
0.885
0.979
1.010
0.646
0.765
1.114
1.369
1.222
1.456
0.801
1.105
0.974
1.197
1.058
0.989
0.877
0.939
0.973
0.587
0.897
1.270
1.352
1.591
1.730
1.315
0.930
1.034
0.813
1.038
1.329
1.682
1.898
1.297
0.711
1.196
0.862
0.459
1.048
1.163
1.719
1.340
1.247
0.647
0.912
1.572
1.507
1.523
1.145
1.294
1.092
0.667
0.730
0.828
1.616
2.287
1.083
0.955
1.090
1.054
1.031
1.080
0.959
1.295
1.744
1.320
0.995
0.998
0.768
0.503
0.823
0.986
0.947
1.966
1.248
1.320
0.971
0.919
0.823
0.769
0.856
0.665
0.924
1.045
1.254
1.007
0.985
0.746
1.003
1.304
1.013
1.770
1.122
1.168
1.001
0.805
1.069
1.159
0.992
1.175
1.138
1.333
1.166
1.426
1.141
1.303
1.200
1.037
0.965
1.139
0.972
0.898
1.250
1.058
0.625
1.061
1.141
1.134
1.633
1.940
2.059
1.058
1.134
1.467
1.419
1.808
1.899
1.471
0.869
1.185
1.521
1.449
1.430
1.545
1.088
1.218
1.205
1.094
1.297
0.973
1.386
1.368
0.891
1.407
1.850
1.388
1.533
1.616
1.051
1.800
2.516
1.791
1.171
1.474
1.278
1.406
1.639
1.602
2.039
1.490
1.024
1.369
1.258
1.336
1.231
1.564
1.114
1.241
1.455
1.566
0.989
1.242
1.441
1.557
1.388
1.492
0.903
2.562
2.799
1.678
1.892
1.916
1.715
1.556
1.297
1.176
1.303
1.391
1.325
1.326
1.521
0.935
1.223
1.235
0.999
1.354
1.350
1.674
1.444
1.385
0.879
1.108
1.855
1.717
1.421
1.354
1.132
1.518
1.322
0.965
1.242
2.450
1.784
1.318
1.920
1.670
1.020
1.465
1.101
1.418
1.469
1.352
1.283
1.080
1.128
1.284
1.217
1.350
1.160
1.789
1.697
1.487
1.191
1.139
1.439
1.721
1.136
0.963
1.668
1.088
0.958
1.284
1.279
0.880
0.989
1.432
1.191
1.451
1.201
1.132
1.416
1.435
1.445
1.447
1.427
1.221
0.842
1.268
1.183
0.873
1.618
1.385
0.897
1.182
1.392
1.967
1.039
1.472
1.283
0.898
1.335
0.824
1.082
1.149
1.710
2.298
1.814
0.891
1.391
1.594
1.596
1.520
1.209
1.084
1.429
1.388
1.556
1.314
1.579
1.988
1.476
0.968
1.055
0.711
1.442
1.454
1.622
1.217
0.899
0.687
0.822
0.826
0.733
1.217
1.232
1.671
1.352
1.580
1.050
0.989
1.032
0.865
1.383
1.213
1.380
1.158
1.253
1.034
1.196
1.531
1.354
1.050
1.053
1.244
1.103
1.433
1.785
1.779
0.971
0.818
1.032
1.328
1.330
1.052
1.058
1.456
1.381
1.287
1.516
1.899
0.973
1.021
1.034
0.957
1.013
1.678
1.197
1.324
1.268
0.892
0.993
1.290
1.137
1.055
0.984
1.527
1.267
1.230
1.069
1.069
1.325
1.023
1.048
0.869
1.331
1.013
1.366
1.353
1.281
1.381
1.134
1.021
0.768
0.812
1.266
1.068
1.059
1.200
1.297
1.498
1.320
1.407
0.827
0.704
1.267
1.194
1.070
1.224
1.122
0.765
0.899
1.051
1.313
1.659
1.052
0.849
1.195
1.528
1.561
0.718
1.232
0.964
0.936
1.028
1.356
1.719
1.288
0.775
1.095
1.464
1.499
1.829
1.607
0.953
1.314
0.895
0.960
1.080
1.317
1.848
1.439
0.840
1.085
1.212
1.071
0.778
1.759
1.161
1.405
1.179
0.944
1.069
0.899
0.764
0.599
0.818
0.932
0.756
1.004
1.160
1.219
1.193
0.975
0.837
0.827
1.190
1.445
0.851
0.912
0.980
1.062
0.811
1.037
1.015
1.115
0.803
0.911
1.084
0.883
1.157
1.680
1.494
1.806
2.340
2.551
2.268
1.724
0.908
1.425
1.364
1.432
1.319
1.297
0.731
0.973
1.038
1.258
1.177
0.785
1.105
0.920
1.083
0.608
1.048
1.371
1.753
1.941
1.374
0.948
0.854
1.699
1.135
1.973
1.197
1.286
1.174
1.148
2.452
1.987
1.692
1.428
1.569
1.726
1.301
1.194
1.111
1.152
1.389
1.021
1.001
1.279
1.078
1.370
1.296
1.479
1.802
1.393
1.586
0.993
2.375
1.638
1.212
0.889
1.463
1.524
1.151
1.977
1.282
2.008
1.657
0.960
1.401
1.321
1.302
1.596
0.970
1.023
0.779
1.419
0.736
1.270
1.415
1.369
2.073
1.339
0.974
1.270
1.312
1.393
1.662
2.064
1.096
1.224
1.198
1.179
1.118
1.109
1.154
1.640
1.037
1.308
1.732
1.596
1.707
1.406
1.178
1.123
1.370
1.130
1.539
1.171
1.059
1.036
1.291
1.606
1.503
1.624
1.873
1.112
1.195
1.416
1.177
1.139
1.683
1.633
1.539
1.462
1.214
1.219
1.310
1.558
1.262
1.628
1.105
0.970
1.136
1.038
1.240
1.306
1.124
1.138
1.622
1.814
1.913
1.619
0.966
1.527
1.150
1.248
1.460
1.265
1.179
1.318
1.040
1.319
1.548
1.117
1.716
1.452
1.311
1.072
1.048
1.190
1.338
1.338
0.986
1.184
1.557
1.013
1.608
1.309
1.557
1.053
1.546
1.080
1.098
0.997
1.534
1.435
1.261
1.057
1.083
1.354
1.182
1.075
1.299
1.429
1.120
1.283
1.329
2.675
1.804
1.847
1.875
1.281
2.169
1.890
1.378
0.949
1.298
1.477
1.662
1.190
1.143
1.451
1.605
1.574
1.461
1.332
1.179
0.746
0.966
1.287
1.636
1.466
1.139
0.978
1.506
1.653
1.196
1.213
1.349
1.407
1.031
1.510
1.439
1.549
1.526
1.395
1.270
1.197
1.196
1.082
1.220
1.092
1.010
1.174
1.220
0.783
1.568
2.133
1.670
1.085
0.868
0.922
1.177
1.343
1.311
1.127
1.055
1.366
1.375
1.147
1.233
1.060
1.115
2.095
1.635
1.342
1.419
1.249
1.038
0.783
1.125
0.849
0.990
0.894
1.027
1.105
1.049
1.248
1.353
1.351
1.465
1.387
1.135
0.979
1.286
1.034
1.663
1.535
0.986
0.666
1.108
0.857
1.122
1.261
1.004
1.098
1.209
1.021
0.944
1.120
1.110
0.690
1.105
1.275
1.095
1.075
0.841
1.093
1.282
1.244
0.852
0.848
0.811
0.800
0.891
1.601
1.219
0.930
1.167
1.086
1.241
0.921
1.699
2.176
0.963
1.235
1.284
1.176
1.056
0.956
1.001
1.152
0.893
0.875
1.530
1.654
1.232
1.235
1.239
1.025
1.120
1.176
0.808
0.746
0.686
0.617
0.902
1.027
1.000
1.417
1.655
1.091
1.089
1.287
1.182
1.150
1.467
1.117
0.917
0.707
0.744
1.394
0.643
1.437
0.989
1.454
1.356
-99.000
1.140
1.392
1.621
1.004
1.085
1.249
0.841
1.217
0.965
0.657
0.835
1.056
1.088
1.354
1.065
0.723
0.710
0.764
0.900
0.954
1.148
1.093
0.664
0.682
1.273
1.049
0.880
1.064
1.380
1.189
1.324
2.262
2.372
1.581
1.161
1.544
2.189
1.857
1.501
1.255
1.118
1.139
1.362
1.151
1.065
1.403
1.337
1.016
0.972
1.039
1.536
2.504
2.619
1.791
1.039
1.122
1.359
1.065
0.847
1.352
1.204
1.255
0.825
0.890
1.275
1.314
0.837
0.827
1.443
1.021
0.974
1.434
1.949
1.152
1.325
1.492
1.393
1.016
1.184
1.266
0.797
1.592
1.604
2.010
1.632
2.108
1.676
1.084
1.015
1.061
1.139
1.197
1.267
1.330
1.282
1.298
1.279
1.395
1.130
0.850
1.893
0.828
1.585
1.097
1.450
1.379
2.082
1.404
0.677
1.408
1.227
1.125
1.524
0.848
1.285
1.322
1.611
1.115
1.159
1.702
1.338
1.046
1.402
1.646
1.147
1.323
1.340
1.378
1.734
1.636
1.444
1.174
1.016
2.102
2.084
1.313
1.265
1.329
2.178
1.239
1.645
1.602
1.007
1.147
1.653
2.382
1.800
1.281
1.172
1.290
1.662
1.564
1.646
1.387
1.421
0.912
1.170
1.119
1.241
1.405
1.396
1.179
1.782
1.050
2.886
1.898
1.542
1.472
1.518
1.057
1.341
1.584
1.680
1.438
1.563
0.952
1.035
1.245
1.136
1.595
1.392
1.290
1.628
1.006
1.378
1.098
0.936
0.911
1.508
1.793
0.880
0.981
1.203
1.397
0.905
1.702
2.007
1.516
1.617
1.594
1.074
0.784
0.907
1.014
1.134
1.672
1.465
-99.000
-99.000
-99.000
-99.000
-99.000
-99.000
-99.000
-99.000
1.279
1.309
1.358
1.274
1.278
1.145
0.764
0.817
1.105
0.870
1.184
1.678
1.909
1.566
1.334
1.155
1.206
1.482
1.215
1.474
1.383
1.279
1.605
1.715
1.513
1.354
1.089
1.156
1.189
1.509
1.608
1.351
0.802
1.219
1.518
1.774
1.459
1.333
1.134
2.251
1.926
1.794
1.397
1.262
1.360
1.591
0.945
1.096
0.748
1.002
1.139
1.114
1.139
1.015
0.916
1.005
1.112
0.935
0.997
1.251
1.115
0.884
1.091
1.280
1.032
1.053
1.643
1.751
2.092
1.515
0.901
1.287
1.170
1.503
1.934
1.388
1.415
1.167
0.821
1.121
0.965
0.889
1.225
1.008
1.628
0.991
0.916
1.156
1.252
1.393
1.236
1.861
1.770
1.455
1.011
1.063
0.902
1.146
1.088
1.456
1.446
1.268
1.440
1.386
0.860
0.814
0.817
1.654
1.544
1.134
1.335
1.193
0.665
0.845
0.677
0.782
0.916
1.066
0.944
0.982
1.383
1.650
1.760
1.803
1.382
1.076
0.991
0.965
1.614
1.910
1.188
1.109
1.002
1.324
1.997
1.475
0.912
0.706
1.282
1.539
0.906
1.938
1.661
2.308
2.578
2.062
1.043
0.776
0.717
1.030
0.791
1.026
0.974
1.126
1.154
1.100
0.956
1.196
1.521
1.704
0.831
1.579
1.747
1.355
1.579
0.970
1.824
1.902
1.647
1.427
0.936
0.901
1.076
1.063
1.826
1.776
1.357
0.908
1.251
1.269
1.374
0.959
0.712
0.876
1.167
1.311
0.879
1.408
1.537
1.515
1.398
1.299
1.703
1.386
1.550
1.334
1.395
1.796
1.085
1.614
1.880
1.800
1.170
1.730
1.680
1.584
1.791
1.407
1.590
1.174
2.215
2.420
1.166
1.341
1.473
1.884
1.213
2.493
2.015
1.238
1.497
1.538
1.575
1.610
1.719
0.965
1.662
1.642
1.553
1.966
1.402
2.223
2.239
1.702
1.077
1.231
1.355
1.036
1.276
1.622
1.490
1.061
2.099
1.107
1.804
1.201
1.366
1.641
1.470
1.116
1.785
1.566
2.045
0.971
1.617
1.033
1.139
1.949
1.437
1.114
1.696
1.361
1.256
1.892
1.344
1.344
1.372
1.423
2.311
1.785
1.406
1.429
1.964
1.271
2.064
1.622
1.762
1.172
1.012
1.732
1.451
1.362
1.871
2.074
2.170
1.831
1.134
1.570
1.036
1.299
1.467
1.423
1.288
1.630
1.338
1.406
1.135
1.283
1.050
1.327
0.769
1.084
1.635
1.407
1.629
1.139
1.004
1.497
1.799
1.901
2.233
1.942
1.550
1.607
1.014
0.740
1.269
1.206
1.374
0.952
1.467
1.325
1.635
0.904
1.754
1.327
1.135
2.035
0.962
1.365
1.340
1.181
1.634
1.266
1.437
1.330
1.958
1.770
1.249
1.576
1.173
1.622
1.350
1.407
1.529
1.544
1.019
1.445
1.562
1.815
2.003
1.271
1.276
1.780
1.186
1.293
1.300
1.210
1.448
1.692
1.638
2.114
1.671
1.371
1.587
1.345
1.843
1.670
1.536
1.835
1.363
0.950
1.474
1.608
1.744
1.730
1.416
1.307
1.310
0.653
1.176
1.110
1.308
1.229
0.979
1.621
1.363
1.176
0.925
1.571
0.834
1.238
1.166
1.266
1.672
1.453
1.153
0.884
1.091
1.162
1.917
1.061
0.993
1.421
1.215
0.841
0.843
1.007
1.641
0.838
1.066
1.177
1.373
1.069
0.622
0.960
1.302
1.234
1.098
1.351
0.984
0.847
1.324
1.539
1.187
1.484
1.267
1.322
1.676
2.003
1.619
0.883
0.858
1.369
1.438
1.650
1.414
1.106
1.213
1.373
1.972
1.415
0.511
0.954
1.350
1.362
1.798
2.075
1.325
1.128
0.980
1.064
1.063
0.747
0.995
0.939
0.921
1.079
1.322
0.779
1.181
1.141
1.231
0.834
1.239
1.176
0.953
1.316
1.029
1.213
1.731
1.860
1.750
1.584
1.353
1.184
1.234
1.117
0.722
1.432
1.343
0.943
1.020
1.834
2.519
1.806
1.052
1.017
1.070
1.021
1.681
1.495
1.393
1.396
1.200
1.030
0.958
1.067
0.890
0.751
0.838
0.453
1.030
0.910
1.325
0.765
0.790
0.733
1.502
1.199
1.717
1.692
1.229
1.084
1.307
1.460
2.725
1.840
1.248
1.132
1.947
1.668
1.202
1.269
0.584
1.470
2.029
1.433
0.843
0.891
1.323
0.998
0.940
0.871
1.059
1.178
1.870
1.890
1.596
1.397
0.751
0.985
1.329
0.872
0.842
1.003
1.286
1.615
1.379
1.422
1.070
0.982
1.053
1.455
2.033
1.357
1.838
2.711
2.687
1.899
1.078
0.931
1.287
0.874
0.899
1.083
1.682
1.269
0.931
2.208
2.561
2.130
1.725
1.090
1.008
1.369
1.389
0.867
1.144
1.043
1.972
1.505
1.575
1.407
1.215
1.504
0.859
1.801
1.256
0.693
1.322
1.473
1.337
1.413
1.478
1.167
0.854
1.038
0.964
1.123
0.903
1.437
1.359
1.515
1.303
1.397
1.472
1.418
0.884
1.179
1.186
1.584
1.767
1.354
1.115
1.210
1.780
1.566
1.320
1.275
1.228
1.992
1.838
1.494
2.002
1.841
1.591
1.114
1.816
1.398
2.341
1.456
1.064
1.247
1.866
1.357
1.181
1.361
1.500
1.993
1.508
1.150
1.193
1.284
1.653
1.051
1.188
1.262
1.413
1.269
0.685
1.586
1.109
1.167
1.202
1.261
1.061
1.459
1.401
1.072
1.300
2.235
1.956
2.183
1.423
2.675
1.496
1.736
1.282
1.590
1.688
1.500
1.317
1.357
1.648
1.420
1.064
1.526
0.984
1.238
1.428
1.742
1.337
0.877
1.083
1.161
1.106
1.599
1.491
1.818
1.490
1.035
1.634
0.993
1.630
1.263
1.726
0.817
1.480
1.240
0.744
1.840
1.177
1.332
1.054
0.839
1.147
1.792
1.022
1.207
1.224
1.705
1.984
1.891
1.952
1.433
1.352
1.562
1.451
1.741
1.148
1.294
1.350
1.567
1.597
1.251
1.270
0.800
1.034
1.386
1.029
1.246
0.962
0.732
1.023
1.232
1.990
1.965
1.474
1.027
1.119
1.227
1.015
0.688
1.641
1.577
1.435
1.286
0.977
1.256
1.329
1.092
1.313
1.331
1.694
1.547
0.919
0.731
1.508
1.507
1.021
1.283
1.128
1.965
1.378
1.436
1.846
1.345
1.681
1.433
0.892
0.654
1.028
1.372
1.531
1.815
1.881
1.421
0.972
1.139
1.127
1.587
1.433
1.604
1.446
0.433
1.102
1.763
0.962
1.039
1.162
0.867
1.010
1.536
1.394
1.463
0.934
1.217
1.459
1.164
1.233
1.049
1.042
0.920
1.052
1.342
1.217
1.017
1.842
1.297
1.185
1.081
0.820
0.982
1.764
1.442
0.893
1.105
0.994
0.641
0.657
0.772
0.997
1.039
1.095
0.811
0.708
0.979
1.070
1.263
1.251
0.554
1.207
1.142
1.034
0.671
0.642
0.748
1.246
2.192
1.823
1.291
1.348
0.709
0.854
0.904
0.978
1.450
1.091
1.312
1.392
0.892
1.218
1.261
1.343
0.761
2.470
2.667
1.940
1.565
1.585
1.549
1.552
1.139
1.240
1.119
1.250
1.306
1.477
1.679
1.652
1.604
1.260
0.746
1.074
0.887
1.147
1.318
0.848
1.187
0.878
0.762
0.623
0.997
0.858
0.948
0.954
1.134
1.666
1.228
1.329
0.894
1.550
2.226
1.149
1.081
1.203
0.933
1.571
1.507
0.974
0.685
0.772
1.229
1.352
1.187
0.926
1.308
2.112
1.654
1.583
1.168
1.079
0.999
2.172
1.039
2.595
2.703
2.051
1.896
1.329
0.907
1.114
0.733
0.843
0.936
1.558
1.380
0.956
0.774
0.711
1.359
0.939
1.131
1.532
1.848
1.185
1.438
1.866
1.871
1.915
1.402
1.137
0.712
1.221
1.410
1.296
1.437
1.651
1.038
1.125
0.948
2.154
2.056
1.682
1.010
1.243
1.284
1.177
1.660
1.199
1.881
1.682
1.582
1.291
0.965
2.054
1.230
1.113
1.214
1.752
1.152
1.203
1.146
1.126
1.298
1.267
1.225
1.781
1.532
1.073
1.523
1.720
1.837
1.635
1.674
1.495
1.680
2.276
2.173
1.825
1.121
1.166
1.636
1.896
1.692
1.223
0.923
1.030
1.853
1.768
1.726
0.917
0.867
1.288
1.714
1.305
1.428
1.394
1.146
1.591
1.144
1.385
1.573
1.314
1.416
2.023
1.310
1.574
0.907
1.633
1.714
1.173
2.031
1.452
1.150
1.091
1.196
1.513
0.873
2.138
1.847
1.949
1.478
1.309
1.111
1.041
1.293
0.841
1.112
1.629
1.109
1.440
1.394
1.188
2.001
1.791
2.314
1.498
1.178
0.833
1.588
1.386
1.727
1.312
0.925
0.866
0.770
1.261
1.314
1.413
1.222
1.164
1.210
1.683
1.505
2.032
1.781
1.354
1.671
2.061
1.604
1.573
1.795
1.801
2.658
1.966
1.564
0.588
1.324
1.969
2.154
1.638
1.658
1.096
1.413
1.594
1.128
1.689
1.190
1.311
1.090
0.764
0.935
0.685
0.655
0.828
1.157
1.080
1.107
0.957
1.327
1.369
1.287
1.487
1.663
1.145
1.261
1.287
1.616
1.327
1.347
1.528
1.135
1.560
1.140
1.275
0.768
0.944
0.897
1.029
1.286
0.982
0.990
1.382
1.327
1.000
1.022
1.434
1.196
0.925
1.363
1.615
0.714
1.017
1.493
1.420
0.994
0.736
0.844
1.146
0.784
0.865
1.129
1.089
0.948
1.364
1.301
1.720
1.961
1.789
1.313
0.996
1.024
0.905
0.837
1.487
1.434
0.964
1.271
1.461
0.888
1.235
0.735
1.028
1.032
0.830
1.079
1.005
1.246
1.161
1.014
0.809
0.946
1.135
1.090
0.712
1.232
1.309
1.493
1.537
1.438
0.972
1.214
1.108
0.931
0.898
0.908
0.789
1.189
0.791
0.954
1.131
1.320
0.876
0.942
1.114
0.834
1.019
1.149
1.422
1.773
1.432
1.101
2.499
1.237
0.755
1.035
0.768
0.829
0.711
1.287
1.659
1.320
1.374
1.309
1.153
1.123
1.173
1.068
0.894
0.867
0.914
0.511
1.090
1.924
1.152
0.931
0.457
0.857
1.021
0.991
0.955
1.963
2.035
1.019
1.842
2.577
1.848
0.949
0.932
1.179
1.404
1.061
1.184
1.445
1.112
0.713
0.890
0.966
1.022
1.199
0.994
1.692
1.026
0.841
1.384
2.373
1.495
1.115
1.151
1.799
1.977
1.543
1.021
0.975
1.097
1.972
0.991
1.601
0.841
1.281
1.630
0.933
1.106
0.879
1.426
0.941
0.924
1.072
1.716
1.351
0.850
1.201
1.575
1.682
1.677
2.565
1.588
1.290
1.341
1.299
1.521
1.486
1.388
1.330
1.352
2.609
2.809
1.082
0.721
0.981
0.989
1.326
2.900
2.021
2.637
1.837
1.035
0.809
0.785
0.932
1.225
0.989
1.104
1.198
1.028
1.841
1.669
1.347
1.140
1.828
1.773
1.737
1.373
1.452
1.900
0.933
1.707
1.437
2.051
1.114
1.151
1.295
1.402
1.495
2.071
1.778
1.631
1.151
0.977
1.011
1.275
1.285
1.658
1.561
0.998
0.762
1.120
2.011
1.406
3.320
2.804
1.374
1.455
1.592
1.631
1.438
1.879
1.434
1.229
1.003
2.733
1.808
1.183
1.241
1.534
1.068
1.463
1.733
1.316
1.246
1.217
1.228
1.289
1.253
1.391
1.090
1.086
1.968
1.406
1.588
1.931
1.263
1.365
1.163
1.285
0.982
1.723
1.318
1.290
1.101
1.266
1.208
1.409
1.633
1.860
1.613
1.553
1.752
1.392
1.736
1.615
1.681
1.429
1.462
1.675
1.058
1.526
1.043
1.274
1.420
1.389
1.667
0.994
1.253
1.139
1.555
1.401
1.728
1.436
1.400
1.401
1.241
1.475
1.934
1.382
1.000
1.157
1.455
1.411
1.374
1.025
1.653
1.545
1.782
1.392
1.665
1.988
1.876
1.351
1.207
1.593
1.146
1.032
1.102
1.217
1.337
1.180
1.691
1.685
1.702
0.957
0.895
1.005
1.483
2.096
1.432
1.096
1.014
1.332
1.535
1.352
1.603
1.442
1.518
1.926
2.097
1.265
1.342
1.442
1.734
2.176
1.681
1.443
1.292
0.802
0.905
1.167
1.352
1.462
2.079
1.594
0.778
1.347
1.320
2.166
1.661
1.793
1.821
1.587
1.406
1.486
1.208
0.981
1.222
1.090
1.237
1.283
0.939
1.380
0.702
0.907
1.310
1.562
1.006
2.040
1.284
1.232
1.067
1.143
1.328
1.112
0.890
1.102
1.194
0.781
1.386
1.761
1.506
1.827
1.735
1.160
0.873
0.985
1.208
1.408
1.146
0.621
0.723
0.863
1.335
1.215
1.922
1.095
1.184
1.625
0.884
1.094
1.054
1.230
1.759
1.741
1.452
0.940
1.310
2.114
1.571
1.357
1.096
1.258
1.081
1.125
1.250
1.341
2.020
1.336
0.710
0.764
1.201
0.951
0.871
1.095
1.361
1.238
1.269
1.531
1.491
1.798
0.886
1.859
1.681
1.008
1.197
1.195
0.920
1.365
1.075
0.870
0.762
0.907
0.873
0.788
0.795
1.297
0.999
1.416
1.422
1.691
1.165
0.824
1.206
1.067
1.036
1.087
1.380
1.105
0.804
0.890
0.900
0.997
0.821
1.339
1.393
1.156
1.644
1.628
1.715
1.390
0.954
1.034
0.977
0.942
1.185
1.493
1.567
1.354
0.903
1.822
2.204
1.988
1.337
0.884
0.990
1.077
0.889
1.192
1.143
1.631
1.887
2.074
1.851
1.466
1.207
1.522
2.038
1.160
1.201
1.372
1.326
2.134
2.053
1.549
0.715
0.662
0.847
1.101
1.011
0.925
1.048
1.488
1.333
1.316
1.402
1.496
2.037
1.485
0.815
1.084
1.250
1.452
1.650
1.423
1.100
2.389
0.926
1.041
1.334
1.206
1.510
1.458
1.441
1.368
1.321
2.787
2.344
1.245
1.555
1.878
1.950
2.295
1.660
0.921
1.912
1.654
1.705
1.723
1.492
1.406
1.484
1.299
1.399
1.077
0.943
1.164
1.215
1.199
1.333
1.374
0.729
0.993
1.327
1.420
1.403
1.790
1.257
1.252
1.084
1.304
1.312
1.242
1.397
1.477
1.486
1.285
1.015
1.857
1.963
1.993
1.446
2.051
1.474
2.236
1.389
1.490
1.536
1.110
0.977
1.213
1.244
1.412
1.756
1.706
2.064
1.853
1.606
1.334
1.415
1.922
1.300
2.363
2.316
1.281
1.338
1.338
1.065
1.075
1.628
2.278
2.056
1.606
1.425
1.402
0.972
1.786
1.299
1.591
1.290
1.222
1.212
1.230
1.512
0.936
1.012
0.934
1.241
1.200
1.584
0.973
1.163
1.306
1.519
1.057
1.973
1.442
1.454
1.289
1.275
1.079
0.890
0.948
1.141
0.954
0.952
1.261
1.230
1.247
1.094
1.205
1.425
1.451
1.073
1.110
1.596
1.169
1.108
1.075
1.160
1.459
1.183
1.541
1.647
1.547
1.828
1.977
2.138
1.866
1.585
1.589
1.630
1.789
1.552
1.895
1.476
1.918
1.627
1.878
1.031
1.487
1.691
1.536
1.590
1.856
1.613
0.734
1.145
1.224
1.066
1.033
0.976
1.005
1.453
1.774
1.373
1.666
1.092
1.247
1.146
1.908
1.539
1.491
1.350
1.168
0.831
0.755
0.969
1.416
0.850
0.815
1.100
1.424
1.253
1.001
1.117
1.247
1.365
0.901
1.287
1.347
1.426
1.337
0.933
1.466
1.226
1.592
1.631
1.884
1.344
1.179
1.119
0.711
0.795
0.984
1.532
0.925
1.182
1.615
1.954
1.836
1.523
0.860
0.873
1.480
1.278
0.735
1.045
0.826
1.082
0.958
0.882
0.847
1.121
1.024
1.123
1.539
1.361
1.082
0.765
1.101
0.678
0.760
1.182
0.903
0.924
0.955
1.113
1.509
1.325
1.888
1.030
1.179
1.853
1.565
1.160
1.188
0.892
1.449
1.381
0.972
1.107
1.078
0.889
1.040
1.067
0.677
1.224
1.196
1.848
1.640
1.395
1.445
1.716
1.210
1.036
1.302
1.376
1.640
1.053
0.889
1.012
1.246
1.274
0.839
1.258
1.237
2.079
1.790
1.503
1.052
0.871
1.053
1.218
1.206
0.809
0.702
0.836
1.070
1.224
1.078
0.763
0.566
1.387
1.431
1.775
1.398
0.799
0.681
1.214
1.049
0.681
0.884
1.167
1.701
1.948
2.039
1.629
1.265
1.218
1.439
1.255
0.971
1.374
1.905
1.769
1.705
1.671
1.464
0.934
1.193
1.240
1.203
1.480
1.443
0.976
0.797
1.062
1.031
1.325
1.422
1.614
1.509
1.500
1.429
1.450
1.375
1.161
1.247
0.877
0.710
0.988
1.193
1.059
1.034
1.508
2.498
1.551
1.021
0.788
1.105
1.129
1.298
1.539
0.722
1.185
1.243
1.186
2.375
1.060
0.754
1.844
2.815
2.100
1.113
1.113
0.960
1.195
1.612
1.839
1.546
0.971
2.040
1.341
1.500
1.821
1.225
1.149
0.839
1.612
1.019
1.531
1.807
1.549
1.228
1.323
1.478
1.453
1.109
1.355
1.050
0.934
0.873
0.613
1.747
0.994
1.087
1.169
1.169
1.396
2.116
1.412
0.618
1.584
1.922
1.308
1.165
1.193
1.460
1.206
1.040
1.131
1.081
1.280
1.078
1.208
1.563
1.192
1.586
1.442
1.462
1.080
1.286
1.284
0.897
1.287
1.269
2.423
1.630
1.806
1.161
1.612
1.629
2.020
1.527
1.306
1.821
1.141
1.422
1.401
1.292
1.217
1.409
1.195
1.181
1.620
1.627
1.948
1.339
1.270
1.318
0.735
1.355
1.244
1.293
1.155
1.580
1.851
1.984
2.484
2.061
2.324
0.957
1.748
2.275
2.442
1.965
2.560
1.972
1.373
1.647
1.562
1.706
0.975
1.701
1.125
1.261
1.005
1.516
1.780
1.312
0.683
1.284
1.338
1.170
1.218
1.416
1.187
1.222
1.536
1.010
1.580
1.312
1.411
1.210
0.942
0.988
1.203
1.368
0.780
1.221
1.816
1.899
1.530
1.054
1.339
1.407
1.280
1.417
0.998
1.096
1.808
2.035
1.278
1.203
1.323
0.942
1.413
1.424
1.645
2.074
2.037
1.288
0.977
1.050
1.411
1.239
1.045
1.387
1.353
1.255
1.347
1.143
1.189
1.018
0.834
0.651
0.918
0.883
0.763
1.000
1.291
1.322
1.547
1.173
1.397
0.889
0.971
0.957
0.656
0.976
0.967
0.760
0.799
0.751
0.861
1.497
1.272
1.126
1.402
1.157
1.457
1.290
1.712
1.252
1.141
1.271
1.144
1.261
1.092
1.155
0.712
0.818
1.131
0.952
1.944
1.805
1.358
1.024
1.027
0.858
0.859
1.091
1.175
1.117
1.059
1.419
1.183
1.097
0.798
0.630
0.988
0.748
0.882
0.945
0.914
1.242
1.445
1.250
1.032
1.000
0.832
0.982
1.092
0.760
0.887
0.797
1.051
1.132
1.271
1.161
0.689
0.916
0.866
1.100
1.032
1.209
1.360
0.842
1.050
1.159
1.018
0.873
1.483
1.262
0.855
0.964
1.417
0.732
0.660
0.756
0.814
0.979
0.975
1.098
1.173
1.328
0.988
1.575
1.120
1.055
1.241
1.340
1.198
1.071
0.898
0.892
1.590
1.213
0.897
1.030
0.908
0.685
0.953
1.471
1.509
1.866
1.667
2.218
0.959
1.324
1.392
0.955
0.762
1.100
1.157
1.033
0.566
0.681
0.996
1.699
1.738
0.966
1.788
1.441
1.003
1.149
1.207
1.572
0.981
1.089
1.267
0.915
1.034
1.931
1.890
1.439
0.945
0.856
0.915
0.664
1.008
1.667
1.806
0.946
0.817
1.185
1.288
1.011
0.901
1.225
1.461
1.488
1.573
1.967
1.973
1.982
1.329
1.388
1.481
1.329
2.325
0.963
1.313
0.769
0.946
0.864
2.658
2.437
1.543
0.889
0.910
0.593
0.813
0.767
1.295
0.993
0.954
1.230
1.328
1.245
1.629
1.551
1.370
2.273
2.912
1.457
0.826
0.888
1.401
1.221
0.982
0.987
1.441
1.455
1.465
2.073
1.317
0.979
0.827
1.376
0.974
0.915
1.786
1.178
0.858
1.044
0.970
1.049
0.968
1.362
1.457
1.402
1.357
1.982
1.738
1.586
1.751
1.802
2.099
2.302
1.615
1.909
2.107
0.912
1.014
0.975
1.067
1.550
1.292
1.279
1.248
1.668
1.767
2.003
2.184
2.083
1.871
1.651
1.587
1.894
0.985
0.907
1.230
1.536
2.092
1.700
1.490
1.372
1.732
1.530
1.436
2.071
1.858
0.988
1.161
1.405
1.183
1.925
1.411
1.159
1.037
1.568
1.647
1.210
1.238
1.651
1.867
1.368
1.353
1.438
1.133
1.079
1.213
1.218
1.197
1.020
0.941
1.057
1.718
1.470
1.647
2.205
1.638
1.347
1.595
0.901
1.118
1.037
0.746
1.391
1.341
1.409
1.832
1.221
0.993
1.278
1.499
1.245
1.272
1.608
1.371
1.049
1.209
1.205
1.819
1.899
1.889
1.442
1.155
1.198
1.705
0.992
0.896
1.265
1.102
1.093
1.610
1.445
2.151
1.600
1.927
1.877
1.237
0.965
1.079
1.502
1.517
1.014
1.372
1.580
1.462
1.396
1.133
1.684
1.961
1.826
1.203
1.182
1.324
1.362
1.517
1.085
0.966
1.133
1.028
1.670
1.609
1.232
1.223
1.052
1.010
1.495
1.565
1.845
1.601
1.598
0.969
1.118
1.605
1.287
1.731
1.454
1.370
1.784
1.350
0.936
1.017
1.495
1.409
1.886
1.170
1.074
1.637
1.596
1.042
1.197
1.121
1.298
0.932
0.824
1.017
1.026
1.905
1.087
1.171
0.918
1.056
1.036
1.064
1.223
1.078
1.240
1.342
1.438
1.617
1.426
1.276
0.822
0.848
1.047
1.221
1.201
1.275
1.402
1.042
1.056
0.717
1.341
1.129
1.087
1.165
1.617
1.067
0.910
0.902
1.240
1.507
0.842
0.880
0.771
0.890
0.659
1.052
1.474
1.099
0.903
0.910
0.865
0.795
0.842
0.905
1.049
1.104
0.961
1.376
1.315
0.951
0.910
1.390
1.462
1.289
0.880
1.008
1.070
1.486
1.252
1.141
1.049
1.314
0.826
0.879
1.061
0.672
1.288
1.021
0.929
1.430
0.961
1.109
1.158
0.991
0.679
1.054
0.710
0.741
1.061
1.061
0.815
1.076
1.666
2.171
1.504
1.315
0.864
0.900
1.424
1.257
1.387
1.457
1.434
1.227
1.135
0.924
1.132
1.217
1.480
0.840
1.272
0.789
1.051
0.839
1.054
1.224
0.826
1.302
1.005
1.405
2.062
1.344
0.787
1.058
1.149
1.081
0.939
1.155
1.319
1.544
1.598
1.644
1.627
1.766
1.628
2.230
2.084
2.363
1.386
0.923
1.263
1.599
1.513
0.947
1.311
1.476
1.433
1.291
1.286
1.109
2.739
2.264
1.708
0.949
1.180
1.189
0.877
1.141
1.139
1.349
1.616
1.744
2.143
2.038
1.528
1.306
1.439
1.102
1.151
0.940
1.089
1.009
1.186
1.247
1.112
1.597
1.692
1.080
0.963
1.149
1.825
1.783
2.228
2.838
1.364
1.063
0.619
1.527
1.623
1.639
1.065
0.804
1.298
1.179
1.019
1.117
1.217
0.931
0.872
0.936
0.821
1.335
1.323
1.195
1.327
1.343
1.674
1.735
1.449
1.212
1.295
1.143
2.162
1.363
1.331
1.189
1.874
1.442
1.225
0.855
1.136
1.000
1.292
1.246
1.495
1.294
0.580
1.551
1.097
0.965
0.933
1.275
1.448
1.521
0.992
1.144
1.235
1.020
1.353
0.994
1.019
1.263
0.918
1.050
1.199
1.029
1.237
2.044
0.956
1.879
1.982
1.230
1.475
1.074
1.165
0.894
1.453
1.417
1.272
1.207
1.596
1.399
1.143
1.182
1.199
1.231
1.258
1.136
1.298
1.277
1.196
0.991
1.444
1.206
0.939
1.691
1.069
1.723
1.384
1.628
1.687
1.240
1.211
1.079
1.086
1.381
1.924
1.567
1.275
1.793
1.436
1.943
1.677
1.287
1.391
1.572
1.228
1.585
1.567
1.483
1.342
1.298
1.205
1.441
0.774
1.400
1.499
1.480
1.100
1.003
1.013
1.052
0.800
1.443
1.441
1.620
1.826
1.033
1.020
1.149
1.180
1.305
1.284
1.335
0.973
1.401
1.177
1.394
1.913
2.032
1.848
1.595
1.447
1.607
1.996
1.304
1.652
0.767
1.238
1.169
1.225
1.269
1.078
1.049
1.141
0.908
0.810
1.122
1.385
1.218
1.237
1.093
1.256
1.021
1.417
1.229
1.702
1.834
1.285
1.154
1.494
1.104
1.164
0.947
0.867
1.190
1.230
1.450
1.649
1.179
1.112
1.017
1.217
1.448
0.846
0.757
1.559
1.640
1.230
1.231
0.919
0.980
0.922
1.097
0.931
0.749
0.759
0.894
0.851
0.876
0.722
1.152
1.201
0.784
1.072
1.660
1.329
1.392
1.422
0.909
1.049
1.205
1.026
0.926
0.839
0.936
1.242
1.557
1.648
1.600
1.682
1.511
1.727
1.042
0.912
1.551
1.553
0.910
1.204
1.235
1.068
1.110
1.033
1.244
1.052
0.581
1.830
2.440
1.544
1.145
1.109
1.078
1.520
1.550
1.575
0.644
2.675
1.833
1.358
0.653
1.015
1.308
0.948
0.935
0.838
1.108
1.157
0.924
0.681
0.902
1.615
1.517
1.737
1.928
1.155
0.900
1.231
1.338
1.202
0.721
0.953
0.890
0.793
2.141
1.799
1.400
1.767
0.916
1.166
1.786
2.110
1.891
1.457
1.308
1.405
1.599
1.084
1.172
0.792
1.261
1.539
0.968
1.024
1.319
1.234
1.127
1.351
0.837
1.044
1.089
1.420
0.919
1.454
1.529
1.691
2.162
1.733
1.246
0.941
1.441
1.875
1.075
1.526
1.228
0.959
1.692
1.485
0.959
1.267
1.284
1.054
1.569
1.749
1.498
1.117
1.386
0.896
1.017
1.163
1.348
0.662
1.140
0.859
1.179
0.923
1.050
2.445
2.629
1.326
1.171
1.532
1.528
1.332
1.537
1.744
1.511
1.097
0.944
0.876
1.488
1.683
1.357
2.536
1.614
1.040
1.344
1.524
1.542
1.429
1.597
1.391
1.746
1.563
1.136
2.206
2.290
2.584
1.658
1.079
0.741
0.907
1.325
1.147
0.771
1.205
1.160
1.355
1.515
1.086
1.101
1.400
1.373
1.666
1.270
1.342
1.302
1.285
1.625
1.261
1.517
1.148
1.188
1.110
1.594
1.669
1.463
1.967
1.129
2.583
1.712
1.064
1.051
1.014
1.407
1.831
1.653
1.521
1.538
2.086
1.468
1.005
1.366
1.863
1.575
2.241
1.840
2.012
1.253
1.101
1.442
1.845
1.502
1.850
1.395
1.637
1.497
1.449
1.095
1.654
1.516
1.248
1.663
0.951
1.358
1.297
1.244
1.617
1.457
1.686
1.519
0.945
1.704
1.500
1.643
1.719
1.265
1.354
1.410
1.303
1.753
1.542
1.371
1.901
1.221
1.172
2.142
2.095
1.869
1.901
0.885
1.685
1.587
1.907
1.450
1.486
1.328
0.926
1.108
1.190
1.432
1.035
1.164
1.065
0.958
0.993
1.170
0.980
1.087
1.325
1.854
1.817
1.895
1.099
0.935
1.273
1.412
1.026
0.847
1.332
1.019
1.706
1.293
1.192
1.054
1.186
1.347
1.422
1.408
1.336
1.085
1.530
1.210
1.419
1.751
1.891
1.908
1.896
1.755
1.406
1.337
1.395
2.182
1.717
1.207
1.630
1.373
1.291
0.888
1.498
1.293
0.896
1.349
1.351
1.340
0.838
1.109
1.128
1.317
1.113
1.049
1.280
0.625
1.000
1.300
1.879
2.560
2.199
1.633
1.510
1.378
1.220
0.997
0.885
1.469
1.512
1.182
0.893
1.296
1.563
0.959
1.101
1.175
1.095
0.856
0.876
1.184
1.269
1.290
1.136
1.279
0.947
0.538
1.091
1.324
0.949
1.158
1.392
0.918
0.945
1.074
0.893
1.059
1.832
1.810
1.328
1.292
0.937
0.802
0.936
1.094
1.850
1.169
1.234
1.640
1.285
1.118
1.695
1.473
1.202
1.269
1.447
1.007
0.989
1.119
0.943
0.970
0.848
0.858
0.878
1.024
1.534
1.080
1.029
1.738
0.870
1.052
1.669
1.290
1.701
1.952
1.795
1.323
1.070
1.053
1.051
1.064
1.109
0.959
1.209
1.043
1.161
1.236
1.255
1.581
1.812
1.809
1.186
0.565
1.023
1.119
0.969
0.967
1.776
1.108
1.059
0.744
0.572
1.028
1.401
0.936
1.573
1.202
1.022
0.839
1.004
1.042
0.562
1.461
1.402
0.942
1.114
0.750
1.300
2.284
2.155
1.991
2.362
1.817
0.974
0.591
1.255
1.428
0.961
0.860
1.023
1.140
1.344
1.497
1.377
1.163
0.919
1.587
1.344
1.594
1.500
1.020
0.957
1.096
1.183
1.121
3.426
2.673
1.657
0.904
1.518
1.087
1.373
1.044
1.051
1.330
1.442
1.048
2.344
2.192
1.679
0.871
0.686
1.778
1.346
1.022
0.972
1.344
0.819
1.857
2.095
1.197
0.803
0.927
0.993
1.204
1.907
2.297
1.760
1.777
1.539
1.221
1.342
1.206
1.790
1.253
0.818
1.212
1.835
1.106
1.360
1.614
1.784
1.761
1.269
1.896
1.013
1.120
1.512
1.546
1.264
1.264
0.981
1.352
1.474
1.260
0.851
2.170
2.477
1.274
1.427
1.384
1.763
1.948
1.569
1.038
2.039
1.373
1.440
1.245
2.918
2.224
1.030
1.283
0.979
0.938
1.652
1.456
0.948
1.313
1.167
1.362
1.356
1.366
0.785
1.262
1.298
1.432
1.208
1.863
1.480
1.532
1.246
1.621
1.710
1.628
1.328
0.785
1.215
1.673
1.767
1.491
1.101
1.051
1.430
1.915
1.390
1.960
2.237
1.908
1.132
1.532
1.463
1.179
1.142
1.332
1.387
1.049
0.738
1.028
0.923
1.623
1.467
1.671
1.422
1.235
0.864
1.782
1.433
1.439
1.262
1.078
1.541
1.586
1.694
2.073
1.205
1.363
1.150
1.367
0.612
1.529
1.215
1.437
1.266
0.980
1.401
1.255
0.931
1.009
1.371
1.404
1.303
1.398
0.897
0.956
1.521
1.298
1.585
1.437
1.113
1.139
1.068
1.373
1.210
1.119
1.128
1.320
1.612
1.297
2.076
1.805
2.165
1.859
1.790
1.682
1.632
1.693
2.188
2.297
1.677
1.009
1.207
1.291
1.190
1.422
1.651
1.445
1.628
1.143
0.844
1.446
0.834
1.098
1.658
1.243
1.110
1.243
1.029
1.434
1.729
1.506
0.556
0.921
0.781
0.726
1.484
1.259
1.652
1.902
1.864
1.734
1.970
1.227
1.342
1.539
1.049
1.288
1.248
0.782
1.689
1.481
0.966
1.078
1.011
1.377
1.191
1.091
1.131
1.004
1.304
0.984
1.021
0.627
1.059
1.601
0.827
1.088
1.334
1.355
1.058
1.253
1.264
0.818
1.211
1.853
1.320
1.017
0.866
0.717
1.012
1.173
0.643
1.347
0.876
0.647
0.962
0.784
1.037
1.054
0.762
0.840
1.173
1.688
1.457
1.179
0.974
0.976
1.013
1.096
1.434
1.596
1.469
1.114
0.901
0.918
1.021
1.534
1.526
1.060
1.458
1.567
1.431
1.378
1.479
1.246
1.314
1.507
0.982
0.842
1.032
1.042
1.385
1.043
0.751
0.746
1.539
1.252
1.063
1.124
0.827
1.352
1.069
0.924
0.802
1.256
1.784
1.743
1.896
1.739
1.309
1.480
1.457
1.091
1.001
0.935
1.021
0.848
0.818
0.889
1.027
1.040
1.035
1.487
1.299
2.413
1.772
1.888
1.514
0.949
0.846
1.160
0.938
0.735
0.873
0.956
1.136
1.928
1.766
1.372
1.029
2.335
1.271
0.969
1.557
1.535
1.405
1.747
1.622
1.230
1.274
1.197
1.119
1.242
1.671
1.531
1.520
1.429
1.463
1.320
1.031
1.227
1.138
1.636
1.299
1.715
1.486
1.277
0.770
1.064
0.677
0.989
1.136
1.157
1.089
0.882
1.402
0.852
1.386
1.485
1.098
1.808
1.537
1.711
1.851
1.058
1.010
0.921
1.080
0.884
1.182
0.878
0.966
1.207
1.694
1.315
0.921
1.263
0.968
2.592
1.622
2.355
2.718
2.407
1.715
0.790
0.737
0.728
1.298
1.436
1.679
1.570
1.539
1.672
1.094
1.579
1.122
1.665
1.452
1.108
1.457
1.381
1.382
1.103
1.600
1.680
1.111
1.204
1.425
1.705
1.840
1.166
1.593
1.618
1.750
1.444
0.881
1.497
1.600
1.010
1.088
1.303
1.238
1.593
1.352
1.533
1.371
1.284
1.208
1.434
1.280
1.211
1.098
0.826
1.700
1.690
1.192
1.050
1.650
2.183
2.057
1.411
1.666
1.450
1.048
1.597
0.955
1.318
1.046
1.652
1.482
1.536
1.593
1.418
1.547
1.146
1.346
0.912
1.367
1.722
1.678
1.865
1.534
1.659
1.391
1.069
1.461
1.656
1.443
0.824
0.824
0.718
1.219
1.364
1.110
1.845
1.267
1.573
2.111
1.956
1.182
1.011
0.976
1.027
1.660
1.248
1.613
1.628
1.423
1.049
1.145
1.502
1.724
1.713
1.605
1.777
2.246
2.006
1.358
1.823
1.690
1.282
1.493
1.223
1.362
1.632
1.756
1.988
2.310
2.070
1.843
1.209
1.183
1.155
0.698
1.049
1.013
1.443
1.615
0.610
0.959
1.259
1.496
1.624
2.061
1.752
1.667
1.455
1.541
0.899
0.997
1.236
1.442
2.114
1.686
0.957
1.100
0.982
1.169
0.922
1.201
1.697
0.961
0.998
1.674
1.089
1.068
1.456
1.639
1.196
0.903
1.229
1.141
1.316
1.567
1.347
0.996
1.149
1.215
1.033
1.030
1.229
1.428
1.192
1.083
1.120
1.187
1.570
1.220
1.993
1.574
1.938
1.073
1.770
1.683
2.140
1.706
1.332
0.991
0.913
1.123
1.400
1.451
1.685
1.363
1.187
1.212
0.629
0.812
1.301
0.914
0.896
1.187
1.303
0.904
1.002
1.482
1.069
0.666
1.657
0.969
0.806
0.996
1.150
1.026
0.784
1.034
1.172
1.444
1.482
1.349
1.114
1.079
1.134
1.049
0.552
1.086
0.654
0.875
1.907
2.233
1.409
1.545
1.298
1.069
0.874
0.678
1.268
1.219
1.068
0.761
0.975
0.953
1.097
0.971
1.812
1.226
1.030
1.020
0.773
0.819
1.232
0.947
0.985
1.442
1.311
1.190
2.032
1.330
0.934
0.937
1.402
1.827
1.647
1.733
1.429
1.179
1.004
1.367
1.268
1.532
1.249
1.585
2.705
2.343
1.989
1.650
1.322
0.781
0.777
1.153
1.189
1.328
1.225
0.987
1.019
0.547
2.341
1.847
0.986
2.206
1.665
1.399
0.934
1.079
0.963
0.930
1.407
1.864
1.240
2.062
1.602
1.214
0.883
1.304
1.534
1.845
1.260
1.188
1.070
1.366
1.126
1.114
2.469
1.523
0.682
0.789
1.171
1.296
0.885
0.898
0.761
1.051
0.771
1.509
1.386
1.423
1.426
2.149
1.838
1.555
1.184
1.055
1.227
0.991
0.974
1.351
1.296
1.361
1.065
1.029
0.821
1.255
0.779
1.642
1.105
1.101
1.396
1.294
0.889
0.875
1.136
1.173
1.857
1.672
1.165
1.142
1.014
1.241
1.269
0.847
1.142
1.301
1.443
1.345
1.015
1.451
1.921
1.434
1.147
1.959
1.294
1.269
1.594
1.156
1.172
1.662
1.056
1.393
2.497
1.193
1.285
1.670
1.798
1.728
1.417
1.554
1.504
2.039
1.170
1.792
1.220
1.656
1.071
1.264
1.392
1.316
1.675
1.872
1.205
2.743
2.876
1.748
0.901
1.022
1.220
1.818
2.255
1.877
1.157
1.414
0.905
1.163
1.043
1.542
1.366
0.865
1.148
1.631
1.164
1.743
1.622
2.039
1.115
0.929
1.260
1.804
1.236
1.609
1.533
1.455
1.280
1.259
1.589
1.309
0.951
1.417
1.347
1.585
1.374
1.105
0.956
1.000
0.693
1.154
1.309
0.784
0.848
1.398
1.583
1.757
1.689
1.824
1.379
0.930
1.025
1.052
1.121
1.580
1.636
1.089
1.241
1.096
1.538
1.588
1.673
1.247
1.221
1.035
1.466
1.620
1.667
1.348
1.246
0.825
1.222
0.534
1.215
1.245
1.271
0.786
1.202
1.330
1.351
0.868
0.770
1.210
1.853
1.657
1.730
1.828
1.804
1.601
2.049
1.571
1.236
1.267
1.122
0.929
1.251
1.540
1.254
0.820
1.436
1.858
1.717
1.994
1.925
1.393
1.418
1.237
0.935
1.324
1.497
1.299
2.172
1.158
1.300
1.260
1.621
1.638
0.953
0.736
0.917
0.889
1.172
1.184
1.055
1.153
0.933
1.243
1.038
1.492
1.576
1.609
1.468
1.206
1.308
0.781
1.401
1.799
0.949
0.727
1.293
1.444
1.057
1.381
0.949
0.755
0.587
0.846
1.144
1.646
1.237
1.240
1.118
1.341
1.313
1.967
1.327
1.025
1.224
1.671
1.358
1.257
1.659
1.942
2.069
1.890
1.388
0.947
1.269
1.023
1.466
0.928
1.172
1.387
1.425
1.258
1.515
1.041
0.844
1.117
0.721
0.907
1.068
0.909
0.772
0.822
1.372
1.873
1.400
0.950
1.555
1.117
1.103
1.233
1.228
1.323
1.216
1.039
1.335
1.099
1.125
0.694
0.614
0.741
1.154
1.098
2.479
2.052
1.094
0.774
1.047
0.809
0.934
1.187
0.732
0.961
0.817
0.853
1.372
1.394
0.990
1.119
0.767
0.980
0.909
1.109
1.132
0.860
1.115
0.986
1.396
1.411
1.665
1.451
1.280
1.067
0.864
1.019
1.855
2.179
1.519
1.186
1.332
1.436
1.392
1.402
1.251
0.903
0.963
1.376
1.623
1.034
0.948
1.034
1.182
1.510
1.919
1.433
1.141
0.512
1.439
1.448
0.956
1.168
0.801
1.308
1.091
0.905
1.196
0.921
1.427
0.985
1.329
1.641
1.474
1.222
0.923
1.029
1.463
1.423
0.881
1.218
1.232
1.401
1.397
2.896
1.924
1.198
1.000
0.687
1.058
1.067
1.080
1.094
0.964
1.205
0.848
1.093
1.178
0.948
1.405
1.087
0.936
1.095
1.421
1.048
0.809
1.024
0.884
1.415
1.081
2.084
1.585
1.552
1.320
0.711
1.399
1.726
1.061
2.398
2.077
1.361
1.188
1.272
1.284
2.761
3.358
2.082
1.059
0.791
0.930
1.315
1.381
0.958
1.118
1.318
1.160
1.193
1.076
0.917
1.564
1.265
1.499
1.308
1.467
1.390
1.441
1.737
1.960
2.379
2.095
1.473
1.623
1.324
1.032
1.359
1.442
1.754
1.975
1.636
1.042
1.509
1.003
1.074
0.989
1.132
1.313
1.432
1.042
1.084
1.219
1.301
1.087
1.966
1.132
2.285
2.785
1.801
1.037
1.007
0.908
1.333
1.395
0.829
1.468
1.515
1.378
1.554
1.695
1.828
1.332
1.236
1.122
0.953
1.079
1.532
1.165
1.549
1.917
2.085
1.730
1.007
1.692
1.218
1.928
1.661
1.499
1.098
1.468
1.613
1.563
1.229
2.492
2.767
1.084
1.480
1.464
1.282
0.753
0.967
1.513
1.500
1.443
1.165
0.691
1.631
1.315
0.941
1.275
1.231
1.402
0.927
0.886
1.292
1.588
1.396
0.849
1.303
1.801
1.504
1.115
1.102
1.167
1.140
1.320
1.363
1.474
1.561
1.084
1.161
1.782
1.744
1.368
1.346
1.315
1.647
1.476
1.200
1.309
1.155
1.347
1.329
1.779
1.303
1.509
1.630
1.470
1.600
1.714
1.350
1.037
0.883
1.471
1.006
0.977
1.367
1.187
1.358
1.846
1.301
1.776
1.220
1.114
0.986
1.268
2.151
1.712
1.355
1.878
1.258
1.085
1.271
1.088
1.625
1.402
1.038
0.982
1.647
2.368
2.115
1.864
1.644
1.899
1.820
1.671
1.460
1.431
1.351
1.311
1.147
1.111
1.569
1.624
1.022
0.893
0.987
1.081
1.520
1.054
0.760
1.141
1.261
1.712
1.418
1.193
0.976
1.010
1.581
1.366
0.976
1.219
0.887
1.277
1.420
1.663
1.573
2.018
2.330
1.664
1.315
1.675
1.940
1.648
0.826
0.914
1.207
0.998
0.925
0.739
1.032
1.108
1.631
0.846
0.842
1.037
1.019
1.214
1.399
1.782
1.339
0.695
1.009
1.013
0.749
0.668
1.178
1.426
1.098
0.918
1.120
0.795
0.917
1.536
1.318
1.453
1.701
1.274
1.437
1.274
1.231
0.895
1.470
1.228
1.022
1.011
1.291
1.692
1.304
0.700
0.737
0.682
1.319
1.219
1.090
1.069
0.954
1.206
0.617
0.902
0.982
1.228
1.533
1.431
2.011
1.597
1.740
1.294
0.982
1.124
0.932
1.065
1.355
1.289
1.119
0.891
0.881
1.057
1.223
1.229
1.282
1.164
1.379
0.769
1.043
1.230
1.129
0.983
1.199
1.449
1.520
1.557
1.691
1.143
1.276
1.238
1.017
1.132
1.552
0.833
1.133
1.478
1.447
1.465
1.248
1.565
1.752
1.629
1.417
1.576
1.158
1.356
1.265
0.899
1.441
1.755
1.912
1.814
1.369
2.893
2.598
1.404
1.227
0.998
1.339
1.373
1.374
1.900
1.483
1.696
2.043
2.051
0.867
1.673
1.129
0.927
0.935
1.268
1.352
1.461
1.282
1.180
1.286
1.130
1.090
0.978
0.847
1.153
0.890
1.202
1.464
1.204
1.501
1.549
1.105
1.189
0.999
1.173
1.174
1.326
1.331
1.472
1.611
1.576
1.802
1.991
2.176
2.049
1.714
1.512
1.481
1.199
2.018
1.271
1.263
1.494
1.762
1.703
1.764
1.974
2.047
1.745
1.925
1.493
1.460
0.947
0.901
1.292
1.245
1.477
1.165
0.954
1.307
1.610
2.877
2.119
1.683
0.970
1.182
1.276
0.972
1.327
1.772
1.527
1.454
1.401
1.024
1.825
1.466
1.467
1.826
1.616
1.664
0.941
1.076
1.342
1.544
1.111
0.971
1.312
1.351
1.616
1.606
1.007
0.986
1.140
1.358
1.386
1.363
1.180
1.426
1.960
1.987
1.698
2.050
1.515
1.440
1.916
1.920
1.256
1.035
1.342
1.750
1.656
1.500
1.760
1.896
1.754
1.627
1.845
1.446
1.483
0.765
1.448
1.401
1.181
1.651
0.960
1.595
1.410
1.293
1.198
1.687
1.975
2.013
1.689
1.211
1.477
1.528
1.836
1.592
2.098
2.643
2.217
2.402
2.316
1.353
1.731
1.040
1.355
1.424
1.758
1.610
1.592
1.478
1.496
1.668
1.571
1.506
1.560
1.536
1.474
1.579
2.080
1.828
1.488
1.094
1.641
2.056
2.128
1.709
1.745
1.215
1.034
1.072
0.841
0.695
0.656
0.921
0.929
0.789
0.838
1.054
1.451
1.110
0.953
1.466
1.133
1.137
1.631
1.919
2.324
2.182
1.646
2.203
1.833
1.807
0.902
1.038
1.448
1.509
1.397
1.585
1.327
1.276
0.689
1.301
1.337
1.432
1.229
1.149
0.750
1.010
1.089
1.089
0.934
1.338
1.081
1.108
0.925
1.309
1.128
0.955
0.706
1.218
1.640
1.305
0.900
0.991
1.429
1.770
1.577
1.519
1.347
0.735
1.113
1.052
0.992
0.764
0.792
0.864
0.955
1.438
1.468
1.561
0.633
0.855
0.912
0.815
1.173
1.274
1.130
0.887
1.050
1.206
0.795
0.762
1.077
1.254
1.300
0.811
0.909
0.727
1.142
1.182
1.028
1.232
1.419
1.356
1.235
1.619
1.374
1.522
1.807
1.578
0.918
1.447
0.910
0.928
1.252
1.162
1.053
1.055
1.221
1.019
1.284
1.805
1.122
0.878
0.925
1.433
1.563
0.951
1.504
1.449
1.645
0.904
1.266
1.408
0.899
1.108
1.029
1.264
1.752
1.467
1.245
1.655
1.741
1.334
1.017
1.260
1.343
1.221
1.130
0.894
1.047
1.114
1.443
1.068
0.974
0.975
0.916
0.850
0.728
0.871
1.027
1.124
1.550
1.483
1.642
2.545
2.077
2.286
1.769
1.546
0.999
1.368
0.885
1.720
1.979
1.244
0.925
1.139
1.353
1.358
1.591
1.764
1.088
1.076
1.095
1.433
1.193
1.520
1.288
1.142
1.063
0.943
0.865
1.331
1.610
1.326
1.522
1.757
1.434
1.003
1.221
0.782
1.096
0.967
2.190
2.454
0.900
1.047
1.161
0.668
0.831
1.019
0.711
1.320
1.141
1.136
1.706
1.177
1.417
1.151
1.496
1.374
1.353
1.340
1.151
1.248
1.162
0.989
1.952
2.327
1.539
1.334
1.536
1.976
2.094
1.653
1.450
1.639
1.275
1.278
1.537
1.430
0.994
1.250
1.233
0.924
1.360
1.295
1.511
1.040
1.260
1.302
1.258
1.235
2.180
2.637
1.792
1.016
1.379
1.136
1.412
0.966
1.591
1.482
1.683
1.741
1.354
1.229
1.236
1.990
2.081
1.715
1.013
1.506
1.077
1.182
1.802
1.442
1.176
1.050
1.054
1.087
1.544
1.239
1.241
1.059
1.522
1.477
1.469
2.029
1.586
1.282
1.276
0.837
1.207
1.205
1.661
1.155
1.175
1.124
1.615
1.370
1.266
0.963
1.261
1.357
1.892
1.317
1.638
1.239
1.764
1.318
1.037
2.056
2.073
1.790
1.260
1.206
1.203
0.783
0.900
1.563
1.245
1.409
1.780
1.104
1.002
1.131
1.379
1.429
1.398
1.607
0.721
1.367
1.233
1.862
1.089
1.220
1.042
1.185
1.784
0.981
1.424
0.906
1.050
0.786
1.339
0.986
0.937
0.914
1.138
1.126
0.779
1.586
2.224
1.341
1.259
1.094
1.052
1.171
1.757
1.793
1.242
1.045
1.132
1.152
1.552
1.348
1.186
0.756
1.355
1.284
1.236
1.123
1.075
1.387
1.289
1.252
1.014
1.009
1.496
1.325
1.283
1.442
1.131
1.316
1.491
1.509
1.611
1.420
1.516
1.378
1.088
0.998
1.203
1.013
1.402
1.489
1.133
0.544
0.690
1.569
1.104
1.295
1.078
1.019
1.685
1.246
0.712
0.810
1.079
1.825
1.569
1.415
1.524
1.644
1.102
1.171
1.503
1.685
1.567
0.905
1.142
0.888
0.746
0.695
1.024
0.959
0.832
1.381
1.122
1.133
0.795
0.881
1.020
1.260
1.213
1.065
1.196
1.157
0.794
1.097
1.067
1.203
1.805
1.525
0.930
0.771
0.663
1.036
1.250
0.959
1.474
1.075
0.828
1.245
1.110
0.994
1.093
1.133
1.134
1.275
1.393
0.969
0.782
1.787
1.458
1.121
0.815
1.030
0.833
0.948
1.004
0.875
0.843
1.231
1.366
0.920
1.165
1.186
1.290
0.852
0.754
0.944
1.483
1.282
0.781
1.136
1.515
0.985
1.137
1.142
1.027
0.879
0.893
1.191
1.290
1.346
1.185
1.714
1.793
1.717
1.072
1.847
0.608
0.939
0.645
0.792
0.946
1.362
1.392
1.027
0.852
0.859
1.219
0.906
1.448
1.358
1.593
1.348
1.352
1.282
0.940
1.001
1.232
1.023
1.320
1.875
1.214
0.684
1.149
1.690
1.758
1.316
1.909
2.011
1.848
1.789
1.083
1.190
1.565
1.425
1.373
1.029
1.107
1.138
1.291
1.086
1.058
1.166
1.378
0.985
1.039
0.632
0.760
1.422
1.126
1.017
0.905
1.461
0.840
1.349
1.734
2.034
1.855
1.844
1.514
1.214
1.186
1.088
2.129
1.262
1.707
1.598
1.484
1.260
1.182
1.449
1.563
1.351
1.002
1.208
1.294
1.713
1.036
0.992
1.166
1.092
1.091
1.112
1.398
1.942
1.506
1.814
1.255
1.061
1.467
1.594
1.488
1.181
1.400
1.729
1.726
0.704
1.046
2.234
1.861
1.210
1.208
1.892
1.945
1.591
1.417
0.900
1.275
1.447
1.237
1.970
1.758
1.391
1.223
1.049
1.522
1.509
1.900
1.345
1.472
1.864
1.616
1.203
0.782
1.421
1.172
1.535
1.573
1.024
1.705
1.781
0.963
2.048
1.454
1.906
1.448
1.240
1.224
0.973
0.888
1.591
1.844
1.266
0.932
1.821
1.526
1.776
1.263
1.741
1.234
1.717
1.621
1.597
1.435
1.246
1.042
1.045
1.316
1.034
1.148
1.853
1.938
2.128
2.590
1.920
1.384
1.465
1.985
2.076
1.118
1.319
0.996
1.392
1.218
1.407
1.865
2.064
1.865
1.358
1.497
1.683
1.690
1.472
2.041
1.600
1.586
1.811
1.457
1.854
2.011
1.679
1.849
1.501
1.395
1.400
1.946
1.768
1.697
1.432
0.724
1.154
1.237
1.558
1.315
0.933
0.789
1.064
1.468
1.633
1.165
1.310
1.296
1.190
0.813
0.977
1.295
1.764
2.178
1.648
1.858
1.724
1.904
2.018
1.915
2.355
1.899
1.878
1.626
1.992
1.178
1.319
1.475
1.560
1.313
1.358
1.558
1.781
1.726
1.776
1.684
1.832
1.651
1.305
1.344
1.464
0.833
1.411
0.893
0.872
1.026
1.528
1.462
0.812
0.777
1.115
1.234
1.174
0.835
1.116
0.820
1.125
1.285
1.532
1.630
0.881
1.002
1.571
1.330
1.165
1.524
1.373
0.859
1.762
1.106
1.218
1.439
0.862
0.855
1.304
1.190
0.778
1.230
0.821
1.178
0.849
0.891
0.827
1.108
1.723
1.251
0.931
1.174
1.385
1.219
0.959
1.354
1.375
0.746
0.796
0.961
1.365
1.478
1.584
1.668
1.865
1.467
1.102
0.791
1.325
1.417
0.863
1.406
1.300
0.819
0.713
1.416
1.141
0.899
0.917
0.875
1.873
2.318
1.992
1.638
1.193
0.796
1.128
1.814
1.022
1.584
1.267
1.102
1.373
1.068
0.819
0.943
0.947
1.143
1.070
0.845
0.638
0.878
1.112
0.992
0.753
2.306
1.990
1.297
1.372
1.018
0.985
0.751
0.876
1.063
1.146
0.876
0.795
0.920
1.216
0.857
1.573
1.835
1.253
1.585
0.749
1.115
1.007
0.920
1.173
0.845
0.978
0.926
1.303
1.161
1.232
1.051
0.983
0.842
1.259
0.887
0.905
1.171
1.000
1.389
1.072
1.224
1.051
1.191
1.069
1.321
1.123
1.582
1.293
1.392
1.228
0.938
0.996
1.476
1.033
1.300
1.102
0.957
1.197
1.013
1.288
1.688
1.728
1.344
1.375
1.227
0.957
2.313
2.176
1.751
0.971
1.101
1.397
1.879
0.998
0.749
1.611
1.124
1.217
1.207
0.864
0.922
1.721
1.421
0.741
0.981
1.587
1.091
1.151
1.395
1.358
1.596
1.960
1.696
1.123
1.218
2.143
2.428
1.551
0.959
1.079
1.241
1.413
1.764
2.053
1.203
0.931
0.890
1.361
1.289
1.619
1.324
2.329
2.231
1.898
2.435
2.283
1.638
0.797
1.142
1.104
0.794
1.255
1.325
1.361
1.786
2.233
1.252
3.668
2.521
1.115
0.809
2.050
1.160
0.750
1.615
1.132
1.646
1.113
0.786
1.437
1.533
1.617
1.315
1.264
1.418
1.071
1.718
1.467
1.548
0.855
1.105
1.112
0.991
0.948
1.100
1.589
1.868
1.644
1.686
1.991
1.930
1.967
1.691
1.313
1.236
1.664
1.141
1.088
1.400
1.739
1.161
1.780
1.788
1.813
1.478
1.679
1.782
1.502
0.926
1.170
2.655
1.523
0.929
1.462
1.331
0.984
1.425
1.557
0.779
1.177
1.226
0.853
1.016
1.453
1.750
2.269
1.843
0.971
0.889
1.427
1.271
1.504
1.596
1.529
1.666
1.501
2.007
1.996
1.268
1.151
2.032
1.533
1.389
1.479
1.706
1.296
2.046
1.644
2.309
1.477
0.768
1.143
0.851
1.413
0.854
1.396
1.098
0.715
1.358
1.635
1.763
1.072
1.110
1.186
1.137
1.904
1.181
1.059
1.087
0.998
0.920
0.999
1.213
1.154
1.392
1.414
1.405
1.871
1.944
1.770
1.243
0.962
1.407
1.570
1.520
1.119
1.166
1.487
1.090
1.383
1.844
1.265
0.780
1.314
1.421
1.508
1.362
1.182
1.315
1.472
1.500
1.144
1.469
1.603
1.738
1.308
0.680
0.598
0.750
1.293
1.112
1.300
1.460
1.852
1.303
1.267
1.379
1.439
1.227
1.101
1.452
2.269
1.509
1.649
1.571
1.102
1.336
1.114
1.036
1.330
1.289
1.784
1.879
0.846
1.050
1.342
1.755
1.130
0.776
0.691
0.999
1.331
1.368
1.136
0.818
1.021
1.249
1.960
1.172
0.586
0.733
1.143
0.952
1.109
0.957
1.034
1.130
1.191
0.738
0.922
0.941
0.925
0.979
1.184
1.060
0.952
1.568
1.428
1.065
1.116
0.906
0.801
1.105
0.898
1.212
1.524
1.351
0.913
0.790
0.803
0.539
1.043
1.294
1.071
1.033
1.366
1.519
1.333
1.047
1.036
0.867
1.150
1.024
0.725
1.643
2.445
2.439
2.217
1.630
0.985
1.224
1.266
1.447
0.861
2.106
2.211
1.448
1.243
1.739
1.851
1.653
1.000
1.181
1.134
0.807
0.993
1.730
1.737
1.792
1.020
0.670
1.014
1.420
1.888
1.850
1.194
0.894
0.970
0.851
0.669
1.414
1.534
0.927
1.979
1.876
0.988
0.825
0.960
1.143
1.145
1.112
1.383
1.123
1.514
1.128
1.368
1.552
1.458
1.288
1.118
1.358
1.216
1.279
1.211
1.090
1.044
1.062
1.228
1.350
1.439
1.574
1.507
1.410
1.223
1.586
1.522
0.794
1.207
1.471
1.687
1.225
0.854
1.021
1.199
1.209
1.159
1.211
1.124
0.895
1.310
1.145
2.320
1.900
1.205
1.727
1.692
1.355
1.125
1.543
1.821
2.577
1.540
1.191
0.887
0.629
1.066
1.512
1.536
1.264
1.220
0.875
1.149
1.561
1.181
0.927
0.895
1.572
1.439
1.379
1.635
0.640
0.774
1.246
1.217
1.181
1.077
1.300
1.027
1.345
1.710
1.559
1.024
1.939
1.336
1.528
2.578
2.544
1.030
1.183
1.005
1.060
1.384
1.479
1.360
1.248
1.391
0.968
1.589
1.135
1.361
1.246
1.537
1.414
1.218
1.191
1.039
1.142
1.611
1.216
1.067
1.593
1.865
1.316
1.465
1.870
1.464
1.712
1.089
1.123
1.611
1.776
1.509
0.966
1.436
1.740
1.115
1.579
2.227
2.416
2.074
1.363
1.610
1.315
1.236
0.932
0.709
1.734
1.792
1.861
1.244
1.312
1.991
1.290
1.476
1.621
1.281
1.344
1.435
1.019
1.659
1.406
1.137
1.220
0.983
1.119
0.863
1.331
1.497
0.858
1.050
1.461
1.789
1.671
1.180
1.106
0.986
1.279
1.029
1.207
1.191
1.250
1.584
1.365
1.603
0.826
0.998
1.085
1.191
1.093
1.444
1.711
1.373
1.259
1.366
1.396
1.268
1.550
1.685
1.769
1.418
1.116
0.741
1.109
1.681
1.345
1.311
1.658
1.693
1.123
1.118
1.594
1.789
1.153
1.295
1.348
1.229
1.328
1.388
1.620
2.199
2.391
1.153
1.894
1.072
1.553
1.127
1.559
1.623
1.630
1.868
2.107
1.466
0.867
1.214
1.259
1.415
1.331
1.846
2.072
1.872
1.278
1.286
1.111
1.176
1.171
0.933
0.560
1.325
1.286
1.306
0.812
1.455
1.140
1.161
1.664
0.905
1.298
0.878
1.057
1.441
0.998
0.759
0.913
1.159
1.098
0.507
1.054
1.652
1.341
1.507
1.525
1.764
1.628
1.374
1.089
1.127
1.517
2.018
1.441
1.292
0.761
1.410
1.362
1.059
1.013
1.483
1.225
1.144
1.259
0.907
1.089
0.851
1.046
1.251
1.256
1.106
1.147
1.314
1.153
1.578
1.141
0.867
0.878
1.054
0.791
0.715
1.060
1.127
1.579
1.193
1.112
1.740
0.823
1.103
0.750
0.954
0.887
1.092
0.895
0.951
0.795
2.363
1.664
1.303
1.266
2.286
1.658
1.326
0.789
1.430
1.321
1.025
0.834
1.347
1.392
1.180
1.146
0.731
1.172
1.285
1.568
1.018
1.198
1.434
1.537
1.610
1.289
1.181
1.577
2.285
1.520
0.858
0.697
1.097
1.228
1.089
1.337
1.108
1.081
0.867
1.080
1.490
1.360
1.018
0.752
0.944
1.143
1.434
1.360
1.494
0.923
1.025
1.114
1.247
1.493
1.447
1.052
2.036
1.321
1.559
0.725
1.043
1.370
1.580
1.603
1.296
1.098
1.036
1.328
1.511
1.463
1.196
2.636
2.423
1.551
1.809
1.595
1.392
1.230
0.969
1.354
1.512
1.578
1.463
2.442
2.594
1.093
1.410
1.704
1.147
1.440
2.070
1.869
1.051
0.993
0.990
1.102
1.213
1.330
1.409
1.219
1.717
0.903
1.011
1.297
2.482
3.137
2.092
1.581
0.878
1.109
1.349
1.516
0.609
1.075
0.959
0.854
1.128
1.163
1.443
1.784
1.026
2.044
1.282
1.730
1.706
2.168
2.480
1.983
1.214
2.675
1.087
1.380
1.359
1.094
1.089
1.476
1.300
1.563
1.789
2.652
2.452
1.678
0.893
1.231
1.722
1.801
1.434
1.165
1.301
1.722
1.908
2.143
1.600
3.045
2.462
1.061
1.608
1.216
1.087
1.182
1.607
1.775
1.477
0.875
1.089
1.318
2.171
0.865
0.968
1.352
1.713
1.202
1.042
1.286
1.422
1.117
2.494
1.546
1.509
1.645
1.502
1.903
1.556
1.488
1.172
1.825
2.096
1.338
1.730
1.738
1.242
0.999
1.474
1.280
1.045
1.153
1.301
1.486
1.042
1.351
1.032
1.170
1.874
1.358
1.226
1.467
1.491
1.051
0.847
1.154
1.537
1.782
1.798
1.631
0.965
1.585
1.775
1.548
1.529
0.980
1.317
1.556
1.912
2.401
2.843
1.674
1.473
1.936
1.325
0.973
1.410
1.049
1.363
0.954
1.424
1.535
1.172
1.907
1.830
1.268
1.141
1.531
1.408
1.083
0.892
1.267
1.394
1.039
1.346
1.647
1.906
1.296
1.240
1.034
1.007
1.468
1.513
1.791
2.170
2.170
1.793
1.366
1.153
0.671
0.886
0.727
1.225
1.094
1.042
1.358
0.711
0.563
0.896
1.153
1.169
0.957
0.662
0.738
1.125
1.325
1.259
0.728
0.968
0.974
1.281
1.649
1.381
1.467
1.702
1.444
1.432
1.225
0.903
1.051
1.005
0.629
1.145
1.023
1.064
1.273
1.545
1.150
1.832
2.185
1.783
0.971
1.378
1.628
1.141
1.106
1.613
1.377
1.154
1.063
1.325
1.777
1.971
1.466
1.077
1.475
1.700
1.708
1.229
1.318
1.518
1.389
0.855
1.022
0.940
1.036
0.585
1.220
1.222
0.812
0.832
1.241
1.123
1.125
1.357
1.215
1.076
0.885
1.031
0.952
0.855
0.682
0.992
1.191
1.040
0.894
0.984
0.979
1.287
1.467
1.034
1.669
2.702
1.972
0.925
1.082
1.088
1.045
1.070
1.208
0.940
1.523
1.756
1.282
0.948
1.291
2.052
2.592
2.286
1.472
1.234
1.261
1.775
2.193
2.380
2.165
1.884
1.925
1.889
1.479
0.897
0.858
0.968
1.451
1.662
1.799
1.538
2.022
2.211
1.677
1.163
0.553
0.887
1.142
1.308
1.250
0.841
0.858
1.169
1.235
1.178
0.750
0.905
0.979
1.364
1.507
0.960
1.381
1.800
0.773
0.818
0.967
1.243
0.935
1.061
1.047
1.296
1.164
0.932
0.901
1.042
1.433
0.888
1.161
1.120
0.889
1.010
0.615
1.691
1.662
1.316
1.276
1.099
1.022
1.723
1.653
1.074
1.497
1.575
0.958
1.041
1.696
1.540
1.600
1.066
0.990
0.982
1.279
1.621
1.511
1.477
1.674
1.516
1.456
1.394
1.097
2.203
1.976
1.446
0.955
0.825
1.210
0.979
1.128
1.301
1.001
1.287
1.279
1.223
1.466
1.716
1.823
1.489
1.588
1.202
1.907
1.990
1.272
1.450
1.440
1.441
1.403
1.278
1.643
1.384
1.664
1.645
1.253
1.646
1.462
1.606
1.019
2.523
2.631
1.471
1.110
1.061
1.247
1.731
1.087
1.354
1.048
1.619
1.676
0.618
1.160
1.285
1.603
1.920
1.509
1.362
1.219
1.438
1.224
1.127
1.474
1.339
1.332
1.323
1.052
1.517
1.346
1.620
1.786
1.018
1.058
1.651
1.574
1.366
1.102
1.272
1.087
1.785
1.671
1.146
1.290
1.244
1.135
1.008
1.881
1.535
1.718
1.897
1.616
1.026
1.880
1.586
1.349
2.226
1.474
2.097
1.214
1.549
1.678
1.585
1.355
1.513
1.403
1.344
0.953
1.466
1.432
1.277
1.338
0.987
1.352
1.347
1.156
0.771
1.378
1.073
1.433
1.243
0.842
0.899
1.281
1.663
1.979
1.521
0.845
1.460
1.554
1.718
1.703
1.327
0.807
1.705
1.882
1.222
1.438
0.722
1.372
1.857
2.215
2.155
1.208
1.600
1.497
1.442
1.052
1.510
1.900
1.495
2.254
1.500
0.979
0.868
0.838
1.307
1.247
0.732
1.371
1.635
1.498
2.223
2.057
2.239
1.495
0.851
1.278
1.442
1.981
1.538
1.857
1.487
1.325
0.903
1.390
1.436
1.470
1.439
0.689
1.083
1.616
2.029
1.741
1.769
1.542
1.612
1.575
1.486
1.665
1.859
1.583
1.455
2.290
2.176
2.357
1.962
1.111
1.066
0.929
0.929
1.300
1.239
2.257
1.809
1.756
1.886
1.211
0.878
1.001
1.284
0.981
0.694
0.945
1.184
0.896
1.860
1.502
1.480
1.031
1.024
1.172
0.996
0.715
0.681
1.043
1.340
1.546
1.214
0.905
1.760
1.737
1.264
0.824
0.764
1.333
1.615
1.361
0.863
1.139
0.733
1.345
1.221
0.970
0.880
0.851
0.975
0.925
0.781
1.289
1.178
1.240
1.002
0.834
1.270
0.990
0.832
0.888
1.630
1.775
1.569
1.020
1.315
0.643
0.890
0.753
1.225
0.671
1.079
1.171
1.092
1.170
1.304
1.325
1.414
2.021
2.012
1.670
1.086
1.172
1.018
0.966
0.892
0.922
1.043
0.976
1.193
3.354
2.078
1.445
1.396
0.826
0.919
1.201
1.425
1.141
0.729
1.205
1.064
1.276
1.768
1.736
2.396
1.558
1.050
0.915
1.061
2.348
2.208
1.473
0.925
1.000
1.485
2.060
0.954
1.140
1.292
1.081
1.268
0.679
0.897
1.273
1.441
1.191
1.644
0.994
0.917
1.274
0.833
1.167
1.093
1.238
1.403
0.858
1.720
1.017
1.107
1.523
1.731
1.439
1.108
0.944
0.953
1.417
1.482
1.556
1.736
1.412
0.952
0.827
1.740
1.359
1.072
1.726
1.143
1.656
1.952
1.146
1.505
1.229
1.405
1.644
1.583
2.065
1.635
2.979
1.747
2.189
2.173
1.251
1.188
0.833
0.935
1.049
1.293
1.579
1.223
0.817
1.231
0.957
0.931
1.001
1.191
1.229
1.408
1.184
1.053
2.155
2.096
1.867
2.340
1.697
1.215
1.341
1.672
1.411
1.455
1.713
1.425
1.408
2.129
1.908
1.382
0.973
1.447
1.687
1.003
0.941
1.358
1.113
1.473
1.997
1.581
1.487
1.475
1.410
1.174
0.870
1.201
1.369
1.493
1.167
1.603
1.534
1.503
1.316
2.282
0.918
1.174
1.415
1.007
1.461
1.397
1.718
1.264
1.904
1.563
1.591
0.997
1.322
1.262
1.560
1.578
1.405
1.275
1.272
1.132
1.340
1.149
1.144
0.821
0.936
1.163
1.280
0.888
1.333
0.903
1.885
1.031
1.222
0.917
1.810
1.902
2.234
1.355
1.425
1.354
1.168
1.089
1.489
1.188
2.434
2.041
1.807
1.779
1.328
1.256
1.540
1.946
1.066
1.209
1.445
1.170
1.088
0.991
1.682
1.992
1.910
1.173
1.599
1.565
1.520
0.944
1.705
1.260
1.144
1.600
1.370
1.811
2.377
2.307
1.506
1.830
1.224
0.620
0.997
1.365
0.970
1.170
0.819
0.676
0.696
0.921
1.138
0.806
1.183
1.167
1.046
1.231
1.389
1.255
1.554
1.999
1.838
1.348
1.464
1.235
1.322
1.119
0.882
1.616
1.683
1.466
1.628
1.089
0.966
0.866
0.902
1.448
1.226
1.497
1.783
1.728
1.436
1.583
1.849
1.648
1.248
1.574
1.919
1.869
1.464
1.134
1.331
1.486
1.102
1.012
1.585
1.327
0.893
1.065
1.584
1.243
1.313
1.378
1.080
1.489
1.382
1.117
1.766
1.202
1.052
0.695
1.746
1.828
1.292
1.648
1.511
1.664
1.433
1.614
1.213
1.729
2.156
1.706
1.432
1.020
0.946
0.751
0.990
0.999
0.854
1.072
1.240
0.884
1.000
0.993
1.391
1.502
1.268
0.905
1.143
1.210
0.852
0.615
1.469
0.730
0.901
1.161
0.995
1.184
1.184
0.919
0.766
1.027
1.160
1.315
1.863
1.243
1.583
1.160
1.288
1.009
0.694
0.941
0.829
1.240
1.412
1.198
1.549
1.544
1.591
1.244
1.307
1.124
0.588
1.007
0.661
0.883
0.631
0.706
1.435
2.052
1.920
1.508
1.505
2.413
2.739
1.985
1.345
1.159
1.109
1.222
0.934
0.858
0.719
1.925
1.740
1.458
1.150
1.078
0.982
1.248
1.308
1.187
1.325
0.975
1.169
1.018
1.141
0.857
1.079
1.268
1.215
1.892
1.823
1.737
1.434
0.908
0.879
0.953
1.107
1.036
1.494
1.553
0.946
1.168
1.035
0.895
1.266
1.127
1.989
1.101
1.037
1.414
1.467
0.857
1.626
2.159
2.030
1.442
0.929
1.107
1.843
1.399
0.799
0.995
0.949
1.241
1.301
1.091
1.622
1.480
1.049
1.136
1.283
1.171
0.902
0.937
0.980
1.346
1.228
1.103
1.462
1.031
1.288
1.582
1.672
1.329
0.988
0.778
0.729
0.962
0.719
1.083
1.584
1.549
1.475
1.676
1.323
1.139
1.162
0.976
1.508
1.269
1.102
1.174
1.505
1.573
0.800
1.215
1.356
1.854
1.348
0.927
1.285
1.034
1.116
1.122
1.966
1.270
1.170
0.820
1.803
1.458
1.814
2.062
1.637
0.913
1.440
1.851
0.954
0.917
0.863
1.959
1.497
1.062
1.467
1.614
0.995
1.411
1.749
1.693
2.028
1.888
1.434
1.624
1.199
1.863
1.518
1.166
1.380
0.816
1.587
1.301
1.634
1.231
1.173
1.476
2.441
1.914
1.635
1.857
2.153
2.475
2.978
1.681
1.133
1.810
1.373
1.187
1.095
1.251
0.883
1.498
1.176
1.225
1.259
1.426
1.511
1.165
1.432
1.283
0.890
0.920
1.107
1.400
1.322
1.122
0.900
0.639
0.862
1.233
1.912
2.210
2.018
2.205
1.718
1.537
1.117
1.025
1.382
1.504
1.559
1.208
2.121
1.617
1.841
1.474
1.982
1.815
1.117
1.173
1.407
1.179
1.182
1.491
1.417
1.583
1.650
0.671
1.282
1.028
1.054
0.985
1.303
0.979
1.013
1.334
1.341
1.112
1.139
0.850
1.634
1.504
0.704
0.936
1.395
1.647
1.624
1.354
1.654
2.171
2.028
1.319
1.136
1.689
1.115
0.706
0.741
1.151
1.243
1.569
1.924
1.187
0.728
1.493
1.438
0.995
1.833
1.295
1.058
1.198
1.121
1.305
1.840
1.935
1.744
1.573
1.522
1.068
1.336
1.016
1.384
1.485
0.952
1.326
1.110
0.734
1.393
1.490
1.331
1.504
1.226
1.090
1.420
1.828
1.399
1.588
1.366
1.314
0.959
1.035
1.357
2.111
1.343
1.260
1.408
1.440
1.621
1.189
1.419
1.325
1.351
1.108
1.062
1.142
1.360
0.870
0.795
0.761
0.886
0.807
0.742
0.884
0.841
1.106
1.067
1.018
0.754
0.937
0.716
1.060
1.131
1.508
0.927
1.602
0.866
1.310
1.034
1.303
1.383
1.134
1.097
1.276
1.317
0.956
1.793
1.960
1.456
1.313
1.603
0.865
1.486
1.376
0.826
1.145
0.959
1.024
1.831
1.051
0.837
0.896
1.108
1.881
1.551
1.013
1.225
1.239
1.233
0.889
0.863
1.278
1.186
0.791
1.227
1.405
1.190
0.968
1.009
1.329
0.882
1.318
1.412
0.875
0.757
0.856
0.883
1.096
1.119
0.939
0.997
1.005
1.038
0.769
1.635
0.923
0.844
1.297
1.253
0.975
0.963
0.917
0.745
1.293
1.126
1.271
0.916
0.818
0.963
0.909
1.783
2.189
2.303
1.012
0.844
1.639
1.686
0.816
0.802
1.197
1.268
2.485
1.565
1.191
1.626
0.886
1.084
0.763
1.328
1.188
1.109
1.042
1.204
1.087
1.731
1.515
1.318
1.078
1.492
0.977
1.449
1.287
0.855
0.764
1.048
0.931
0.967
0.894
1.110
1.750
1.386
1.593
0.973
1.262
1.014
0.720
0.967
1.334
0.933
1.261
1.695
1.672
1.591
1.977
1.641
0.897
1.099
1.163
0.847
1.069
1.185
1.041
1.109
1.133
1.247
1.428
1.374
1.209
0.901
0.993
2.596
2.025
1.060
0.885
1.078
1.417
1.935
1.560
1.506
1.867
1.717
1.996
1.332
1.205
1.028
1.550
1.392
1.012
1.086
1.051
1.460
1.836
1.417
1.271
1.216
1.225
1.429
1.880
1.953
1.824
2.013
2.031
2.179
1.336
1.343
1.021
1.567
1.027
1.243
1.417
1.150
1.258
1.171
1.707
1.080
2.061
1.499
1.628
1.531
2.167
1.627
1.876
1.088
1.003
0.772
1.210
1.834
1.011
1.034
1.338
1.145
1.551
2.185
1.765
1.450
1.180
1.489
1.097
0.810
1.138
1.562
1.268
1.265
1.418
1.035
1.409
1.480
1.895
1.553
0.824
0.962
1.231
1.071
1.517
1.669
1.863
1.575
1.778
1.651
1.558
1.048
1.004
0.970
1.421
1.304
1.216
1.573
1.651
1.224
1.061
0.998
1.483
1.725
1.211
1.249
1.233
1.840
1.583
1.186
0.939
0.741
1.219
1.630
1.500
1.812
1.897
1.486
1.678
1.440
0.990
1.177
1.050
1.545
1.512
1.284
0.967
1.039
1.006
1.192
1.000
1.028
1.484
1.478
1.380
0.793
0.955
1.007
1.359
1.008
1.474
1.743
2.172
2.126
1.985
1.853
1.632
1.737
1.513
1.290
1.583
1.855
2.126
1.654
1.294
1.538
1.747
1.775
1.492
1.524
1.090
1.414
1.464
1.259
1.281
0.712
0.806
0.977
0.669
1.345
1.025
0.910
0.694
1.342
1.537
1.608
1.339
1.085
1.460
1.348
0.845
1.106
1.629
1.669
1.562
1.602
1.270
0.893
1.115
0.989
1.174
1.276
0.854
1.041
1.038
1.044
1.190
1.142
1.257
0.965
1.107
1.118
1.045
1.492
1.256
1.110
1.357
0.900
0.907
1.251
1.188
1.200
1.131
1.182
0.876
1.241
1.300
1.644
0.999
0.899
0.825
1.018
0.822
0.924
1.544
1.863
1.815
0.812
1.299
1.096
1.091
1.176
1.037
1.449
1.086
1.194
1.322
0.786
0.985
1.754
2.206
1.775
1.960
2.002
1.788
1.284
1.346
1.107
1.064
1.257
1.461
0.920
0.805
0.970
1.283
1.261
1.223
1.140
1.131
0.905
0.845
0.624
0.843
0.677
1.841
1.368
1.063
1.312
1.113
1.444
1.003
0.871
0.913
2.523
2.613
2.202
2.027
1.466
0.962
1.289
1.100
1.227
0.885
1.508
1.308
1.356
1.075
1.016
1.261
0.927
1.457
1.542
1.455
1.066
1.129
2.265
1.836
0.933
1.063
0.776
1.705
1.229
0.792
0.954
1.482
1.388
1.305
1.000
1.051
1.376
1.501
1.319
1.165
1.378
1.494
1.431
1.124
1.012
0.999
1.182
0.989
0.817
0.978
1.202
1.697
0.814
0.926
0.831
1.043
1.267
1.589
1.622
1.095
0.956
1.116
1.608
1.208
1.579
0.940
1.997
1.821
2.889
2.458
1.766
0.786
1.535
1.749
1.257
1.260
0.872
1.160
1.074
1.758
0.919
0.986
1.604
1.763
0.879
1.500
2.167
2.584
2.467
1.602
0.621
0.897
1.168
1.430
1.260
1.552
0.995
2.084
1.828
1.138
1.090
1.331
0.884
1.860
1.604
0.863
1.298
1.509
1.504
0.849
1.438
1.389
1.307
1.125
0.860
1.010
1.004
1.159
0.938
2.731
1.951
1.805
1.790
1.029
1.128
1.459
1.272
1.624
1.127
1.525
1.217
1.020
1.069
1.151
1.344
1.477
1.578
1.201
1.008
1.580
1.666
1.933
2.372
1.666
1.227
1.718
1.432
2.427
1.274
1.062
1.546
1.593
1.568
1.781
1.765
1.054
1.026
1.490
1.515
1.045
1.192
1.152
1.546
0.818
0.992
1.788
1.528
1.769
1.290
1.098
1.656
1.088
1.911
1.605
1.214
1.011
2.269
1.898
1.206
1.697
1.422
1.169
1.171
1.484
0.970
1.555
1.318
1.026
1.198
1.505
1.188
0.970
1.640
1.258
2.232
1.412
1.444
1.341
1.663
1.287
1.377
0.765
1.193
1.564
1.645
1.274
0.736
1.049
1.467
1.452
1.229
1.680
1.975
1.802
1.565
1.813
1.821
2.120
2.063
2.551
1.238
0.913
1.490
1.933
1.355
1.219
1.015
1.281
1.306
1.497
0.985
1.450
1.421
1.313
1.710
2.302
1.686
1.652
1.159
1.418
1.447
1.523
1.508
1.537
1.421
1.083
1.451
2.198
2.219
1.934
1.806
2.045
2.281
1.714
1.722
1.767
2.351
1.183
0.804
1.077
1.050
0.925
1.434
1.208
1.052
1.371
1.105
1.394
1.216
1.423
1.788
2.002
1.418
1.113
1.577
1.493
1.608
1.144
1.267
1.127
1.534
1.177
1.274
1.078
1.162
1.669
1.155
1.200
1.031
1.212
1.813
1.201
0.926
0.820
1.528
0.958
1.464
1.067
1.015
0.819
1.134
0.991
0.772
1.045
0.977
1.791
1.242
0.982
1.499
1.371
1.191
1.046
1.333
1.817
1.105
1.753
1.140
0.922
0.918
0.833
0.729
1.203
1.357
1.831
1.360
0.697
0.925
1.241
1.096
1.270
1.395
1.219
1.274
1.037
1.245
2.867
1.378
1.212
1.204
1.323
1.131
0.877
1.009
1.245
1.315
1.223
0.977
1.020
1.167
1.015
0.573
0.911
1.345
1.309
0.927
0.694
0.515
1.330
2.721
1.915
1.523
1.105
0.951
1.377
1.052
1.033
1.055
1.229
1.248
1.079
0.930
1.903
1.844
1.344
1.210
1.417
0.934
0.830
0.623
0.787
0.815
0.917
1.305
1.867
1.708
1.433
1.289
1.128
1.376
0.811
0.853
0.808
1.532
1.172
1.370
1.545
1.616
0.951
1.307
0.667
1.264
1.377
1.060
1.371
1.192
1.128
1.700
1.721
1.438
0.996
0.900
0.914
1.023
2.219
1.848
0.974
0.740
0.645
0.892
1.544
1.874
1.958
1.090
1.017
1.348
1.443
1.142
1.290
1.109
1.342
1.332
1.823
1.795
1.517
1.631
1.346
1.302
1.351
0.972
1.677
1.460
1.274
1.039
1.111
1.321
1.494
1.841
1.373
1.496
1.543
1.302
1.416
2.361
0.967
1.218
1.300
1.264
0.710
1.438
1.080
1.314
1.261
1.217
1.189
1.538
1.539
1.812
1.900
1.560
2.446
1.962
2.018
1.281
0.879
1.222
1.469
1.709
1.719
1.500
1.467
2.126
1.429
1.459
1.756
1.610
1.103
1.204
1.493
1.120
1.172
1.528
1.726
1.219
1.446
1.097
1.104
1.202
1.290
1.238
0.817
1.474
1.070
1.114
1.587
1.781
0.855
1.817
1.225
1.316
1.024
1.434
1.384
0.972
1.334
1.004
1.064
1.004
1.246
1.722
1.825
1.762
2.023
1.751
1.449
2.005
1.116
1.316
0.906
0.844
1.433
1.218
0.787
1.486
0.821
0.988
1.156
1.445
1.081
1.144
1.418
1.830
1.474
1.157
0.889
1.077
1.160
0.886
0.864
1.373
1.917
1.852
1.369
1.083
1.145
1.665
1.092
1.173
1.054
1.445
0.993
1.269
1.461
0.914
1.288
1.806
1.627
1.308
1.174
1.119
1.352
1.162
1.574
1.726
0.897
1.683
1.584
1.269
0.982
1.418
1.151
1.312
1.471
1.530
1.559
1.369
1.391
1.217
1.182
1.384
1.182
1.055
1.094
1.811
1.175
1.639
1.295
1.714
0.795
1.054
1.018
1.638
2.158
1.465
1.497
1.196
1.132
1.170
1.164
1.148
0.928
1.509
2.132
1.903
1.608
1.040
1.118
1.720
1.701
1.479
1.395
1.117
1.310
1.066
1.623
1.540
1.668
1.271
0.926
1.262
1.090
1.214
1.867
1.775
1.788
1.402
1.263
1.220
0.872
0.943
1.043
1.659
1.679
1.099
1.382
1.052
1.196
0.831
1.248
0.647
0.741
0.956
1.147
1.446
1.843
1.724
1.510
1.851
1.963
1.495
1.402
1.764
1.626
1.149
0.959
1.224
0.708
1.179
1.133
1.408
1.673
1.923
1.219
1.139
1.195
1.598
0.923
1.063
1.480
1.285
1.200
1.212
1.080
0.989
1.268
1.395
0.918
0.930
0.827
1.008
2.378
1.314
1.511
1.655
1.000
1.121
0.827
0.907
0.902
0.998
1.187
1.059
1.050
1.061
1.366
1.165
0.823
1.201
0.950
0.990
1.318
1.269
1.053
1.160
0.648
1.468
1.142
1.067
1.372
1.522
1.435
1.443
1.014
2.267
1.697
1.421
1.141
1.261
1.300
1.511
1.316
1.313
1.057
1.288
1.525
1.545
1.423
1.560
1.187
1.142
1.171
0.969
0.792
0.711
0.724
0.864
1.111
1.074
0.989
0.995
1.226
0.882
0.690
0.970
1.145
1.089
1.166
1.425
1.792
1.433
0.965
2.056
1.726
1.544
0.657
0.802
0.693
0.736
0.892
1.079
1.274
1.522
1.567
1.927
1.892
1.667
0.905
1.286
1.130
1.207
1.267
1.034
1.303
1.381
1.285
1.291
1.359
0.772
1.223
1.458
1.309
1.100
2.161
0.985
1.000
1.028
1.388
1.112
1.001
1.356
2.099
2.795
2.437
1.577
0.954
1.078
1.193
1.055
1.510
1.184
1.416
1.195
1.091
1.432
1.210
1.535
1.045
1.132
1.371
1.036
1.543
1.198
0.874
1.034
1.207
0.994
1.293
1.582
1.017
1.016
1.598
1.632
1.489
1.508
1.001
0.956
1.185
1.219
1.331
1.110
2.020
2.187
2.284
2.237
1.578
1.032
1.050
1.081
1.332
1.601
1.009
1.119
1.475
1.832
1.523
0.768
1.357
1.417
1.246
1.390
1.254
1.382
1.534
1.611
2.174
1.984
1.797
1.593
1.759
1.313
1.289
1.306
1.973
1.604
0.994
1.247
2.106
2.080
1.939
1.597
1.574
1.206
1.095
1.013
1.284
1.418
1.421
2.128
1.586
1.605
1.239
1.304
1.463
0.887
0.921
0.944
1.122
1.098
1.603
1.511
1.068
1.314
0.919
1.175
0.997
1.117
1.420
1.491
1.907
1.581
1.560
1.469
1.712
1.390
1.747
2.080
2.305
1.659
1.712
1.599
1.158
1.275
1.325
0.825
1.060
1.137
1.043
1.210
1.131
1.545
2.003
1.214
0.872
1.161
1.919
1.921
2.290
1.680
0.952
1.236
1.178
1.413
0.943
1.504
1.436
1.232
1.154
1.696
1.565
1.786
2.438
1.395
1.420
1.433
1.082
1.284
1.826
1.677
1.420
1.054
0.934
1.385
1.685
1.329
0.869
1.238
1.351
1.351
1.626
1.450
1.325
1.426
0.845
1.017
1.186
1.508
1.670
1.362
1.387
1.037
1.138
1.301
1.214
1.075
0.953
1.526
1.335
1.344
1.248
1.698
1.307
1.075
1.299
2.017
1.662
0.858
0.966
1.238
1.184
1.245
1.599
2.127
1.405
1.791
0.888
0.920
0.825
1.291
0.973
1.295
1.156
1.336
1.750
1.281
1.101
1.206
1.342
1.284
0.972
1.042
1.044
1.152
1.302
1.594
1.451
1.249
1.107
1.138
1.043
1.043
0.813
0.805
1.065
1.502
1.640
1.264
1.222
1.410
1.207
1.409
1.647
1.308
0.797
0.954
1.743
1.183
0.884
1.056
1.134
0.931
1.140
1.145
1.049
0.788
2.031
1.596
1.340
0.989
1.451
1.428
1.405
1.217
1.251
1.571
1.775
1.229
1.286
0.972
1.221
1.548
1.343
0.817
1.409
1.578
1.665
1.826
1.895
1.619
1.532
1.561
1.719
1.725
1.591
1.295
0.997
0.852
1.027
0.888
0.994
0.909
1.115
1.283
1.083
0.802
1.910
1.807
1.506
0.868
1.098
1.302
1.032
0.882
1.065
1.052
0.617
1.756
1.472
0.913
1.313
0.569
0.777
1.137
0.772
1.600
1.096
1.334
1.220
1.544
0.994
1.010
1.116
1.260
1.111
1.468
1.130
0.933
1.372
0.929
1.229
0.874
0.819
0.983
1.269
0.826
0.952
1.298
1.110
1.186
1.016
1.004
1.202
1.479
1.209
1.235
1.151
1.035
1.223
1.368
1.378
1.178
0.926
1.281
0.950
1.203
0.804
0.979
0.984
1.154
1.366
0.879
0.656
0.812
0.863
0.936
1.255
1.362
1.188
1.352
1.539
1.644
1.719
1.330
2.242
2.431
2.086
1.438
0.828
0.915
1.001
0.932
1.192
1.371
1.386
1.337
1.362
1.075
0.756
1.193
1.808
1.588
2.066
1.796
1.112
1.380
2.352
2.462
1.252
1.410
1.243
0.846
1.149
1.437
1.963
1.139
0.731
1.603
2.113
2.576
2.075
1.486
0.948
1.429
1.557
1.589
1.295
1.486
1.178
1.144
1.323
0.873
1.104
1.486
1.138
1.606
1.279
1.076
1.007
1.635
1.817
1.704
1.376
1.627
1.848
1.803
1.396
1.854
1.894
1.220
1.522
1.419
1.419
1.135
1.351
1.123
1.037
1.151
1.675
1.375
0.999
0.731
1.139
1.475
1.476
0.975
0.926
0.943
0.916
1.221
1.283
1.613
1.460
1.631
1.697
1.460
1.750
1.018
1.471
1.371
1.037
1.178
1.142
0.960
1.263
1.032
0.721
1.214
1.809
1.644
1.837
1.351
0.949
1.359
1.729
1.659
1.447
1.351
1.251
1.185
1.121
0.888
1.034
1.076
1.499
1.464
1.606
1.109
1.327
1.958
1.877
1.763
2.066
1.567
1.401
0.836
1.192
1.014
0.869
1.741
1.635
1.807
1.925
1.683
1.412
1.743
1.573
1.766
1.617
1.395
1.772
1.899
1.727
1.017
0.900
1.308
1.231
0.945
1.013
0.982
1.492
1.670
1.833
1.906
2.131
2.596
1.858
2.291
1.730
0.862
1.171
1.198
1.225
1.287
1.223
1.802
1.419
1.275
1.485
0.754
0.967
0.930
0.824
0.832
1.457
2.211
2.070
1.763
1.378
1.541
1.821
1.141
1.189
1.352
0.756
0.863
0.791
0.836
1.291
1.646
1.267
0.893
1.240
0.964
1.409
1.344
1.201
1.157
1.618
1.877
0.850
1.114
1.115
0.874
1.071
1.598
1.674
1.410
1.020
1.276
1.712
1.717
1.073
1.304
1.337
1.250
1.675
1.332
1.015
1.176
0.962
1.079
1.059
1.239
1.608
1.517
0.960
1.057
1.237
1.387
1.195
1.110
0.747
1.148
1.275
0.999
1.039
1.514
1.296
1.026
0.734
0.817
1.366
1.989
1.431
0.770
0.715
1.015
0.970
0.882
0.823
0.945
1.549
1.767
1.407
1.770
1.847
1.587
1.385
1.972
1.887
0.778
1.108
1.047
1.109
0.892
0.662
0.848
1.275
1.629
1.587
1.163
0.985
0.630
0.811
1.063
1.523
1.417
1.195
1.173
1.438
0.681
0.798
1.467
1.287
1.324
1.096
0.721
0.936
1.225
0.992
0.868
0.780
0.958
0.891
1.196
1.597
1.445
1.207
2.167
0.604
1.454
1.407
1.260
0.840
1.236
1.292
0.984
0.940
0.967
1.498
1.633
1.656
1.917
1.605
0.884
0.825
0.958
1.227
1.141
1.043
1.219
1.179
1.530
1.645
1.822
1.470
0.903
1.034
1.120
1.040
1.248
1.635
1.277
1.794
1.974
1.204
0.897
1.497
1.304
1.162
1.527
1.094
1.332
1.594
1.217
1.544
1.401
0.642
0.712
0.910
1.128
1.161
1.161
0.938
1.777
1.074
1.145
1.583
1.528
1.263
1.896
0.937
1.457
1.374
0.819
0.790
1.051
