19790101
1.455
1.154
1.204
1.004
1.157
1.194
0.915
0.982
0.904
1.149
1.656
1.788
1.742
1.516
1.686
1.597
1.280
1.045
0.559
1.379
0.644
1.083
1.455
1.475
1.277
1.209
1.478
1.269
0.779
0.814
0.970
0.760
1.113
1.105
1.246
1.019
1.407
1.251
1.232
1.346
1.387
1.280
1.499
1.233
1.394
1.506
1.638
1.189
0.917
0.852
1.196
1.026
1.654
0.859
1.004
0.879
1.167
2.238
0.931
0.894
1.341
1.359
1.050
0.714
1.025
1.269
0.854
0.972
1.031
1.113
0.977
0.888
0.899
0.676
0.692
1.082
0.847
1.811
1.358
1.033
0.734
0.980
1.053
1.481
1.014
0.863
1.188
0.856
0.623
0.666
0.846
1.046
1.070
1.043
0.603
2.340
2.197
1.640
1.056
0.757
0.675
0.836
0.737
1.045
1.150
0.772
0.768
0.471
0.826
0.817
0.835
1.427
1.608
1.933
1.823
1.993
1.458
0.750
1.437
1.073
1.130
1.129
1.134
0.879
0.817
1.042
0.675
0.622
0.756
0.826
0.825
0.744
0.830
0.716
0.754
1.072
0.730
0.998
0.559
0.698
0.512
1.082
0.893
1.722
1.034
0.952
1.465
1.085
1.334
2.058
2.339
1.414
0.794
0.716
1.112
0.792
1.351
1.459
2.100
1.744
1.202
0.878
0.992
1.207
2.011
2.090
1.480
1.275
1.009
0.853
0.611
0.663
0.752
1.037
0.925
1.860
1.654
1.519
1.213
0.685
0.937
1.363
1.262
1.257
1.028
1.160
1.071
1.007
1.170
1.955
1.909
1.535
1.004
1.118
1.218
0.933
1.979
1.678
1.138
1.264
2.534
1.048
1.419
0.999
1.275
1.055
0.970
0.734
0.856
0.835
1.184
0.885
1.121
1.048
1.431
1.283
0.859
1.147
1.293
1.336
1.031
0.834
0.930
1.335
1.200
1.089
1.167
1.152
1.003
1.273
1.012
1.058
0.931
0.885
0.978
1.194
1.844
1.557
0.947
1.268
1.189
1.470
1.572
1.815
1.582
1.109
1.037
2.573
1.282
1.041
1.288
1.624
1.475
1.660
1.053
1.239
1.938
1.851
1.167
1.219
2.365
2.416
1.312
1.282
1.873
1.573
1.702
1.561
1.336
1.386
1.877
1.406
1.116
1.132
1.316
1.526
1.564
1.095
1.102
1.551
0.902
1.375
1.210
1.157
1.091
1.686
1.322
1.586
2.674
1.856
1.604
1.684
1.158
1.578
1.650
1.571
1.262
1.946
1.563
1.250
1.398
1.672
1.404
1.616
1.230
0.958
1.147
1.173
0.940
1.350
1.349
0.819
1.490
2.072
1.401
2.191
2.035
1.301
1.166
0.784
1.631
1.977
1.407
1.026
1.001
0.908
1.461
1.282
1.108
2.880
1.674
1.339
1.488
1.182
1.389
1.621
1.474
1.541
1.915
1.508
1.171
1.202
1.858
1.252
1.413
1.864
1.735
1.452
0.877
1.384
1.046
1.694
1.322
1.026
1.416
1.448
0.896
0.982
1.009
1.383
1.364
0.976
1.618
1.725
1.578
1.898
0.861
1.321
1.393
1.235
1.466
1.413
1.361
1.361
1.444
1.571
1.401
1.215
0.636
1.054
1.251
1.003
1.366
0.923
1.424
0.989
1.076
1.440
1.674
1.187
1.381
1.638
1.580
1.420
1.408
1.330
1.146
1.029
1.144
1.442
1.692
1.357
1.632
0.715
1.271
1.582
1.045
1.469
1.476
1.406
1.717
0.994
1.127
2.586
1.854
1.295
1.175
0.732
1.278
1.065
1.257
0.956
1.316
1.252
1.480
1.440
1.974
1.105
0.803
1.442
1.309
1.333
1.251
0.686
1.012
0.645
0.539
0.849
0.597
1.081
0.967
0.624
0.689
0.903
0.674
1.164
0.550
0.695
0.908
1.208
0.579
0.888
0.874
0.719
0.697
0.911
1.212
1.767
1.595
1.211
1.042
0.999
0.950
1.539
1.489
1.436
1.438
1.186
1.087
1.183
1.262
1.444
1.002
1.363
1.247
1.355
1.004
0.996
0.983
1.251
0.841
0.834
0.625
0.851
1.156
1.350
0.938
2.446
2.334
1.376
0.819
0.875
0.989
0.796
0.927
1.185
0.900
0.921
0.850
0.753
0.775
1.001
0.955
0.711
0.988
1.132
0.907
0.983
0.980
0.902
1.432
1.006
0.790
1.253
1.013
1.129
0.724
0.531
0.884
1.293
1.819
1.082
0.671
0.857
0.852
0.709
1.064
1.028
1.019
1.279
1.696
1.422
0.747
1.065
0.906
1.236
2.095
1.998
1.225
0.873
1.695
1.479
1.184
1.375
0.563
1.162
1.168
1.240
2.123
2.369
1.645
1.104
1.183
1.266
1.183
1.132
0.843
1.214
0.887
0.956
1.322
1.190
0.831
0.971
0.948
1.145
1.013
1.211
1.194
1.349
1.076
1.389
1.573
1.683
1.095
1.245
0.891
2.523
1.583
0.856
0.950
1.017
1.102
1.389
0.792
1.046
0.924
1.367
1.527
1.458
1.507
1.445
1.680
1.122
1.864
1.363
1.197
0.964
1.287
1.085
1.433
1.317
1.260
1.421
2.958
1.703
1.008
1.173
1.145
1.234
1.335
1.247
1.394
1.859
1.649
1.007
1.490
1.162
1.643
1.540
1.411
0.998
1.926
1.537
2.936
1.418
1.342
1.411
1.338
1.147
2.324
1.901
1.683
1.486
1.328
1.684
1.305
1.719
1.482
1.454
0.764
1.378
0.873
2.217
1.832
1.295
1.608
0.835
1.251
1.597
0.935
1.428
0.969
1.189
1.071
1.267
1.292
0.755
1.250
1.073
1.590
1.376
1.223
1.106
0.843
1.759
1.494
1.635
1.855
1.767
1.700
1.445
1.288
1.203
1.663
1.912
2.076
2.016
1.272
1.964
1.743
1.235
1.759
1.177
1.650
1.262
0.715
1.419
1.108
1.689
1.909
1.515
1.008
0.665
0.757
1.110
1.157
1.722
1.528
1.073
0.973
1.032
0.770
1.328
1.586
1.207
1.188
1.111
1.022
1.485
1.722
1.562
1.235
1.002
1.352
1.191
1.575
1.813
1.767
1.742
2.165
1.404
1.653
1.013
1.083
1.408
1.124
1.571
1.414
1.496
2.098
1.516
1.472
1.441
1.091
0.922
0.722
0.994
1.023
0.967
1.538
1.609
1.480
1.152
1.196
0.929
1.277
1.182
1.183
1.140
1.289
1.316
1.532
1.662
1.340
1.305
1.262
1.613
1.145
0.602
1.314
1.111
1.440
0.909
1.211
0.512
0.647
1.142
0.814
0.796
0.839
1.125
1.173
1.237
1.180
1.219
0.972
1.669
1.344
0.930
0.849
0.476
0.792
0.848
1.239
0.766
0.861
0.985
0.810
0.686
0.614
0.654
0.683
0.909
0.709
0.754
0.741
0.717
0.728
1.247
1.231
1.662
1.100
1.763
1.734
1.225
0.667
1.185
1.091
0.918
1.371
1.352
1.028
1.069
1.657
1.589
0.906
1.106
1.214
0.946
0.849
0.712
0.636
0.969
1.171
1.155
1.147
1.170
1.330
1.346
0.790
0.678
0.831
0.815
0.736
1.233
1.652
1.472
1.364
1.331
1.228
1.243
0.996
1.430
0.984
0.637
0.874
0.924
0.883
1.372
1.487
1.279
0.975
0.980
0.844
0.801
0.891
0.961
0.751
0.920
0.973
0.719
0.893
0.985
0.879
0.488
0.565
0.825
0.689
0.799
1.318
1.607
1.131
1.141
0.944
0.858
1.034
1.295
1.566
1.582
1.143
0.868
1.290
1.331
0.773
0.677
0.918
0.714
1.635
2.008
0.821
1.018
1.026
0.873
1.189
1.713
1.080
0.733
1.580
1.870
0.990
0.694
1.092
0.830
1.018
1.005
0.825
0.929
0.516
0.657
1.112
1.086
1.251
0.749
1.882
2.111
1.965
1.557
1.641
0.963
1.116
0.918
0.884
0.916
0.647
1.169
1.104
1.301
1.610
2.690
3.021
2.236
0.953
0.685
2.156
2.926
1.691
1.097
1.021
1.203
1.267
1.338
0.805
0.605
1.139
1.080
1.124
1.296
1.062
1.484
1.142
1.649
2.099
1.473
1.346
1.342
1.198
1.514
1.472
1.177
2.517
2.504
1.919
0.784
1.068
1.064
1.109
0.980
0.845
1.165
1.683
1.267
1.447
2.330
2.202
1.337
1.269
1.186
1.545
1.254
1.141
1.386
1.671
1.218
1.161
1.373
1.830
1.511
2.462
1.921
1.102
1.778
1.407
1.929
1.132
1.043
1.331
1.084
1.516
1.310
1.533
1.840
1.319
2.618
1.577
1.602
1.588
0.966
1.402
1.660
0.889
0.953
1.468
1.542
1.507
1.676
0.997
1.817
1.439
0.794
1.090
0.941
1.587
1.208
1.290
0.834
1.068
1.399
1.156
1.537
1.849
1.707
1.539
1.231
1.256
1.394
1.755
1.495
0.847
1.503
1.845
1.307
1.001
1.739
1.234
0.975
0.909
1.471
1.269
0.979
0.738
1.230
1.441
0.942
1.316
1.058
1.277
1.122
0.938
1.161
0.817
1.277
2.103
1.514
1.437
1.086
0.806
1.387
1.241
1.233
0.973
0.908
1.340
0.882
1.349
0.870
1.148
0.763
1.384
1.599
0.988
1.200
1.733
1.515
1.195
1.285
1.125
0.632
1.237
1.025
0.794
0.741
1.079
1.159
1.073
0.992
0.839
0.725
0.973
0.890
1.313
0.940
1.293
1.419
0.925
1.270
1.004
1.380
1.397
1.267
0.791
1.079
0.815
0.895
0.930
1.233
1.176
0.745
1.226
1.309
1.215
1.198
1.251
1.172
1.128
1.270
0.930
1.566
1.575
1.718
1.095
0.910
0.857
1.270
0.917
1.054
0.933
0.954
0.826
1.141
0.827
0.739
0.871
0.850
0.911
1.519
1.244
1.480
1.275
0.788
1.219
1.061
1.056
0.844
0.944
1.267
1.042
0.742
1.118
0.689
1.000
1.357
1.365
1.306
1.037
0.952
1.225
0.776
1.099
1.278
0.934
1.306
1.294
1.140
1.149
0.842
1.021
1.151
1.117
1.562
1.344
1.438
1.733
1.363
1.222
1.480
1.103
1.465
1.079
0.507
1.086
0.963
0.833
1.009
0.606
0.960
1.001
1.203
1.373
1.202
0.820
0.838
1.536
0.936
0.800
0.799
1.121
1.015
1.116
1.262
1.304
1.559
1.769
1.694
1.106
0.958
2.022
1.304
1.815
1.671
1.691
1.322
0.948
0.859
0.863
1.282
1.220
0.696
1.145
0.806
0.465
0.621
0.804
0.832
0.851
0.785
0.524
0.698
0.583
0.655
1.977
1.762
2.150
2.067
1.779
1.457
1.006
1.066
0.763
1.253
0.977
0.771
0.873
0.821
0.968
1.452
1.073
1.127
0.938
1.059
1.135
1.001
1.662
1.533
0.994
1.276
1.149
1.385
1.507
1.082
1.503
1.690
1.655
1.675
1.870
1.044
1.110
1.190
1.179
1.087
1.215
1.173
1.410
1.130
0.840
1.387
1.106
0.873
1.240
1.066
0.971
0.928
1.313
1.478
1.031
0.754
0.434
0.755
1.020
1.218
1.254
0.944
1.048
1.151
1.199
0.771
2.025
1.040
1.431
1.185
1.175
1.225
0.607
0.960
1.028
1.286
1.114
1.889
1.524
1.014
1.136
1.165
0.939
1.124
1.227
1.062
1.508
1.447
1.195
0.868
1.230
1.439
1.152
0.974
0.612
0.994
1.277
1.600
0.943
1.268
1.916
1.390
1.210
1.110
1.279
1.212
0.976
1.000
1.372
1.421
1.146
1.105
1.738
1.217
1.365
1.296
1.182
1.290
0.982
1.346
1.746
1.418
1.059
0.624
0.880
1.204
1.210
1.355
1.282
1.189
1.412
1.103
1.527
1.151
0.878
1.603
1.295
1.483
1.165
1.878
1.447
1.380
1.936
0.638
0.792
1.625
1.593
1.116
1.165
1.118
1.200
1.573
1.897
1.281
1.043
1.221
1.278
1.634
1.392
1.112
1.651
1.878
1.675
1.410
1.565
1.163
1.624
1.270
1.049
1.535
1.793
1.217
0.888
0.631
1.104
1.148
0.851
1.281
1.655
1.122
1.596
1.590
1.256
1.311
1.039
1.658
1.544
1.203
1.065
1.063
1.213
1.025
0.812
1.200
1.185
1.051
1.238
1.781
1.517
1.127
1.574
1.219
1.367
1.853
1.256
1.597
1.278
1.034
1.204
1.150
1.707
1.274
1.561
1.417
1.256
0.967
0.995
1.032
0.871
0.968
1.188
1.230
1.058
0.807
1.195
1.250
1.002
0.934
1.236
1.308
1.603
1.287
1.514
0.901
0.904
0.835
1.236
1.134
1.477
1.688
1.614
1.203
1.139
1.129
1.211
1.186
1.481
0.985
1.119
1.324
1.554
1.273
1.401
1.495
1.545
1.204
1.327
1.046
0.826
1.010
0.903
0.775
1.326
1.280
1.482
1.588
1.022
0.900
1.305
0.898
1.327
0.961
0.614
0.872
0.802
0.800
1.018
0.720
1.098
1.070
1.247
1.644
1.173
1.040
1.323
1.711
0.929
1.079
1.477
1.113
0.897
1.452
0.649
0.932
0.782
1.150
1.537
1.415
1.937
1.508
1.824
1.766
1.108
1.415
1.433
1.080
1.667
1.208
1.310
0.782
1.034
0.930
0.990
0.960
0.821
0.824
0.961
0.793
1.073
0.760
0.912
0.777
1.110
1.078
0.803
0.955
1.005
0.840
1.160
1.034
0.542
0.731
1.074
1.265
1.084
1.100
0.690
0.823
0.969
0.881
0.622
0.678
0.843
1.012
1.166
1.229
1.598
1.207
1.396
1.195
1.394
1.259
1.007
1.137
1.303
0.702
1.321
0.723
0.986
1.205
0.875
0.686
0.924
0.742
1.774
1.836
1.011
1.165
1.606
1.237
1.523
1.274
2.176
1.179
0.932
0.938
1.044
1.275
0.969
1.082
1.138
0.915
1.214
1.018
1.151
2.571
2.151
1.375
0.821
1.038
1.519
1.547
1.382
1.415
1.205
1.127
1.073
0.705
1.026
0.679
1.067
1.393
1.235
1.553
1.483
1.275
1.381
1.377
1.798
1.676
1.610
1.853
1.606
1.132
1.111
1.395
1.560
1.583
2.401
1.507
1.813
1.472
1.245
1.252
1.567
0.812
1.395
1.144
1.029
1.074
1.426
0.919
1.509
1.803
2.335
1.856
1.490
1.175
1.018
0.802
1.288
1.379
1.400
1.332
1.644
1.448
1.262
0.849
1.092
1.828
2.078
2.033
1.915
1.469
0.923
1.184
1.543
1.234
1.531
1.081
1.172
1.292
1.649
1.683
1.426
1.334
0.797
1.213
1.762
1.350
1.740
1.631
1.799
1.916
1.335
1.272
1.490
1.142
1.495
1.536
1.868
1.583
1.365
1.622
1.350
1.124
1.991
1.413
1.562
0.933
1.002
1.419
0.973
0.980
1.186
1.540
1.298
0.950
0.905
1.220
0.980
1.441
1.247
1.442
1.715
1.242
1.210
1.387
1.345
1.860
1.800
1.422
1.429
1.368
1.450
1.781
1.796
2.732
1.207
1.401
1.000
1.156
1.174
1.376
0.875
1.247
1.165
1.563
0.796
1.436
1.487
1.259
1.551
1.920
1.321
0.985
1.787
1.611
1.194
1.991
1.218
1.822
1.170
1.231
1.238
1.675
1.832
1.539
0.925
1.441
1.526
0.910
1.017
1.024
1.452
1.424
1.116
1.210
1.249
1.318
1.302
1.027
1.614
1.202
1.439
1.656
1.291
1.217
1.495
1.249
1.403
1.628
1.411
1.138
1.162
0.904
0.926
1.294
1.044
0.819
1.011
1.011
1.590
1.213
1.365
0.596
0.911
1.028
1.197
1.340
0.493
0.844
1.079
1.101
1.117
1.162
1.379
0.949
0.823
0.914
1.027
0.896
1.149
0.869
0.828
1.034
1.055
1.071
1.055
1.246
1.416
2.115
1.770
1.849
1.053
1.034
1.038
1.043
0.831
0.832
1.077
0.776
1.242
0.863
0.933
1.228
1.135
1.224
0.808
1.134
1.042
0.888
1.758
1.110
1.036
0.940
1.382
0.838
0.904
0.721
0.915
1.221
1.400
1.237
1.386
0.847
0.812
0.985
0.818
0.659
0.859
0.652
0.826
1.246
0.924
1.100
0.626
1.077
1.367
1.281
1.226
1.035
0.849
0.846
0.703
0.595
0.969
1.034
1.324
1.264
1.889
1.227
1.356
1.039
0.764
1.066
1.421
1.400
1.695
1.233
0.703
0.756
0.952
0.683
0.581
1.210
1.339
1.297
1.182
0.603
0.808
1.302
1.521
1.340
0.917
1.001
1.020
0.598
0.821
0.598
1.452
2.148
1.032
0.654
0.921
0.671
0.854
1.256
0.964
1.228
1.537
0.972
0.851
0.851
0.835
0.570
0.836
0.752
0.770
2.034
1.276
1.374
1.030
0.980
0.708
0.683
0.752
0.557
0.817
1.235
1.325
0.974
1.013
1.170
1.035
0.873
1.072
1.818
1.036
0.862
0.837
0.747
1.079
1.088
1.270
1.128
1.182
1.220
0.858
1.281
0.906
1.190
0.904
0.799
0.801
1.128
1.029
0.830
1.163
1.100
0.926
1.013
0.765
0.991
1.123
1.922
2.210
1.220
0.855
1.408
1.487
1.529
1.655
1.284
0.720
1.117
1.292
1.440
1.365
1.286
0.915
1.222
1.443
0.962
1.099
0.924
1.392
1.708
1.272
1.732
1.855
1.421
1.518
1.666
1.045
1.790
2.371
1.796
1.101
1.289
1.329
1.285
1.426
1.184
1.685
1.510
0.989
1.394
1.161
1.093
1.234
1.149
1.152
1.080
1.671
1.770
0.824
1.441
1.478
1.464
1.300
1.111
1.139
2.628
2.853
1.634
1.923
1.918
1.710
1.496
1.247
1.144
1.565
1.034
1.108
1.291
1.413
1.247
1.090
1.354
0.814
1.331
1.536
1.371
1.577
1.376
1.012
1.109
1.563
1.998
1.110
1.076
1.173
1.261
1.445
1.349
1.104
2.312
1.832
1.018
1.896
1.553
1.091
1.526
1.218
1.391
1.417
1.276
1.454
1.301
1.061
1.139
1.857
1.007
1.562
1.289
1.690
1.094
0.861
1.193
1.403
1.566
1.067
0.604
1.246
0.901
0.955
0.916
1.312
0.738
1.022
1.229
1.303
1.297
1.057
0.990
1.009
1.246
1.203
1.548
1.298
1.020
0.973
1.039
1.061
1.080
1.567
1.410
1.118
0.944
1.264
1.618
1.167
1.284
1.132
1.008
1.337
1.194
1.282
1.009
1.567
1.921
1.504
0.818
1.271
1.377
1.570
1.480
1.487
0.801
1.070
1.356
1.129
1.272
1.191
1.710
1.407
1.196
0.915
0.714
1.530
1.430
1.513
1.192
0.964
0.436
1.511
0.733
0.666
1.207
1.225
1.546
1.265
1.344
0.849
1.015
0.869
0.995
1.305
1.084
1.107
1.035
1.058
1.093
1.235
1.446
1.002
0.890
0.989
1.185
1.015
1.343
1.380
1.673
1.152
0.985
1.094
0.984
1.129
0.979
1.063
1.301
1.299
1.021
1.297
1.892
0.940
0.877
1.128
0.936
1.029
1.207
0.854
1.085
1.197
0.886
0.914
0.826
1.035
1.229
1.016
1.302
0.994
0.924
0.971
1.227
1.213
0.947
1.144
0.543
1.070
0.902
0.868
0.935
1.051
1.236
1.341
0.751
0.630
0.506
1.166
1.126
1.176
1.324
1.166
1.261
1.145
1.224
0.778
0.583
1.234
0.941
1.218
1.272
0.890
0.683
0.743
0.715
1.244
1.213
0.807
0.753
1.219
1.581
1.340
0.780
1.239
1.072
0.741
0.662
1.115
1.098
0.986
1.013
0.997
1.087
1.358
1.499
1.229
0.845
0.941
0.689
0.688
0.863
1.236
1.768
1.088
0.795
1.062
0.866
1.180
0.874
1.865
1.443
1.434
1.259
0.695
0.887
0.831
0.736
0.653
0.929
1.053
0.632
0.938
0.994
0.919
0.812
0.861
0.848
0.670
1.063
1.216
0.942
0.938
0.854
1.181
0.910
0.850
0.766
0.873
0.925
0.760
1.059
1.032
1.783
1.721
1.497
1.751
2.333
2.500
2.323
1.715
0.816
1.214
1.082
1.256
1.013
1.403
0.961
1.022
0.931
0.954
0.870
0.849
1.291
1.196
1.041
0.873
0.872
1.290
1.661
1.509
1.300
0.866
0.807
1.514
0.996
2.070
1.238
1.023
0.951
1.136
2.422
2.027
1.634
1.474
1.425
1.632
1.450
0.857
0.771
1.251
1.463
0.922
0.869
0.995
1.130
1.279
0.863
1.483
1.480
1.218
1.467
0.889
2.256
1.683
1.046
0.914
1.284
1.271
1.064
1.932
1.528
2.031
1.789
0.950
0.973
1.600
1.234
1.386
0.876
0.935
1.065
1.161
0.976
1.380
1.412
1.616
1.650
1.295
0.683
1.056
1.005
1.481
1.388
1.941
1.096
1.000
0.941
1.061
1.088
1.248
1.418
1.672
1.389
1.390
2.177
1.597
1.601
1.169
0.908
1.228
0.989
0.806
1.585
1.164
0.977
1.224
0.934
1.086
1.741
1.286
1.858
1.148
1.154
1.432
0.923
1.223
1.265
1.625
1.020
1.700
1.125
1.598
1.268
1.067
1.417
1.520
1.115
0.998
0.910
1.360
0.782
1.596
0.996
1.259
1.488
1.279
2.068
1.608
1.037
1.341
1.121
1.497
0.989
1.088
1.213
1.178
1.427
1.490
1.332
1.196
1.480
1.017
1.319
1.258
1.290
1.092
1.071
1.089
1.155
1.045
0.985
1.419
1.769
1.372
1.298
1.019
1.109
1.355
0.899
0.996
1.464
1.246
1.040
1.159
1.519
1.420
1.171
1.400
1.426
1.364
1.261
1.304
1.098
2.416
1.088
1.538
1.401
0.905
1.703
1.648
1.162
1.178
1.440
1.636
1.622
1.067
0.884
1.661
1.588
1.429
1.451
1.206
0.931
0.867
0.986
1.088
1.592
1.658
1.160
1.021
1.612
1.298
0.807
1.265
1.227
1.337
0.945
1.182
1.226
1.499
1.558
1.110
1.427
1.258
0.976
1.089
1.072
0.945
0.784
1.042
0.791
0.730
0.971
1.706
1.614
0.902
0.927
0.736
1.012
0.855
1.397
0.904
0.690
1.002
1.238
1.174
0.984
1.007
1.071
1.553
1.392
1.148
0.935
1.186
1.123
0.796
0.631
0.619
0.833
0.848
0.854
1.253
1.022
1.484
1.497
1.487
1.216
0.977
0.770
0.803
1.319
1.285
1.625
1.303
0.902
0.619
0.929
0.587
0.959
1.510
1.044
0.981
1.044
1.094
0.831
0.812
0.775
0.697
0.852
1.474
0.590
0.819
0.875
0.754
1.092
1.140
0.910
0.865
0.866
0.617
0.953
1.420
0.918
0.708
0.917
0.922
1.029
0.812
1.770
2.309
1.114
1.086
1.185
0.916
1.255
0.818
0.759
0.929
0.851
0.781
1.839
1.582
1.154
1.005
1.163
1.052
0.761
0.893
0.941
0.842
0.726
0.492
1.049
0.845
0.701
1.262
1.296
0.919
0.974
1.264
0.908
0.862
1.341
1.034
0.564
0.654
0.834
1.321
0.828
1.193
0.969
1.241
1.197
-99.000
0.910
1.691
1.543
1.037
0.923
1.344
0.773
1.264
0.799
0.679
0.874
1.084
1.103
0.927
1.094
1.043
1.116
1.015
0.673
1.010
1.404
0.888
0.926
1.101
0.885
1.134
1.069
0.771
1.081
0.776
0.989
2.008
2.129
1.561
1.264
1.403
1.973
1.828
1.486
1.378
1.423
0.859
1.244
0.983
1.020
0.903
1.237
1.143
0.939
0.780
1.276
2.304
2.436
1.748
1.176
1.368
1.102
0.993
1.525
1.522
1.337
0.763
0.597
1.358
1.003
1.126
1.080
0.972
1.211
1.028
0.992
1.061
1.714
1.261
1.219
1.436
1.322
0.986
1.430
1.349
0.864
1.560
1.325
2.064
1.513
1.764
1.472
1.098
1.235
0.784
0.817
1.235
0.867
1.433
1.351
1.583
1.103
1.783
1.128
1.025
1.150
0.817
1.332
1.240
1.445
1.407
2.092
0.946
1.056
1.406
1.273
0.974
1.270
1.369
1.222
1.488
1.468
0.753
1.175
1.688
1.302
1.367
0.873
1.258
1.278
1.193
1.113
0.804
1.462
1.243
1.154
1.252
1.270
1.484
1.562
1.453
1.261
1.470
1.903
1.253
1.406
1.770
1.101
1.310
1.854
2.380
1.792
1.189
1.214
1.567
1.657
1.482
1.166
1.286
1.569
1.281
1.062
1.048
1.390
1.121
1.591
1.330
1.600
0.998
2.498
1.588
1.515
1.358
1.402
1.341
1.000
1.150
1.780
1.140
1.427
0.978
0.982
0.791
1.071
1.326
1.130
1.119
1.144
0.886
1.228
1.162
0.934
0.932
1.421
1.519
1.008
1.148
1.117
1.296
1.209
1.610
1.836
1.675
1.974
1.276
0.979
0.775
0.738
0.955
1.098
1.431
1.161
-99.000
-99.000
-99.000
-99.000
-99.000
-99.000
-99.000
-99.000
0.926
0.921
1.075
1.171
1.228
0.756
0.666
1.138
1.214
0.905
0.909
1.183
1.655
1.209
1.265
0.936
0.985
1.279
1.106
1.408
1.083
1.089
1.066
1.213
1.206
1.224
0.922
0.759
1.189
1.390
1.654
1.308
0.676
1.228
1.160
1.222
1.350
1.203
0.909
1.934
1.826
1.674
1.063
1.239
1.505
1.497
1.095
1.206
0.691
0.755
1.037
0.707
1.170
0.995
0.760
0.922
1.074
0.533
0.742
1.038
0.714
0.967
0.787
0.937
0.901
0.776
1.385
1.647
1.840
1.623
0.950
1.421
1.464
1.798
1.819
1.423
1.412
0.729
0.887
0.926
0.582
0.913
1.072
0.626
1.330
1.270
0.899
0.958
0.921
1.059
0.990
1.278
1.701
1.257
1.102
0.898
1.172
0.921
0.761
1.227
1.263
1.223
1.258
1.111
0.909
0.763
0.855
1.591
1.311
0.978
0.951
0.790
0.743
0.918
0.590
0.913
0.686
1.019
0.837
0.854
1.207
1.439
1.349
1.670
1.439
0.955
0.845
0.897
1.565
1.892
0.949
0.603
0.764
1.252
1.462
1.429
0.814
0.929
0.908
1.249
0.733
1.989
1.680
2.440
2.680
1.995
1.084
0.507
0.607
1.282
0.819
0.775
1.053
1.021
1.212
0.738
1.113
1.105
1.539
1.686
0.991
1.406
1.582
1.432
0.956
0.813
1.953
2.058
1.613
1.505
1.361
0.638
1.006
1.019
2.247
1.835
1.411
0.794
0.904
1.094
1.210
0.648
0.614
0.890
1.140
1.474
1.347
1.268
1.233
1.236
0.985
0.907
1.581
1.013
1.233
0.998
1.258
1.365
1.683
1.379
1.907
1.941
1.203
1.748
1.142
1.504
1.423
1.203
1.527
1.172
2.548
2.226
1.045
1.026
1.403
1.668
1.191
2.196
2.066
1.163
1.133
1.568
1.362
1.975
1.884
1.181
1.509
1.486
1.881
1.638
1.608
2.364
2.313
1.781
1.369
1.179
1.148
0.972
1.195
0.980
1.185
1.208
1.957
1.114
1.553
1.101
1.364
1.411
1.604
1.461
1.751
1.560
1.917
0.899
1.427
1.012
1.086
1.157
1.562
1.249
1.459
1.101
1.341
1.553
1.568
1.347
1.487
1.517
2.068
1.698
1.252
1.208
1.716
1.687
2.253
1.462
1.637
1.258
1.412
1.403
1.538
1.119
1.401
1.786
1.831
1.571
1.212
1.688
1.129
1.563
1.518
1.496
1.171
1.380
1.373
1.243
1.535
1.299
1.200
1.488
1.471
1.371
1.094
1.450
1.544
1.280
1.276
1.482
2.084
1.696
2.062
1.734
1.609
1.197
1.119
0.653
1.021
1.242
1.075
1.169
1.578
1.340
1.302
0.796
1.068
1.231
1.027
1.271
1.009
1.218
1.128
1.097
1.036
1.164
1.420
1.484
1.599
1.727
1.132
1.666
1.015
1.246
1.409
1.466
1.312
1.295
0.878
1.337
1.090
1.606
1.930
0.780
0.866
1.420
0.979
1.036
1.226
1.406
1.224
1.197
1.577
1.540
1.355
0.942
1.109
1.174
1.666
1.497
1.610
1.821
1.313
0.828
1.180
1.358
1.541
1.456
1.576
1.479
1.362
0.796
0.947
0.844
1.012
1.172
0.806
1.105
1.301
0.976
0.938
1.317
0.782
0.974
0.843
1.121
1.512
1.193
0.825
0.840
1.120
1.193
1.705
0.694
0.854
1.204
0.949
0.794
0.816
0.857
1.414
0.721
1.100
0.945
1.146
0.890
0.777
0.843
1.079
0.955
1.032
1.079
0.868
0.628
1.009
1.303
1.252
1.156
1.146
1.067
1.603
1.731
1.338
1.004
1.287
1.332
0.937
1.655
1.530
0.893
1.329
1.177
1.716
1.219
0.808
0.576
0.784
1.143
1.414
1.322
0.694
1.247
0.883
1.091
0.899
0.835
0.724
0.874
0.441
0.866
1.124
0.939
0.859
0.771
0.880
0.767
1.172
1.071
0.842
1.355
0.595
0.634
1.420
1.145
1.484
1.417
1.048
1.128
0.778
1.065
0.644
1.295
1.194
0.943
0.692
1.971
2.527
1.716
1.140
0.960
1.145
0.735
1.742
1.295
1.411
1.473
1.311
1.079
0.925
0.867
0.646
0.691
1.097
0.576
0.989
0.858
1.251
0.703
0.729
0.683
1.371
1.043
1.695
1.697
1.217
0.935
1.100
1.277
2.691
1.973
0.908
0.927
1.854
1.588
1.043
0.947
0.648
1.584
1.939
1.552
0.983
1.068
1.486
1.444
1.141
1.136
1.063
1.048
1.511
1.513
1.479
1.154
0.951
1.355
1.345
0.932
0.864
1.159
1.178
1.374
1.193
0.945
1.080
1.398
0.935
1.194
2.189
1.427
1.918
2.623
2.457
1.803
1.072
1.125
1.171
1.076
1.014
1.075
1.537
1.128
0.829
2.164
2.615
2.400
1.689
0.869
0.857
1.165
1.135
1.248
1.123
1.455
1.787
1.524
1.579
1.409
1.150
1.346
0.887
1.953
1.155
0.796
1.075
1.241
1.490
1.803
1.457
1.701
1.049
0.786
0.950
0.888
1.048
1.250
1.226
1.647
1.247
1.350
1.142
1.219
1.187
1.065
1.322
1.443
1.479
1.426
1.060
1.042
1.285
1.491
1.490
1.761
1.239
1.612
1.787
1.108
1.962
1.712
1.970
0.917
1.176
1.155
1.934
1.666
1.067
1.398
1.617
1.400
0.981
1.698
1.220
1.256
1.934
1.094
1.739
1.131
1.240
1.375
1.164
1.062
1.369
1.213
0.893
1.604
0.930
0.987
1.315
1.344
1.207
1.073
1.505
1.054
1.094
2.353
1.656
1.872
1.471
2.486
1.769
1.675
1.334
1.091
1.274
1.631
1.159
1.024
1.288
1.306
0.904
1.163
1.202
1.053
1.664
1.434
1.535
0.964
1.144
1.047
1.256
1.412
1.250
1.659
1.361
1.220
1.614
1.001
1.598
1.367
1.697
1.015
2.036
1.025
0.749
1.686
1.074
1.069
1.032
0.740
1.059
1.763
0.935
1.027
1.130
1.516
2.142
1.375
1.195
1.273
0.905
1.550
1.474
0.998
1.030
1.400
1.202
1.644
1.466
1.053
1.110
0.587
1.117
0.971
0.827
0.864
0.776
1.021
1.118
1.249
1.631
1.623
1.627
0.849
0.783
1.149
1.099
0.632
1.433
1.359
1.268
1.160
1.141
0.805
1.132
1.072
0.723
1.040
1.035
1.255
0.988
0.813
1.472
1.262
0.710
0.993
1.091
1.412
1.196
1.299
1.425
1.337
1.488
1.281
0.676
0.866
0.762
1.224
1.434
1.449
1.724
1.288
0.920
0.935
0.872
1.081
1.218
1.608
1.173
0.518
0.869
1.562
0.837
0.822
0.923
0.720
1.137
1.319
1.324
1.156
0.913
0.772
0.951
1.175
1.044
0.933
0.915
1.025
1.016
1.670
1.323
1.150
1.872
1.212
0.879
0.846
1.107
0.898
1.345
1.074
0.978
1.261
0.728
0.668
0.845
0.733
1.011
1.101
1.166
0.756
0.682
0.764
0.649
1.243
0.993
0.453
0.942
1.084
0.941
0.688
0.574
0.753
0.871
2.224
1.779
1.305
1.143
0.863
1.090
0.723
0.798
1.349
1.099
1.001
1.007
1.091
0.950
1.161
0.992
0.529
2.404
2.557
1.949
1.574
1.603
1.452
1.320
1.070
0.861
0.991
1.262
1.576
1.525
1.790
1.541
1.603
1.321
1.069
0.857
0.696
0.938
1.454
0.637
1.159
0.900
0.731
0.627
0.686
0.939
0.923
0.905
1.020
1.329
0.976
0.927
0.801
1.638
2.377
1.136
1.051
0.780
0.816
1.478
1.720
0.984
0.717
1.034
1.139
1.069
1.192
0.727
1.138
1.793
1.255
1.143
0.897
0.971
0.850
2.054
0.842
2.660
2.605
1.857
1.778
1.328
0.659
0.906
0.556
0.958
0.877
1.761
1.420
0.973
0.790
1.067
0.921
0.885
1.176
1.366
1.472
1.183
1.368
1.418
1.408
1.512
1.677
1.089
1.041
0.853
1.309
1.028
1.117
1.755
1.051
1.130
1.252
1.941
2.035
1.767
0.991
1.084
1.082
1.214
1.191
1.178
1.614
1.279
1.355
0.987
1.130
1.547
0.961
1.204
1.037
1.362
1.541
1.243
1.228
1.399
1.367
1.272
1.371
1.790
1.175
1.318
1.178
1.580
1.911
1.258
1.718
1.282
1.384
2.524
2.190
1.838
0.950
1.077
1.560
1.893
1.462
1.261
1.008
1.818
1.816
1.801
1.563
1.157
1.415
1.202
1.885
1.192
1.023
1.334
0.992
1.374
1.362
1.320
1.285
1.153
1.513
1.579
1.136
1.261
1.293
1.650
1.845
1.241
1.725
1.595
0.781
1.041
1.199
1.872
1.152
2.050
1.608
2.059
1.416
1.686
0.827
0.894
1.348
0.840
1.103
1.580
1.200
1.315
1.224
1.239
1.558
1.318
2.097
1.455
1.056
1.179
1.598
1.543
1.483
0.896
0.815
0.642
0.834
1.002
1.372
1.273
1.016
0.907
0.875
1.507
1.479
1.475
1.640
1.474
1.624
1.821
1.609
1.314
1.544
1.578
1.768
1.739
1.648
1.048
1.105
1.769
1.872
1.562
1.247
1.145
1.476
1.640
0.811
1.246
1.265
1.095
1.046
0.638
0.797
0.976
0.882
0.854
1.117
0.975
1.192
0.916
0.951
1.274
1.078
1.342
1.440
1.008
1.204
1.054
0.858
1.060
1.083
1.273
1.002
1.576
0.884
1.128
0.763
1.037
0.651
0.839
0.922
0.723
1.042
1.150
1.250
1.042
0.964
1.014
0.949
0.772
1.238
1.341
0.828
0.838
1.298
1.125
0.925
0.822
0.590
0.878
0.748
0.722
1.195
1.116
0.980
1.406
1.215
1.312
1.544
1.503
1.242
1.272
0.754
0.623
1.064
1.221
1.070
0.699
1.122
1.248
0.725
0.915
0.805
0.665
0.746
0.866
0.796
1.049
1.140
1.071
0.917
0.911
0.666
0.962
0.824
0.600
0.825
1.211
1.068
1.380
1.286
0.917
0.892
0.878
0.514
0.767
0.940
0.765
1.301
0.858
0.775
0.825
0.988
0.856
0.927
0.847
0.781
1.153
0.926
1.079
1.442
1.431
1.026
2.520
1.219
0.963
0.929
0.806
0.737
0.585
1.203
1.133
1.176
0.995
1.297
1.342
1.025
1.146
1.158
0.876
0.573
0.776
0.374
1.154
1.807
1.090
0.866
0.848
0.841
1.034
0.824
1.262
1.999
2.043
0.779
1.973
2.640
1.698
0.800
0.990
0.854
1.293
1.076
1.028
1.074
0.852
0.673
0.637
0.680
0.809
1.127
0.953
1.624
1.094
0.707
1.291
2.559
1.568
1.197
0.756
1.696
2.104
1.700
0.821
0.524
0.870
2.061
1.007
1.546
0.944
1.094
1.607
0.932
0.919
1.166
1.916
1.232
0.928
1.450
1.656
1.509
0.824
0.923
1.520
1.478
1.648
2.044
1.321
0.908
1.163
0.999
1.320
1.333
0.956
0.850
1.538
2.485
2.715
1.107
0.924
0.624
0.933
1.424
2.695
1.979
2.530
1.808
0.881
0.683
0.942
1.156
0.901
1.002
0.775
1.157
1.401
2.023
1.531
1.456
0.956
1.689
2.175
1.394
1.506
1.195
1.365
1.016
1.827
1.680
1.713
1.167
1.182
1.031
1.473
1.134
2.208
1.158
1.110
1.367
0.832
1.124
1.239
1.364
1.496
1.343
1.281
0.785
1.560
1.851
1.628
2.975
2.795
1.373
1.520
1.330
1.564
1.323
1.118
1.532
0.988
1.567
2.921
1.772
0.965
1.387
1.327
1.280
0.875
1.474
1.313
1.340
1.077
0.878
1.412
1.206
1.143
1.052
1.037
1.398
1.197
1.321
1.653
1.331
1.383
1.408
1.066
0.803
2.011
1.324
1.334
1.052
1.132
1.264
1.377
1.250
1.525
1.675
1.341
1.534
1.455
1.062
1.155
1.659
1.023
1.160
1.288
0.518
1.407
1.445
1.240
1.390
1.664
1.049
1.129
1.297
1.187
1.508
0.988
1.327
1.495
0.796
1.137
1.266
1.097
1.393
1.315
0.941
1.068
1.286
1.398
1.404
1.535
1.417
1.133
1.219
1.329
1.607
1.823
1.960
1.533
0.822
1.228
1.062
1.085
1.176
1.178
1.209
1.115
1.460
1.614
1.413
1.050
0.827
0.574
1.048
1.752
1.327
0.835
1.107
1.118
1.371
1.279
1.335
1.451
1.279
1.524
1.892
1.190
1.162
1.349
1.217
1.570
1.366
1.065
1.102
0.574
1.002
1.146
1.379
1.423
1.786
1.380
1.003
1.117
0.975
1.541
1.535
1.480
1.444
1.197
1.017
1.172
1.131
1.134
1.016
0.815
1.046
1.091
1.320
1.327
0.960
0.521
1.029
1.136
0.769
1.707
1.409
0.863
0.958
0.960
1.052
1.018
1.003
1.113
1.170
0.707
1.020
1.502
1.266
1.449
1.452
1.065
1.127
0.836
1.018
1.337
0.988
0.529
0.882
1.034
1.098
1.019
1.690
1.323
0.911
1.224
0.747
1.040
1.057
0.912
1.251
1.614
1.395
0.826
1.661
2.112
1.744
1.065
1.172
1.405
1.241
0.890
1.051
1.343
1.791
1.261
0.811
0.736
0.837
1.026
0.869
1.247
1.138
0.978
1.258
1.073
1.393
1.439
1.045
2.161
1.627
1.198
1.109
1.037
1.112
1.214
1.133
0.870
0.642
0.831
0.873
0.812
0.559
0.971
0.803
1.487
1.449
1.394
1.185
1.166
0.800
1.157
1.075
0.690
1.471
1.229
0.827
1.040
1.135
1.025
1.070
1.257
0.928
0.899
1.485
1.439
1.491
1.233
0.913
0.825
0.918
0.992
1.230
1.624
1.538
1.194
0.647
1.702
2.424
1.801
1.266
0.885
1.061
1.211
0.980
0.871
1.298
1.267
1.421
1.642
1.570
1.155
0.842
1.479
2.045
1.086
1.002
1.247
1.564
2.042
1.816
1.545
0.801
0.632
0.955
1.148
0.936
0.879
0.691
1.252
1.180
0.979
1.108
1.631
1.950
1.710
0.965
1.231
1.052
1.078
1.563
0.831
1.490
2.313
1.069
0.829
1.127
0.921
1.429
1.005
1.340
1.556
1.328
2.700
2.148
1.153
1.419
1.635
1.706
1.911
1.458
0.969
1.728
1.672
1.721
1.785
1.552
1.425
1.498
1.530
1.102
1.255
0.653
1.174
1.015
0.886
1.123
1.280
1.154
0.946
1.653
1.322
1.511
1.915
1.043
0.816
1.166
1.116
1.266
0.984
0.903
1.538
1.693
1.292
1.022
1.788
1.688
1.779
1.441
2.076
1.404
2.525
1.669
1.497
1.284
1.313
1.199
1.205
1.155
1.697
1.431
1.481
1.944
1.489
1.579
1.616
1.548
1.986
1.431
1.520
2.308
1.029
1.105
1.184
1.104
1.434
2.054
2.354
1.292
1.366
1.327
1.521
0.924
1.623
1.278
1.774
0.934
1.274
1.084
1.297
1.475
0.774
1.061
1.076
1.303
1.271
1.269
0.969
1.411
1.024
1.317
0.823
1.740
1.535
2.000
1.196
1.417
1.004
1.089
0.960
0.898
0.882
1.067
1.082
0.980
1.279
1.459
1.216
1.230
1.175
1.450
1.055
1.405
1.285
1.306
0.982
1.309
1.528
1.079
1.521
1.341
1.032
1.510
1.836
1.222
1.447
1.229
1.417
1.424
1.963
1.329
1.383
1.508
1.937
1.552
1.653
1.135
1.193
1.437
1.789
1.043
1.760
1.394
1.070
1.296
1.181
1.042
0.975
1.273
1.286
1.322
1.544
0.951
1.397
1.435
0.980
1.343
1.648
1.546
1.428
1.228
0.943
0.805
0.720
1.118
1.386
0.803
1.110
1.112
1.422
1.480
1.060
1.269
1.271
1.179
1.019
1.270
1.190
1.626
1.231
1.442
1.658
0.944
1.203
1.681
1.703
1.424
1.184
1.029
1.061
0.841
0.822
1.328
0.951
1.044
1.476
1.648
1.690
1.236
0.657
0.913
1.177
0.916
0.500
0.844
0.831
0.747
0.810
0.852
0.859
0.900
1.061
0.917
1.022
0.922
0.973
0.748
0.799
0.577
0.792
0.961
0.665
0.610
0.562
1.046
1.242
1.172
1.469
1.191
0.982
1.635
1.948
1.437
1.097
1.061
1.194
0.908
0.936
0.970
0.687
0.741
0.891
0.919
0.966
1.167
0.957
1.524
1.137
1.370
1.483
1.539
1.286
0.951
1.202
1.216
1.177
0.953
0.948
0.785
0.780
0.848
0.835
1.195
1.044
1.732
1.686
1.686
0.925
0.779
0.862
0.880
0.948
0.798
0.839
0.865
1.088
1.406
1.220
0.875
0.632
1.204
1.082
1.510
1.175
0.430
0.613
1.169
1.165
0.462
0.821
0.563
1.519
1.722
2.113
1.484
1.172
1.259
1.318
1.231
1.134
1.460
1.731
1.514
1.440
1.394
1.227
1.241
1.649
1.322
1.208
0.992
1.116
0.961
0.645
1.201
1.182
1.201
0.962
1.138
1.357
1.239
1.096
1.268
1.266
1.057
1.053
1.015
0.994
0.900
1.313
0.720
1.056
1.411
2.353
1.428
1.067
0.850
0.834
0.983
1.153
1.365
1.226
1.023
1.317
1.339
2.318
1.098
0.702
1.975
2.751
2.062
1.146
1.029
0.615
1.007
1.558
1.407
1.208
0.994
2.194
1.532
1.562
1.993
1.144
0.878
1.063
1.596
0.949
1.935
1.876
1.517
1.029
1.177
1.350
1.448
1.209
1.103
1.120
1.370
1.084
0.783
1.693
0.997
1.077
0.895
1.052
1.255
1.866
1.413
1.311
1.616
1.888
1.501
1.094
1.126
1.538
1.245
1.081
1.241
0.919
1.528
1.227
0.960
1.733
0.984
1.627
1.428
1.373
1.024
1.053
1.330
0.987
1.645
1.300
2.392
1.792
1.989
1.224
1.334
1.885
1.642
1.330
1.623
1.588
1.213
2.042
1.522
1.188
1.174
1.446
1.124
1.304
1.711
1.393
2.055
1.336
1.257
1.018
0.935
1.418
0.948
1.579
1.213
1.978
1.808
1.746
2.276
1.820
2.147
1.418
1.894
1.775
2.043
2.142
2.438
1.866
1.472
1.677
1.195
1.438
1.074
1.197
0.824
1.231
0.960
1.200
1.500
1.012
0.887
1.322
1.401
0.958
1.707
1.180
1.262
1.041
1.373
1.030
1.408
1.217
1.772
1.608
0.937
0.956
1.026
1.324
1.022
1.252
1.707
1.466
1.163
0.987
1.122
1.229
0.945
1.153
1.396
1.158
1.289
1.606
1.312
1.045
1.106
0.801
0.844
1.293
1.498
2.061
2.054
1.458
1.037
1.455
1.307
1.078
0.835
1.274
1.173
1.172
1.180
1.168
0.920
0.990
0.853
0.636
0.764
0.855
0.645
1.004
0.973
1.242
1.368
1.329
1.072
0.977
0.865
0.906
0.889
0.899
0.967
0.881
0.896
0.686
0.890
1.085
1.155
0.708
1.136
1.428
1.207
1.226
1.670
0.879
0.933
1.348
1.116
0.990
1.000
1.037
0.861
0.527
0.907
0.879
1.625
1.472
0.856
1.058
0.935
0.855
0.693
0.872
0.976
0.885
0.741
1.045
0.974
0.862
0.531
0.627
0.901
0.718
0.867
0.838
0.756
1.047
1.286
1.306
0.947
0.748
0.554
0.796
0.650
0.702
0.945
0.610
0.940
0.863
1.187
1.641
1.102
1.145
0.791
0.638
0.907
1.088
1.100
0.828
0.833
1.069
1.062
0.751
1.230
1.172
0.770
0.843
1.045
0.970
1.121
0.866
0.751
0.831
0.690
0.901
0.983
1.168
0.784
1.323
1.005
1.068
1.155
1.491
1.343
1.024
1.050
0.904
1.669
1.230
0.729
0.679
0.852
0.640
1.078
1.310
1.455
1.673
1.356
2.190
1.360
1.382
1.438
1.174
0.769
0.868
0.841
1.264
0.821
0.615
1.114
1.921
1.890
1.009
1.455
1.002
1.189
0.976
1.108
1.196
0.997
1.138
1.153
0.689
1.260
1.769
2.030
1.454
1.059
0.845
1.084
0.914
0.974
2.131
1.851
0.874
0.934
1.205
0.997
1.042
1.413
1.247
1.347
0.841
1.496
1.646
1.640
1.636
1.474
1.121
1.266
1.195
2.222
0.870
1.164
0.570
1.155
1.035
2.464
2.382
1.592
0.812
0.743
0.934
1.019
0.676
1.013
1.161
0.864
1.329
1.240
1.096
1.422
1.327
0.706
2.026
2.784
1.304
0.735
1.016
1.416
1.325
1.192
0.926
1.414
0.793
2.028
2.129
1.597
1.107
0.814
0.849
1.317
0.841
1.647
1.250
1.123
0.916
0.932
1.058
0.914
1.084
1.459
1.141
1.170
1.600
1.699
1.244
1.713
1.798
2.080
1.859
1.707
1.730
1.963
1.203
1.371
1.020
0.874
1.479
1.261
1.561
1.034
1.451
1.475
1.924
1.812
2.101
1.838
1.553
1.590
1.665
1.028
0.827
1.182
1.494
1.598
1.628
1.851
1.229
1.577
1.631
1.589
1.748
1.774
1.194
1.036
1.462
1.113
2.059
1.653
0.947
1.266
1.674
1.685
1.194
1.077
1.398
1.804
1.309
1.288
1.250
1.265
1.019
1.076
1.216
1.123
0.873
0.788
0.859
1.790
1.706
1.486
1.860
1.690
1.224
1.189
1.070
1.099
1.073
0.988
1.167
0.706
1.480
1.545
1.073
1.128
1.459
1.390
1.238
1.042
1.480
0.963
0.766
1.103
0.842
1.604
1.778
1.738
1.063
0.855
1.076
1.247
1.072
0.770
1.328
0.857
1.082
1.346
1.129
2.143
1.528
1.618
1.539
0.981
0.710
1.123
1.207
1.347
1.277
1.247
1.294
1.688
1.417
1.139
1.332
1.736
1.507
1.123
1.276
1.479
1.381
1.408
0.979
0.585
0.800
0.920
1.762
1.236
1.020
1.202
0.917
0.922
1.329
1.805
1.475
1.379
1.318
1.035
0.998
1.514
1.075
1.592
1.222
1.291
1.444
0.937
0.919
1.088
1.038
1.107
1.449
1.377
1.152
1.105
1.349
1.304
0.716
1.212
1.059
0.612
0.749
0.791
0.940
1.449
0.954
1.220
1.146
0.802
0.474
0.870
0.968
1.362
1.272
1.144
1.220
1.174
1.249
0.974
0.721
0.852
0.803
1.330
1.079
1.453
0.964
0.994
1.360
1.081
1.103
0.779
1.038
1.405
1.301
1.155
0.658
0.980
1.015
1.120
0.879
0.762
0.665
0.820
0.750
1.102
1.635
0.940
0.930
0.662
0.860
0.672
0.675
0.848
0.754
1.096
0.875
1.015
1.386
0.783
0.923
1.313
1.608
0.669
1.093
0.934
0.771
1.417
1.010
0.919
0.800
1.034
0.683
0.674
0.987
0.930
1.114
0.846
0.794
1.554
0.718
0.830
0.766
0.749
0.973
0.993
0.778
0.663
0.967
0.766
0.533
1.075
1.744
2.206
1.512
1.338
0.926
1.291
1.132
1.317
1.233
1.181
1.305
1.151
0.968
0.818
1.072
1.167
1.236
0.635
1.165
0.957
0.826
1.087
0.873
0.876
0.958
1.148
1.065
1.245
1.967
1.325
0.766
0.901
0.794
0.740
1.151
0.709
1.134
1.319
1.526
1.642
1.403
1.620
1.492
1.585
2.154
2.217
1.335
1.119
1.027
1.337
1.282
0.809
1.347
1.758
1.877
1.060
1.132
1.406
2.761
2.322
1.663
0.767
0.815
0.985
0.702
0.844
0.955
1.278
1.553
1.668
1.844
1.574
1.749
1.196
1.203
1.126
1.418
1.141
0.843
0.938
0.938
1.305
1.178
1.782
1.842
1.030
1.065
1.156
1.568
1.764
2.261
2.652
1.349
0.912
0.677
1.499
1.794
1.643
0.943
0.722
1.052
1.153
1.324
1.203
1.417
1.154
1.137
1.251
1.028
1.136
0.911
1.184
1.176
1.326
1.816
1.808
1.204
1.063
1.366
1.596
2.146
1.735
1.250
1.194
1.339
1.448
1.330
0.977
1.199
0.722
1.171
1.426
1.296
1.158
1.195
1.378
1.107
1.270
1.240
1.371
1.539
1.434
1.556
1.093
1.250
1.075
1.330
1.341
1.380
1.008
1.335
1.744
1.023
1.243
1.405
1.722
0.886
1.897
1.698
1.424
1.199
1.464
1.154
0.569
1.177
0.940
1.119
1.533
1.669
1.624
1.215
1.442
1.039
1.436
1.138
1.000
1.287
1.127
1.388
0.883
1.295
1.074
1.637
1.426
1.246
1.286
1.411
1.603
1.961
1.158
0.950
1.050
1.282
1.595
1.833
1.607
1.212
1.468
1.345
1.275
1.435
1.310
1.201
0.744
1.101
1.785
1.714
1.469
1.048
1.149
1.083
1.090
0.867
1.107
1.145
1.174
1.156
1.154
1.206
0.976
0.842
1.352
1.553
1.966
1.553
1.239
1.115
0.833
0.830
1.178
1.233
1.080
0.926
1.074
1.427
1.212
1.494
1.654
1.488
1.258
1.297
1.590
1.876
1.222
1.585
0.877
1.066
1.220
1.048
1.108
1.005
0.977
0.972
0.813
0.686
0.917
1.083
1.206
1.117
1.111
1.153
1.046
1.261
1.161
1.586
1.909
1.119
1.097
1.410
1.015
1.059
0.947
0.811
1.051
1.319
1.386
1.484
1.427
1.246
1.090
1.330
1.387
0.882
0.570
1.224
1.730
0.851
1.910
0.903
1.169
1.193
1.222
0.835
0.831
0.588
0.849
0.813
0.625
0.583
1.037
1.169
0.815
1.186
1.374
0.858
0.926
0.789
1.137
1.019
0.699
0.827
0.883
0.793
0.826
0.959
1.115
1.465
1.322
1.517
1.388
1.386
0.977
0.728
1.400
0.918
0.842
1.080
0.958
0.723
0.724
0.822
1.208
1.153
0.857
1.972
2.432
1.476
1.202
1.229
1.040
1.309
1.337
1.193
0.625
2.461
1.773
1.476
0.733
1.058
0.877
0.979
0.866
0.736
0.695
0.787
0.701
0.725
0.925
1.500
1.362
1.543
1.700
1.023
0.934
1.174
0.984
1.057
1.113
0.780
0.863
0.843
2.030
1.694
1.150
1.244
1.087
1.453
1.597
2.026
1.928
1.492
1.452
1.126
1.342
1.228
0.863
0.867
1.543
1.591
1.069
0.893
1.507
0.832
1.105
1.114
0.865
0.954
0.929
1.036
0.698
1.170
1.269
1.469
2.295
1.684
1.299
0.986
1.128
1.842
1.132
1.510
1.047
1.313
1.746
1.433
0.935
1.230
1.180
1.165
1.446
1.431
1.390
1.139
1.313
1.063
1.370
1.119
0.964
0.917
0.978
0.915
0.989
1.165
1.067
2.276
2.536
1.375
1.098
1.340
1.206
1.258
1.381
1.372
1.358
0.881
0.791
0.855
1.277
1.968
1.093
2.420
1.735
0.901
0.741
1.006
1.486
1.280
1.524
1.118
1.581
1.351
1.255
2.175
2.269
2.613
1.748
0.741
1.139
1.011
0.978
0.639
0.759
1.131
1.263
0.820
1.083
1.237
0.713
1.557
1.662
1.545
1.410
1.514
1.081
1.661
1.247
1.251
1.300
1.242
1.068
1.288
0.737
1.296
1.318
2.029
1.636
2.325
1.822
1.082
1.052
1.413
1.575
1.626
1.466
1.075
1.643
2.273
1.399
1.165
1.228
2.036
1.229
2.260
1.175
1.712
1.134
1.114
1.006
1.612
1.687
2.030
1.268
1.516
1.132
1.250
1.795
1.930
1.702
1.166
1.412
1.020
1.488
1.245
1.601
1.332
1.409
0.917
1.271
1.172
1.083
1.746
1.044
1.232
1.233
1.180
1.552
1.247
1.635
1.362
1.052
1.599
0.925
1.038
1.633
1.959
1.662
1.507
0.860
1.419
1.492
1.724
1.392
1.455
1.168
0.972
1.156
1.064
1.452
0.900
0.924
0.745
0.716
1.281
1.112
0.887
0.989
1.263
1.664
1.489
1.656
0.921
1.046
0.985
1.565
1.201
0.916
1.149
0.812
1.750
1.343
1.137
1.075
0.862
1.504
1.144
1.273
1.272
0.970
1.703
1.097
1.149
1.409
1.769
1.464
1.917
1.660
1.449
1.197
1.082
1.599
1.537
1.213
0.985
0.968
1.187
0.935
0.890
0.872
0.740
0.913
0.939
0.857
0.704
0.848
1.038
0.919
0.863
0.909
1.214
0.882
0.899
1.138
1.799
2.395
2.081
1.671
1.159
1.040
0.939
0.841
0.739
1.428
1.371
1.003
0.693
1.194
1.034
0.900
0.741
1.665
1.266
1.031
0.874
0.772
1.061
0.921
1.053
1.058
0.875
0.874
1.163
1.181
1.323
1.137
0.904
0.792
0.800
0.827
0.571
1.077
1.492
1.660
1.353
0.913
0.849
0.707
0.975
0.888
1.391
1.429
0.906
1.389
1.162
1.153
1.600
1.059
0.662
0.973
1.101
0.750
0.951
0.736
0.793
0.905
1.125
1.137
0.923
0.802
1.526
1.067
0.813
1.380
0.732
0.999
1.247
1.100
1.546
2.019
1.662
1.245
1.001
0.691
0.802
0.843
0.884
0.862
1.437
1.075
1.153
1.358
1.222
1.664
1.565
1.661
1.032
0.678
0.964
0.996
0.772
0.762
1.547
1.166
1.177
0.836
0.463
1.143
1.117
0.838
1.341
0.988
1.255
0.988
0.946
1.045
0.931
1.476
1.275
1.088
0.894
0.812
1.149
2.348
2.165
1.925
2.100
1.707
1.122
0.736
1.028
1.414
1.135
0.643
0.891
0.772
0.916
1.436
0.842
1.142
0.777
1.603
1.453
1.660
1.533
1.621
1.198
0.625
1.203
1.030
3.473
2.404
1.540
0.892
1.325
0.727
1.228
1.046
0.793
1.284
0.871
1.215
2.188
2.137
1.627
0.692
0.637
1.725
1.510
1.091
0.993
1.225
0.634
1.823
1.968
1.333
0.810
1.569
0.945
1.285
1.936
2.446
1.795
1.690
1.453
1.221
1.418
1.081
1.566
1.364
0.871
1.249
1.143
1.223
1.536
1.465
1.532
1.671
1.250
2.004
1.124
1.135
1.500
1.324
1.522
1.254
1.004
1.229
0.867
0.798
0.676
1.757
2.152
1.281
1.357
1.407
1.547
2.405
1.490
0.993
2.199
1.397
1.398
1.346
2.960
2.071
1.052
1.212
1.111
0.968
1.565
1.068
0.936
1.700
1.115
1.389
1.721
1.373
0.774
1.267
0.953
1.842
1.230
1.886
1.450
1.805
1.007
1.649
1.651
1.160
1.468
0.943
1.258
1.567
1.425
1.985
1.116
1.112
1.459
1.810
1.605
1.508
2.045
1.513
1.561
1.076
1.357
0.968
1.349
1.265
1.453
0.842
0.969
0.872
1.242
1.537
1.313
1.394
1.171
1.079
0.968
1.213
1.356
1.286
1.126
1.616
1.565
1.796
1.537
1.881
1.640
1.320
0.817
1.240
1.176
0.988
0.915
1.348
0.957
1.041
1.100
1.021
0.925
1.252
1.205
1.058
1.092
0.813
0.886
1.312
1.283
1.615
1.520
1.335
1.420
1.303
0.997
1.167
1.061
0.926
1.083
1.441
1.500
1.253
1.949
1.474
2.024
1.746
1.567
1.626
1.307
1.724
1.960
2.110
1.440
0.938
1.212
1.125
0.974
1.238
1.493
1.425
1.471
0.948
0.984
0.848
0.906
1.341
1.426
1.139
1.120
0.944
1.125
1.263
1.322
1.712
0.736
1.063
0.601
0.972
1.233
1.495
1.475
1.821
1.697
1.645
1.593
1.055
1.657
1.758
1.061
0.758
1.253
1.027
1.451
1.092
0.940
0.882
0.942
1.279
0.913
0.883
0.980
0.931
1.196
0.862
0.981
0.804
0.942
1.450
0.743
0.785
1.193
1.032
0.904
1.162
1.173
1.132
0.933
1.642
0.995
0.829
0.979
0.854
0.875
0.917
0.760
1.102
0.680
0.891
0.832
0.527
0.899
0.642
0.706
0.899
1.138
1.749
1.003
1.127
0.731
0.707
0.897
1.452
1.203
1.654
1.437
1.193
1.296
0.965
1.158
1.362
1.381
0.977
1.630
1.427
1.037
1.397
1.149
1.042
1.060
0.903
0.914
0.637
0.725
1.000
1.208
0.734
0.562
0.918
1.214
1.227
1.167
1.070
0.913
1.276
0.887
0.890
0.812
1.131
1.724
1.691
1.540
1.476
1.379
1.349
1.470
1.100
0.979
1.043
1.038
0.812
0.654
0.781
0.813
0.739
1.025
1.213
1.424
2.163
1.655
1.995
1.409
1.086
1.230
1.071
0.650
0.767
0.591
1.022
1.203
1.646
1.737
1.339
1.203
2.340
1.090
0.698
1.183
1.292
1.312
1.474
1.360
1.025
1.058
0.963
1.404
1.318
1.497
1.293
1.268
1.274
1.403
1.356
1.051
0.867
1.132
1.620
1.332
1.820
1.243
0.980
1.221
0.728
1.090
1.155
0.712
0.836
1.153
0.768
1.366
0.884
1.061
1.222
1.009
1.667
1.304
1.908
1.981
0.836
1.135
1.042
1.435
1.083
0.865
0.737
0.879
1.223
1.373
1.168
1.340
1.309
0.963
2.558
1.665
2.408
2.549
2.301
1.723
1.084
0.843
1.157
1.417
1.309
1.722
1.294
1.280
0.946
1.035
1.272
0.778
1.148
1.286
1.193
1.305
1.492
1.222
0.914
1.320
1.220
1.615
1.036
1.323
1.521
1.469
1.148
1.400
1.584
1.551
1.206
0.965
1.380
1.551
1.004
0.915
1.154
0.810
1.221
1.396
1.295
1.644
1.526
1.218
1.306
1.026
1.900
1.168
0.849
1.655
1.668
0.901
1.417
1.304
1.436
1.596
1.158
1.397
1.349
0.839
1.505
1.442
1.440
1.102
1.317
1.395
1.437
1.419
1.553
1.858
1.035
1.306
0.978
1.281
1.800
1.540
1.589
1.450
1.887
1.460
0.843
1.690
1.512
1.372
0.646
1.185
1.029
1.273
1.194
1.034
1.786
1.885
1.655
2.085
1.960
1.237
0.894
0.879
1.116
1.373
0.993
1.525
1.233
1.196
0.996
1.247
0.979
1.647
1.456
1.442
1.454
1.750
1.875
1.610
1.117
1.699
0.994
1.201
0.966
1.399
1.300
1.362
2.048
1.969
1.966
1.293
1.161
1.195
0.955
0.935
0.763
0.756
0.937
1.381
0.665
0.925
1.263
1.208
1.368
1.621
1.461
1.417
1.115
1.047
0.674
1.120
1.152
1.223
1.776
1.640
0.805
1.154
0.964
1.135
1.055
0.995
1.407
0.615
1.166
1.383
0.943
0.951
0.988
1.401
1.317
0.912
1.117
0.899
0.818
0.999
1.047
1.273
1.056
1.285
1.022
0.858
1.427
1.538
0.673
1.099
0.999
1.512
1.475
0.774
1.788
1.696
1.295
1.277
1.642
1.314
1.667
1.357
1.535
0.736
1.015
0.770
1.108
1.282
1.262
1.256
1.532
1.101
0.638
0.747
1.191
0.838
0.833
0.719
0.785
0.804
0.963
1.017
1.282
0.802
1.484
0.980
0.733
0.894
0.909
1.042
0.712
0.695
0.924
0.945
1.027
0.900
1.056
0.963
1.053
0.929
0.688
0.779
0.717
0.745
1.920
2.120
1.289
0.939
0.927
1.152
0.937
0.746
1.128
1.126
0.852
0.789
0.832
0.726
0.887
0.678
1.714
1.106
0.895
0.941
0.695
0.684
1.102
0.963
0.850
1.206
1.232
1.247
1.972
1.387
1.203
1.023
1.238
1.911
1.836
1.576
1.288
0.974
0.706
1.095
1.026
1.118
0.988
1.551
2.795
2.362
1.988
1.550
1.271
0.826
0.908
1.015
1.112
1.106
1.060
0.421
0.679
0.739
2.267
1.558
1.149
2.086
1.662
1.064
1.171
1.036
1.038
0.835
1.227
1.546
0.937
1.944
1.527
1.308
0.833
1.299
1.539
1.390
1.110
0.901
1.279
1.409
0.981
1.757
2.601
1.455
1.029
0.597
0.998
1.319
1.143
0.700
0.864
0.536
1.056
1.108
0.964
1.146
1.476
2.225
1.969
1.659
1.348
1.016
0.999
0.941
0.861
1.351
1.343
1.245
1.355
0.811
0.845
1.232
0.868
1.155
1.026
0.751
1.313
1.454
1.117
1.067
1.005
1.257
1.537
1.413
1.229
1.302
0.749
1.233
0.875
0.798
1.162
1.438
1.215
0.976
1.238
1.299
2.310
1.622
0.965
1.446
1.364
1.348
1.469
1.569
1.450
1.827
0.908
1.547
2.675
1.505
0.915
1.731
1.472
1.143
1.410
1.939
1.296
1.409
1.193
1.493
1.128
0.905
1.211
1.331
0.998
0.947
1.521
1.891
1.198
2.650
2.871
1.907
1.441
1.458
1.424
1.567
1.735
1.940
1.446
1.438
0.911
1.125
0.910
1.584
1.294
0.993
1.047
1.827
1.561
1.804
1.480
1.772
1.524
0.874
1.537
1.638
1.042
1.116
1.302
1.450
1.171
1.039
1.456
1.558
1.071
1.543
1.294
1.155
1.467
0.898
1.120
1.330
0.950
1.296
1.292
0.855
0.964
1.370
1.220
1.330
1.616
1.401
1.291
0.777
0.569
1.044
1.141
1.434
1.746
1.202
1.170
1.160
1.439
1.207
1.370
1.303
1.250
0.930
1.074
1.678
1.656
1.501
1.127
1.111
1.200
0.841
1.027
0.989
1.187
0.708
1.032
1.152
1.500
1.036
0.847
1.245
1.845
1.328
1.603
1.618
1.525
1.603
2.008
1.686
1.322
1.134
0.977
0.899
1.044
1.325
0.999
0.614
1.181
1.611
1.713
1.889
1.771
1.164
0.882
1.040
0.910
0.863
1.087
1.357
2.362
1.006
1.054
1.106
1.130
1.282
0.665
0.607
0.803
0.983
0.749
1.011
0.785
0.933
0.637
1.150
1.002
1.095
1.383
1.309
1.254
1.042
1.010
0.913
1.038
1.276
1.099
0.701
1.111
0.987
1.047
1.186
0.810
0.564
0.728
0.595
1.105
1.182
0.681
0.849
0.875
1.168
1.132
1.705
0.966
0.703
1.011
1.501
1.396
0.867
1.141
1.506
1.853
1.876
1.652
1.020
1.009
1.104
1.198
0.682
1.163
1.082
1.309
1.180
1.219
0.996
1.164
1.019
0.760
0.617
0.970
0.963
0.765
0.626
1.370
1.552
1.280
0.964
1.155
1.092
1.282
1.290
1.522
0.904
1.069
0.788
1.348
1.262
0.804
0.813
0.724
0.640
0.828
0.809
2.655
1.673
0.890
0.796
0.849
0.796
0.868
1.156
0.839
1.091
0.872
0.777
1.430
1.358
0.685
1.051
0.523
0.898
0.993
1.063
0.869
1.121
1.122
1.059
1.422
1.321
1.547
1.425
1.423
0.861
0.640
0.994
1.969
2.277
1.532
1.124
1.196
1.023
1.039
1.200
1.122
0.859
0.830
1.480
1.676
0.993
0.535
0.839
1.348
1.592
1.923
1.567
1.087
0.756
1.527
1.465
0.872
1.130
0.812
1.084
0.940
0.805
0.803
0.838
1.449
0.731
1.130
1.187
1.195
1.035
0.912
0.898
1.161
1.139
0.712
1.124
0.943
1.233
1.305
2.805
1.638
1.172
1.001
0.726
0.712
0.899
0.804
1.092
0.938
0.969
0.775
1.267
0.963
0.865
1.147
0.802
1.022
1.136
1.636
1.148
0.836
0.839
1.316
1.185
0.992
2.187
1.619
1.649
1.353
1.084
1.105
1.535
1.022
2.258
2.017
1.438
0.880
1.192
1.069
2.609
3.362
1.993
1.053
0.779
0.916
0.935
1.082
1.417
1.033
0.884
1.071
1.253
0.812
1.338
1.339
1.242
1.576
1.714
1.417
1.285
1.430
1.369
2.008
1.972
2.185
1.970
1.412
1.121
0.987
1.392
1.412
1.956
1.991
1.311
1.054
1.182
1.058
0.902
0.878
0.907
1.495
1.314
0.864
1.000
1.372
1.071
0.901
1.470
0.702
2.516
2.780
1.840
1.106
1.263
1.111
1.557
1.223
1.363
1.461
1.213
1.404
1.536
1.167
1.769
1.400
1.324
1.222
1.285
1.002
1.879
1.355
1.097
1.489
1.782
0.967
1.271
1.286
0.955
1.964
1.455
1.481
1.292
1.944
1.244
1.448
1.769
2.787
2.493
1.076
1.192
1.179
1.076
0.677
1.006
0.886
1.402
1.384
1.164
1.090
1.257
1.271
0.961
1.215
1.095
0.909
0.928
0.703
1.319
1.534
1.347
1.093
1.627
1.699
1.319
0.877
1.212
1.058
0.797
0.902
1.245
1.295
1.242
0.823
1.045
1.004
1.507
1.277
1.149
1.121
1.629
1.612
1.382
1.324
1.162
1.151
1.335
1.423
1.407
1.604
1.525
1.168
1.068
1.439
1.901
1.377
0.942
1.281
0.966
1.020
1.289
1.319
1.262
1.600
1.693
1.443
1.059
1.059
1.060
1.368
1.930
1.595
1.277
1.763
1.190
0.768
1.013
1.137
1.496
1.209
1.357
0.440
1.455
1.803
2.059
1.823
1.404
1.159
1.393
1.520
1.018
1.053
1.574
1.300
0.894
1.173
1.566
1.154
0.738
1.057
1.133
0.978
1.621
0.854
0.901
0.866
0.966
1.638
1.403
1.219
1.127
0.974
1.396
1.154
0.893
0.961
1.132
1.108
1.315
1.372
1.355
1.742
2.123
1.687
1.136
1.371
1.648
1.441
0.821
0.840
0.941
1.200
0.801
0.653
0.895
1.006
1.690
0.860
0.969
1.249
0.952
0.988
1.000
1.602
1.177
0.667
0.918
0.620
1.021
0.530
0.865
1.491
1.273
0.903
1.033
1.016
0.966
1.391
1.147
1.464
1.427
1.256
1.166
1.175
0.856
1.214
1.115
1.040
0.844
0.654
1.007
1.330
0.942
0.615
0.830
0.824
1.379
1.254
0.985
1.027
0.818
0.860
0.949
0.807
0.786
1.113
1.391
1.440
1.847
1.653
1.788
1.336
1.048
1.090
0.913
1.127
0.935
0.909
0.993
0.782
0.912
0.860
0.763
0.728
1.251
1.013
1.393
0.910
0.929
1.292
1.190
0.492
0.571
1.250
1.249
1.179
1.206
1.158
1.122
1.246
1.148
1.469
1.610
0.907
0.644
1.383
1.323
1.193
1.012
1.325
1.523
1.226
1.061
1.601
1.160
1.697
1.234
0.572
1.240
1.643
1.530
1.498
1.023
2.646
2.644
1.565
1.087
0.928
1.155
1.155
1.068
2.032
1.164
1.465
2.204
1.878
0.973
1.660
1.070
1.152
0.835
1.012
0.907
1.223
0.959
1.250
1.443
0.878
0.997
1.027
0.959
0.927
1.120
1.053
1.634
0.982
1.361
1.242
1.583
0.809
1.329
1.136
1.072
1.340
1.162
1.414
1.468
1.291
1.532
1.682
1.838
1.800
1.660
1.637
1.360
1.001
1.906
1.391
1.187
1.278
1.522
2.083
1.254
1.536
1.829
1.753
1.723
1.468
0.992
0.815
1.210
1.445
1.185
1.333
1.161
1.451
1.304
1.628
2.360
1.929
1.755
1.041
1.581
1.223
1.098
1.274
1.742
1.656
1.639
1.407
0.907
1.392
1.171
1.376
1.261
1.378
1.566
1.214
1.004
1.105
1.192
1.080
1.134
1.271
1.230
1.629
1.213
1.082
1.515
1.239
1.236
1.311
1.315
1.596
1.304
1.365
1.596
1.744
1.628
1.352
1.622
1.793
1.301
1.172
1.081
1.333
1.677
1.704
1.529
1.183
2.032
2.019
1.238
1.991
1.309
1.432
0.940
1.156
1.451
1.113
1.457
0.956
1.757
1.263
1.073
0.935
1.711
1.576
1.929
1.975
1.502
1.855
1.566
1.698
1.314
2.158
2.178
1.762
2.421
2.048
1.506
1.687
1.007
1.137
1.560
1.731
1.580
1.546
1.626
1.493
1.620
1.907
1.426
1.065
1.301
1.653
1.288
1.916
1.521
1.455
1.143
1.442
2.410
2.281
1.642
1.127
1.444
0.828
0.859
0.919
0.807
0.842
0.731
0.757
0.768
0.918
0.903
1.244
0.826
0.656
0.968
0.924
1.016
1.206
1.412
2.014
1.681
1.439
1.932
1.730
1.527
1.027
0.836
1.360
1.227
1.234
1.384
1.020
1.093
1.189
0.997
1.101
1.252
1.129
0.786
0.998
0.990
0.815
0.869
0.867
0.980
0.751
0.746
0.552
1.022
0.960
0.970
0.868
0.994
1.419
1.155
1.062
0.911
1.270
1.252
1.278
1.733
1.318
1.439
0.828
0.742
0.800
0.678
0.865
0.732
0.674
1.301
1.138
0.961
0.833
0.864
1.057
0.879
1.213
1.384
0.983
0.622
0.853
1.385
0.902
0.753
0.935
1.075
0.995
0.768
0.620
0.899
1.017
0.973
1.014
0.953
0.923
0.944
1.127
1.416
1.371
1.394
1.587
1.331
1.042
1.535
1.145
1.023
1.052
1.131
1.045
0.907
1.018
1.339
1.353
1.786
1.083
1.204
1.013
1.048
1.381
0.858
1.748
1.619
1.478
0.794
0.959
1.017
1.203
0.986
0.997
1.114
1.636
1.369
1.025
1.611
1.405
1.266
0.727
1.015
1.168
1.033
0.809
0.856
1.261
1.069
0.675
0.951
1.025
0.863
1.179
1.003
0.987
0.911
0.995
0.954
1.312
1.263
1.516
2.631
2.026
2.096
1.690
1.480
0.858
0.923
0.782
1.806
2.100
1.314
0.655
0.831
1.126
1.264
1.251
1.398
0.940
1.007
1.021
1.229
1.146
1.398
1.083
0.992
0.864
0.771
1.002
1.275
1.310
1.369
1.477
1.671
1.266
1.163
1.005
0.826
1.140
0.977
2.394
2.266
0.901
1.053
1.027
0.592
0.858
0.858
1.055
0.916
0.941
1.279
1.794
1.201
1.516
1.078
0.977
0.903
1.115
1.056
1.384
1.576
0.851
0.759
1.753
2.238
1.651
1.090
1.811
1.546
1.802
1.634
1.566
1.133
1.216
1.481
1.197
1.290
0.952
1.203
1.098
1.024
1.350
1.352
0.876
0.978
0.893
1.009
1.202
1.071
1.587
2.140
1.617
1.061
1.023
1.362
0.941
1.400
1.460
1.604
1.485
1.612
1.202
1.317
1.363
1.794
1.951
1.251
1.077
1.504
1.323
1.085
1.595
1.061
1.215
0.739
0.877
1.333
1.570
0.938
1.043
0.977
1.252
1.325
1.627
1.847
1.428
1.193
0.846
1.221
1.063
1.230
1.520
1.234
1.024
1.255
1.733
1.273
1.151
0.732
1.170
0.960
1.475
1.167
1.414
1.436
1.376
0.993
1.243
1.786
1.709
2.031
1.133
1.090
0.773
0.844
0.798
1.472
1.183
1.202
1.660
1.199
1.354
1.294
1.190
1.232
0.902
1.367
0.858
1.268
0.900
1.457
0.951
1.260
0.890
1.089
1.127
0.775
1.106
0.747
0.571
0.858
1.270
0.763
0.702
0.798
0.872
1.006
0.727
1.375
2.395
1.093
1.038
1.028
1.495
1.088
1.282
1.339
1.230
0.731
0.979
1.276
1.599
1.357
1.307
0.632
0.951
1.229
1.269
1.317
1.079
1.321
1.372
1.138
0.834
1.065
1.374
0.937
1.465
1.131
1.155
1.360
1.224
1.130
1.164
1.174
1.141
0.982
0.887
0.690
1.064
0.994
1.130
1.307
0.981
0.576
0.577
1.135
0.867
1.361
0.756
0.759
1.150
0.993
0.858
0.904
0.899
1.389
1.240
1.044
1.181
1.155
0.743
0.870
1.366
1.425
1.413
0.928
0.933
0.993
0.722
0.790
0.895
0.772
0.735
1.020
0.780
1.040
0.747
0.666
0.799
0.963
1.169
0.959
0.860
0.795
0.778
1.089
1.275
1.061
1.626
1.236
0.879
0.810
0.690
0.921
1.151
0.929
1.519
1.339
0.874
1.034
0.967
0.916
1.023
1.132
1.035
1.113
1.277
0.974
0.739
1.951
1.559
0.797
1.064
0.792
0.944
0.701
1.050
0.962
0.905
1.076
1.013
0.822
1.050
0.972
1.156
1.041
0.789
0.947
1.132
1.216
0.984
0.985
1.325
1.016
1.214
1.175
0.714
0.774
0.886
0.854
0.980
1.154
1.086
1.591
1.534
1.396
1.021
1.558
0.751
0.905
0.612
0.721
0.964
1.260
1.200
0.949
0.922
0.652
0.903
1.024
1.099
1.239
1.280
1.289
1.084
1.060
1.005
1.033
0.957
1.074
1.132
1.855
1.372
0.493
0.810
1.874
1.776
1.385
1.950
1.969
1.844
1.776
1.028
1.000
1.499
1.166
1.109
0.891
1.105
0.890
1.132
1.272
0.978
1.571
1.199
0.744
1.376
0.625
0.956
1.443
1.206
0.895
0.954
0.905
0.848
1.292
1.602
1.850
1.307
1.543
1.375
1.405
1.100
1.059
2.159
1.164
1.458
1.480
1.404
1.307
1.409
1.070
1.202
1.295
1.181
1.221
0.811
1.209
1.060
1.015
1.122
1.389
1.093
0.966
1.234
1.675
1.501
1.405
1.356
0.997
1.131
1.530
1.498
0.941
1.262
1.744
1.408
1.014
0.853
2.267
1.913
1.012
1.428
1.548
1.808
1.563
1.361
0.921
1.124
1.024
1.110
1.705
1.204
1.402
1.230
0.876
0.995
1.406
1.467
1.463
1.288
1.536
1.734
1.170
1.164
1.269
1.340
1.178
1.594
0.857
1.432
1.683
1.123
1.276
1.363
1.576
1.543
1.187
1.106
0.966
1.150
1.400
1.669
1.509
1.377
1.225
1.077
1.301
1.060
1.468
1.203
1.282
1.015
1.187
1.366
1.012
1.418
1.178
1.067
1.028
0.960
1.235
1.813
1.687
2.314
1.871
1.338
1.567
1.406
1.511
0.950
1.215
0.545
1.163
1.123
1.364
1.565
1.976
1.383
1.075
1.093
1.691
1.529
1.337
1.692
1.679
1.280
1.570
1.582
1.415
1.445
1.353
1.269
1.324
1.373
1.136
1.886
1.534
1.611
1.221
0.756
1.102
1.134
1.416
1.216
0.643
0.651
0.954
1.317
1.193
1.262
1.107
0.995
0.778
1.056
0.913
1.277
1.413
1.809
1.186
1.409
1.451
1.770
1.793
1.708
1.912
1.434
1.623
1.551
1.802
1.046
0.947
1.381
1.191
1.051
1.395
1.291
1.502
1.757
1.732
1.630
1.563
1.894
1.240
0.885
1.009
0.916
1.206
0.814
0.710
0.798
1.072
1.134
0.915
0.663
0.814
1.212
1.289
0.622
0.598
0.747
0.845
1.154
1.148
1.108
0.885
0.969
1.269
0.866
0.824
1.539
1.127
0.869
1.662
1.315
1.183
0.843
0.699
0.885
1.145
1.050
0.832
1.257
0.818
1.096
0.708
0.890
0.579
0.891
1.156
0.870
0.612
1.014
1.177
0.977
1.088
1.155
1.175
0.702
0.759
1.074
1.355
1.207
1.594
1.643
1.577
0.887
0.913
1.170
1.152
1.119
0.963
1.327
0.966
0.715
0.829
1.017
1.025
0.669
0.931
0.913
1.882
2.379
1.861
1.623
1.075
0.790
0.814
1.706
1.007
1.256
1.208
1.068
1.448
1.284
0.996
0.862
0.741
0.890
1.003
0.678
0.654
1.055
1.192
0.853
0.686
2.153
1.851
1.363
0.907
0.935
0.765
0.803
0.925
0.847
1.035
0.719
1.178
1.164
1.300
0.878
1.447
1.511
0.822
1.266
0.971
0.906
0.838
1.088
1.133
0.956
0.716
0.493
0.966
0.991
1.058
0.966
0.778
1.028
1.284
1.035
0.895
1.176
0.849
0.985
0.836
0.890
0.782
1.106
0.929
1.056
1.116
1.427
1.126
1.142
0.837
0.738
0.786
0.789
0.961
1.283
1.115
0.914
1.399
1.015
0.940
1.442
1.171
1.375
1.309
1.207
1.192
2.183
2.277
1.701
0.982
0.860
1.471
1.852
0.959
0.863
1.245
0.821
0.975
0.802
0.690
0.931
1.748
1.413
0.818
0.774
1.539
1.133
1.085
1.671
1.355
1.314
1.420
1.144
1.043
1.065
2.105
2.311
1.438
0.852
0.952
0.743
1.500
2.096
1.991
1.343
0.863
1.278
1.117
1.208
1.425
1.332
2.258
2.033
1.857
2.329
2.224
1.590
0.959
0.887
1.368
1.176
1.136
1.164
1.695
1.485
1.715
1.388
3.568
2.308
1.126
1.064
1.572
1.309
0.949
1.242
1.406
1.316
1.351
0.878
1.421
1.547
1.432
1.272
1.527
1.142
1.001
1.408
1.616
1.261
1.077
1.148
1.151
0.916
0.813
1.015
1.246
1.730
1.646
1.598
2.006
1.870
2.003
1.625
1.170
1.215
1.425
1.129
0.786
1.457
1.470
1.242
1.521
1.671
1.603
1.270
1.824
1.912
1.199
0.746
1.105
2.407
1.538
0.862
1.184
0.972
1.002
1.184
1.499
1.289
1.333
1.330
0.976
0.824
1.404
1.512
1.941
1.643
1.091
0.907
1.628
1.380
1.220
1.527
1.529
1.269
1.300
1.687
1.635
1.598
0.880
1.671
1.463
1.083
1.432
1.284
1.274
1.641
1.402
1.994
1.359
0.907
1.057
1.182
1.469
0.974
1.342
1.167
1.195
1.267
1.307
1.676
1.511
1.010
0.947
1.069
1.614
1.422
1.111
1.162
0.776
0.850
0.874
1.127
1.035
0.967
1.141
1.051
1.238
1.588
1.321
1.177
0.765
1.075
1.246
1.196
1.107
1.309
1.399
1.128
1.428
1.698
1.329
0.715
1.286
1.197
1.385
1.372
1.321
1.039
1.276
1.368
1.164
1.432
1.405
1.750
1.290
0.683
0.792
0.710
1.181
0.956
1.102
1.397
1.635
1.490
1.139
1.263
1.289
1.392
0.786
1.392
2.200
1.776
1.611
1.334
1.047
1.190
0.819
0.772
1.268
1.105
1.212
1.647
1.018
0.847
1.207
1.653
1.155
0.749
0.698
1.096
1.244
1.001
0.906
0.814
0.808
1.196
1.431
0.768
0.637
0.734
0.812
0.884
0.934
0.764
1.019
1.137
1.089
1.010
0.875
0.867
0.738
0.830
0.829
0.774
0.774
1.261
1.125
1.114
0.840
0.722
0.652
0.811
0.771
0.963
1.317
1.286
0.479
0.689
0.698
0.642
0.764
1.163
0.899
1.124
1.173
1.444
1.321
1.007
0.829
0.695
1.180
0.797
0.870
1.444
2.470
2.277
1.792
1.439
0.882
1.008
1.195
1.207
0.982
2.023
2.108
1.385
1.346
1.817
1.803
1.710
1.121
1.152
0.937
1.125
1.333
1.665
1.535
1.704
0.788
0.907
0.983
1.436
1.995
1.778
1.294
0.790
1.074
0.622
0.769
1.165
1.152
1.033
2.205
1.718
0.790
0.742
0.892
0.861
0.743
0.858
1.094
1.084
1.372
0.934
1.157
1.400
1.292
0.911
0.949
1.334
1.059
1.192
1.183
1.045
1.151
1.168
1.384
1.192
1.397
1.136
1.335
1.134
1.021
1.220
1.376
1.029
1.075
1.626
1.793
1.562
1.041
0.867
1.211
1.014
0.916
1.081
0.859
0.717
1.013
0.897
2.381
1.822
1.001
1.511
1.418
1.018
1.177
1.258
2.261
2.588
1.631
1.081
1.143
0.988
1.286
1.264
1.275
1.069
1.080
1.133
1.262
1.272
0.836
1.109
1.411
1.269
1.164
1.071
1.326
0.877
0.902
1.149
1.065
1.472
1.275
0.637
0.937
1.167
1.413
1.514
1.055
1.643
1.436
1.513
2.653
2.515
1.065
1.297
0.843
1.165
1.381
1.535
0.739
1.103
1.016
0.885
1.042
0.873
1.199
1.248
1.443
1.263
1.080
0.831
0.755
1.074
1.452
1.192
1.157
1.589
1.642
1.829
0.866
1.163
1.107
1.550
0.834
0.866
1.124
1.535
1.432
1.136
1.322
1.550
1.064
1.452
1.997
1.980
2.008
1.213
1.325
0.971
1.047
1.428
1.095
1.376
0.875
1.364
1.311
1.144
1.982
1.223
1.282
1.209
0.976
1.372
1.067
1.023
1.338
1.240
0.645
0.998
1.076
1.094
1.119
1.211
1.578
0.895
1.141
1.316
1.635
1.777
1.161
0.958
1.227
1.297
0.927
0.933
0.795
1.390
1.577
1.326
1.407
0.876
0.992
0.916
0.942
1.187
1.282
1.622
1.576
1.176
1.108
0.954
0.994
1.180
1.437
1.177
1.072
0.827
0.748
1.170
1.590
1.059
1.273
1.177
1.157
0.822
1.082
1.468
1.475
0.902
1.204
1.429
1.237
1.178
1.136
1.671
1.915
1.843
1.389
1.920
0.858
1.370
1.077
1.709
1.839
1.502
1.651
1.831
1.470
0.976
0.957
1.200
1.216
0.748
1.357
1.790
1.772
1.282
1.011
0.874
1.012
1.110
1.139
0.792
1.045
1.134
1.264
0.967
1.436
1.013
1.124
1.573
1.058
0.884
1.035
1.189
1.146
0.829
1.046
1.009
1.066
0.922
0.610
1.140
1.484
1.353
1.370
1.563
1.494
1.550
1.372
1.345
1.153
1.308
1.734
1.087
1.097
0.664
1.185
1.065
0.928
0.879
1.516
0.940
0.958
1.004
1.062
0.909
0.794
0.985
1.151
1.201
0.888
0.773
1.120
0.879
1.608
1.079
0.841
1.053
0.927
0.576
0.855
1.070
0.991
1.369
1.075
0.867
1.354
1.170
0.938
0.760
0.666
0.732
0.874
0.637
0.991
0.954
2.406
1.500
1.178
1.213
2.213
1.405
0.885
0.723
1.400
1.068
0.915
0.918
1.646
1.363
0.806
0.985
0.847
0.749
1.037
1.556
0.846
1.104
1.202
1.468
1.391
1.136
0.902
1.665
1.987
1.061
0.858
0.721
0.962
0.826
1.007
1.290
0.980
0.898
1.080
1.011
1.352
1.479
0.774
0.720
0.796
0.944
1.197
1.249
1.185
1.144
0.715
0.902
1.141
1.299
1.308
0.886
1.839
1.507
1.676
0.905
0.934
1.219
1.177
1.214
1.016
0.935
0.921
1.284
1.269
1.326
1.008
2.644
2.388
1.647
1.803
1.595
1.476
1.418
0.665
1.090
1.246
1.391
0.860
2.612
2.388
1.159
1.098
1.430
1.152
1.640
2.365
1.812
0.814
0.656
0.674
1.129
1.070
1.366
1.081
1.036
1.212
0.700
1.058
1.581
2.538
3.016
2.047
1.601
0.800
0.950
1.258
0.967
0.877
1.278
0.983
1.237
1.722
1.366
1.392
1.253
1.244
1.754
1.140
1.493
1.572
1.852
2.046
1.964
1.426
2.636
1.119
1.419
1.493
1.186
1.445
1.296
1.576
1.242
1.625
2.301
2.174
1.748
0.922
1.639
1.920
1.880
1.319
1.142
1.126
1.565
1.844
1.581
1.755
3.020
2.327
1.132
1.548
1.267
1.630
0.952
1.610
1.853
1.644
0.818
1.106
1.336
1.704
1.064
1.069
1.214
1.101
1.283
1.120
1.386
1.178
1.428
2.157
1.256
1.236
1.316
1.208
1.429
1.171
1.110
0.883
1.655
1.840
1.129
1.931
2.091
1.074
1.306
1.556
0.962
0.883
0.996
1.298
1.372
0.952
1.461
0.870
1.054
1.386
1.195
1.180
1.105
1.090
1.015
0.600
1.010
1.390
1.886
1.872
1.451
0.852
1.207
1.586
1.234
1.394
1.207
1.145
1.162
1.656
2.077
2.132
1.585
1.037
1.456
1.275
1.117
1.323
1.220
0.952
1.137
1.641
1.376
1.187
1.541
1.232
1.050
1.401
1.392
0.930
1.025
0.988
1.613
1.352
1.050
0.841
1.477
1.677
1.643
1.326
1.212
1.114
1.394
1.462
1.697
1.938
2.271
1.662
1.183
1.099
0.956
1.049
0.764
1.162
1.098
1.077
0.983
0.659
0.558
0.809
1.029
0.957
0.987
0.882
0.734
0.754
1.173
1.025
0.668
0.756
0.926
1.240
1.298
1.123
1.423
1.437
1.414
1.211
1.407
0.943
0.892
0.995
0.817
0.982
1.259
0.862
1.007
1.461
1.615
1.848
1.846
1.661
0.761
1.094
1.262
0.705
0.755
1.016
1.027
1.056
0.846
1.086
1.416
1.521
1.233
0.897
1.321
1.711
1.446
0.952
0.993
1.071
1.038
0.641
0.899
1.084
0.756
0.568
0.972
1.096
0.647
0.967
0.948
0.952
0.998
1.063
1.181
0.873
0.769
0.885
0.508
0.893
0.755
0.701
0.937
0.857
1.014
0.952
0.808
1.076
1.314
0.822
1.634
2.290
1.832
0.982
0.862
1.050
1.000
0.895
1.003
0.712
1.182
1.663
1.202
1.039
1.377
1.766
2.227
2.246
1.623
1.047
1.348
1.804
2.054
2.250
1.987
1.848
1.825
1.770
1.430
0.903
0.649
1.060
1.410
1.500
1.607
1.239
1.871
2.095
1.496
0.848
0.701
0.859
1.035
0.879
1.057
0.663
1.144
0.751
1.087
0.948
0.907
0.730
1.044
1.278
1.108
1.308
1.620
1.699
1.063
0.821
1.133
1.338
0.909
0.823
1.134
1.172
0.691
0.859
1.213
0.922
1.053
0.724
1.511
1.419
1.118
1.250
0.775
1.505
1.614
1.217
1.366
0.704
1.352
1.364
1.290
1.062
1.131
1.396
1.007
0.850
1.574
1.528
1.446
0.825
0.868
0.805
1.473
1.488
1.370
1.416
1.350
1.503
1.473
1.516
0.638
1.941
2.041
1.544
1.228
1.212
1.190
1.075
1.231
1.124
1.189
1.073
0.660
0.862
1.297
1.216
1.479
1.408
1.565
1.433
2.025
1.962
1.150
1.982
1.504
1.401
1.307
1.107
1.363
1.479
1.561
2.076
1.041
0.822
0.940
1.554
1.254
2.680
2.602
1.605
1.288
1.463
1.234
1.216
1.108
0.864
1.084
1.506
1.381
1.263
1.403
1.216
1.407
1.734
1.811
1.468
1.192
1.426
1.505
1.394
1.334
0.984
1.203
1.234
0.996
1.016
1.261
1.635
1.858
1.466
1.006
1.438
1.485
1.043
0.937
0.940
0.937
1.527
1.355
0.899
0.931
1.047
1.065
1.067
1.786
1.356
1.499
1.765
1.369
1.039
1.714
1.266
1.295
1.782
1.497
1.697
1.320
1.240
0.803
1.123
1.070
1.681
1.172
1.263
0.618
1.488
1.520
1.136
1.476
1.478
0.992
1.615
0.857
1.246
1.102
1.214
1.626
1.225
0.868
0.948
0.833
1.340
1.638
1.204
0.904
1.115
1.311
1.319
1.143
1.256
0.718
1.336
1.660
0.941
1.196
0.702
1.184
1.407
1.674
1.449
1.034
1.037
1.323
1.232
0.927
1.092
1.415
1.173
1.526
1.319
0.927
0.699
0.699
0.788
0.897
0.616
1.310
1.237
1.328
1.747
1.925
2.133
1.459
0.769
1.115
1.100
1.480
1.145
1.486
1.150
1.043
0.670
0.891
1.295
1.260
1.370
0.797
0.842
1.348
1.596
1.608
1.343
1.078
1.465
1.267
1.569
1.393
1.823
1.178
1.497
1.397
1.589
2.012
1.899
1.134
1.206
1.062
0.993
1.408
1.364
1.803
1.845
1.629
1.519
1.250
0.856
0.682
0.791
0.907
0.780
0.845
0.906
0.796
1.251
1.522
1.120
0.639
1.134
0.917
0.701
0.821
0.646
1.088
1.119
1.333
0.887
0.555
1.050
1.095
1.252
0.703
0.546
1.110
1.458
1.355
1.136
0.869
0.746
1.101
1.159
0.643
0.932
0.956
0.977
0.648
0.913
1.300
1.104
1.054
1.029
0.818
1.022
0.756
0.761
1.045
1.682
1.447
1.259
0.677
1.038
0.760
1.012
0.758
0.949
0.800
0.733
0.860
0.788
1.068
1.107
0.929
0.926
1.742
1.764
1.426
1.140
1.129
0.926
0.790
0.846
1.146
1.095
0.944
1.251
2.976
1.786
1.276
1.336
1.091
1.018
0.947
1.211
0.918
0.731
1.363
1.037
1.154
1.341
1.514
2.073
1.025
0.998
1.083
0.925
2.489
2.276
1.463
1.017
0.986
1.332
1.982
0.847
0.930
1.361
0.928
0.858
0.708
0.892
1.180
1.334
0.856
1.346
1.051
0.815
0.669
0.490
1.179
1.216
1.341
1.141
0.919
1.607
1.158
1.307
1.604
1.693
1.549
1.166
1.214
0.789
1.483
1.327
1.336
1.073
1.282
0.826
1.299
1.580
1.167
0.881
1.463
1.168
1.198
1.544
0.970
1.251
1.184
1.217
1.458
1.693
1.400
1.673
2.558
1.523
2.003
1.988
1.191
1.295
0.654
0.972
1.300
1.276
1.542
0.954
1.078
0.849
1.358
1.401
1.069
1.285
1.092
1.279
1.174
1.298
1.954
2.168
1.825
2.369
1.771
1.036
1.264
1.549
1.689
1.708
1.766
1.278
1.310
2.077
1.933
1.576
1.018
1.174
1.295
0.981
0.785
1.077
1.046
1.284
1.864
1.267
0.970
0.934
1.440
1.195
1.028
0.837
1.063
1.699
1.264
1.268
1.223
1.386
1.997
1.866
1.039
0.908
1.131
1.095
1.399
1.532
1.923
1.562
1.770
1.353
2.026
1.076
1.337
1.152
1.409
1.393
1.443
0.689
1.471
1.473
0.945
1.106
1.108
0.839
0.709
1.272
1.208
1.094
1.256
0.818
1.233
0.768
0.796
0.916
1.351
1.691
2.091
1.258
1.653
1.178
0.953
0.981
1.105
1.186
1.822
1.851
1.756
1.758
1.003
1.053
1.618
1.450
0.952
1.002
1.589
1.130
1.310
1.103
1.208
1.846
1.679
1.189
1.349
1.378
1.119
1.288
1.497
1.188
1.018
1.394
1.444
1.702
2.075
1.567
1.431
1.341
0.925
0.448
0.948
1.287
0.840
0.968
0.710
0.633
0.609
1.105
1.244
1.027
0.928
1.236
0.930
0.865
1.113
0.922
1.089
1.301
1.385
1.074
1.012
1.078
0.809
0.836
0.881
1.518
1.573
1.185
1.359
0.872
0.858
0.601
0.908
1.677
1.215
1.124
1.506
1.151
1.017
1.258
1.437
1.230
0.833
1.219
1.570
1.405
1.215
1.013
0.968
1.265
0.988
0.831
1.449
1.122
0.756
1.085
1.467
1.160
1.114
1.162
0.853
1.526
0.926
1.100
1.324
1.061
0.877
0.800
1.743
1.624
1.293
1.566
1.222
0.960
1.182
1.342
1.165
1.320
1.533
1.112
1.594
0.939
0.964
0.721
1.105
0.974
0.675
1.042
1.148
0.668
0.919
1.014
1.092
1.593
1.164
0.749
1.224
1.035
0.840
0.716
1.615
0.766
0.646
0.825
0.711
1.352
1.193
0.791
0.775
0.845
1.055
1.161
1.600
1.482
1.470
1.273
1.149
0.763
0.775
1.007
0.932
1.357
1.211
1.004
1.440
1.590
1.236
1.421
1.249
0.977
0.663
0.821
0.651
0.556
0.511
0.819
0.957
1.556
1.338
1.127
1.480
2.317
2.465
1.821
1.381
1.017
1.062
0.942
0.770
0.850
0.697
1.775
1.550
1.456
1.120
1.221
1.015
0.832
1.144
1.089
1.031
0.845
0.998
0.766
1.184
0.740
0.941
1.072
1.044
1.931
1.823
1.656
1.385
0.834
0.650
0.765
1.140
0.968
1.195
1.294
1.080
0.801
0.638
0.831
1.143
0.977
1.820
1.038
0.755
1.306
1.351
1.012
1.702
2.256
1.976
1.457
0.794
1.168
1.807
1.497
0.864
0.652
1.079
1.229
1.339
0.842
1.141
1.326
1.201
1.444
1.444
1.175
0.933
0.927
1.289
1.296
1.024
1.141
0.778
0.814
0.877
1.435
1.340
1.075
1.172
1.006
0.809
0.693
1.040
0.880
1.368
1.229
1.034
1.447
1.515
0.970
1.231
1.099
1.398
1.142
0.990
1.041
1.265
1.351
0.961
1.173
1.171
1.621
1.480
1.327
1.321
1.045
1.704
1.539
2.016
1.459
1.125
0.906
1.651
1.294
1.468
1.806
1.587
1.003
1.272
1.699
1.372
0.951
0.824
1.952
1.249
1.010
1.442
1.160
1.315
1.064
1.676
1.153
1.954
1.730
1.139
1.531
1.160
2.197
1.199
0.813
1.266
0.914
1.341
1.269
1.431
1.113
0.976
1.377
1.950
1.355
1.531
1.331
2.239
2.082
2.970
1.559
0.956
1.749
1.022
1.129
1.258
1.719
0.983
1.395
1.097
1.105
1.259
1.182
1.162
1.240
1.091
1.322
1.117
0.803
1.235
1.326
1.451
1.086
0.812
0.756
0.672
0.840
1.554
1.919
2.094
1.689
1.453
1.515
0.814
0.940
1.061
1.260
1.468
1.092
2.070
1.599
1.453
1.723
1.830
1.594
0.997
0.999
0.967
0.955
0.778
1.391
1.241
1.520
1.227
0.923
1.145
1.073
1.207
1.133
1.279
0.714
0.843
1.437
0.903
1.092
1.177
1.088
1.510
1.599
0.670
0.824
1.230
1.940
1.685
1.090
1.630
1.649
1.597
1.353
1.047
1.712
1.140
0.666
0.791
1.252
0.993
0.893
1.388
0.917
0.956
1.265
1.467
0.758
1.603
1.047
0.898
0.899
1.073
1.204
1.504
1.520
1.333
1.223
1.423
0.903
1.297
0.849
1.227
1.131
1.250
1.378
0.826
1.235
1.781
1.381
1.264
1.121
0.923
0.974
1.081
1.365
1.242
1.548
1.203
0.922
1.196
0.912
1.814
2.247
1.346
1.334
1.351
0.970
1.351
1.148
1.201
0.961
1.116
0.927
1.098
1.258
0.953
0.880
0.721
0.732
0.785
0.746
0.930
0.850
0.758
0.852
0.795
0.728
0.823
1.060
0.814
1.291
0.931
1.124
0.608
0.962
0.743
0.697
0.903
0.923
1.483
1.006
1.104
1.185
0.976
1.136
1.253
1.573
1.453
0.975
1.407
1.069
1.348
1.207
0.846
1.052
0.748
1.207
1.378
0.832
0.874
0.803
1.033
2.102
1.301
0.979
0.772
1.113
1.138
0.590
0.765
1.155
1.027
0.806
0.931
1.442
1.136
0.865
0.682
1.058
1.006
1.046
1.225
1.292
0.690
0.470
0.927
1.107
0.953
0.835
0.821
1.116
1.096
0.641
1.721
0.990
0.804
1.369
1.050
0.793
0.937
0.684
0.808
1.242
0.818
0.856
0.618
0.893
1.018
0.685
1.693
1.896
2.173
1.030
0.968
1.411
1.688
1.078
0.761
0.547
1.245
2.440
1.549
0.809
1.513
0.681
0.971
0.422
0.708
0.995
0.671
0.889
1.068
0.911
1.737
1.615
1.364
0.675
1.219
1.003
1.035
1.019
0.803
0.722
0.938
0.717
0.747
0.814
1.240
1.470
1.276
1.400
0.755
1.333
0.904
0.656
1.141
1.514
0.770
0.838
1.355
1.356
1.167
2.047
1.841
1.070
0.724
0.738
1.104
1.253
0.914
0.877
1.225
1.310
0.850
0.960
1.272
1.226
0.730
0.902
2.411
1.927
1.174
0.733
1.102
1.340
1.536
1.406
1.442
1.784
1.528
1.567
0.836
1.197
0.851
1.722
1.150
1.007
1.137
1.478
1.328
1.313
1.416
1.500
1.264
0.952
1.316
1.592
1.877
1.667
2.071
1.556
1.993
1.295
1.020
1.219
1.040
1.107
1.191
1.526
1.369
1.244
1.126
1.216
0.967
1.915
1.267
1.504
1.381
1.456
1.762
1.940
0.824
1.145
0.881
0.704
1.984
1.374
0.986
1.307
1.469
1.469
1.853
2.016
1.612
1.106
1.127
0.909
0.887
1.122
1.471
1.504
1.306
1.093
0.982
1.130
1.278
1.650
1.420
0.994
0.833
1.181
1.042
1.339
1.659
1.576
1.322
1.514
1.721
1.462
1.070
1.122
1.299
1.183
1.041
1.166
1.379
1.556
1.806
0.962
1.252
1.215
1.382
1.432
0.801
1.102
1.348
1.180
0.972
1.007
0.878
1.544
1.450
1.258
1.338
1.466
1.115
1.375
1.252
1.143
1.394
0.913
1.245
1.514
0.857
0.849
0.987
0.998
1.155
1.041
1.084
0.975
1.183
1.044
0.720
0.820
0.912
0.913
1.049
1.406
1.415
1.448
2.034
2.115
1.982
1.684
1.447
1.544
1.043
1.527
1.871
1.686
1.289
1.447
1.264
1.540
1.747
1.296
0.936
1.067
1.090
1.230
0.996
0.847
0.708
0.778
0.909
0.817
0.865
1.062
1.233
0.790
1.046
1.053
1.023
0.784
0.980
0.951
1.285
0.972
0.878
1.344
1.154
1.061
1.384
1.210
0.830
1.108
0.992
1.115
1.120
0.723
0.897
1.166
0.909
0.903
0.941
1.037
0.835
0.904
0.759
0.980
1.384
0.893
1.154
1.082
0.626
0.971
0.903
1.083
0.909
0.970
1.278
0.695
0.895
0.987
1.224
0.868
0.844
0.634
0.894
0.887
0.670
1.067
1.556
1.618
0.533
1.166
0.823
0.945
1.092
0.704
1.096
0.821
1.017
1.052
0.748
0.987
1.796
2.333
1.768
2.031
1.979
1.715
1.398
1.241
1.108
0.896
1.174
1.382
0.967
0.690
0.947
1.180
1.217
1.133
0.992
1.012
0.687
0.998
0.570
0.687
0.779
1.515
1.330
0.906
1.339
0.784
1.402
1.260
1.002
0.999
2.731
2.465
2.143
1.985
1.447
0.724
0.956
1.026
1.151
0.721
1.678
1.229
1.338
0.938
0.921
1.021
1.009
1.352
1.726
1.607
0.849
1.182
2.339
1.681
0.865
0.884
0.871
1.652
1.303
0.681
1.162
1.542
1.533
1.518
1.099
1.041
1.078
1.166
1.237
1.084
1.064
1.317
1.051
0.889
1.095
0.877
1.117
0.868
0.996
0.881
1.655
1.808
0.974
1.236
0.829
1.014
1.086
1.349
1.495
1.134
1.395
1.236
1.534
1.160
1.363
1.102
2.197
1.943
2.895
2.305
1.447
0.746
1.273
1.490
1.195
1.121
0.869
0.984
1.168
1.916
0.874
0.966
1.296
1.480
0.965
1.573
2.301
2.653
2.441
1.662
0.886
0.661
1.126
1.405
1.400
1.308
1.061
2.303
1.936
1.243
0.925
0.900
0.564
0.953
1.629
0.880
1.292
1.318
1.136
0.706
1.405
1.902
1.318
1.633
1.139
0.812
1.254
1.070
1.129
2.633
1.945
1.875
1.761
1.109
0.994
0.799
1.215
1.346
1.219
1.579
0.901
1.425
1.297
1.235
1.453
1.712
1.397
1.169
0.959
1.288
1.805
2.007
2.059
1.894
1.473
1.813
1.254
2.463
1.369
0.846
1.389
1.713
1.460
1.591
1.346
1.228
0.943
1.220
1.569
1.140
1.013
1.208
1.118
0.699
0.898
1.623
1.681
1.315
1.216
0.874
1.585
1.264
1.728
1.351
1.245
0.893
2.381
2.142
0.968
1.606
1.320
0.963
1.029
1.499
0.907
1.622
1.204
1.164
1.071
1.305
0.926
0.956
1.434
1.294
2.144
1.578
1.531
1.194
1.204
1.192
0.856
0.822
1.238
1.213
1.389
0.739
0.705
0.885
1.136
1.401
1.015
1.551
1.976
1.901
1.491
1.411
1.914
1.600
1.932
2.220
0.959
1.339
1.510
1.652
1.068
1.143
0.813
1.070
1.348
1.209
0.974
1.101
1.191
1.355
1.304
1.681
0.953
1.269
0.986
1.193
1.348
1.424
0.990
1.355
0.844
0.706
1.174
1.607
1.767
1.610
1.379
1.503
1.457
1.495
1.082
1.279
1.790
0.978
0.609
1.166
1.035
1.101
1.242
1.135
1.123
1.242
1.124
1.294
1.006
0.861
1.475
1.503
1.165
0.836
1.206
1.143
0.904
1.111
0.869
1.178
1.066
1.027
1.464
1.078
1.035
1.431
1.085
1.245
1.169
1.195
1.709
0.906
0.920
0.874
1.233
1.121
1.347
1.274
0.859
0.684
0.940
1.075
0.997
0.985
1.284
1.403
1.211
0.981
0.719
1.234
0.656
0.654
1.161
1.505
0.820
1.273
0.965
0.700
0.743
0.844
0.690
0.944
1.324
1.326
1.124
0.712
0.601
1.440
1.091
1.329
1.095
1.172
1.053
0.730
0.815
2.762
1.546
0.976
1.293
1.149
0.819
0.612
0.866
1.073
1.037
1.158
1.115
0.881
0.753
0.718
0.425
0.944
1.379
1.108
0.843
0.703
0.786
1.143
2.371
1.568
1.398
1.136
1.032
1.346
0.999
0.863
1.011
0.901
0.912
0.967
0.974
1.849
1.876
1.181
1.223
1.321
1.069
0.696
0.539
0.735
0.642
0.772
1.159
1.774
1.621
1.278
1.308
1.208
1.379
0.901
1.093
0.943
1.260
1.026
0.937
1.319
1.382
0.819
1.106
0.856
1.161
1.264
1.065
0.979
1.228
1.076
1.389
1.356
0.996
0.688
0.871
1.217
0.997
1.984
1.975
1.290
1.048
0.952
0.960
1.599
1.795
1.870
1.050
1.084
1.292
1.129
1.105
1.149
1.085
1.279
1.104
1.451
1.403
1.246
1.290
1.330
0.787
1.163
0.784
1.728
1.640
1.405
0.907
0.669
0.952
1.590
1.496
1.282
1.292
1.111
0.787
1.560
2.421
0.938
0.895
1.162
0.912
1.086
1.347
1.295
1.180
1.082
1.050
1.312
1.647
1.397
1.399
1.609
1.656
1.991
1.773
1.910
1.201
0.743
0.992
1.498
1.419
1.590
1.388
1.460
1.991
1.435
1.401
1.267
1.211
1.168
1.165
1.193
1.311
1.210
1.624
1.572
1.041
1.021
0.923
1.313
1.143
0.977
1.063
0.876
1.186
0.888
1.154
1.725
1.797
0.975
1.084
1.307
0.658
0.911
1.356
1.158
1.024
0.973
0.658
0.717
0.968
1.129
1.418
1.721
1.514
1.525
1.498
1.364
1.539
0.962
1.221
0.899
0.874
0.962
1.162
1.011
1.367
0.725
0.834
1.252
1.170
0.955
1.061
1.537
1.789
1.547
1.059
1.152
0.902
0.931
0.928
0.697
1.415
1.782
1.676
1.194
1.007
1.109
1.617
1.142
1.451
0.843
0.918
1.129
1.329
1.458
1.005
1.374
1.626
1.511
0.881
0.924
0.907
1.275
1.092
1.100
1.162
0.759
1.428
1.573
1.002
0.796
1.143
0.923
1.256
1.167
1.324
1.040
0.976
1.456
1.233
1.175
1.256
0.989
0.993
1.002
1.472
1.456
1.476
1.400
1.406
0.740
0.989
1.574
1.191
1.529
0.968
1.143
0.840
1.085
0.862
1.273
1.256
0.959
1.466
1.650
1.407
1.267
0.669
0.910
1.682
1.365
1.391
1.255
1.194
1.174
1.293
1.523
1.572
1.613
1.115
0.849
1.303
0.769
1.544
1.787
1.568
1.056
0.959
1.448
1.197
0.819
0.647
0.960
1.323
1.190
0.919
1.058
0.933
1.462
0.900
1.116
0.763
0.658
0.865
1.114
1.431
1.297
1.347
1.398
1.376
1.814
1.437
1.592
1.514
1.221
0.851
0.533
0.808
0.881
1.047
1.019
1.161
1.511
1.395
0.877
0.945
1.207
1.280
1.116
1.124
1.382
1.099
1.005
1.218
0.907
0.788
1.106
1.164
0.846
0.843
0.832
1.135
1.989
1.100
1.539
1.680
0.809
0.771
0.907
0.691
0.960
0.926
1.136
0.900
0.877
0.789
1.122
0.703
0.724
1.060
0.802
0.788
1.136
1.297
0.915
1.222
0.821
1.532
0.980
0.853
1.048
1.469
1.382
1.359
0.704
2.133
1.807
1.260
1.042
1.173
1.196
1.397
1.310
1.428
0.941
0.892
1.063
1.106
1.244
1.138
0.894
1.008
0.858
0.710
0.644
0.727
0.768
0.908
0.891
0.804
0.833
0.741
1.012
0.463
0.666
0.743
0.987
0.828
0.830
1.150
1.432
1.124
0.885
2.097
1.586
1.465
0.660
0.848
0.690
0.820
0.978
0.934
1.115
1.170
1.575
1.550
1.581
1.389
0.867
1.348
1.083
1.186
1.268
1.039
1.085
1.131
1.086
1.155
1.095
0.802
1.094
1.165
1.022
0.843
1.997
0.802
0.480
0.646
1.058
0.818
0.986
1.456
2.079
2.478
2.110
1.540
0.930
0.916
1.154
1.146
1.190
0.807
1.211
1.112
1.139
1.275
1.513
1.702
0.902
0.931
1.362
1.011
1.401
1.229
0.683
0.751
1.143
0.953
1.231
1.331
1.074
1.034
1.445
1.390
1.299
1.327
1.005
0.738
1.384
1.199
0.869
1.069
2.227
2.153
2.221
2.218
1.581
1.008
0.884
0.948
1.207
1.208
1.028
1.043
1.352
1.484
1.326
1.176
0.902
1.050
0.887
1.174
0.909
1.470
1.584
1.589
1.670
1.564
1.617
1.303
1.613
1.215
1.325
0.912
1.869
1.373
1.072
1.252
1.983
1.556
1.763
1.456
1.165
1.067
1.083
0.834
1.046
1.340
1.178
2.193
1.596
1.572
1.371
1.022
1.125
0.699
0.821
0.851
0.874
1.145
1.370
1.479
0.793
1.093
0.893
1.207
0.770
1.027
1.373
1.391
1.681
1.461
1.317
1.343
0.891
0.962
1.058
1.412
2.214
1.662
1.140
1.489
1.462
1.005
0.924
0.728
0.829
0.696
0.968
1.132
0.827
1.179
1.483
1.062
0.962
1.310
1.579
1.700
1.655
1.207
0.926
1.351
1.600
1.560
1.317
1.338
1.135
0.821
1.084
1.255
1.230
1.585
1.646
1.286
1.298
1.037
0.910
0.996
1.350
1.668
0.947
1.121
1.072
1.145
1.504
1.392
0.826
0.796
0.775
0.866
1.201
1.061
0.835
1.191
0.869
1.249
1.307
1.113
1.570
1.058
0.990
0.939
1.161
0.943
0.915
1.115
1.255
1.102
1.209
1.393
1.103
1.427
1.118
0.884
1.544
1.748
1.218
0.701
1.207
1.378
1.013
1.503
1.491
1.493
1.399
1.191
0.707
0.993
1.067
1.018
0.996
1.295
1.167
1.254
0.971
0.621
0.873
1.085
1.206
1.025
1.017
0.883
0.985
0.940
1.080
1.431
0.988
0.835
1.004
0.852
0.894
1.020
0.983
0.726
0.904
1.227
1.367
1.164
1.140
1.188
1.110
1.082
1.183
1.215
0.666
1.028
1.279
0.992
0.874
1.045
0.804
0.739
1.192
1.303
1.069
0.592
1.659
1.619
1.275
1.038
1.133
1.018
1.209
0.948
0.991
1.262
1.330
0.963
0.799
0.666
0.983
1.340
1.032
0.724
1.566
1.406
1.495
1.757
1.780
1.490
1.443
1.339
1.717
1.779
1.731
1.366
1.077
1.010
1.085
0.887
0.899
0.565
0.967
0.877
0.980
0.739
1.406
1.615
1.563
0.797
1.258
1.118
0.758
0.686
0.671
0.784
0.498
1.772
1.302
0.937
1.264
0.736
0.646
1.222
0.819
1.513
0.977
1.117
1.142
1.331
0.662
0.925
0.867
1.022
1.220
1.183
0.919
0.821
1.276
0.903
1.238
0.762
1.040
0.929
1.129
0.797
0.805
1.279
1.048
0.666
0.624
0.569
1.174
1.403
1.100
1.110
0.832
0.640
0.875
1.307
1.133
0.880
0.697
1.175
0.906
0.834
0.793
0.695
0.964
1.145
1.440
1.016
0.937
0.872
1.025
0.704
1.139
1.465
0.986
1.302
1.242
1.340
1.514
1.369
2.303
2.432
1.936
1.293
0.697
0.909
1.058
0.708
1.040
1.173
1.346
1.059
1.048
1.080
0.995
0.930
1.604
1.337
2.130
1.506
1.144
1.138
2.494
2.288
1.112
1.609
1.334
0.704
1.032
1.232
1.661
0.883
0.738
1.704
2.212
2.511
2.154
1.426
0.975
1.345
1.451
1.404
1.048
1.263
1.363
1.091
1.388
1.060
1.302
1.254
1.034
1.347
1.002
1.270
0.981
1.151
1.490
1.730
1.214
1.236
1.390
1.539
1.078
1.923
1.685
0.921
1.325
1.374
1.420
1.142
1.243
0.704
1.022
1.162
1.356
1.105
0.929
0.891
0.948
1.067
1.095
1.051
0.522
0.679
0.928
1.020
0.940
1.403
1.427
1.434
1.537
1.025
1.549
1.039
0.703
1.029
0.797
0.788
0.972
0.785
0.845
0.839
1.081
1.307
1.392
1.366
1.747
1.028
1.055
1.194
1.822
1.329
1.082
1.544
0.908
1.058
1.154
0.853
0.785
1.374
1.253
0.917
1.393
1.074
1.285
1.815
1.848
1.284
1.666
1.520
1.168
1.135
0.844
0.915
0.854
1.493
1.525
1.779
1.479
1.396
1.355
1.400
1.562
1.547
1.488
1.204
1.647
1.742
1.286
1.282
0.570
1.259
1.247
1.220
1.100
1.123
1.141
1.380
1.607
1.386
1.736
2.074
1.345
1.642
0.789
0.823
0.685
0.994
1.373
0.857
0.982
1.603
1.183
1.069
0.913
0.641
1.230
1.067
0.801
0.674
1.072
1.791
1.732
1.362
0.852
1.366
1.469
1.030
1.279
0.975
0.577
0.844
0.686
0.493
0.906
1.360
0.874
1.292
0.948
0.949
1.118
0.975
0.799
0.819
1.189
1.437
0.863
1.159
1.024
0.989
0.714
1.219
1.270
0.822
0.987
1.096
1.396
0.994
1.117
1.003
1.236
1.063
1.271
1.194
0.850
1.166
0.910
0.897
0.722
0.868
1.476
1.364
0.927
0.859
0.896
1.030
1.449
0.778
0.781
0.678
1.035
0.848
0.886
1.747
1.153
0.863
0.593
0.738
1.462
1.444
1.168
0.638
0.574
0.938
0.682
0.992
0.845
0.885
1.520
1.519
1.338
1.700
1.284
1.319
1.072
1.936
1.556
0.973
0.976
0.728
0.801
0.745
0.617
0.543
1.070
1.560
1.531
0.852
0.888
0.710
0.833
1.052
1.348
1.051
1.012
1.049
1.141
0.952
0.870
1.189
0.971
1.106
0.967
0.590
0.863
0.913
0.786
0.864
0.636
0.959
0.753
0.976
1.490
1.277
1.017
2.120
0.595
1.417
1.416
1.392
0.927
0.984
1.126
0.859
0.963
0.896
1.002
1.092
1.330
1.640
1.504
1.143
0.796
0.640
1.167
0.744
0.895
1.536
1.276
1.533
1.697
1.828
1.504
0.966
0.843
1.125
0.983
1.283
1.358
1.075
1.974
1.909
1.064
0.920
1.104
0.955
1.079
1.216
0.927
1.285
1.866
1.366
1.664
1.442
0.841
1.052
1.076
1.003
1.183
1.277
1.110
1.671
1.086
0.990
1.266
1.421
0.998
1.748
0.898
1.239
1.411
0.929
0.867
1.103
