19790101
1.473
1.377
1.300
1.188
1.443
1.281
1.032
0.998
0.987
1.310
1.635
1.697
1.670
1.533
2.092
1.654
1.275
1.127
0.861
1.197
0.819
0.947
1.730
1.467
1.371
1.329
1.367
1.494
1.218
0.933
0.921
0.871
1.178
1.157
1.519
0.997
1.313
1.252
1.202
1.522
1.086
1.418
1.289
1.387
1.090
1.438
1.634
1.349
0.832
0.787
1.443
0.841
2.005
1.168
1.063
0.800
1.019
1.588
0.797
0.941
1.205
1.186
1.103
1.053
0.919
1.227
0.876
1.049
1.140
1.201
1.100
0.969
0.929
0.731
0.731
1.069
1.012
1.788
1.558
1.166
0.932
0.986
1.098
1.459
1.048
1.148
1.204
0.988
0.705
0.752
1.051
1.288
1.275
1.146
0.810
2.061
2.285
1.599
1.034
1.050
0.767
0.990
0.732
0.941
1.116
0.870
0.937
0.923
0.997
0.861
0.769
1.468
1.456
1.816
1.777
1.663
1.563
1.016
1.572
1.253
1.121
1.128
1.238
1.054
0.959
0.983
0.638
0.774
0.710
0.895
0.999
0.888
1.086
0.853
0.796
0.767
0.668
0.932
0.646
0.696
0.875
1.046
1.030
1.688
1.119
1.092
1.397
0.973
1.578
1.862
2.452
1.402
0.753
0.821
0.959
0.971
1.300
1.335
2.042
1.543
1.218
1.086
1.064
1.067
1.990
2.093
1.443
1.174
0.860
1.010
0.983
0.937
0.790
1.162
1.156
1.675
1.744
1.408
1.080
0.738
0.980
1.410
1.137
1.344
0.832
1.066
1.305
0.800
1.180
2.131
1.770
1.346
1.051
1.091
1.165
1.012
1.675
1.681
0.958
1.143
1.992
1.134
1.412
1.435
1.371
1.297
1.004
1.237
0.910
0.719
1.262
1.342
1.122
1.154
0.959
1.199
0.872
1.349
1.360
1.120
1.016
1.197
1.122
1.445
1.285
1.087
1.361
1.297
1.680
1.436
0.858
0.918
1.297
1.028
1.211
1.370
1.697
1.229
0.866
0.978
1.379
1.489
1.741
1.473
1.909
1.101
1.478
2.507
1.495
1.032
1.744
1.496
1.470
1.620
1.476
1.464
1.874
1.824
1.437
1.121
2.133
2.124
1.178
1.310
1.700
1.518
1.659
1.160
1.211
1.330
1.196
1.305
1.768
1.431
0.928
1.146
1.819
1.254
1.057
1.329
1.285
1.119
1.057
1.009
1.405
1.692
1.152
1.400
2.647
1.647
1.655
1.051
1.294
0.977
0.884
1.137
1.444
1.960
1.822
1.347
1.282
1.672
1.432
1.415
1.436
1.176
1.297
1.248
1.158
1.393
1.396
0.966
1.531
1.916
1.124
1.988
1.292
0.817
0.808
0.901
1.739
2.138
1.492
0.980
0.813
1.029
1.001
0.987
1.036
2.066
1.212
1.426
1.492
1.104
1.488
1.250
1.489
1.832
1.505
1.492
1.480
1.126
2.049
1.681
2.057
1.867
2.138
1.545
0.717
1.389
1.271
1.277
1.237
1.050
1.361
1.356
0.896
0.941
1.216
1.745
1.362
1.555
1.925
1.842
1.702
1.848
1.432
1.403
1.466
1.315
1.393
1.378
1.348
1.563
1.521
1.580
1.455
0.751
0.906
1.113
1.264
1.076
1.105
1.215
1.283
0.739
1.358
1.596
1.866
1.302
1.597
1.650
1.665
1.465
1.349
1.195
1.040
1.037
1.071
1.766
1.565
1.354
1.182
0.901
1.290
1.815
1.342
1.597
1.274
1.397
1.648
0.854
1.004
1.893
2.248
1.303
1.581
0.733
1.044
1.146
1.077
0.992
1.112
1.217
0.976
1.242
1.140
0.947
1.614
1.228
1.236
1.102
1.099
0.795
0.778
0.752
0.659
0.947
0.559
0.960
0.861
0.907
0.858
0.987
0.785
1.531
0.977
1.005
1.055
0.796
0.915
0.819
1.169
1.097
0.719
0.957
1.282
1.612
1.251
1.303
1.017
1.062
1.220
1.546
1.409
1.734
1.475
1.288
1.509
1.321
1.332
1.194
0.701
0.947
1.170
1.208
1.066
0.990
0.870
1.246
0.946
0.869
0.713
0.731
1.027
1.278
0.701
2.168
1.980
1.489
0.708
0.628
1.086
0.880
0.843
1.014
1.051
0.926
0.614
0.670
0.607
0.911
0.794
0.733
1.270
1.168
0.933
0.757
0.995
0.852
1.440
1.116
1.023
1.368
1.233
1.054
0.817
0.528
0.975
1.226
1.765
1.029
0.688
0.803
0.585
0.677
0.774
0.958
1.080
1.278
1.350
1.183
1.035
1.061
1.061
1.009
2.029
1.876
1.294
1.046
1.663
1.578
1.243
1.123
0.665
1.349
1.087
1.238
1.916
2.258
1.550
1.010
1.130
1.208
0.979
0.959
1.139
1.274
0.928
1.149
1.392
0.632
1.017
1.072
1.071
1.143
1.182
0.969
0.872
1.400
1.150
1.488
1.651
1.662
0.917
1.482
0.953
2.241
1.652
0.790
1.094
1.118
1.285
1.196
1.067
0.967
1.154
1.035
1.293
1.452
1.379
1.498
1.352
1.223
1.194
1.386
1.173
1.192
1.373
1.161
1.144
1.715
1.381
1.318
3.036
1.763
1.188
1.018
1.610
1.272
1.199
0.941
1.635
1.962
1.307
1.217
1.502
1.154
1.563
1.644
1.086
0.930
1.787
1.673
2.803
1.343
1.461
1.379
0.937
1.148
2.666
1.559
1.833
1.291
1.527
1.577
1.370
1.317
1.614
1.386
1.297
1.695
1.060
2.031
1.547
1.275
1.609
1.061
1.184
1.679
1.212
1.033
1.085
0.940
0.943
1.176
1.128
1.336
1.131
1.508
1.243
1.000
1.565
0.857
1.066
1.700
1.362
1.496
1.712
1.459
1.318
1.339
1.470
1.109
1.626
1.808
1.766
1.972
1.121
2.018
1.733
1.310
1.706
1.402
1.474
1.851
0.801
0.813
1.553
1.968
2.059
1.546
1.218
0.775
0.989
1.269
1.270
1.523
1.656
1.485
1.106
0.848
0.804
1.577
1.685
1.178
1.080
1.106
1.062
1.245
1.677
1.677
1.785
1.284
1.095
1.286
1.724
1.919
1.731
1.231
1.998
1.330
1.263
1.126
0.828
1.264
0.941
1.368
1.676
1.735
1.904
1.534
1.427
1.366
1.006
0.983
0.977
1.236
1.099
0.925
1.561
1.702
1.555
1.473
1.397
0.888
1.118
1.164
0.985
1.156
1.320
1.205
1.190
1.397
1.035
1.165
1.167
1.187
1.072
0.917
1.022
1.375
1.638
1.295
1.077
0.819
0.809
0.643
0.709
0.696
0.981
1.700
1.282
1.294
1.045
0.869
0.874
1.656
1.551
0.996
0.831
0.581
0.954
1.227
1.187
1.014
1.072
0.817
0.869
0.944
0.511
0.931
0.832
0.965
0.879
0.641
0.791
0.763
1.041
1.304
1.496
1.926
1.413
1.665
1.424
1.235
0.686
0.898
1.033
1.191
1.555
1.101
1.399
1.222
1.131
1.545
1.113
1.076
1.139
0.814
0.945
1.014
1.023
1.052
1.327
1.420
1.275
1.124
1.293
1.448
0.784
1.051
0.969
0.734
0.649
1.077
1.507
1.523
1.281
1.093
1.089
1.018
1.120
1.626
1.289
0.794
0.875
1.024
1.187
1.375
1.547
1.436
0.939
0.989
0.881
0.951
1.073
1.161
0.724
1.063
1.086
0.694
0.697
0.942
0.936
0.644
0.655
0.707
0.783
0.656
1.432
1.771
0.980
0.890
0.597
1.027
1.153
1.294
1.486
1.543
1.122
0.714
1.060
1.300
1.099
0.891
0.943
0.934
1.493
1.989
0.801
1.014
1.131
0.922
1.195
1.631
0.918
0.712
1.460
1.592
0.804
0.913
1.203
1.277
1.031
1.220
0.807
1.194
0.493
0.689
0.980
1.431
1.373
0.720
1.767
2.071
1.932
1.605
1.569
1.139
1.087
0.888
0.892
0.989
1.039
1.319
1.335
1.289
1.682
2.745
2.866
1.986
1.069
0.916
2.045
2.717
1.874
1.037
0.841
1.321
1.195
1.209
1.083
1.044
1.244
1.207
1.053
1.373
1.313
1.293
0.980
1.742
2.203
1.383
1.177
1.238
1.140
1.234
1.787
1.094
2.381
1.962
1.858
0.949
1.143
1.320
1.319
1.332
0.979
1.438
1.781
1.410
1.163
2.207
1.819
1.327
1.435
1.222
1.559
1.284
1.342
1.332
1.530
1.794
1.186
1.601
1.169
1.700
2.024
1.564
1.297
1.489
1.653
1.741
1.050
1.615
1.317
1.473
1.461
1.126
1.099
1.785
1.016
2.307
1.348
1.855
1.352
1.445
1.375
1.774
1.087
1.224
1.388
1.379
1.428
1.563
0.765
1.749
1.378
0.661
0.939
1.350
1.107
1.089
1.309
0.995
0.749
1.304
1.307
1.505
1.629
2.109
1.564
1.242
1.444
1.385
1.374
1.617
1.385
1.643
2.091
1.069
1.457
1.152
1.337
0.959
0.880
1.358
1.043
1.143
0.616
1.916
1.418
1.146
1.570
1.131
1.316
1.167
1.180
1.171
0.845
1.279
2.035
1.188
1.234
0.817
0.817
1.603
1.179
1.202
1.161
0.614
1.298
1.162
1.443
0.886
0.978
1.046
1.311
1.734
0.943
1.524
1.775
1.460
1.164
1.348
1.213
0.890
1.279
1.101
1.177
1.099
1.052
1.271
1.210
0.884
0.710
0.885
1.144
1.133
1.130
1.032
1.010
1.318
0.931
1.340
1.335
1.442
1.448
1.258
0.838
1.111
1.087
0.573
0.816
1.184
1.000
0.607
1.116
1.369
1.116
1.016
1.112
1.209
1.342
1.343
0.915
1.440
1.534
1.703
1.033
0.869
0.678
1.205
1.216
0.853
1.004
0.695
0.989
1.207
0.969
1.022
1.161
0.796
0.942
1.681
1.645
1.094
1.144
0.946
1.089
1.017
0.787
0.471
0.717
1.087
1.023
1.030
1.167
0.593
1.014
1.495
1.048
1.263
1.046
1.310
1.177
0.698
1.001
1.057
1.129
1.318
1.044
1.353
1.206
0.873
1.238
1.055
1.238
1.847
1.441
1.279
1.788
1.189
1.217
1.418
1.361
1.494
1.212
0.718
1.074
0.989
1.019
0.800
0.897
0.968
0.723
1.322
1.392
0.860
0.891
0.535
1.627
0.980
0.864
0.668
1.042
0.948
1.044
1.185
1.606
1.622
1.686
1.650
1.664
0.879
1.823
1.616
1.718
1.550
1.716
1.316
0.707
0.925
0.880
1.434
1.262
0.856
1.029
0.845
0.758
0.835
1.028
1.117
0.739
1.099
0.467
0.786
0.716
0.570
2.154
1.802
2.174
2.073
1.762
1.469
0.988
0.806
0.833
0.927
0.836
0.774
0.884
0.917
1.107
1.555
1.203
1.413
1.137
1.062
1.212
0.807
1.492
1.264
1.133
1.364
1.159
1.179
1.391
1.040
1.706
1.910
1.757
1.861
1.748
1.295
1.279
1.088
1.146
1.122
1.409
1.207
1.477
1.199
0.850
1.247
0.963
0.844
1.318
1.019
0.972
0.885
1.324
1.711
1.052
0.851
0.719
0.935
0.664
0.706
0.948
0.764
1.266
1.192
1.238
0.982
1.958
1.085
1.346
1.101
1.170
1.263
1.050
1.177
1.168
1.236
1.045
1.804
1.437
0.923
1.084
1.439
0.984
1.264
1.308
1.287
1.665
1.251
1.267
0.827
1.488
1.398
1.364
0.960
1.317
1.224
1.318
1.508
1.213
1.634
1.904
1.455
1.134
0.916
1.258
1.312
1.115
1.157
1.278
1.427
1.170
1.119
1.932
1.338
1.463
1.241
1.187
1.532
1.348
1.242
1.389
1.070
0.927
1.085
0.844
1.150
1.063
1.277
1.121
1.286
1.570
1.312
1.874
1.249
1.351
1.542
1.156
1.188
1.280
0.936
1.686
1.704
2.296
1.303
1.172
1.503
1.436
0.785
1.091
1.405
1.219
1.826
1.148
1.071
1.064
1.121
1.432
1.764
1.035
1.368
1.770
1.683
1.299
1.558
1.495
1.336
1.889
1.293
1.092
1.769
1.378
1.360
0.901
1.242
1.377
1.142
1.373
1.234
1.689
1.162
1.323
1.266
1.538
1.145
1.288
1.876
1.613
1.133
1.091
0.868
0.829
0.875
1.073
1.500
1.073
1.055
1.453
1.788
1.267
1.131
1.598
1.336
1.568
1.764
1.349
1.211
1.276
0.910
0.820
1.603
1.717
1.437
1.653
1.950
1.425
1.098
0.792
1.094
1.292
1.050
1.047
1.321
1.137
0.786
1.121
0.972
1.175
1.123
1.208
1.409
1.502
1.513
1.474
1.116
0.928
0.904
1.233
1.431
1.674
2.013
1.521
1.195
1.401
1.071
1.255
1.117
1.531
1.063
1.329
1.284
1.587
1.020
1.415
1.431
1.394
1.260
1.489
1.223
1.143
1.002
0.887
0.767
1.227
1.189
1.629
1.601
1.342
1.012
1.423
1.305
1.309
0.905
0.978
1.100
0.757
0.949
1.062
1.115
1.342
0.887
1.640
1.624
1.210
1.154
1.542
1.964
1.239
1.239
1.533
1.019
0.977
1.675
1.170
0.917
1.155
1.326
1.526
1.380
1.713
1.598
1.743
1.758
1.603
1.429
1.619
0.671
1.506
1.412
1.126
0.842
0.869
0.842
1.032
1.393
0.807
1.049
1.027
1.283
1.079
1.122
1.045
1.135
1.134
1.134
0.874
0.993
1.462
1.352
1.172
0.901
0.677
0.863
1.345
1.131
0.998
0.880
0.751
0.685
0.926
1.136
0.751
0.943
0.755
1.166
1.330
1.104
1.412
1.119
1.131
1.482
1.437
1.570
0.870
1.094
1.354
1.241
1.659
1.021
1.288
1.293
0.904
0.826
0.977
0.925
1.569
1.832
1.124
1.488
1.771
1.244
1.189
1.317
1.939
1.236
0.763
0.896
1.225
1.342
1.180
1.100
1.252
0.841
0.872
0.803
1.075
2.388
2.043
1.259
0.971
1.286
1.569
1.565
1.449
1.234
0.787
1.239
0.876
1.136
0.921
0.816
1.014
1.342
1.279
1.968
0.858
1.297
1.478
1.595
1.979
1.669
1.560
1.523
1.072
1.024
0.876
1.416
1.537
1.261
1.791
1.506
1.586
1.462
1.388
1.320
1.326
1.124
1.124
1.101
1.020
1.335
1.329
1.343
1.562
1.958
2.099
1.643
1.326
0.998
0.900
1.064
1.292
0.890
1.645
1.396
1.696
1.371
1.319
0.863
1.569
1.616
1.940
2.019
1.754
1.231
1.150
1.190
1.138
1.189
1.408
1.007
1.078
1.547
1.451
1.850
1.510
1.432
1.302
1.356
1.120
1.378
1.826
1.274
2.017
1.750
1.664
1.345
1.207
1.125
1.395
1.557
1.834
1.580
1.517
1.396
1.467
1.354
0.793
1.549
1.773
1.388
1.673
1.540
1.238
1.571
1.221
1.688
1.854
1.165
1.317
1.547
1.185
1.688
1.166
1.072
1.609
1.197
1.440
1.421
1.424
1.744
1.630
1.258
1.495
1.236
1.653
1.741
1.952
2.519
1.485
1.519
1.296
1.007
1.026
1.502
0.988
1.164
0.972
1.242
1.060
1.741
1.310
1.552
1.674
1.800
1.629
1.426
1.987
1.620
1.439
1.674
1.355
1.702
1.039
1.370
1.414
1.072
1.454
1.717
1.161
1.115
1.374
1.437
1.348
1.271
0.983
1.497
1.129
1.419
1.399
1.620
1.423
1.045
1.267
1.236
1.404
1.662
1.529
1.315
1.786
1.278
1.385
1.399
1.438
1.038
0.952
1.028
1.318
1.345
1.266
1.174
1.166
0.886
1.663
1.380
1.284
0.641
1.167
1.050
1.521
0.956
0.884
0.804
0.762
1.031
1.370
1.099
1.037
1.053
1.107
0.937
1.071
0.846
0.989
1.302
0.759
0.921
1.120
1.115
1.015
1.164
1.135
2.008
1.444
1.640
1.038
1.222
1.272
1.046
1.034
0.952
1.342
0.868
0.915
0.815
1.035
1.168
1.088
1.048
0.998
1.364
1.207
0.805
1.060
1.124
1.053
1.093
1.203
0.772
1.057
0.797
1.114
1.218
1.356
0.875
1.051
0.786
0.802
0.835
1.024
1.030
0.686
0.731
1.052
1.277
0.941
1.532
0.928
1.090
0.973
1.143
1.055
0.996
0.851
0.953
0.967
0.453
0.967
1.244
1.203
1.459
1.608
1.204
0.904
1.021
0.844
0.969
1.192
1.408
1.664
1.197
0.698
1.066
0.774
0.505
0.949
1.114
1.664
1.315
1.169
0.641
0.880
1.460
1.372
1.328
0.993
1.266
0.987
0.648
0.649
0.816
1.434
2.221
1.132
0.834
1.063
1.007
0.998
0.967
0.864
1.194
1.590
1.236
1.033
0.979
0.711
0.503
0.766
0.947
0.862
1.790
1.045
1.066
1.010
0.902
0.707
0.711
0.832
0.641
0.823
1.101
1.229
0.942
0.967
0.745
0.836
1.131
0.860
1.727
1.124
1.163
1.050
0.898
0.954
1.201
1.071
1.102
1.143
1.242
1.155
1.338
1.032
1.236
1.110
0.970
0.867
1.175
0.869
0.911
1.251
1.098
0.664
1.086
1.092
1.004
1.600
1.871
2.104
1.026
1.113
1.396
1.341
1.702
1.764
1.300
0.694
1.195
1.450
1.501
1.323
1.456
1.061
1.277
1.109
1.150
1.085
0.950
1.401
1.450
0.812
1.384
1.842
1.298
1.481
1.579
1.061
1.863
2.444
1.752
1.164
1.399
1.245
1.379
1.520
1.382
1.844
1.430
0.986
1.439
1.459
1.223
1.222
1.390
1.113
1.332
1.718
1.407
1.106
1.082
1.338
1.490
1.399
1.293
0.850
2.392
2.785
1.568
1.767
1.820
1.647
1.555
1.349
1.176
1.259
1.305
1.295
1.224
1.550
1.060
1.087
1.260
0.926
1.435
1.434
1.553
1.356
1.331
0.894
1.268
1.681
1.737
1.322
1.286
0.811
1.446
1.220
0.872
1.193
2.569
1.719
1.193
1.921
1.533
0.898
1.285
1.067
1.377
1.493
1.237
1.401
0.976
1.071
1.210
1.255
1.304
1.208
1.541
1.655
1.381
1.155
1.202
1.374
1.693
0.973
0.992
1.512
1.093
1.132
1.276
1.137
0.972
1.052
1.375
1.184
1.427
1.364
1.051
1.441
1.508
1.473
1.385
1.194
1.232
0.744
1.285
1.099
0.708
1.445
1.366
1.028
1.079
1.354
1.792
0.887
1.488
1.297
0.820
1.304
0.825
0.868
1.129
1.597
2.117
1.740
0.901
0.928
1.515
1.454
1.442
1.192
0.822
1.286
1.098
1.374
1.075
1.262
1.898
1.375
0.927
1.056
0.817
1.458
1.397
1.513
1.216
0.826
0.702
0.866
0.795
0.895
1.237
1.029
1.539
1.289
1.414
1.010
0.912
0.883
0.922
1.118
1.155
1.236
1.088
1.201
1.012
1.226
1.420
1.314
0.878
1.191
1.165
0.991
1.346
1.532
1.687
1.048
0.695
0.803
1.090
1.220
0.784
1.080
1.318
1.196
1.148
1.357
1.645
0.893
0.925
0.978
0.942
1.074
1.702
1.079
1.293
1.284
0.975
1.004
1.082
0.985
1.046
1.023
1.429
1.273
1.219
0.957
1.135
1.196
0.899
0.914
0.715
1.260
0.939
1.177
1.254
1.243
1.291
0.964
0.985
0.774
0.788
1.173
0.993
1.153
0.869
1.081
1.276
1.063
1.195
0.741
0.628
1.105
1.210
0.985
0.967
0.933
0.691
1.010
0.965
1.209
1.461
1.010
0.698
1.254
1.445
1.403
0.868
1.117
0.988
0.805
1.003
1.245
1.568
1.161
0.620
0.974
1.307
1.349
1.694
1.388
0.909
1.409
0.799
0.917
1.099
1.290
1.789
1.354
0.803
1.084
1.119
0.974
0.617
1.494
1.221
1.323
1.151
0.819
1.061
0.801
0.804
0.599
0.693
0.879
0.730
1.005
1.144
1.155
1.053
0.934
0.738
0.786
1.096
1.354
0.909
0.802
0.926
0.979
0.769
0.987
0.984
0.893
0.864
0.934
1.125
0.870
1.412
1.576
1.435
1.599
2.174
2.349
2.047
1.589
0.855
1.316
1.253
1.335
1.229
1.195
0.783
0.777
0.874
1.146
1.174
0.914
1.165
0.937
1.033
0.542
1.103
1.248
1.635
1.734
1.410
0.822
0.693
1.644
0.981
1.841
1.146
1.226
1.030
1.306
2.319
1.913
1.634
1.438
1.510
1.602
1.248
1.200
1.071
1.242
1.442
1.071
1.015
1.390
1.084
1.185
1.224
1.439
1.784
1.284
1.684
0.856
2.067
1.574
1.186
0.853
1.304
1.447
1.112
1.830
1.250
1.720
1.611
0.899
1.263
1.222
1.316
1.551
1.055
0.976
0.898
1.433
0.680
1.223
1.532
1.235
1.748
1.294
1.039
1.268
1.284
1.269
1.640
1.771
1.135
1.140
1.280
1.087
0.977
1.117
1.270
1.682
1.221
1.057
1.772
1.542
1.485
1.344
1.123
0.838
1.248
1.186
1.404
1.064
1.143
1.151
1.098
1.638
1.347
1.706
1.714
1.135
1.150
1.305
1.162
1.062
1.625
1.570
1.458
1.419
1.317
1.176
1.411
1.475
1.324
1.512
1.077
0.913
1.042
1.245
1.077
1.298
1.038
1.114
1.409
1.648
1.875
1.307
1.138
1.442
1.118
1.217
1.481
1.338
1.046
1.285
1.066
1.341
1.614
1.209
1.653
1.434
1.463
1.051
0.874
1.116
1.270
1.346
1.126
1.118
1.574
1.207
1.563
1.376
1.515
1.120
1.407
1.028
1.014
0.919
1.527
1.403
1.178
1.090
1.129
1.343
1.254
1.070
1.125
1.517
0.985
1.278
1.349
2.665
1.979
1.519
1.747
1.128
1.933
1.806
1.343
1.042
1.366
1.396
1.503
1.121
1.182
1.471
1.508
1.550
1.333
1.421
1.244
0.836
0.881
1.335
1.522
1.380
1.028
1.044
1.333
1.514
1.031
1.072
1.297
1.257
1.040
1.171
1.286
1.211
1.414
1.189
1.199
1.276
1.049
1.001
1.205
1.021
0.891
1.177
1.204
0.788
1.376
2.018
1.533
1.026
0.837
0.929
1.195
1.282
1.228
1.006
0.945
1.373
1.197
1.128
1.224
1.039
1.082
1.903
1.476
1.203
1.269
1.144
0.763
0.755
1.106
0.771
0.936
0.961
0.909
0.945
0.947
1.057
1.448
1.159
1.207
1.226
1.005
0.836
1.134
0.804
1.468
1.319
0.881
0.650
1.100
0.743
1.046
1.127
0.884
1.013
1.228
1.132
1.095
0.929
1.057
0.668
1.038
1.182
1.112
0.993
0.686
1.088
1.238
1.064
0.758
0.750
0.794
0.725
0.946
1.535
1.231
0.919
1.099
1.114
1.096
0.847
1.556
1.860
1.148
1.276
1.202
1.090
1.012
0.867
0.972
1.108
0.971
0.796
1.584
1.615
1.240
1.189
1.281
1.063
1.075
1.181
0.677
0.665
0.706
0.724
0.905
0.970
0.899
1.404
1.561
0.977
1.042
1.326
1.037
1.045
1.387
1.007
0.892
0.691
0.648
1.403
0.560
1.350
0.941
1.314
1.258
-99.000
1.186
1.379
1.539
0.976
1.047
1.128
0.728
1.121
0.953
0.667
0.995
0.968
1.145
1.399
1.077
0.726
0.770
0.678
0.832
0.933
1.126
1.142
0.662
0.719
1.280
1.041
0.933
1.036
1.239
0.968
1.213
2.163
2.169
1.527
1.174
1.497
2.008
1.928
1.428
1.243
1.092
1.166
1.313
1.091
1.013
1.250
1.277
0.814
1.004
1.101
1.450
2.287
2.490
1.613
0.933
1.124
1.320
1.053
0.924
1.267
1.233
1.180
0.649
0.801
1.124
1.245
0.802
1.001
1.487
0.787
1.147
1.380
1.938
1.209
1.358
1.468
1.333
1.110
1.270
1.372
0.996
1.486
1.458
1.859
1.515
1.934
1.245
1.345
0.874
1.051
1.118
1.277
1.261
1.453
1.135
1.358
1.231
1.741
1.137
0.890
1.913
0.805
1.616
0.965
1.341
1.386
1.916
1.484
0.769
1.333
1.261
1.176
1.630
0.872
0.979
1.352
1.480
1.166
1.246
1.605
1.296
0.972
1.228
1.525
1.194
1.294
1.252
1.421
1.574
1.415
1.423
1.190
0.804
1.955
1.889
1.343
1.331
1.370
1.977
1.238
1.505
1.580
1.053
1.111
1.672
2.215
1.909
1.310
1.054
1.176
1.673
1.533
1.502
1.270
1.125
1.033
1.186
1.124
1.189
1.280
1.309
1.151
1.767
1.101
2.853
1.701
1.507
1.425
1.478
0.946
1.238
1.471
1.421
1.525
1.691
0.754
0.938
1.126
1.052
1.486
1.292
1.086
1.363
0.999
1.310
0.983
1.033
1.001
1.451
1.700
0.881
0.853
1.154
1.099
0.740
1.697
1.858
1.553
1.262
1.419
1.059
0.517
0.930
0.662
1.141
1.665
1.485
-99.000
-99.000
-99.000
-99.000
-99.000
-99.000
-99.000
-99.000
1.136
1.121
1.226
1.116
1.125
1.043
0.655
0.830
0.990
0.842
1.171
1.503
1.705
1.370
1.233
1.285
1.227
1.397
1.202
1.384
1.187
1.102
1.391
1.562
1.437
1.175
0.793
0.980
1.001
1.359
1.698
1.226
0.867
0.907
1.294
1.374
1.117
1.212
0.951
2.228
1.536
1.723
1.592
1.159
1.270
1.553
0.888
1.063
0.730
0.950
1.081
0.998
0.997
0.896
0.939
0.950
1.074
0.833
0.833
1.227
1.034
0.829
1.139
1.075
0.907
1.050
1.619
1.653
2.143
1.573
0.853
1.208
1.183
1.548
1.782
1.355
1.420
1.200
0.893
1.064
0.943
0.868
1.137
0.867
1.491
1.048
0.861
1.019
0.962
1.252
0.954
1.627
1.666
1.481
1.088
0.958
1.018
1.004
1.019
1.335
1.368
1.046
1.317
1.283
0.764
0.838
0.800
1.617
1.720
1.158
1.228
1.148
0.658
0.813
0.671
0.840
0.863
0.968
0.895
1.009
1.263
1.577
1.550
1.640
1.317
0.930
0.848
0.905
1.540
1.865
1.216
1.074
0.961
1.259
1.806
1.360
0.821
0.771
1.255
1.467
0.801
1.751
1.647
2.168
2.385
1.931
1.043
0.714
0.744
0.990
0.790
1.122
0.954
1.075
1.115
1.049
0.728
1.321
1.294
1.630
0.840
1.459
1.653
1.365
1.507
0.832
1.688
1.798
1.565
1.358
0.973
0.944
1.030
1.037
1.581
1.633
1.317
0.843
1.092
1.281
1.326
0.924
0.648
0.857
1.133
1.282
0.900
1.331
1.467
1.392
1.312
1.245
1.747
1.152
1.445
1.423
1.338
1.750
1.238
1.558
1.782
1.779
1.053
1.533
1.487
1.443
1.723
1.180
1.518
1.019
2.112
2.192
1.120
1.249
1.428
1.842
1.082
2.302
1.917
1.239
1.460
1.561
1.282
1.462
1.669
1.004
1.579
1.573
1.494
1.678
1.339
2.057
1.991
1.589
1.034
1.240
1.275
1.094
1.208
1.687
1.454
1.005
1.609
1.210
1.853
1.069
1.399
1.580
1.488
1.162
1.897
1.621
1.892
0.904
1.636
1.096
1.131
2.057
1.441
1.196
1.522
1.217
1.164
1.877
1.626
1.263
1.298
1.447
2.059
1.530
1.409
1.387
1.857
1.102
1.892
1.692
1.800
0.947
0.975
1.500
1.428
1.367
1.786
1.881
2.051
1.641
1.193
1.383
1.014
1.201
1.424
1.391
1.055
1.634
1.314
1.523
1.182
1.185
1.118
1.733
1.089
1.260
1.779
1.315
1.500
1.077
1.043
1.735
1.892
1.764
2.094
1.941
1.535
1.397
1.001
0.750
1.336
0.879
1.235
1.044
1.388
1.282
1.508
0.838
1.725
1.339
1.040
1.749
1.215
1.211
1.321
1.248
1.551
1.226
1.558
1.258
1.766
1.580
1.161
1.639
1.285
1.481
1.427
1.144
1.451
1.518
0.949
1.358
1.387
1.809
1.978
1.064
1.410
1.729
1.039
1.215
1.238
1.165
1.389
1.635
1.508
1.887
1.434
1.365
1.601
1.214
1.479
1.441
1.649
1.915
1.340
0.655
1.305
1.377
1.576
1.499
1.291
1.203
1.230
0.637
1.071
1.237
1.229
1.213
0.950
1.468
1.302
1.111
0.842
1.449
0.787
1.117
1.031
1.193
1.693
1.373
1.286
0.732
1.087
1.121
1.821
0.938
0.962
1.272
1.104
0.907
0.835
1.101
1.555
0.806
0.968
1.058
1.401
0.950
0.577
0.835
1.092
1.166
1.005
1.198
0.916
0.717
1.222
1.534
1.182
1.393
1.014
1.387
1.652
1.999
1.631
0.970
0.910
1.320
1.328
1.454
1.287
1.080
0.902
1.310
1.859
1.493
0.650
0.810
1.291
1.172
1.432
1.788
1.251
1.084
0.904
1.015
0.996
0.734
0.925
0.961
0.850
0.918
1.260
0.748
1.140
1.246
1.166
0.750
1.315
1.165
0.878
1.396
1.022
1.158
1.678
1.671
1.632
1.331
1.120
1.041
1.133
1.077
0.836
1.348
1.369
0.867
0.981
1.613
2.389
1.708
1.025
1.081
1.232
0.984
1.486
1.591
1.295
1.341
1.078
0.933
1.036
1.001
0.736
0.667
0.825
0.372
1.068
0.890
1.270
0.753
0.802
0.660
1.433
1.088
1.639
1.720
1.154
1.004
1.337
1.327
2.538
1.706
1.179
1.064
1.823
1.544
1.124
1.115
0.578
1.335
1.977
1.321
0.773
0.875
1.253
0.829
0.850
0.850
0.998
1.258
1.731
1.726
1.442
1.324
0.873
1.125
1.290
1.020
0.856
0.988
1.389
1.639
1.127
1.385
1.135
1.117
1.002
1.373
2.071
1.237
1.664
2.456
2.448
1.761
0.997
1.134
1.289
0.879
0.844
0.994
1.556
1.244
0.985
2.001
2.323
1.939
1.566
1.061
0.934
1.245
1.219
0.967
1.216
1.097
1.697
1.278
1.432
1.240
1.172
1.348
0.771
1.661
1.242
0.870
1.256
1.491
1.283
1.760
1.429
1.038
1.046
1.097
0.931
1.111
0.918
1.390
1.270
1.365
1.345
1.364
1.508
1.625
1.042
1.161
1.386
1.483
1.466
1.313
1.122
1.127
1.794
1.550
1.222
1.308
1.132
1.933
1.740
1.407
1.611
1.654
1.482
1.074
1.666
1.352
2.185
1.203
1.132
1.310
1.926
1.186
1.305
1.010
1.511
1.762
1.779
1.056
1.067
1.289
1.977
1.015
0.971
1.317
1.397
1.298
0.885
1.355
0.895
1.159
1.156
1.128
1.058
1.416
1.579
1.175
1.259
2.146
1.815
2.159
1.380
2.597
1.444
1.736
1.222
1.639
1.489
1.144
1.086
0.781
1.783
1.416
1.031
1.472
0.874
1.266
1.380
1.593
1.261
0.912
1.030
1.224
0.967
1.389
1.498
1.698
1.465
1.255
1.749
0.975
1.546
1.191
1.665
0.846
1.266
0.982
0.598
1.729
1.087
1.340
0.994
0.724
0.980
1.592
1.040
1.245
1.179
1.439
1.653
1.564
1.610
1.253
1.192
1.259
1.280
1.209
1.290
1.139
0.998
1.419
1.489
1.102
1.104
0.728
1.011
1.361
0.939
1.230
0.810
0.805
0.994
1.317
1.920
1.769
1.234
0.966
1.089
1.043
0.959
0.725
1.537
1.458
1.325
1.105
1.023
1.019
1.253
1.005
1.126
1.298
1.522
1.334
0.813
0.711
1.365
1.235
0.980
1.182
1.070
1.565
1.230
1.415
1.618
1.330
1.600
1.324
0.788
0.648
0.890
1.202
1.318
1.701
1.830
1.413
1.028
1.155
1.100
1.476
1.313
1.455
1.222
0.386
1.055
1.724
0.978
0.993
1.190
0.820
0.949
1.389
1.246
1.184
0.735
1.078
1.244
0.992
1.089
0.835
1.062
0.907
1.040
1.100
1.095
1.086
1.702
0.964
1.205
1.116
0.905
0.994
1.401
1.225
0.810
1.149
0.819
0.661
0.533
0.739
1.005
1.034
1.066
0.825
0.738
0.958
0.993
1.168
1.158
0.502
1.186
1.076
1.068
0.655
0.633
0.714
1.129
2.102
1.706
1.254
1.146
0.630
0.822
0.858
0.942
1.269
1.006
1.075
1.183
0.767
1.091
1.071
1.060
0.642
2.175
2.384
1.839
1.518
1.496
1.439
1.467
1.095
1.331
1.138
1.227
1.181
1.456
1.658
1.601
1.567
1.214
0.724
1.158
0.753
0.918
1.274
0.877
1.128
0.770
0.762
0.618
1.034
0.841
0.939
0.896
1.101
1.585
1.129
1.306
0.826
1.422
2.101
1.114
1.104
0.955
0.918
1.392
1.329
0.875
0.645
0.826
1.137
1.271
1.103
0.924
1.316
1.919
1.519
1.483
1.094
1.058
0.952
1.967
1.021
2.475
2.429
1.896
1.814
1.258
0.888
1.028
0.574
0.866
1.002
1.511
1.365
0.905
0.620
0.673
1.334
0.846
1.050
1.421
1.634
1.020
1.285
1.523
1.587
1.571
1.350
1.121
0.760
1.251
1.498
1.251
1.442
1.600
1.038
1.049
0.871
2.006
1.982
1.622
0.980
1.087
1.322
1.148
1.651
1.230
1.751
1.546
1.498
1.463
0.959
1.977
1.032
0.977
1.025
1.693
1.283
1.289
1.218
1.018
1.231
1.254
1.019
1.652
1.372
1.155
1.483
1.629
1.801
1.471
1.596
1.391
1.820
2.259
2.019
1.764
1.038
0.937
1.611
1.893
1.665
1.338
0.958
1.042
1.643
1.673
1.633
0.886
0.961
1.363
1.731
0.981
1.142
1.303
1.141
1.642
1.211
1.254
1.514
1.337
1.219
1.931
1.218
1.476
0.847
1.583
1.541
1.299
1.951
1.335
1.127
1.229
1.084
1.381
0.831
1.752
1.799
1.911
1.352
1.518
1.161
0.995
1.134
0.759
1.233
1.581
1.151
1.395
1.412
1.128
1.754
1.403
2.261
1.645
1.246
0.983
1.443
1.537
1.663
1.271
0.915
0.809
0.672
1.196
1.185
1.416
1.307
1.109
1.200
1.607
1.456
1.942
1.613
1.381
1.666
2.052
1.517
1.510
1.702
1.635
2.544
1.645
1.244
0.663
1.210
1.957
1.945
1.412
1.652
1.128
1.220
1.483
1.246
1.613
0.988
1.147
1.055
0.744
1.002
0.620
0.597
0.822
1.113
0.953
1.139
0.851
1.147
1.218
1.204
1.323
1.512
0.948
0.998
1.258
1.432
1.229
1.299
1.391
1.001
1.341
1.123
1.159
0.757
0.816
0.826
0.850
1.242
0.985
1.021
1.348
1.260
0.989
0.884
1.325
1.016
0.828
1.251
1.615
0.630
0.918
1.348
1.179
0.789
0.813
0.931
1.032
0.631
1.107
1.229
1.104
0.946
1.584
1.232
1.444
1.892
1.559
1.255
1.171
0.902
0.815
0.874
1.467
1.354
0.925
1.081
1.293
0.843
1.136
0.808
0.978
0.986
0.847
0.906
1.030
1.241
1.067
0.947
0.791
0.792
0.937
1.007
0.686
1.079
1.176
1.353
1.339
1.276
1.013
1.053
1.016
0.909
0.967
0.957
0.763
1.197
0.696
0.953
1.012
1.234
0.771
0.957
1.047
0.861
0.977
1.167
1.190
1.443
1.270
0.858
2.494
1.201
0.860
0.936
0.589
0.815
0.671
1.167
1.465
1.267
1.313
1.178
1.152
0.986
1.181
0.988
0.856
0.788
0.911
0.484
1.054
1.658
1.000
0.778
0.485
0.799
0.936
0.842
1.055
1.812
2.006
1.009
1.729
2.458
1.778
0.895
0.911
1.077
1.180
1.024
1.103
1.264
1.016
0.751
0.828
0.888
0.980
1.147
1.035
1.441
1.038
0.792
1.329
2.108
1.444
1.089
1.089
1.684
1.892
1.592
0.940
0.926
1.059
1.871
0.811
1.528
0.768
1.260
1.612
0.958
1.020
0.877
1.524
1.018
0.672
1.071
1.578
1.357
0.771
1.155
1.429
1.567
1.462
2.319
1.281
1.241
1.282
1.237
1.346
1.443
1.299
1.350
1.268
2.255
2.627
1.002
0.721
0.888
0.990
1.238
2.665
1.858
2.468
1.713
0.905
0.757
0.738
0.987
1.048
1.012
0.777
1.430
1.144
1.756
1.638
1.418
0.989
1.798
1.651
1.629
1.017
1.455
1.738
1.107
1.793
1.449
1.885
0.983
1.123
1.316
1.358
1.361
1.859
1.635
1.428
1.121
1.303
0.836
1.219
1.208
1.602
1.516
1.138
0.808
1.551
1.894
1.340
3.383
2.644
1.239
1.429
1.479
1.481
1.467
1.467
1.364
1.305
1.178
2.581
1.653
1.069
1.186
1.440
1.061
1.432
1.634
1.314
1.264
1.218
1.290
1.318
1.352
1.356
1.137
1.188
1.855
1.368
1.609
1.869
1.228
1.376
1.102
1.102
1.066
1.532
1.225
1.346
1.014
1.090
0.994
1.317
1.634
1.768
1.473
1.608
1.682
1.311
1.547
1.538
1.536
1.191
1.649
1.703
1.084
1.632
0.998
1.351
1.486
1.367
1.517
1.018
1.211
1.337
1.635
1.531
1.526
1.414
1.375
1.387
1.256
1.557
1.886
1.268
0.931
1.096
1.338
1.355
1.211
1.075
1.406
1.310
1.563
1.384
1.656
1.915
1.704
1.320
1.119
1.518
1.045
0.707
0.932
1.071
1.073
1.043
1.473
1.557
1.578
0.896
0.717
0.920
1.461
2.022
1.272
1.158
1.036
1.296
1.401
1.182
1.320
1.229
1.415
1.685
1.893
1.195
1.248
1.308
1.485
1.934
1.442
1.365
1.188
0.624
0.904
0.983
1.269
1.373
1.748
1.502
0.687
1.258
1.135
2.056
1.626
1.533
1.506
1.242
1.184
1.342
1.037
0.884
1.108
1.111
1.316
1.180
0.897
1.175
0.610
0.891
1.100
1.450
0.953
1.746
1.260
1.287
0.975
0.976
1.055
0.926
0.921
1.088
1.114
0.823
1.287
1.624
1.381
1.641
1.649
1.024
0.739
1.070
0.929
1.240
1.050
0.660
0.641
0.912
1.244
1.141
1.790
1.236
1.016
1.482
0.864
1.037
0.915
1.124
1.556
1.403
1.224
0.969
1.182
2.053
1.386
1.253
1.111
1.196
1.119
1.133
1.210
1.160
1.867
1.376
0.641
0.772
1.150
0.978
0.944
0.982
1.209
1.150
1.102
1.381
1.459
1.613
0.779
1.502
1.571
0.941
1.134
1.192
0.901
1.345
1.019
0.853
0.805
0.919
0.875
0.723
0.690
1.162
0.909
1.242
1.358
1.559
1.123
0.859
1.149
0.945
0.914
1.030
1.185
1.110
0.805
0.902
0.863
0.997
0.812
1.331
1.303
1.111
1.598
1.520
1.633
1.268
0.874
0.929
0.887
0.707
1.060
1.522
1.443
1.233
0.833
1.657
2.068
1.842
1.253
0.884
1.027
1.083
0.984
1.101
1.109
1.495
1.610
1.899
1.706
1.459
1.227
1.479
1.974
1.149
1.162
1.395
1.160
2.113
1.873
1.483
0.752
0.649
0.845
0.956
1.023
0.890
1.072
1.463
1.226
1.244
1.275
1.372
1.959
1.566
0.776
1.051
1.222
1.435
1.597
1.325
1.024
2.301
0.956
0.911
1.257
1.136
1.527
1.387
1.392
1.313
1.265
2.757
2.246
1.186
1.435
1.729
1.770
2.102
1.487
0.963
1.855
1.628
1.624
1.663
1.460
1.354
1.453
1.325
1.360
1.059
0.747
1.297
1.212
1.218
1.168
1.287
1.057
0.872
1.434
1.561
1.584
1.725
1.436
1.232
1.266
1.384
1.239
1.143
1.113
1.270
1.511
1.040
0.847
1.799
1.856
1.789
1.324
1.949
1.454
2.229
1.609
1.484
1.402
1.193
1.096
1.365
1.255
1.465
1.732
1.692
2.025
1.684
1.436
1.317
1.445
1.630
1.340
2.086
2.333
1.286
1.267
1.344
1.127
1.107
1.478
2.149
1.973
1.559
1.434
1.400
0.890
1.787
1.444
1.485
1.518
1.220
1.214
1.233
1.452
1.023
0.983
0.950
1.243
1.400
1.510
0.987
1.236
1.409
1.373
1.222
1.923
1.444
1.355
1.112
1.214
1.376
0.990
1.049
1.243
0.939
1.208
1.218
1.156
1.104
1.156
1.066
1.596
1.699
1.318
1.224
1.547
1.259
1.066
0.924
0.962
1.514
1.162
1.456
1.552
1.384
1.678
1.855
1.797
1.805
1.610
1.602
1.579
1.677
1.532
1.981
1.365
1.680
1.409
1.706
1.026
1.418
1.500
1.468
1.531
1.794
1.480
0.677
1.227
1.235
0.879
1.010
0.927
0.988
1.503
1.803
1.352
1.683
1.115
1.041
1.156
1.740
1.443
1.435
1.212
1.146
0.651
0.611
0.815
1.307
0.835
0.941
1.184
1.424
1.382
0.883
1.030
1.327
1.191
0.869
1.174
1.332
1.344
1.483
0.694
1.480
1.212
1.615
1.538
1.711
1.341
1.391
1.028
0.764
0.753
0.931
1.287
0.704
1.065
1.528
1.758
1.642
1.336
0.816
0.701
1.297
1.126
0.669
1.039
0.862
1.092
0.971
0.819
0.817
0.911
0.967
1.125
1.405
1.236
0.944
0.785
1.070
0.723
0.799
1.123
0.734
0.775
0.914
1.106
1.301
1.279
1.750
0.948
1.130
1.626
1.319
0.890
1.084
0.943
1.333
1.242
0.967
1.080
0.999
0.832
0.924
0.981
0.616
1.149
1.233
1.603
1.318
1.299
1.421
1.189
1.249
1.009
1.242
1.261
1.428
0.798
0.801
0.949
1.190
1.368
0.823
1.136
1.212
1.903
1.665
1.396
0.997
0.795
0.946
1.138
1.130
0.760
0.665
0.756
0.987
1.064
0.953
0.760
0.452
1.390
1.359
1.733
1.283
0.743
0.741
1.138
0.987
0.552
0.857
1.144
1.624
1.811
1.892
1.495
1.228
0.873
1.456
1.290
0.995
1.286
1.724
1.616
1.605
1.565
1.498
0.998
1.060
1.283
1.303
1.311
1.443
1.202
1.062
1.009
1.064
1.236
1.193
1.451
1.405
1.335
1.289
1.367
1.230
0.954
1.258
0.878
0.812
0.993
1.292
0.970
1.050
1.240
2.231
1.401
0.935
0.800
1.033
1.154
1.258
1.449
0.669
0.898
1.189
1.156
2.207
1.074
0.711
1.620
2.604
1.904
1.032
0.994
0.812
1.077
1.490
1.755
1.475
0.934
1.918
1.323
1.351
1.507
1.151
0.977
0.832
1.363
0.913
1.400
1.724
1.411
1.087
1.400
1.441
1.573
0.996
1.289
1.008
1.138
1.001
0.672
1.833
0.979
1.135
0.987
1.026
1.385
1.832
1.365
1.061
1.451
1.729
1.223
1.048
1.159
1.369
1.273
1.156
1.022
1.184
1.189
1.097
1.150
1.615
1.192
1.528
1.380
1.502
0.976
1.281
1.257
1.094
1.383
1.256
2.272
1.474
1.733
1.207
1.595
1.561
1.992
1.333
1.138
1.785
1.225
1.498
1.124
1.491
1.187
1.442
1.198
1.197
1.518
1.585
1.904
1.319
1.182
1.287
0.608
1.533
1.384
1.325
1.017
1.524
1.752
1.835
2.337
1.767
2.189
0.984
1.635
2.121
2.208
1.995
2.387
1.812
1.357
1.683
1.623
1.662
1.066
1.682
1.096
1.321
0.944
1.554
1.810
1.437
0.651
1.214
1.547
1.267
1.234
1.337
1.348
1.382
1.628
0.960
1.521
1.572
1.480
1.015
1.072
0.911
1.168
1.211
0.735
1.116
1.577
1.640
1.395
0.980
1.141
1.382
1.369
1.336
0.959
0.847
1.691
1.767
1.267
1.127
1.314
0.840
1.289
1.192
1.469
1.933
1.821
1.327
0.896
1.048
1.206
1.237
1.056
1.168
1.303
1.113
1.186
0.953
1.115
1.137
0.734
0.634
0.920
0.874
0.780
0.905
1.126
1.343
1.344
1.018
1.296
0.840
0.891
0.959
0.633
0.955
1.017
0.729
0.796
0.704
0.692
1.442
1.267
1.079
1.340
1.033
1.277
1.158
1.706
1.165
1.073
1.261
1.103
1.129
1.025
1.004
0.844
0.730
1.043
0.912
1.873
1.754
1.312
1.053
0.953
0.800
0.903
1.058
1.044
1.014
0.955
1.124
0.968
0.985
0.705
0.624
0.844
0.650
0.916
1.040
0.859
1.141
1.338
1.216
0.991
0.914
0.742
0.980
1.117
0.795
0.863
0.797
0.853
1.090
1.369
1.146
0.645
0.940
0.845
0.933
0.890
1.113
1.204
0.790
1.019
1.078
1.021
0.781
1.341
1.203
0.973
0.923
1.237
0.667
0.613
0.780
0.797
0.961
1.083
1.143
0.947
1.225
0.965
1.472
1.045
1.046
1.165
1.297
1.251
1.034
0.922
0.866
1.431
1.132
0.795
0.866
0.811
0.633
0.971
1.429
1.360
1.717
1.521
1.919
1.077
1.328
1.359
0.975
0.771
0.948
1.174
1.004
0.579
0.583
0.974
1.536
1.697
0.919
1.683
1.304
0.844
0.889
1.208
1.477
0.951
1.076
1.287
0.883
0.967
1.773
1.853
1.372
1.002
0.720
0.989
0.711
0.963
1.613
1.684
0.964
0.711
1.119
1.121
1.049
0.960
1.254
1.550
1.274
1.522
1.870
1.805
1.788
1.201
1.296
1.363
1.322
2.264
1.141
1.252
0.802
0.917
1.096
2.299
2.310
1.477
0.862
0.844
0.597
1.084
0.665
1.304
0.975
0.980
1.122
1.312
1.169
1.478
1.438
1.343
2.035
2.665
1.356
0.901
0.893
1.360
1.148
1.079
0.960
1.403
1.285
1.168
2.086
1.380
0.824
1.014
1.453
1.015
0.912
1.405
1.102
0.918
0.949
0.929
1.107
1.004
1.357
1.434
1.297
1.461
1.935
1.722
1.531
1.795
1.783
1.914
2.148
1.622
1.864
2.001
0.850
1.199
0.954
1.206
1.448
1.279
1.258
1.278
1.716
1.782
1.898
2.000
2.219
1.772
1.654
1.511
1.802
0.994
0.964
1.309
1.509
2.115
1.617
1.494
1.424
1.670
1.550
1.510
1.929
1.665
1.054
1.106
1.602
1.058
1.403
1.468
1.136
0.989
1.570
1.534
1.135
1.181
1.658
1.751
1.378
1.324
1.478
0.943
1.057
1.300
1.266
1.126
0.995
1.064
1.135
1.726
1.680
1.605
1.975
1.457
1.275
1.476
1.028
1.173
0.893
0.804
1.351
1.158
1.341
1.604
1.106
0.930
1.060
1.305
1.196
1.177
1.575
1.284
1.060
1.087
1.210
1.643
1.850
1.687
1.368
1.032
1.286
1.602
0.974
0.987
1.208
1.163
1.059
1.472
1.290
2.207
1.531
1.848
1.698
1.143
0.856
1.175
1.515
1.256
1.128
1.459
1.362
1.323
1.372
1.002
1.479
1.745
1.652
1.213
1.297
1.174
1.318
1.450
1.190
0.971
1.084
0.838
1.545
1.340
1.311
1.312
1.092
1.260
1.397
1.558
1.654
1.439
1.493
0.917
0.968
1.619
1.281
1.576
1.359
1.121
1.602
1.235
0.903
0.972
1.100
1.246
1.592
1.112
0.929
1.544
1.476
0.861
1.239
1.033
1.195
0.758
0.846
0.963
0.821
1.664
0.974
1.054
0.857
1.060
0.804
1.011
1.111
0.941
1.064
1.270
1.298
1.397
1.342
1.259
0.732
0.717
0.875
1.229
1.198
1.194
1.196
0.811
1.113
0.756
1.271
1.236
1.077
1.087
1.501
0.931
0.813
0.833
1.203
1.408
0.908
0.917
0.662
0.889
0.605
0.970
1.415
1.073
0.952
0.820
0.779
0.652
0.785
0.882
1.072
1.033
0.783
1.214
1.252
0.928
0.899
1.207
1.485
1.215
0.948
0.963
1.113
1.489
1.082
1.040
1.035
1.247
0.759
0.958
1.085
0.638
1.150
0.867
0.851
1.291
0.975
1.119
1.112
0.978
0.704
0.976
0.722
0.776
0.999
1.026
0.778
0.966
1.647
2.062
1.404
1.266
0.856
0.893
1.389
1.168
1.362
1.334
1.389
1.098
0.913
0.941
1.039
1.210
1.385
0.804
1.179
0.697
1.030
0.880
1.024
1.206
0.791
1.315
1.089
1.359
1.940
1.284
0.696
1.073
1.053
1.242
1.003
0.987
1.239
1.350
1.481
1.546
1.446
1.625
1.509
2.013
1.815
2.181
1.289
0.938
1.169
1.490
1.420
0.898
1.283
1.474
1.366
1.294
1.098
0.936
2.538
2.110
1.553
0.843
1.044
1.088
0.731
1.113
1.153
1.276
1.579
1.668
1.912
1.795
1.349
1.279
1.443
1.208
1.150
0.886
1.120
1.000
1.247
1.040
1.042
1.467
1.569
0.977
0.945
0.968
1.685
1.708
1.978
2.496
1.238
1.006
0.696
1.578
1.546
1.484
0.931
0.777
1.253
1.294
1.061
0.992
1.127
1.086
0.902
1.248
0.914
1.611
1.356
1.165
1.321
1.471
1.523
1.736
1.475
1.249
1.249
1.178
2.059
1.375
1.249
1.160
1.789
1.403
1.235
1.177
1.375
1.034
1.464
1.238
1.592
1.319
0.728
1.554
1.224
1.059
0.922
1.277
1.645
1.481
0.993
1.098
1.200
0.948
1.311
0.997
1.202
1.314
1.114
1.192
1.130
1.042
1.222
2.071
0.989
1.685
1.898
0.952
1.208
1.128
1.125
0.875
1.438
1.348
1.362
1.093
1.594
1.214
1.430
1.239
1.242
1.116
1.083
1.387
1.252
1.284
1.185
1.151
1.546
1.109
1.171
1.632
1.048
1.629
1.462
1.672
1.706
1.532
1.297
1.078
1.416
1.320
1.770
1.337
1.187
1.725
1.337
1.754
1.394
1.017
1.293
1.583
1.092
1.343
1.165
1.192
1.218
1.321
1.110
1.356
0.778
1.200
1.222
1.425
1.075
0.817
1.111
1.067
0.821
1.333
1.360
1.525
1.823
0.959
0.883
1.160
1.095
1.242
1.284
1.124
0.821
1.235
1.113
1.300
1.803
1.767
1.531
1.463
1.331
1.480
1.841
1.287
1.512
0.820
1.040
1.259
1.102
1.201
0.970
0.924
1.113
0.811
0.819
1.014
1.473
1.076
1.134
1.123
1.080
0.985
1.140
1.182
1.573
1.726
1.347
0.953
1.512
1.142
1.100
0.864
0.903
1.071
1.115
1.325
1.473
1.069
1.187
0.910
1.081
1.241
0.860
0.754
1.451
1.674
1.131
1.091
0.895
1.141
1.113
1.059
0.843
0.669
0.744
0.830
0.756
0.795
0.619
1.012
1.071
0.647
1.075
1.557
1.238
1.320
1.070
0.893
1.041
1.088
0.930
0.796
0.739
0.735
1.279
1.383
1.418
1.287
1.583
1.373
1.597
0.951
0.875
1.389
1.407
0.734
1.163
1.192
1.107
1.000
0.933
1.089
0.943
0.548
1.813
2.231
1.443
1.032
1.182
1.019
1.430
1.337
1.388
0.636
2.522
1.733
1.276
0.676
0.990
1.201
0.986
0.832
0.888
1.064
1.032
0.846
0.584
0.906
1.518
1.425
1.516
1.779
1.047
0.945
1.109
1.270
1.129
0.580
1.024
0.906
0.730
1.997
1.694
1.314
1.684
1.042
1.341
1.595
2.012
1.830
1.371
1.212
1.308
1.525
1.084
0.966
0.857
1.250
1.519
0.695
1.055
1.123
1.171
1.037
1.265
0.827
0.932
1.039
1.419
0.824
1.343
1.438
1.500
2.087
1.617
1.217
1.062
1.371
1.761
0.900
1.522
1.211
0.987
1.619
1.416
0.872
1.229
1.250
0.994
1.532
1.656
1.400
1.018
1.328
0.947
1.012
1.173
1.143
0.711
1.075
0.912
1.160
0.640
0.982
2.151
2.557
1.242
1.054
1.445
1.372
1.263
1.509
1.761
1.375
0.959
0.763
0.900
1.360
1.669
1.197
2.484
1.471
1.027
1.214
1.459
1.709
1.331
1.688
1.331
1.643
1.518
1.245
2.062
2.147
2.442
1.595
1.001
0.504
0.863
1.093
1.282
0.731
1.170
1.064
1.312
1.400
1.297
1.250
2.040
1.262
1.869
1.141
1.286
1.379
1.329
1.593
1.418
1.544
1.104
0.955
1.152
1.621
1.477
1.425
1.884
1.104
2.519
1.503
1.135
1.079
0.998
1.321
1.852
1.672
1.408
1.622
1.750
1.631
1.235
1.372
1.666
1.445
2.164
1.774
1.690
1.283
1.108
1.493
1.534
1.621
1.427
1.195
1.538
1.378
1.591
1.263
1.502
1.310
1.183
1.680
0.920
1.475
1.237
1.293
1.597
1.243
1.474
1.531
1.133
1.583
1.620
1.466
1.744
1.199
1.412
1.415
1.256
1.579
1.573
1.405
1.847
1.141
1.226
1.814
1.935
1.816
1.656
1.027
1.560
1.616
1.977
1.420
1.534
1.281
0.923
1.015
1.223
1.410
0.950
1.073
1.218
0.908
0.934
1.265
0.849
1.174
1.252
1.620
1.730
1.599
1.146
1.083
1.252
1.515
0.990
0.902
1.332
0.974
1.583
1.144
0.965
0.901
1.101
1.398
1.389
1.273
1.224
1.003
1.227
1.133
1.257
1.466
1.561
1.680
1.913
1.442
1.237
1.167
1.258
1.804
1.489
1.099
1.418
1.157
1.061
0.880
1.327
1.106
0.724
1.240
1.121
1.270
0.895
1.041
1.156
1.227
1.005
0.963
1.228
0.572
0.960
1.196
1.740
2.363
1.981
1.712
1.370
1.225
1.129
0.824
0.839
1.485
1.298
1.148
0.819
1.379
1.366
0.995
1.062
1.167
1.013
0.905
0.844
0.814
1.033
1.079
0.968
1.211
0.842
0.631
1.077
1.125
0.873
1.154
1.399
0.771
0.898
0.977
0.820
0.952
1.701
1.667
1.256
1.266
0.914
0.762
0.761
1.063
1.457
1.294
1.193
1.553
1.308
1.165
1.274
1.545
1.074
1.187
1.344
0.836
0.977
1.050
0.805
0.949
0.872
0.794
0.764
1.031
1.451
1.032
1.042
1.476
0.883
1.038
1.576
1.102
1.484
2.077
1.792
1.233
1.014
1.055
1.036
0.939
1.004
0.983
1.184
1.090
1.121
1.248
1.306
1.603
1.812
1.774
1.310
0.797
1.092
1.080
0.992
0.838
1.622
1.136
1.056
0.662
0.753
0.931
1.259
0.928
1.539
1.071
0.799
0.856
1.018
0.974
0.601
1.172
1.320
0.789
1.021
0.824
1.211
2.151
2.059
1.790
2.178
1.719
0.951
0.507
1.289
1.379
0.900
0.785
1.056
1.031
1.159
1.486
1.344
1.200
0.975
1.454
1.302
1.425
1.419
0.979
0.832
1.049
1.109
1.023
3.169
2.568
1.594
0.825
1.455
1.047
1.338
0.989
1.100
1.267
1.356
1.130
2.255
2.075
1.641
0.921
0.664
1.700
1.300
1.036
0.952
1.368
0.955
1.787
2.006
1.151
0.894
0.907
0.963
1.199
1.853
2.261
1.728
1.675
1.517
1.011
1.372
1.163
1.739
1.217
1.035
1.124
1.780
0.853
1.413
1.650
1.708
1.699
1.348
1.836
1.005
1.176
1.523
1.599
1.071
1.094
0.970
1.303
1.365
1.198
0.843
1.954
2.355
1.227
1.382
1.246
1.664
1.867
1.411
1.135
1.989
1.361
1.401
0.999
2.810
2.070
0.918
1.343
1.220
0.770
1.530
1.390
0.994
1.461
1.198
1.488
1.139
1.444
0.737
1.111
1.303
1.522
1.169
1.970
1.451
1.593
1.148
1.726
1.815
1.453
1.030
1.104
1.166
1.616
1.522
1.481
1.056
1.138
1.485
1.952
1.399
1.914
2.170
1.731
1.112
1.637
1.479
1.139
1.139
1.321
1.524
1.128
0.935
1.149
0.918
1.601
1.480
1.583
1.373
1.413
0.795
2.115
1.356
1.532
1.152
1.571
1.638
1.356
1.664
1.847
1.443
1.316
1.015
1.299
0.651
1.575
1.076
1.401
1.177
0.943
1.129
1.282
0.971
1.006
1.449
1.226
1.242
1.224
0.918
0.924
1.388
1.170
1.484
1.430
1.152
1.108
1.156
1.343
1.166
1.062
1.205
1.217
1.490
1.328
2.022
1.716
2.023
1.767
1.713
1.681
1.666
1.486
2.232
1.872
1.616
0.788
1.155
0.896
1.008
1.383
1.645
1.369
1.869
1.048
0.770
1.327
0.760
0.971
1.387
1.151
1.026
1.165
0.991
1.433
1.595
1.422
0.506
0.984
0.744
0.768
1.575
1.178
1.663
1.890
1.637
1.533
1.713
1.091
1.115
1.416
1.118
1.016
1.105
0.841
1.358
1.395
0.981
1.016
1.049
1.405
1.155
1.009
1.260
0.936
1.215
0.803
0.866
0.568
1.028
1.902
0.872
1.094
1.313
1.173
1.035
1.339
1.328
0.804
1.191
1.849
1.322
0.873
0.931
0.623
1.060
1.187
0.736
1.314
0.824
0.560
0.820
0.637
1.032
0.910
0.742
0.879
1.178
1.683
1.198
1.139
0.809
0.941
0.987
1.147
1.463
1.474
1.198
1.085
0.822
1.132
0.994
1.508
1.572
1.089
1.466
1.402
1.359
1.359
1.390
1.225
1.123
1.402
0.854
0.769
1.036
1.072
1.299
0.880
0.734
0.743
1.520
1.192
1.034
1.149
0.609
1.335
1.007
0.836
0.727
1.177
1.741
1.632
1.784
1.826
1.341
1.439
1.513
1.111
0.965
0.899
1.018
0.882
0.793
0.822
0.883
1.030
0.990
1.403
1.269
2.169
1.667
1.849
1.503
0.923
0.827
1.101
0.838
0.756
0.914
0.959
1.111
1.749
1.633
1.268
0.904
2.275
1.101
0.867
1.462
1.439
1.341
1.598
1.509
1.162
1.191
1.152
1.140
1.192
1.558
1.455
1.424
1.363
1.250
1.222
0.998
0.986
1.138
1.430
1.304
1.628
1.480
1.132
0.817
0.859
0.855
0.943
1.119
0.904
1.023
0.771
1.227
1.096
1.298
1.515
1.077
1.719
1.616
1.589
1.720
1.030
0.937
1.135
1.175
1.035
1.093
0.736
0.834
1.079
1.600
1.249
0.857
1.196
0.946
2.388
1.598
2.301
2.519
2.291
1.671
0.888
0.504
0.920
1.179
1.275
1.605
1.528
1.381
1.568
1.086
1.610
0.933
1.461
1.346
1.182
1.570
1.527
1.603
1.265
1.618
1.822
1.162
1.023
1.646
1.580
1.758
1.039
1.672
1.523
1.683
1.115
0.893
1.483
1.647
0.909
0.944
1.199
1.206
1.553
1.288
1.511
1.541
1.337
1.240
1.429
1.353
1.411
1.334
0.915
1.776
1.636
1.114
0.898
1.600
2.241
1.748
1.499
1.709
1.416
1.153
1.600
1.086
1.397
0.939
1.643
1.441
1.415
1.585
1.299
1.614
1.198
1.423
0.972
1.280
1.705
1.693
1.580
1.547
1.660
1.620
1.371
1.286
1.402
1.313
0.893
0.951
0.658
1.187
1.414
1.374
1.705
1.503
1.663
2.124
1.956
0.954
0.867
1.003
1.253
1.653
1.159
1.436
1.590
1.401
1.128
1.193
1.482
1.698
1.639
1.527
1.650
1.970
1.855
1.331
1.594
1.511
1.124
1.474
1.217
1.405
1.667
1.618
1.796
2.132
1.943
1.444
1.032
1.197
0.951
0.774
1.060
0.916
1.290
1.319
0.587
0.982
1.296
1.599
1.271
1.804
1.471
1.609
1.370
1.395
0.767
0.968
1.139
1.355
1.706
1.568
0.951
1.035
0.767
1.058
0.700
1.110
1.518
0.728
0.911
1.681
1.001
0.983
1.377
1.609
1.086
0.869
1.108
1.085
1.262
1.415
1.068
0.925
1.063
1.143
1.044
1.002
1.143
1.368
1.115
0.956
0.923
1.106
1.388
1.003
1.975
1.655
1.840
1.055
1.575
1.621
1.816
1.459
1.302
0.960
0.918
1.093
1.354
1.432
1.549
1.309
1.261
1.418
0.772
0.753
1.303
0.771
0.816
1.128
1.104
0.791
0.920
1.438
0.956
0.707
1.550
0.942
0.716
1.155
1.130
0.998
0.756
0.983
1.104
1.310
1.406
1.274
0.997
1.008
1.111
1.043
0.610
1.138
0.651
0.807
1.682
1.994
1.209
1.451
1.142
1.004
0.818
0.597
1.213
1.159
0.966
0.686
0.937
0.881
0.973
0.931
1.618
1.197
0.956
0.923
0.736
0.848
1.170
0.907
1.005
1.307
1.268
1.069
1.915
1.239
0.900
0.827
1.141
1.883
1.612
1.624
1.314
1.221
0.898
1.292
1.175
1.309
1.276
1.556
2.633
2.379
1.980
1.599
1.261
0.745
0.684
1.109
1.156
1.189
1.146
0.819
1.003
0.515
2.124
1.718
0.950
2.071
1.588
1.373
1.009
1.000
0.823
0.915
1.249
1.729
1.216
1.851
1.585
1.203
0.854
1.226
1.392
1.704
1.244
1.089
1.114
1.348
1.092
1.174
2.361
1.381
0.623
0.804
1.026
1.390
0.857
0.799
0.810
0.976
0.681
1.162
1.265
1.276
1.377
2.068
1.784
1.449
1.168
1.044
1.160
0.972
0.892
1.322
1.549
1.395
1.045
1.008
0.849
1.169
0.717
1.439
1.029
1.076
1.389
1.194
0.994
0.929
1.318
1.106
1.721
1.362
1.240
0.835
0.981
1.244
1.239
0.912
1.041
1.197
1.317
1.465
0.944
1.350
1.783
1.358
1.078
1.870
1.410
1.105
1.519
1.040
1.251
1.708
1.056
1.084
2.434
1.188
1.276
1.649
1.620
1.747
1.430
1.480
1.472
1.871
1.181
1.625
1.272
1.938
1.425
1.099
1.459
1.394
1.566
1.769
1.352
2.492
2.745
1.671
0.857
1.112
1.153
1.846
2.128
1.761
1.226
1.600
0.928
1.113
0.921
1.619
1.294
0.956
0.889
1.269
1.107
1.711
1.352
2.113
1.131
0.947
1.194
1.656
1.306
1.534
1.452
1.445
1.322
1.261
1.522
1.267
0.794
1.452
1.262
1.514
1.301
1.168
0.954
1.008
0.711
1.023
1.134
0.792
0.859
1.147
1.441
1.511
1.641
1.685
1.414
0.893
0.991
0.999
1.110
1.464
1.733
1.100
1.220
1.049
1.364
1.596
1.635
1.081
1.081
0.897
1.338
1.556
1.652
1.294
1.174
0.828
1.094
0.518
1.035
1.088
1.225
0.674
1.077
1.350
1.349
0.866
0.665
1.222
1.854
1.578
1.746
1.811
1.623
1.555
1.981
1.301
1.164
1.149
1.102
1.003
1.165
1.116
1.038
0.883
1.351
1.758
1.565
1.825
1.670
1.201
1.301
1.151
0.856
1.141
1.401
1.331
1.925
1.230
1.210
1.026
1.535
1.475
0.761
0.659
0.897
0.928
1.060
1.161
0.904
1.013
0.945
1.111
0.980
1.365
1.443
1.378
1.386
1.013
1.148
0.718
1.285
1.665
0.785
0.703
1.229
1.412
1.017
1.325
0.874
0.702
0.581
0.924
1.150
1.508
1.303
1.169
1.117
1.294
1.145
2.040
1.225
0.896
1.301
1.511
1.371
1.311
1.551
1.750
1.849
1.678
1.400
0.969
1.090
0.878
1.406
0.944
1.095
1.316
1.356
1.064
1.444
1.056
0.772
0.983
0.645
0.946
0.966
0.841
0.744
0.818
1.248
1.768
1.307
0.983
1.441
1.144
1.010
1.265
1.328
1.359
1.109
0.978
1.170
1.103
1.093
0.561
0.662
0.724
1.082
1.105
2.373
2.074
0.941
0.670
0.919
0.923
0.899
1.189
0.781
0.979
0.781
0.778
1.244
1.363
1.013
1.064
0.655
0.866
0.799
0.983
1.033
0.859
1.036
0.998
1.249
1.393
1.620
1.376
1.309
1.043
0.824
0.981
1.762
1.994
1.446
1.049
1.229
1.287
1.309
1.275
1.132
0.775
1.011
1.322
1.575
1.052
0.872
1.030
1.023
1.335
1.954
1.449
1.175
0.427
1.271
1.427
0.916
1.180
0.844
1.300
1.023
1.056
1.067
0.901
1.237
0.937
1.234
1.582
1.430
1.154
0.832
0.979
1.348
1.284
0.843
1.130
1.211
1.363
1.253
2.775
1.757
1.180
0.857
0.766
1.037
0.976
1.075
1.131
0.948
1.152
0.763
0.880
1.097
0.950
1.436
1.006
0.922
1.020
1.370
1.146
0.690
1.044
1.110
1.313
1.070
1.983
1.522
1.501
1.225
0.571
1.294
1.677
1.013
2.439
2.023
1.504
1.076
1.231
1.249
2.477
3.135
1.885
1.009
0.729
0.870
1.222
1.296
0.916
0.990
1.289
0.943
1.280
0.922
1.066
1.560
1.193
1.466
1.348
1.375
1.403
1.358
1.794
1.959
2.242
2.049
1.687
1.484
1.243
1.295
1.422
1.303
2.023
2.150
1.497
1.054
1.507
0.992
1.130
0.995
1.267
1.243
1.319
1.024
1.076
1.231
1.236
0.972
1.839
1.063
1.950
2.598
1.672
1.231
0.952
1.002
1.014
1.290
0.848
1.446
1.659
1.249
1.594
1.931
1.756
1.570
1.250
1.185
1.025
1.180
1.316
1.314
1.679
1.800
2.074
1.512
0.944
1.700
1.043
1.934
1.324
1.589
0.970
1.528
1.671
1.367
1.174
2.489
2.680
1.070
1.453
1.366
1.223
0.749
1.068
1.450
1.347
1.491
1.141
0.763
1.582
1.171
0.947
1.234
1.049
1.427
1.018
0.821
1.312
1.489
1.359
0.819
1.295
1.674
1.569
0.978
1.065
1.140
1.133
1.233
1.193
1.517
1.423
1.015
1.067
1.750
1.414
1.261
1.268
1.299
1.357
1.377
1.356
1.330
1.089
1.374
1.363
1.763
1.457
1.356
1.567
1.370
1.548
1.515
1.163
0.956
1.005
1.251
1.070
1.103
1.273
1.369
1.253
1.632
1.223
1.589
1.151
0.924
0.974
1.230
1.994
1.674
1.263
1.693
1.147
1.023
1.080
1.041
1.499
1.295
1.048
0.876
1.622
2.162
1.994
1.637
1.516
1.594
1.794
1.503
1.185
1.102
1.289
1.449
0.986
1.009
1.461
1.552
0.943
0.931
0.970
1.029
1.466
1.201
0.851
0.936
1.151
1.594
1.380
1.217
0.858
0.890
1.437
1.270
0.986
1.138
0.795
1.134
1.353
1.490
1.430
1.994
2.120
1.393
1.093
1.482
1.694
1.536
0.891
0.829
1.036
0.944
0.844
0.649
0.933
1.115
1.631
0.823
0.947
1.055
0.979
1.092
1.328
1.728
1.268
0.729
0.949
0.995
0.684
0.667
1.192
1.243
1.096
0.866
1.070
0.716
0.933
1.444
1.174
1.263
1.606
1.118
1.429
1.167
1.180
0.844
1.322
1.159
1.076
1.028
1.197
1.448
1.107
0.670
0.790
0.760
1.135
1.082
1.090
1.052
0.920
0.994
0.679
0.686
0.967
1.218
1.483
1.281
1.783
1.567
1.563
1.242
0.917
1.107
0.713
0.975
1.352
1.345
0.989
0.861
0.913
1.066
1.233
1.140
1.315
1.123
1.336
0.602
0.951
1.184
1.192
0.931
1.130
1.389
1.439
1.463
1.553
1.098
1.251
1.158
0.878
1.020
1.507
0.829
1.075
1.377
1.323
1.321
1.212
1.397
1.657
1.511
1.298
1.498
1.270
1.441
1.208
0.854
1.415
1.652
1.762
1.775
1.156
2.637
2.293
1.498
1.178
0.907
1.340
1.246
1.310
1.698
1.356
1.560
1.840
1.923
0.860
1.570
1.050
0.952
0.950
1.241
1.283
1.435
1.188
1.261
1.205
0.964
1.135
0.720
0.862
1.239
0.692
0.950
1.238
1.342
1.378
1.319
0.960
1.189
1.012
1.092
1.195
1.308
1.164
1.373
1.515
1.407
1.714
1.949
2.047
1.917
1.608
1.261
1.428
1.165
1.789
1.313
1.269
1.430
1.805
1.668
1.803
1.860
1.954
1.692
1.897
1.477
1.413
0.837
0.974
1.296
1.229
1.484
1.075
0.961
1.295
1.504
2.602
1.892
1.561
1.002
1.119
1.315
0.751
1.270
1.752
1.539
1.459
1.422
1.016
1.752
1.316
1.412
1.676
1.571
1.634
1.177
1.080
1.250
1.502
1.247
1.138
1.415
1.537
1.562
1.568
0.989
1.018
1.151
1.357
1.292
1.336
1.202
1.342
1.846
1.814
1.629
2.076
1.400
1.437
1.834
1.817
1.318
1.039
1.528
1.736
1.806
1.427
1.493
1.924
1.743
1.634
1.888
1.326
1.556
1.039
1.395
1.225
1.264
1.619
1.096
1.523
1.253
1.197
1.182
1.543
1.925
1.872
1.574
1.088
1.612
1.589
1.984
1.485
2.037
2.165
2.003
2.299
2.116
1.133
1.671
1.207
1.242
1.410
1.813
1.476
1.497
1.411
1.510
1.685
1.481
1.407
1.670
1.661
1.274
1.464
2.033
1.633
1.640
1.037
1.460
1.882
2.001
1.461
1.593
1.126
0.901
1.083
0.800
0.737
0.696
0.919
0.835
0.692
0.911
0.952
1.309
1.348
0.906
1.339
1.089
1.120
1.419
1.786
2.161
1.889
1.560
1.842
1.706
1.778
0.898
1.019
1.248
1.418
1.310
1.423
1.229
1.108
0.830
1.292
1.158
1.368
1.159
1.051
0.912
1.096
1.100
1.030
0.918
1.206
1.085
1.046
0.878
1.224
1.149
0.834
0.956
1.169
1.626
1.283
0.936
0.957
1.297
1.810
1.447
1.407
1.268
1.064
1.109
0.976
1.133
0.632
0.620
0.817
0.907
1.376
1.321
1.502
0.541
0.704
1.071
0.820
1.054
1.237
1.183
0.851
1.019
1.219
0.787
0.779
1.077
1.204
1.312
0.760
0.873
0.691
1.305
1.153
1.113
1.145
1.169
1.368
1.240
1.443
1.475
1.521
1.758
1.296
0.878
1.290
0.864
0.846
1.169
1.085
0.985
0.993
0.993
0.970
1.185
1.618
1.144
0.841
0.936
1.420
1.524
0.719
1.278
1.389
1.547
0.833
1.167
1.298
0.983
1.055
1.029
1.237
1.707
1.368
1.100
1.595
1.718
1.258
0.843
1.180
1.283
1.176
1.140
0.827
1.107
1.151
1.373
0.925
1.151
0.977
0.828
0.803
0.748
0.772
1.072
1.110
1.443
1.373
1.525
2.507
1.928
2.190
1.643
1.468
0.915
1.282
0.896
1.814
2.002
1.215
0.854
1.083
1.308
1.370
1.320
1.638
1.138
1.205
1.189
1.414
1.304
1.385
1.185
1.320
0.982
0.994
0.923
1.332
1.528
1.222
1.426
1.654
1.343
0.925
1.196
0.631
0.991
1.014
2.129
2.335
0.972
1.034
1.146
0.618
0.633
1.214
0.822
1.171
1.014
1.458
1.674
1.158
1.450
1.191
1.415
1.327
1.334
1.274
1.371
1.005
1.158
1.164
2.028
2.301
1.536
1.112
1.541
1.896
2.110
1.548
1.528
1.748
1.413
1.117
1.562
1.390
0.937
1.376
1.273
0.985
1.362
1.284
1.437
0.853
1.283
1.396
1.195
1.109
2.089
2.321
1.982
1.068
1.293
1.225
1.423
1.022
1.556
1.343
1.537
1.555
1.335
1.239
1.181
1.945
1.977
1.478
1.337
1.600
1.139
1.206
1.695
1.585
1.100
0.964
1.143
0.951
1.511
1.292
1.322
1.140
1.517
1.435
1.350
1.806
1.396
1.225
1.290
0.829
1.155
1.217
1.464
1.095
1.170
1.226
1.544
1.264
1.358
0.894
1.407
1.385
1.798
1.331
1.526
1.239
1.666
1.234
1.087
1.651
2.003
1.684
1.218
1.259
1.111
0.730
0.906
1.546
1.255
1.406
1.753
1.011
0.815
1.012
1.433
1.261
1.180
1.549
0.812
1.381
1.207
1.492
1.189
1.283
0.962
1.010
1.680
1.036
1.365
0.794
0.918
0.817
1.292
0.981
0.944
0.795
0.989
1.088
0.733
1.511
1.960
1.356
1.142
0.990
0.926
1.081
1.626
1.544
1.210
0.833
1.112
1.105
1.446
1.395
1.213
0.879
1.378
1.309
1.131
1.166
1.256
1.355
1.228
1.399
0.926
0.909
1.535
1.488
1.413
1.308
1.059
1.225
1.379
1.387
1.323
1.225
1.319
1.087
0.826
0.905
1.144
1.029
1.290
1.329
1.035
0.836
0.646
1.420
0.953
1.131
1.040
0.883
1.541
1.023
0.646
0.831
1.049
1.695
1.210
1.231
1.343
1.476
0.936
1.081
1.367
1.581
1.366
0.942
1.071
0.834
0.780
0.735
0.847
0.918
0.746
1.147
1.050
1.064
0.737
0.773
1.000
1.220
1.127
0.966
1.154
1.164
0.859
1.006
0.833
1.106
1.660
1.309
0.750
0.778
0.659
1.073
1.128
0.878
1.307
1.121
0.838
1.190
1.118
0.987
1.052
1.110
1.141
1.199
1.260
0.892
0.843
1.723
1.405
1.062
0.741
0.952
0.769
0.998
0.857
0.929
0.849
1.345
1.324
0.858
1.005
1.195
1.221
0.824
0.773
0.952
1.457
1.221
0.761
1.083
1.444
0.987
0.875
1.153
1.067
0.887
0.863
1.168
1.125
1.313
1.211
1.701
1.389
1.529
0.909
1.795
0.755
0.976
0.795
0.674
0.860
1.275
1.276
0.941
0.726
0.778
1.134
0.932
1.375
1.230
1.484
1.352
1.262
1.165
0.941
0.957
1.213
0.935
1.270
1.787
1.196
0.661
1.113
1.554
1.614
1.296
1.797
1.889
1.750
1.699
1.029
1.166
1.511
1.291
1.330
0.914
1.259
0.959
1.305
1.079
1.102
1.311
1.128
0.861
1.218
0.838
0.654
1.351
1.093
0.949
0.944
1.297
1.028
1.298
1.715
1.864
1.719
1.783
1.488
1.071
1.171
1.041
1.913
1.255
1.616
1.423
1.347
1.230
0.875
1.368
1.523
1.364
1.083
1.135
1.406
1.497
1.047
1.025
1.182
1.193
1.182
1.169
1.377
1.864
1.322
1.729
1.096
0.948
1.454
1.430
1.427
1.071
1.333
1.646
1.637
0.802
1.161
2.245
1.359
1.286
1.262
1.747
1.782
1.480
1.574
1.009
1.254
1.440
1.095
1.983
1.653
1.425
1.072
1.078
1.558
1.624
1.866
1.408
1.606
1.668
1.476
1.225
0.905
1.498
1.179
1.466
1.531
1.206
1.504
1.767
0.809
1.984
1.521
1.631
1.239
1.354
1.200
1.147
1.019
1.630
1.599
1.281
1.050
1.752
1.373
1.669
1.116
1.709
1.216
1.697
1.570
1.536
1.477
1.275
0.932
0.995
1.332
0.801
1.146
1.736
1.975
2.004
2.457
1.842
1.288
1.530
1.768
1.891
1.008
1.096
0.874
1.310
1.207
1.384
1.728
1.707
1.666
1.211
1.198
1.528
1.596
1.489
1.892
1.307
1.592
1.694
1.403
1.764
1.784
1.561
1.677
1.389
1.520
1.363
1.793
1.696
1.552
1.325
0.678
1.177
1.181
1.563
1.208
0.860
0.742
0.998
1.294
1.468
1.059
1.197
1.204
1.078
0.700
0.925
1.230
1.678
2.032
1.476
1.793
1.574
1.775
1.821
1.769
2.240
1.737
1.808
1.652
1.813
1.308
1.214
1.343
1.429
1.204
1.234
1.350
1.766
1.569
1.585
1.384
1.550
1.482
1.262
1.250
1.579
0.769
1.327
0.825
0.913
1.040
1.534
1.283
0.768
0.731
1.126
1.176
1.053
0.746
0.989
0.730
1.102
1.195
1.346
1.474
0.797
0.948
1.393
1.203
1.077
1.254
0.981
0.840
1.605
1.133
1.169
1.371
0.627
0.928
1.259
1.141
0.793
1.072
0.854
1.170
0.736
0.720
0.702
1.074
1.436
1.042
0.758
0.908
1.304
0.951
0.888
1.244
1.357
0.651
0.729
0.956
1.222
1.200
1.492
1.543
1.598
1.458
1.152
0.726
1.235
1.285
0.739
1.246
1.306
0.749
0.635
1.326
1.050
0.834
0.933
0.826
1.812
2.203
1.925
1.533
1.071
0.863
1.019
1.739
0.898
1.478
1.247
0.952
1.295
0.971
0.742
0.954
0.922
1.049
1.058
0.748
0.659
0.842
1.177
0.895
0.704
2.153
1.855
1.283
1.293
0.909
0.890
0.686
0.849
0.975
1.054
1.054
0.817
0.972
1.216
0.841
1.506
1.720
1.238
1.418
0.857
1.054
0.954
0.928
1.125
0.839
0.999
0.961
1.220
0.973
1.004
1.088
0.970
0.810
1.327
1.069
0.714
1.077
0.994
1.367
1.081
1.196
1.060
1.195
0.989
0.920
1.215
1.572
1.305
1.239
1.244
0.932
1.060
1.332
0.937
1.350
1.019
0.931
1.116
0.982
1.184
1.596
1.661
1.409
1.365
0.979
0.919
2.091
2.074
1.602
0.908
0.954
1.327
1.717
0.970
0.822
1.500
0.990
1.047
1.205
1.043
0.873
1.560
1.251
0.814
1.080
1.601
1.064
1.095
1.442
1.370
1.567
1.670
1.714
1.321
1.033
1.925
2.072
1.429
0.897
1.049
1.230
1.419
1.695
1.946
0.995
0.719
0.859
1.199
1.148
1.798
1.219
1.800
2.168
1.771
2.249
2.131
1.541
0.726
1.107
1.173
0.910
1.180
1.252
1.260
1.586
2.182
1.145
3.485
2.416
1.071
0.799
1.815
1.168
0.967
1.508
1.162
1.602
1.232
0.990
1.464
1.540
1.615
1.309
1.295
1.442
1.035
1.484
1.389
1.476
0.850
0.962
1.331
0.975
0.928
1.035
1.554
1.743
1.592
1.516
1.946
1.778
1.882
1.647
1.218
1.130
1.585
1.067
0.886
1.550
1.666
1.373
1.772
1.612
1.793
1.547
1.692
1.738
1.448
0.877
1.048
2.540
1.391
1.061
1.498
1.243
1.113
1.406
1.508
0.939
1.230
1.217
0.884
0.968
1.353
1.606
2.165
1.732
1.109
0.928
1.281
1.343
1.296
1.496
1.287
1.457
1.318
1.933
1.896
1.410
1.011
1.966
1.115
1.235
1.286
1.595
1.203
1.997
1.518
2.244
1.507
0.818
0.947
0.589
1.364
0.803
1.278
1.164
0.751
1.297
1.592
1.723
1.076
0.971
1.087
1.329
1.831
0.993
1.013
1.110
0.703
0.857
1.121
1.093
1.133
1.390
1.153
1.274
1.589
1.814
1.546
0.957
0.810
1.250
1.514
1.529
1.198
1.281
1.502
1.059
1.394
1.737
1.250
0.562
1.287
1.515
1.538
1.285
1.230
1.185
1.401
1.511
1.086
1.332
1.473
1.581
1.105
0.604
0.648
0.656
1.191
1.067
1.291
1.328
1.732
1.241
1.090
1.151
1.096
1.250
0.994
1.307
2.177
1.558
1.529
1.575
1.116
1.282
1.142
0.992
1.267
1.180
1.591
1.712
0.932
0.957
1.449
1.689
0.958
0.814
0.639
0.909
1.260
1.284
1.060
0.809
0.988
1.115
1.655
1.116
0.676
0.796
1.083
0.930
1.083
0.925
1.048
1.202
1.191
0.635
0.894
0.837
0.791
0.900
1.048
0.897
0.836
1.275
1.284
0.904
1.001
0.888
0.794
1.068
0.890
1.103
1.313
1.151
0.841
0.623
0.768
0.522
0.984
1.180
0.908
1.022
1.105
1.507
1.236
1.073
0.988
0.781
1.028
1.004
0.780
1.480
2.352
2.289
2.050
1.503
0.956
1.170
1.151
1.337
0.883
1.687
2.232
1.436
1.164
1.644
1.754
1.557
0.973
1.110
1.081
0.705
0.939
1.622
1.640
1.681
0.973
0.777
1.055
1.268
1.683
1.694
1.154
0.799
0.965
0.821
0.679
1.294
1.367
0.878
1.977
1.868
0.967
0.850
0.848
1.055
1.123
1.174
1.444
1.046
1.489
1.057
1.334
1.327
1.354
1.214
1.029
1.281
1.219
1.314
0.973
1.089
1.108
1.065
1.126
1.347
1.310
1.319
1.279
1.292
1.144
1.472
1.497
0.725
1.115
1.283
1.598
1.186
0.737
0.895
1.156
1.221
1.286
1.271
0.988
0.904
1.273
1.116
2.200
1.787
1.135
1.650
1.598
1.300
0.969
1.543
1.820
2.298
1.441
1.150
0.870
0.761
0.989
1.433
1.537
1.076
1.328
0.897
1.027
1.444
1.082
1.224
0.820
1.424
1.364
1.397
1.574
0.714
0.937
1.165
1.235
1.246
1.110
1.143
1.005
1.301
1.516
1.565
0.974
1.938
1.199
1.354
2.293
2.307
1.034
1.191
1.054
0.999
1.358
1.406
1.271
1.264
1.371
0.957
1.453
1.124
1.412
1.158
1.535
1.439
1.324
1.135
1.166
0.998
1.507
1.273
1.257
1.630
1.713
1.333
1.366
1.561
1.210
1.649
1.127
1.194
1.504
1.761
1.442
0.965
1.315
1.671
1.045
1.614
2.208
2.291
1.917
1.270
1.532
1.359
1.235
0.903
0.799
1.652
1.661
1.654
1.118
1.129
2.020
1.291
1.422
1.544
1.294
1.323
1.327
1.044
1.335
1.363
1.005
1.173
1.037
0.873
0.801
1.358
1.441
0.865
1.020
1.587
1.627
1.699
1.321
1.184
1.035
1.125
0.783
1.165
1.147
1.214
1.627
1.457
1.529
0.737
0.993
1.103
1.207
1.030
1.336
1.465
1.214
1.385
1.186
1.250
1.111
1.498
1.678
1.415
1.059
1.159
0.872
1.042
1.498
1.284
1.201
1.417
1.564
1.088
1.105
1.320
1.803
0.975
1.291
1.341
1.285
1.196
1.311
1.308
2.036
2.026
1.110
1.791
1.214
1.332
1.064
1.620
1.596
1.441
1.766
1.985
1.467
1.067
1.145
1.165
1.321
1.188
1.647
2.175
1.605
1.326
1.182
1.074
1.259
1.245
1.086
0.614
1.355
1.238
1.213
0.699
1.443
0.987
1.019
1.557
0.773
0.967
0.941
1.148
1.392
0.828
0.699
0.862
1.047
1.068
0.498
0.952
1.523
1.359
1.543
1.592
1.640
1.533
1.356
1.013
1.133
1.461
1.780
1.326
1.250
0.583
1.266
1.232
1.056
1.007
1.400
1.192
1.146
1.177
0.923
1.098
0.777
1.184
1.242
1.166
0.922
1.068
1.250
1.137
1.587
1.165
0.884
0.897
0.982
0.742
0.876
1.058
1.127
1.545
1.212
1.233
1.689
0.976
1.135
0.734
0.893
0.886
1.017
0.813
0.914
0.684
2.249
1.564
1.247
1.217
2.098
1.592
1.273
0.601
1.349
1.236
0.949
0.775
1.322
1.338
1.123
1.051
0.828
1.098
1.235
1.496
1.029
1.249
1.267
1.528
1.467
1.053
1.057
1.716
2.121
1.532
0.810
0.701
1.106
1.061
1.037
1.339
1.146
1.007
0.927
1.001
1.382
1.286
0.959
0.574
0.901
1.122
1.287
1.360
1.370
1.001
0.966
1.077
1.217
1.341
1.383
0.939
1.834
1.329
1.454
0.675
1.048
1.270
1.482
1.501
1.270
1.036
0.997
1.227
1.426
1.428
1.077
2.531
2.353
1.478
1.698
1.502
1.286
1.148
0.749
1.203
1.381
1.439
1.436
1.984
2.363
1.020
1.235
1.663
1.075
1.360
1.916
1.783
1.060
0.969
0.988
1.034
1.048
1.261
1.356
1.216
1.555
1.006
1.073
1.352
2.262
2.964
1.885
1.487
0.851
0.886
1.268
1.316
0.664
1.062
1.044
1.015
1.266
1.058
1.301
1.508
0.887
2.016
1.226
1.658
1.681
2.005
2.531
1.744
1.175
2.421
1.026
1.304
1.298
1.115
1.307
1.654
1.366
1.484
1.725
2.402
2.176
1.552
0.749
1.233
1.607
1.681
1.386
1.194
1.255
1.691
1.860
2.082
1.841
3.073
2.287
0.946
1.577
1.312
0.866
1.059
1.631
1.635
1.436
0.985
1.233
1.147
1.983
0.748
1.105
1.450
1.671
1.248
1.125
1.331
1.370
1.085
2.363
1.621
1.497
1.594
1.470
1.788
1.379
1.298
1.057
1.877
2.041
1.187
1.778
1.671
1.171
1.107
1.339
1.278
1.133
1.061
1.208
1.441
1.184
1.245
0.977
1.154
1.816
1.300
1.281
1.432
1.325
0.941
1.008
1.168
1.505
1.572
1.693
1.499
1.026
1.479
1.768
1.373
1.635
0.987
1.224
1.390
1.661
2.173
2.523
1.362
1.290
1.691
1.042
1.193
1.321
1.077
1.315
1.004
1.463
1.545
1.036
1.666
1.517
1.265
1.191
1.403
1.277
1.000
1.023
1.320
1.415
1.068
1.194
1.463
1.830
1.158
1.312
0.911
0.990
1.539
1.658
1.836
2.042
1.994
1.584
1.305
0.983
0.637
0.866
0.674
1.224
0.992
1.092
1.212
0.645
0.611
0.901
1.130
1.111
0.976
0.700
0.774
1.135
1.286
1.269
0.705
0.868
0.972
1.257
1.521
1.268
1.465
1.503
1.234
1.276
1.011
0.949
0.989
0.950
0.837
1.164
0.906
1.096
1.252
1.386
0.911
1.625
1.828
1.603
0.853
1.210
1.482
1.015
0.955
1.464
1.227
1.082
1.032
1.289
1.638
1.557
1.197
0.978
1.212
1.442
1.479
1.033
1.158
1.384
1.262
0.885
1.008
0.841
0.963
0.735
1.173
1.129
0.819
0.816
1.158
1.190
0.946
1.267
1.134
1.012
0.833
0.901
0.902
0.720
0.751
0.955
1.103
1.009
0.771
0.966
0.884
1.107
1.307
0.902
1.374
2.235
1.808
0.806
1.034
1.049
1.022
1.086
1.216
0.971
1.514
1.657
1.298
0.906
1.127
1.967
2.399
2.181
1.407
1.250
1.126
1.686
2.175
2.222
2.026
1.810
1.799
1.771
1.407
0.886
0.681
0.869
1.365
1.545
1.663
1.324
1.835
2.089
1.647
1.140
0.648
0.785
1.156
1.281
1.182
0.524
0.834
1.169
1.159
1.157
0.745
0.935
0.861
1.186
1.371
1.117
1.059
1.645
0.919
1.085
0.971
1.216
0.920
0.889
1.093
1.224
1.143
1.001
0.988
0.981
1.350
1.018
1.160
1.146
0.777
0.898
0.813
1.654
1.658
1.260
1.261
1.138
0.972
1.560
1.651
1.021
1.334
1.456
0.870
0.781
1.695
1.539
1.569
1.007
1.004
0.816
1.163
1.585
1.374
1.456
1.570
1.427
1.380
1.382
1.210
2.192
1.842
1.431
0.838
0.720
1.236
0.931
1.286
1.214
0.872
1.142
1.036
1.084
1.346
1.645
1.802
1.469
1.552
1.368
1.410
1.859
1.369
1.485
1.430
1.328
1.278
1.292
1.536
1.361
1.580
1.666
1.260
1.597
1.437
1.337
1.151
2.758
2.418
1.422
1.147
1.109
1.302
1.637
1.084
1.411
1.143
1.488
1.585
0.994
1.142
1.284
1.654
1.733
1.555
1.262
1.301
1.394
1.151
1.131
1.419
1.324
1.471
1.233
1.157
1.395
1.244
1.620
1.805
1.184
1.146
1.447
1.458
1.303
1.014
1.265
1.317
1.957
1.653
1.021
1.351
1.088
1.271
0.839
1.767
1.441
1.718
1.779
1.362
1.042
1.850
1.424
1.097
2.146
1.460
1.937
1.089
1.557
1.505
1.356
1.405
1.316
1.260
1.309
0.963
1.593
1.295
1.194
1.268
1.078
1.333
1.369
1.094
0.918
1.382
1.285
1.429
1.242
0.717
0.874
1.162
1.348
1.771
1.375
0.798
1.304
1.386
1.507
1.583
1.224
0.730
1.463
1.509
1.106
1.430
0.850
1.173
1.672
2.094
1.982
1.101
1.315
1.215
1.292
0.879
1.477
1.443
1.475
2.056
1.388
0.801
0.897
0.887
1.199
1.122
0.705
1.303
1.384
1.251
2.004
1.917
2.035
1.410
0.885
1.183
1.281
1.844
1.488
1.705
1.358
1.180
0.822
1.273
1.443
1.353
1.332
0.727
1.046
1.650
1.818
1.493
1.551
1.413
1.564
1.459
1.466
1.601
1.716
1.436
1.316
2.134
1.962
2.171
1.938
1.094
1.113
0.814
0.846
1.144
1.227
2.038
1.601
1.625
1.583
1.239
0.985
0.784
1.389
1.038
0.641
0.810
1.101
0.926
1.785
1.492
1.282
0.864
1.041
1.209
0.901
0.731
0.592
0.967
1.374
1.336
1.188
0.899
1.571
1.416
1.165
0.876
0.737
1.615
1.591
1.228
1.012
0.964
0.696
1.337
1.365
0.911
0.776
0.957
0.945
0.971
0.740
1.167
1.162
1.211
0.956
0.783
1.356
0.995
0.817
0.884
1.641
1.365
1.415
1.158
1.410
0.692
0.906
0.832
1.210
0.771
1.065
1.146
1.122
1.066
1.154
1.132
1.303
1.806
1.903
1.597
1.064
1.091
0.954
0.964
0.948
0.936
1.013
1.029
1.006
3.189
2.020
1.344
1.315
0.771
0.860
1.117
1.344
0.993
0.705
1.163
0.997
1.212
1.623
1.537
2.188
1.421
1.025
0.978
0.832
1.958
2.218
1.370
0.953
0.977
1.328
2.003
0.981
1.130
1.291
1.145
1.277
0.590
0.894
1.185
1.454
1.129
1.577
1.151
0.826
1.268
0.755
1.159
1.085
1.317
1.394
0.803
1.727
0.997
1.056
1.508
1.651
1.349
1.152
0.921
0.888
1.390
1.365
1.505
1.603
1.193
0.912
0.351
1.509
1.409
1.027
1.664
1.095
1.796
1.860
1.106
1.394
1.186
1.376
1.584
1.519
1.948
1.594
2.960
1.642
2.046
2.040
1.201
1.110
0.852
1.132
0.951
1.247
1.426
1.132
1.050
1.215
0.971
0.945
0.967
1.199
1.151
1.277
1.216
1.224
2.190
1.853
1.789
2.192
1.616
1.151
1.308
1.575
1.407
1.519
1.590
1.490
1.338
1.981
1.762
1.355
0.906
1.379
1.612
1.068
1.049
1.309
1.183
1.333
1.940
1.484
1.598
1.418
1.498
1.368
1.010
1.357
1.260
1.540
1.282
1.620
1.458
1.439
1.422
2.030
0.946
1.293
1.489
0.914
1.647
1.530
1.713
1.270
1.822
1.592
1.557
1.230
1.304
1.219
1.611
1.457
1.380
1.185
1.164
1.043
1.336
1.005
1.222
0.891
0.835
1.154
1.161
0.931
1.321
0.823
1.734
1.035
1.227
1.001
1.484
1.730
2.249
1.241
1.152
1.273
1.147
1.175
1.434
1.251
2.007
1.928
1.616
1.577
1.285
1.225
1.525
1.832
1.149
1.197
1.369
0.989
1.165
1.010
1.678
1.747
1.644
1.128
1.491
1.488
1.536
1.325
1.613
1.036
1.193
1.518
1.138
1.762
2.343
2.008
1.424
1.810
1.066
0.591
0.929
1.149
0.953
1.151
0.717
0.730
0.639
1.026
1.298
0.769
1.157
1.216
0.951
1.143
1.221
1.135
1.364
1.790
1.725
1.181
1.157
1.199
1.176
1.090
0.768
1.511
1.546
1.246
1.527
0.926
0.818
0.746
0.951
1.267
1.343
1.355
1.543
1.518
1.248
1.336
1.635
1.426
1.077
1.428
1.722
1.721
1.271
0.955
1.138
1.199
1.080
1.060
1.479
1.349
0.810
0.991
1.475
1.059
1.150
1.279
0.960
1.496
1.188
1.168
1.625
1.086
0.961
0.916
1.545
1.680
1.210
1.443
1.376
1.476
1.349
1.405
1.132
1.454
1.933
1.495
1.335
1.085
0.834
0.697
0.984
0.961
0.801
0.791
1.028
0.790
0.916
1.000
1.201
1.366
1.240
1.006
0.996
1.048
0.807
0.507
0.996
0.735
0.889
1.074
1.008
1.100
1.145
1.017
0.811
1.009
0.922
1.136
1.653
1.060
1.603
1.159
1.215
0.924
0.760
0.893
0.790
1.141
1.316
1.284
1.369
1.416
1.636
1.182
1.291
1.067
0.595
0.904
0.608
0.879
0.607
0.619
1.280
1.809
1.804
1.475
1.541
2.316
2.546
1.950
1.293
1.157
1.015
1.221
0.956
0.846
0.554
1.923
1.650
1.444
1.233
1.183
1.080
1.122
1.249
1.127
1.227
0.970
1.171
1.093
1.144
0.782
1.069
1.172
1.219
1.609
1.731
1.632
1.377
0.917
0.781
0.884
1.191
1.041
1.324
1.558
0.784
1.087
1.039
0.982
1.154
1.090
1.858
1.121
0.994
1.329
1.401
0.810
1.520
1.965
1.996
1.365
0.822
1.048
1.764
1.369
0.772
0.969
0.911
1.192
1.275
0.947
1.517
1.468
1.043
1.130
1.271
1.268
0.736
0.962
1.105
1.329
1.230
0.949
1.313
0.976
1.205
1.589
1.688
1.232
1.046
0.758
0.726
0.900
0.842
1.114
1.629
1.428
1.414
1.557
1.294
1.043
1.159
0.863
1.464
1.183
0.916
1.203
1.539
1.594
0.911
1.198
1.388
1.736
1.164
0.916
1.035
0.958
1.363
1.126
1.947
1.337
1.039
0.890
1.697
1.374
2.027
1.872
1.510
0.839
1.442
1.700
0.909
0.965
0.878
1.934
1.469
1.084
1.435
1.633
0.950
1.250
1.592
1.835
1.884
1.693
1.491
1.589
1.216
1.923
1.462
1.137
1.365
0.655
1.537
1.323
1.584
1.134
1.473
1.420
2.288
1.826
1.397
1.709
2.102
2.336
2.731
1.479
1.150
1.694
0.943
1.024
1.027
1.314
0.884
1.570
1.099
1.284
1.330
1.367
1.327
1.228
1.359
1.234
0.813
0.986
1.147
1.402
1.332
0.975
0.839
0.628
0.817
1.125
1.849
2.041
1.894
1.846
1.610
1.599
0.993
1.000
1.488
1.349
1.808
1.259
1.786
1.601
1.675
1.671
1.947
1.801
1.000
0.935
1.278
1.055
1.167
1.448
1.193
1.618
1.456
0.857
1.283
0.996
1.076
1.022
1.248
0.834
1.028
1.161
1.133
1.120
1.040
0.857
1.702
1.062
0.741
0.904
1.383
1.584
1.627
1.216
1.456
1.782
2.025
1.331
1.067
1.612
0.985
0.846
0.833
0.968
1.043
1.398
1.686
1.166
0.762
1.300
1.108
0.855
1.804
1.366
1.031
1.059
1.017
1.144
1.521
1.673
1.486
1.459
1.390
1.082
1.300
1.113
1.379
1.367
0.936
1.323
1.032
0.881
1.289
1.300
1.316
1.423
1.080
1.049
1.494
1.585
1.152
1.519
1.244
1.083
0.771
0.965
1.402
1.678
1.333
1.141
1.295
1.360
1.538
1.082
1.050
1.167
1.176
0.993
0.986
1.315
1.162
0.879
0.764
0.667
0.867
0.644
0.800
0.770
0.821
1.047
1.204
0.973
0.793
1.163
0.658
1.167
1.072
1.473
1.008
1.528
0.888
1.181
0.797
1.201
1.208
1.088
1.049
1.208
1.222
0.719
1.552
1.901
1.404
1.119
1.445
0.838
1.504
1.351
0.767
1.131
0.774
0.943
1.628
1.002
0.844
0.814
0.960
1.745
1.528
1.079
1.268
1.223
1.252
0.936
0.848
1.236
1.036
0.690
1.100
1.186
1.225
0.889
0.901
1.207
1.072
0.936
1.166
0.832
0.680
0.742
0.807
0.982
1.095
0.962
1.013
0.961
0.921
0.642
1.596
0.720
0.808
1.254
1.293
0.979
1.024
0.885
0.735
1.136
1.039
1.187
0.859
0.713
0.749
0.808
1.616
2.087
2.158
1.040
0.912
1.558
1.622
0.935
0.750
1.122
1.098
2.381
1.559
1.165
1.561
0.863
1.096
0.675
1.175
1.073
1.006
0.995
1.169
1.067
1.672
1.464
1.275
1.015
1.421
0.897
1.404
1.224
0.825
0.808
0.971
1.043
0.956
0.930
1.134
1.699
1.363
1.460
0.914
1.320
1.157
0.703
0.970
1.298
0.932
1.248
1.585
1.405
1.452
1.800
1.609
0.869
0.922
1.089
0.723
1.177
1.189
0.972
1.142
1.176
1.244
1.337
1.247
0.974
0.901
1.055
2.442
1.895
1.108
0.787
1.115
1.350
1.817
1.504
1.495
1.718
1.579
1.607
1.359
1.153
0.937
1.492
1.383
1.063
1.029
1.114
1.464
1.627
1.383
1.153
1.144
1.360
1.418
1.808
1.869
1.707
1.807
1.642
1.942
1.264
1.170
1.117
1.486
1.075
1.309
1.514
1.143
1.091
1.088
1.471
1.019
1.909
1.452
1.559
1.450
2.080
1.493
1.812
1.030
0.827
1.041
1.217
1.754
1.031
1.062
1.296
1.229
1.450
2.035
1.766
1.494
1.167
1.303
1.073
1.003
1.153
1.569
1.254
1.165
1.308
0.914
1.248
1.430
1.847
1.446
0.875
0.924
1.267
1.133
1.709
1.745
1.815
1.409
1.543
1.589
1.336
0.952
0.912
0.852
1.340
1.190
1.114
1.473
1.584
1.170
0.945
0.908
1.410
1.622
1.240
0.961
1.159
1.528
1.363
1.148
0.922
0.570
1.465
1.629
1.387
1.442
1.636
1.316
1.438
1.324
0.688
1.010
0.922
1.407
1.347
1.122
0.934
0.982
1.014
1.170
0.977
0.958
1.560
1.422
1.236
0.629
0.865
0.742
1.195
0.845
1.225
1.424
1.781
1.841
1.835
1.714
1.433
1.688
1.285
1.334
1.418
1.608
1.880
1.327
1.198
1.342
1.471
1.539
1.339
1.475
1.022
1.271
1.124
1.184
1.102
0.635
0.700
0.892
0.662
1.284
0.969
0.849
0.661
1.264
1.248
1.449
1.140
0.956
1.374
1.157
0.698
0.986
1.400
1.523
1.393
1.525
1.058
0.717
1.249
0.997
1.123
1.162
0.789
0.912
1.019
0.885
1.167
1.136
1.117
0.856
1.013
1.005
1.080
1.405
1.272
1.040
1.376
0.796
0.879
1.092
1.127
1.199
1.092
1.019
0.540
1.090
1.190
1.397
0.845
0.823
0.757
1.103
0.696
0.803
1.299
1.586
1.787
0.716
1.280
1.125
1.030
1.144
0.968
1.169
0.923
1.194
1.290
0.732
0.959
1.640
1.909
1.636
1.847
1.909
1.724
1.248
1.292
1.213
1.042
1.259
1.400
0.932
0.901
0.929
1.223
1.212
1.040
1.077
1.185
0.900
0.776
0.602
0.846
0.634
1.828
1.455
1.041
1.246
1.026
1.603
0.995
0.807
0.867
2.354
2.564
2.154
1.963
1.426
0.896
1.181
0.983
1.270
0.927
1.383
1.287
1.368
0.877
0.891
1.137
0.877
1.393
1.503
1.481
1.014
1.089
2.135
1.654
0.972
1.011
0.808
1.583
1.220
0.821
0.988
1.445
1.399
1.327
1.120
1.076
1.279
1.305
1.202
0.979
1.406
1.323
1.380
1.242
1.036
0.822
1.131
1.048
0.941
0.965
1.210
1.638
0.870
1.037
0.822
0.978
1.175
1.550
1.465
0.932
1.027
1.100
1.503
1.141
1.509
1.032
1.988
1.704
2.779
2.294
1.648
0.786
1.466
1.647
1.209
1.446
0.918
1.173
1.080
1.517
0.855
0.784
1.495
1.653
0.787
1.397
2.080
2.459
2.270
1.481
0.681
0.883
1.067
1.369
1.321
1.443
1.135
1.940
1.694
0.979
0.899
1.298
0.913
1.445
1.577
0.923
1.203
1.416
1.451
0.831
1.457
1.525
1.367
1.143
0.896
1.055
0.992
1.100
0.924
2.458
1.875
1.738
1.695
1.084
1.076
1.517
1.216
1.485
1.184
1.329
1.216
1.119
1.169
1.242
1.562
1.436
1.539
1.135
0.952
1.552
1.635
1.869
2.200
1.503
1.300
1.676
1.310
2.584
1.304
0.921
1.438
1.641
1.530
1.760
1.724
1.340
1.102
1.414
1.480
1.105
1.028
1.172
1.362
0.825
1.019
1.747
1.526
1.619
1.263
1.257
1.517
1.041
1.921
1.338
1.135
0.908
2.357
2.006
1.174
1.713
1.283
1.151
1.040
1.543
0.915
1.264
1.403
0.935
1.211
1.466
1.153
0.946
1.514
1.035
2.133
1.298
1.333
1.145
1.665
1.229
1.326
0.992
1.446
1.570
1.486
0.991
0.668
1.008
1.302
1.464
1.213
1.579
1.814
1.417
1.498
1.573
1.724
1.909
1.823
2.508
1.143
0.898
1.477
1.893
1.219
1.093
1.015
1.240
1.366
1.298
0.933
1.300
1.287
1.036
1.707
2.173
1.269
1.873
1.049
1.529
1.421
1.573
1.463
1.506
1.262
1.072
1.520
1.987
2.175
1.868
1.785
1.948
2.016
1.787
1.740
1.945
2.345
1.179
0.804
1.026
0.976
0.963
1.438
1.365
1.156
1.359
1.234
1.487
1.237
1.430
1.895
1.900
1.357
1.118
1.531
1.413
1.437
1.152
1.212
1.181
1.408
1.031
1.326
1.134
1.172
1.716
1.143
1.366
1.164
1.350
1.803
1.227
0.860
0.950
1.391
0.885
1.323
1.087
0.892
0.860
1.121
1.118
0.913
1.049
1.109
1.653
1.325
1.051
1.508
1.377
1.059
1.025
1.535
1.910
0.993
1.675
1.110
0.848
1.013
0.903
0.616
1.236
1.035
1.762
1.331
0.679
0.902
1.277
1.219
1.262
1.285
0.891
1.228
1.119
1.317
2.634
1.414
1.200
1.303
1.315
1.096
0.823
1.011
1.263
1.329
1.226
0.943
1.019
1.073
0.997
0.624
0.798
1.373
1.282
0.889
0.619
0.552
1.217
2.795
1.918
1.548
1.138
1.034
1.463
1.107
1.102
1.143
1.214
1.198
1.025
0.977
1.966
1.866
1.351
1.216
1.497
0.916
0.880
0.649
0.739
0.817
0.953
1.194
1.868
1.722
1.616
1.342
1.211
1.474
0.820
0.893
0.831
1.549
1.124
1.435
1.572
1.614
0.898
1.329
0.604
1.239
1.313
1.211
1.429
1.387
1.231
1.736
1.698
1.452
1.015
1.008
0.796
1.019
2.036
2.005
0.965
0.856
0.598
0.812
1.395
1.889
1.915
1.073
0.978
1.340
1.392
1.164
1.275
1.186
1.385
1.320
1.896
1.906
1.605
1.701
1.442
1.296
1.451
0.915
1.701
1.545
1.334
1.030
1.186
1.349
1.518
1.863
1.440
1.468
1.505
1.308
1.183
2.436
1.036
1.286
1.406
1.183
0.788
1.358
1.110
1.347
1.206
1.322
1.192
1.663
1.531
1.853
1.923
1.583
2.578
1.961
2.052
1.442
0.913
1.144
1.563
1.683
1.689
1.426
1.251
2.126
1.497
1.445
1.782
1.535
1.174
1.265
1.520
1.151
1.038
1.649
1.824
1.227
1.324
1.164
1.057
1.119
1.190
1.247
0.809
1.449
0.998
0.916
1.700
1.845
0.952
1.505
1.221
1.278
1.027
1.347
1.309
0.911
1.265
1.028
1.056
1.075
1.234
1.461
1.842
1.818
2.019
1.766
1.450
1.956
1.234
1.239
0.821
0.845
1.298
1.128
0.892
1.478
0.771
1.008
1.012
1.494
1.064
1.136
1.404
1.832
1.565
1.259
1.130
1.150
1.092
0.968
0.973
1.528
1.916
1.863
1.440
1.141
1.167
1.714
1.048
1.316
1.041
1.498
1.128
1.248
1.527
0.902
1.433
1.873
1.773
1.285
1.122
1.233
1.378
1.109
1.557
1.723
0.824
1.607
1.568
1.284
0.896
1.655
1.118
1.348
1.590
1.541
1.579
1.073
1.521
1.149
1.171
1.508
1.198
0.817
1.223
1.881
1.396
1.798
1.352
1.820
0.859
1.056
0.942
1.560
2.055
1.489
1.714
1.073
1.197
1.170
1.109
1.274
0.934
1.699
2.025
1.886
1.593
1.014
1.127
1.634
1.815
1.603
1.675
1.126
1.284
1.121
1.656
1.632
1.664
1.199
0.975
1.112
1.035
1.447
1.913
1.813
1.766
1.274
1.604
1.216
0.819
1.093
1.008
1.692
1.425
1.225
1.433
1.061
1.274
1.025
1.009
0.701
0.597
0.831
1.179
1.504
1.780
1.690
1.461
1.972
2.000
1.570
1.878
1.848
1.514
1.055
0.915
1.103
0.776
1.125
1.258
1.377
1.827
1.912
1.260
1.063
1.322
1.511
0.857
1.045
1.384
1.296
1.182
1.188
1.100
0.979
1.277
1.361
0.809
0.936
0.944
1.066
2.368
1.346
1.533
1.742
0.973
1.043
0.804
0.969
0.975
1.039
1.227
1.136
1.011
1.027
1.130
1.042
0.879
1.270
1.028
0.700
1.310
1.249
1.051
1.126
0.781
1.528
1.046
1.125
1.335
1.593
1.433
1.421
0.899
2.266
1.722
1.527
1.174
1.285
1.312
1.584
1.368
1.371
1.101
1.302
1.478
1.583
1.423
1.550
1.146
1.262
1.082
0.927
0.751
0.730
0.714
0.819
1.110
1.133
0.885
0.994
1.205
0.847
0.500
0.956
1.225
1.087
1.129
1.464
1.820
1.409
1.054
1.981
1.786
1.605
0.660
0.939
0.747
0.834
0.912
1.144
1.358
1.534
1.615
1.899
1.898
1.625
0.909
1.165
1.170
1.046
1.391
1.074
1.345
1.367
1.267
1.274
1.351
0.814
1.201
1.531
1.325
1.176
2.108
1.028
0.921
1.063
1.423
1.149
1.086
1.320
1.865
2.936
2.434
1.656
0.983
1.073
1.226
1.079
1.544
1.023
1.423
1.143
0.993
1.362
1.231
1.673
1.177
1.142
1.420
0.803
1.543
1.301
0.645
1.014
1.306
1.050
1.320
1.575
1.006
0.966
1.556
1.664
1.603
1.641
0.938
0.978
1.077
1.185
1.324
1.187
2.007
2.210
2.305
2.288
1.660
0.966
1.058
1.079
1.258
1.623
1.177
1.045
1.440
1.770
1.420
0.822
1.377
1.346
1.296
1.356
1.185
1.437
1.567
1.638
2.008
2.030
1.750
1.721
1.516
1.410
1.311
1.299
2.320
1.632
0.964
1.277
1.991
2.105
1.952
1.554
1.600
1.246
0.968
1.061
1.369
1.296
1.396
2.012
1.665
1.613
1.335
1.099
1.457
0.901
0.995
0.992
1.089
1.065
1.480
1.516
1.029
1.370
1.197
1.289
1.228
1.052
1.492
1.468
2.004
1.619
1.546
1.453
1.686
1.493
1.987
2.116
2.197
1.594
1.720
1.596
1.321
1.222
1.361
0.764
1.118
1.149
1.297
1.296
1.232
1.527
1.939
1.248
0.875
1.441
2.211
2.013
2.281
1.672
0.992
1.457
1.206
1.631
0.831
1.526
1.542
1.304
1.227
1.796
1.701
1.847
1.900
1.611
1.570
1.289
1.066
1.282
1.769
1.775
1.354
0.933
1.078
1.351
1.750
1.162
0.966
1.237
1.295
1.306
1.662
1.493
1.329
1.283
0.829
1.113
1.154
1.722
1.636
1.422
1.321
0.964
1.228
1.302
1.242
0.984
1.086
1.525
1.217
1.475
1.275
1.857
1.357
1.073
1.428
2.112
1.648
0.759
1.128
1.239
1.302
1.420
1.670
2.093
1.435
2.031
0.857
0.985
0.952
1.440
1.107
1.421
1.203
1.476
1.716
1.282
0.925
1.217
1.407
1.250
0.884
1.145
0.963
1.110
1.295
1.658
1.346
1.071
1.024
1.263
1.032
1.128
0.794
0.945
1.104
1.567
1.532
1.096
1.182
1.525
1.294
1.326
1.610
1.262
0.979
1.045
1.545
1.084
0.842
1.131
1.151
1.059
1.317
1.156
1.071
0.821
1.731
1.233
1.313
1.091
1.404
1.372
1.385
1.179
1.215
1.546
1.617
1.283
1.286
0.778
1.122
1.412
1.279
0.783
1.271
1.504
1.692
1.864
1.944
1.707
1.565
1.595
1.798
1.810
1.655
1.354
1.072
0.814
0.889
0.898
0.980
0.902
1.107
1.274
1.036
0.880
1.833
1.766
1.569
0.855
1.190
1.302
0.983
0.894
1.099
1.074
0.791
1.945
1.511
1.034
1.255
0.713
0.848
1.146
0.734
1.573
1.098
1.342
1.226
1.363
0.938
1.137
1.077
1.317
1.061
1.591
1.232
0.971
1.073
0.964
1.140
0.845
0.728
0.937
1.283
0.847
0.900
1.365
1.255
1.194
0.993
1.080
1.217
1.533
1.250
1.263
1.142
1.117
1.296
1.537
1.393
1.190
0.943
1.329
0.986
1.203
0.833
0.921
0.874
1.179
1.347
0.831
0.663
0.780
0.965
0.873
1.244
1.434
1.240
1.426
1.625
1.672
1.777
1.423
1.902
2.523
2.164
1.484
0.886
0.977
1.098
0.983
1.119
1.347
1.437
1.326
1.415
1.066
0.825
1.143
1.736
1.520
2.139
1.831
1.177
1.479
2.438
2.647
1.323
1.588
1.376
0.903
1.104
1.342
1.878
1.234
0.752
1.498
2.087
2.746
2.323
1.558
1.062
1.471
1.551
1.621
1.316
1.565
1.453
1.198
1.386
0.981
1.382
1.573
1.071
1.668
1.244
1.052
0.937
1.590
1.803
1.476
1.267
1.695
1.885
1.847
1.418
1.809
1.847
1.229
1.447
1.463
1.399
1.231
1.438
1.070
0.960
1.159
1.445
1.452
0.816
0.804
1.157
1.472
1.534
0.921
0.862
0.974
0.779
1.109
1.285
1.686
1.566
1.504
1.623
1.398
1.795
1.045
1.625
1.351
1.028
0.980
1.051
1.156
1.292
0.955
0.779
1.225
1.736
1.606
1.828
1.357
0.872
1.295
1.701
1.719
1.543
1.483
1.162
1.137
1.106
0.957
0.886
1.287
1.498
1.434
1.435
1.065
1.820
2.040
2.048
1.607
2.224
1.679
1.494
0.978
1.194
0.847
1.002
1.727
1.641
1.821
1.932
1.627
1.313
1.871
1.737
1.732
1.781
1.508
1.796
2.146
1.821
1.285
0.828
1.263
1.204
0.890
1.058
0.988
1.366
1.774
1.950
1.895
2.139
2.634
1.770
2.141
1.699
0.826
1.082
1.148
1.211
1.155
1.298
1.762
1.461
1.199
1.479
0.910
1.167
0.781
0.907
0.907
1.301
2.175
2.138
1.738
1.344
1.635
1.857
1.065
1.253
1.307
0.860
0.904
0.822
0.848
1.370
1.927
1.161
0.925
1.175
0.903
1.250
1.331
1.169
1.134
1.573
1.708
0.821
1.060
1.274
0.909
1.062
1.531
1.630
1.442
0.883
1.162
1.703
1.656
1.029
1.309
1.279
1.285
1.694
1.211
1.073
1.269
0.928
1.136
0.820
1.172
1.593
1.507
0.974
1.112
1.233
1.311
1.290
1.158
0.564
1.244
1.296
1.006
1.045
1.793
1.363
1.030
0.737
0.736
1.391
1.996
1.426
0.821
0.752
0.999
0.853
0.816
0.651
0.939
1.534
1.630
1.486
1.728
1.709
1.667
1.357
2.047
1.832
0.905
1.055
1.052
1.084
0.944
0.656
0.755
1.324
1.830
1.623
1.111
0.849
0.691
0.857
1.235
1.626
1.354
1.142
1.203
1.336
0.722
0.835
1.419
1.377
1.423
1.033
0.764
0.986
1.244
1.048
0.820
0.731
0.965
0.838
1.140
1.425
1.464
1.108
2.278
0.564
1.424
1.489
1.370
0.810
1.180
1.230
0.925
0.992
0.944
1.449
1.571
1.672
1.933
1.671
1.001
0.786
0.987
1.365
1.081
1.008
1.272
1.273
1.620
1.674
1.856
1.544
1.017
1.103
1.167
1.010
1.205
1.678
1.389
1.751
2.102
1.271
0.956
1.449
1.371
1.247
1.492
1.090
1.219
1.713
1.273
1.659
1.443
0.601
0.891
0.861
1.106
1.267
1.259
0.848
1.855
1.225
1.151
1.605
1.584
1.236
1.769
0.903
1.315
1.303
0.878
0.793
0.947
