19790101
1.632
1.436
1.440
1.371
1.606
1.468
1.029
1.172
0.923
1.412
1.702
1.807
1.863
1.695
2.169
1.867
1.309
1.220
0.951
1.191
0.898
1.057
1.938
1.565
1.448
1.387
1.427
1.658
1.402
1.089
1.017
0.955
1.242
1.359
1.437
1.196
1.465
1.407
1.351
1.688
1.156
1.652
1.405
1.592
1.378
1.522
1.765
1.460
0.953
0.960
1.585
0.810
2.045
1.130
1.089
0.807
1.216
1.707
0.835
0.969
1.291
1.295
1.088
1.122
0.955
1.285
0.997
1.162
1.275
1.298
1.088
0.931
1.068
0.758
0.816
1.115
1.172
2.203
1.555
1.260
1.019
1.108
1.136
1.644
1.160
1.211
1.330
1.160
0.710
0.817
1.097
1.384
1.481
1.282
0.971
2.167
2.545
1.659
1.075
1.066
0.943
1.057
0.798
0.897
1.092
0.884
0.946
0.987
1.065
1.004
0.802
1.474
1.448
1.837
1.825
1.730
1.565
1.082
1.589
1.437
1.274
1.182
1.429
1.156
1.077
1.069
0.677
0.859
0.829
0.973
1.073
0.992
1.191
0.961
0.782
1.011
0.725
0.989
0.799
0.699
0.970
1.076
1.052
1.755
1.104
1.107
1.379
1.060
1.666
2.026
2.513
1.420
0.789
0.804
0.845
1.017
1.381
1.352
2.018
1.563
1.198
1.148
1.109
0.995
2.057
2.141
1.457
1.187
0.861
0.902
0.997
1.024
0.863
1.244
1.063
1.738
1.738
1.433
1.081
0.692
1.067
1.483
1.185
1.250
0.870
1.155
1.278
0.887
1.266
2.133
1.806
1.386
1.030
0.998
1.042
1.033
1.759
1.705
0.994
1.140
1.825
1.143
1.412
1.329
1.448
1.369
0.856
1.199
0.980
0.921
1.117
1.450
1.269
1.285
1.200
1.257
0.972
1.348
1.290
0.988
1.137
1.056
1.107
1.408
1.306
1.144
1.367
1.272
1.694
1.446
0.940
0.800
1.340
1.026
1.350
1.382
1.876
1.219
0.845
1.000
1.430
1.474
1.746
1.522
1.845
1.068
1.649
2.668
1.496
0.916
1.620
1.547
1.375
1.619
1.525
1.473
1.931
1.916
1.508
1.269
2.219
2.127
1.197
1.337
1.715
1.638
1.743
1.337
1.105
1.377
1.366
1.411
1.828
1.258
0.968
1.051
1.765
1.329
1.085
1.317
1.330
1.167
1.100
0.873
1.291
1.831
1.295
1.360
2.772
1.720
1.598
1.215
1.418
1.014
1.008
1.182
1.369
2.034
1.885
1.348
1.265
1.829
1.558
1.502
1.495
1.264
1.408
1.161
1.297
1.579
1.534
1.050
1.609
1.976
1.129
2.112
1.419
0.713
0.917
0.997
1.815
2.207
1.489
0.958
0.955
1.142
1.090
1.101
1.174
2.031
1.434
1.344
1.636
1.145
1.475
1.365
1.620
1.777
1.543
1.478
1.573
1.298
2.095
1.764
2.204
1.958
2.327
1.626
0.796
1.405
1.346
1.327
1.399
1.213
1.451
1.348
0.930
0.971
1.232
1.686
1.472
1.723
2.158
2.021
1.967
1.783
1.492
1.603
1.607
1.483
1.528
1.474
1.450
1.550
1.658
1.674
1.471
0.636
1.072
1.324
1.438
1.232
1.068
1.282
1.485
0.821
1.444
1.785
1.973
1.405
1.818
1.848
1.758
1.640
1.602
1.385
1.207
1.030
1.226
1.772
1.700
1.497
1.237
0.923
1.571
1.984
1.504
1.828
1.661
1.491
1.582
0.950
1.059
1.813
2.420
1.346
1.565
0.837
1.012
1.163
0.959
0.933
1.116
1.210
1.105
1.321
1.078
0.880
1.665
1.177
1.219
1.057
1.215
0.830
0.804
1.109
0.825
1.022
0.705
0.980
0.930
0.890
0.958
1.039
0.838
1.493
0.954
1.105
1.055
0.794
0.981
0.991
1.226
1.151
0.710
0.976
1.448
1.795
1.398
1.476
1.135
1.031
1.470
1.558
1.484
1.898
1.596
1.381
1.681
1.359
1.304
1.209
0.718
0.927
1.214
1.221
1.095
1.014
0.929
1.268
1.027
0.984
0.736
0.746
1.111
1.434
0.838
2.320
2.238
1.561
0.648
0.703
1.096
0.891
0.818
0.991
1.170
1.086
0.480
0.644
0.612
0.901
0.869
0.913
1.454
1.279
1.086
0.793
1.047
0.934
1.567
1.209
1.016
1.334
1.260
1.077
1.018
0.541
0.926
1.275
1.913
1.067
0.768
0.756
0.661
0.945
0.691
0.958
1.144
1.260
1.536
1.073
1.117
1.036
0.947
1.075
2.009
1.910
1.304
1.120
1.752
1.725
1.363
1.081
0.849
1.368
1.197
1.215
1.997
2.289
1.587
1.044
1.176
1.338
1.114
1.166
1.101
1.410
0.852
1.030
1.412
0.782
0.877
1.215
1.236
1.245
1.134
1.017
0.884
1.368
1.178
1.538
1.744
1.575
0.956
1.544
0.915
2.418
1.685
0.910
1.085
1.233
1.211
1.335
1.151
1.129
1.317
1.095
1.365
1.477
1.488
1.591
1.409
1.231
1.130
1.233
1.163
1.328
1.456
1.267
1.155
1.744
1.407
1.383
2.956
1.783
1.321
1.164
1.720
1.226
1.276
1.099
1.544
1.945
1.533
1.262
1.416
1.243
1.533
1.617
1.035
1.224
1.749
1.686
3.139
1.279
1.512
1.463
1.052
1.377
2.754
1.527
1.761
1.372
1.511
1.607
1.514
1.379
1.680
1.463
1.372
1.537
1.070
2.190
1.641
1.259
1.619
1.131
1.246
1.738
1.265
1.101
1.014
0.950
0.804
1.031
1.178
1.434
1.170
1.531
1.284
1.049
1.494
0.896
1.222
1.663
1.480
1.597
1.900
1.532
1.299
1.290
1.555
1.184
1.775
1.841
1.958
2.069
1.238
1.962
1.816
1.256
1.635
1.484
1.566
1.945
0.831
0.974
1.575
2.093
2.112
1.756
1.261
0.757
1.140
1.434
1.129
1.656
1.753
1.599
1.343
0.790
0.921
1.702
1.627
1.412
1.222
1.406
1.153
1.289
1.757
1.719
1.809
1.272
1.089
1.490
2.044
2.316
1.679
1.323
1.891
1.536
1.210
1.012
0.936
1.247
1.094
1.597
1.850
1.835
1.855
1.576
1.572
1.602
0.949
1.008
1.030
1.327
0.975
0.981
1.620
1.796
1.598
1.599
1.499
0.960
1.073
1.240
1.143
1.354
1.459
1.209
1.283
1.454
1.034
1.306
1.300
1.319
1.048
0.967
1.255
1.345
1.769
1.511
1.160
0.993
0.926
0.774
0.855
0.744
1.100
1.739
1.450
1.365
1.113
0.842
0.862
1.724
1.522
1.155
0.830
0.581
1.090
1.300
1.193
1.055
1.133
0.896
0.889
1.040
0.603
0.963
0.815
0.898
1.044
0.622
0.847
0.875
0.881
1.380
1.818
2.006
1.632
1.803
1.504
1.340
0.736
1.028
1.087
1.278
1.504
1.096
1.414
1.277
1.111
1.499
1.174
1.104
1.225
0.875
0.926
0.994
1.118
1.167
1.347
1.520
1.373
1.146
1.378
1.420
0.654
1.074
0.982
0.648
0.695
0.985
1.573
1.565
1.385
1.139
1.252
1.044
1.059
1.651
1.402
0.854
0.947
1.084
1.216
1.479
1.566
1.486
0.871
1.129
1.083
1.026
1.130
1.240
0.731
1.105
1.140
0.796
0.737
1.006
0.849
0.726
0.678
0.684
0.708
0.693
1.303
1.693
0.916
1.056
0.595
0.936
0.986
1.392
1.615
1.612
1.168
0.715
1.112
1.395
1.159
0.933
1.056
1.020
1.537
1.935
0.820
1.025
1.057
0.992
1.257
1.625
0.927
0.834
1.497
1.646
0.856
0.949
1.237
1.212
1.067
1.268
1.042
1.247
0.596
0.843
1.158
1.446
1.369
0.807
1.834
2.166
2.025
1.728
1.463
1.255
1.078
0.888
0.793
1.106
1.140
1.348
1.463
1.325
1.655
2.856
3.019
2.129
1.090
0.981
2.170
2.693
1.951
1.099
0.892
1.337
1.142
1.336
1.167
1.299
1.246
1.308
1.106
1.409
1.350
1.292
1.021
1.874
2.205
1.400
1.225
1.370
1.273
1.302
1.728
1.213
2.559
2.295
1.945
1.106
1.216
1.584
1.207
1.460
1.000
1.499
1.841
1.455
1.083
2.192
1.860
1.349
1.365
1.318
1.620
1.366
1.409
1.363
1.517
1.772
1.343
1.624
1.082
1.683
2.189
1.690
1.265
1.546
1.714
1.737
0.937
1.693
1.400
1.474
1.475
1.133
1.009
1.704
1.135
2.347
1.318
1.872
1.395
1.468
1.484
1.620
1.336
1.432
1.498
1.350
1.649
1.701
0.957
1.802
1.463
0.686
0.873
1.515
1.188
1.237
1.314
1.019
0.818
1.362
1.396
1.661
1.652
2.134
1.644
1.300
1.333
1.433
1.243
1.493
1.560
1.667
2.138
1.149
1.532
1.199
1.460
1.043
1.051
1.588
1.012
1.250
0.630
1.946
1.515
1.229
1.604
1.255
1.456
1.257
1.317
1.343
1.130
1.347
2.033
1.284
1.344
0.911
0.781
1.649
1.205
1.323
1.257
0.651
1.206
1.110
1.511
0.802
1.074
1.145
1.444
1.825
1.111
1.718
1.935
1.704
1.396
1.443
1.251
0.960
1.415
1.311
1.258
1.222
1.095
1.525
1.316
1.001
0.822
1.209
1.103
1.157
1.138
0.967
1.044
1.394
1.192
1.400
1.501
1.495
1.632
1.352
0.926
1.365
1.142
0.739
0.846
1.145
1.091
0.719
1.201
1.398
1.185
1.016
1.059
1.253
1.547
1.440
1.002
1.416
1.695
1.806
1.079
1.030
0.832
1.249
1.393
0.904
1.099
0.777
1.110
1.319
1.055
1.161
1.341
0.827
1.094
1.609
1.477
1.114
1.147
0.910
1.206
1.049
0.859
0.535
0.840
1.246
0.933
1.125
1.104
0.659
1.051
1.527
1.148
1.302
1.052
1.346
1.130
0.832
0.993
1.073
1.147
1.528
1.146
1.392
1.322
0.993
1.330
1.230
1.355
2.026
1.622
1.447
1.960
1.089
1.269
1.332
1.370
1.508
1.324
0.762
1.101
1.138
1.112
0.780
1.064
0.943
0.831
1.358
1.489
0.936
1.002
0.638
1.770
1.019
0.882
0.683
1.109
0.957
1.099
1.252
1.679
1.791
1.705
1.678
1.665
0.891
1.886
1.690
1.783
1.594
1.767
1.390
0.772
0.997
1.035
1.675
1.353
1.023
1.091
0.917
0.794
0.916
1.091
1.150
0.813
1.158
0.528
0.861
0.770
0.655
2.269
1.881
2.242
2.111
1.843
1.501
1.015
0.807
0.977
0.863
0.765
0.977
0.866
0.868
1.270
1.615
1.279
1.485
1.217
0.941
1.305
0.922
1.547
1.303
1.213
1.411
1.064
1.237
1.454
1.027
1.783
2.088
1.921
2.059
1.800
1.309
1.351
1.218
1.125
1.183
1.476
1.259
1.481
1.169
0.958
1.243
0.976
0.863
1.364
0.994
0.970
0.910
1.409
1.804
1.160
0.837
0.877
0.996
0.626
0.808
0.879
0.698
1.224
1.263
1.153
0.882
1.923
1.035
1.357
1.066
1.215
1.318
1.158
1.051
1.187
1.300
1.054
1.930
1.434
1.000
1.273
1.515
1.011
1.251
1.312
1.144
1.806
1.045
1.342
1.023
1.475
1.404
1.426
1.146
1.274
1.402
1.396
1.469
1.092
1.403
1.852
1.470
1.146
0.935
1.462
1.288
1.184
1.175
1.390
1.543
1.230
1.135
1.965
1.325
1.467
1.146
1.117
1.558
1.415
1.183
1.494
1.074
0.976
1.224
0.905
1.195
0.982
1.372
1.141
1.315
1.613
1.316
1.827
1.405
1.387
1.682
1.123
1.283
1.288
0.900
1.929
1.605
2.296
1.268
1.285
1.465
1.389
0.669
1.163
1.412
1.266
1.893
1.133
1.098
1.098
1.287
1.440
1.816
1.124
1.318
1.882
1.710
1.276
1.509
1.508
1.357
1.917
1.429
1.202
1.950
1.561
1.531
0.847
1.186
1.532
1.013
1.377
1.296
2.012
1.349
1.240
1.076
1.637
1.225
1.519
1.907
1.708
1.106
1.174
0.937
0.664
0.859
1.163
1.636
1.254
1.087
1.352
1.917
1.275
1.104
1.561
1.392
1.764
1.940
1.457
1.344
1.235
0.918
0.996
1.823
1.815
1.451
1.707
2.153
1.484
1.115
0.849
1.178
1.419
1.230
1.119
1.513
1.279
0.864
1.214
0.952
1.317
1.096
1.430
1.476
1.540
1.737
1.631
1.125
1.148
0.975
1.192
1.489
1.745
2.020
1.652
1.501
1.578
1.140
1.513
1.235
1.537
1.108
1.391
1.397
1.747
0.847
1.662
1.642
1.280
1.195
1.556
1.245
1.203
1.017
0.992
1.009
1.314
1.203
1.820
1.583
1.290
0.957
1.404
1.267
1.330
1.164
1.140
1.239
0.877
1.042
1.053
1.277
1.463
1.081
1.698
1.741
1.244
1.401
1.630
1.994
1.406
1.155
1.321
1.154
1.008
1.725
1.086
0.980
1.144
1.515
1.686
1.471
1.788
1.799
1.837
1.864
1.605
1.535
1.614
0.788
1.551
1.398
1.200
0.810
0.958
0.901
1.067
1.500
0.869
0.964
1.073
1.466
0.993
1.209
1.070
1.187
1.051
1.135
1.011
0.900
1.388
1.396
1.218
0.965
0.797
0.900
1.467
1.110
0.947
1.022
0.712
0.809
1.050
1.145
0.912
1.069
0.722
1.221
1.371
1.106
1.432
1.191
1.238
1.498
1.508
1.633
1.017
1.061
1.344
1.251
1.679
1.110
1.300
1.433
1.007
0.833
0.983
0.986
1.596
1.916
1.151
1.478
1.828
1.294
1.299
1.441
1.892
1.177
0.936
0.950
1.196
1.345
1.078
1.207
1.346
0.949
0.954
0.834
1.316
2.248
2.092
1.337
0.943
1.374
1.635
1.599
1.490
1.283
1.071
1.218
0.914
1.252
0.969
0.920
1.014
1.368
1.310
2.054
0.939
1.177
1.521
1.614
2.076
1.995
1.686
1.543
1.494
1.259
1.037
1.544
1.584
1.560
1.763
1.501
1.694
1.456
1.406
1.384
1.384
1.334
1.119
1.229
1.115
1.327
1.319
1.497
1.463
2.077
2.207
1.722
1.416
1.089
1.151
1.246
1.283
1.048
1.681
1.378
1.782
1.619
1.307
0.812
1.463
1.635
2.006
2.122
1.837
1.255
1.113
1.133
1.191
1.178
1.438
1.027
1.210
1.691
1.640
1.961
1.537
1.432
1.316
1.415
1.268
1.523
1.869
1.287
2.106
1.843
1.820
1.344
1.456
1.156
1.494
1.645
1.836
1.694
1.345
1.346
1.407
1.328
1.101
1.491
1.820
1.424
1.670
1.596
1.176
1.492
1.092
1.600
1.863
1.192
1.464
1.556
1.206
1.782
1.142
1.231
1.627
1.261
1.478
1.492
1.405
1.810
1.667
1.331
1.529
1.316
1.673
1.898
2.023
2.662
1.544
1.421
1.394
1.048
1.178
1.589
1.101
1.217
1.156
1.447
1.087
1.817
1.374
1.614
1.703
1.986
1.936
1.474
2.030
1.869
1.615
1.722
1.416
1.820
1.019
1.517
1.493
1.109
1.506
1.435
1.147
1.104
1.571
1.439
1.303
1.347
1.014
1.640
1.166
1.364
1.364
1.669
1.446
1.156
1.297
1.148
1.409
1.699
1.420
1.380
1.814
1.425
1.491
1.479
1.413
1.161
1.176
1.069
1.426
1.436
1.310
1.280
1.240
1.085
1.840
1.528
1.356
0.705
1.149
1.050
1.560
0.978
1.067
0.783
0.890
1.203
1.569
1.358
1.279
1.248
1.251
1.171
1.138
0.850
0.885
1.400
0.776
0.977
1.185
1.233
1.070
1.031
1.184
2.037
1.405
1.723
1.197
1.337
1.389
1.076
0.999
1.016
1.401
0.874
0.911
0.943
0.945
1.233
1.201
1.212
1.145
1.371
1.223
0.948
1.230
1.039
1.094
1.129
1.273
0.948
1.043
0.864
1.110
1.510
1.438
0.877
1.029
0.823
0.844
0.850
1.011
1.067
0.718
0.763
1.155
1.387
1.194
1.572
1.037
1.076
0.926
1.219
1.057
0.978
0.795
0.940
1.036
0.554
0.969
1.285
1.327
1.539
1.683
1.272
0.836
1.017
0.875
1.053
1.279
1.608
1.873
1.211
0.692
1.246
0.796
0.554
1.101
1.218
1.709
1.358
1.228
0.603
0.866
1.555
1.462
1.469
1.114
1.323
1.077
0.688
0.629
0.883
1.505
2.220
1.093
0.896
1.141
1.078
1.048
1.007
0.952
1.292
1.700
1.388
1.059
1.042
0.682
0.498
0.883
1.013
0.965
1.885
1.146
1.163
0.927
1.000
0.815
0.801
0.975
0.683
0.932
1.083
1.239
1.040
0.970
0.789
0.993
1.312
0.951
1.801
1.130
1.266
1.051
0.944
1.009
1.196
1.025
1.135
1.176
1.176
1.169
1.453
1.137
1.314
1.239
1.088
0.999
1.205
0.904
0.892
1.264
1.076
0.786
1.053
1.168
1.076
1.695
1.860
2.077
1.075
1.164
1.453
1.414
1.752
1.782
1.435
0.884
1.234
1.519
1.467
1.440
1.508
1.187
1.302
1.147
1.116
1.237
0.912
1.414
1.337
0.912
1.428
1.923
1.380
1.516
1.629
1.123
1.857
2.575
1.814
1.101
1.423
1.250
1.389
1.546
1.516
2.046
1.466
1.220
1.477
1.470
1.350
1.249
1.483
1.160
1.177
1.477
1.492
0.990
1.246
1.448
1.490
1.417
1.484
0.953
2.544
2.740
1.653
1.854
1.887
1.706
1.568
1.399
1.147
1.265
1.445
1.394
1.315
1.555
0.967
1.301
1.185
0.981
1.352
1.506
1.713
1.428
1.441
0.948
1.181
1.887
1.619
1.359
1.391
0.986
1.586
1.284
0.990
1.051
2.570
1.761
1.293
1.908
1.641
1.002
1.302
1.045
1.407
1.465
1.241
1.317
1.065
1.095
1.376
1.136
1.390
1.265
1.813
1.620
1.463
1.288
1.118
1.444
1.667
1.123
1.160
1.587
1.102
1.113
1.368
1.204
1.001
1.037
1.434
1.145
1.498
1.111
1.064
1.442
1.461
1.548
1.436
1.411
1.225
0.842
1.356
1.124
0.810
1.551
1.393
0.998
1.147
1.359
1.940
0.963
1.474
1.368
0.908
1.353
0.698
1.030
1.181
1.726
2.251
1.780
0.968
1.320
1.684
1.582
1.480
1.221
1.113
1.436
1.416
1.572
1.242
1.568
1.994
1.460
0.948
1.125
0.663
1.441
1.450
1.421
1.183
0.863
0.679
0.907
0.852
0.816
1.311
1.145
1.627
1.283
1.591
1.045
0.992
1.049
0.959
1.255
1.201
1.333
1.222
1.264
1.056
1.188
1.525
1.355
1.087
1.226
1.254
1.095
1.463
1.754
1.706
0.993
0.827
1.023
1.308
1.269
0.918
1.099
1.507
1.330
1.228
1.581
1.747
0.986
1.012
1.025
0.905
1.027
1.735
1.189
1.403
1.298
0.935
0.950
1.322
1.119
1.050
1.068
1.456
1.347
1.253
1.030
1.096
1.316
0.982
1.013
0.891
1.403
0.998
1.386
1.253
1.349
1.438
1.079
0.971
0.829
0.898
1.251
1.062
1.077
1.142
1.300
1.440
1.253
1.405
0.823
0.748
1.176
1.248
1.102
1.145
1.098
0.749
1.008
1.033
1.311
1.674
1.094
0.917
1.158
1.479
1.441
0.760
1.159
1.018
0.905
1.062
1.343
1.679
1.313
0.707
1.117
1.523
1.526
1.807
1.537
0.950
1.379
0.881
0.992
1.115
1.361
1.801
1.433
0.855
1.094
1.245
1.030
0.741
1.634
1.250
1.333
1.116
0.918
1.080
0.859
0.804
0.603
0.766
0.880
0.804
0.999
1.162
1.197
1.240
0.996
0.820
0.836
1.171
1.387
0.912
0.956
0.931
0.864
0.831
1.033
1.054
1.111
0.878
0.935
1.122
0.928
1.214
1.662
1.516
1.783
2.286
2.478
2.149
1.653
0.860
1.408
1.368
1.401
1.218
1.223
0.855
0.935
0.897
1.309
1.175
0.860
1.103
0.957
1.052
0.651
1.105
1.342
1.688
1.957
1.369
1.040
0.843
1.716
1.182
1.881
1.244
1.268
1.052
1.367
2.382
1.964
1.707
1.446
1.560
1.684
1.282
1.185
1.084
1.253
1.441
1.072
1.138
1.317
1.186
1.268
1.289
1.447
1.891
1.411
1.696
0.868
2.231
1.624
1.158
0.971
1.463
1.514
1.165
1.912
1.240
1.952
1.613
0.929
1.383
1.303
1.347
1.594
0.938
1.007
0.934
1.529
0.911
1.490
1.480
1.342
1.815
1.319
1.151
1.316
1.383
1.291
1.608
1.945
1.110
1.167
1.226
1.022
1.058
1.107
1.233
1.482
1.061
1.293
1.617
1.408
1.635
1.357
1.194
1.006
1.359
1.165
1.504
1.173
1.205
1.098
1.188
1.852
1.542
1.574
1.688
1.209
1.172
1.377
1.268
1.145
1.739
1.580
1.580
1.426
1.267
1.208
1.386
1.625
1.308
1.574
1.067
0.991
0.989
1.039
1.258
1.329
1.147
1.133
1.512
1.759
1.830
1.580
1.048
1.555
1.235
1.339
1.518
1.406
1.197
1.308
1.116
1.300
1.613
1.182
1.733
1.501
1.365
1.017
0.882
1.129
1.351
1.323
1.185
1.251
1.519
1.113
1.495
1.307
1.556
1.096
1.536
1.004
1.109
0.975
1.561
1.401
1.212
1.026
1.099
1.362
1.158
1.195
1.193
1.470
1.124
1.216
1.356
2.539
2.051
1.788
1.814
1.267
2.171
1.852
1.389
1.039
1.256
1.442
1.542
1.308
1.283
1.427
1.572
1.517
1.496
1.364
1.317
0.858
0.948
1.297
1.627
1.459
1.111
1.044
1.381
1.720
1.213
1.189
1.338
1.363
1.150
1.439
1.424
1.493
1.477
1.302
1.325
1.134
1.196
1.063
1.247
1.139
1.002
1.186
1.307
0.789
1.632
2.143
1.663
1.118
0.812
0.964
1.284
1.404
1.256
1.089
1.058
1.458
1.287
1.147
1.244
1.106
1.117
2.018
1.592
1.358
1.447
1.317
0.936
0.834
1.206
0.861
1.079
0.956
1.077
1.028
0.979
1.120
1.334
1.242
1.289
1.329
1.199
0.944
1.193
0.847
1.609
1.521
0.925
0.711
1.117
0.932
1.087
1.169
1.003
1.135
1.219
0.996
1.031
1.207
1.090
0.718
1.119
1.177
1.171
1.095
0.762
1.183
1.336
1.213
0.816
0.858
0.889
0.828
0.922
1.695
1.296
1.013
1.165
1.115
1.282
0.977
1.567
1.933
1.227
1.294
1.215
1.207
1.021
0.993
1.046
1.238
0.971
0.771
1.571
1.634
1.239
1.237
1.279
1.059
1.171
1.216
0.760
0.694
0.692
0.674
0.923
1.046
1.026
1.485
1.631
1.047
1.202
1.420
1.231
1.165
1.506
1.105
1.034
0.679
0.682
1.378
0.689
1.358
0.971
1.400
1.364
-99.000
1.174
1.338
1.583
1.058
1.098
1.193
0.811
1.167
0.954
0.744
1.044
1.056
1.054
1.439
1.151
0.877
0.748
0.652
0.948
1.001
1.109
1.163
0.607
0.594
1.354
1.062
0.872
1.108
1.420
1.086
1.336
2.313
2.314
1.574
1.161
1.600
2.104
1.865
1.497
1.270
1.113
1.158
1.309
1.149
1.082
1.333
1.368
0.851
1.078
1.127
1.479
2.524
2.538
1.735
1.005
1.162
1.297
1.019
1.127
1.283
1.236
1.175
0.844
0.979
1.245
1.327
0.909
0.927
1.454
0.959
1.049
1.371
1.930
1.203
1.356
1.552
1.437
1.021
1.288
1.405
0.966
1.522
1.464
1.954
1.619
2.068
1.445
1.353
0.898
1.033
1.113
1.265
1.350
1.336
1.256
1.290
1.270
1.349
1.138
0.868
1.966
1.014
1.732
0.968
1.433
1.428
2.155
1.440
0.838
1.238
1.228
1.090
1.565
0.878
1.243
1.365
1.429
1.028
1.285
1.648
1.295
0.963
1.545
1.740
1.131
1.283
1.283
1.484
1.647
1.609
1.548
1.229
1.032
1.946
1.994
1.341
1.408
1.367
2.108
1.299
1.707
1.626
1.022
1.156
1.592
2.253
1.767
1.272
1.223
1.310
1.705
1.571
1.727
1.357
1.292
0.951
1.175
1.255
1.202
1.354
1.386
1.097
1.826
1.078
2.930
1.877
1.544
1.467
1.503
1.025
1.379
1.591
1.338
1.465
1.508
0.867
1.060
1.467
1.211
1.621
1.353
1.331
1.626
1.093
1.345
1.037
0.982
0.975
1.501
1.764
0.916
0.983
1.226
1.335
0.888
1.746
1.970
1.679
1.476
1.542
1.167
0.632
1.003
0.888
1.113
1.731
1.475
-99.000
-99.000
-99.000
-99.000
-99.000
-99.000
-99.000
-99.000
1.307
1.412
1.351
1.163
1.268
1.161
0.740
0.756
1.057
0.917
1.281
1.738
1.902
1.539
1.300
1.327
1.237
1.450
1.228
1.487
1.327
1.280
1.586
1.729
1.442
1.316
1.040
1.168
1.191
1.498
1.685
1.277
0.746
1.141
1.515
1.690
1.371
1.319
1.103
2.281
1.776
1.734
1.383
1.358
1.249
1.407
0.873
1.198
0.771
1.006
1.095
1.066
1.051
1.065
1.037
1.029
1.077
0.956
1.027
1.352
1.145
0.910
1.153
1.232
0.986
1.119
1.638
1.712
2.179
1.460
0.986
1.159
1.245
1.587
1.872
1.368
1.474
1.160
0.872
1.125
1.042
0.856
1.257
1.038
1.624
1.068
0.900
1.026
1.155
1.486
1.201
1.867
1.732
1.414
1.020
1.076
0.855
1.056
1.152
1.441
1.446
1.219
1.455
1.396
0.724
0.821
0.827
1.581
1.549
1.170
1.393
1.153
0.733
0.753
0.696
0.797
0.940
1.026
0.965
1.049
1.406
1.665
1.749
1.726
1.447
1.074
0.999
0.999
1.669
1.913
1.173
1.110
1.053
1.285
1.932
1.416
0.904
0.749
1.362
1.555
0.934
1.880
1.669
2.290
2.477
2.008
1.049
0.723
0.901
1.090
0.741
1.086
0.991
1.049
1.160
1.114
0.772
1.200
1.472
1.663
0.796
1.519
1.693
1.382
1.603
0.991
1.741
1.843
1.615
1.381
0.956
0.948
1.079
1.035
1.719
1.840
1.294
0.923
1.279
1.282
1.324
1.041
0.830
0.907
1.177
1.380
0.851
1.354
1.539
1.530
1.461
1.324
1.745
1.298
1.603
1.501
1.411
1.886
1.293
1.609
1.910
1.708
1.107
1.580
1.685
1.518
1.787
1.433
1.571
1.180
2.229
2.326
1.120
1.362
1.383
1.789
1.212
2.451
1.926
1.199
1.506
1.544
1.535
1.575
1.585
1.161
1.628
1.617
1.632
1.914
1.352
2.158
2.122
1.660
1.082
1.196
1.305
1.264
1.138
1.684
1.473
1.082
2.042
1.094
1.922
1.297
1.367
1.649
1.546
1.173
1.934
1.642
2.012
0.999
1.776
1.056
1.220
2.091
1.430
1.158
1.601
1.262
1.210
1.711
1.545
1.076
1.536
1.365
2.243
1.661
1.411
1.471
1.965
1.258
1.963
1.585
1.805
1.143
0.976
1.740
1.477
1.457
1.865
2.015
2.144
1.643
1.016
1.389
1.158
1.326
1.426
1.402
1.188
1.621
1.216
1.561
1.174
1.227
1.155
1.267
0.948
1.079
1.786
1.296
1.629
1.188
1.140
1.641
1.875
1.888
2.223
2.006
1.563
1.482
0.940
0.661
1.349
1.002
1.333
0.982
1.384
1.316
1.584
0.971
1.700
1.455
1.169
2.035
1.188
1.404
1.379
1.187
1.722
1.303
1.401
1.154
1.972
1.646
1.227
1.542
1.175
1.588
1.551
1.296
1.525
1.606
0.918
1.372
1.659
1.839
1.926
1.220
1.503
1.905
1.174
1.307
1.331
1.232
1.438
1.722
1.638
2.187
1.608
1.459
1.715
1.352
1.729
1.658
1.628
1.835
1.373
0.821
1.460
1.537
1.708
1.665
1.421
1.225
1.323
0.633
1.226
1.230
1.316
1.193
0.937
1.595
1.421
1.205
0.897
1.642
0.837
1.286
1.259
1.294
1.745
1.557
1.272
0.867
1.142
1.165
1.890
1.102
0.959
1.400
1.250
0.921
0.877
1.086
1.653
0.790
1.010
1.109
1.541
1.030
0.723
0.897
1.265
1.238
1.025
1.359
1.021
0.808
1.331
1.511
1.171
1.465
1.272
1.464
1.657
2.033
1.682
0.914
0.951
1.342
1.493
1.635
1.360
1.154
0.935
1.433
1.954
1.439
0.565
0.933
1.338
1.311
1.770
2.051
1.338
1.152
0.927
1.023
1.042
0.748
0.992
1.077
0.921
1.079
1.282
0.780
1.260
1.141
1.309
0.831
1.367
1.151
0.994
1.284
1.092
1.307
1.684
1.823
1.696
1.513
1.293
1.218
1.254
1.125
0.800
1.413
1.419
0.943
1.022
1.687
2.475
1.753
0.962
1.055
0.982
1.048
1.587
1.444
1.310
1.349
1.182
0.894
1.015
1.070
0.938
0.693
0.721
0.533
0.859
0.931
1.312
0.762
0.818
0.750
1.505
1.141
1.646
1.708
1.168
1.119
1.370
1.477
2.631
1.720
1.214
1.124
1.909
1.617
1.200
1.228
0.516
1.349
1.909
1.396
0.803
0.841
1.339
1.055
0.975
0.800
1.083
1.245
1.856
1.874
1.601
1.364
0.812
1.088
1.369
0.922
0.771
1.035
1.345
1.622
1.306
1.454
1.140
0.982
1.145
1.388
2.065
1.296
1.746
2.602
2.611
1.859
1.037
0.913
1.182
0.784
0.626
1.155
1.681
1.229
0.975
2.102
2.463
2.003
1.683
1.034
1.024
1.358
1.341
0.865
1.228
1.267
1.833
1.439
1.544
1.392
1.236
1.466
0.964
1.709
1.207
0.804
1.416
1.533
1.359
1.328
1.454
1.134
0.842
1.135
0.992
1.110
0.869
1.416
1.338
1.386
1.350
1.361
1.638
1.587
0.879
1.153
1.276
1.610
1.737
1.340
1.111
1.152
1.658
1.591
1.342
1.324
1.174
2.012
1.875
1.430
1.802
1.790
1.438
1.130
1.814
1.405
2.285
1.313
1.178
1.376
1.824
1.306
1.231
1.076
1.434
1.960
1.553
1.241
1.182
1.354
1.845
0.991
1.108
1.277
1.492
1.341
0.758
1.458
1.067
1.169
1.126
1.307
1.178
1.519
1.606
1.136
1.423
2.127
1.958
2.138
1.425
2.669
1.414
1.701
1.270
1.752
1.596
1.219
1.456
1.283
1.727
1.345
1.083
1.456
0.997
1.438
1.213
1.777
1.387
0.954
1.039
1.265
1.126
1.530
1.535
1.792
1.506
1.121
1.809
1.049
1.541
1.210
1.714
0.810
1.335
1.168
0.856
1.892
1.154
1.358
1.015
0.734
1.112
1.758
0.976
1.244
1.226
1.698
1.813
1.822
1.960
1.380
1.351
1.461
1.416
1.517
1.104
1.276
1.231
1.504
1.555
1.283
1.268
0.832
0.932
1.400
1.010
1.226
0.904
0.845
1.009
1.344
1.971
1.862
1.393
1.021
1.204
1.250
1.023
0.647
1.614
1.559
1.418
1.292
0.959
1.206
1.336
1.135
1.246
1.411
1.712
1.497
0.948
0.777
1.511
1.499
1.101
1.355
1.259
1.811
1.320
1.526
1.828
1.384
1.697
1.451
0.925
0.702
0.937
1.303
1.467
1.858
1.852
1.425
1.013
1.230
1.115
1.591
1.466
1.568
1.350
0.455
1.190
1.684
0.957
1.104
1.161
0.792
0.970
1.551
1.292
1.369
0.973
1.243
1.381
1.121
1.223
0.963
1.058
0.917
1.083
1.174
1.192
1.047
1.795
1.316
1.177
1.149
0.751
1.017
1.723
1.451
0.852
1.015
1.029
0.678
0.614
0.784
1.057
1.059
1.091
0.852
0.742
1.019
1.059
1.236
1.256
0.576
1.219
1.156
1.110
0.671
0.691
0.776
1.196
2.147
1.736
1.204
1.301
0.728
0.825
0.913
0.994
1.433
1.076
1.294
1.373
0.866
1.191
1.228
1.354
0.734
2.292
2.509
1.864
1.523
1.522
1.508
1.521
1.140
1.274
1.157
1.213
1.110
1.477
1.673
1.643
1.604
1.224
0.647
1.077
0.918
0.964
1.294
0.900
1.155
0.884
0.800
0.702
1.033
0.832
0.932
0.918
1.180
1.698
1.192
1.365
0.890
1.458
2.140
1.145
1.086
1.260
0.975
1.385
1.474
0.877
0.713
0.838
1.168
1.382
1.154
0.923
1.397
2.042
1.594
1.555
1.190
1.170
1.000
2.070
1.014
2.498
2.655
1.987
1.884
1.316
0.887
1.152
0.660
0.782
0.970
1.556
1.343
0.900
0.770
0.738
1.375
0.976
1.259
1.482
1.779
1.184
1.399
1.870
1.799
1.886
1.327
1.084
0.655
1.302
1.504
1.265
1.414
1.597
0.920
1.153
0.902
2.150
2.034
1.677
1.015
1.172
1.338
1.128
1.718
1.249
1.829
1.675
1.601
1.465
0.921
2.103
1.149
1.177
1.159
1.811
1.183
1.332
1.166
0.980
1.205
1.300
1.139
1.910
1.396
1.205
1.569
1.724
1.864
1.701
1.598
1.485
1.819
2.202
2.106
1.820
1.099
1.054
1.619
1.907
1.792
1.341
1.129
1.243
1.735
1.808
1.653
0.889
0.842
1.251
1.762
1.038
1.434
1.413
1.226
1.587
1.094
1.113
1.604
1.298
1.310
2.129
1.206
1.535
0.951
1.628
1.595
1.176
2.013
1.402
1.236
1.233
1.207
1.520
0.785
1.924
1.765
1.875
1.489
1.375
1.165
1.125
1.232
0.821
1.122
1.611
1.136
1.487
1.488
1.264
1.897
1.685
2.380
1.448
1.164
0.799
1.486
1.384
1.849
1.352
1.009
0.941
0.734
1.205
1.336
1.486
1.362
1.262
1.166
1.703
1.526
2.178
1.707
1.355
1.733
2.105
1.589
1.584
1.841
1.822
2.676
1.855
1.447
0.512
1.361
1.927
2.136
1.559
1.747
1.130
1.328
1.476
1.316
1.645
1.109
1.331
1.025
0.811
1.011
0.725
0.599
0.826
1.205
1.139
1.124
0.945
1.342
1.363
1.315
1.480
1.735
1.193
1.300
1.344
1.669
1.347
1.455
1.519
1.023
1.446
1.129
1.255
0.750
0.886
0.885
1.064
1.346
1.097
1.009
1.419
1.349
1.007
1.012
1.470
1.183
0.853
1.385
1.644
0.612
0.966
1.497
1.365
0.906
0.799
0.899
1.160
0.788
1.051
1.221
1.072
1.066
1.514
1.335
1.669
1.992
1.739
1.307
1.069
1.043
0.910
0.897
1.419
1.461
0.976
1.211
1.440
0.923
1.154
0.762
1.085
1.021
0.840
1.125
0.981
1.298
1.169
1.044
0.857
0.948
1.101
1.092
0.819
1.222
1.271
1.507
1.481
1.444
0.958
1.179
1.098
0.983
1.081
0.965
0.820
1.157
0.767
0.999
1.188
1.348
0.846
0.863
1.104
0.833
1.048
1.164
1.457
1.735
1.384
1.026
2.615
1.153
0.862
0.907
0.797
0.799
0.770
1.323
1.654
1.317
1.416
1.284
1.154
1.127
1.162
1.071
0.940
0.939
0.926
0.482
1.076
1.821
1.140
0.951
0.511
0.879
1.022
1.019
0.991
1.906
1.995
1.011
1.797
2.451
1.793
0.914
0.870
1.207
1.334
1.041
1.215
1.470
1.129
0.769
0.976
1.032
1.107
1.208
1.109
1.557
0.987
0.951
1.352
2.175
1.454
1.050
1.123
1.736
1.908
1.573
1.008
1.029
1.082
1.896
0.928
1.590
0.837
1.309
1.669
0.912
1.109
0.989
1.533
0.900
0.715
1.120
1.698
1.430
0.905
1.244
1.537
1.533
1.632
2.534
1.517
1.286
1.365
1.351
1.409
1.446
1.408
1.321
1.358
2.515
2.751
1.021
0.613
0.971
1.102
1.221
2.883
1.971
2.609
1.787
1.006
0.758
0.792
0.850
1.164
1.025
1.040
1.168
1.183
1.778
1.718
1.387
1.290
1.794
1.736
1.554
1.427
1.555
1.961
0.932
1.781
1.451
2.106
1.007
1.201
1.248
1.412
1.356
1.964
1.584
1.582
1.218
1.000
0.879
1.233
1.289
1.694
1.572
0.883
0.790
1.162
1.994
1.284
3.245
2.707
1.377
1.447
1.579
1.588
1.656
1.665
1.391
1.187
1.042
2.645
1.736
1.159
1.349
1.388
1.231
1.542
1.635
1.318
1.262
1.364
1.303
1.249
1.372
1.436
1.128
1.000
1.887
1.500
1.681
2.002
1.214
1.368
1.149
1.308
1.074
1.559
1.350
1.317
1.031
1.345
1.129
1.384
1.657
1.859
1.546
1.523
1.796
1.319
1.799
1.665
1.682
1.234
1.630
1.746
1.192
1.591
1.043
1.446
1.522
1.431
1.646
1.105
1.215
1.122
1.576
1.386
1.619
1.505
1.620
1.496
1.309
1.476
1.891
1.360
1.021
1.155
1.410
1.443
1.404
0.855
1.355
1.513
1.773
1.404
1.719
1.934
1.772
1.291
1.170
1.592
1.012
0.872
1.065
1.196
1.281
1.042
1.641
1.674
1.726
0.933
0.880
1.159
1.562
2.110
1.399
1.187
1.015
1.335
1.577
1.251
1.528
1.356
1.582
1.871
2.078
1.264
1.355
1.394
1.680
2.169
1.589
1.419
1.314
0.761
0.949
1.193
1.302
1.305
1.996
1.503
0.768
1.374
1.372
2.198
1.664
1.754
1.767
1.533
1.382
1.344
1.178
0.932
1.213
1.044
1.408
1.117
0.902
1.324
0.670
1.027
1.262
1.674
1.002
1.912
1.252
1.354
1.072
1.114
1.348
1.013
0.858
1.023
1.235
0.914
1.411
1.772
1.536
1.764
1.719
1.123
0.805
1.061
1.172
1.386
1.116
0.573
0.663
0.803
1.365
1.176
1.960
1.124
1.165
1.628
0.864
1.085
0.933
1.227
1.779
1.606
1.384
0.951
1.347
2.104
1.460
1.281
1.224
1.177
1.065
1.226
1.306
1.242
1.962
1.341
0.712
0.712
1.202
0.992
0.932
1.020
1.383
1.332
1.302
1.517
1.469
1.757
0.807
1.676
1.611
0.904
1.246
1.138
0.968
1.335
1.029
0.811
0.836
0.914
0.895
0.758
0.838
1.320
1.030
1.276
1.376
1.568
1.082
0.784
1.198
1.036
1.057
1.133
1.233
1.037
0.917
0.932
1.052
0.914
0.725
1.283
1.436
1.171
1.645
1.601
1.718
1.395
0.972
0.957
0.814
0.783
1.078
1.467
1.536
1.337
0.951
1.756
2.135
1.920
1.316
0.823
0.993
1.036
0.817
1.181
1.150
1.644
1.855
2.074
1.789
1.550
1.313
1.470
2.028
1.131
1.208
1.278
1.139
2.020
1.932
1.545
0.695
0.674
0.874
1.125
1.052
0.944
1.167
1.517
1.366
1.349
1.392
1.458
2.063
1.462
0.759
1.100
1.283
1.506
1.667
1.434
1.104
2.373
0.884
0.955
1.354
1.235
1.485
1.476
1.448
1.395
1.117
2.799
2.317
1.199
1.505
1.876
1.896
2.271
1.696
1.017
1.866
1.599
1.589
1.725
1.493
1.441
1.536
1.286
1.240
0.999
0.925
1.196
1.011
1.286
1.415
1.270
0.953
0.999
1.340
1.534
1.499
1.955
1.337
1.200
1.119
1.320
1.288
1.269
1.331
1.460
1.489
1.148
1.048
1.821
1.938
1.853
1.485
2.053
1.594
2.262
1.459
1.526
1.579
1.263
1.134
1.245
1.280
1.358
1.797
1.815
2.092
1.979
1.527
1.355
1.470
1.824
1.360
2.425
2.322
1.274
1.409
1.424
1.077
1.164
1.513
2.216
2.114
1.617
1.449
1.418
0.918
1.711
1.383
1.609
1.381
1.179
1.191
1.275
1.516
1.034
1.079
0.968
1.220
1.487
1.612
0.649
1.217
1.304
1.590
1.294
1.978
1.461
1.397
1.223
1.226
1.246
0.869
1.072
1.349
0.965
0.987
1.242
1.310
1.277
1.097
1.084
1.470
1.750
1.315
1.236
1.653
1.269
1.164
1.015
1.130
1.444
1.223
1.589
1.643
1.633
1.678
1.988
2.055
1.868
1.684
1.686
1.576
1.823
1.549
1.959
1.476
1.866
1.638
1.951
0.994
1.485
1.696
1.509
1.637
1.844
1.605
0.771
1.234
1.290
1.075
0.970
0.959
1.008
1.511
1.818
1.428
1.738
1.002
1.117
1.209
1.923
1.557
1.456
1.255
1.157
0.833
0.819
0.886
1.404
0.853
0.840
1.211
1.458
1.355
0.983
1.025
1.314
1.423
0.894
1.430
1.480
1.392
1.422
0.872
1.463
1.276
1.618
1.723
1.783
1.380
1.135
1.110
0.672
0.807
0.890
1.529
0.956
1.188
1.636
1.826
1.811
1.454
0.672
0.761
1.503
1.209
0.775
1.065
0.865
1.205
1.039
0.930
0.890
1.082
1.015
1.177
1.578
1.423
1.032
0.799
1.178
0.732
0.771
1.251
0.917
0.971
1.052
1.129
1.513
1.370
1.833
0.958
1.167
1.789
1.544
1.055
1.132
0.898
1.397
1.342
0.903
1.046
1.100
0.889
1.004
1.112
0.680
1.273
1.242
1.817
1.601
1.304
1.543
1.522
1.190
1.070
1.343
1.384
1.624
1.036
0.908
1.077
1.357
1.408
0.859
1.198
1.214
2.002
1.729
1.434
1.093
0.905
1.064
1.248
1.229
0.809
0.658
0.665
1.041
1.198
1.083
0.781
0.586
1.415
1.455
1.748
1.457
0.829
0.805
1.143
1.049
0.667
0.907
1.157
1.670
1.908
1.931
1.538
1.178
1.046
1.419
1.280
0.907
1.278
1.786
1.787
1.684
1.649
1.550
0.962
0.998
1.183
1.192
1.447
1.469
1.194
0.914
1.075
1.013
1.392
1.382
1.589
1.530
1.470
1.367
1.479
1.254
1.024
1.288
0.918
0.809
1.071
1.311
0.973
1.074
1.413
2.329
1.459
1.050
0.792
1.106
1.162
1.342
1.558
1.008
0.976
1.185
1.091
2.315
1.073
0.782
1.785
2.707
2.007
1.024
1.089
0.898
1.167
1.538
1.864
1.608
1.015
2.049
1.288
1.444
1.627
1.132
1.121
1.009
1.548
0.926
1.421
1.809
1.564
1.334
1.394
1.469
1.467
1.074
1.300
0.997
1.097
0.996
0.670
1.648
1.030
1.142
1.077
1.134
1.456
2.041
1.378
0.830
1.580
1.779
1.271
1.238
1.102
1.382
1.199
1.085
1.168
1.134
1.347
1.062
1.249
1.608
1.224
1.505
1.448
1.494
1.093
1.292
1.346
1.053
1.328
1.264
2.358
1.526
1.713
1.089
1.665
1.596
2.014
1.576
1.343
1.820
1.159
1.470
1.389
1.368
1.268
1.399
1.151
1.285
1.609
1.640
1.947
1.252
1.293
1.390
0.616
1.569
1.411
1.186
1.016
1.511
1.818
1.960
2.378
2.103
2.228
0.983
1.800
2.256
2.389
1.915
2.367
1.939
1.321
1.554
1.631
1.686
1.051
1.708
1.082
1.418
1.081
1.515
1.840
1.364
0.692
1.291
1.536
1.393
1.242
1.525
1.282
1.310
1.617
0.987
1.692
1.446
1.526
0.979
1.072
1.071
1.196
1.282
0.755
1.217
1.786
1.747
1.479
1.077
1.173
1.431
1.435
1.413
0.962
1.049
1.784
2.041
1.256
1.265
1.391
0.961
1.482
1.423
1.601
1.999
1.911
1.236
0.969
0.988
1.342
1.187
1.095
1.321
1.322
1.159
1.326
1.057
1.245
0.989
0.807
0.673
0.994
0.946
0.801
0.975
1.108
1.332
1.465
1.150
1.433
0.914
0.968
0.968
0.651
0.961
1.030
0.733
0.791
0.846
0.746
1.605
1.333
1.176
1.362
1.102
1.413
1.247
1.674
1.303
1.151
1.307
1.172
1.223
1.204
1.183
0.797
0.903
1.178
1.016
1.939
1.853
1.358
1.079
1.065
0.871
0.977
1.100
1.162
1.165
1.171
1.287
1.309
0.985
0.812
0.715
0.903
0.746
0.853
1.001
0.928
1.187
1.460
1.256
1.011
1.008
0.882
0.948
1.273
0.839
0.905
0.894
0.971
1.129
1.375
1.058
0.650
0.915
0.799
1.070
0.959
1.224
1.389
0.783
1.039
1.124
1.018
0.832
1.462
1.240
0.847
1.003
1.397
0.722
0.557
0.768
0.859
0.915
1.107
1.150
1.095
1.305
1.049
1.553
1.092
1.051
1.223
1.309
1.241
1.064
0.862
0.945
1.517
1.233
0.886
1.050
0.895
0.734
1.054
1.499
1.494
1.791
1.645
2.100
1.046
1.299
1.406
0.996
0.740
1.082
1.099
0.990
0.556
0.666
0.957
1.607
1.697
0.970
1.770
1.435
1.028
1.081
1.251
1.575
0.956
1.055
1.275
0.946
0.984
1.856
1.796
1.405
0.931
0.835
0.946
0.763
1.019
1.638
1.765
0.939
0.774
1.149
1.337
1.024
1.021
1.218
1.518
1.507
1.546
1.903
1.952
1.972
1.244
1.415
1.487
1.345
2.277
1.018
1.323
0.889
1.113
0.964
2.491
2.398
1.475
0.850
1.031
0.600
0.965
0.601
1.278
0.922
0.946
1.304
1.319
1.245
1.575
1.547
1.345
2.125
2.707
1.375
0.809
0.927
1.379
1.227
1.027
1.072
1.474
1.450
1.305
2.033
1.270
0.826
0.834
1.429
1.014
0.996
1.788
1.088
0.786
0.848
1.078
1.086
1.132
1.348
1.409
1.442
1.434
1.962
1.760
1.639
1.810
1.781
2.003
2.287
1.675
1.870
2.203
1.022
1.053
0.946
1.157
1.551
1.283
1.196
1.235
1.734
1.931
2.017
2.133
2.188
1.799
1.732
1.563
1.842
0.922
1.063
1.183
1.675
2.111
1.704
1.514
1.429
1.686
1.544
1.566
2.056
1.821
1.088
1.121
1.447
1.092
1.785
1.361
1.215
1.022
1.601
1.654
1.181
1.252
1.706
1.794
1.447
1.293
1.430
0.983
1.179
1.313
1.225
1.167
1.093
1.012
1.138
1.640
1.531
1.638
2.128
1.652
1.379
1.602
1.053
1.147
0.991
0.755
1.390
1.360
1.398
1.880
1.195
0.910
1.212
1.490
1.259
1.266
1.613
1.310
1.107
1.192
1.274
1.794
1.916
1.792
1.558
1.193
1.331
1.779
0.911
1.039
1.318
1.125
1.054
1.558
1.519
2.149
1.650
1.896
1.727
1.262
1.027
1.159
1.587
1.561
1.047
1.436
1.555
1.456
1.342
1.117
1.673
1.966
1.817
1.216
1.307
1.283
1.313
1.517
1.113
1.049
1.213
1.078
1.651
1.584
1.374
1.256
1.125
1.176
1.415
1.423
1.791
1.563
1.657
0.927
1.072
1.572
1.114
1.675
1.488
1.266
1.812
1.477
0.899
0.972
1.435
1.440
1.860
1.144
1.009
1.644
1.522
0.916
1.233
1.049
1.389
0.972
0.936
1.107
1.009
1.850
1.071
1.153
0.834
1.010
1.037
1.059
1.237
1.059
1.149
1.379
1.404
1.591
1.486
1.307
0.949
0.846
1.043
1.213
1.158
1.287
1.468
0.795
1.087
0.776
1.218
1.150
1.083
1.145
1.642
1.017
0.918
0.933
1.239
1.515
0.888
0.868
0.762
0.964
0.739
0.990
1.462
1.081
0.925
0.935
0.868
0.715
0.891
0.915
1.037
1.131
0.936
1.352
1.284
0.976
0.863
1.408
1.485
1.359
0.943
1.064
1.104
1.500
1.275
1.126
1.106
1.360
0.875
0.930
1.059
0.643
1.208
1.030
0.944
1.338
1.001
1.160
1.208
0.949
0.648
1.006
0.693
0.816
1.084
1.138
0.859
0.969
1.674
2.149
1.486
1.275
0.857
0.836
1.409
1.260
1.371
1.494
1.417
1.218
1.137
0.968
1.120
1.333
1.497
0.872
1.208
0.594
1.002
0.800
1.064
1.298
0.842
1.317
1.033
1.453
2.037
1.304
0.673
1.154
1.155
1.269
0.938
1.163
1.319
1.476
1.568
1.602
1.527
1.746
1.611
2.212
1.916
2.325
1.356
0.874
1.275
1.614
1.519
1.001
1.276
1.500
1.431
1.309
1.221
0.997
2.675
2.198
1.641
0.924
1.187
1.220
0.893
1.201
1.254
1.373
1.656
1.752
2.098
2.068
1.458
1.294
1.469
1.190
1.231
1.017
1.178
1.034
1.223
1.260
1.093
1.615
1.631
0.979
1.050
1.129
1.812
1.733
2.126
2.785
1.343
1.115
0.734
1.673
1.597
1.615
1.008
0.793
1.310
1.246
1.107
1.185
1.159
0.999
0.805
1.267
0.892
1.421
1.391
1.137
1.228
1.503
1.592
1.734
1.522
1.169
1.259
1.171
2.201
1.423
1.256
1.229
1.876
1.472
1.244
1.052
1.160
1.016
1.297
1.115
1.368
1.283
0.599
1.378
1.219
1.027
0.934
1.267
1.588
1.468
1.153
1.181
1.293
0.970
1.410
1.043
1.192
1.282
1.055
1.050
1.194
1.066
1.183
2.020
1.075
1.846
1.950
0.902
1.392
1.161
1.078
0.949
1.526
1.409
1.297
1.249
1.578
1.333
1.204
1.181
1.252
1.213
1.254
1.153
1.250
1.319
1.339
1.206
1.456
1.237
1.051
1.841
1.203
1.684
1.540
1.620
1.631
1.440
1.296
1.082
1.152
1.284
1.928
1.547
1.192
1.755
1.452
1.988
1.546
1.192
1.350
1.723
1.212
1.499
1.373
1.337
1.225
1.343
1.171
1.472
0.726
1.339
1.424
1.439
1.048
0.930
1.020
1.145
0.871
1.415
1.458
1.597
1.876
1.082
1.049
1.210
1.342
1.329
1.347
1.345
0.974
1.392
1.195
1.394
1.946
1.986
1.738
1.568
1.401
1.606
1.916
1.391
1.552
0.822
1.099
1.246
1.249
1.306
1.085
1.066
1.193
0.898
0.822
1.193
1.468
1.235
1.237
1.115
1.235
1.061
1.416
1.248
1.644
1.703
1.384
1.128
1.587
1.016
1.132
0.907
0.868
1.230
1.263
1.421
1.646
1.117
1.057
0.969
1.141
1.485
0.928
0.686
1.588
1.766
1.258
1.182
0.914
1.098
0.932
1.073
0.973
0.755
0.782
0.936
0.865
0.919
0.782
1.103
1.204
0.855
1.057
1.604
1.384
1.429
1.367
0.902
1.065
1.205
1.011
0.898
0.806
0.813
1.357
1.560
1.571
1.553
1.671
1.528
1.676
1.034
0.880
1.474
1.609
0.826
1.205
1.237
1.049
1.086
1.060
1.243
1.039
0.582
1.788
2.276
1.491
1.190
1.118
1.019
1.496
1.520
1.505
0.651
2.666
1.802
1.285
0.693
1.034
1.357
1.027
0.970
0.916
1.160
1.188
0.949
0.664
0.932
1.622
1.516
1.704
1.870
1.088
0.871
1.217
1.272
1.168
0.838
1.016
0.878
0.764
2.096
1.810
1.378
1.804
0.916
1.197
1.717
2.103
1.887
1.427
1.285
1.463
1.541
1.039
1.211
0.810
1.242
1.530
0.956
0.989
1.332
1.300
1.199
1.316
0.960
1.011
1.118
1.282
0.938
1.438
1.450
1.562
2.144
1.701
1.203
0.926
1.467
1.895
0.998
1.548
1.327
1.009
1.717
1.420
0.957
1.298
1.340
1.031
1.576
1.727
1.485
1.134
1.376
0.985
1.107
1.282
1.276
0.677
0.970
0.877
1.142
0.937
0.998
2.279
2.619
1.312
1.067
1.447
1.506
1.344
1.538
1.716
1.505
0.916
0.975
0.787
1.501
1.620
1.298
2.541
1.546
1.036
1.275
1.564
1.483
1.393
1.662
1.416
1.738
1.636
1.180
2.131
2.228
2.526
1.596
1.006
0.609
0.882
1.304
1.247
0.814
1.208
1.133
1.263
1.627
1.132
1.003
1.768
1.430
1.877
1.384
1.294
1.319
1.104
1.708
1.368
1.648
1.161
1.116
1.110
1.516
1.609
1.493
1.934
1.165
2.387
1.576
1.115
1.134
0.823
1.358
1.900
1.754
1.548
1.569
1.903
1.471
1.261
1.341
1.835
1.586
2.129
1.906
1.850
1.289
0.998
1.543
1.821
1.554
1.650
1.426
1.644
1.517
1.572
1.174
1.574
1.312
1.341
1.717
1.100
1.645
1.128
1.250
1.576
1.354
1.782
1.569
1.070
1.717
1.594
1.657
1.704
1.377
1.499
1.433
1.322
1.825
1.522
1.476
1.872
1.333
1.230
2.074
2.085
1.834
1.945
0.906
1.694
1.722
2.079
1.445
1.475
1.432
0.882
0.933
1.190
1.486
1.056
0.970
1.248
0.964
0.968
1.248
0.930
1.119
1.369
1.778
1.804
1.819
1.219
1.035
1.300
1.475
1.001
0.972
1.450
1.088
1.638
1.224
1.207
0.987
1.192
1.317
1.420
1.433
1.286
1.145
1.396
1.157
1.471
1.651
1.751
1.900
1.864
1.628
1.334
1.317
1.459
2.070
1.597
1.190
1.625
1.338
1.164
0.858
1.530
1.284
0.835
1.384
1.379
1.437
0.932
1.131
1.266
1.371
1.063
1.033
1.315
0.548
1.051
1.297
1.830
2.466
2.081
1.591
1.493
1.374
1.268
1.004
0.887
1.538
1.532
1.159
0.907
1.312
1.660
1.067
1.108
1.118
1.053
0.891
0.810
1.136
1.280
1.329
1.145
1.287
0.950
0.509
1.377
1.222
0.955
1.177
1.469
0.795
0.996
1.076
0.964
1.031
1.784
1.788
1.346
1.313
0.978
0.844
0.931
1.143
1.739
1.128
1.250
1.598
1.257
1.107
1.552
1.497
1.216
1.205
1.454
0.946
1.028
1.146
0.975
0.915
0.908
0.834
0.890
1.051
1.488
1.103
1.101
1.742
0.899
1.062
1.679
1.253
1.586
1.920
1.787
1.286
0.999
1.087
1.144
1.054
1.046
0.972
1.134
1.077
1.150
1.215
1.261
1.592
1.883
1.786
1.094
0.692
1.269
1.135
0.987
0.917
1.770
1.081
1.024
0.715
0.720
1.009
1.432
0.950
1.639
1.077
1.010
0.886
0.983
1.012
0.684
1.305
1.424
0.822
0.884
0.736
1.270
2.171
2.154
1.892
2.300
1.791
0.962
0.519
1.236
1.402
0.921
0.722
0.880
1.154
1.340
1.500
1.487
1.216
0.930
1.516
1.261
1.546
1.392
0.983
0.960
1.057
1.122
1.062
3.252
2.665
1.637
0.851
1.530
1.104
1.361
0.963
1.109
1.218
1.365
0.994
2.339
2.141
1.686
0.897
0.660
1.786
1.261
1.058
1.018
1.347
0.883
1.930
2.099
1.214
0.779
0.968
1.038
1.226
1.932
2.266
1.756
1.739
1.542
1.274
1.335
1.215
1.663
1.201
1.041
1.181
1.868
1.038
1.352
1.657
1.754
1.764
1.334
1.915
1.108
1.222
1.563
1.538
1.343
1.254
1.016
1.384
1.528
1.296
0.903
2.072
2.502
1.267
1.359
1.360
1.767
1.756
1.613
1.176
1.956
1.320
1.315
1.257
2.786
2.117
0.946
1.297
1.151
0.908
1.464
1.437
1.016
1.331
1.218
1.415
1.305
1.443
0.765
1.198
1.524
1.404
1.211
1.813
1.496
1.438
1.260
1.697
1.797
1.650
1.295
0.872
1.240
1.667
1.842
1.527
1.069
1.062
1.255
1.949
1.301
1.997
2.145
1.866
1.211
1.727
1.524
1.131
1.199
1.435
1.529
1.110
0.956
1.130
1.071
1.636
1.550
1.663
1.453
1.346
0.965
2.025
1.464
1.441
1.159
1.219
1.595
1.518
1.740
2.003
1.348
1.278
1.141
1.304
0.638
1.558
1.265
1.460
1.263
1.030
1.338
1.234
0.899
1.055
1.242
1.495
1.364
1.474
0.929
0.909
1.514
1.215
1.664
1.508
1.131
1.148
1.172
1.301
1.249
1.250
1.217
1.283
1.668
1.339
2.074
1.841
2.126
1.781
1.747
1.736
1.756
1.684
2.294
2.190
1.738
0.940
1.230
1.167
1.156
1.453
1.644
1.434
1.811
1.166
0.844
1.453
0.841
1.123
1.603
1.190
1.139
1.207
1.132
1.442
1.671
1.475
0.623
0.950
0.799
0.691
1.500
1.340
1.701
1.935
1.792
1.666
1.887
1.245
1.263
1.388
0.995
1.360
1.164
0.759
1.657
1.426
1.009
1.158
1.061
1.399
1.201
1.153
1.194
1.018
1.306
0.941
1.033
0.694
1.036
1.795
0.922
1.129
1.385
1.341
1.034
1.344
1.341
0.823
1.278
1.910
1.310
0.998
0.891
0.650
1.025
1.193
0.668
1.408
0.984
0.605
0.888
0.822
1.109
1.083
0.808
0.871
1.188
1.772
1.418
1.236
1.017
0.990
0.995
1.091
1.510
1.535
1.344
1.038
0.747
0.973
0.926
1.479
1.585
1.119
1.381
1.506
1.574
1.388
1.478
1.273
1.325
1.407
0.905
0.820
1.136
1.069
1.362
1.007
0.814
0.696
1.556
1.157
1.023
1.160
0.752
1.358
1.050
0.878
0.752
1.265
1.802
1.813
1.815
1.846
1.320
1.504
1.479
1.210
0.972
0.908
1.081
0.906
0.848
0.978
1.038
1.101
1.024
1.485
1.121
2.321
1.732
1.890
1.512
0.900
0.738
1.115
0.942
0.691
0.949
0.946
1.160
1.939
1.694
1.365
0.983
2.276
1.217
1.015
1.581
1.540
1.467
1.779
1.628
1.302
1.296
1.227
1.157
1.248
1.592
1.535
1.549
1.413
1.422
1.283
1.069
1.210
1.113
1.628
1.125
1.708
1.530
1.326
0.840
1.005
0.780
1.007
1.176
1.080
1.017
0.894
1.423
0.938
1.516
1.525
0.953
1.779
1.500
1.714
1.808
1.090
1.019
0.971
1.131
0.987
1.110
0.916
0.834
1.144
1.770
1.274
1.104
1.195
0.944
2.511
1.654
2.364
2.694
2.396
1.716
0.850
0.663
0.754
1.310
1.373
1.684
1.590
1.521
1.723
1.086
1.694
1.044
1.574
1.548
1.140
1.641
1.527
1.525
1.209
1.656
1.728
1.155
1.038
1.484
1.748
1.751
1.277
1.593
1.562
1.745
1.617
0.858
1.518
1.673
0.979
1.058
1.234
1.250
1.567
1.351
1.583
1.569
1.304
1.281
1.571
1.389
1.204
1.140
0.788
1.724
1.589
1.302
0.964
1.729
2.074
2.124
1.497
1.666
1.509
1.123
1.617
1.020
1.322
1.127
1.756
1.608
1.409
1.598
1.349
1.484
1.214
1.507
0.877
1.453
1.634
1.708
1.756
1.546
1.706
1.491
1.171
1.599
1.431
1.305
0.839
0.945
0.798
1.163
1.354
1.249
1.604
1.347
1.630
2.065
1.914
0.962
0.967
0.947
1.237
1.715
1.274
1.527
1.701
1.377
1.146
1.228
1.536
1.754
1.775
1.604
1.828
2.273
1.986
1.358
1.810
1.615
1.362
1.571
1.286
1.431
1.783
1.735
1.899
2.206
1.941
1.598
1.114
1.197
1.110
0.805
1.109
0.980
1.435
1.517
0.650
0.942
1.264
1.580
1.517
1.997
1.659
1.641
1.484
1.541
0.908
1.010
1.226
1.497
1.974
1.598
0.910
1.074
0.883
1.147
0.836
1.213
1.660
0.925
0.966
1.678
1.074
1.107
1.457
1.650
1.144
0.890
1.310
1.206
1.402
1.443
1.239
0.874
1.148
1.198
1.050
1.078
1.184
1.420
1.294
1.066
1.090
1.159
1.470
1.137
1.989
1.608
1.840
1.067
1.763
1.729
1.984
1.514
1.356
1.073
0.921
1.180
1.400
1.513
1.607
1.284
1.165
1.401
0.721
0.759
1.282
0.908
0.995
1.280
1.295
0.946
1.031
1.560
1.017
0.676
1.650
1.033
0.794
1.152
1.214
1.069
0.818
0.983
1.147
1.520
1.472
1.457
1.100
1.042
1.125
0.946
0.532
1.133
0.603
0.836
1.801
2.139
1.331
1.515
1.307
1.081
0.878
0.699
1.284
1.229
1.042
0.745
1.026
0.981
1.129
0.994
1.798
1.150
0.840
0.978
0.856
0.885
1.223
0.993
1.045
1.422
1.307
1.115
2.033
1.281
0.905
0.941
1.310
1.767
1.654
1.654
1.381
1.073
1.061
1.371
1.277
1.492
1.205
1.650
2.612
2.336
1.974
1.596
1.263
0.792
0.676
1.187
1.181
1.388
1.247
1.056
1.107
0.516
2.251
1.799
0.931
2.168
1.617
1.393
0.908
1.008
0.955
0.840
1.343
1.865
1.175
2.032
1.619
1.167
0.862
1.324
1.490
1.812
1.201
1.171
1.072
1.332
1.096
1.054
2.392
1.419
0.596
0.810
1.146
1.325
0.899
0.783
0.835
1.098
0.775
1.465
1.371
1.401
1.453
2.086
1.806
1.502
1.214
1.012
1.232
0.931
0.933
1.336
1.427
1.393
1.026
1.128
0.901
1.233
0.704
1.596
1.127
1.106
1.397
1.231
0.973
0.894
1.283
1.243
1.832
1.699
1.145
1.028
1.081
1.278
1.345
0.933
1.135
1.343
1.293
1.379
1.051
1.454
1.784
1.377
1.138
1.940
1.420
1.255
1.597
1.032
1.133
1.603
1.047
1.439
2.468
1.190
1.326
1.564
1.805
1.700
1.504
1.533
1.578
1.918
1.149
1.913
1.279
1.943
1.060
1.207
1.530
1.277
1.658
1.785
1.306
2.615
2.777
1.717
1.058
1.180
1.296
1.876
2.286
1.930
1.178
1.696
0.948
1.065
1.086
1.609
1.474
0.909
1.132
1.356
1.023
1.753
1.662
2.068
1.230
0.944
1.237
1.833
1.242
1.694
1.554
1.498
1.260
1.275
1.634
1.221
0.896
1.437
1.314
1.563
1.399
1.162
0.954
0.949
0.745
1.148
1.261
0.777
0.783
1.372
1.721
1.771
1.678
1.865
1.381
0.944
1.182
1.069
1.136
1.536
1.685
1.090
1.255
1.091
1.438
1.612
1.757
1.227
1.178
1.047
1.527
1.677
1.526
1.299
1.194
0.776
1.155
0.491
1.270
1.269
1.355
0.778
1.150
1.375
1.392
0.847
0.754
1.255
1.877
1.714
1.736
1.784
1.795
1.646
2.026
1.443
1.137
1.211
1.149
1.002
1.255
1.234
1.170
0.965
1.464
1.864
1.633
1.966
1.836
1.341
1.604
1.200
0.913
1.452
1.474
1.337
1.911
1.215
1.294
1.208
1.671
1.605
0.944
0.717
0.973
0.967
1.199
1.167
1.082
1.175
0.950
1.261
1.050
1.486
1.533
1.595
1.459
1.206
1.356
0.713
1.375
1.821
0.909
0.749
1.295
1.537
1.046
1.345
0.957
0.802
0.658
1.010
1.157
1.584
1.345
1.271
1.172
1.340
1.274
2.095
1.363
1.076
1.342
1.703
1.343
1.362
1.663
1.911
1.980
1.788
1.333
1.002
1.272
0.992
1.460
0.981
1.148
1.391
1.355
1.209
1.559
1.031
0.826
1.064
0.770
1.028
1.051
0.910
0.754
0.886
1.349
1.895
1.342
0.993
1.594
1.165
1.069
1.211
1.280
1.445
1.217
1.054
1.223
1.117
1.192
0.674
0.577
0.746
1.168
1.250
2.429
2.104
1.048
0.721
0.931
0.823
0.927
1.166
0.788
0.923
0.761
0.834
1.254
1.356
1.046
1.118
0.742
0.995
0.852
1.083
1.149
0.716
1.010
0.946
1.334
1.438
1.626
1.479
1.206
1.069
0.819
0.965
1.831
2.116
1.492
1.159
1.321
1.459
1.449
1.381
1.245
0.975
1.040
1.338
1.585
1.053
0.851
1.122
1.035
1.398
1.884
1.424
1.145
0.534
1.321
1.432
0.888
1.198
0.808
1.338
1.112
0.963
1.262
0.875
1.482
1.005
1.331
1.627
1.489
1.208
0.767
1.045
1.494
1.434
0.947
1.220
1.271
1.454
1.349
2.797
1.854
1.163
0.933
0.618
1.128
1.131
1.152
1.145
0.968
1.262
0.866
1.103
1.161
0.919
1.419
1.139
1.014
1.093
1.373
1.029
0.810
1.097
0.921
1.423
1.104
2.022
1.578
1.536
1.242
0.671
1.400
1.719
1.039
2.508
2.106
1.357
1.186
1.317
1.298
2.742
3.264
2.018
1.060
0.708
0.915
1.329
1.460
1.024
1.031
1.418
1.051
1.313
1.061
1.040
1.642
1.326
1.469
1.316
1.450
1.407
1.490
1.839
2.009
2.405
1.988
1.374
1.613
1.255
1.160
1.442
1.373
1.846
2.121
1.553
1.013
1.465
1.051
1.095
1.076
1.201
1.334
1.441
1.114
1.101
1.210
1.387
1.122
1.865
1.031
2.115
2.686
1.784
1.076
1.034
0.840
1.104
1.433
0.834
1.540
1.727
1.405
1.575
1.887
1.749
1.448
1.213
1.193
1.107
1.260
1.492
1.254
1.649
1.782
2.212
1.702
1.062
1.707
1.208
1.909
1.769
1.624
0.981
1.424
1.600
1.554
1.279
2.501
2.738
1.032
1.500
1.209
1.313
0.969
1.024
1.387
1.408
1.475
1.089
0.769
1.745
1.282
1.023
1.263
1.313
1.508
0.952
0.905
1.390
1.528
1.406
1.055
1.350
1.766
1.609
0.947
1.077
1.123
1.213
1.443
1.301
1.523
1.482
1.207
1.182
1.912
1.659
1.286
1.366
1.411
1.562
1.488
1.232
1.376
1.136
1.388
1.372
1.806
1.440
1.521
1.613
1.533
1.736
1.676
1.186
0.969
1.053
1.416
1.009
0.976
1.317
1.253
1.299
1.848
1.278
1.589
1.132
1.056
0.991
1.186
2.064
1.673
1.292
1.808
1.215
1.115
1.350
1.088
1.585
1.383
0.984
0.956
1.689
2.334
2.062
1.798
1.579
1.904
1.825
1.605
1.363
1.242
1.290
1.381
1.037
1.045
1.459
1.693
1.106
0.926
0.983
1.113
1.346
1.143
0.829
1.151
1.215
1.696
1.475
1.214
0.987
1.060
1.608
1.401
1.012
1.256
0.804
1.224
1.408
1.624
1.521
1.940
2.274
1.437
1.283
1.711
1.773
1.633
0.895
0.916
1.246
0.948
0.857
0.730
1.031
1.169
1.638
0.821
0.924
1.014
1.021
1.262
1.391
1.782
1.356
0.767
0.984
0.983
0.630
0.716
1.185
1.329
1.032
0.898
1.061
0.771
0.937
1.579
1.289
1.373
1.727
1.308
1.439
1.221
1.220
0.907
1.500
1.312
1.104
1.051
1.267
1.608
1.306
0.763
0.607
0.668
1.199
1.173
1.049
1.052
0.967
1.170
0.592
0.895
1.055
1.257
1.542
1.392
1.965
1.545
1.621
1.248
0.976
1.113
0.903
0.978
1.383
1.334
1.028
0.875
0.756
0.871
1.031
1.224
1.332
1.155
1.313
0.826
1.030
1.180
1.001
0.973
1.210
1.465
1.561
1.572
1.667
1.143
1.197
1.148
0.900
1.097
1.543
0.764
1.180
1.441
1.444
1.412
1.252
1.547
1.765
1.642
1.419
1.563
1.187
1.439
1.275
0.881
1.466
1.756
1.907
1.849
1.440
2.824
2.455
1.381
1.227
0.984
1.382
1.349
1.378
1.774
1.495
1.747
1.935
1.988
0.856
1.638
1.125
0.948
0.895
1.392
1.356
1.644
1.252
1.193
1.256
1.081
1.243
1.029
0.938
1.228
0.973
1.210
1.368
1.252
1.584
1.429
1.107
1.210
1.087
1.169
1.282
1.376
1.255
1.447
1.668
1.607
1.836
2.035
2.220
2.066
1.727
1.404
1.486
1.358
2.066
1.295
1.295
1.533
1.855
1.638
1.926
1.956
1.984
1.799
1.936
1.606
1.421
0.951
0.823
1.290
1.293
1.536
1.217
0.906
1.314
1.767
2.878
2.041
1.696
0.923
1.243
1.166
0.820
1.306
1.714
1.524
1.585
1.392
1.003
1.761
1.407
1.384
1.761
1.648
1.606
1.124
1.166
1.300
1.526
1.083
1.138
1.348
1.571
1.669
1.544
0.962
1.018
1.140
1.431
1.258
1.456
1.161
1.428
1.969
1.931
1.650
2.011
1.534
1.434
1.762
1.898
1.325
1.044
1.614
1.797
1.772
1.482
1.657
1.866
1.861
1.677
1.798
1.283
1.559
0.991
1.454
1.338
1.194
1.612
1.141
1.620
1.437
1.224
1.262
1.639
1.956
1.940
1.635
1.013
1.535
1.676
1.930
1.576
2.042
2.413
2.216
2.267
2.218
1.302
1.654
1.018
1.359
1.373
1.777
1.492
1.605
1.393
1.538
1.795
1.597
1.492
1.616
1.647
1.467
1.571
1.969
1.805
1.639
0.991
1.627
1.969
1.961
1.575
1.823
1.227
1.073
1.090
0.814
0.757
0.644
0.942
0.939
0.794
0.975
0.992
1.575
1.311
1.054
1.518
1.185
1.184
1.579
1.980
2.293
2.032
1.636
2.025
1.812
1.847
0.953
1.002
1.376
1.547
1.433
1.559
1.382
1.223
0.692
1.367
1.317
1.433
1.259
1.173
0.721
1.082
1.129
1.095
0.988
1.341
1.149
1.134
0.993
1.238
1.178
1.019
0.843
1.251
1.647
1.285
0.837
0.972
1.327
1.727
1.531
1.429
1.345
0.889
1.049
1.028
1.050
0.684
0.695
0.843
0.998
1.468
1.470
1.590
0.598
0.762
0.986
0.828
1.178
1.223
1.098
0.915
1.017
1.229
0.795
0.806
1.033
1.270
1.324
0.877
0.935
0.694
1.272
1.131
1.022
1.311
1.437
1.286
1.238
1.610
1.415
1.493
1.820
1.459
0.842
1.378
0.805
0.859
1.284
1.161
1.009
1.123
1.127
1.035
1.215
1.778
1.099
0.774
0.903
1.448
1.595
0.881
1.438
1.367
1.623
0.855
1.244
1.387
0.899
1.103
1.078
1.317
1.779
1.426
1.232
1.555
1.807
1.327
1.052
1.271
1.367
1.247
1.140
0.800
1.064
1.097
1.414
1.097
0.966
0.910
0.892
0.821
0.649
0.918
1.129
1.150
1.489
1.500
1.603
2.529
1.967
2.199
1.703
1.520
1.000
1.400
0.965
1.765
1.968
1.213
0.888
1.218
1.369
1.346
1.511
1.767
1.204
1.084
1.029
1.464
1.319
1.532
1.316
1.166
1.123
1.189
0.886
1.382
1.621
1.319
1.525
1.676
1.449
1.035
1.200
0.766
1.122
0.981
2.084
2.409
0.849
1.059
1.056
0.753
0.660
1.125
0.759
1.181
1.071
1.250
1.672
1.222
1.477
1.265
1.488
1.387
1.325
1.393
1.377
1.144
1.245
1.089
2.042
2.346
1.524
1.288
1.446
2.023
2.099
1.671
1.508
1.716
1.310
1.219
1.529
1.464
1.057
1.269
1.222
0.884
1.374
1.319
1.483
1.089
1.356
1.326
1.263
1.235
2.162
2.560
1.875
1.020
1.354
1.231
1.348
1.012
1.675
1.455
1.716
1.733
1.416
1.315
1.324
2.026
2.071
1.552
1.087
1.515
1.159
1.222
1.784
1.677
1.098
1.089
1.078
1.031
1.421
1.248
1.254
1.048
1.533
1.446
1.439
2.006
1.577
1.319
1.328
0.875
1.260
1.182
1.639
1.203
1.189
1.144
1.603
1.309
1.352
0.894
1.271
1.441
1.965
1.397
1.499
1.218
1.788
1.370
1.122
2.025
2.053
1.730
1.246
1.291
1.206
0.748
0.933
1.609
1.266
1.397
1.797
1.223
0.843
1.054
1.402
1.416
1.424
1.687
0.697
1.443
1.308
1.956
1.162
1.157
1.028
1.103
1.800
1.071
1.382
0.854
1.085
0.756
1.404
1.017
1.007
0.963
1.212
1.096
0.744
1.609
2.082
1.245
1.182
1.080
0.887
1.126
1.705
1.703
1.183
1.007
1.058
1.163
1.608
1.329
1.257
0.787
1.447
1.367
1.216
1.170
1.301
1.371
1.317
1.389
0.972
1.009
1.585
1.484
1.366
1.440
1.014
1.326
1.485
1.540
1.592
1.379
1.459
1.288
1.095
1.067
1.291
1.017
1.421
1.475
1.093
0.633
0.697
1.553
1.121
1.123
1.090
1.049
1.700
1.316
0.716
0.850
1.093
1.814
1.472
1.355
1.574
1.489
1.027
1.184
1.474
1.764
1.473
0.915
1.218
0.868
0.780
0.778
1.037
0.900
0.822
1.212
1.165
1.077
0.794
0.900
1.041
1.310
1.172
1.070
1.200
1.196
0.763
1.010
0.822
1.086
1.779
1.479
0.919
0.788
0.711
1.144
1.219
0.873
1.454
1.037
0.864
1.273
1.110
1.012
1.084
1.161
1.193
1.282
1.384
0.996
0.819
1.807
1.424
1.115
0.805
1.008
0.807
1.003
1.000
0.893
0.882
1.340
1.403
0.969
1.090
1.134
1.302
0.844
0.785
0.982
1.488
1.259
0.806
1.162
1.441
1.014
0.919
1.100
1.005
0.845
0.881
1.267
1.293
1.379
1.215
1.739
1.732
1.697
1.043
1.800
0.679
0.950
0.782
0.812
0.841
1.283
1.374
1.027
0.787
0.834
1.328
0.979
1.426
1.341
1.573
1.381
1.334
1.285
0.837
1.011
1.281
0.975
1.150
1.857
1.164
0.737
1.195
1.655
1.610
1.292
1.811
2.011
1.823
1.756
1.064
1.260
1.578
1.409
1.402
1.071
1.200
1.093
1.312
0.995
1.157
1.137
1.324
1.003
1.140
0.613
0.614
1.390
1.104
0.989
0.969
1.567
1.012
1.482
1.756
2.028
1.894
1.825
1.541
1.090
1.063
1.051
2.041
1.305
1.590
1.596
1.476
1.235
1.032
1.493
1.576
1.384
1.049
1.149
1.231
1.745
1.247
1.137
1.156
1.103
1.235
1.204
1.488
1.975
1.462
1.821
1.379
1.195
1.499
1.539
1.562
1.231
1.357
1.716
1.798
0.844
1.096
2.243
1.726
1.195
1.281
1.901
1.832
1.633
1.422
1.011
1.289
1.516
1.142
2.021
1.760
1.478
1.220
1.110
1.496
1.629
1.938
1.371
1.658
1.812
1.688
1.200
0.788
1.487
1.238
1.549
1.493
0.833
1.655
1.810
0.885
2.012
1.558
1.835
1.402
1.458
1.241
1.051
0.962
1.605
1.714
1.178
1.001
1.773
1.415
1.732
1.260
1.748
1.193
1.763
1.627
1.594
1.456
1.301
0.964
1.032
1.377
0.981
1.204
1.877
2.001
2.184
2.566
1.883
1.319
1.395
2.014
2.024
1.123
1.258
0.903
1.425
1.158
1.534
1.887
1.967
1.741
1.338
1.344
1.639
1.705
1.475
1.979
1.478
1.702
1.815
1.459
1.901
1.960
1.641
1.892
1.537
1.474
1.461
1.949
1.728
1.721
1.408
0.732
1.210
1.242
1.595
1.289
1.012
0.827
1.090
1.472
1.629
1.133
1.318
1.296
1.259
0.865
1.020
1.261
1.805
2.111
1.659
1.831
1.659
1.929
1.973
1.888
2.317
1.829
1.875
1.717
1.901
1.217
1.355
1.457
1.538
1.280
1.395
1.538
1.836
1.638
1.645
1.594
1.746
1.539
1.267
1.376
1.555
0.832
1.434
0.908
0.947
1.015
1.514
1.443
0.868
0.809
1.132
1.316
1.135
0.872
1.167
0.869
1.143
1.282
1.438
1.634
0.889
1.102
1.578
1.401
1.169
1.390
1.264
1.028
1.681
1.162
1.252
1.408
0.811
0.856
1.305
1.179
0.804
1.211
0.803
1.192
0.766
0.788
0.847
1.166
1.661
1.223
0.902
1.048
1.357
1.149
0.888
1.318
1.385
0.807
0.784
1.023
1.365
1.436
1.515
1.614
1.822
1.530
1.105
0.709
1.313
1.410
0.743
1.413
1.361
0.811
0.713
1.479
1.171
0.936
0.932
0.855
1.860
2.275
2.045
1.581
1.165
0.891
1.075
1.772
1.036
1.621
1.250
0.960
1.316
1.018
0.838
0.995
0.982
1.173
1.091
0.845
0.623
0.851
1.110
0.906
0.725
2.234
2.039
1.258
1.331
0.959
1.018
0.813
0.805
0.993
1.142
1.012
0.834
0.948
1.265
0.964
1.565
1.848
1.332
1.591
0.712
1.165
1.007
0.927
1.128
0.840
1.005
0.940
1.333
1.152
1.078
1.069
0.991
0.803
1.260
0.997
0.949
1.211
0.973
1.381
1.150
1.263
1.123
1.240
1.086
1.283
1.153
1.685
1.365
1.330
1.288
0.961
1.042
1.458
1.021
1.347
1.065
0.981
1.255
0.961
1.298
1.701
1.749
1.419
1.373
1.274
0.935
2.287
2.098
1.712
0.951
1.099
1.396
1.823
1.003
0.900
1.599
1.118
1.226
1.256
1.019
1.020
1.665
1.363
0.797
1.090
1.611
1.053
1.219
1.525
1.389
1.616
1.883
1.704
1.303
1.114
2.065
2.281
1.493
0.929
1.131
1.276
1.387
1.723
2.062
1.118
0.956
0.896
1.302
1.308
1.612
1.385
2.157
2.251
1.864
2.366
2.215
1.589
0.725
1.165
1.178
0.852
1.289
1.242
1.319
1.745
2.238
1.290
3.597
2.486
0.844
0.769
2.046
1.108
0.820
1.596
1.117
1.724
1.098
0.743
1.459
1.544
1.670
1.448
1.291
1.450
0.969
1.683
1.358
1.512
0.929
1.016
1.279
1.099
1.062
1.041
1.631
1.891
1.627
1.654
1.980
1.936
1.947
1.703
1.332
1.204
1.607
0.975
1.036
1.352
1.714
1.281
1.785
1.809
1.700
1.484
1.711
1.779
1.481
0.940
1.168
2.663
1.328
1.013
1.512
1.339
1.009
1.451
1.556
0.842
1.210
1.255
0.897
1.021
1.465
1.696
2.249
2.029
0.993
0.954
1.317
1.267
1.468
1.622
1.494
1.713
1.533
1.991
1.906
1.289
1.207
2.049
1.403
1.386
1.475
1.701
1.384
2.115
1.611
2.304
1.514
0.792
1.090
0.673
1.361
0.971
1.380
1.045
0.682
1.297
1.646
1.770
1.118
1.099
1.107
1.238
1.915
1.109
1.129
1.048
1.053
0.881
1.094
1.223
1.158
1.503
1.413
1.459
1.882
1.955
1.803
1.088
0.987
1.474
1.574
1.534
1.277
1.156
1.506
1.096
1.420
1.789
1.237
0.776
1.414
1.501
1.501
1.339
1.123
1.380
1.457
1.566
1.101
1.483
1.603
1.656
1.275
0.660
0.642
0.706
1.292
1.167
1.411
1.418
1.779
1.189
1.224
1.336
1.386
1.149
1.150
1.433
2.191
1.518
1.567
1.557
1.058
1.273
1.185
0.970
1.395
1.263
1.828
1.844
0.906
1.092
1.425
1.735
1.033
0.765
0.735
0.992
1.321
1.453
1.180
0.843
1.042
1.268
1.943
1.204
0.611
0.817
1.124
0.970
1.093
1.026
1.036
1.191
1.189
0.644
0.868
0.913
0.984
1.031
1.173
1.059
0.843
1.557
1.482
1.049
1.081
1.000
0.936
1.107
0.961
1.261
1.480
1.239
0.973
0.847
0.830
0.523
1.072
1.283
1.087
1.015
1.336
1.481
1.280
1.062
1.080
0.853
1.082
1.041
0.718
1.608
2.459
2.384
2.186
1.580
0.969
1.226
1.235
1.444
0.894
1.883
2.225
1.437
1.141
1.666
1.747
1.584
0.939
1.090
1.154
0.792
0.890
1.741
1.699
1.724
0.998
0.673
1.091
1.310
1.711
1.821
1.166
0.871
0.934
0.893
0.729
1.370
1.551
0.975
1.990
1.881
0.975
0.839
0.947
1.203
1.091
1.164
1.509
1.107
1.472
1.255
1.379
1.528
1.542
1.294
1.170
1.338
1.213
1.259
1.002
1.119
1.038
1.115
1.174
1.422
1.393
1.508
1.587
1.350
1.213
1.598
1.564
0.800
1.114
1.338
1.655
1.161
0.735
1.022
1.265
1.247
1.273
1.174
1.187
1.061
1.364
1.192
2.298
1.865
1.210
1.714
1.676
1.352
1.077
1.500
1.754
2.443
1.494
1.186
0.860
0.765
1.044
1.404
1.604
1.258
1.322
0.887
1.122
1.575
1.133
1.133
0.683
1.531
1.471
1.485
1.666
0.719
0.907
1.261
1.249
1.240
1.016
1.297
1.042
1.394
1.693
1.614
0.779
2.058
1.338
1.449
2.484
2.460
1.015
1.216
1.060
1.089
1.435
1.560
1.291
1.280
1.485
1.059
1.560
1.161
1.367
1.240
1.551
1.475
1.312
1.219
1.223
1.082
1.664
1.183
1.199
1.630
1.850
1.322
1.480
1.934
1.467
1.723
1.077
1.215
1.679
1.830
1.480
1.015
1.437
1.787
1.110
1.655
2.265
2.469
2.009
1.295
1.510
1.347
1.216
0.921
0.646
1.736
1.740
1.832
1.228
1.235
1.984
1.300
1.473
1.588
1.307
1.382
1.459
1.116
1.526
1.390
1.107
1.276
0.989
1.018
0.823
1.355
1.605
0.876
1.057
1.572
1.751
1.643
1.262
1.121
1.006
1.111
1.011
1.264
1.285
1.218
1.578
1.447
1.604
0.778
1.015
1.137
1.198
1.117
1.416
1.635
1.304
1.359
1.397
1.362
1.199
1.551
1.724
1.681
1.216
1.150
0.830
1.073
1.647
1.436
1.300
1.605
1.763
1.199
1.106
1.584
1.771
1.140
1.355
1.391
1.335
1.310
1.380
1.562
2.150
2.341
1.236
1.817
1.098
1.457
1.058
1.599
1.551
1.634
1.792
2.070
1.506
0.922
1.268
1.237
1.387
1.394
1.817
2.109
1.765
1.244
1.395
1.127
1.226
1.237
0.968
0.580
1.405
1.322
1.242
0.691
1.492
1.046
1.141
1.599
0.889
1.205
0.920
1.142
1.409
1.026
0.801
0.961
1.196
1.157
0.559
0.965
1.553
1.343
1.469
1.429
1.813
1.591
1.347
1.127
1.108
1.515
1.901
1.336
1.306
0.777
1.391
1.398
1.088
1.061
1.444
1.222
1.123
1.263
0.910
1.116
0.893
1.119
1.275
1.229
1.069
1.162
1.282
1.168
1.610
1.155
0.886
0.909
1.065
0.804
0.755
1.046
1.173
1.470
1.159
1.187
1.731
0.843
1.112
0.830
0.991
0.912
1.060
0.935
0.965
0.689
2.325
1.620
1.291
1.228
2.160
1.661
1.339
0.767
1.291
1.327
1.118
0.707
1.459
1.346
1.157
1.109
0.849
1.206
1.328
1.546
1.129
1.230
1.412
1.563
1.602
1.258
1.252
1.594
2.284
1.522
0.865
0.753
1.164
1.252
0.998
1.313
1.147
1.092
0.895
1.025
1.477
1.372
0.985
0.692
0.830
1.238
1.468
1.341
1.438
1.087
1.053
1.172
1.287
1.406
1.434
1.085
1.888
1.290
1.501
0.779
1.171
1.299
1.509
1.599
1.291
1.157
0.927
1.347
1.498
1.430
1.101
2.649
2.397
1.513
1.752
1.570
1.354
1.185
0.887
1.342
1.542
1.553
1.553
2.239
2.499
0.988
1.361
1.680
1.181
1.325
2.060
1.758
1.096
1.005
1.073
1.211
1.193
1.202
1.440
1.278
1.586
1.024
1.147
1.280
2.369
3.085
2.005
1.544
0.860
1.048
1.418
1.511
0.548
1.025
1.005
0.902
1.066
1.104
1.419
1.554
1.086
2.043
1.289
1.763
1.725
2.116
2.598
1.917
1.231
2.658
1.092
1.232
1.325
1.124
1.176
1.470
1.265
1.611
1.727
2.661
2.294
1.565
0.835
1.289
1.682
1.739
1.395
1.162
1.223
1.760
1.954
2.229
1.662
2.988
2.447
1.079
1.527
1.206
0.823
1.167
1.600
1.613
1.332
1.094
1.147
1.186
2.163
0.736
1.052
1.406
1.798
1.202
1.047
1.317
1.428
1.092
2.439
1.585
1.587
1.662
1.547
1.890
1.568
1.489
1.205
1.840
2.127
1.334
1.769
1.727
1.255
1.144
1.451
1.369
1.147
1.206
1.276
1.435
1.101
1.320
1.050
1.186
1.868
1.362
1.270
1.549
1.510
0.965
0.959
1.105
1.506
1.643
1.805
1.601
1.047
1.606
1.838
1.502
1.675
0.886
1.290
1.584
1.834
2.317
2.807
1.602
1.567
1.718
1.347
1.111
1.409
1.077
1.410
1.013
1.505
1.553
1.160
1.887
1.807
1.331
1.254
1.518
1.455
1.151
0.992
1.234
1.407
0.976
1.377
1.691
1.829
1.229
1.198
1.136
0.917
1.546
1.551
1.891
2.166
2.087
1.674
1.376
1.216
0.632
0.926
0.685
1.320
1.163
1.071
1.295
0.768
0.655
0.909
1.169
1.177
1.017
0.732
0.773
1.193
1.374
1.250
0.745
1.056
1.057
1.259
1.650
1.383
1.435
1.662
1.296
1.352
1.180
0.855
1.068
1.044
0.640
1.150
0.928
1.094
1.308
1.439
0.834
1.752
2.134
1.710
0.979
1.306
1.728
1.263
1.136
1.667
1.377
1.139
1.114
1.416
1.752
1.868
1.381
1.072
1.400
1.607
1.655
1.253
1.382
1.502
1.339
0.898
1.059
0.921
1.101
0.702
1.223
1.232
0.824
0.856
1.218
1.164
1.102
1.335
1.221
1.036
0.898
1.021
0.994
0.755
0.734
1.044
1.179
1.064
0.859
1.009
0.961
1.245
1.423
1.051
1.507
2.625
1.950
0.851
1.066
1.063
1.011
1.127
1.242
0.989
1.523
1.715
1.343
0.941
1.350
2.076
2.549
2.213
1.394
1.240
1.206
1.749
2.237
2.302
2.145
1.854
1.860
1.812
1.443
0.891
0.754
0.939
1.428
1.706
1.757
1.469
1.965
2.138
1.681
1.196
0.567
0.968
1.147
1.239
1.199
0.872
0.759
1.141
1.203
1.188
0.922
0.961
0.978
1.319
1.453
1.050
1.174
1.747
0.773
0.832
0.879
1.293
0.908
1.006
1.102
1.304
1.176
1.061
0.867
0.942
1.439
0.968
1.183
1.130
0.751
0.989
0.623
1.679
1.643
1.302
1.239
1.069
1.022
1.621
1.665
1.166
1.296
1.536
0.942
1.054
1.552
1.499
1.691
1.065
1.065
0.959
1.290
1.604
1.510
1.560
1.595
1.422
1.465
1.405
1.111
2.110
1.868
1.419
0.890
0.837
1.214
0.965
1.171
1.242
0.932
1.185
1.273
1.176
1.439
1.836
1.840
1.516
1.606
1.249
1.549
1.892
1.201
1.528
1.448
1.440
1.316
1.295
1.672
1.494
1.776
1.543
1.229
1.644
1.569
1.556
1.118
2.581
2.513
1.434
1.170
1.224
1.182
1.853
1.122
1.347
1.045
1.651
1.679
0.803
1.055
1.185
1.608
1.857
1.325
1.324
1.267
1.328
1.270
1.176
1.495
1.419
1.428
1.287
1.095
1.355
1.454
1.647
1.704
0.888
1.143
1.504
1.558
1.329
1.218
1.318
1.381
2.031
1.734
1.112
1.351
1.222
1.149
0.908
1.853
1.472
1.716
1.904
1.655
1.108
1.893
1.616
1.268
2.211
1.370
2.054
1.198
1.441
1.771
1.544
1.454
1.367
1.218
1.368
1.004
1.684
1.300
1.245
1.238
0.779
1.372
1.296
1.187
0.861
1.429
1.231
1.493
1.126
0.789
0.900
1.305
1.602
1.863
1.523
0.969
1.512
1.544
1.724
1.769
1.259
0.848
1.676
1.738
1.164
1.536
0.897
1.374
1.811
2.302
2.240
1.226
1.566
1.418
1.394
1.040
1.556
1.812
1.521
2.262
1.347
0.902
0.958
1.014
1.281
1.164
0.888
1.404
1.584
1.464
2.178
2.006
2.197
1.465
0.903
1.283
1.499
1.942
1.517
1.921
1.489
1.335
0.864
1.422
1.420
1.518
1.417
0.704
1.123
1.668
2.075
1.751
1.696
1.553
1.643
1.575
1.426
1.711
1.808
1.610
1.472
2.339
2.133
2.216
1.920
1.112
1.033
0.856
0.960
1.212
1.292
2.194
1.588
1.597
1.859
1.333
0.912
0.985
1.301
0.927
0.620
0.980
1.227
0.930
1.795
1.560
1.534
1.117
1.012
1.171
0.996
0.697
0.652
1.040
1.382
1.470
1.219
0.879
1.786
1.697
1.297
0.869
0.734
1.643
1.591
1.313
0.966
1.202
0.740
1.366
1.348
0.964
0.857
0.855
0.926
1.049
0.780
1.237
1.105
1.257
0.971
0.804
1.294
1.064
0.793
0.791
1.589
1.570
1.581
1.132
1.437
0.737
0.880
0.755
1.167
0.774
1.059
1.127
1.102
1.179
1.353
1.292
1.509
1.932
1.969
1.677
1.102
1.215
0.980
0.898
0.905
0.906
1.065
0.982
1.106
3.354
2.068
1.441
1.390
0.830
0.944
1.193
1.411
1.134
0.720
1.133
1.127
1.188
1.758
1.713
2.333
1.481
1.002
0.896
0.998
2.217
2.254
1.422
0.919
0.885
1.451
2.075
0.952
1.131
1.285
1.122
1.204
0.739
0.933
1.217
1.452
1.165
1.563
1.187
0.829
1.185
0.861
1.207
1.073
1.218
1.425
0.926
1.674
0.948
1.006
1.545
1.721
1.445
1.139
0.962
0.924
1.448
1.475
1.566
1.764
1.355
0.985
0.556
1.611
1.374
1.143
1.702
1.134
1.695
1.934
1.059
1.533
1.217
1.371
1.628
1.545
2.015
1.678
2.882
1.678
2.148
2.142
1.275
1.193
0.835
1.129
1.090
1.381
1.559
1.187
0.955
1.271
0.964
0.958
0.927
1.164
1.188
1.381
1.142
1.150
2.238
1.963
1.894
2.268
1.659
1.107
1.395
1.618
1.371
1.616
1.579
1.389
1.380
2.087
1.855
1.425
0.974
1.420
1.624
1.013
0.987
1.291
1.093
1.474
1.964
1.577
1.685
1.490
1.503
1.255
0.971
1.200
1.391
1.481
1.243
1.627
1.499
1.347
1.682
2.194
0.908
1.307
1.532
0.931
1.541
1.369
1.685
1.224
1.806
1.664
1.443
1.088
1.337
1.286
1.627
1.546
1.270
1.207
0.996
1.044
1.332
1.055
1.226
0.814
0.992
1.203
1.276
0.931
1.301
0.874
1.825
0.933
1.226
0.957
1.718
1.858
2.264
1.335
1.290
1.367
1.212
1.113
1.465
1.199
2.168
2.018
1.760
1.678
1.308
1.281
1.530
1.867
1.115
1.189
1.469
1.086
1.137
0.961
1.717
1.865
1.865
1.141
1.681
1.522
1.578
1.230
1.617
1.200
1.222
1.647
1.302
1.795
2.371
2.235
1.489
1.938
1.256
0.658
0.981
1.249
0.981
1.222
0.840
0.791
0.710
1.024
1.102
0.895
1.150
1.160
1.052
1.235
1.384
1.274
1.502
2.017
1.877
1.254
1.433
1.249
1.409
1.092
0.791
1.605
1.634
1.401
1.595
1.124
0.936
0.901
0.908
1.306
1.209
1.535
1.807
1.743
1.504
1.694
1.810
1.613
1.235
1.580
1.946
1.829
1.443
1.139
1.316
1.403
1.077
1.060
1.481
1.339
0.850
1.056
1.598
1.248
1.304
1.394
1.095
1.533
1.319
1.164
1.718
1.173
1.083
0.689
1.717
1.764
1.246
1.568
1.458
1.722
1.481
1.585
1.284
1.694
2.069
1.696
1.366
1.077
0.962
0.759
0.967
0.993
0.924
1.085
1.207
0.894
1.034
1.073
1.471
1.502
1.189
1.025
1.070
1.226
0.892
0.647
1.170
0.650
0.957
1.208
1.080
1.119
1.165
1.037
0.826
1.050
1.092
1.335
1.782
1.126
1.540
1.117
1.322
1.010
0.739
1.010
0.793
1.187
1.377
1.265
1.522
1.423
1.614
1.144
1.277
1.132
0.604
1.015
0.634
0.864
0.686
0.661
1.503
2.037
1.969
1.529
1.539
2.376
2.713
1.960
1.344
1.113
1.070
1.174
1.053
0.859
0.713
1.955
1.721
1.435
1.139
1.083
0.951
1.275
1.349
1.249
1.410
0.961
1.210
1.158
1.175
0.879
1.074
1.246
1.184
1.806
1.770
1.655
1.422
0.880
0.838
0.963
1.179
0.987
1.485
1.635
0.866
1.156
0.928
0.931
1.237
1.125
1.964
1.101
1.049
1.379
1.420
0.852
1.548
1.959
1.968
1.430
0.826
1.095
1.847
1.375
0.764
0.917
1.005
1.305
1.306
1.023
1.623
1.435
1.116
1.118
1.219
1.171
0.917
0.981
1.085
1.449
1.317
1.065
1.445
1.059
1.412
1.625
1.677
1.320
0.923
0.895
0.724
0.985
0.736
1.169
1.628
1.614
1.489
1.653
1.347
1.134
1.246
1.053
1.547
1.185
1.043
1.195
1.592
1.630
0.924
1.221
1.478
1.839
1.402
1.121
1.173
0.898
1.162
1.052
2.010
1.437
1.325
0.831
1.823
1.441
1.938
1.951
1.602
0.929
1.461
1.792
1.014
0.897
0.929
2.053
1.540
1.083
1.453
1.669
1.104
1.275
1.627
1.623
1.957
1.811
1.385
1.641
1.199
1.838
1.425
1.205
1.398
0.810
1.598
1.277
1.661
1.207
1.364
1.534
2.407
1.922
1.496
1.799
2.167
2.471
2.848
1.622
1.240
1.805
1.336
1.092
1.045
1.251
0.793
1.552
1.289
1.382
1.283
1.531
1.536
1.269
1.498
1.259
0.796
1.012
1.124
1.390
1.387
1.002
0.913
0.626
0.887
1.242
1.923
2.174
1.968
2.209
1.710
1.588
1.106
1.007
1.456
1.458
1.749
1.235
1.857
1.574
1.757
1.525
1.986
1.758
1.110
1.056
1.434
1.200
1.272
1.487
1.432
1.706
1.626
0.744
1.341
1.016
0.937
0.992
1.233
1.020
0.953
1.329
1.293
1.125
1.131
0.876
1.598
1.340
0.806
0.979
1.461
1.597
1.627
1.377
1.738
2.009
2.002
1.427
1.159
1.647
1.027
0.827
0.826
1.134
1.230
1.569
1.944
1.173
0.685
1.453
1.317
0.991
1.849
1.365
1.116
1.178
1.121
1.268
1.774
1.803
1.723
1.562
1.498
1.008
1.309
1.092
1.291
1.475
0.974
1.345
1.137
0.752
1.294
1.361
1.307
1.488
1.208
1.082
1.453
1.860
1.303
1.527
1.360
1.273
0.872
1.088
1.423
1.844
1.305
1.282
1.379
1.541
1.613
1.219
1.231
1.316
1.364
1.102
1.015
1.139
1.254
0.858
0.808
0.806
0.876
0.834
0.793
0.889
0.897
1.160
1.105
1.082
0.891
1.087
0.739
1.057
1.155
1.597
0.975
1.708
0.909
1.399
1.013
1.309
1.326
1.143
1.084
1.339
1.359
0.925
1.831
1.957
1.421
1.273
1.561
0.894
1.490
1.381
0.875
1.134
0.965
1.198
1.785
1.080
0.868
0.949
1.088
1.849
1.637
1.052
1.259
1.279
1.281
1.035
0.880
1.286
1.178
0.777
1.223
1.351
1.248
0.963
1.027
1.301
0.975
1.299
1.400
0.804
0.712
0.894
0.909
1.134
1.167
1.043
0.978
1.013
0.987
0.715
1.647
0.877
0.816
1.270
1.294
1.022
0.900
0.942
0.820
1.218
1.216
1.322
0.959
0.752
0.937
0.828
1.716
2.238
2.206
1.035
0.920
1.633
1.654
0.841
0.803
1.202
1.142
2.480
1.577
1.215
1.599
0.956
1.066
0.756
1.298
1.195
1.134
0.966
1.226
1.125
1.665
1.484
1.304
1.036
1.450
1.019
1.444
1.269
0.942
0.800
1.052
1.045
1.058
1.007
1.052
1.785
1.438
1.485
1.017
1.279
1.052
0.671
1.002
1.383
0.890
1.286
1.730
1.718
1.589
1.888
1.613
0.751
1.089
1.188
0.847
1.150
1.178
1.103
1.181
1.140
1.284
1.465
1.385
1.164
1.034
1.013
2.592
2.015
1.097
0.872
1.075
1.457
1.920
1.535
1.488
1.911
1.672
1.914
1.341
1.197
1.083
1.456
1.445
1.019
1.054
1.083
1.564
1.762
1.429
1.142
1.147
1.345
1.462
1.895
1.978
1.803
1.894
1.821
2.146
1.341
1.362
1.082
1.658
0.968
1.295
1.491
1.134
1.135
1.196
1.729
1.115
1.931
1.371
1.656
1.590
2.199
1.562
1.777
1.138
0.843
0.921
1.243
1.908
1.097
1.069
1.318
1.159
1.588
2.109
1.787
1.438
1.242
1.539
1.098
0.929
1.170
1.614
1.354
1.184
1.435
1.023
1.400
1.528
1.997
1.548
0.765
0.947
1.230
1.124
1.638
1.737
1.880
1.521
1.698
1.636
1.462
1.057
1.030
0.884
1.496
1.363
1.235
1.592
1.602
1.114
1.064
1.035
1.505
1.699
1.261
1.231
1.286
1.930
1.587
1.231
0.939
0.589
1.348
1.720
1.491
1.735
1.794
1.427
1.606
1.485
0.885
1.127
1.059
1.550
1.476
1.271
0.970
1.029
1.054
1.239
0.988
0.987
1.687
1.481
1.348
0.764
0.999
0.986
1.349
0.944
1.408
1.698
2.129
1.966
1.913
1.737
1.572
1.781
1.426
1.346
1.571
1.763
2.041
1.582
1.257
1.516
1.694
1.714
1.404
1.590
1.068
1.421
1.422
1.233
1.261
0.760
0.807
0.856
0.641
1.393
0.824
0.898
0.730
1.439
1.523
1.614
1.336
1.097
1.540
1.390
0.835
1.134
1.493
1.672
1.584
1.635
1.235
0.891
1.330
1.044
1.151
1.299
0.890
1.030
1.081
1.040
1.219
1.108
1.289
0.970
1.160
1.171
1.068
1.464
1.269
1.013
1.438
0.904
0.924
1.237
1.183
1.204
1.163
1.117
0.789
1.251
1.337
1.558
0.947
0.857
0.894
1.030
0.824
0.950
1.576
1.773
1.788
0.821
1.338
1.055
1.076
1.115
1.049
1.277
1.096
1.244
1.321
0.813
1.007
1.727
2.116
1.735
1.898
1.942
1.740
1.250
1.325
1.123
1.063
1.334
1.461
0.944
0.814
0.969
1.292
1.232
1.117
1.100
1.103
0.962
0.811
0.649
0.875
0.665
1.886
1.443
1.060
1.310
1.094
1.424
0.958
0.819
0.866
2.498
2.600
2.215
1.986
1.444
0.976
1.296
1.120
1.270
0.950
1.449
1.317
1.286
1.004
0.990
1.174
0.914
1.419
1.471
1.449
1.092
1.117
2.183
1.792
1.043
0.963
0.800
1.673
1.227
0.819
0.892
1.442
1.414
1.308
1.029
1.061
1.351
1.483
1.288
1.231
1.436
1.439
1.416
1.204
1.026
1.042
1.227
1.051
0.892
0.960
1.135
1.646
0.804
1.042
0.750
0.959
1.289
1.561
1.465
0.982
0.937
1.066
1.505
1.184
1.545
1.019
1.906
1.827
2.783
2.386
1.697
0.810
1.527
1.733
1.289
1.256
0.938
1.191
1.169
1.659
0.914
0.952
1.607
1.735
0.837
1.342
2.093
2.507
2.370
1.563
0.640
0.823
1.150
1.372
1.257
1.493
1.168
1.975
1.779
1.037
1.009
1.314
0.935
1.813
1.620
0.968
1.337
1.489
1.556
0.872
1.572
1.614
1.386
1.268
0.931
1.009
0.919
1.169
0.913
2.601
1.914
1.770
1.770
1.061
1.015
1.578
1.330
1.579
1.181
1.449
1.243
0.989
1.065
1.230
1.340
1.494
1.573
1.245
1.004
1.663
1.678
1.887
2.278
1.558
1.320
1.662
1.446
2.470
1.298
0.961
1.464
1.576
1.547
1.814
1.742
1.389
1.107
1.411
1.531
1.146
1.149
1.238
1.498
0.875
1.041
1.792
1.541
1.812
1.327
1.116
1.561
1.059
1.897
1.553
1.217
0.996
2.391
1.888
1.161
1.664
1.359
1.200
1.097
1.451
0.968
1.407
1.394
0.955
1.241
1.567
1.283
0.984
1.615
1.194
2.274
1.315
1.386
1.296
1.762
1.228
1.448
0.847
1.354
1.687
1.535
1.239
0.761
1.152
1.582
1.489
1.227
1.662
1.892
1.660
1.570
1.764
1.694
2.046
1.888
2.610
1.228
0.918
1.538
1.928
1.317
1.175
1.010
1.325
1.342
1.531
0.947
1.466
1.398
1.305
1.757
2.312
1.549
1.886
1.088
1.616
1.591
1.481
1.608
1.544
1.452
1.148
1.527
2.227
2.387
2.035
1.909
2.150
2.188
1.827
1.785
2.081
2.596
1.331
0.808
1.138
1.078
1.033
1.546
1.272
1.091
1.292
1.261
1.529
1.211
1.387
1.905
2.155
1.498
1.107
1.632
1.509
1.577
1.066
1.284
1.161
1.578
1.182
1.224
1.175
1.265
1.856
1.153
1.234
1.011
1.222
1.830
1.274
0.950
0.834
1.493
0.851
1.438
1.062
1.076
0.950
1.208
1.007
0.814
1.237
1.031
1.911
1.360
1.130
1.680
1.473
1.204
1.080
1.470
1.946
1.109
1.811
1.144
0.993
0.876
0.948
0.773
1.207
1.333
1.904
1.369
0.638
0.884
1.255
1.145
1.338
1.493
1.038
1.352
1.079
1.345
2.833
1.352
1.229
1.238
1.354
1.094
0.865
1.101
1.235
1.356
1.216
0.931
0.985
1.157
1.031
0.535
0.882
1.385
1.290
0.916
0.734
0.583
1.313
2.740
1.892
1.537
1.093
0.966
1.383
1.117
1.091
1.069
1.213
1.396
1.064
1.017
2.003
1.890
1.369
1.204
1.469
0.900
0.905
0.648
0.822
0.871
1.057
1.289
1.869
1.723
1.543
1.326
1.156
1.407
0.774
0.845
0.824
1.506
1.217
1.451
1.643
1.681
1.005
1.293
0.738
1.224
1.363
1.205
1.461
1.325
1.314
1.770
1.787
1.528
0.990
0.978
0.729
1.005
2.197
1.946
0.997
0.811
0.825
0.897
1.456
1.763
1.969
1.073
1.008
1.350
1.415
1.204
1.294
1.127
1.353
1.395
1.981
1.979
1.692
1.718
1.378
1.283
1.438
0.895
1.763
1.525
1.298
1.028
1.117
1.315
1.573
1.885
1.558
1.625
1.747
1.414
1.233
2.404
1.016
1.247
1.385
1.245
0.879
1.264
1.243
1.457
1.308
1.321
1.170
1.638
1.507
1.888
1.971
1.529
2.558
2.004
2.065
1.438
0.777
1.239
1.489
1.734
1.767
1.529
1.332
2.170
1.427
1.427
1.748
1.617
1.187
1.273
1.431
1.174
1.097
1.569
1.836
1.268
1.481
1.140
1.029
1.019
1.327
1.211
0.902
1.539
1.088
1.056
1.674
1.866
1.008
1.706
1.271
1.270
1.011
1.388
1.453
1.025
1.406
1.084
1.193
1.058
1.245
1.639
1.945
1.875
2.136
1.839
1.433
2.040
1.077
1.276
0.836
0.855
1.568
1.322
0.911
1.516
0.821
1.093
1.110
1.588
1.065
1.161
1.454
1.802
1.479
1.261
1.196
1.137
1.173
0.908
0.874
1.405
1.953
1.807
1.386
1.154
1.259
1.713
1.036
1.124
1.135
1.712
1.076
1.178
1.591
1.036
1.290
1.810
1.715
1.387
1.160
1.153
1.463
1.191
1.559
1.758
0.879
1.700
1.541
1.292
0.971
1.510
1.299
1.339
1.568
1.632
1.636
1.305
1.292
1.203
1.229
1.408
1.255
0.962
1.067
1.859
1.391
1.729
1.311
1.737
0.841
1.049
1.110
1.708
2.261
1.550
1.642
1.157
1.251
1.251
1.205
1.274
0.986
1.789
2.262
2.094
1.745
1.205
1.094
1.636
1.840
1.510
1.479
1.244
1.365
0.996
1.728
1.709
1.721
1.279
0.963
1.174
1.087
1.411
1.972
1.943
2.000
1.386
1.427
1.199
0.968
1.113
1.058
1.729
1.642
1.215
1.505
1.128
1.091
1.026
1.045
0.641
0.674
0.993
1.091
1.456
1.972
1.892
1.484
2.041
2.158
1.563
1.540
1.947
1.710
1.262
0.906
1.211
0.578
1.139
1.218
1.390
1.736
2.059
1.277
1.206
1.231
1.591
0.886
1.130
1.431
1.293
1.219
1.219
1.186
1.031
1.396
1.459
0.871
0.871
0.912
1.055
2.450
1.385
1.549
1.705
1.094
1.145
0.752
0.955
0.958
0.976
1.181
1.065
1.037
1.031
1.254
1.162
0.915
1.293
1.004
0.857
1.387
1.230
1.084
1.150
0.709
1.529
1.105
1.140
1.471
1.607
1.584
1.572
1.075
2.336
1.749
1.463
1.159
1.278
1.330
1.510
1.377
1.361
1.054
1.352
1.576
1.631
1.503
1.754
1.239
1.160
1.168
0.994
0.715
0.759
0.699
0.872
1.198
1.144
0.961
0.992
1.258
0.936
0.695
1.004
1.167
1.108
1.174
1.523
1.874
1.446
1.005
1.979
1.667
1.559
0.694
0.956
0.731
0.841
0.907
1.138
1.338
1.609
1.674
2.077
1.966
1.841
1.026
1.221
1.178
1.023
1.331
1.065
1.367
1.436
1.279
1.345
1.415
0.851
1.275
1.588
1.349
1.130
2.122
0.988
0.952
1.061
1.450
1.197
1.058
1.285
2.064
2.924
2.506
1.594
0.985
1.130
1.218
1.044
1.537
1.247
1.473
1.207
1.126
1.446
1.210
1.574
1.101
1.225
1.426
0.873
1.564
1.247
0.711
1.016
1.332
1.127
1.328
1.522
1.031
0.980
1.555
1.685
1.632
1.653
1.056
0.995
1.059
1.104
1.429
1.195
1.944
2.160
2.309
2.267
1.599
1.023
1.068
1.188
1.269
1.608
1.086
1.088
1.527
1.855
1.474
0.776
1.360
1.334
1.290
1.481
1.225
1.379
1.615
1.589
2.116
2.145
1.844
1.726
1.624
1.342
1.325
1.293
2.176
1.719
0.968
1.286
2.060
2.161
2.075
1.613
1.636
1.193
1.103
1.106
1.354
1.461
1.474
2.114
1.638
1.712
1.321
1.321
1.518
0.942
0.930
0.985
1.144
1.073
1.636
1.515
1.105
1.351
1.102
1.161
1.066
0.997
1.488
1.444
1.923
1.623
1.497
1.515
1.755
1.579
2.015
2.273
2.407
1.737
1.757
1.631
1.111
1.257
1.348
0.857
1.154
1.277
1.149
1.225
1.195
1.682
2.142
1.251
0.887
1.342
2.149
2.161
2.345
1.789
0.967
1.313
1.110
1.655
0.885
1.605
1.601
1.386
1.167
1.840
1.750
1.887
2.199
1.533
1.494
1.363
1.042
1.367
1.942
1.948
1.528
1.032
1.061
1.327
1.772
1.295
0.964
1.285
1.383
1.368
1.849
1.587
1.326
1.426
0.812
0.967
1.152
1.720
1.779
1.540
1.441
1.059
1.149
1.353
1.339
1.036
0.957
1.572
1.276
1.462
1.280
1.883
1.261
1.092
1.501
2.191
1.782
0.875
1.112
1.254
1.312
1.310
1.746
2.234
1.387
2.031
0.899
0.963
0.787
1.453
1.046
1.423
1.242
1.448
1.855
1.357
1.098
1.225
1.437
1.339
0.995
1.075
1.034
1.156
1.328
1.675
1.475
1.237
1.078
1.238
1.017
1.165
0.748
0.854
1.081
1.506
1.525
1.069
1.168
1.491
1.376
1.496
1.761
1.306
0.954
0.958
1.835
1.202
0.853
1.132
1.115
0.934
1.187
1.133
1.084
0.780
2.034
1.596
1.382
0.997
1.520
1.495
1.407
1.294
1.283
1.594
1.836
1.324
1.369
0.932
1.153
1.565
1.374
0.853
1.362
1.552
1.679
1.889
1.927
1.682
1.545
1.559
1.734
1.800
1.580
1.298
1.033
0.841
0.879
0.891
1.114
0.947
1.111
1.299
1.072
0.836
1.895
1.808
1.544
0.871
1.040
1.302
0.974
0.919
1.098
1.086
0.830
1.927
1.533
1.040
1.339
0.719
0.887
1.242
0.790
1.625
1.049
1.317
1.276
1.553
1.001
1.083
1.190
1.387
1.066
1.586
1.217
0.942
1.320
1.076
1.124
0.658
0.909
1.020
1.170
0.781
0.912
1.336
1.241
1.177
0.967
0.978
1.331
1.595
1.255
1.265
1.200
1.196
1.284
1.476
1.494
1.253
0.896
1.281
0.935
1.229
0.868
0.887
0.962
1.245
1.388
0.748
0.735
0.717
0.937
1.033
1.308
1.397
1.240
1.473
1.631
1.723
1.805
1.397
2.132
2.550
2.176
1.428
0.838
0.942
1.014
0.960
1.154
1.372
1.424
1.410
1.451
1.063
0.730
1.267
1.884
1.617
2.115
1.875
1.135
1.492
2.500
2.606
1.338
1.556
1.317
0.896
1.246
1.433
1.962
1.218
0.736
1.461
1.936
2.706
2.157
1.488
1.047
1.420
1.514
1.604
1.421
1.777
1.314
1.155
1.345
0.957
1.305
1.640
1.114
1.665
1.283
1.062
1.014
1.725
1.838
1.449
1.331
1.717
1.980
1.871
1.372
1.901
1.904
1.192
1.559
1.329
1.375
1.236
1.388
1.098
1.067
1.228
1.565
1.421
0.911
1.107
1.197
1.600
1.566
1.016
0.896
1.018
0.891
1.233
1.259
1.621
1.486
1.638
1.764
1.502
1.871
1.040
1.638
1.569
1.025
1.130
1.144
1.122
1.314
1.058
0.773
1.295
1.896
1.702
1.814
1.415
0.988
1.359
1.747
1.787
1.572
1.579
1.316
1.136
1.190
0.898
1.055
1.029
1.476
1.452
1.602
1.043
1.534
2.031
2.030
1.828
2.141
1.643
1.472
0.890
1.308
1.061
0.940
1.733
1.735
1.919
2.029
1.845
1.507
1.854
1.636
1.874
1.748
1.567
1.883
2.078
1.802
1.127
0.810
1.256
1.295
1.005
1.054
0.946
1.371
1.775
1.950
1.961
2.266
2.818
2.001
2.446
1.904
0.854
1.218
1.146
1.160
1.278
1.337
1.912
1.459
1.298
1.630
0.805
0.973
0.847
0.850
0.845
1.494
2.225
2.270
1.846
1.403
1.794
2.018
1.182
1.154
1.264
0.825
0.953
0.865
0.813
1.331
1.791
1.342
0.957
1.267
0.960
1.262
1.402
1.245
1.265
1.632
1.877
0.913
1.091
1.217
0.873
1.213
1.692
1.783
1.556
0.924
1.323
1.763
1.826
1.076
1.346
1.284
1.297
1.747
1.394
1.064
1.213
0.929
1.127
1.096
1.298
1.686
1.475
0.952
1.135
1.245
1.435
1.199
1.134
0.588
1.229
1.305
1.089
1.060
1.592
1.265
0.998
0.790
0.809
1.362
2.181
1.507
0.830
0.831
0.996
0.881
0.829
0.797
0.988
1.521
1.759
1.555
1.819
1.919
1.716
1.515
2.087
1.887
0.891
1.126
1.072
1.132
0.916
0.718
0.831
1.287
1.715
1.654
1.285
0.894
0.681
0.837
1.112
1.628
1.449
1.165
1.205
1.470
0.798
0.829
1.502
1.300
1.410
1.121
0.757
0.994
1.268
1.027
0.851
0.785
0.949
0.817
1.208
1.611
1.559
1.223
2.197
0.562
1.415
1.435
1.298
0.799
1.258
1.302
1.051
1.009
0.955
1.589
1.699
1.755
1.969
1.658
1.022
0.880
0.989
1.337
1.224
1.092
1.245
1.253
1.582
1.648
1.836
1.519
0.995
1.099
1.165
1.087
1.286
1.739
1.430
1.750
2.027
1.223
0.957
1.540
1.438
1.240
1.615
1.125
1.357
1.622
1.243
1.684
1.398
0.604
0.800
0.939
1.158
1.231
1.183
0.969
1.831
1.165
1.203
1.692
1.647
1.239
1.754
0.875
1.543
1.283
0.841
0.909
1.077
