19790101
1.587
1.337
1.413
1.150
1.352
1.284
0.927
1.024
1.003
1.163
1.684
1.850
1.700
1.730
1.867
1.753
1.306
1.079
0.724
1.457
0.692
1.150
1.680
1.626
1.389
1.246
1.578
1.438
1.028
0.958
1.155
0.790
1.215
1.207
1.371
1.208
1.536
1.281
1.307
1.482
1.418
1.510
1.616
1.412
1.361
1.645
1.925
1.324
1.057
0.921
1.277
0.954
1.758
1.082
1.019
0.854
1.136
2.087
0.851
0.995
1.393
1.348
1.104
0.893
1.118
1.221
0.982
0.995
1.139
1.188
1.059
0.969
0.848
0.675
0.765
1.153
0.946
1.982
1.466
1.118
0.877
1.024
1.060
1.612
1.063
1.006
1.283
0.930
0.672
0.788
0.951
1.177
1.222
1.194
0.738
2.385
2.315
1.707
1.093
0.926
0.658
0.775
0.757
1.024
1.144
0.699
0.837
0.609
0.945
0.896
0.842
1.414
1.654
1.933
1.950
1.923
1.625
0.990
1.536
1.227
1.156
1.301
1.273
1.021
0.963
1.041
0.602
0.637
0.877
0.885
0.954
0.766
0.939
0.765
0.773
0.943
0.656
0.984
0.579
0.640
0.640
1.119
0.979
1.818
1.082
0.995
1.526
1.153
1.505
2.154
2.449
1.468
0.820
0.764
1.016
0.840
1.380
1.353
2.006
1.750
1.308
0.990
1.029
1.183
2.186
2.137
1.474
1.242
0.832
0.987
0.646
0.628
0.901
1.159
1.035
1.888
1.707
1.525
1.154
0.590
0.989
1.465
1.309
1.426
0.742
1.133
0.899
0.843
1.194
2.013
1.919
1.552
0.981
1.257
1.275
1.042
2.052
1.753
1.150
1.351
2.520
1.126
1.490
1.334
1.487
1.338
1.030
1.167
0.904
0.855
1.028
1.114
1.121
1.237
1.129
1.203
0.804
1.329
1.424
1.405
1.162
1.017
1.053
0.951
1.247
1.122
1.383
1.523
1.311
1.293
0.880
0.924
0.885
0.922
1.055
1.338
1.895
1.317
1.150
1.067
1.325
1.543
1.606
1.760
1.953
1.185
1.330
2.702
1.565
1.110
1.288
1.550
1.548
1.714
1.246
1.506
1.853
1.970
1.401
1.271
2.604
2.312
1.205
1.140
1.960
1.684
1.705
1.494
1.193
1.482
1.891
1.475
1.403
1.103
1.193
1.458
1.771
1.133
1.136
1.606
1.053
1.471
1.196
1.192
1.288
1.933
1.392
1.498
2.837
1.841
1.715
1.574
1.425
1.383
1.347
1.361
1.212
1.994
1.640
1.322
1.301
1.714
1.416
1.626
1.280
1.339
1.156
1.134
1.070
1.421
1.511
0.897
1.646
2.089
1.419
2.329
1.763
1.157
1.190
1.004
1.812
2.037
1.363
1.023
0.878
0.963
1.284
1.179
1.268
2.430
1.647
1.351
1.534
1.240
1.496
1.547
1.515
1.777
1.802
1.558
1.389
1.145
1.999
1.306
1.779
2.029
1.996
1.513
0.739
1.634
1.037
1.481
1.268
1.030
1.439
1.485
0.984
0.907
1.189
1.569
1.407
1.135
1.955
1.979
1.900
1.954
1.166
1.464
1.580
1.288
1.420
1.620
1.503
1.446
1.495
1.707
1.370
1.147
0.796
1.148
1.323
1.176
1.309
1.045
1.348
0.878
1.174
1.597
1.836
1.437
1.566
1.787
1.676
1.550
1.625
1.229
1.253
0.847
1.124
1.605
1.727
1.401
1.562
0.761
1.407
1.740
1.172
1.596
1.516
1.383
1.789
0.955
1.114
2.698
2.001
1.316
1.430
0.882
1.305
1.008
1.267
0.992
1.080
1.355
1.417
1.373
1.637
1.042
1.143
1.433
1.226
1.278
1.321
0.889
0.889
0.645
0.633
0.836
0.716
1.026
0.910
0.880
0.770
0.929
0.699
1.273
0.501
0.760
0.957
1.061
0.700
0.897
0.994
1.002
0.684
0.949
1.350
1.801
1.607
1.330
1.053
1.099
1.102
1.584
1.607
1.684
1.600
1.280
1.213
1.246
1.421
1.416
0.965
1.283
1.259
1.323
1.193
0.955
1.071
1.319
0.958
0.886
0.632
0.772
1.178
1.436
0.982
2.449
2.345
1.573
0.781
0.718
1.016
0.839
0.917
0.926
0.979
0.959
0.728
0.723
0.745
0.978
1.015
0.726
1.104
1.212
0.973
0.956
0.893
0.907
1.396
1.067
0.941
1.285
1.284
1.142
0.738
0.515
0.755
1.308
1.895
1.013
0.614
0.716
0.921
0.706
1.029
0.927
1.105
1.335
1.723
1.336
0.906
1.014
1.017
1.194
1.982
2.003
1.225
0.981
1.734
1.558
1.308
1.288
0.713
1.176
1.371
1.197
2.131
2.482
1.679
1.022
1.182
1.330
1.219
1.278
0.838
1.292
0.810
1.125
1.462
1.271
0.935
1.182
1.053
1.357
1.329
1.030
1.173
1.359
1.148
1.534
1.782
1.651
1.112
1.344
0.838
2.654
1.641
0.898
1.067
1.139
0.904
1.371
0.863
0.958
1.155
1.360
1.509
1.662
1.367
1.466
1.525
1.155
1.389
1.467
1.071
1.069
1.479
1.183
1.296
1.535
1.408
1.482
2.970
1.777
1.084
1.279
1.212
1.327
1.011
1.079
1.526
2.068
1.756
1.130
1.684
1.305
1.464
1.665
1.488
1.103
1.977
1.599
3.082
1.460
1.502
1.493
0.994
1.155
2.652
1.957
1.763
1.414
1.443
1.624
1.097
1.711
1.532
1.500
0.917
1.399
0.851
2.429
1.842
1.178
1.658
0.861
1.189
1.518
1.086
1.269
0.957
1.198
0.974
1.100
1.133
0.929
1.254
1.109
1.286
1.219
1.376
0.973
0.880
1.355
1.479
1.556
1.871
1.983
1.715
1.280
1.360
1.279
1.712
1.995
2.039
2.230
1.390
2.095
1.870
1.160
1.848
1.231
1.696
1.454
0.763
1.134
1.399
1.890
2.080
1.507
1.146
0.728
0.806
1.207
1.166
1.772
1.801
1.350
0.911
1.103
0.814
1.455
1.681
1.204
1.151
1.000
0.978
1.580
1.770
1.664
1.444
0.993
1.042
1.222
1.642
2.189
1.838
1.541
2.075
1.500
1.526
0.924
1.056
1.324
1.042
1.610
1.466
1.704
2.143
1.581
1.517
1.479
1.018
0.922
0.927
1.067
1.082
0.984
1.650
1.649
1.525
1.225
1.323
0.922
1.219
1.228
1.043
1.165
1.297
1.236
1.585
1.741
1.427
1.217
1.332
1.506
1.091
0.724
1.255
1.168
1.633
1.101
1.139
0.625
0.630
1.112
0.705
0.637
0.953
1.325
1.213
1.298
1.113
1.074
0.884
1.657
1.415
0.953
0.876
0.493
0.880
0.938
1.259
0.895
0.972
0.897
0.821
0.656
0.763
0.768
0.706
0.932
0.900
0.733
0.771
0.796
0.740
1.319
1.319
1.714
1.304
1.885
1.625
1.269
0.652
1.172
1.116
0.989
1.363
1.399
1.259
1.198
1.521
1.755
1.040
1.058
1.185
1.039
0.892
0.803
0.864
1.172
1.325
1.286
1.240
1.203
1.434
1.474
0.797
0.809
0.892
0.732
0.702
1.315
1.698
1.578
1.451
1.408
1.117
1.213
1.046
1.565
1.160
0.765
0.937
1.008
1.069
1.435
1.574
1.427
0.955
1.123
0.769
0.867
0.964
1.093
0.761
1.012
1.048
0.744
0.763
0.925
0.830
0.473
0.647
0.650
0.932
0.725
1.358
1.655
1.093
0.893
0.670
1.003
1.301
1.497
1.504
1.607
1.151
0.825
1.262
1.425
0.970
0.763
0.934
0.825
1.630
2.092
0.853
1.069
1.058
0.888
1.181
1.703
1.056
0.473
1.562
1.853
0.912
0.718
1.227
1.072
0.749
1.040
0.734
1.000
0.643
0.561
1.088
1.327
1.328
0.669
1.878
2.147
1.990
1.558
1.651
1.004
1.098
1.043
0.954
0.837
0.920
1.379
1.269
1.375
1.866
2.895
3.164
2.290
1.037
0.784
2.275
3.005
1.759
1.106
0.969
1.295
1.304
1.416
0.935
0.943
1.293
1.158
1.190
1.411
1.216
1.584
0.990
2.085
2.183
1.481
1.132
1.485
1.098
1.436
1.678
1.241
2.669
2.592
2.000
1.017
0.764
1.131
1.244
1.100
0.776
1.188
1.855
1.376
1.490
2.439
2.161
1.250
1.204
1.086
1.575
1.360
1.267
1.375
1.771
1.399
1.135
1.619
1.652
1.726
2.531
1.948
1.333
1.546
1.711
1.781
1.118
1.367
1.451
1.466
1.567
1.448
1.484
1.714
1.153
2.680
1.530
1.875
1.686
0.889
1.409
1.801
0.900
0.999
1.530
1.499
1.652
1.500
0.995
1.925
1.529
1.061
1.169
0.911
1.652
1.271
1.333
0.744
1.022
1.354
1.034
1.472
1.761
1.668
1.693
1.250
1.364
1.453
1.692
1.882
1.007
1.524
1.866
1.058
1.169
1.487
1.358
0.899
1.067
1.447
1.225
1.100
0.552
1.354
1.589
0.933
1.356
1.044
1.346
1.179
1.029
1.219
0.949
1.480
2.113
1.592
1.532
1.039
0.944
1.532
1.259
1.164
1.124
0.767
1.474
1.000
1.474
0.837
1.047
0.761
1.449
1.787
0.960
1.409
1.921
1.682
1.416
1.512
1.213
0.697
1.327
1.003
0.852
0.780
1.096
1.296
1.107
0.998
0.814
0.852
1.075
0.993
1.223
0.920
1.125
1.401
1.077
1.282
1.145
1.516
1.508
1.353
0.871
1.227
0.892
0.839
0.880
1.302
1.146
0.712
1.204
1.326
1.295
1.073
1.201
1.201
1.291
1.332
0.993
1.710
1.682
1.834
1.131
0.896
0.796
1.362
1.127
0.995
0.985
1.007
0.900
1.220
0.979
0.851
1.020
0.841
0.961
1.541
1.330
1.349
1.246
0.907
1.102
1.043
0.871
0.845
0.818
1.190
1.055
0.896
1.195
0.704
0.957
1.536
1.245
1.295
0.893
1.028
1.297
0.614
1.010
1.284
1.091
1.503
1.212
1.322
1.167
0.954
1.168
1.147
1.218
1.766
1.477
1.484
1.912
1.345
1.261
1.495
1.248
1.553
1.186
0.592
1.125
0.996
0.810
0.945
0.751
1.043
0.956
1.227
1.399
1.086
0.878
0.795
1.616
0.959
0.907
0.721
1.115
1.088
1.128
1.317
1.455
1.678
1.883
1.764
1.429
0.853
2.094
1.376
1.835
1.756
1.742
1.431
0.817
0.785
0.757
1.450
1.292
0.776
1.173
0.839
0.601
0.725
0.949
0.938
0.835
0.828
0.531
0.723
0.604
0.679
2.063
1.818
2.245
2.097
1.816
1.481
0.969
0.907
0.616
0.870
0.974
0.770
0.936
0.801
1.039
1.518
1.180
1.256
0.997
1.361
1.194
1.047
1.732
1.518
1.090
1.316
1.181
1.429
1.531
1.082
1.626
1.910
1.671
1.824
1.840
1.196
1.150
1.136
1.286
1.093
1.356
1.268
1.447
1.162
0.937
1.398
1.203
1.027
1.290
1.075
0.977
0.885
1.415
1.669
1.189
0.722
0.624
0.744
0.890
0.921
1.195
0.914
1.110
1.205
0.900
0.921
2.086
1.156
1.449
1.099
1.129
1.253
1.056
1.226
0.901
1.334
1.253
2.093
1.430
0.895
1.133
1.418
0.940
1.091
1.257
1.083
1.631
1.513
1.194
0.937
1.296
1.469
1.172
0.814
0.847
0.942
1.473
1.476
1.122
1.389
1.979
1.566
1.304
1.129
0.980
1.474
0.953
1.090
1.284
1.372
1.122
0.988
1.972
1.306
1.389
1.550
1.186
1.390
1.149
1.529
1.565
1.209
1.034
0.745
0.797
1.134
1.488
1.384
1.111
1.240
1.443
1.172
1.659
1.324
1.139
1.444
1.393
1.392
1.261
1.590
1.548
1.079
2.063
0.962
1.053
1.577
1.560
0.960
1.122
0.981
1.196
1.655
1.669
1.296
1.265
1.351
1.353
1.739
1.228
1.282
1.699
1.861
1.805
1.387
1.528
1.407
1.821
1.218
1.107
1.661
1.652
1.223
0.798
0.890
1.174
1.187
1.089
1.431
1.341
1.069
1.539
1.254
1.415
1.106
0.812
1.750
1.634
0.785
0.996
0.943
0.864
0.855
0.953
1.366
1.109
0.903
1.315
1.969
1.561
1.264
1.561
1.421
1.650
1.858
1.325
1.497
1.238
1.148
1.098
1.482
1.788
1.266
1.584
1.560
1.361
1.068
0.976
1.084
0.981
1.038
1.156
1.351
1.199
0.808
0.984
1.158
1.154
1.119
1.453
1.406
1.594
1.336
1.524
1.101
0.920
0.844
1.292
1.362
1.472
1.852
1.764
1.262
1.357
1.078
1.356
1.249
1.654
1.024
1.418
1.328
1.554
1.119
1.714
1.511
1.617
1.258
1.527
1.007
1.005
0.948
0.877
0.841
1.411
1.440
1.631
1.619
1.316
0.841
1.296
1.088
1.345
1.051
0.873
1.022
0.906
0.826
0.980
0.966
1.290
1.328
1.520
1.733
1.210
1.285
1.364
1.885
1.113
1.030
1.461
0.975
0.959
1.447
0.619
1.041
0.902
1.302
1.646
1.478
1.993
1.685
1.985
2.026
1.347
1.608
1.515
0.818
1.706
1.198
1.325
0.709
0.904
0.950
0.950
0.979
0.784
0.770
1.051
0.985
0.986
0.928
0.981
0.949
1.193
1.039
0.888
0.960
1.197
1.118
1.204
1.011
0.607
0.882
1.305
1.146
1.166
1.058
0.658
0.771
0.985
1.037
0.576
0.722
0.753
1.067
1.337
1.139
1.507
1.262
1.335
1.307
1.495
1.487
1.110
1.147
1.364
0.906
1.501
0.928
1.196
1.306
0.907
0.728
0.929
0.844
1.753
1.845
1.098
1.431
1.747
1.300
1.504
1.417
2.319
1.213
1.012
0.863
1.164
1.408
1.246
1.084
1.173
0.914
1.237
1.032
1.272
2.516
2.110
1.432
0.956
1.275
1.673
1.660
1.477
1.217
1.430
1.127
1.003
0.784
1.020
0.588
1.109
1.472
1.123
1.686
1.460
1.258
1.463
1.594
1.986
1.798
1.925
1.793
1.382
1.245
1.209
1.366
1.584
1.740
2.279
1.599
1.892
1.621
1.447
1.382
1.591
0.883
1.323
1.068
1.068
1.239
1.384
1.105
1.719
1.926
2.412
1.871
1.494
1.211
1.048
0.970
1.493
1.252
1.535
1.380
1.792
1.583
1.172
0.894
1.268
1.858
2.098
2.134
1.952
1.507
1.064
1.306
1.396
1.238
1.521
1.027
1.175
1.343
1.621
1.753
1.569
1.555
1.198
1.296
1.460
1.423
1.763
1.590
2.024
1.949
1.578
1.287
1.383
0.988
1.686
1.463
1.904
1.894
1.536
1.493
1.404
1.454
1.614
1.601
1.662
1.228
1.207
1.369
1.320
1.166
1.417
1.729
1.544
1.078
0.945
1.392
0.960
1.538
1.272
1.244
1.303
1.329
1.319
1.458
1.512
1.948
1.771
1.370
1.436
1.493
1.698
1.842
1.926
2.756
1.368
1.526
1.114
1.069
0.865
1.354
0.905
1.193
1.192
1.553
1.047
1.568
1.429
1.456
1.376
2.039
1.665
1.245
1.936
1.642
1.562
1.820
1.288
1.750
1.129
1.370
1.578
1.710
1.922
1.654
1.177
1.227
1.531
1.275
1.188
1.113
1.285
1.505
1.201
1.370
1.330
1.395
1.346
0.978
1.477
1.116
1.392
1.687
1.486
1.189
1.556
1.253
1.501
1.678
1.446
1.159
1.022
1.080
0.927
1.388
1.079
0.955
1.050
0.949
1.805
1.394
1.328
0.849
1.016
1.063
1.277
1.238
0.792
0.934
1.144
1.203
1.287
1.380
1.277
1.047
1.076
0.926
0.947
0.898
1.098
1.009
0.912
0.899
1.039
1.085
1.070
1.238
1.428
2.160
1.683
1.838
1.175
1.140
1.155
1.026
0.821
0.956
1.173
0.732
0.980
0.926
0.992
1.130
1.085
1.236
0.918
1.240
1.205
0.905
1.760
1.209
1.168
1.023
1.306
0.903
0.991
0.782
0.937
1.360
1.369
1.103
1.151
0.845
0.937
0.971
0.831
0.798
0.805
0.658
0.975
1.339
1.044
1.482
0.756
1.049
1.269
1.220
1.196
1.036
0.843
0.911
0.792
0.612
0.912
1.195
1.288
1.534
1.831
1.263
1.253
1.019
0.861
0.996
1.520
1.556
1.776
1.236
0.641
0.842
0.961
0.634
0.740
1.158
1.631
1.341
1.262
0.710
0.919
1.381
1.510
1.428
1.022
1.150
1.006
0.595
0.814
0.609
1.683
2.275
1.040
1.023
0.966
0.811
0.894
1.233
0.936
1.213
1.631
1.047
0.833
0.927
0.849
0.520
0.827
0.828
0.812
2.148
1.333
1.411
1.081
0.892
0.722
0.663
0.688
0.615
0.876
1.180
1.305
0.930
1.008
0.987
0.972
0.972
1.030
1.810
1.073
0.869
0.961
0.825
1.068
1.115
1.113
1.210
1.091
1.209
1.044
1.319
1.007
1.268
1.018
0.890
0.867
1.284
1.105
0.968
1.166
1.060
0.730
1.095
0.980
0.988
1.571
1.928
2.186
1.146
1.010
1.486
1.487
1.737
1.944
1.367
0.777
1.090
1.439
1.433
1.311
1.452
0.863
1.236
1.429
1.059
1.243
1.115
1.406
1.617
1.003
1.529
1.843
1.398
1.554
1.645
1.080
1.956
2.500
1.856
1.125
1.388
1.412
1.287
1.727
1.423
1.822
1.483
0.761
1.429
1.108
1.217
1.309
0.949
1.237
1.487
1.799
1.675
1.023
1.320
1.397
1.578
1.341
1.208
1.080
2.671
2.981
1.700
1.952
1.975
1.749
1.588
1.291
1.204
1.535
1.068
1.038
1.275
1.447
1.196
1.011
1.239
0.786
1.370
1.312
1.489
1.567
1.326
0.833
1.109
1.672
1.928
1.016
1.179
1.215
1.360
1.379
1.500
1.192
2.286
1.921
1.258
1.892
1.639
1.116
1.355
1.033
1.343
1.454
1.372
1.231
1.173
1.107
1.205
1.674
1.080
1.311
1.542
1.799
1.174
1.014
1.171
1.455
1.693
1.066
0.602
1.288
0.969
1.075
1.080
1.226
0.737
1.045
1.253
1.318
1.422
0.963
0.981
1.143
1.334
1.305
1.469
1.134
1.045
0.877
1.068
1.178
1.093
1.632
1.350
1.056
1.139
1.360
1.767
1.050
1.398
1.021
0.962
1.485
1.223
1.146
1.035
1.633
2.132
1.686
0.745
1.372
1.439
1.512
1.503
1.451
0.900
1.211
1.369
1.317
1.282
1.316
1.840
1.461
1.147
0.758
0.846
1.532
1.441
1.709
1.257
0.782
0.573
1.150
0.732
0.665
1.230
1.202
1.589
1.441
1.492
0.978
0.914
0.919
0.777
1.452
1.192
1.212
1.062
1.182
1.050
1.284
1.502
1.128
0.891
0.979
1.210
1.007
1.350
1.557
1.688
0.989
0.976
1.097
1.021
1.227
0.967
1.133
1.345
1.375
1.105
1.387
2.059
0.891
0.866
1.143
0.975
0.997
1.302
0.955
1.178
1.270
0.919
0.991
1.012
1.045
1.129
0.918
1.550
1.010
1.053
1.107
1.214
1.256
0.984
1.094
0.571
1.222
1.009
1.046
1.226
1.132
1.202
1.194
0.854
0.721
0.515
1.288
1.137
1.113
1.124
1.146
1.322
1.217
1.246
0.716
0.634
1.383
1.009
1.056
1.348
0.983
0.677
0.642
0.844
1.301
1.506
0.884
0.829
1.273
1.574
1.500
0.687
1.227
1.104
0.763
0.760
1.219
1.368
1.101
0.856
1.013
1.195
1.360
1.663
1.548
0.836
1.055
0.763
0.844
0.992
1.338
1.879
1.145
0.755
1.056
0.996
1.105
0.837
1.961
1.353
1.469
1.307
0.860
1.017
0.898
0.736
0.597
0.867
1.045
0.675
0.963
1.062
1.102
0.788
0.909
0.683
0.756
1.128
1.401
0.737
0.943
0.908
1.077
0.830
0.927
0.893
0.969
0.802
0.893
1.078
0.961
1.600
1.790
1.518
1.826
2.407
2.590
2.430
1.763
0.861
1.315
1.213
1.304
1.264
1.399
0.803
0.884
0.980
0.934
1.096
0.982
1.295
1.230
1.135
0.921
0.846
1.319
1.757
1.747
1.427
0.818
0.714
1.542
1.002
2.158
1.227
1.195
1.275
1.210
2.566
2.077
1.687
1.476
1.579
1.730
1.434
0.985
0.993
1.187
1.543
1.029
0.764
0.944
0.980
1.204
1.030
1.588
1.630
1.351
1.464
1.018
2.444
1.752
1.092
0.973
1.412
1.410
1.120
1.987
1.477
2.084
1.816
0.972
1.243
1.469
1.138
1.467
1.030
1.019
1.132
1.254
0.909
1.050
1.262
1.721
2.042
1.247
0.766
1.201
1.139
1.533
1.446
2.135
1.015
1.237
1.133
0.859
1.093
1.234
1.223
1.649
1.230
1.463
2.024
1.656
1.694
1.316
1.058
1.232
1.147
0.945
1.435
1.169
0.742
0.920
1.184
1.163
1.474
1.478
2.045
1.106
1.224
1.390
1.072
1.184
1.408
1.680
1.091
1.794
1.125
1.359
1.284
1.050
1.401
1.642
1.123
0.830
1.048
1.323
0.888
1.307
1.026
1.196
1.469
1.538
2.072
1.416
0.998
1.458
1.176
1.198
1.111
1.111
1.065
1.325
1.264
1.383
1.585
1.194
1.579
1.087
1.283
1.325
1.224
1.145
1.221
1.147
1.234
1.101
1.285
1.128
1.780
1.256
1.262
1.040
1.266
1.248
0.919
0.934
1.436
1.456
1.151
1.232
1.409
1.370
1.163
1.305
1.379
1.303
1.162
1.228
1.220
2.758
1.122
1.656
1.741
1.081
2.051
1.758
1.296
1.133
1.414
1.559
1.775
0.936
0.901
1.635
1.605
1.529
1.410
1.203
1.001
0.704
0.986
1.140
1.545
1.672
1.008
1.002
1.696
1.428
0.931
1.168
1.266
1.397
1.053
1.372
1.347
1.502
1.572
1.266
1.279
1.262
1.071
1.077
1.080
0.987
0.687
1.103
0.782
0.725
1.094
1.911
1.653
1.005
0.752
0.787
1.083
0.960
1.247
0.972
0.794
1.154
1.288
1.077
1.051
1.033
1.084
1.850
1.480
1.210
1.151
1.137
1.168
0.745
0.722
0.724
0.846
0.886
0.813
1.284
1.142
1.472
1.444
1.463
1.506
1.222
0.793
0.901
1.376
1.222
1.746
1.365
0.927
0.635
1.026
0.606
1.039
1.461
1.016
1.025
1.167
0.985
0.796
0.842
0.937
0.621
0.969
1.516
0.775
0.933
0.976
0.901
1.133
1.171
0.813
0.776
0.792
0.597
0.898
1.453
1.052
0.705
1.007
0.951
1.042
0.703
1.803
2.534
0.948
1.115
1.216
0.936
1.135
0.852
0.843
1.011
0.811
0.849
1.724
1.759
1.136
1.055
1.169
1.121
0.946
1.013
0.921
0.947
0.642
0.562
0.994
0.905
0.813
1.314
1.468
1.051
1.089
1.184
1.035
0.983
1.299
1.088
0.708
0.685
0.882
1.409
0.578
1.332
1.013
1.337
1.323
-99.000
0.876
1.606
1.624
0.956
1.008
1.274
0.818
1.261
0.898
0.733
1.005
1.027
1.149
1.128
0.966
0.803
0.923
0.919
0.875
0.954
1.274
0.917
0.917
0.966
1.224
1.070
0.972
0.928
1.138
1.082
0.988
2.050
2.256
1.608
1.200
1.491
2.202
1.854
1.523
1.304
1.263
0.831
1.342
0.990
1.006
1.005
1.351
1.197
0.742
0.773
1.493
2.311
2.625
1.834
1.110
1.107
1.342
0.951
1.034
1.446
1.194
0.975
0.703
1.149
1.218
1.257
1.063
0.954
1.539
1.041
0.902
1.347
1.803
1.247
1.319
1.469
1.361
1.014
1.427
1.246
0.643
1.610
1.481
2.086
1.571
1.907
1.722
0.875
1.224
0.985
1.115
1.127
0.942
1.574
0.955
1.563
1.335
1.529
1.123
0.991
1.574
0.897
1.291
1.363
1.449
1.467
2.150
1.031
1.073
1.622
1.220
1.153
1.416
1.304
1.303
1.389
1.675
0.714
1.204
1.742
1.325
1.240
0.809
1.375
1.372
1.327
1.318
1.001
1.622
1.473
1.105
1.154
1.040
1.978
1.821
1.391
1.118
1.337
2.079
1.274
1.335
1.910
1.044
1.152
1.770
2.569
1.977
1.331
1.027
1.448
1.591
1.441
1.200
1.400
1.476
1.210
1.024
1.070
1.360
1.237
1.493
1.414
1.678
1.091
2.566
1.755
1.592
1.309
1.514
1.290
0.993
1.427
1.643
1.227
1.632
1.114
0.968
0.795
0.988
1.363
1.224
1.084
1.417
0.861
1.305
1.025
0.903
1.107
1.454
1.621
0.855
1.145
1.109
1.482
1.186
1.685
1.957
1.611
1.912
1.409
0.896
0.909
0.708
0.983
1.160
1.527
1.407
-99.000
-99.000
-99.000
-99.000
-99.000
-99.000
-99.000
-99.000
0.993
1.002
1.197
1.342
1.224
0.876
0.695
1.013
1.093
0.757
1.016
1.319
1.819
1.302
1.280
0.982
1.118
1.404
1.255
1.357
1.287
1.204
1.337
1.387
1.381
1.295
0.933
0.864
1.245
1.426
1.553
1.431
0.819
1.224
1.242
1.466
1.445
1.197
0.925
2.087
1.973
1.782
1.386
1.286
1.499
1.715
1.197
1.201
0.718
0.740
1.039
1.010
1.145
0.973
0.784
0.940
1.050
0.687
0.812
1.065
0.860
0.878
0.816
1.232
0.935
0.894
1.529
1.754
1.937
1.654
0.949
1.485
1.461
1.762
1.969
1.446
1.444
0.928
0.873
0.980
0.645
0.845
1.076
0.686
1.535
1.113
0.893
1.168
1.171
1.140
0.965
1.564
1.783
1.381
1.072
0.986
1.080
1.064
0.845
1.314
1.419
1.183
1.164
1.230
0.943
0.839
0.809
1.752
1.429
0.958
1.022
0.867
0.651
0.872
0.603
0.932
0.733
1.021
0.842
0.860
1.192
1.499
1.475
1.781
1.396
0.989
0.899
0.940
1.538
1.960
1.160
0.890
0.768
1.356
1.677
1.447
0.837
0.858
1.014
1.421
0.733
2.036
1.717
2.399
2.652
2.061
1.085
0.684
0.534
1.032
0.795
0.883
1.011
1.055
1.175
0.952
1.165
1.095
1.515
1.748
0.943
1.530
1.694
1.337
1.168
0.744
1.961
1.970
1.658
1.503
1.240
0.540
0.852
0.917
2.207
1.741
1.436
0.761
0.919
1.209
1.419
0.639
0.637
0.864
1.073
1.424
1.320
1.414
1.366
1.326
1.148
1.084
1.653
1.345
1.344
1.215
1.538
1.580
1.318
1.483
1.940
1.981
1.251
1.922
1.461
1.570
1.690
1.230
1.601
0.856
2.362
2.339
1.170
1.168
1.495
1.775
1.099
2.355
2.118
1.294
1.270
1.568
1.538
1.861
1.754
0.923
1.645
1.623
1.806
1.852
1.656
2.385
2.348
1.824
1.376
1.321
1.329
0.954
1.321
1.135
1.370
1.201
2.058
1.197
1.581
1.569
1.393
1.566
1.357
1.429
1.778
1.497
2.067
1.065
1.590
1.104
1.091
1.530
1.446
1.279
1.812
1.249
1.314
1.975
1.616
1.477
1.403
1.617
2.240
1.737
1.046
1.284
1.804
1.434
2.184
1.622
1.706
1.285
1.241
1.465
1.609
1.098
1.566
1.958
1.953
1.663
1.383
1.814
1.164
1.491
1.667
1.484
1.331
1.196
1.309
1.444
1.480
1.288
1.128
1.514
1.299
1.308
1.072
1.397
1.556
1.144
1.145
1.443
1.957
1.824
2.105
1.745
1.576
1.574
1.020
0.553
1.213
1.218
1.137
1.044
1.583
1.351
1.389
0.836
1.507
1.057
1.173
1.376
0.982
1.165
1.202
1.168
1.258
1.179
1.548
1.560
1.686
1.837
1.024
1.617
0.844
1.383
1.473
1.464
1.392
1.256
0.793
1.449
0.904
1.764
2.079
1.002
0.896
1.476
0.973
1.039
1.304
1.215
1.437
1.499
1.799
1.628
1.594
1.099
1.203
1.202
1.886
1.566
1.511
1.854
1.214
0.877
1.300
1.422
1.613
1.496
1.461
1.377
1.258
0.809
0.991
1.003
1.166
1.140
0.891
1.287
1.397
1.068
0.957
1.453
0.723
1.024
0.876
1.231
1.627
1.196
0.966
0.872
1.074
1.164
1.773
0.746
0.971
1.178
0.980
0.659
0.730
0.867
1.568
0.740
1.062
1.127
1.163
1.015
0.699
0.991
1.019
1.000
1.110
1.125
0.885
0.720
1.136
1.548
1.226
1.105
1.154
1.158
1.625
1.855
1.485
0.943
1.029
1.420
1.238
1.684
1.454
0.861
1.629
1.122
1.888
1.330
0.717
0.601
1.064
1.279
1.570
1.576
1.035
1.161
0.834
1.084
0.918
0.819
0.864
0.683
0.592
0.934
1.181
0.875
1.007
0.894
0.853
0.849
1.160
1.134
0.873
1.305
0.818
0.703
1.601
1.483
1.615
1.533
1.194
1.102
0.991
1.067
0.696
1.392
1.255
1.019
0.779
1.963
2.570
1.802
1.089
0.959
1.212
0.799
1.767
1.540
1.530
1.477
1.203
1.133
0.862
0.925
0.644
0.553
1.079
0.524
1.115
0.856
1.343
0.702
0.752
0.635
1.426
1.091
1.798
1.727
1.211
0.924
1.203
1.388
2.826
1.996
1.053
1.048
1.934
1.631
1.110
1.111
0.782
1.643
1.967
1.542
0.963
0.942
1.384
1.238
1.197
0.978
0.883
1.090
1.702
1.645
1.522
1.301
0.911
1.088
1.310
1.100
1.010
1.224
1.163
1.562
1.510
1.162
1.132
1.451
1.176
1.437
2.188
1.479
1.946
2.713
2.627
1.878
1.127
1.253
1.431
1.036
1.122
1.073
1.652
1.144
0.755
2.269
2.658
2.398
1.732
1.086
0.906
1.230
1.272
1.193
1.091
1.191
1.980
1.590
1.629
1.455
1.180
1.460
1.008
1.986
1.368
0.927
1.268
1.320
1.420
1.806
1.619
1.916
1.058
0.729
0.864
1.070
1.075
1.383
1.289
1.784
1.197
1.353
1.161
1.212
0.959
0.940
1.431
1.520
1.657
1.268
1.068
1.109
1.567
1.484
0.984
1.848
1.275
1.969
1.874
1.488
2.093
1.876
1.876
1.035
1.342
1.357
2.136
1.602
0.840
1.452
1.819
1.421
1.189
1.611
1.473
1.515
1.670
1.108
1.476
1.093
1.223
1.269
1.235
1.066
1.380
1.101
0.765
1.684
1.033
1.051
1.309
1.263
1.190
1.103
1.325
1.009
0.979
2.349
1.782
2.089
1.446
2.697
1.854
1.749
1.324
0.872
1.571
1.945
1.062
1.072
1.464
1.447
0.958
1.447
1.119
1.028
1.653
1.563
1.468
0.935
1.186
0.997
1.169
1.525
1.353
1.814
1.300
1.020
1.505
0.923
1.694
1.414
1.816
0.997
1.943
1.080
0.719
1.768
1.148
1.129
1.005
0.793
1.018
1.856
0.958
1.131
1.155
1.745
2.120
1.587
1.445
1.373
1.121
1.581
1.435
1.501
1.269
1.407
1.299
1.610
1.483
1.085
1.144
0.633
1.110
1.317
0.836
1.054
0.847
0.883
1.067
1.185
1.874
1.768
1.619
0.934
1.016
1.107
1.062
0.726
1.538
1.444
1.306
1.126
1.124
1.166
1.258
1.093
0.828
1.128
1.273
1.433
0.810
0.733
1.554
1.353
0.865
0.965
1.035
1.667
1.280
1.357
1.659
1.336
1.553
1.322
0.771
0.895
0.804
1.291
1.514
1.516
1.829
1.343
0.941
1.008
0.986
1.258
1.232
1.502
1.208
0.495
0.721
1.753
0.958
1.008
1.057
0.855
1.052
1.413
1.427
1.352
0.860
0.921
1.245
1.268
1.168
1.042
1.003
0.960
0.977
1.490
1.354
1.179
1.902
1.241
1.096
0.883
1.108
0.913
1.531
1.182
0.931
1.220
0.748
0.574
0.800
0.695
0.993
0.986
1.137
0.748
0.687
0.788
0.888
1.285
1.061
0.398
1.096
1.111
0.971
0.654
0.608
0.712
1.115
2.381
1.942
1.372
1.284
0.720
1.046
0.757
0.891
1.420
1.057
1.064
1.069
1.033
1.086
1.173
1.084
0.663
2.520
2.658
1.999
1.606
1.627
1.511
1.465
1.145
1.066
1.006
1.246
1.552
1.493
1.794
1.627
1.620
1.323
0.997
0.965
0.600
1.201
1.427
0.734
1.213
0.836
0.711
0.592
0.762
0.965
0.936
1.036
1.049
1.462
1.125
1.004
0.914
1.682
2.340
1.180
1.066
0.997
0.815
1.523
1.651
1.009
0.670
0.870
1.133
1.146
1.222
0.778
1.204
1.920
1.466
1.321
1.009
1.002
0.820
2.203
0.966
2.669
2.636
2.009
1.849
1.333
0.799
0.980
0.797
0.886
0.911
1.801
1.445
1.019
0.633
0.963
1.091
1.057
0.979
1.322
1.591
1.153
1.392
1.625
1.672
1.605
1.701
1.186
0.906
0.934
1.281
1.316
1.327
1.787
1.206
1.088
1.195
2.058
2.059
1.754
0.970
1.146
0.927
1.243
1.342
1.319
1.802
1.486
1.365
1.083
1.224
1.689
1.042
1.127
1.077
1.530
1.426
0.844
1.197
1.435
1.406
1.297
1.394
1.415
1.469
1.495
1.374
1.647
1.788
1.430
1.743
0.867
1.509
2.385
2.324
1.879
0.985
1.213
1.591
1.991
1.541
1.233
1.118
1.588
1.892
1.776
1.757
1.352
1.514
1.282
1.789
1.430
1.207
1.397
1.013
1.467
1.143
1.563
1.314
1.301
1.604
1.557
1.335
1.408
1.006
1.641
1.899
1.302
1.944
1.507
0.902
1.016
1.036
1.688
1.034
2.307
1.825
2.059
1.381
1.527
0.877
0.980
1.241
0.742
1.186
1.587
1.187
1.371
1.337
1.199
1.788
1.592
2.172
1.491
1.162
1.110
1.725
1.597
1.520
1.071
0.856
0.659
0.875
1.363
1.434
1.363
1.167
0.690
0.991
1.611
1.534
1.594
1.771
1.646
1.584
1.976
1.750
1.462
1.598
1.600
2.096
1.902
1.730
1.114
1.207
1.854
1.947
1.553
1.449
1.058
1.529
1.669
0.937
1.488
1.185
1.113
1.055
0.700
0.761
0.800
0.830
0.832
1.062
0.987
1.170
0.902
1.080
1.303
1.153
1.364
1.480
1.003
1.228
1.092
0.986
1.145
1.187
1.400
1.021
1.564
1.090
1.102
0.856
1.091
0.788
0.887
1.071
0.736
1.052
1.251
1.262
1.006
0.916
1.187
1.109
0.905
1.287
1.475
0.763
0.921
1.348
1.199
0.967
0.696
0.759
0.959
0.751
0.880
1.166
1.130
1.087
1.216
1.243
1.537
1.683
1.594
1.250
1.216
0.871
0.848
0.999
1.419
1.245
0.727
1.175
1.320
0.732
1.082
0.783
0.721
0.833
0.826
0.808
1.070
1.257
1.111
0.941
0.807
0.735
1.189
0.885
0.560
1.008
1.290
1.281
1.513
1.261
0.925
0.997
0.970
0.646
0.749
0.898
0.664
1.221
0.873
0.831
0.935
1.167
0.811
0.895
0.978
0.814
1.030
1.009
1.183
1.596
1.366
1.012
2.463
1.301
0.945
0.911
0.650
0.743
0.640
1.198
1.344
1.273
1.040
1.314
1.272
1.002
1.056
1.110
0.846
0.617
0.868
0.489
1.084
1.910
1.179
0.872
0.697
0.896
1.002
0.968
1.098
2.020
2.075
0.927
1.909
2.716
1.820
0.913
1.017
0.894
1.303
1.042
1.013
1.221
0.973
0.770
0.680
0.722
0.918
1.182
0.972
1.773
1.084
0.636
1.367
2.620
1.569
1.140
0.753
1.842
2.091
1.673
0.972
0.676
0.899
2.062
1.052
1.611
0.923
1.275
1.683
0.979
1.022
1.072
1.757
1.152
1.159
1.404
1.699
1.460
0.849
0.774
1.555
1.604
1.664
2.416
1.545
1.081
1.219
1.102
1.455
1.356
1.321
1.173
1.435
2.686
2.807
1.140
0.898
0.871
0.869
1.592
2.741
2.063
2.632
1.875
0.877
0.847
0.812
1.052
0.898
0.724
0.787
1.428
1.174
2.135
1.689
1.394
0.940
1.820
2.000
1.714
1.508
1.345
1.555
1.226
1.738
1.602
1.679
1.112
1.125
1.461
1.507
1.567
2.219
1.616
1.400
1.253
0.916
1.296
1.309
1.300
1.538
1.367
1.268
0.916
1.350
1.908
1.636
3.384
2.859
1.532
1.460
1.419
1.592
1.088
1.525
1.601
1.283
1.259
2.889
1.843
1.099
1.368
1.673
1.378
1.116
1.587
1.408
1.419
0.856
1.354
1.476
1.285
1.198
0.932
1.192
1.334
1.265
1.215
1.662
1.370
1.333
1.451
1.089
1.064
1.988
1.253
1.353
0.988
1.117
1.225
1.342
1.331
1.704
1.462
1.629
1.608
1.478
1.183
1.514
1.629
1.481
1.283
1.440
0.614
1.389
1.274
1.279
1.342
1.643
1.340
1.021
1.206
1.299
1.613
1.345
1.527
1.599
0.697
1.172
1.240
1.292
1.806
1.347
0.969
1.113
1.342
1.410
1.289
1.518
1.494
1.315
1.410
1.322
1.625
1.936
1.976
1.443
1.083
1.501
1.171
1.242
1.070
1.011
1.342
1.122
1.635
1.642
1.546
1.085
0.814
0.719
1.165
1.925
1.242
0.951
1.053
1.180
1.472
1.292
1.556
1.481
1.362
1.727
2.045
1.263
1.205
1.488
1.467
1.715
1.530
1.159
0.997
0.577
0.915
1.190
1.425
1.651
1.966
1.501
0.866
1.160
1.011
1.755
1.675
1.593
1.577
1.315
1.108
1.398
1.113
1.135
1.098
0.921
0.845
1.198
1.149
1.227
0.839
0.592
1.215
1.310
0.870
1.962
1.377
0.918
0.964
1.033
1.082
1.133
0.968
1.151
1.192
0.690
1.198
1.551
1.341
1.599
1.562
1.064
1.087
0.874
1.137
1.343
1.040
0.601
0.870
1.016
1.178
1.046
1.727
1.158
1.035
1.411
0.827
1.003
1.093
1.035
1.521
1.820
1.417
0.764
1.547
2.218
1.821
1.292
1.137
1.361
1.203
0.934
1.085
1.349
2.021
1.256
0.723
0.776
0.881
0.964
0.869
1.193
1.177
1.057
1.205
1.308
1.509
1.631
0.964
2.175
1.685
1.183
1.061
1.140
1.062
1.311
1.085
0.892
0.579
0.860
0.829
0.778
0.618
1.043
0.805
1.615
1.399
1.533
1.294
1.093
0.831
1.208
0.985
0.893
1.472
1.180
0.719
1.055
0.821
1.058
1.090
1.252
0.982
1.015
1.535
1.583
1.596
1.277
0.866
0.885
0.813
1.055
1.290
1.634
1.539
1.215
0.709
1.828
2.411
1.927
1.326
0.950
1.065
1.217
1.009
1.061
1.130
1.391
1.681
1.857
1.773
1.309
0.963
1.555
2.078
1.158
1.099
1.400
1.581
2.005
1.971
1.548
0.748
0.664
0.962
1.111
1.003
0.740
0.867
1.381
1.203
1.040
1.255
1.720
1.933
1.768
0.830
1.179
1.187
1.210
1.555
1.107
1.340
2.406
1.107
1.027
1.147
1.059
1.662
1.210
1.393
1.386
1.313
2.846
2.270
1.254
1.524
1.732
1.816
2.063
1.439
0.891
1.933
1.669
1.781
1.828
1.527
1.451
1.520
1.467
1.265
1.226
0.485
1.115
1.458
1.020
1.199
1.585
1.147
1.049
1.618
1.335
1.320
1.995
1.361
1.181
1.173
1.191
1.211
0.937
1.121
1.254
1.649
1.251
0.978
1.850
1.844
1.981
1.307
2.032
1.449
2.612
1.584
1.474
1.389
1.099
1.055
1.284
1.346
1.767
1.516
1.465
2.036
1.493
1.505
1.524
1.472
2.227
1.519
1.795
2.339
1.273
1.217
1.063
1.108
1.616
1.975
2.368
1.677
1.578
1.531
1.462
1.007
1.774
1.214
1.675
1.037
1.383
1.103
1.301
1.607
0.652
0.970
1.085
1.166
1.272
1.368
1.191
1.217
1.281
1.435
0.815
1.898
1.648
1.783
0.884
1.479
1.373
1.100
0.921
1.110
1.019
1.180
1.178
1.047
1.185
1.379
1.221
1.324
1.050
1.309
1.026
1.449
1.181
1.109
1.071
1.348
1.573
1.037
1.520
1.526
1.112
1.784
1.905
1.426
1.642
1.399
1.621
1.588
1.737
1.349
1.523
1.477
1.908
1.637
1.655
0.964
1.292
1.541
1.767
1.313
1.788
1.445
1.002
1.162
1.140
0.980
0.900
1.308
1.186
1.460
1.613
1.200
1.455
1.380
1.076
1.278
1.731
1.469
1.430
1.339
1.146
0.695
0.732
1.179
1.345
0.842
1.127
1.132
1.431
1.312
0.926
1.281
1.222
1.275
0.961
1.215
1.087
1.518
1.192
1.300
1.639
1.046
1.410
1.505
1.826
1.470
1.152
0.925
0.966
0.814
0.877
1.369
0.858
0.961
1.465
1.916
1.678
1.341
0.964
0.870
1.341
1.128
0.614
0.914
0.790
0.922
0.835
0.785
0.854
1.019
1.021
1.039
1.204
1.070
1.064
0.707
0.840
0.635
0.823
0.992
0.714
0.655
0.676
1.049
1.289
1.088
1.757
1.064
1.111
1.677
1.659
1.215
1.214
0.996
1.297
1.151
0.969
1.078
0.768
0.770
1.020
0.890
0.877
1.101
1.127
1.711
1.272
1.441
1.435
1.689
1.295
0.975
1.153
1.263
1.296
0.919
0.917
0.847
0.926
1.058
0.902
1.305
1.157
1.945
1.714
1.562
0.949
0.797
0.897
1.010
1.034
0.793
0.743
0.870
1.125
1.251
1.250
0.831
0.619
1.351
1.277
1.653
1.206
0.437
0.539
1.150
1.243
0.507
0.953
0.860
1.641
1.814
2.228
1.585
1.354
1.382
1.437
1.301
0.935
1.355
1.897
1.629
1.583
1.585
1.517
1.224
1.402
1.208
1.305
1.276
1.233
0.860
0.665
1.210
1.166
1.209
1.260
1.342
1.410
1.350
1.153
1.354
1.372
1.026
1.106
1.038
1.079
1.026
1.257
1.057
1.034
1.515
2.545
1.531
1.114
0.980
1.060
1.108
1.181
1.425
1.275
1.104
1.296
1.371
2.393
1.111
0.739
1.959
2.830
2.133
1.243
1.115
0.624
1.021
1.705
1.539
1.374
1.025
2.243
1.618
1.568
2.042
1.119
1.076
0.936
1.655
1.175
1.864
1.860
1.635
1.104
1.208
1.450
1.487
1.150
1.378
1.220
1.323
0.951
0.973
1.803
1.118
1.052
1.083
1.134
1.272
1.979
1.529
1.234
1.435
2.015
1.541
1.278
1.189
1.537
1.372
1.151
1.203
1.177
1.403
1.150
0.902
1.589
1.131
1.740
1.434
1.449
1.090
0.953
1.149
0.810
1.507
1.313
2.414
1.782
1.972
1.461
1.435
1.758
1.872
1.488
1.400
1.778
1.345
1.780
1.536
1.301
1.149
1.569
1.169
1.215
1.780
1.493
2.050
1.308
1.292
1.124
0.851
1.412
1.112
1.588
1.383
1.757
1.826
1.869
2.414
1.852
2.344
1.363
1.705
2.083
2.220
2.056
2.535
1.929
1.515
1.868
1.355
1.580
1.248
0.978
0.925
1.233
0.837
1.298
1.603
0.775
0.798
1.323
1.240
1.033
1.329
1.276
1.410
1.137
1.365
0.996
1.385
1.208
1.479
1.482
0.758
0.858
1.079
1.384
0.804
1.264
1.793
1.685
1.388
0.951
1.262
1.368
0.989
1.201
1.154
0.983
1.517
1.726
1.409
1.112
1.285
0.780
1.055
1.298
1.597
2.083
2.082
1.451
1.004
1.368
1.338
1.107
0.869
1.359
1.241
1.258
1.212
1.189
0.988
1.044
0.773
0.565
0.832
0.873
0.665
0.919
1.195
1.312
1.539
1.122
1.161
0.900
0.813
0.986
0.894
0.934
0.980
0.792
0.852
0.635
0.885
1.167
1.183
0.762
1.256
1.371
1.361
1.394
1.796
0.901
0.978
1.357
1.061
1.069
1.063
0.848
0.790
0.554
0.949
0.923
1.726
1.576
1.081
0.957
0.880
0.850
0.749
0.926
1.090
1.013
0.717
1.258
0.820
0.991
0.608
0.562
0.967
0.654
0.931
0.867
0.810
1.159
1.330
1.244
0.968
0.807
0.612
0.914
0.736
0.719
0.881
0.485
0.974
0.990
1.199
1.556
0.887
1.002
0.882
0.901
1.037
1.160
1.123
0.831
1.020
1.179
0.995
0.867
1.195
1.219
0.845
0.831
1.230
0.912
1.011
0.825
0.692
0.905
0.836
0.995
1.184
1.274
0.796
1.431
1.152
1.065
1.230
1.474
1.353
1.119
0.982
0.916
1.712
1.108
0.764
0.796
0.850
0.708
1.025
1.425
1.506
1.783
1.465
2.187
1.230
1.404
1.428
1.145
0.664
0.922
1.032
1.136
0.679
0.636
1.091
1.880
1.877
0.982
1.604
1.284
1.013
0.953
1.252
1.365
1.044
1.068
1.231
0.820
1.136
1.859
2.040
1.469
1.050
0.766
1.063
0.931
0.980
1.989
1.861
0.884
0.989
1.237
1.151
0.933
1.230
1.258
1.376
0.896
1.572
1.862
1.771
1.677
1.556
1.263
1.427
1.282
2.331
0.878
1.239
0.718
1.007
0.918
2.644
2.436
1.610
0.889
0.723
0.951
1.048
0.754
1.305
1.233
0.913
1.305
1.331
1.191
1.558
1.434
1.129
2.216
3.022
1.442
0.935
0.859
1.440
1.290
1.241
0.991
1.284
1.159
1.895
2.232
1.536
0.994
0.904
1.114
1.127
0.983
1.800
1.132
1.010
1.109
0.899
1.047
0.971
1.297
1.476
1.190
1.276
1.813
1.723
1.269
1.705
1.874
2.161
2.111
1.718
1.830
1.867
1.226
1.325
1.105
0.856
1.613
1.352
1.509
1.233
1.535
1.536
1.988
1.983
2.004
1.988
1.520
1.649
1.760
1.056
0.700
1.226
1.386
1.869
1.689
1.758
1.209
1.667
1.684
1.552
1.896
1.931
1.079
1.113
1.537
0.955
2.107
1.597
0.981
1.221
1.616
1.488
1.280
1.209
1.481
1.792
1.313
1.222
1.330
1.162
0.942
1.029
1.212
1.219
0.932
0.759
0.960
1.826
1.660
1.543
2.076
1.603
1.310
1.297
1.039
1.161
1.014
0.774
1.318
0.871
1.443
1.589
1.341
1.077
1.458
1.421
1.128
1.110
1.524
1.142
0.667
1.101
0.997
1.687
1.786
1.893
1.330
0.996
1.110
1.415
1.045
0.843
1.282
1.085
1.066
1.453
1.049
2.252
1.544
1.869
1.701
1.012
0.758
1.074
1.196
1.291
1.205
1.296
1.538
1.612
1.459
1.095
1.475
1.864
1.691
1.149
1.116
1.431
1.079
1.388
1.022
0.718
0.924
0.881
1.690
1.451
1.034
1.282
0.955
0.951
1.507
1.852
1.566
1.492
1.495
1.054
1.109
1.417
1.254
1.693
1.222
1.266
1.542
1.021
0.991
1.024
1.201
1.262
1.667
1.319
1.107
1.352
1.436
1.250
0.903
1.061
1.106
0.643
0.709
0.816
0.868
1.501
1.075
1.232
1.044
0.936
0.716
0.927
1.055
1.165
1.294
1.231
1.288
1.351
1.306
1.096
0.816
0.724
0.873
1.356
1.097
1.233
1.239
1.107
1.107
0.944
1.184
0.922
1.076
1.271
1.244
1.142
0.606
0.873
1.132
1.320
0.792
0.847
0.696
0.706
0.598
1.139
1.655
1.000
0.816
0.705
0.739
0.833
0.682
0.848
0.839
1.004
0.794
1.109
1.408
0.792
0.890
1.375
1.516
0.894
0.989
0.938
0.908
1.477
1.025
1.030
0.917
1.142
0.673
0.765
1.048
0.918
1.274
0.845
0.823
1.540
0.754
0.940
0.859
0.840
0.922
0.993
0.868
0.656
0.966
0.897
0.586
1.195
1.741
2.235
1.548
1.347
0.870
1.324
1.121
1.270
1.321
1.203
1.394
1.142
1.049
0.811
1.124
1.115
1.303
0.698
1.174
0.949
0.923
1.043
0.932
1.096
0.926
1.209
1.075
1.318
2.081
1.324
0.820
0.890
0.843
0.804
1.080
0.811
1.231
1.424
1.577
1.689
1.560
1.753
1.564
1.877
2.266
2.264
1.358
1.087
1.107
1.461
1.345
0.845
1.317
1.830
1.806
1.191
1.167
1.496
2.774
2.328
1.721
0.894
0.997
1.074
0.698
1.000
1.014
1.384
1.547
1.691
1.988
1.742
1.750
1.268
1.343
1.130
1.248
1.123
0.716
0.852
1.112
1.301
1.223
1.737
1.847
1.057
0.923
1.132
1.647
1.779
2.389
2.795
1.419
0.945
0.486
1.411
1.751
1.671
1.106
0.816
1.197
1.165
1.190
1.144
1.310
1.016
1.156
1.080
0.852
1.368
0.835
1.143
1.278
1.412
1.865
1.833
1.259
1.188
1.363
1.576
2.181
1.583
1.223
1.237
1.506
1.434
1.185
1.043
1.352
0.747
1.440
1.542
1.507
1.126
1.044
1.519
0.956
1.002
1.239
1.407
1.532
1.555
1.699
1.108
1.253
1.013
1.216
1.122
1.196
1.046
1.267
1.673
1.032
1.203
1.377
2.062
0.911
2.034
1.840
1.471
1.142
1.315
1.462
0.677
1.222
1.187
1.147
1.400
1.671
1.467
1.197
1.462
1.004
1.397
0.924
1.000
1.254
1.254
1.362
0.926
1.254
1.056
1.390
0.926
1.316
1.567
1.382
1.730
1.893
0.839
1.045
1.067
1.128
1.688
1.835
1.740
1.274
1.586
1.334
1.472
1.605
1.361
1.254
0.999
0.986
1.709
1.784
1.718
1.074
1.203
1.168
1.136
0.856
1.253
1.338
1.240
1.126
1.016
1.043
0.962
0.795
1.375
1.468
1.900
1.619
0.893
1.084
0.886
0.946
1.218
1.167
1.000
0.839
1.303
1.475
1.282
1.663
1.727
1.678
1.173
1.269
1.658
2.036
1.325
1.826
0.876
1.207
1.240
1.182
1.168
0.957
0.975
1.014
0.869
0.643
0.908
1.259
1.106
1.188
1.110
1.130
0.972
1.265
1.156
1.685
1.988
1.215
1.071
1.461
1.143
1.143
0.921
0.869
0.976
1.107
1.327
1.536
1.481
1.218
1.004
1.245
1.354
0.656
0.586
1.362
1.635
0.976
1.431
0.857
1.267
1.128
1.169
0.805
0.736
0.720
0.772
0.869
0.662
0.573
1.110
1.140
0.702
1.213
1.609
1.034
1.234
1.016
1.019
1.007
0.996
0.890
0.937
0.779
0.897
1.063
1.307
1.615
1.440
1.620
1.437
1.582
0.989
0.816
1.537
1.159
0.911
1.146
1.056
0.875
0.937
0.881
1.278
1.053
0.658
2.014
2.559
1.561
1.176
1.149
1.014
1.416
1.325
1.422
0.644
2.643
1.813
1.480
0.678
0.925
0.921
0.955
0.815
0.663
0.833
0.958
0.803
0.680
0.910
1.554
1.398
1.688
1.778
1.126
0.998
1.193
1.096
1.189
0.766
0.927
0.883
0.861
2.147
1.673
1.270
1.454
1.041
1.360
1.713
2.083
1.925
1.496
1.348
1.159
1.555
1.183
0.976
0.880
1.431
1.568
0.994
0.916
1.490
0.990
1.139
1.228
0.816
1.013
0.968
1.042
0.789
1.284
1.451
1.701
2.263
1.733
1.307
1.113
1.289
1.839
1.222
1.523
1.120
1.213
1.801
1.541
0.928
1.171
1.050
1.015
1.533
1.580
1.475
1.023
1.365
1.048
1.187
0.860
1.068
0.878
1.088
0.950
0.748
1.083
0.912
2.399
2.592
1.396
1.167
1.464
1.333
1.314
1.388
1.534
1.367
0.989
0.846
1.089
1.210
1.913
1.148
2.553
1.784
0.842
0.985
1.133
1.559
1.335
1.618
1.278
1.723
1.390
1.581
2.233
2.326
2.664
1.793
0.899
1.078
0.968
1.189
0.958
0.696
1.138
1.070
1.043
1.241
1.266
1.089
1.493
1.702
1.181
1.311
1.510
1.221
1.754
1.286
1.249
1.366
1.359
1.191
1.221
0.856
1.381
1.408
2.052
1.408
2.595
1.880
1.172
0.979
1.480
1.464
1.701
1.501
1.210
1.700
2.350
1.606
1.098
1.344
2.077
1.408
2.266
1.294
1.832
1.104
1.227
1.083
1.696
1.536
2.048
1.246
1.587
1.321
1.333
1.487
1.875
1.568
1.089
1.528
0.801
1.054
1.336
1.623
1.428
1.525
1.392
1.466
1.123
1.402
1.625
0.805
1.542
1.278
1.108
1.440
1.219
1.456
1.485
1.200
1.753
1.066
1.036
1.993
2.020
1.780
1.645
0.997
1.538
1.424
1.655
1.457
1.591
1.131
0.962
1.240
1.156
1.423
0.928
1.046
0.834
0.881
1.166
1.080
0.882
0.910
1.183
1.841
1.672
1.759
0.966
1.007
1.083
1.477
1.284
0.887
0.966
0.946
1.751
1.255
1.077
1.216
0.997
1.525
1.320
1.404
1.368
1.055
1.819
1.205
1.194
1.649
1.850
1.572
2.023
1.690
1.479
1.171
1.156
1.890
1.593
1.188
1.256
1.083
1.345
0.901
1.152
1.063
0.785
1.079
1.131
0.911
0.668
0.901
0.966
1.109
0.991
0.913
1.255
0.868
0.940
1.249
1.870
2.534
2.150
1.671
1.339
1.125
1.000
0.778
0.752
1.459
1.385
1.112
0.806
1.332
1.333
0.835
0.774
1.489
1.122
0.832
0.897
0.924
1.043
0.915
1.113
1.114
0.907
0.790
0.813
1.352
1.155
1.138
0.900
0.929
0.831
0.904
0.590
1.025
1.691
1.733
1.371
1.018
0.856
0.723
0.942
0.947
1.687
1.384
1.158
1.609
1.245
1.097
1.741
1.185
0.890
1.137
1.245
0.830
0.957
0.859
0.886
0.899
0.922
0.968
0.836
0.849
1.590
1.152
0.876
1.546
0.787
1.038
1.326
1.149
1.688
2.190
1.725
1.288
1.056
0.765
0.815
1.001
1.013
0.883
1.467
1.041
1.130
1.346
1.265
1.671
1.679
1.806
1.219
0.618
0.925
1.028
0.827
0.834
1.506
1.197
1.045
0.786
0.459
1.099
1.217
0.928
1.483
1.154
1.235
0.929
0.989
1.040
0.868
1.552
1.325
0.984
0.932
0.716
1.243
2.424
2.111
1.982
2.235
1.764
1.052
0.625
1.003
1.412
1.004
0.764
1.065
0.941
1.177
1.388
1.013
1.184
0.986
1.627
1.465
1.659
1.564
1.424
0.966
0.981
1.210
1.068
3.571
2.516
1.594
0.911
1.400
0.942
1.283
1.093
0.742
1.461
1.210
1.153
2.267
2.210
1.684
0.876
0.708
1.694
1.423
0.985
0.839
1.279
0.742
1.944
2.081
1.297
0.982
1.293
0.963
1.339
1.932
2.458
1.834
1.821
1.476
1.288
1.358
1.095
1.847
1.494
0.931
1.370
1.565
0.837
1.366
1.551
1.657
1.716
1.368
2.053
1.012
1.033
1.606
1.375
1.516
1.187
0.984
1.237
1.215
0.793
0.763
2.061
2.397
1.392
1.493
1.475
1.794
2.279
1.595
0.917
2.247
1.456
1.597
1.521
3.029
2.216
1.087
1.296
1.002
0.800
1.550
1.224
0.862
1.579
1.036
1.320
1.471
1.443
0.668
1.316
1.009
1.737
1.237
1.981
1.569
1.999
1.063
1.698
1.663
1.474
1.279
0.747
1.378
1.657
1.465
1.665
1.080
1.167
1.714
1.883
1.628
1.726
2.230
1.748
1.334
0.808
1.178
1.234
1.166
1.333
1.326
0.928
0.976
0.791
1.070
1.591
1.444
1.408
1.311
1.359
0.841
1.392
1.462
1.448
1.123
1.532
1.581
1.711
1.543
2.073
1.561
1.317
0.986
1.327
0.992
1.360
1.002
1.368
1.060
1.103
1.197
1.089
1.117
1.109
1.309
1.071
1.216
0.940
0.822
1.176
1.479
1.621
1.483
1.431
1.352
1.255
0.949
1.284
1.175
0.779
0.966
1.455
1.556
1.066
1.998
1.631
2.143
1.720
1.772
1.749
1.351
1.261
2.019
2.241
1.495
0.971
1.279
1.237
1.135
1.326
1.578
1.457
1.429
1.003
0.880
1.106
0.786
1.137
1.529
1.015
1.077
1.144
1.149
1.307
1.501
1.581
0.601
0.828
0.562
0.864
1.419
1.282
1.524
1.852
1.839
1.759
1.864
1.154
1.523
1.689
1.141
0.872
1.211
0.934
1.576
1.339
0.972
0.890
1.016
1.350
1.026
0.929
0.961
0.913
1.181
0.913
0.924
0.675
1.030
1.409
0.734
0.925
1.275
1.126
1.016
1.244
1.142
1.058
1.043
1.623
1.067
0.901
0.995
0.799
0.946
1.015
0.738
1.180
0.641
0.758
0.912
0.573
1.004
0.734
0.635
0.885
1.075
1.662
1.111
1.061
0.760
0.887
0.962
1.550
1.150
1.755
1.552
1.210
1.241
0.827
1.190
1.563
1.363
0.910
1.711
1.615
1.240
1.420
1.262
1.152
1.148
1.203
0.916
0.717
0.746
1.128
1.332
0.875
0.542
0.765
1.323
1.283
1.222
1.136
0.929
1.346
1.000
0.848
0.874
1.141
1.783
1.606
1.796
1.561
1.339
1.358
1.403
0.965
1.043
0.980
1.139
0.767
0.698
0.823
0.921
0.862
1.038
1.326
1.523
2.314
1.748
1.948
1.386
1.003
1.241
1.109
0.576
0.748
0.690
0.939
1.174
1.800
1.846
1.386
1.239
2.402
1.036
0.764
1.312
1.421
1.383
1.569
1.466
1.078
1.189
0.978
1.192
1.351
1.687
1.255
1.336
1.342
1.393
1.437
1.102
0.802
0.952
1.646
1.451
1.751
1.438
1.086
1.073
0.795
0.842
1.016
0.951
0.995
1.154
0.764
1.228
0.914
1.211
1.366
1.044
1.710
1.398
1.806
1.974
0.996
1.220
1.284
1.292
1.112
1.041
0.680
0.647
1.109
1.430
1.292
1.234
1.402
0.823
2.644
1.711
2.478
2.755
2.398
1.741
0.910
0.831
1.043
1.338
1.408
1.658
1.512
1.390
0.975
1.195
1.366
1.051
1.483
1.550
1.161
1.505
1.451
1.290
0.951
1.483
1.457
1.565
1.285
1.339
1.643
1.743
0.696
1.435
1.619
1.647
1.142
1.260
1.405
1.601
1.166
0.917
1.307
1.073
1.077
1.500
1.504
1.419
1.402
1.256
1.371
1.117
1.862
1.261
0.842
1.615
1.750
0.881
1.080
1.447
1.960
1.778
1.154
1.416
1.335
0.916
1.576
1.492
1.447
1.134
1.463
1.247
1.508
1.538
1.489
1.864
1.092
1.209
1.014
1.213
1.895
1.590
1.930
1.540
1.900
1.348
0.933
1.572
1.772
1.497
0.891
0.985
0.922
1.309
1.358
1.020
2.125
1.640
1.498
2.227
1.974
1.424
1.088
1.003
0.950
1.457
1.181
1.663
1.343
1.326
1.008
1.173
1.052
1.619
1.495
1.542
1.602
1.955
1.955
1.506
1.452
1.900
1.151
1.391
1.040
1.541
1.403
1.640
1.968
2.245
2.164
1.727
1.316
1.230
0.891
0.849
0.810
1.003
1.253
1.390
0.590
0.818
1.202
1.371
1.503
1.811
1.649
1.501
1.306
1.303
0.891
1.016
1.217
1.438
1.930
1.578
0.855
1.391
1.001
1.207
1.099
1.073
1.517
0.753
1.161
1.557
1.078
0.977
1.087
1.513
1.251
0.878
1.037
0.943
1.070
1.355
1.204
1.102
1.046
1.264
0.924
0.886
1.326
1.237
0.817
1.094
1.036
1.473
1.527
0.977
1.976
1.731
1.711
1.076
1.644
1.411
1.976
1.508
1.453
0.748
0.934
0.817
1.277
1.141
1.392
1.414
1.442
1.084
0.645
0.863
1.305
0.766
0.792
0.872
0.971
0.893
0.915
1.181
1.116
0.709
1.582
0.951
0.782
0.851
0.951
1.011
0.686
0.828
1.047
1.131
1.247
1.021
1.047
1.089
1.038
0.957
0.652
0.901
0.658
0.828
2.001
2.271
1.412
1.237
1.085
1.168
0.833
0.592
1.179
1.216
0.897
0.765
0.838
0.809
0.887
0.807
1.773
1.253
1.137
0.935
0.677
0.640
1.225
0.895
0.847
1.294
1.162
1.305
2.011
1.380
1.052
0.857
1.372
1.881
1.797
1.706
1.413
1.032
0.967
1.156
1.106
1.301
0.958
1.629
2.890
2.432
1.968
1.641
1.332
0.739
0.812
0.924
1.195
1.146
1.144
0.560
0.641
0.642
2.367
1.724
1.136
2.155
1.689
1.300
1.196
1.101
0.845
0.973
1.376
1.677
1.092
2.079
1.581
1.323
0.806
1.286
1.455
1.617
1.237
0.936
1.159
1.387
1.173
1.595
2.587
1.532
0.928
0.676
0.970
1.320
0.881
0.592
0.713
0.737
0.966
1.290
1.255
1.348
1.538
2.176
1.947
1.674
1.269
1.007
1.107
0.958
0.943
1.372
1.273
1.392
1.256
0.818
0.815
1.247
0.854
1.335
1.246
0.992
1.429
1.458
0.967
1.094
1.079
1.284
1.657
1.638
1.350
1.341
1.057
1.362
0.918
0.960
1.237
1.296
1.399
0.992
1.088
1.371
2.182
1.569
1.015
1.809
1.278
1.138
1.615
1.344
1.645
1.935
1.113
1.530
2.669
1.471
1.077
1.909
1.489
1.514
1.384
1.781
1.367
1.775
1.194
1.679
1.266
0.888
1.227
1.365
1.045
1.111
1.594
1.982
1.007
2.776
2.945
1.869
1.354
1.563
1.368
1.633
1.906
1.710
1.202
1.374
0.865
1.278
0.835
1.487
1.309
0.875
1.169
1.965
1.802
1.843
1.471
2.002
1.358
0.832
1.209
1.625
1.267
1.202
1.486
1.392
1.288
1.215
1.417
1.423
1.103
1.346
1.452
1.381
1.538
0.962
1.232
1.262
0.853
1.084
1.303
0.802
0.912
1.407
1.271
1.463
1.609
1.608
1.321
0.825
0.609
0.994
1.160
1.533
1.813
1.168
1.066
0.980
1.601
1.369
1.413
1.225
1.270
0.954
1.221
1.595
1.771
1.510
1.220
0.977
1.182
0.565
1.030
0.936
1.156
0.823
1.166
1.235
1.406
0.905
0.808
1.151
1.756
1.433
1.592
1.748
1.704
1.509
2.035
1.676
1.323
1.210
0.924
0.931
1.060
1.445
1.094
0.707
1.228
1.763
1.714
1.907
1.856
1.157
0.900
1.103
0.904
1.098
1.295
1.408
2.276
0.879
1.180
1.331
1.257
1.417
0.749
0.720
0.836
1.039
0.828
1.128
0.911
0.989
0.843
1.056
1.022
1.282
1.406
1.422
1.342
1.079
1.054
0.883
1.173
1.461
1.105
0.744
1.251
1.086
1.039
1.277
0.904
0.594
0.642
0.575
1.105
1.349
0.815
0.962
0.974
1.178
1.179
1.786
1.136
0.750
1.025
1.550
1.367
0.924
1.380
1.727
2.000
1.962
1.393
1.006
1.026
1.036
1.373
0.709
1.134
1.179
1.435
1.235
1.268
1.064
1.031
1.048
0.674
0.653
0.949
0.884
0.783
0.580
1.374
1.659
1.311
0.921
1.320
1.036
1.228
1.257
1.421
1.003
1.188
0.931
1.354
1.207
0.885
0.736
0.698
0.694
0.930
0.800
2.638
1.824
0.952
0.865
0.930
0.823
0.872
1.267
0.780
0.945
0.837
0.828
1.452
1.377
0.817
1.098
0.647
0.745
0.962
1.062
0.902
1.099
1.122
1.032
1.439
1.382
1.623
1.500
1.425
0.887
0.644
1.031
1.982
2.288
1.527
1.156
1.252
1.124
1.181
1.321
1.156
0.855
0.788
1.489
1.660
0.968
0.906
0.890
1.328
1.638
1.974
1.535
1.101
0.668
1.621
1.473
0.896
1.164
0.888
1.200
0.973
0.667
1.062
0.940
1.351
0.848
1.207
1.427
1.367
0.963
0.986
0.944
1.247
1.314
0.868
1.133
1.065
1.267
1.422
2.919
1.858
1.232
0.975
0.816
0.844
0.969
0.780
1.140
0.914
1.040
0.729
1.233
1.101
0.954
1.319
0.807
0.920
1.057
1.574
1.188
0.904
0.738
1.152
1.202
1.065
2.182
1.670
1.648
1.484
1.042
1.249
1.665
1.097
2.272
2.101
1.612
1.098
1.266
1.180
2.695
3.452
2.086
1.077
0.779
1.076
1.079
1.197
1.354
1.128
1.051
0.981
1.139
0.897
1.134
1.366
1.240
1.508
1.589
1.477
1.365
1.314
1.415
1.959
2.109
2.182
1.845
1.305
1.227
1.071
1.258
1.477
1.899
1.897
1.589
1.106
1.190
1.076
1.078
0.905
1.044
1.388
1.430
0.861
0.735
1.347
1.077
0.773
1.833
0.854
2.587
2.843
1.883
1.166
1.009
1.029
1.450
1.325
1.273
1.637
1.155
1.059
1.641
1.489
1.809
1.515
1.320
1.295
1.265
1.096
1.646
1.220
1.273
1.755
1.838
1.231
1.057
1.171
1.072
2.001
0.945
1.376
1.465
1.863
1.448
1.480
1.419
2.750
2.757
1.010
1.362
1.239
1.188
0.695
0.935
1.074
1.541
1.411
1.224
0.958
1.391
1.279
0.927
1.176
1.089
1.140
0.841
0.823
1.234
1.603
1.372
0.776
1.517
1.793
1.483
0.974
1.070
1.171
0.878
0.969
1.359
1.348
1.458
0.838
1.118
1.384
1.719
1.348
1.229
1.175
1.650
1.591
1.253
1.360
1.281
1.210
1.309
1.623
1.299
1.484
1.516
1.319
1.360
1.557
1.763
1.345
0.816
1.432
1.083
1.022
1.348
1.170
1.246
1.703
1.482
1.673
1.017
1.014
1.090
1.313
2.110
1.652
1.321
1.871
1.248
0.839
1.025
1.145
1.570
1.283
1.164
0.722
1.589
2.102
2.152
1.904
1.550
1.353
1.579
1.598
1.298
1.184
1.465
1.535
1.117
1.287
1.710
1.373
0.700
0.914
1.054
0.979
1.743
0.920
0.789
0.937
1.104
1.712
1.357
1.091
0.978
1.002
1.430
1.161
0.865
1.037
1.165
1.206
1.387
1.485
1.406
1.956
2.280
1.698
1.147
1.405
1.840
1.573
0.648
0.858
0.989
1.145
0.887
0.597
0.935
1.041
1.662
0.772
0.932
1.121
1.007
1.071
1.254
1.700
1.279
0.608
0.982
0.728
0.950
0.511
1.021
1.599
1.329
0.904
1.119
0.863
0.890
1.465
1.216
1.504
1.484
1.246
1.196
1.281
0.976
1.126
1.275
1.053
0.954
0.725
1.024
1.504
1.067
0.602
1.027
0.833
1.333
1.266
1.078
1.150
0.879
1.042
0.883
0.863
0.822
1.228
1.456
1.495
1.985
1.740
1.839
1.347
1.028
0.962
0.880
1.158
1.113
1.074
1.029
0.832
0.980
1.000
1.066
0.976
1.254
1.103
1.455
0.808
0.999
1.173
1.326
0.877
0.697
1.333
1.375
1.407
1.371
1.080
1.257
1.326
1.089
1.313
1.638
0.817
0.785
1.522
1.405
1.489
1.215
1.409
1.642
1.365
1.281
1.596
1.271
1.635
1.269
0.737
1.315
1.716
1.609
1.598
1.133
2.836
2.712
1.511
1.171
0.937
1.217
1.272
1.193
2.063
1.293
1.558
2.238
2.123
0.970
1.716
1.051
1.109
0.971
1.130
0.978
1.218
1.122
1.369
1.394
1.088
0.944
0.828
1.146
1.084
0.947
1.199
1.639
1.119
1.444
1.475
1.461
0.923
1.441
1.154
1.011
1.291
1.275
1.541
1.584
1.385
1.716
1.832
1.979
1.962
1.639
1.638
1.465
1.117
2.080
1.337
1.297
1.411
1.616
1.880
1.371
1.784
1.997
1.649
1.899
1.549
1.253
0.929
1.184
1.460
1.194
1.325
0.952
1.213
1.319
1.524
2.662
2.121
1.761
1.224
1.393
1.058
0.978
1.271
1.818
1.476
1.336
1.470
0.814
1.593
1.335
1.487
1.525
1.481
1.615
1.139
1.048
1.223
1.499
1.177
0.914
1.450
1.162
1.621
1.689
1.091
1.245
1.198
1.170
1.555
1.185
1.600
1.512
1.520
1.723
1.621
1.803
1.520
1.660
1.941
1.440
1.209
1.070
1.129
1.690
1.572
1.467
1.522
2.170
1.901
1.207
2.004
1.345
1.539
0.668
1.425
1.518
1.183
1.718
0.973
1.702
1.495
1.171
0.982
1.722
1.754
2.202
1.874
1.589
1.664
1.392
1.766
1.473
2.278
2.406
2.034
2.469
2.161
1.391
1.695
1.134
1.265
1.599
1.660
1.610
1.569
1.623
1.483
1.622
1.671
1.451
1.361
1.536
1.334
1.337
2.111
1.581
1.290
1.189
1.417
2.248
2.301
1.628
1.272
1.212
0.806
0.954
0.888
0.614
0.792
0.763
0.868
0.789
0.795
1.029
1.302
0.911
0.677
1.132
0.984
0.954
1.320
1.611
2.146
1.924
1.432
2.118
1.738
1.641
0.872
0.956
1.434
1.253
1.230
1.455
1.094
1.174
1.276
1.016
1.165
1.311
1.151
0.874
0.973
1.007
0.999
0.886
0.732
1.261
0.904
0.930
0.526
1.249
1.073
0.945
0.857
1.020
1.542
1.200
1.016
1.009
1.398
1.463
1.383
1.616
1.350
1.263
0.869
0.864
0.972
0.708
0.792
0.706
0.715
1.441
1.279
1.182
0.750
0.866
0.995
0.849
1.220
1.327
1.060
0.695
0.966
1.173
0.876
0.722
1.057
1.196
1.216
0.717
0.758
0.780
0.982
1.149
1.188
1.141
1.202
1.151
1.197
1.416
1.330
1.467
1.656
1.457
0.989
1.503
1.134
0.980
1.112
1.195
1.050
0.915
1.197
1.291
1.303
1.839
1.004
1.128
1.017
1.250
1.468
0.835
1.722
1.585
1.600
0.884
1.132
1.200
1.077
0.985
1.021
1.088
1.711
1.455
1.104
1.665
1.505
1.305
0.827
1.116
1.276
1.052
1.071
0.914
1.142
1.075
1.090
0.955
1.099
0.976
1.132
0.911
0.871
0.909
0.959
1.068
1.473
1.389
1.574
2.650
2.135
2.250
1.777
1.545
0.942
1.081
0.617
1.877
2.082
1.318
0.756
0.905
1.254
1.317
1.460
1.617
1.054
1.123
1.140
1.372
1.050
1.329
1.099
1.366
0.729
0.600
0.958
1.267
1.447
1.443
1.476
1.797
1.149
1.090
1.215
0.797
1.213
1.142
2.321
2.489
1.036
1.041
0.946
0.625
0.965
0.858
0.863
1.068
1.114
1.265
1.817
1.191
1.435
0.977
1.174
1.167
1.445
1.194
1.333
1.668
0.916
0.646
1.888
2.336
1.688
1.275
1.787
1.707
1.964
1.612
1.516
1.454
1.232
1.340
1.369
1.264
0.799
1.300
1.166
1.033
1.352
1.433
0.970
0.797
1.104
1.145
1.196
0.920
1.963
2.558
1.698
1.033
1.165
1.198
1.300
1.262
1.353
1.560
1.604
1.608
1.215
1.303
1.144
1.841
2.024
1.680
0.889
1.424
1.306
1.055
1.697
1.325
1.143
0.716
0.927
1.283
1.547
1.151
1.153
1.237
1.426
1.532
1.610
1.980
1.477
1.114
1.099
1.133
1.081
1.287
1.565
1.081
1.017
1.265
1.757
1.371
1.182
0.811
1.167
1.115
1.657
1.230
1.524
1.441
1.525
0.996
0.980
1.974
1.886
2.071
1.254
1.108
0.838
0.859
0.938
1.486
1.211
1.375
1.714
1.087
1.377
1.232
1.301
1.257
1.081
1.415
0.844
1.398
0.993
1.526
1.056
1.307
0.910
1.213
1.334
0.731
1.191
0.818
0.729
0.869
1.259
0.806
0.799
0.826
0.928
1.051
0.784
1.517
2.504
1.377
1.220
0.910
1.532
1.184
1.514
1.688
1.179
0.866
1.016
1.231
1.569
1.352
1.351
0.646
1.049
1.367
1.260
1.221
1.006
1.404
1.343
1.093
1.025
1.023
1.447
0.989
1.463
1.203
1.204
1.299
1.337
1.202
1.364
1.306
1.361
1.183
0.892
0.696
1.175
1.032
1.239
1.301
1.054
0.583
0.612
1.334
0.878
1.364
0.762
0.831
1.350
0.895
0.783
0.927
0.952
1.636
1.465
1.219
1.334
1.611
0.818
0.988
1.448
1.434
1.464
1.018
1.004
0.886
0.725
0.593
0.837
0.842
0.709
1.311
0.901
1.118
0.754
0.690
0.824
1.099
1.200
0.997
1.048
0.899
0.836
1.189
1.368
1.087
1.722
1.391
0.932
0.681
0.612
0.868
1.204
0.983
1.554
1.263
0.907
1.122
1.080
0.943
1.057
1.054
1.102
1.175
1.297
0.983
0.723
1.900
1.548
0.964
0.952
0.855
1.021
0.755
0.962
0.939
0.817
1.144
1.144
0.680
1.126
1.056
1.177
0.901
0.673
1.040
1.288
1.250
0.975
1.008
1.435
1.080
1.323
1.301
0.885
0.856
0.939
0.993
1.007
1.245
1.095
1.641
1.644
1.500
1.074
1.752
0.626
0.911
0.487
0.664
0.950
1.281
1.253
0.979
0.940
0.695
0.936
0.881
1.287
1.289
1.361
1.322
1.017
1.181
1.104
1.015
1.116
1.087
1.178
1.884
1.367
0.447
0.897
1.789
1.797
1.372
1.983
1.992
1.869
1.817
0.969
1.036
1.532
1.303
1.248
1.045
1.072
1.040
1.286
1.488
0.921
1.576
1.151
0.763
1.279
0.907
1.004
1.191
1.181
1.051
0.950
0.940
0.903
0.973
1.684
1.931
1.454
1.694
1.460
1.143
1.342
1.227
2.272
1.229
1.776
1.475
1.411
1.235
1.387
1.118
1.402
1.250
1.136
1.167
0.978
1.522
1.002
0.844
1.167
1.337
0.959
1.081
1.378
1.870
1.742
1.449
1.162
0.908
1.233
1.629
1.394
1.144
1.252
1.872
1.591
1.026
0.928
2.264
1.932
1.160
1.393
1.737
2.063
1.491
1.453
0.873
1.029
1.216
1.182
1.715
1.496
1.393
1.325
0.835
1.292
1.398
1.655
1.473
1.120
1.826
1.481
1.281
1.299
1.406
1.196
1.367
1.695
1.176
1.625
1.703
1.276
1.469
1.416
1.752
1.516
0.995
1.191
0.977
1.040
1.451
1.679
1.565
1.457
1.542
1.320
1.468
1.112
1.591
1.251
1.529
1.308
1.334
1.444
1.122
1.246
1.140
1.096
1.048
1.072
1.508
1.894
1.940
2.483
1.929
1.415
1.583
1.479
1.842
0.967
1.328
0.765
1.151
1.083
1.210
1.673
2.078
1.683
1.185
1.382
1.580
1.516
1.432
1.859
1.763
1.470
1.622
1.496
1.775
1.764
1.534
1.502
1.431
1.484
1.254
1.896
1.680
1.594
1.261
0.798
1.153
1.110
1.450
1.234
0.557
0.699
0.994
1.356
1.362
1.106
1.168
1.194
0.960
0.885
0.965
1.392
1.573
2.049
1.377
1.694
1.625
1.814
1.992
1.848
2.125
1.609
1.696
1.530
1.946
1.104
1.118
1.460
1.353
1.172
1.449
1.392
1.655
1.830
1.757
1.615
1.736
1.938
1.428
0.970
1.067
0.836
1.265
0.781
0.588
0.897
1.232
1.249
0.732
0.674
0.909
1.143
1.276
0.701
0.763
0.737
0.971
1.192
1.392
1.271
0.812
0.897
1.377
0.995
0.989
1.616
1.214
0.745
1.827
1.304
1.129
1.097
0.710
0.833
1.268
1.150
0.844
1.315
0.789
1.099
0.753
0.987
0.642
0.948
1.442
1.035
0.709
1.132
1.215
0.965
0.935
1.318
1.251
0.601
0.766
1.072
1.401
1.360
1.624
1.707
1.776
1.129
1.004
1.071
1.254
1.246
1.002
1.365
1.061
0.705
0.744
1.113
0.996
0.885
0.865
0.898
1.922
2.394
1.898
1.668
1.103
0.728
1.012
1.792
1.000
1.405
1.237
1.112
1.414
1.316
0.924
0.852
0.812
0.972
1.005
0.680
0.671
0.989
1.226
0.980
0.739
2.270
1.885
1.388
1.158
0.963
0.732
0.824
1.025
1.061
1.056
0.792
1.047
1.045
1.167
0.818
1.516
1.643
0.838
1.440
0.927
0.958
0.988
1.116
1.178
0.894
0.833
0.640
1.059
1.016
1.245
1.093
1.057
0.876
1.265
0.954
0.809
1.232
0.850
1.215
0.711
1.102
0.908
1.174
1.047
1.238
1.104
1.495
1.179
1.265
1.035
0.657
0.794
1.034
0.930
1.361
1.120
0.948
1.181
1.072
1.085
1.546
1.520
1.401
1.418
1.264
1.233
2.214
2.346
1.753
0.991
0.942
1.472
1.895
0.952
0.936
1.330
0.999
1.028
1.036
0.706
0.807
1.667
1.451
0.794
0.779
1.692
1.204
1.042
1.383
1.131
1.403
1.629
1.507
1.135
1.101
2.152
2.399
1.551
0.913
1.058
1.024
1.444
2.042
2.020
1.297
0.777
1.282
0.923
1.244
1.657
1.283
2.385
2.084
1.908
2.436
2.313
1.680
0.902
1.081
1.235
1.033
1.127
1.195
1.480
1.602
1.928
1.334
3.730
2.459
1.188
1.024
1.867
1.266
0.804
1.408
1.414
1.376
1.323
0.865
1.391
1.554
1.498
1.260
1.412
1.243
1.147
1.511
1.651
1.472
0.982
0.934
0.964
0.963
0.694
1.173
1.466
1.699
1.570
1.693
2.035
1.943
2.070
1.694
1.094
1.154
1.535
1.172
1.078
1.505
1.618
1.215
1.679
1.714
1.851
1.369
1.729
1.871
1.237
0.708
1.161
2.547
1.662
0.829
1.341
1.106
1.063
1.262
1.531
1.266
1.289
1.154
0.842
0.856
1.337
1.657
2.161
1.554
1.014
0.803
1.596
1.419
1.314
1.476
1.473
1.371
1.368
1.906
2.008
1.356
0.975
1.865
1.477
1.236
1.554
1.481
1.168
1.818
1.582
2.129
1.292
0.914
1.188
1.314
1.497
0.912
1.444
1.235
1.022
1.414
1.417
1.723
1.170
1.174
1.114
1.002
1.785
1.430
1.066
1.206
0.718
0.889
0.993
1.163
1.031
1.159
1.176
1.116
1.529
1.801
1.472
1.274
0.802
1.166
1.334
1.389
1.029
1.296
1.519
1.123
1.412
1.782
1.354
0.748
1.297
1.296
1.494
1.379
1.367
1.103
1.323
1.425
1.148
1.459
1.455
1.776
1.328
0.724
0.764
0.660
1.227
1.032
1.127
1.471
1.762
1.309
1.157
1.283
1.326
1.382
0.818
1.458
2.326
1.793
1.686
1.508
1.118
1.306
0.944
0.940
1.242
1.301
1.396
1.751
0.929
0.823
1.270
1.685
1.129
0.733
0.631
0.950
1.317
1.123
1.074
0.736
0.859
1.180
1.703
0.993
0.624
0.792
0.993
0.992
1.072
0.814
1.047
1.226
1.051
0.874
0.822
0.917
0.748
0.891
0.903
0.831
0.818
1.402
1.245
1.118
0.936
0.777
0.604
0.905
0.750
1.049
1.455
1.428
0.529
0.526
0.678
0.679
0.864
1.186
1.035
1.120
1.286
1.467
1.339
1.047
0.906
0.819
1.236
0.822
0.787
1.541
2.458
2.413
1.954
1.527
0.931
1.099
1.223
1.317
0.941
2.156
2.164
1.415
1.295
1.782
1.808
1.682
1.084
1.168
1.100
0.974
1.280
1.697
1.645
1.770
0.933
0.804
0.874
1.463
2.061
1.823
1.255
0.862
1.041
0.602
0.844
1.322
1.179
0.982
2.320
1.765
0.891
0.741
1.004
0.909
0.883
0.939
1.202
1.175
1.470
0.922
1.298
1.458
1.382
0.971
0.700
1.400
1.109
1.244
1.319
1.107
1.171
1.039
1.361
1.211
1.387
1.351
1.350
1.180
1.151
1.429
1.486
0.833
1.233
1.629
1.786
1.441
0.927
0.945
1.259
1.089
0.916
1.222
1.032
0.778
1.145
0.961
2.349
1.883
1.098
1.646
1.556
1.116
1.172
1.444
2.211
2.677
1.658
1.139
1.075
0.870
1.044
1.489
1.291
1.200
1.168
1.171
1.208
1.377
1.260
1.068
1.339
1.407
1.368
1.171
1.524
0.796
0.685
1.051
1.128
1.304
1.180
0.902
0.953
1.262
1.473
1.490
1.262
1.856
1.490
1.407
2.661
2.577
1.119
1.225
0.721
1.127
1.381
1.453
0.879
1.244
1.159
0.978
1.147
1.028
1.185
1.382
1.479
1.305
1.233
1.087
0.839
1.106
1.543
1.192
1.061
1.591
1.749
1.637
1.171
1.389
1.256
1.658
1.002
0.953
1.333
1.685
1.438
1.184
1.300
1.634
0.992
1.457
2.169
2.104
2.054
1.152
1.594
1.044
1.168
1.266
0.991
1.530
1.418
1.496
1.347
1.231
2.010
1.186
1.361
1.466
1.089
1.433
1.162
1.071
1.549
1.402
0.867
1.049
0.963
1.013
1.094
1.259
1.582
0.978
1.094
1.375
1.735
1.662
1.102
1.028
1.166
1.464
0.898
1.007
0.878
1.370
1.619
1.253
1.464
0.696
1.040
0.933
1.036
1.139
1.393
1.667
1.438
1.312
1.179
1.105
1.180
1.398
1.581
1.483
1.135
0.927
0.650
1.133
1.670
1.128
1.385
1.371
1.256
0.918
1.107
1.533
1.657
0.869
1.157
1.380
1.105
1.266
1.203
1.672
2.056
2.094
1.291
1.892
1.021
1.477
1.106
1.756
1.832
1.506
1.759
1.923
1.430
0.859
1.099
1.183
1.319
0.946
1.588
2.045
1.851
1.396
0.831
0.945
1.020
1.044
1.092
0.828
1.289
1.179
1.465
0.909
1.496
1.088
1.174
1.725
1.015
0.889
1.009
1.195
1.297
0.864
0.702
0.962
1.085
0.967
0.494
1.179
1.714
1.466
1.438
1.670
1.611
1.537
1.390
1.358
1.174
1.407
1.990
1.318
1.211
0.709
1.280
1.171
0.993
1.000
1.518
1.165
1.154
1.092
1.031
0.962
0.654
0.953
1.163
1.253
0.981
0.908
1.186
0.965
1.521
1.040
0.924
0.875
1.004
0.641
0.858
1.097
0.966
1.571
1.112
0.903
1.532
1.252
1.020
0.744
0.703
0.790
0.982
0.641
0.978
0.903
2.394
1.583
1.187
1.246
2.330
1.549
1.040
0.577
1.479
1.128
0.909
0.997
1.642
1.375
0.976
1.088
0.795
0.910
1.170
1.518
0.952
1.158
1.341
1.478
1.526
1.171
0.990
1.646
2.021
1.241
0.858
0.778
0.951
0.759
0.969
1.285
1.020
0.881
1.236
0.971
1.365
1.512
0.879
0.859
1.042
0.971
1.294
1.390
1.265
0.955
0.740
0.817
1.173
1.495
1.467
0.883
1.989
1.477
1.708
0.811
1.138
1.324
1.415
1.403
1.152
0.656
1.150
1.324
1.434
1.394
1.124
2.729
2.492
1.685
1.835
1.632
1.469
1.414
0.732
1.261
1.250
1.619
1.067
2.564
2.557
1.206
1.225
1.624
1.128
1.694
2.402
1.878
0.965
0.820
0.908
1.006
1.065
1.438
1.297
1.331
1.389
0.670
1.006
1.490
2.622
3.119
2.120
1.625
0.953
1.097
1.186
0.922
0.858
1.205
1.032
1.366
1.361
1.423
1.398
1.694
1.257
1.925
1.142
1.613
1.677
2.146
2.241
1.944
1.535
2.624
1.113
1.503
1.443
1.193
1.321
1.544
1.314
1.343
1.807
2.505
2.369
1.758
1.002
1.573
1.935
1.924
1.525
1.258
1.259
1.698
1.956
1.826
1.756
3.180
2.394
1.095
1.546
1.443
1.498
0.808
1.632
1.888
1.658
0.716
0.920
1.316
1.911
1.031
0.953
1.278
1.015
1.214
1.184
1.433
1.410
1.326
2.400
1.438
1.388
1.509
1.344
1.623
1.222
1.282
0.692
1.853
1.872
1.143
1.844
1.965
0.976
1.064
1.570
1.156
0.915
1.257
1.379
1.483
1.034
1.324
0.920
1.114
1.590
1.287
1.141
1.179
1.292
1.014
0.530
1.078
1.601
1.926
1.874
1.597
0.854
1.389
1.540
1.259
1.286
1.135
1.152
1.332
1.814
2.318
2.439
1.636
1.242
1.771
1.342
0.977
1.402
1.177
0.835
0.995
1.421
1.476
1.175
1.712
1.481
1.188
1.383
1.512
1.050
1.015
0.977
1.499
1.221
1.121
1.031
1.498
1.781
1.483
1.222
1.004
1.143
1.440
1.452
1.787
2.047
2.272
1.736
1.109
1.000
0.827
0.915
0.745
1.172
1.030
1.025
1.151
0.566
0.514
0.747
1.077
0.980
0.928
0.827
0.780
0.848
1.213
1.135
0.665
0.722
0.965
1.229
1.540
1.181
1.480
1.524
1.455
1.392
1.332
1.148
0.953
0.915
0.798
1.025
1.201
0.933
1.123
1.524
1.594
1.910
2.016
1.679
0.777
1.431
1.346
0.791
0.831
1.261
1.137
1.047
0.926
1.045
1.558
1.684
1.354
0.944
1.498
1.772
1.627
1.048
1.084
1.277
1.194
0.813
0.942
0.982
0.862
0.492
1.094
1.167
0.640
0.969
1.067
0.996
1.142
1.226
1.153
0.928
0.873
0.974
0.668
0.855
0.758
0.749
1.044
0.893
0.961
0.923
0.876
1.248
1.405
0.895
1.760
2.487
1.908
0.939
0.925
1.099
1.037
0.929
1.029
0.805
1.292
1.751
1.244
0.942
1.249
1.908
2.414
2.337
1.592
1.087
1.371
1.796
2.043
2.328
2.064
1.901
1.933
1.872
1.468
0.851
0.798
0.867
1.386
1.458
1.688
1.359
2.004
2.245
1.654
0.947
0.685
0.861
0.797
1.044
1.167
0.790
1.122
0.947
1.206
1.084
0.681
0.765
1.030
1.400
1.379
1.234
1.631
1.844
0.945
0.984
1.102
1.145
0.615
0.917
1.066
1.217
0.876
0.685
1.097
1.043
1.227
0.850
1.254
1.319
1.161
1.177
0.681
1.569
1.699
1.334
1.360
0.733
1.210
1.570
1.543
1.143
1.499
1.508
0.906
0.749
1.590
1.574
1.462
0.881
0.821
0.845
1.259
1.538
1.419
1.443
1.551
1.583
1.301
1.544
1.011
2.091
2.066
1.546
0.996
1.462
1.362
0.967
1.134
1.300
1.132
1.192
1.095
1.118
1.375
1.217
1.662
1.497
1.459
0.973
1.928
2.041
1.419
1.905
1.476
1.378
1.469
1.206
1.469
1.450
1.575
2.129
1.202
0.940
1.303
1.549
1.162
2.710
2.700
1.629
1.199
1.347
1.163
1.457
1.005
1.101
1.066
1.589
1.544
1.142
1.325
1.099
1.492
1.771
1.709
1.461
1.351
1.506
1.335
1.225
1.365
1.183
1.461
1.220
0.963
1.420
1.177
1.678
1.939
1.499
1.062
1.592
1.504
1.126
0.921
1.039
0.892
1.643
1.426
0.996
1.171
1.118
1.074
1.089
1.903
1.436
1.604
1.807
1.457
1.170
1.824
1.376
1.502
2.092
1.656
1.893
1.334
1.456
1.184
1.284
1.256
1.733
1.312
1.247
0.754
1.412
1.544
1.216
1.514
1.439
1.049
1.748
0.978
1.103
1.224
1.135
1.648
1.230
0.804
0.886
0.999
1.408
1.826
1.323
0.820
1.272
1.378
1.451
1.325
1.341
0.709
1.484
1.801
1.119
1.353
0.690
1.281
1.628
1.833
1.543
1.085
1.303
1.350
1.276
1.002
1.309
1.768
1.362
1.907
1.406
0.903
0.758
0.634
1.009
1.041
0.534
1.394
1.474
1.442
2.080
2.041
2.160
1.408
0.626
1.201
1.238
1.762
1.346
1.628
1.307
1.153
0.816
1.142
1.452
1.286
1.436
0.617
0.905
1.467
1.775
1.643
1.622
1.282
1.619
1.458
1.545
1.519
1.797
1.289
1.449
1.801
1.816
2.299
1.999
0.885
1.089
1.012
0.893
1.515
1.362
2.022
1.940
1.927
1.697
1.477
0.937
0.643
1.013
1.075
0.746
0.958
1.005
0.819
1.677
1.345
1.223
0.718
1.000
1.033
0.664
0.487
0.573
0.995
1.183
1.499
0.934
0.827
1.395
1.390
1.252
0.774
0.639
1.113
1.621
1.446
1.087
0.891
0.641
1.187
1.126
0.710
0.837
0.895
1.083
0.658
0.886
1.343
1.319
1.071
1.068
0.818
1.150
0.784
0.805
1.045
1.763
1.776
1.381
0.806
1.146
0.642
1.027
0.838
1.173
0.784
0.845
0.979
0.690
1.079
1.170
1.140
1.094
1.876
1.906
1.614
1.131
1.072
0.898
0.867
0.821
1.059
1.071
0.949
1.244
3.197
1.942
1.394
1.369
0.962
0.766
1.043
1.270
0.894
0.627
1.290
0.892
1.358
1.565
1.679
2.141
1.145
1.069
1.045
0.956
2.540
2.243
1.521
1.144
0.864
1.472
2.039
0.978
1.157
1.382
1.065
1.044
0.879
0.745
1.445
1.389
0.914
1.541
0.955
1.050
0.788
0.823
1.256
1.198
1.394
1.292
0.835
1.550
1.154
1.564
1.620
1.741
1.534
1.403
1.088
0.890
1.546
1.512
1.421
1.431
1.414
0.873
1.268
1.770
1.170
0.900
1.665
1.137
1.391
1.726
1.050
1.487
1.233
1.361
1.526
1.651
1.644
1.778
2.797
1.718
2.160
2.111
1.253
1.169
0.556
0.776
1.192
1.363
1.571
1.136
1.122
1.117
1.355
1.002
1.170
1.315
1.232
1.368
1.193
1.274
2.084
2.253
1.834
2.413
1.784
1.208
1.305
1.646
1.618
1.763
1.907
1.362
1.378
2.168
2.044
1.624
0.826
1.250
1.438
0.942
0.853
1.247
1.117
1.334
1.988
1.447
1.200
1.082
1.479
1.005
1.124
0.964
1.175
1.470
1.168
1.355
1.360
1.281
1.772
2.168
1.052
1.043
1.233
0.960
1.505
1.604
1.926
1.551
1.957
1.443
1.969
0.985
1.325
1.244
1.481
1.513
1.477
0.848
1.494
1.400
0.965
1.209
1.184
0.764
0.784
1.179
1.253
0.824
1.251
0.794
1.532
0.855
0.844
0.796
1.550
1.857
2.246
1.218
1.635
1.248
1.046
1.020
1.189
1.205
2.261
1.963
1.699
1.687
1.155
1.254
1.633
1.602
0.925
1.166
1.499
1.260
1.237
1.062
1.372
1.961
1.717
1.154
1.441
1.475
1.364
1.273
1.659
1.243
1.040
1.473
1.293
1.708
2.076
1.902
1.416
1.426
0.991
0.445
1.019
1.462
0.879
1.060
0.762
0.688
0.635
0.995
1.248
0.840
1.074
1.199
0.926
1.052
1.173
1.016
1.303
1.568
1.589
1.253
1.187
1.131
0.960
0.964
0.931
1.571
1.598
1.249
1.505
0.904
0.879
0.637
0.853
1.598
1.359
1.190
1.635
1.457
1.157
1.383
1.609
1.381
0.979
1.327
1.693
1.629
1.369
1.124
1.150
1.283
1.053
0.881
1.659
1.231
0.821
1.144
1.438
1.043
1.207
1.240
0.951
1.558
1.111
1.132
1.601
1.143
0.920
0.721
1.590
1.879
1.327
1.644
1.411
1.156
1.301
1.493
1.008
1.528
1.931
1.356
1.577
1.006
1.017
0.794
1.021
0.933
0.672
0.995
1.156
0.774
0.829
1.032
1.199
1.570
1.327
0.666
1.199
1.204
0.655
0.554
1.404
0.549
0.755
0.941
0.738
1.297
1.192
0.724
0.704
0.911
1.129
0.948
1.790
1.440
1.623
1.228
1.197
0.896
0.660
0.984
0.933
1.351
1.284
0.933
1.563
1.598
1.268
1.416
1.281
0.954
0.644
0.890
0.688
0.670
0.537
0.715
1.096
1.772
1.463
1.299
1.521
2.439
2.579
1.882
1.370
1.191
1.091
1.091
0.693
0.811
0.711
1.868
1.667
1.537
1.181
1.136
1.072
0.967
1.215
1.045
1.094
0.934
0.960
0.776
1.160
0.644
0.911
1.162
1.175
1.947
1.838
1.764
1.429
0.877
0.846
0.904
1.126
1.118
1.310
1.392
1.108
0.984
0.788
0.881
1.281
1.028
1.988
1.157
0.879
1.389
1.480
0.978
1.703
2.334
2.055
1.447
0.886
1.051
1.862
1.474
0.961
0.668
0.978
1.175
1.306
1.050
1.275
1.474
1.095
1.375
1.431
1.210
0.711
0.994
1.177
1.305
1.108
1.106
1.156
1.010
0.931
1.526
1.610
1.227
1.307
0.786
0.880
0.743
0.811
0.919
1.360
1.408
1.283
1.581
1.378
0.960
1.144
1.030
1.407
1.254
1.190
1.024
1.326
1.430
0.735
1.183
1.069
1.732
1.464
0.855
1.409
1.040
1.615
1.484
2.013
1.406
1.089
0.929
1.753
1.341
1.923
2.118
1.656
0.976
1.416
1.797
1.261
0.903
0.756
2.007
1.295
1.035
1.410
1.348
1.083
1.249
1.745
1.209
2.128
1.830
1.285
1.598
1.367
2.045
1.467
0.938
1.348
0.865
1.443
1.373
1.596
1.131
0.979
1.516
2.166
1.648
1.811
1.528
2.237
2.247
3.062
1.683
1.131
1.746
1.169
1.266
1.203
1.604
1.088
1.338
1.073
1.092
1.282
1.233
1.296
1.335
1.202
1.440
0.973
0.802
1.180
1.429
1.415
1.133
0.768
0.743
0.725
1.027
1.818
2.037
2.131
1.833
1.576
1.513
0.718
0.989
1.110
1.429
1.348
1.154
2.255
1.660
1.776
1.749
1.852
1.774
1.046
1.086
1.155
1.054
0.865
1.483
1.287
1.493
1.391
0.865
1.213
1.184
1.259
1.151
1.322
0.753
0.880
1.419
1.029
1.140
1.207
0.916
1.662
1.603
0.669
0.767
1.358
1.844
1.768
1.191
1.705
2.022
1.782
1.218
1.032
1.678
1.186
0.616
1.075
1.068
1.124
1.146
1.722
1.100
1.000
1.394
1.588
0.878
1.818
0.847
0.921
1.040
1.017
1.302
1.666
1.781
1.537
1.485
1.540
0.988
1.390
0.865
1.382
1.275
1.103
1.371
0.951
1.006
1.599
1.577
1.302
1.337
1.108
0.967
1.173
1.646
1.393
1.635
1.270
1.034
1.182
0.917
1.768
2.236
1.376
1.135
1.380
1.134
1.532
1.176
1.427
1.076
1.226
1.003
1.061
1.253
1.264
0.960
0.647
0.642
0.821
0.690
0.761
0.792
0.784
0.996
0.958
0.678
0.720
0.949
0.805
1.387
1.048
1.291
0.827
1.285
0.869
0.892
0.917
0.920
1.535
1.073
1.093
1.208
1.113
1.005
1.440
1.768
1.534
1.188
1.559
0.980
1.400
1.317
0.880
1.179
0.669
1.349
1.690
0.902
0.871
0.728
1.082
2.076
1.353
1.010
0.997
1.175
1.240
0.607
0.792
1.210
1.042
0.783
1.156
1.512
1.100
0.899
0.765
1.258
1.030
1.101
1.325
1.023
0.661
0.618
0.990
1.089
1.057
0.763
0.910
1.067
1.175
0.694
1.718
1.003
0.876
1.414
1.164
0.834
1.060
0.704
0.729
1.292
0.844
0.990
0.765
0.873
0.990
0.808
1.787
2.026
2.256
1.026
0.873
1.657
1.669
1.010
0.684
0.791
1.269
2.502
1.560
0.920
1.559
0.720
1.025
0.546
1.014
1.046
0.870
0.998
1.144
0.937
1.839
1.614
1.347
0.920
1.317
1.102
1.127
1.145
0.674
0.664
0.985
0.746
0.895
0.793
1.149
1.597
1.344
1.548
0.893
1.325
0.982
0.786
1.065
1.455
1.059
1.037
1.473
1.455
1.428
2.147
1.805
1.052
0.832
0.907
1.138
0.966
1.057
0.869
1.237
1.157
1.070
1.028
1.269
1.034
0.798
0.899
2.522
1.935
1.108
0.814
1.154
1.425
1.750
1.466
1.421
1.728
1.528
1.800
0.978
1.206
0.927
1.722
1.209
0.934
1.032
1.314
1.373
1.530
1.410
1.422
1.356
0.951
1.489
1.743
1.915
1.781
2.062
1.979
2.144
1.351
1.200
1.172
1.145
1.235
1.239
1.469
1.430
1.496
1.040
1.460
0.985
2.080
1.463
1.517
1.420
1.713
1.816
1.923
0.894
0.975
0.811
1.052
1.837
1.327
0.964
1.329
1.338
1.544
1.987
1.884
1.634
1.079
1.053
0.943
0.814
1.114
1.528
1.355
1.395
1.169
1.015
1.305
1.449
1.745
1.493
0.998
0.925
1.235
1.055
1.454
1.592
1.640
1.498
1.508
1.623
1.470
1.104
0.985
1.082
1.301
1.098
1.070
1.469
1.618
1.588
0.892
1.238
1.320
1.645
1.447
0.927
1.110
1.368
1.246
0.985
0.986
0.963
1.365
1.562
1.418
1.524
1.660
1.201
1.506
1.316
1.090
1.250
0.940
1.352
1.460
1.107
1.021
1.087
1.040
1.113
1.029
1.010
1.098
1.338
1.232
0.760
0.758
0.881
1.050
1.073
1.491
1.672
1.763
2.058
1.990
1.898
1.677
1.540
1.473
1.136
1.586
1.940
1.890
1.476
1.400
1.342
1.652
1.664
1.423
1.237
1.296
1.182
1.324
1.102
1.004
0.629
0.829
1.090
0.767
0.999
1.325
1.153
0.748
1.057
1.300
1.344
0.996
0.964
1.184
1.249
0.997
0.984
1.530
1.501
1.259
1.602
1.155
0.898
1.143
0.900
1.057
1.077
0.778
0.942
0.946
0.971
0.959
0.974
1.098
1.042
0.881
0.944
1.154
1.480
1.041
1.130
1.190
0.695
0.917
1.132
1.102
1.056
0.948
1.208
0.755
1.089
1.068
1.450
1.017
0.856
0.697
0.952
0.843
0.703
1.245
1.670
1.605
0.545
1.227
0.938
1.004
1.178
0.842
1.426
0.863
1.056
1.139
0.735
1.016
1.897
2.402
1.819
2.081
2.053
1.801
1.371
1.265
1.124
0.961
1.137
1.197
1.014
0.738
0.887
1.257
1.232
1.223
1.071
1.090
0.688
0.931
0.538
0.682
0.775
1.700
1.378
1.030
1.253
0.969
1.452
1.171
0.918
1.008
2.730
2.560
2.198
2.046
1.474
0.822
1.071
1.027
1.186
0.655
1.647
1.289
1.391
0.907
0.967
1.143
0.986
1.431
1.808
1.648
0.949
1.190
2.375
1.713
0.842
1.132
0.870
1.741
1.194
0.810
1.155
1.539
1.479
1.435
1.113
1.098
1.234
1.301
1.294
1.120
1.130
1.404
1.220
1.090
0.975
0.951
1.209
0.777
0.864
0.841
1.438
1.804
0.934
1.113
0.867
1.020
1.148
1.505
1.696
1.337
1.416
1.130
1.659
1.212
1.505
1.004
2.208
1.876
3.000
2.419
1.571
0.760
1.419
1.614
1.262
1.179
1.023
1.000
1.233
1.933
0.903
1.052
1.428
1.612
0.776
1.790
2.306
2.702
2.514
1.663
0.774
0.875
0.976
1.393
1.435
1.385
1.161
2.292
1.919
1.199
1.118
1.255
0.793
1.456
1.739
0.878
1.211
1.413
1.245
0.877
1.439
1.422
1.357
1.313
0.928
0.906
1.322
1.089
1.089
2.826
2.013
1.858
1.788
1.046
0.978
1.085
1.296
1.468
1.173
1.599
1.027
1.371
1.177
1.138
1.509
1.704
1.375
1.177
1.044
1.435
1.699
2.048
2.279
1.754
1.342
1.843
1.442
2.441
1.376
1.087
1.510
1.692
1.636
1.729
1.800
1.131
0.993
1.399
1.486
1.065
1.136
1.217
1.413
0.757
1.020
1.683
1.602
1.604
1.226
0.963
1.704
1.218
1.802
1.411
1.156
0.994
2.306
2.097
1.143
1.611
1.294
1.064
1.085
1.543
0.899
1.801
1.299
1.226
1.057
1.299
0.946
0.942
1.618
1.192
2.188
1.526
1.547
1.264
1.366
1.208
1.033
0.887
1.075
1.308
1.632
1.048
0.622
0.921
1.174
1.366
1.344
1.595
2.046
1.948
1.556
1.623
2.004
1.907
2.252
2.331
1.118
1.206
1.476
1.893
1.179
1.169
0.925
1.125
1.239
1.282
1.050
1.230
1.362
1.331
1.428
1.966
1.326
1.280
1.095
1.265
1.330
1.505
1.182
1.443
1.083
0.834
1.313
1.775
1.874
1.866
1.493
1.722
1.735
1.605
1.371
1.350
1.950
0.797
0.698
1.084
1.019
1.035
1.318
1.098
1.111
1.440
0.948
1.313
1.143
1.098
1.593
1.749
1.247
1.021
1.431
1.383
1.225
1.241
0.917
0.986
1.317
1.126
1.408
0.988
1.046
1.531
1.112
1.283
1.265
1.170
1.796
1.074
0.927
0.863
1.276
1.130
1.345
1.240
0.981
0.709
0.987
1.055
0.846
0.830
1.059
1.362
1.192
0.861
1.015
1.320
0.879
0.834
1.182
1.648
0.878
1.480
0.974
0.695
0.811
0.744
0.647
0.980
1.443
1.604
1.208
0.585
0.688
1.384
1.084
1.443
1.159
1.218
1.158
0.912
1.000
2.880
1.636
1.006
1.205
1.161
0.874
0.673
0.916
1.189
1.108
1.194
1.047
0.886
0.914
0.869
0.443
0.932
1.361
1.265
0.778
0.739
0.655
1.263
2.613
1.593
1.486
1.149
1.044
1.423
0.981
0.858
1.009
0.911
0.933
0.970
1.046
1.864
1.917
1.273
1.279
1.410
1.090
0.624
0.571
0.529
0.556
0.692
1.241
1.880
1.700
1.304
1.322
1.173
1.427
0.877
1.048
0.891
1.431
1.006
1.129
1.337
1.444
0.797
1.236
0.691
1.105
1.393
0.938
1.198
1.185
1.035
1.515
1.490
1.091
0.959
0.854
0.926
1.020
2.132
1.962
1.098
0.815
1.138
0.913
1.762
2.054
1.940
1.064
1.058
1.304
1.236
1.112
1.277
1.089
1.387
1.163
1.553
1.523
1.354
1.415
1.395
1.100
1.282
0.915
1.847
1.688
1.362
0.969
0.927
1.196
1.393
1.658
1.278
1.349
1.155
0.949
1.598
2.521
1.002
1.111
1.086
0.886
1.144
1.399
1.317
1.201
1.253
0.987
1.086
1.548
1.558
1.588
1.788
1.731
2.277
1.887
2.078
1.330
0.893
1.148
1.527
1.501
1.607
1.460
1.426
2.118
1.515
1.485
1.533
1.364
1.134
1.210
1.367
1.317
1.123
1.625
1.708
0.943
1.162
1.068
1.251
1.179
1.155
1.182
0.807
1.013
0.963
1.257
1.797
1.858
0.906
1.459
1.239
0.820
1.029
1.467
1.169
0.855
1.144
0.777
0.817
0.999
1.190
1.687
1.771
1.553
1.758
1.570
1.419
1.805
1.110
1.206
0.903
0.751
1.191
1.277
0.906
1.422
0.842
0.846
1.217
1.136
1.039
1.121
1.509
1.898
1.597
1.122
1.000
0.934
1.010
1.137
0.754
1.377
1.868
1.752
1.222
1.038
0.982
1.673
1.160
1.362
0.969
0.924
0.773
1.353
1.407
1.025
1.255
1.730
1.522
0.551
1.026
1.052
1.348
1.059
1.406
1.410
0.821
1.472
1.622
1.017
0.827
1.256
1.006
1.191
1.372
1.359
1.259
1.138
1.746
1.205
1.167
1.169
0.999
1.005
1.037
1.647
1.267
1.503
1.367
1.529
0.850
0.952
1.355
1.265
1.797
1.215
1.246
0.908
1.054
0.954
1.227
1.091
0.884
1.416
1.757
1.537
1.434
0.740
0.962
1.599
1.557
1.425
1.311
1.058
1.101
1.177
1.381
1.542
1.817
1.222
0.929
1.469
0.879
1.339
1.806
1.521
1.356
1.065
1.230
1.305
0.882
0.702
1.048
1.422
1.449
0.901
1.272
0.921
1.408
0.830
1.131
0.854
0.620
0.806
1.163
1.482
1.531
1.445
1.553
1.471
1.812
1.418
1.293
1.519
1.148
0.945
0.455
0.990
0.932
1.175
1.059
1.352
1.672
1.466
1.038
1.059
1.257
1.413
0.986
1.089
1.443
1.155
1.079
1.224
0.903
0.832
1.181
1.252
0.911
0.922
0.868
1.041
2.201
1.209
1.595
1.723
0.812
0.828
0.975
0.681
0.893
0.817
1.175
0.982
0.899
0.791
1.378
0.840
0.741
1.118
0.896
0.857
1.355
1.453
1.009
1.152
0.867
1.496
1.074
0.907
1.166
1.435
1.337
1.277
0.745
2.329
1.927
1.370
1.078
1.167
1.303
1.454
1.280
1.325
0.894
0.935
1.248
1.255
1.237
1.193
1.010
1.093
1.003
0.738
0.723
0.724
0.796
0.826
0.893
0.897
0.927
0.931
1.090
0.574
0.544
0.817
1.065
0.912
0.977
1.155
1.579
1.273
0.959
2.197
1.772
1.503
0.689
0.826
0.639
0.874
0.818
1.086
1.117
1.305
1.584
1.654
1.706
1.375
0.988
1.433
1.164
1.162
1.263
1.118
1.089
1.225
1.026
1.134
1.208
1.074
1.163
1.306
1.206
0.959
2.198
0.939
0.802
0.836
1.235
0.725
0.976
1.414
2.165
2.687
2.260
1.626
0.971
0.886
1.167
1.195
1.318
1.009
1.288
1.097
1.103
1.198
1.320
1.698
0.876
1.070
1.299
0.980
1.311
1.243
0.792
0.668
1.328
0.875
1.161
1.635
1.092
0.868
1.492
1.499
1.324
1.334
1.008
0.811
1.385
1.290
0.763
1.200
2.376
2.298
2.333
2.328
1.620
0.918
0.849
0.801
1.168
1.467
1.026
1.026
1.405
1.661
1.484
0.986
1.164
1.362
1.252
1.093
1.061
1.469
1.509
1.674
1.917
1.612
1.719
1.509
1.787
1.401
1.309
1.065
2.012
1.537
1.169
1.228
1.973
1.844
1.836
1.574
1.357
1.205
1.037
0.842
1.178
1.409
1.214
2.254
1.626
1.593
1.264
1.086
1.179
0.768
0.849
0.901
0.902
1.117
1.367
1.509
0.859
1.156
1.060
1.231
1.116
1.001
1.408
1.495
1.721
1.554
1.431
1.380
1.214
1.098
1.253
1.524
2.246
1.581
1.355
1.425
1.304
1.177
1.078
0.812
0.851
0.694
0.904
1.156
0.920
1.319
1.545
1.143
0.887
1.243
1.644
1.723
1.836
1.288
0.998
1.317
1.503
1.526
1.230
1.391
1.277
0.876
1.249
1.354
1.329
1.667
1.990
1.354
1.323
1.146
1.030
1.106
1.519
1.524
1.128
1.164
0.959
1.268
1.636
1.501
0.947
0.982
0.878
1.148
1.318
1.216
1.088
1.281
0.839
1.179
1.281
1.318
1.659
1.124
1.096
0.973
1.068
1.023
1.030
1.081
1.247
1.306
1.359
1.351
1.175
1.521
1.267
1.002
1.607
1.776
1.345
0.788
0.976
1.217
1.037
1.329
1.490
1.537
1.614
1.402
0.614
0.970
0.892
1.115
1.002
1.274
1.228
1.277
1.254
0.890
0.921
1.161
1.241
1.088
1.069
0.940
0.965
0.944
1.208
1.370
1.278
0.989
0.995
1.006
0.965
1.058
0.861
0.800
1.022
1.404
1.496
1.283
1.158
1.258
1.125
1.182
1.306
1.321
0.626
1.024
1.552
1.026
0.837
1.064
0.976
0.733
1.189
1.408
1.046
0.710
1.833
1.697
1.306
1.085
1.219
1.145
1.379
1.015
1.084
1.372
1.370
1.091
1.006
0.837
1.178
1.420
1.243
0.727
1.669
1.531
1.618
1.813
1.876
1.567
1.537
1.546
1.801
1.810
1.747
1.344
1.033
1.100
1.048
0.842
0.844
0.713
1.005
1.025
0.986
0.758
1.715
1.868
1.595
0.836
1.299
1.238
0.908
0.766
0.808
0.822
0.518
1.838
1.372
1.016
1.334
0.659
0.671
1.308
0.824
1.571
1.104
1.182
1.127
1.356
0.832
0.943
0.759
1.027
1.146
1.212
1.098
0.822
1.283
0.903
1.398
0.651
0.797
0.969
1.236
0.903
0.809
1.419
1.012
0.921
0.775
0.947
1.091
1.421
1.144
1.190
0.908
0.681
1.110
1.345
1.218
0.900
0.926
1.313
0.987
1.126
0.764
0.747
0.896
1.123
1.415
0.725
0.969
0.808
1.000
0.751
1.115
1.444
1.125
1.270
1.375
1.486
1.542
1.372
2.369
2.439
2.065
1.414
0.766
0.887
1.078
0.921
1.029
1.280
1.405
1.148
1.108
1.107
0.970
0.995
1.797
1.387
2.254
1.630
1.211
1.172
2.499
2.361
1.172
1.553
1.368
0.901
1.084
1.230
1.691
0.930
0.596
1.860
2.358
2.519
2.274
1.547
0.982
1.420
1.584
1.518
1.215
1.297
1.284
1.140
1.408
1.027
1.335
1.373
1.170
1.432
1.118
1.285
1.095
1.289
1.627
1.970
1.259
1.403
1.550
1.669
1.247
1.721
1.838
1.217
1.397
1.484
1.344
1.129
1.369
0.836
1.074
1.203
1.763
1.057
0.942
0.875
1.013
1.165
1.223
0.968
0.763
0.732
0.763
1.044
1.064
1.541
1.351
1.526
1.474
1.151
1.655
1.061
0.925
1.176
0.800
0.917
1.027
0.781
1.005
0.879
1.124
1.137
1.379
1.580
1.924
1.214
1.076
1.185
1.832
1.398
1.147
1.286
1.024
1.077
0.935
0.868
0.879
1.364
1.364
1.301
1.518
0.935
1.271
1.865
1.934
1.471
1.818
1.598
1.160
0.818
0.677
0.878
0.923
1.520
1.577
1.791
1.548
1.422
1.406
1.486
1.536
1.616
1.565
1.218
1.598
1.830
1.492
1.144
0.599
1.378
1.171
1.063
1.061
1.154
1.317
1.511
1.769
1.623
1.812
2.149
1.467
1.862
0.989
0.879
0.833
1.108
1.257
1.142
1.028
1.635
1.306
1.206
1.179
0.780
1.193
1.077
0.855
0.745
1.301
1.975
1.796
1.484
1.219
1.451
1.609
0.924
1.354
1.125
0.659
0.681
0.661
0.624
1.037
1.469
1.026
1.091
1.010
0.947
1.461
1.072
0.931
0.901
1.388
1.508
0.866
1.173
0.988
0.985
0.802
1.329
1.431
1.014
1.047
1.109
1.477
1.244
1.114
1.103
1.327
1.081
1.426
1.179
0.756
1.193
0.958
0.994
0.935
0.995
1.394
1.400
0.962
0.838
1.037
1.230
1.363
0.840
0.835
0.870
1.172
0.892
0.987
1.706
1.260
0.909
0.643
0.788
1.551
1.552
1.256
0.745
0.522
0.967
0.905
0.997
0.744
0.925
1.543
1.702
1.352
1.674
1.456
1.451
1.148
1.937
1.625
0.888
0.991
0.826
0.967
0.825
0.604
0.768
1.192
1.629
1.443
0.959
0.857
0.632
0.817
1.060
1.388
1.168
0.955
1.150
1.205
0.638
0.618
1.338
1.268
1.320
1.091
0.629
0.911
0.979
0.959
0.817
0.599
1.010
0.723
1.044
1.537
1.322
1.057
2.148
0.660
1.545
1.478
1.434
0.978
1.015
1.168
0.855
0.997
1.011
1.089
1.257
1.439
1.772
1.495
0.952
0.903
0.805
1.140
0.907
0.737
1.507
1.157
1.544
1.758
1.899
1.555
0.831
0.814
1.151
0.955
1.264
1.440
1.083
2.041
1.996
1.134
0.934
1.233
1.040
1.154
1.298
1.059
1.294
1.856
1.342
1.597
1.476
0.717
0.921
1.060
1.100
1.236
1.181
1.098
1.844
1.084
1.062
1.372
1.465
1.279
1.960
0.961
1.268
1.524
1.004
0.701
1.062
