19790101
1.550
1.404
1.459
1.303
1.437
1.484
0.944
0.802
1.058
1.175
1.693
2.014
1.977
1.827
2.040
1.920
1.313
1.145
0.914
1.459
0.878
1.132
1.960
1.900
1.417
1.322
1.798
1.629
1.100
0.887
1.126
0.817
1.279
1.355
1.179
1.451
1.595
1.284
1.398
1.574
1.479
1.528
1.861
1.694
1.647
1.772
2.028
1.307
0.910
0.897
1.442
1.121
1.424
1.090
1.093
0.849
1.419
1.931
0.893
0.953
1.558
1.294
1.108
0.818
1.286
1.239
1.019
1.224
1.205
1.109
1.034
0.992
0.863
0.862
0.848
1.294
1.096
2.221
1.317
1.197
0.904
1.115
1.031
1.662
1.217
1.133
1.385
0.936
0.741
0.695
0.864
1.198
1.417
1.289
0.501
2.578
2.384
1.765
1.070
0.784
0.661
0.924
0.717
0.968
1.102
0.744
0.781
0.608
0.939
1.015
0.865
1.501
1.883
1.965
1.865
1.887
1.636
0.918
1.591
1.371
1.229
1.300
1.448
1.027
1.003
1.088
0.740
0.644
0.913
0.868
0.921
0.763
0.911
0.792
0.789
1.091
0.846
1.082
0.629
0.728
0.616
1.203
0.996
1.829
1.060
0.991
1.503
1.314
1.627
2.335
2.527
1.515
0.875
0.893
0.944
0.932
1.338
1.592
1.908
1.673
1.280
1.080
1.176
1.191
2.309
2.286
1.483
1.280
0.971
0.951
0.650
0.599
0.664
1.191
0.876
2.108
1.704
1.508
1.169
0.655
0.976
1.585
1.418
1.293
0.983
1.255
1.131
1.086
1.230
2.108
1.917
1.617
0.897
1.230
1.180
0.807
2.331
1.766
1.323
1.395
2.669
1.145
1.512
1.268
1.445
1.351
0.949
0.945
0.791
1.009
0.764
1.325
1.158
1.130
1.553
1.174
1.075
1.231
1.178
1.186
1.180
1.189
0.991
1.587
1.094
1.252
1.340
1.670
1.397
1.299
0.945
1.069
1.295
1.060
0.912
1.290
2.036
1.528
0.943
1.027
1.188
1.660
1.690
1.997
1.404
0.838
1.644
2.866
1.358
1.086
1.288
1.719
1.430
1.754
1.477
1.696
2.007
1.992
1.320
1.308
2.934
2.229
1.300
1.393
2.072
1.433
1.702
1.710
1.175
1.631
2.099
1.226
1.328
1.017
1.118
1.493
1.870
1.269
1.072
1.419
1.063
1.559
1.025
1.211
1.237
1.940
1.552
1.573
2.922
1.813
1.630
1.566
1.181
1.547
1.523
1.182
1.091
1.761
1.492
1.346
1.299
1.674
1.668
1.767
1.297
1.192
1.198
1.219
1.117
1.464
1.601
0.952
1.886
2.125
1.358
2.272
1.945
1.214
1.113
1.191
1.908
1.915
1.511
0.983
1.113
1.050
1.217
1.214
1.416
2.822
1.553
1.443
1.628
1.276
1.366
1.611
1.662
2.107
1.615
1.282
1.439
1.137
2.134
1.360
1.520
2.101
2.128
1.643
0.806
1.603
1.107
1.194
1.453
1.218
1.629
1.322
1.035
1.004
0.927
1.552
1.535
1.213
2.187
2.300
1.989
1.944
0.964
1.677
1.778
1.474
1.507
1.753
1.489
1.535
1.552
1.871
1.411
1.219
0.675
1.340
1.310
1.406
1.142
0.982
1.344
0.935
1.231
1.682
1.907
1.506
1.626
2.002
1.781
1.764
1.612
1.286
1.293
0.799
1.258
1.768
1.713
1.694
1.526
0.891
1.548
1.738
1.189
1.745
1.580
1.401
1.878
0.900
1.292
2.587
2.040
1.351
1.119
0.695
1.230
0.949
1.223
1.018
1.171
1.443
1.468
1.395
1.627
0.930
0.720
1.282
1.200
1.131
1.228
0.867
0.918
0.787
0.682
0.839
0.677
1.070
0.927
0.872
0.906
0.767
0.913
1.145
0.650
0.734
0.882
1.076
0.727
1.131
0.826
0.891
0.591
0.833
1.310
1.993
1.780
1.412
1.177
0.946
1.288
1.550
1.825
1.857
1.839
1.455
1.268
1.218
1.522
1.584
1.016
1.306
1.299
1.307
1.443
1.002
1.258
1.189
1.013
0.857
0.585
0.805
1.299
1.577
1.492
2.582
2.486
1.631
0.817
0.827
1.014
0.855
0.928
1.196
1.222
1.027
0.720
0.729
0.782
1.046
0.896
0.807
1.257
1.388
1.039
1.024
0.946
0.966
1.368
0.976
0.977
1.299
1.279
1.089
0.871
0.614
0.680
1.484
2.162
1.075
0.612
0.869
0.891
0.657
1.010
0.966
1.096
1.397
1.789
1.344
0.962
0.966
0.938
1.248
2.016
2.035
1.231
0.973
1.898
1.756
1.307
1.332
0.833
1.454
1.220
0.873
2.209
2.580
1.705
1.085
1.048
1.475
1.396
0.953
0.957
0.911
0.848
0.846
1.329
1.369
0.883
1.208
0.997
1.435
1.280
1.191
1.283
1.393
1.177
1.579
2.147
1.768
1.263
1.341
1.151
2.872
1.686
0.832
1.075
1.314
1.049
1.279
0.792
0.995
1.313
1.440
1.407
1.297
1.417
1.191
1.535
1.078
1.836
1.354
1.043
1.205
1.506
1.153
1.430
1.517
1.559
1.576
2.997
1.763
1.097
1.153
1.059
1.137
1.342
0.908
1.518
2.054
1.987
1.214
1.597
1.648
2.033
1.673
1.533
1.081
1.871
1.645
3.478
1.397
1.513
1.562
1.650
1.197
2.684
2.001
1.576
1.538
1.442
1.646
1.195
1.938
1.582
1.418
1.078
1.345
0.968
2.465
1.883
1.163
1.675
0.922
1.279
1.592
1.098
1.373
1.023
1.136
1.069
1.086
1.111
0.836
1.236
1.249
1.882
1.370
1.636
1.169
0.990
1.536
1.010
1.488
1.962
2.291
1.634
1.345
1.308
1.592
1.791
1.991
2.360
2.292
1.620
2.130
1.661
1.367
1.979
1.258
1.769
1.447
0.808
1.187
1.494
1.530
1.909
1.478
0.957
0.659
0.755
1.145
1.414
1.913
2.195
1.762
1.014
1.231
1.180
1.691
1.865
1.249
1.174
1.060
0.920
1.688
1.896
1.805
1.326
0.937
0.863
1.456
1.675
2.352
1.872
1.833
2.328
1.682
1.733
0.845
1.301
1.319
1.200
1.790
1.564
1.759
2.181
1.760
1.602
1.545
1.168
0.837
0.836
0.873
1.184
1.034
1.604
1.652
1.681
1.422
1.348
0.918
1.209
1.212
1.205
1.220
1.474
1.241
1.608
1.894
1.646
1.351
1.528
1.387
1.104
0.578
1.438
1.164
1.572
1.161
1.184
0.560
0.630
1.337
0.768
0.746
1.017
1.348
1.354
1.471
1.242
1.043
0.831
1.695
1.347
0.870
0.751
0.757
0.846
0.962
1.301
0.918
0.926
0.940
0.977
0.796
0.901
0.713
0.692
0.895
0.721
0.693
0.724
0.795
0.848
1.332
1.721
1.751
1.463
2.082
1.794
1.271
0.639
1.471
1.097
0.745
1.223
1.252
1.218
1.081
1.217
1.837
1.004
1.092
1.208
0.992
0.865
0.788
0.797
1.167
1.187
1.458
1.288
1.119
1.490
1.275
0.762
0.646
0.945
0.568
0.693
1.526
1.887
1.599
1.727
1.463
1.292
1.142
0.966
1.615
1.193
0.845
1.008
0.993
0.984
1.540
1.573
1.354
0.937
1.149
0.886
0.817
0.936
0.962
0.725
1.016
1.042
0.835
0.792
1.096
0.712
0.571
0.604
0.695
0.792
0.862
1.313
1.663
1.078
1.000
0.780
0.978
1.205
1.693
1.488
1.603
1.277
0.856
1.256
1.414
0.970
0.850
1.026
0.828
1.761
2.082
0.825
1.027
1.066
0.877
1.283
1.776
0.954
0.741
1.697
2.193
1.024
0.653
1.164
1.153
1.068
1.193
0.881
0.859
0.724
0.697
1.252
1.492
1.625
0.689
1.887
2.201
2.019
1.620
1.623
1.219
1.100
1.012
1.000
1.078
0.483
1.346
1.335
1.479
1.985
3.110
3.448
2.527
1.023
0.680
2.434
3.071
1.802
1.133
0.934
1.170
1.366
1.423
0.916
1.023
1.172
1.302
1.158
1.224
1.166
1.586
1.143
2.421
2.271
1.484
1.342
1.221
1.182
1.233
1.677
1.268
2.719
2.797
2.023
1.203
0.850
1.099
1.175
1.294
0.931
1.320
1.560
1.263
1.445
2.491
2.165
1.735
1.157
1.357
1.631
1.416
1.203
1.505
1.802
1.535
1.249
1.424
1.421
1.588
2.699
2.021
1.394
1.617
1.673
1.782
0.978
1.463
1.421
0.895
1.452
1.266
1.717
1.475
1.313
2.682
1.584
1.967
1.839
1.228
1.443
1.627
0.749
1.214
1.649
1.361
1.768
1.555
1.339
1.600
1.502
0.763
1.032
1.077
1.567
1.268
1.124
0.736
1.162
1.454
1.109
1.820
1.814
1.337
1.645
1.286
1.535
1.549
1.382
1.920
0.822
1.559
1.604
1.219
1.232
1.666
1.418
0.860
1.281
1.345
0.896
0.951
0.703
1.340
1.711
1.055
1.261
1.133
1.364
1.269
1.070
1.333
1.149
1.527
2.027
1.689
1.703
1.313
0.771
1.553
1.253
1.216
1.208
0.868
1.285
0.896
1.380
0.816
1.075
0.857
1.712
1.829
1.031
1.465
2.078
1.533
1.582
1.629
1.371
0.632
1.359
1.143
0.781
0.754
1.195
1.549
1.344
1.003
0.911
0.855
0.921
1.163
1.293
1.178
1.159
1.477
1.352
1.220
1.349
1.442
1.746
1.482
1.097
1.433
1.092
1.055
1.066
1.375
1.185
0.706
1.111
1.465
1.314
0.912
1.178
1.300
1.391
1.410
1.091
1.649
1.849
1.574
1.050
0.866
0.929
1.414
1.285
1.098
1.074
0.960
0.873
1.307
0.982
0.903
1.196
0.863
1.050
1.599
1.130
1.547
1.311
0.742
0.778
1.118
1.107
0.979
1.096
1.399
1.010
1.005
1.118
0.788
1.064
1.518
1.457
1.353
1.021
0.925
1.328
0.726
0.971
1.158
1.126
1.655
1.587
1.204
1.236
0.997
1.094
1.239
1.216
2.044
1.693
1.423
2.080
1.475
1.676
1.367
1.177
1.523
1.178
0.571
1.129
1.107
0.877
0.957
0.932
0.707
0.937
1.159
1.498
1.224
0.996
0.743
1.518
1.159
0.915
0.784
1.096
1.151
1.199
1.220
1.648
1.891
1.960
1.702
1.344
1.095
1.980
1.679
1.915
1.791
1.849
1.428
0.921
0.831
0.963
1.528
1.363
0.841
1.190
0.846
0.598
0.689
1.029
0.886
0.886
0.875
0.659
0.693
0.560
0.990
2.108
1.984
2.316
2.121
1.870
1.492
1.038
0.976
0.808
0.886
0.751
0.767
0.933
0.823
1.144
1.582
1.251
1.221
1.105
1.226
1.297
1.137
2.111
1.688
1.172
1.407
1.170
1.562
1.620
1.073
1.688
2.112
1.903
1.996
1.951
1.238
0.971
1.327
1.257
1.130
1.423
1.296
1.534
1.186
0.939
1.281
1.075
0.923
1.299
1.047
1.123
0.999
1.434
1.643
1.148
0.838
0.690
0.876
1.072
1.167
1.181
0.777
0.940
1.209
1.266
0.885
2.084
1.158
1.510
1.052
1.053
1.296
0.938
1.144
1.059
1.360
1.366
2.185
1.368
1.031
1.006
1.481
0.977
0.889
1.353
1.401
1.733
1.429
1.054
1.064
1.191
1.407
1.128
1.347
0.881
1.084
1.412
1.558
1.018
1.255
1.320
1.621
1.433
1.150
1.386
1.498
1.062
1.373
1.438
1.495
1.300
1.223
1.906
1.486
1.229
1.550
1.148
1.294
0.959
1.483
1.022
1.366
1.117
0.686
0.964
1.220
1.282
1.314
1.108
1.036
1.514
1.198
1.547
1.307
1.056
1.495
1.407
1.470
1.265
1.883
1.599
1.295
2.038
0.972
1.081
1.769
1.475
1.242
1.234
0.971
1.200
1.567
1.698
1.076
1.163
1.196
1.224
1.884
1.259
1.405
1.855
1.879
1.862
1.347
1.538
1.313
1.415
0.955
1.143
1.338
1.985
1.344
1.030
0.670
1.358
1.336
1.084
1.179
1.986
1.458
1.405
1.605
1.350
1.149
1.773
1.792
1.637
1.112
1.224
0.991
1.158
1.005
0.750
1.313
1.199
1.003
1.221
1.794
1.393
1.339
1.772
1.217
1.769
1.991
1.379
1.944
1.507
1.153
1.181
1.411
1.803
1.253
1.536
1.789
1.433
1.130
0.931
1.269
1.028
1.151
1.244
1.222
1.435
1.050
0.976
1.168
1.388
0.997
1.424
1.494
1.814
1.487
1.631
1.288
1.082
0.810
1.223
1.353
1.549
2.006
2.085
1.331
1.559
1.122
1.226
1.194
1.701
1.172
1.092
1.612
1.637
1.094
2.301
1.593
1.422
1.135
1.593
0.838
1.096
0.933
1.119
0.926
1.426
1.338
1.696
1.702
0.956
0.815
1.296
1.099
1.162
1.227
0.817
0.958
0.924
0.825
1.004
1.099
1.114
1.762
1.567
1.845
1.743
1.408
1.783
1.745
1.233
0.950
1.250
1.052
0.933
1.512
0.557
1.165
0.811
1.368
1.738
1.372
2.283
1.877
1.948
1.928
1.438
1.338
1.540
0.963
1.767
1.256
1.400
0.816
0.895
1.098
1.068
1.017
1.067
0.731
1.157
1.280
0.833
1.002
0.961
0.898
1.259
1.260
0.826
0.732
0.756
1.085
1.272
1.173
0.653
0.906
1.345
1.310
1.180
1.125
0.751
0.845
1.102
0.993
0.583
0.756
0.839
0.951
1.101
1.027
1.803
1.199
1.547
0.993
1.565
1.489
1.250
1.256
1.282
0.869
1.542
1.037
1.140
1.434
0.869
0.656
0.867
0.928
1.818
1.881
1.049
1.466
1.750
1.374
1.554
1.587
2.324
1.156
1.010
0.823
1.160
1.446
0.865
1.081
1.157
0.721
1.157
0.892
1.539
2.724
2.212
1.431
1.077
1.363
1.775
1.760
1.569
1.240
1.211
0.836
1.214
0.824
0.977
0.981
1.118
1.465
1.071
1.864
1.302
1.010
1.598
1.441
2.082
1.907
2.192
1.840
1.664
1.338
1.244
1.653
1.464
1.902
2.215
1.623
2.003
1.454
1.492
1.491
1.717
0.870
1.272
1.182
1.472
1.116
1.401
1.037
1.605
1.902
2.480
1.942
1.547
1.193
0.847
0.932
1.551
1.383
1.263
1.457
1.603
1.363
0.909
0.873
1.168
1.806
2.027
2.101
1.923
1.540
0.798
1.455
1.624
1.117
1.502
0.968
1.141
1.143
1.640
1.543
1.602
1.682
1.253
1.193
1.606
1.540
1.906
1.894
2.078
2.035
1.877
1.457
1.187
1.125
1.636
1.852
2.066
1.812
1.180
1.636
1.484
1.511
2.193
1.454
1.681
1.371
1.261
1.429
1.452
1.000
1.608
1.639
1.590
0.947
1.207
1.523
0.916
1.662
1.270
1.353
1.632
1.190
1.208
1.448
1.589
2.152
1.882
1.382
1.378
1.410
1.764
1.856
2.039
2.726
1.330
1.515
1.065
1.278
1.187
1.220
0.748
1.259
1.256
1.367
1.248
1.432
1.345
1.454
1.320
1.980
1.704
1.301
2.045
1.812
1.719
1.964
1.305
1.918
1.167
1.233
1.418
1.854
2.241
1.161
1.125
1.255
1.692
1.060
0.957
0.993
1.271
1.531
1.149
1.245
1.176
1.599
1.363
0.964
1.536
1.095
1.451
1.882
1.523
1.154
1.486
1.566
1.592
1.488
1.503
1.340
1.061
1.203
1.041
1.514
1.018
0.730
1.193
1.010
2.091
1.470
1.485
0.829
1.116
1.137
1.219
1.228
0.927
0.969
1.334
1.172
1.459
1.623
1.327
1.047
1.267
1.053
0.938
0.984
1.095
1.011
0.632
0.962
1.119
1.126
1.052
1.281
1.454
2.133
1.692
2.031
1.334
1.134
0.950
0.996
0.848
0.716
1.062
1.148
1.021
0.735
1.036
1.237
1.396
1.468
1.025
1.225
1.190
0.896
1.469
0.960
1.005
1.026
1.377
0.869
0.998
0.736
0.966
1.511
1.533
1.235
1.189
0.895
0.695
1.000
0.839
0.705
0.929
0.788
1.061
1.392
1.191
1.315
0.544
1.008
1.307
1.232
1.135
0.765
0.719
0.886
0.905
0.782
0.797
1.118
1.529
1.528
1.898
1.374
1.296
1.148
0.859
1.057
1.328
1.795
1.963
1.286
0.955
0.864
0.959
0.503
0.771
1.157
1.667
1.256
1.225
0.695
0.895
1.629
1.626
1.556
1.086
1.085
1.108
0.718
0.958
0.639
1.517
2.477
1.192
0.954
0.972
0.864
0.875
1.256
1.019
1.268
1.714
1.065
0.856
0.917
0.858
0.522
0.877
0.839
0.829
2.424
1.471
1.494
1.075
0.902
0.808
0.678
0.677
0.608
0.899
1.239
1.480
1.146
1.076
1.190
1.272
1.174
1.213
1.904
1.048
0.918
0.965
0.786
1.168
1.415
1.323
1.226
1.003
1.342
1.064
1.374
1.060
1.338
1.098
0.951
1.059
1.131
1.259
0.799
1.115
1.141
1.022
1.002
0.943
1.084
1.561
1.915
2.256
1.174
1.045
1.608
1.530
1.964
2.104
1.463
0.802
1.102
1.496
1.531
1.434
1.372
1.024
1.392
1.268
1.017
1.175
1.150
1.256
1.727
1.292
1.809
1.993
1.504
1.612
1.655
1.175
2.117
2.586
1.865
1.291
1.473
1.476
1.255
1.871
1.738
1.673
1.523
0.980
1.347
1.150
1.325
1.140
1.362
1.006
1.428
1.696
1.895
1.120
1.335
1.550
1.622
1.267
1.650
1.339
3.096
3.123
1.807
1.993
2.005
1.818
1.632
1.296
1.283
1.544
1.264
1.237
1.319
1.305
1.180
0.995
1.008
1.042
1.338
1.359
1.704
1.493
1.208
0.739
1.181
1.946
2.059
1.271
1.294
1.160
1.453
1.427
1.209
1.340
2.687
1.946
1.322
1.795
1.727
1.284
1.387
1.161
1.385
1.483
1.304
1.276
1.295
1.128
1.293
1.601
1.162
1.469
1.566
1.828
1.088
0.916
1.092
1.507
1.630
1.245
0.754
1.297
0.942
1.135
0.785
1.385
0.828
1.127
1.360
1.332
1.296
0.913
0.953
0.989
1.167
1.282
1.533
1.579
0.975
1.031
1.119
1.113
1.313
1.502
1.372
0.995
0.978
1.256
1.646
1.146
1.501
1.206
0.935
1.463
1.198
0.989
1.203
1.739
2.177
1.753
0.860
1.335
1.500
1.484
1.712
1.470
0.909
1.236
1.523
1.511
1.390
1.470
1.899
1.674
1.116
0.815
0.780
1.559
1.488
1.694
1.144
0.925
0.649
1.331
0.887
0.608
1.109
1.363
1.676
1.329
1.570
1.176
1.092
1.179
0.860
1.528
1.086
1.278
1.206
1.208
1.136
1.203
1.673
0.986
0.967
0.755
1.507
1.123
1.434
1.698
1.781
0.868
0.948
1.279
1.556
1.054
1.068
1.169
1.564
1.478
1.045
1.901
1.985
0.780
1.002
1.328
1.094
1.059
1.137
0.904
0.952
1.105
0.793
0.799
1.295
1.205
1.368
1.050
1.554
1.073
0.967
1.045
1.186
1.278
1.008
1.202
0.639
1.273
1.098
1.013
1.098
1.244
1.359
1.349
0.796
0.693
0.718
1.342
1.138
1.107
1.371
1.327
1.486
1.472
1.265
0.860
0.689
1.411
1.190
1.056
1.567
1.088
0.717
0.684
0.953
1.285
1.636
1.035
1.062
1.144
1.730
1.554
0.619
1.182
1.084
0.847
0.768
1.254
1.557
1.061
1.009
1.190
1.404
1.572
1.665
1.481
0.831
0.965
0.755
0.889
1.106
1.397
1.848
1.173
0.844
1.203
1.089
1.174
1.036
2.093
1.643
1.349
1.308
0.982
0.936
0.728
0.713
0.621
0.844
1.125
0.722
0.877
1.135
1.152
0.818
0.931
0.728
0.824
1.109
1.402
0.893
1.183
0.740
1.002
0.822
1.025
0.888
1.198
0.732
0.920
1.026
1.046
1.694
1.823
1.503
1.742
2.420
2.631
2.595
1.721
0.907
1.407
1.372
1.435
1.258
1.525
0.896
1.182
0.811
1.045
1.060
0.908
1.148
1.282
0.987
1.030
0.839
1.448
1.857
1.996
1.477
0.977
0.857
1.658
1.081
2.206
1.258
1.108
1.125
1.338
2.572
2.094
1.661
1.369
1.516
1.723
1.481
0.847
0.999
1.232
1.474
1.159
1.004
1.045
1.140
1.394
1.250
1.594
1.629
1.332
1.314
1.075
2.651
1.763
1.178
1.105
1.511
1.511
1.090
1.968
1.552
2.268
1.882
0.931
1.264
1.614
1.158
1.068
1.159
0.868
1.264
1.379
1.031
1.240
1.308
2.049
2.599
1.216
0.839
1.136
1.126
1.675
0.894
2.375
1.028
1.275
1.209
0.871
0.928
1.440
1.250
1.346
1.257
1.499
2.182
1.784
1.752
1.249
0.998
1.336
1.209
1.034
1.766
1.158
0.831
1.161
1.391
1.146
1.976
1.244
2.017
1.195
1.229
1.310
0.969
1.186
1.378
1.700
0.963
1.772
1.153
1.348
1.023
1.102
1.362
1.727
1.237
0.745
1.185
1.079
0.980
1.255
1.196
1.136
1.552
1.799
2.119
1.613
1.062
1.541
1.254
1.175
1.023
1.358
1.297
0.995
1.253
1.394
1.399
1.056
1.674
0.946
1.186
1.094
1.325
1.186
1.242
1.190
1.190
1.323
1.282
1.144
1.717
1.267
1.460
1.041
1.130
1.425
0.932
1.044
1.430
1.458
1.157
1.429
1.567
1.561
1.082
1.432
1.488
1.244
1.241
1.129
1.129
1.853
1.083
2.022
1.719
1.294
2.154
1.620
1.131
1.075
1.271
1.570
1.716
0.779
0.911
1.646
1.713
1.691
1.525
1.249
1.090
0.819
1.002
1.250
1.728
1.746
0.990
1.134
1.688
1.398
1.129
1.165
1.146
1.339
1.117
1.331
1.492
1.777
1.668
1.440
1.340
1.188
0.987
1.027
1.145
1.001
0.800
1.008
0.758
0.762
1.199
1.965
1.700
1.018
1.221
0.907
1.010
0.983
1.356
1.166
0.957
1.186
1.228
1.107
1.057
1.080
1.332
2.037
1.737
1.451
1.244
1.357
1.269
0.783
0.655
0.763
0.915
0.949
0.963
1.206
1.083
1.466
1.357
1.803
1.485
1.418
0.793
1.014
1.373
1.283
1.752
1.425
0.991
0.661
0.956
0.723
1.095
1.505
1.133
0.972
1.086
0.908
0.771
0.748
0.818
0.931
1.033
1.528
0.690
0.934
1.300
0.926
1.182
1.230
0.949
0.794
0.833
0.666
0.935
1.392
0.933
0.669
1.014
0.925
1.111
0.694
1.958
2.085
1.185
1.048
1.113
1.012
1.223
0.851
0.789
1.033
0.739
1.013
1.929
1.724
1.196
1.075
1.163
1.272
0.936
1.089
1.063
0.815
0.481
0.583
1.017
0.875
0.847
1.273
1.496
1.049
0.856
1.181
1.099
1.165
1.446
1.105
0.868
0.776
0.994
1.390
0.898
1.448
0.984
1.439
1.475
-99.000
1.463
1.589
1.646
0.958
0.979
1.385
1.017
1.430
0.789
0.807
0.769
0.993
1.027
0.933
1.056
0.897
1.125
1.012
0.920
0.981
1.323
0.929
0.975
1.046
1.187
1.090
1.249
0.828
1.311
1.276
1.144
2.122
2.164
1.571
1.239
1.515
2.294
1.760
1.551
1.337
1.366
0.874
1.371
1.026
1.002
1.006
1.225
0.825
0.841
0.746
1.291
2.495
2.549
1.799
1.230
1.198
1.339
1.005
1.419
1.637
1.110
1.012
0.857
1.449
1.129
1.167
0.896
0.954
1.123
1.072
1.024
1.164
1.800
1.296
1.280
1.293
1.495
0.953
1.355
1.511
0.655
1.604
1.378
2.226
1.662
1.994
1.191
0.749
1.334
0.868
1.135
1.167
0.979
1.338
1.431
1.389
1.161
1.964
1.131
1.067
1.062
1.013
1.089
1.379
1.537
1.523
1.938
1.105
1.420
1.261
1.374
1.326
1.646
1.340
1.293
1.442
1.638
1.086
1.459
1.790
1.497
1.301
0.993
1.228
1.240
1.297
1.089
0.990
1.504
1.378
0.992
1.329
1.280
1.845
1.953
1.385
1.118
1.279
1.997
1.243
1.314
1.835
1.174
1.173
1.872
2.611
1.877
1.403
1.078
1.518
1.742
1.478
1.291
1.434
1.520
1.272
1.062
1.258
1.334
1.277
1.789
1.408
1.735
1.096
2.335
1.836
1.403
1.354
1.665
1.245
1.273
1.287
1.946
1.217
1.431
1.161
0.802
0.780
1.081
1.421
1.217
1.281
1.530
0.848
1.424
1.097
0.786
1.141
1.529
1.741
1.023
1.210
1.116
1.685
1.327
1.602
2.061
1.673
1.785
1.487
1.019
1.010
0.641
0.957
1.248
1.484
1.517
-99.000
-99.000
-99.000
-99.000
-99.000
-99.000
-99.000
-99.000
0.985
1.087
1.231
1.294
1.240
0.772
0.746
1.062
1.248
0.790
1.045
1.449
2.034
1.323
1.186
0.925
0.991
1.333
1.387
1.531
1.358
1.285
1.388
1.372
1.496
1.254
1.034
0.913
1.435
1.441
1.784
1.611
0.786
1.374
1.367
1.514
1.477
1.256
1.000
2.123
2.096
1.767
1.439
1.094
1.539
1.483
1.135
1.376
0.795
0.699
1.105
0.955
1.052
0.948
0.815
1.123
1.132
0.779
1.010
1.083
0.917
0.916
0.821
1.013
1.096
0.878
1.501
1.775
1.904
1.800
0.934
1.340
1.473
1.824
1.909
1.316
1.494
0.779
0.897
0.904
0.699
0.808
1.166
0.678
1.537
1.143
0.919
0.853
1.258
1.253
1.075
1.916
2.077
1.443
1.102
1.032
1.112
1.186
0.923
1.324
1.316
1.340
1.402
1.215
0.998
0.827
0.855
1.873
1.678
0.856
1.014
0.920
0.730
0.895
0.743
0.990
0.572
1.263
0.979
0.838
1.398
1.500
1.618
1.758
1.375
1.066
1.006
0.941
1.885
2.056
1.098
0.883
0.886
1.527
1.754
1.537
0.942
0.876
0.959
1.455
0.708
2.320
1.901
2.650
2.832
2.116
1.085
0.703
0.526
1.302
0.810
1.113
1.093
1.064
1.183
0.928
1.449
1.237
1.555
1.725
1.059
1.653
1.853
1.569
1.094
0.903
1.974
1.841
1.674
1.512
1.136
0.554
0.955
0.899
2.321
1.710
1.310
0.711
0.997
1.307
1.342
0.665
0.827
0.933
1.278
1.695
1.292
1.376
1.357
1.276
1.184
0.961
1.635
1.295
1.365
1.299
1.534
1.616
1.760
1.433
1.978
1.832
1.272
2.090
1.576
1.651
1.798
1.377
1.655
1.282
2.451
2.425
1.141
1.234
1.062
1.841
1.192
2.721
2.253
1.164
1.238
1.692
1.458
2.199
1.676
0.791
1.747
1.599
1.706
2.109
1.696
2.398
2.387
1.812
1.421
1.172
1.359
1.099
1.390
0.912
1.418
1.207
2.167
1.201
1.686
1.873
1.466
1.575
1.357
1.272
1.703
1.570
1.881
1.161
1.877
0.917
1.216
1.673
1.443
1.367
1.765
1.715
1.265
1.923
1.630
1.583
1.672
1.644
2.524
1.720
1.045
1.328
1.741
1.521
1.979
1.628
1.677
1.503
1.242
1.566
1.561
1.075
1.388
2.110
1.871
1.569
1.158
1.456
1.167
1.553
1.351
1.465
1.490
1.433
1.325
1.207
1.675
1.334
1.209
1.424
1.170
1.365
0.782
1.694
1.641
1.297
1.141
1.338
1.941
1.760
2.258
1.759
1.584
1.577
1.045
0.750
1.122
1.208
1.232
0.953
1.599
1.399
1.346
0.903
1.247
1.363
1.087
1.703
1.025
1.370
1.207
1.021
1.178
1.112
1.477
1.601
1.927
1.803
1.052
1.217
1.001
1.242
1.488
1.465
1.585
1.482
1.148
1.315
1.204
1.745
2.071
1.258
1.001
1.493
0.740
1.085
1.415
1.322
1.634
1.206
1.718
1.784
1.660
0.995
0.884
1.235
1.889
1.614
1.511
1.681
1.263
0.811
1.518
1.444
1.740
1.629
1.686
1.533
1.027
0.884
1.044
0.944
1.171
1.254
0.915
1.291
1.660
1.046
1.065
1.446
0.783
1.137
1.152
1.229
1.626
1.239
0.987
0.945
1.221
1.238
1.533
0.765
1.030
1.394
1.173
0.647
0.687
0.930
1.477
0.829
1.117
0.897
1.427
0.978
0.883
1.244
1.092
1.083
1.131
1.254
0.970
0.771
0.996
1.259
1.172
1.464
1.060
1.173
1.811
1.917
1.565
1.021
1.268
1.117
1.340
1.767
1.592
1.058
1.418
1.237
1.816
1.008
0.681
0.590
1.031
1.409
1.590
1.599
1.091
1.045
0.869
0.980
1.077
0.781
0.916
0.728
0.619
0.916
1.202
0.753
0.788
0.930
0.911
0.891
1.331
1.072
0.936
1.340
0.746
0.846
1.564
1.708
1.719
1.780
1.257
1.168
1.155
1.118
0.735
1.487
1.423
1.068
0.652
2.221
2.541
1.718
1.254
1.017
1.204
0.790
1.928
1.294
1.486
1.627
1.450
1.044
0.778
0.983
0.752
0.457
1.066
0.442
1.047
1.023
1.345
0.684
0.666
0.730
1.387
1.423
1.817
1.765
1.099
0.900
1.093
1.597
3.152
2.134
1.063
0.932
2.129
1.718
1.149
1.189
0.635
1.655
1.843
1.552
0.994
0.976
1.449
1.525
1.226
0.979
0.931
0.991
1.784
1.803
1.594
1.303
0.970
1.363
1.389
1.129
1.182
1.256
0.775
1.601
1.381
1.155
1.209
1.097
0.848
1.767
2.218
1.569
1.979
2.754
2.694
1.898
1.219
0.934
1.301
1.192
1.172
1.209
1.687
1.040
1.196
2.304
2.721
2.447
1.710
1.056
0.933
1.335
1.306
1.292
1.162
1.626
1.943
1.624
1.680
1.486
1.178
1.611
1.233
2.061
1.391
1.048
1.459
1.257
1.427
1.696
1.721
1.907
1.111
0.837
1.023
1.249
0.910
1.424
1.407
1.728
1.320
1.525
1.472
0.984
1.105
1.310
1.549
1.783
1.821
1.410
1.108
1.079
1.810
1.544
1.153
1.448
1.493
1.847
1.591
1.461
2.002
2.038
1.916
0.939
1.579
1.502
2.405
1.835
1.025
1.479
1.711
1.403
1.798
1.546
1.338
1.705
1.614
1.218
1.576
1.489
1.384
1.278
1.102
1.018
1.130
0.835
0.886
1.707
1.005
1.027
1.157
1.495
1.301
1.172
1.688
1.119
1.776
2.306
1.857
2.118
1.744
2.661
1.746
1.999
1.469
0.930
1.849
1.684
1.395
1.610
1.360
1.282
0.922
1.315
1.309
1.026
1.572
1.731
1.471
1.095
1.237
1.033
1.266
1.329
1.453
1.876
1.331
1.147
1.823
1.003
1.725
1.551
1.775
1.124
1.806
1.101
0.973
1.890
1.116
1.052
1.099
0.867
1.080
1.773
0.915
1.111
1.297
2.045
2.440
1.853
1.707
1.340
1.373
1.852
1.526
1.309
1.135
1.466
1.550
1.659
1.468
1.232
1.212
0.664
0.939
1.146
1.094
0.938
0.971
0.911
1.018
1.292
1.979
1.889
1.879
0.965
0.906
1.251
1.054
0.888
1.648
1.636
1.348
1.271
1.191
1.099
1.481
1.126
0.978
1.290
1.406
1.567
1.063
0.769
1.496
1.805
0.893
1.071
1.240
1.709
1.099
1.570
1.642
1.457
1.605
1.449
0.823
1.052
0.943
1.448
1.654
1.665
1.798
1.327
0.945
0.945
0.960
1.128
1.291
1.643
1.365
0.574
0.766
1.705
0.853
0.915
1.039
0.825
1.130
1.540
1.416
1.524
1.115
0.993
1.066
1.364
1.199
1.006
1.086
1.049
1.309
1.724
1.404
1.269
2.179
1.146
0.935
0.948
0.965
0.987
1.600
1.279
1.146
1.166
0.935
0.724
0.824
0.716
0.967
1.056
1.163
0.782
0.553
0.738
0.843
1.427
1.265
0.656
1.110
1.117
0.886
0.725
0.758
0.684
1.272
2.361
1.780
1.232
1.229
1.008
1.085
0.717
0.914
1.427
1.088
1.121
1.304
1.106
0.999
1.263
1.154
0.750
2.658
2.659
2.097
1.611
1.684
1.561
1.489
1.096
0.672
0.946
1.239
1.316
1.507
1.808
1.598
1.596
1.301
1.031
1.009
0.480
1.635
1.430
0.573
1.259
0.973
0.692
0.679
0.650
0.914
0.843
1.084
1.113
1.579
1.123
1.047
1.142
1.767
2.403
1.230
0.977
1.293
0.786
1.467
1.817
0.914
0.837
0.981
1.092
1.219
1.333
0.954
1.360
2.034
1.426
1.456
1.094
0.996
0.958
2.439
0.969
2.722
2.936
2.189
1.854
1.402
0.826
1.028
0.754
0.906
0.814
1.755
1.424
0.997
0.687
1.038
1.049
1.000
0.995
1.455
1.836
1.209
1.425
1.758
1.891
1.719
1.841
1.180
0.893
0.852
1.407
1.284
1.554
1.723
1.251
1.156
1.212
2.157
2.062
1.744
1.035
1.112
0.831
1.265
1.372
1.287
1.733
1.515
1.343
1.012
1.341
1.729
1.116
1.122
1.088
2.069
1.529
1.202
1.216
1.640
1.358
1.390
1.482
1.614
1.293
1.328
1.304
1.645
1.861
1.563
1.840
1.640
1.843
2.797
2.329
1.855
1.037
1.166
1.726
2.162
1.574
1.332
1.267
1.615
1.938
1.883
1.636
1.409
1.622
1.064
1.855
1.636
1.271
1.581
1.144
1.481
1.286
0.862
1.146
1.358
1.766
1.666
1.027
1.412
1.147
1.877
1.976
1.404
2.039
1.640
0.889
1.094
1.156
1.906
1.276
2.559
1.696
2.058
1.382
1.196
0.956
0.852
1.543
1.098
1.369
1.857
1.169
1.546
1.076
1.205
2.028
2.119
2.215
1.525
1.041
1.056
1.417
1.371
1.570
1.205
0.917
0.720
0.746
1.235
1.272
1.265
1.209
0.878
0.941
1.672
1.531
1.555
1.879
1.643
1.566
1.887
1.808
1.415
1.793
1.625
2.228
1.930
1.724
1.012
1.293
2.212
2.202
1.621
1.446
1.205
1.691
1.355
0.870
1.238
1.512
0.994
1.011
0.761
0.730
0.730
0.732
0.930
1.099
0.965
1.035
1.027
1.252
1.353
1.200
1.529
1.589
1.209
1.457
1.277
1.156
1.168
1.252
1.406
1.315
1.613
1.007
1.141
0.866
1.016
0.794
0.914
1.034
0.770
1.162
1.297
1.342
1.039
1.006
1.383
1.122
0.736
1.285
1.520
0.900
0.936
1.477
1.307
1.065
0.711
0.749
0.934
0.784
0.950
1.249
1.103
1.245
0.922
1.361
1.717
1.889
1.627
1.353
1.048
0.944
0.985
0.827
1.371
1.153
0.809
1.285
1.294
0.768
1.021
0.905
0.667
0.833
0.842
0.975
1.144
1.130
1.156
1.032
0.831
0.920
1.114
1.035
0.640
1.111
1.414
1.381
1.744
1.372
0.906
1.213
1.061
0.580
0.788
0.918
0.623
1.207
0.995
0.826
1.088
1.082
0.868
0.825
0.958
0.976
1.193
0.830
1.252
1.906
1.497
1.084
2.473
1.077
0.999
0.844
0.750
0.763
0.672
1.465
1.448
1.470
1.208
1.373
1.281
1.003
1.092
1.179
0.838
0.584
0.728
0.414
0.969
1.752
1.082
0.929
0.789
0.929
1.143
0.948
1.190
2.396
2.171
0.852
1.984
2.781
1.763
0.931
1.035
0.858
1.310
1.072
1.058
1.307
0.866
0.658
0.640
0.794
0.872
1.192
0.940
1.971
1.178
0.754
1.484
2.566
1.529
1.174
0.665
1.858
2.097
1.680
0.814
0.764
1.273
2.038
1.116
1.700
0.854
1.222
1.750
1.031
1.118
1.018
1.873
1.112
0.969
1.363
1.630
1.464
0.931
0.989
1.678
1.605
1.924
2.457
1.824
1.046
1.314
1.160
1.616
1.585
1.120
0.928
1.516
2.937
2.881
1.243
0.987
0.812
0.902
1.667
2.757
2.181
2.745
1.975
0.977
0.868
0.720
1.207
0.960
0.923
0.925
0.988
1.211
1.834
1.665
1.431
1.083
1.932
1.872
1.673
1.370
1.453
1.468
1.223
2.019
1.494
1.878
1.285
0.975
1.409
1.395
2.204
2.356
1.818
1.291
0.889
1.147
1.363
1.294
1.362
1.448
1.199
1.347
0.895
1.233
1.899
1.360
3.492
2.998
1.470
1.482
1.390
1.967
1.215
1.199
1.559
1.259
1.636
3.284
1.869
1.139
1.490
1.706
1.290
1.087
1.576
1.152
1.327
1.122
1.222
1.429
1.205
1.382
0.958
1.111
1.562
1.191
1.400
1.757
1.413
1.196
1.506
1.232
0.557
1.590
1.225
1.253
0.868
1.504
1.202
1.634
0.904
2.027
1.571
1.859
1.552
1.042
1.537
1.542
1.743
1.122
1.147
1.354
0.596
1.309
1.153
0.902
1.333
1.660
1.458
1.215
1.034
1.165
1.443
1.250
1.633
1.535
0.881
1.351
1.297
1.233
1.969
1.432
1.124
1.090
1.452
1.432
1.376
1.364
0.712
1.477
1.693
1.428
1.656
1.894
2.293
1.224
1.213
1.583
1.399
1.395
1.157
1.225
1.233
1.112
1.809
1.756
1.556
0.912
0.715
0.747
1.233
1.748
1.170
0.865
1.003
1.085
1.349
1.357
1.938
1.486
1.379
1.796
2.012
1.357
1.233
1.889
1.769
1.959
1.863
1.165
1.083
0.635
1.005
1.227
1.663
1.587
2.170
1.512
0.946
1.261
1.063
1.777
1.364
1.765
1.777
1.467
1.165
1.511
1.315
1.143
1.023
0.820
0.949
1.269
1.244
1.416
0.953
0.746
0.951
1.503
1.066
1.960
1.407
0.869
1.000
1.168
1.123
1.142
0.948
1.047
1.193
0.736
1.276
1.750
1.613
1.679
1.706
1.166
1.140
1.050
1.291
1.542
1.145
0.564
0.853
0.957
1.059
1.142
1.701
1.090
1.017
1.380
0.870
1.152
1.232
0.900
1.565
1.756
1.453
1.032
1.741
2.140
1.862
1.280
1.264
1.348
1.250
0.862
1.186
1.501
1.973
1.255
0.866
0.738
0.861
1.086
1.035
0.995
1.228
1.250
1.296
1.391
1.602
1.738
1.123
2.355
1.644
1.230
1.239
1.083
1.062
1.190
1.082
0.908
0.576
0.893
0.859
0.848
0.704
1.117
0.814
1.649
1.466
1.644
1.214
1.262
0.994
1.164
1.170
0.883
1.652
1.237
0.861
0.984
1.016
1.149
1.092
1.145
1.010
1.133
1.597
1.585
1.696
1.332
1.030
0.941
0.633
1.061
1.320
1.656
1.607
1.291
0.735
1.988
2.611
1.983
1.316
0.940
1.136
1.204
0.930
1.178
1.303
1.489
1.963
2.008
1.919
1.248
0.814
1.638
2.202
1.180
1.156
1.197
1.761
1.960
1.804
1.492
0.813
0.683
1.007
1.049
0.970
1.116
0.812
1.361
1.425
1.045
1.180
1.968
1.928
1.805
1.026
1.075
1.146
1.060
1.701
1.236
1.586
2.461
1.149
0.911
1.166
1.184
1.536
1.221
1.424
1.388
1.362
3.080
2.238
1.274
1.661
1.953
1.979
2.227
1.521
0.946
2.023
1.834
1.732
1.764
1.459
1.438
1.541
1.677
0.935
0.995
0.690
1.036
0.920
0.931
1.139
1.589
1.266
0.996
1.473
1.167
1.465
1.932
1.522
1.121
0.971
1.362
1.380
1.071
1.390
1.299
1.739
1.275
1.244
2.050
2.032
1.889
1.532
2.168
1.367
3.050
1.701
1.503
1.409
1.295
1.460
1.175
1.350
1.857
1.579
1.484
1.988
1.881
1.743
1.470
1.634
1.950
1.740
2.448
2.405
1.304
1.254
1.025
1.231
1.822
2.206
1.563
1.510
1.335
1.628
1.364
1.218
1.757
1.063
1.580
1.080
1.453
0.902
1.215
1.509
0.867
0.885
1.261
1.297
1.249
1.373
0.635
1.101
1.221
1.442
0.776
1.635
1.742
2.032
0.983
1.598
0.981
1.358
1.240
1.123
1.141
0.988
1.312
1.086
1.162
1.263
1.278
1.230
1.060
1.018
1.145
1.356
1.155
1.161
0.990
1.221
1.318
0.740
1.534
1.457
1.368
1.824
1.855
1.812
1.767
1.358
1.580
1.570
1.799
1.384
1.417
1.715
2.003
1.661
1.740
1.214
1.359
1.674
1.810
1.318
1.678
1.257
0.802
1.196
1.316
1.335
0.744
1.416
1.288
1.305
1.501
1.183
1.386
1.258
1.134
1.366
1.703
1.486
1.315
1.024
0.802
1.115
0.703
1.289
1.415
0.938
1.006
1.040
1.500
1.291
1.192
1.475
1.232
1.285
1.010
1.482
1.228
1.591
1.127
1.284
1.579
0.981
1.515
1.606
1.957
1.280
1.110
0.854
0.933
0.725
1.192
1.425
1.357
1.120
1.503
1.937
2.000
1.530
0.859
0.870
1.307
1.343
0.686
0.829
0.896
0.746
0.717
0.759
0.910
0.945
0.983
0.977
1.124
0.994
1.024
0.989
0.916
0.647
0.719
0.958
0.737
0.663
0.664
1.096
1.447
1.235
1.885
1.113
1.116
1.778
1.486
1.263
1.111
1.093
1.308
1.130
0.935
0.964
0.804
0.699
0.927
0.854
1.050
1.269
1.133
1.835
1.639
1.546
1.240
1.720
1.229
1.160
1.257
1.421
1.347
1.168
1.211
0.845
0.883
0.971
0.871
1.358
1.160
2.126
1.807
1.621
1.035
0.954
1.023
1.008
1.023
0.967
0.763
0.741
1.104
1.369
1.101
0.779
0.782
1.342
1.287
1.639
1.144
0.476
0.835
1.172
1.281
0.549
1.004
0.775
1.733
1.912
2.451
1.736
1.377
1.647
1.510
1.189
0.970
1.303
2.085
1.785
1.729
1.716
1.489
1.230
1.413
1.298
1.169
1.366
1.150
0.928
0.891
1.183
1.172
1.327
1.421
1.549
1.514
1.413
1.330
1.526
1.389
1.038
0.989
1.037
1.069
0.914
1.295
0.951
1.219
1.865
2.635
1.510
1.156
0.915
0.936
1.001
1.264
1.514
1.486
1.243
1.480
1.440
2.545
1.276
0.645
2.174
2.912
2.186
1.309
1.110
0.724
0.935
1.630
1.766
1.302
0.962
2.531
1.659
1.636
1.875
1.267
0.876
0.962
1.837
1.121
2.091
2.037
1.603
1.159
1.218
1.393
1.386
1.162
1.159
1.438
1.484
1.139
0.800
1.713
1.177
0.934
1.155
1.168
1.164
2.225
1.553
1.551
1.429
2.009
1.467
1.278
1.148
1.609
1.294
1.053
1.574
1.203
1.217
1.306
0.789
1.751
1.243
1.725
1.449
1.538
1.130
1.107
1.237
0.813
1.668
1.320
2.566
1.886
2.123
1.363
1.443
1.845
1.945
1.436
1.426
1.691
1.362
1.700
1.356
1.096
1.174
1.626
1.248
1.010
1.764
1.567
2.246
1.180
1.373
1.160
0.666
1.704
1.134
1.372
1.280
1.968
1.711
1.908
2.626
1.855
2.166
1.427
1.815
2.098
2.459
2.203
2.468
1.875
1.479
1.785
1.441
1.452
1.218
0.628
0.982
1.288
0.973
1.353
2.030
0.683
1.315
1.300
1.402
1.021
1.706
1.075
1.291
1.051
1.273
1.001
1.785
1.012
1.357
1.666
1.213
1.063
1.068
1.523
1.001
1.436
1.951
1.606
1.102
1.050
1.296
1.443
1.084
1.363
1.437
1.343
1.603
1.801
1.513
1.388
1.220
0.909
1.015
1.300
1.648
2.156
2.314
1.381
0.980
1.227
1.304
1.037
0.724
1.397
1.152
1.264
1.547
1.260
0.937
1.012
0.914
0.714
0.805
0.757
0.711
0.957
0.994
1.364
1.676
1.690
1.139
0.978
0.835
0.984
0.685
0.921
1.003
0.639
0.983
0.709
0.934
0.993
1.151
0.719
1.280
1.548
1.492
1.567
1.837
0.806
1.014
1.120
1.128
1.204
1.183
0.662
0.802
0.683
1.076
1.017
1.855
1.419
1.048
0.971
0.976
0.842
0.943
0.905
1.007
1.030
0.740
1.306
0.780
1.023
0.583
0.682
0.893
0.791
0.678
0.741
0.942
1.133
1.383
1.359
0.971
0.724
0.626
0.788
0.811
0.731
0.815
0.772
1.264
1.094
1.192
1.603
0.862
1.008
0.767
0.896
1.162
1.290
1.329
0.872
0.600
0.983
0.992
0.980
1.405
1.194
0.900
0.886
1.317
0.989
1.120
0.905
0.707
0.937
0.799
1.016
1.713
1.314
1.015
1.552
1.084
1.037
1.380
1.527
1.186
1.076
0.885
0.981
1.772
1.168
0.661
0.843
0.729
0.803
1.108
1.464
1.533
1.935
1.636
2.443
1.441
1.477
1.455
1.193
0.722
1.027
1.050
1.165
0.703
0.587
1.134
2.067
1.973
1.039
1.700
1.395
1.066
1.146
1.188
1.423
1.089
0.932
1.294
0.797
1.332
1.980
2.087
1.509
1.049
0.819
0.975
0.935
1.172
2.369
1.891
0.905
1.005
1.238
1.225
0.905
1.228
1.277
1.435
1.073
1.586
2.072
1.908
1.949
1.597
1.341
1.470
1.217
2.467
0.900
1.275
0.687
1.054
0.986
2.885
2.566
1.625
0.930
0.817
1.007
1.119
0.575
1.261
1.322
0.678
1.369
1.223
1.122
1.737
1.629
0.917
2.388
2.925
1.439
0.840
0.972
1.443
1.345
1.145
1.041
1.575
1.022
2.225
2.253
1.580
1.149
0.963
1.213
1.299
0.912
1.776
1.322
1.101
1.018
0.999
0.994
1.085
1.275
1.441
1.216
1.416
1.999
1.881
1.288
2.248
1.883
1.965
2.025
1.738
1.878
2.115
1.360
1.023
1.138
0.993
1.915
1.356
1.607
1.067
1.547
1.481
1.902
2.069
2.195
1.958
1.720
1.802
1.458
1.136
1.247
1.209
1.470
2.132
1.937
1.648
1.383
1.676
1.690
2.076
2.062
1.929
1.087
1.103
1.290
1.170
1.837
1.636
1.266
1.372
1.720
1.557
0.950
1.245
1.416
1.849
1.436
1.133
1.265
1.196
0.939
0.925
1.290
1.311
0.838
0.915
1.113
1.612
1.643
1.510
2.250
1.757
1.039
1.524
1.249
1.196
1.086
0.801
1.089
0.990
1.502
1.710
1.435
0.870
1.576
1.605
1.128
1.204
1.581
1.145
0.694
1.144
0.907
1.469
2.015
2.098
1.522
1.055
1.119
1.616
1.025
0.679
1.249
0.942
0.998
1.472
1.412
2.355
1.621
2.006
1.480
1.041
0.881
1.289
1.310
1.521
1.301
1.215
1.557
1.545
1.427
1.198
1.796
2.280
1.786
1.067
1.149
1.517
1.344
1.334
0.985
0.737
0.957
0.984
1.840
1.532
1.029
1.260
1.094
0.919
1.531
1.995
1.760
1.519
1.716
1.110
1.157
1.192
1.181
1.972
1.544
1.316
1.687
1.093
0.919
1.087
1.380
1.530
1.785
1.351
1.141
1.344
1.405
1.173
0.844
1.255
1.317
0.892
0.759
0.915
1.127
1.779
1.150
1.301
1.040
0.942
0.898
1.002
1.147
1.475
1.391
1.141
1.426
1.348
1.393
1.592
1.097
0.842
1.000
1.410
1.173
1.490
1.325
1.113
1.475
1.011
1.195
0.930
1.063
1.319
1.271
1.257
0.802
0.912
0.993
1.265
0.666
0.724
0.784
0.795
0.583
1.273
1.571
1.002
0.745
0.710
0.913
0.846
0.671
0.924
0.791
1.090
0.789
1.287
1.299
0.678
0.892
1.538
1.566
0.907
1.094
1.018
0.665
1.544
1.082
1.033
0.967
1.155
0.689
0.795
1.038
0.810
1.223
0.979
0.855
1.542
0.888
0.956
0.746
0.700
1.086
1.023
0.698
0.889
1.041
0.927
0.599
1.233
1.877
2.279
1.539
1.357
0.973
1.299
1.305
1.346
1.399
1.290
1.449
1.324
1.186
1.010
1.140
1.091
1.428
0.806
1.189
0.868
0.795
1.058
0.995
1.073
0.930
1.232
1.041
1.472
2.122
1.289
0.633
0.984
0.834
0.786
1.040
0.965
1.325
1.518
1.630
1.878
1.712
1.923
1.742
2.219
2.463
2.453
1.402
1.119
1.156
1.548
1.499
1.133
1.334
1.623
1.897
1.207
1.361
1.963
3.015
2.508
1.792
0.958
1.111
1.127
0.606
0.916
0.915
1.361
1.604
1.782
2.180
1.942
1.958
1.061
1.348
1.179
1.394
1.196
0.807
0.763
1.179
1.375
1.341
1.930
1.903
0.943
1.023
1.222
1.736
1.909
2.622
2.992
1.435
0.784
0.537
1.448
1.760
1.692
0.878
0.819
1.250
1.224
0.916
1.249
1.522
0.879
1.156
1.001
1.035
1.258
0.929
1.474
1.273
1.275
1.986
1.685
1.485
1.266
1.357
1.587
2.315
1.667
1.326
1.286
1.583
1.566
1.273
1.039
1.042
0.895
1.511
1.435
1.501
1.061
1.175
1.434
0.899
1.330
1.239
1.457
1.569
1.440
1.671
1.445
1.375
1.203
1.170
1.537
1.023
1.062
1.187
1.905
0.995
1.342
1.241
1.832
0.892
2.005
1.831
1.518
1.544
1.061
1.478
0.840
1.294
1.169
0.868
1.609
1.823
1.617
1.015
1.559
0.989
1.697
1.033
1.098
1.524
1.271
1.573
0.854
1.295
1.048
1.726
1.205
1.443
1.524
1.638
1.978
1.853
1.115
1.014
1.105
1.419
1.720
1.844
1.927
1.438
1.571
1.385
1.487
1.842
1.420
1.171
0.878
1.381
1.689
1.872
1.674
1.123
0.946
1.132
1.076
0.890
1.255
1.548
1.007
1.176
1.251
1.041
1.042
1.046
1.312
1.507
1.829
1.501
1.012
1.120
0.772
1.124
1.036
1.206
1.290
0.852
1.282
1.808
1.370
1.599
1.961
1.803
1.292
1.571
1.989
2.388
1.172
1.534
0.983
1.072
1.195
1.250
1.182
0.947
1.276
1.144
0.984
0.610
0.931
1.234
1.264
1.391
1.138
1.220
0.988
1.320
1.383
1.779
1.998
1.267
1.031
1.400
1.016
1.197
0.754
0.852
0.988
1.263
1.388
1.756
1.371
1.043
1.143
1.367
1.370
0.886
0.476
1.332
1.843
1.125
1.634
0.937
1.072
1.051
1.213
0.856
0.750
0.668
0.743
0.958
0.721
0.729
1.037
1.096
0.738
1.364
1.593
1.128
1.176
0.876
1.113
1.005
1.018
0.912
0.951
0.885
0.837
1.110
1.529
1.827
1.425
1.556
1.542
1.546
1.107
0.759
1.483
1.329
1.064
1.350
1.080
0.806
0.835
0.887
1.398
1.174
0.675
2.076
2.606
1.610
1.193
1.192
1.100
1.473
1.455
1.533
0.714
2.745
1.874
1.478
0.712
0.996
0.975
1.004
0.952
0.783
0.979
0.883
0.677
0.754
0.914
1.627
1.606
1.710
1.550
1.108
0.920
1.244
1.127
1.119
0.931
0.823
0.878
0.854
2.050
1.665
1.247
1.694
1.316
1.116
1.685
2.049
1.960
1.528
1.348
1.406
1.631
1.191
0.863
1.055
1.411
1.578
1.105
0.913
1.544
1.044
1.150
1.185
0.809
1.071
1.136
0.828
0.958
1.394
1.545
1.702
2.400
1.816
1.289
1.100
1.327
2.089
1.533
1.539
1.096
1.334
1.887
1.573
0.869
1.271
1.135
1.054
1.545
1.629
1.442
0.997
1.096
0.795
1.209
1.132
1.155
0.879
1.137
0.818
1.162
1.245
0.843
2.373
2.578
1.377
1.213
1.539
1.326
1.257
1.383
1.444
1.555
1.022
0.833
0.906
1.280
2.078
1.303
2.625
1.884
0.931
1.225
0.966
1.259
1.224
1.476
1.409
1.805
1.451
1.510
2.220
2.368
2.631
1.775
0.921
0.998
1.095
1.296
0.631
0.903
1.077
1.176
1.022
1.370
0.985
1.236
1.221
1.299
1.333
1.373
1.508
1.348
1.583
1.333
1.266
1.368
1.593
1.384
1.228
1.556
1.283
1.538
2.288
1.487
2.409
1.968
1.189
1.277
1.477
1.469
1.822
1.681
1.342
2.052
2.270
1.515
1.166
1.432
2.143
1.399
2.129
1.300
1.867
1.162
1.412
1.235
1.617
1.276
2.291
1.357
1.597
1.431
1.294
1.530
1.750
1.252
1.355
1.551
1.026
1.601
1.258
1.442
1.417
1.606
1.482
1.372
1.299
1.301
1.632
1.066
1.585
1.250
1.231
1.559
1.356
1.512
1.276
0.997
1.797
1.023
0.974
2.039
2.019
1.599
1.566
0.970
1.493
1.512
1.920
1.465
1.749
1.197
0.970
1.067
1.137
1.453
0.836
0.679
0.886
0.877
1.102
1.033
0.948
0.782
1.070
1.685
2.041
1.940
1.182
1.145
1.164
1.423
1.231
0.945
1.113
0.899
1.870
1.365
1.355
1.265
1.115
1.480
1.433
1.396
1.223
1.115
1.855
1.205
1.393
1.846
1.948
1.949
1.879
1.505
1.341
1.370
1.220
1.923
1.718
1.240
1.317
1.374
1.145
1.013
0.953
1.194
0.861
0.871
1.382
0.868
0.683
0.804
1.027
1.107
0.827
0.909
1.276
1.113
1.081
1.079
1.851
2.638
2.325
1.587
1.385
1.300
1.041
0.950
0.770
1.550
1.699
1.088
1.024
1.221
1.361
0.840
0.802
1.372
1.415
0.903
0.923
1.038
1.192
1.030
1.188
1.108
0.986
0.660
0.845
0.980
1.169
1.061
0.960
0.930
0.921
1.002
0.622
1.112
1.852
1.954
1.419
0.864
0.820
0.892
1.382
1.152
1.488
1.024
1.153
1.674
1.239
1.297
1.610
1.200
0.953
1.126
1.307
1.071
1.018
0.934
1.023
0.667
1.167
1.024
1.013
0.821
1.586
1.240
0.884
1.556
0.954
0.825
1.387
1.113
1.743
2.101
1.691
1.308
0.976
0.769
0.941
0.841
0.873
0.855
1.451
1.066
1.112
1.104
1.321
1.604
1.741
1.853
1.262
0.730
1.148
1.138
0.797
0.776
1.673
1.087
1.117
0.859
0.650
1.076
1.237
0.962
1.517
1.101
1.283
0.783
0.884
1.110
1.030
1.731
1.399
1.036
0.835
0.672
1.386
2.553
2.264
2.090
2.361
1.775
1.087
0.699
1.121
1.410
1.149
0.658
0.899
1.018
1.273
1.548
0.984
1.132
0.941
1.703
1.466
1.753
1.551
1.605
1.083
0.925
1.119
1.099
3.650
2.705
1.617
0.923
1.468
0.917
1.226
1.001
0.896
1.285
1.288
1.124
2.359
2.192
1.634
0.859
0.807
1.742
1.538
1.053
0.891
1.293
0.779
2.039
2.123
1.320
0.927
1.537
1.026
1.323
1.978
2.478
1.909
2.076
1.519
1.356
1.247
1.163
2.034
1.492
0.855
1.330
1.645
0.524
1.401
1.483
1.797
1.831
1.162
2.079
1.377
1.125
1.561
1.379
1.646
1.195
1.128
1.404
1.519
1.366
0.669
2.204
2.460
1.250
1.439
1.321
1.843
2.356
1.824
1.152
1.923
1.490
1.457
2.056
3.153
2.225
1.221
0.956
1.271
1.143
1.703
1.236
1.024
1.571
1.087
1.460
2.135
1.459
0.821
1.226
1.761
1.637
1.253
1.889
1.833
2.023
1.202
1.931
1.831
1.641
1.310
1.040
1.300
1.625
1.619
1.869
0.886
1.104
1.762
1.712
1.780
1.857
2.264
1.660
1.779
0.979
1.053
1.197
1.157
1.294
1.323
0.869
0.961
0.750
1.173
1.609
1.484
1.585
1.432
1.095
1.000
1.294
1.637
1.228
1.272
1.660
1.395
1.743
1.564
1.806
1.500
1.284
1.151
1.309
0.779
1.347
1.228
1.359
0.942
1.445
1.041
1.067
1.152
1.253
1.127
1.300
1.351
1.068
0.921
1.056
1.506
1.696
1.585
1.394
1.450
1.349
0.846
1.382
1.201
0.779
1.003
1.468
1.612
0.928
2.024
1.867
2.152
1.510
1.887
1.469
1.117
1.966
2.072
2.553
1.610
0.945
1.405
1.713
1.280
1.331
1.496
1.471
1.277
1.164
1.170
1.022
0.817
1.289
1.755
1.433
1.236
1.144
1.107
1.241
1.412
1.608
0.392
0.640
0.567
1.072
1.414
1.542
1.609
1.819
2.121
1.979
1.914
1.368
1.736
1.672
1.211
1.058
1.194
0.952
1.819
1.376
0.914
1.053
1.000
1.224
0.857
0.786
0.874
1.051
1.168
1.270
1.120
0.818
0.970
1.181
0.870
0.959
1.266
1.171
1.011
1.038
0.983
1.139
1.149
1.334
0.832
1.020
0.974
0.725
0.810
0.885
0.818
0.990
0.584
0.829
0.929
0.864
1.172
0.558
0.766
0.903
1.268
1.760
1.282
1.155
0.703
0.775
1.056
1.888
1.120
1.831
1.612
1.196
1.254
0.936
1.152
1.482
1.360
0.941
1.488
1.550
1.554
1.415
1.367
1.133
1.216
1.218
1.023
0.839
0.831
1.108
1.413
1.032
0.547
0.725
1.332
1.265
1.267
1.148
1.023
1.317
1.018
0.909
0.849
1.296
2.025
1.819
1.836
1.305
1.400
1.378
1.381
1.216
1.018
1.036
1.042
0.701
0.729
0.891
0.977
0.965
1.148
1.418
1.465
2.498
1.914
2.048
1.405
0.981
1.156
1.210
0.625
0.867
0.754
0.819
1.249
1.991
1.974
1.415
1.473
2.268
0.982
0.918
1.275
1.316
1.517
1.703
1.522
1.130
1.184
1.001
1.322
1.559
1.848
1.296
1.459
1.358
1.421
1.316
1.247
1.166
1.135
1.813
1.501
1.827
1.522
1.204
1.105
0.957
0.951
1.001
0.799
0.762
1.084
0.852
1.562
0.824
1.216
1.312
1.079
1.690
1.591
1.850
1.982
0.943
1.247
1.425
1.316
1.036
1.313
0.780
1.095
1.267
1.507
1.252
1.460
1.274
1.195
2.820
1.771
2.595
2.962
2.509
1.774
0.970
0.937
1.060
1.396
1.438
1.814
1.377
1.580
1.000
1.128
1.354
0.840
1.485
1.426
1.162
1.173
1.586
1.424
0.957
1.400
1.276
1.698
1.340
1.271
1.457
1.545
0.949
1.245
1.885
1.718
1.240
1.180
1.409
1.689
1.338
0.980
1.257
1.042
1.025
1.476
1.490
1.509
1.468
1.324
1.352
1.151
1.702
1.172
1.059
1.738
1.764
1.169
1.399
1.518
1.789
1.930
1.314
1.189
1.423
1.136
1.501
1.404
1.453
1.035
1.459
1.389
1.288
1.681
1.534
1.785
0.927
1.169
1.004
1.276
1.775
1.682
2.232
1.497
2.035
1.384
0.665
1.431
2.045
1.033
0.775
1.214
1.131
1.345
1.360
1.227
1.897
1.655
1.631
2.404
1.906
1.822
1.160
1.083
0.944
1.499
1.469
1.613
1.290
0.978
1.063
1.219
1.150
1.445
1.808
1.658
1.667
2.127
2.246
1.609
1.541
2.129
1.242
1.489
1.054
1.489
1.646
1.717
2.050
2.368
2.237
1.729
1.107
1.323
0.792
0.833
0.976
0.829
1.328
1.614
0.570
0.807
0.926
1.309
1.787
1.996
1.891
1.352
1.305
1.343
1.065
1.065
1.242
1.446
2.328
1.740
1.093
1.401
1.042
1.280
1.376
1.196
1.395
0.763
1.265
1.513
1.013
1.062
1.157
1.624
1.257
0.848
1.283
1.018
0.965
1.580
1.219
1.200
1.145
1.216
1.050
0.931
1.495
1.486
0.955
1.144
1.375
1.592
1.640
1.027
1.856
1.834
1.205
1.010
1.565
1.273
2.022
1.747
1.426
0.756
0.882
0.765
1.291
1.234
1.491
1.448
1.370
0.850
0.688
0.728
1.023
0.904
0.919
0.887
1.068
1.062
1.020
1.280
1.262
0.692
1.464
1.046
0.842
0.804
0.956
1.000
0.663
0.512
1.162
1.174
1.253
1.195
1.022
1.146
1.015
1.135
0.668
0.791
0.813
0.842
2.099
2.242
1.444
1.163
1.208
1.244
0.943
0.747
1.150
1.432
0.985
0.735
1.014
0.850
1.039
0.776
1.764
1.111
0.962
0.960
0.677
0.646
1.246
0.928
0.848
1.475
1.178
1.478
2.057
1.358
1.114
0.814
1.655
1.768
1.823
1.668
1.351
0.817
1.046
1.265
1.294
1.421
1.015
1.848
3.065
2.556
1.980
1.577
1.279
0.869
0.868
1.050
1.292
1.278
1.277
0.600
0.618
0.682
2.475
1.772
1.197
2.145
1.725
1.220
1.046
1.112
1.061
0.933
1.384
1.759
1.096
2.158
1.589
1.220
0.862
1.413
1.537
1.708
1.224
0.932
1.166
1.323
1.121
1.832
2.696
1.372
0.900
0.593
0.886
1.460
1.240
0.659
0.782
0.733
0.960
1.132
1.180
1.323
1.586
2.286
1.972
1.633
1.313
0.857
1.132
1.044
1.014
1.376
0.854
1.249
0.918
0.770
0.860
1.348
0.901
1.436
1.070
1.009
1.311
1.395
1.121
0.762
1.009
1.482
1.839
1.468
1.186
1.420
1.143
1.154
0.926
1.068
1.316
1.559
1.438
0.868
1.030
1.348
2.018
1.482
1.082
1.727
1.373
1.239
1.634
1.367
1.424
1.876
0.966
1.794
2.573
1.474
0.893
1.873
1.591
1.555
1.405
1.879
1.394
1.823
1.398
1.876
1.224
1.423
1.526
1.221
1.111
1.080
1.579
1.990
0.997
2.761
2.869
1.811
1.391
1.429
1.309
1.665
2.036
2.153
1.674
1.552
0.851
1.157
1.123
1.626
1.493
0.858
1.404
2.001
1.362
2.144
1.875
2.017
1.484
0.507
1.427
1.803
1.337
1.124
1.406
1.402
1.268
1.325
1.579
1.533
1.025
1.552
1.447
1.385
1.410
0.956
1.416
1.149
0.919
1.227
1.361
0.864
0.921
1.516
1.409
1.524
1.585
1.719
1.243
0.884
0.507
1.084
1.288
1.544
1.881
1.257
1.120
1.016
1.295
1.471
1.497
1.332
1.313
0.977
1.102
1.547
1.543
1.568
1.299
0.770
1.187
0.799
1.287
1.084
1.211
1.112
1.094
1.285
1.318
0.966
0.858
1.254
2.098
1.550
1.540
1.647
1.768
1.745
2.159
1.513
1.308
1.126
1.000
0.975
1.284
1.657
1.110
0.879
1.164
1.674
1.831
1.926
1.939
1.286
0.958
1.140
0.960
1.135
1.494
1.389
1.743
0.713
1.125
1.434
1.291
1.692
0.730
0.707
0.785
1.017
0.901
1.032
1.070
0.891
0.823
1.079
0.935
1.267
1.345
1.614
1.484
1.239
1.132
0.984
1.253
1.556
1.203
0.776
1.164
0.986
1.180
1.297
0.892
0.619
0.685
0.590
0.835
1.174
0.802
0.938
0.915
1.178
1.432
1.608
1.284
0.905
1.040
1.629
1.310
1.049
1.560
1.635
2.180
2.212
1.478
1.004
0.948
1.189
1.326
0.611
1.099
1.229
1.436
1.207
1.196
1.116
1.212
1.186
0.804
0.722
1.029
0.986
0.968
0.622
1.546
1.740
1.316
1.101
1.445
1.159
1.382
1.267
1.593
0.978
1.305
1.022
1.522
1.244
0.821
0.621
0.585
0.717
1.171
0.740
3.090
2.068
1.281
1.098
0.887
0.841
0.825
1.239
0.898
1.038
0.873
1.036
1.478
1.261
0.824
1.135
0.639
0.899
1.034
1.177
0.965
1.185
1.195
1.107
1.396
1.507
1.608
1.523
1.278
0.894
0.685
1.019
1.995
2.335
1.483
1.157
1.386
1.250
1.224
1.430
1.272
1.048
0.868
1.603
1.822
0.984
0.895
0.850
1.345
1.652
2.085
1.691
1.178
0.647
1.669
1.393
0.910
1.130
0.916
0.997
0.861
0.816
0.900
1.094
1.456
0.659
1.327
1.573
1.414
0.981
0.871
1.039
1.363
1.390
0.801
1.133
1.162
1.250
1.532
3.134
1.987
1.225
1.010
0.825
0.841
1.066
0.669
1.144
0.948
0.916
0.820
1.422
1.191
1.017
1.115
0.836
0.986
1.194
1.524
1.279
0.894
0.817
0.826
1.301
1.085
2.211
1.567
1.549
1.276
0.843
1.113
1.593
1.136
2.515
2.096
1.147
1.136
1.258
1.164
2.982
3.611
2.282
1.247
0.939
0.941
0.969
1.147
1.366
1.288
0.945
1.112
1.206
0.868
1.077
1.167
1.341
1.458
1.554
1.576
1.460
1.199
1.378
1.871
2.093
2.172
1.140
1.723
1.414
1.026
1.344
1.329
2.040
2.023
1.480
1.120
1.058
1.020
1.045
0.749
1.095
1.352
1.573
1.036
0.812
1.384
1.066
0.812
2.040
0.943
2.963
2.945
1.887
1.180
1.357
1.294
1.327
1.326
1.678
1.630
1.261
1.560
1.608
1.722
1.945
1.307
1.368
1.459
1.224
1.047
1.822
1.018
1.324
1.604
1.856
1.108
1.057
1.512
1.326
2.200
1.342
1.258
1.570
2.261
1.560
1.523
1.256
2.942
2.630
1.257
1.242
1.206
1.234
0.716
0.960
0.927
1.407
1.549
1.110
1.116
1.259
1.468
0.983
1.126
1.306
1.067
0.948
0.855
1.250
1.656
1.212
1.140
1.352
1.761
1.449
0.726
1.019
1.193
1.056
1.070
1.417
1.227
1.497
0.855
1.262
1.204
1.754
1.439
1.292
1.410
1.922
1.397
1.095
1.181
1.093
1.278
1.314
1.606
1.524
1.676
1.571
1.360
1.326
1.623
1.467
1.390
1.080
1.191
1.110
1.100
1.247
0.960
1.362
1.715
1.679
1.593
1.176
1.131
1.099
1.287
2.199
1.628
1.414
1.988
1.282
0.853
1.108
1.507
1.619
1.366
1.010
0.751
1.756
2.370
2.298
2.048
1.624
1.377
1.701
1.837
1.172
1.442
1.334
1.165
0.861
1.345
1.547
1.501
0.831
0.947
1.163
0.992
1.754
0.752
0.908
0.982
1.061
1.716
1.445
1.170
1.104
0.999
1.434
1.340
0.969
1.054
1.210
1.286
1.273
1.573
1.537
1.647
2.114
1.808
1.217
1.635
1.698
1.560
0.643
0.902
0.973
1.212
0.901
0.743
0.846
1.077
1.716
0.776
1.027
0.984
1.001
1.115
1.323
1.779
1.256
0.581
0.983
0.608
0.956
0.571
0.915
1.414
1.329
1.048
1.244
0.940
0.876
1.557
1.423
1.630
1.627
1.358
1.109
1.293
0.976
1.264
1.392
1.125
0.900
0.747
0.999
1.714
1.313
0.711
1.038
0.824
1.532
1.222
1.120
1.191
0.860
1.095
0.925
1.012
0.752
1.186
1.474
1.797
2.078
1.802
1.797
1.278
1.024
1.006
0.917
1.167
0.951
0.872
0.995
0.925
0.910
0.847
0.940
0.871
1.227
1.144
1.512
0.933
0.971
1.179
1.127
0.865
0.878
1.403
1.490
1.536
1.532
1.115
1.315
1.535
1.265
1.414
1.730
0.818
0.873
1.641
1.545
1.664
1.305
1.577
1.774
1.547
1.441
1.658
1.138
1.737
1.306
0.770
1.415
1.937
1.800
1.789
1.168
3.115
2.936
1.580
1.189
1.099
1.160
1.248
1.359
2.000
1.309
1.639
2.508
2.020
1.026
1.749
1.090
1.177
1.023
1.152
0.980
1.202
1.010
1.286
1.500
0.952
1.195
0.985
1.212
1.253
1.058
1.417
1.725
1.054
1.408
1.362
1.519
0.849
1.249
1.147
1.176
1.362
1.117
1.527
1.468
1.423
1.577
1.978
2.155
2.088
1.760
1.474
1.473
1.062
2.165
1.486
1.236
1.359
1.658
2.011
1.494
2.084
2.101
1.495
2.126
1.582
1.241
1.107
0.961
1.477
1.321
1.477
1.239
1.309
1.385
1.589
2.924
2.371
1.755
1.291
1.642
1.068
1.030
1.413
1.993
1.398
1.286
1.340
0.871
1.483
1.333
1.571
1.451
1.760
1.585
0.897
1.109
1.182
1.461
1.112
0.911
1.275
1.531
1.914
1.485
0.885
1.240
1.246
1.252
1.286
1.516
1.242
1.502
1.742
1.772
1.320
1.664
1.557
1.591
2.060
1.381
1.288
1.052
1.339
1.860
1.759
1.630
1.971
1.807
2.094
1.322
2.047
1.276
1.671
0.701
1.398
1.658
1.272
1.411
1.169
1.724
1.467
1.120
1.004
1.868
1.636
2.449
2.058
1.353
1.518
1.620
1.712
1.665
2.273
2.475
2.520
2.462
2.042
1.624
1.352
1.008
1.328
1.556
1.637
1.825
1.566
1.609
1.452
1.715
1.985
1.366
1.341
1.368
1.423
1.469
2.158
1.753
1.107
1.177
1.498
2.339
2.442
1.777
1.500
1.380
1.001
0.925
0.897
0.676
0.815
0.894
0.886
0.687
0.966
0.943
1.329
0.975
0.875
1.073
1.099
1.002
1.372
1.848
2.350
1.874
1.582
2.096
1.675
1.459
1.086
0.914
1.358
1.421
1.416
1.492
1.122
1.297
1.111
1.245
1.108
1.310
1.066
0.724
0.872
0.836
1.062
1.105
0.803
1.250
0.694
0.797
0.549
1.211
1.054
1.068
0.787
0.945
1.556
1.232
1.045
1.061
1.533
1.513
1.509
1.767
1.368
1.149
0.732
0.750
0.764
0.690
0.829
0.635
0.736
1.476
1.410
1.110
0.738
0.959
0.902
0.798
1.469
1.646
1.170
0.705
0.928
0.960
1.012
0.745
0.970
1.193
1.192
0.739
0.896
0.768
1.086
1.168
1.187
1.072
1.405
1.049
1.235
1.489
1.304
1.546
1.822
1.768
0.976
1.663
1.084
1.015
1.192
1.199
1.044
0.996
1.284
1.471
1.546
2.183
1.018
1.169
1.103
1.165
1.427
1.010
1.817
1.679
1.781
0.887
1.064
1.343
1.138
0.980
0.980
1.290
1.796
1.550
1.222
1.718
1.452
1.312
0.922
1.201
1.346
1.187
1.279
1.066
0.833
1.126
1.048
1.078
1.005
0.971
1.318
0.986
0.837
0.832
0.956
1.034
1.513
1.581
1.715
2.858
2.349
2.414
1.891
1.586
0.941
1.194
0.679
1.803
2.013
1.310
0.581
0.965
1.268
1.265
1.424
1.671
0.968
1.388
0.992
1.462
1.071
1.532
1.161
1.248
0.786
0.731
0.956
1.472
1.443
1.567
1.616
1.978
1.418
1.360
1.181
1.081
1.168
0.957
2.369
2.468
0.969
1.159
0.900
0.640
0.690
1.068
0.736
1.162
1.149
1.258
1.707
1.216
1.482
0.992
1.298
1.066
1.465
1.259
1.482
1.513
0.968
0.881
2.014
2.265
1.580
1.236
1.874
1.766
2.105
1.815
1.694
1.324
1.321
1.462
1.417
1.306
0.776
1.066
1.268
1.077
1.462
1.469
0.927
1.043
1.212
1.085
1.265
1.176
2.211
2.767
1.881
0.978
1.127
1.272
1.162
1.402
1.406
1.633
1.595
1.704
1.285
1.392
1.238
1.945
2.118
1.888
0.928
1.337
1.142
1.236
1.787
1.046
1.374
0.728
0.673
1.380
1.661
1.022
1.217
0.999
1.442
1.430
1.615
2.204
1.549
0.999
1.038
1.026
1.169
1.347
1.656
1.172
0.916
1.424
1.786
1.386
1.195
0.849
1.307
1.080
1.911
1.102
1.297
1.538
1.496
1.084
1.165
2.175
1.962
2.050
1.300
0.788
0.892
0.901
0.802
1.452
1.279
1.344
1.835
1.184
1.142
1.312
1.241
1.354
1.131
1.358
0.769
1.502
0.708
1.744
1.167
1.436
1.046
1.355
1.306
0.758
1.157
0.888
0.874
0.786
1.279
0.800
0.875
0.992
1.020
1.133
0.872
1.467
2.263
1.123
1.285
1.053
1.617
1.210
1.555
2.077
1.016
1.149
0.921
1.142
1.648
1.400
1.334
0.672
1.190
1.368
1.271
1.326
1.281
1.546
1.421
0.676
0.771
1.340
1.390
1.357
1.281
1.249
1.040
1.424
1.404
1.154
1.568
1.416
1.314
1.216
1.126
0.858
1.079
1.135
1.321
1.381
1.125
0.720
0.677
1.298
1.089
1.559
0.815
1.003
1.171
0.950
0.806
0.926
0.978
1.499
1.616
1.150
1.442
1.590
1.008
1.069
1.535
1.529
1.571
0.922
0.891
0.858
0.687
0.711
0.887
0.804
0.789
1.211
0.879
1.103
0.801
0.780
0.849
1.011
1.260
1.068
1.025
0.816
1.071
1.263
1.275
1.101
1.928
1.561
1.200
0.648
0.640
0.953
1.382
1.065
1.661
1.270
0.838
1.180
1.070
0.979
1.081
1.087
1.121
1.164
1.414
1.002
0.716
1.942
1.544
0.849
0.985
0.751
1.029
0.723
1.073
0.992
0.953
1.057
1.227
0.794
0.912
1.190
1.194
1.138
0.556
1.053
1.338
1.330
1.076
1.170
1.533
1.039
1.245
1.298
0.970
0.932
0.989
0.954
1.260
1.420
1.254
1.721
1.842
1.636
1.205
1.381
0.680
0.799
0.651
0.692
0.839
1.435
1.398
0.998
1.143
0.703
1.146
1.068
1.255
1.467
1.627
1.386
0.997
0.992
1.052
0.949
1.175
1.056
1.118
1.984
1.370
0.358
0.946
1.923
1.678
1.351
2.014
2.029
1.878
1.828
0.974
1.120
1.624
1.342
1.239
1.246
1.034
1.091
1.183
1.385
1.003
1.958
1.282
0.664
1.342
0.815
0.915
1.376
1.240
1.070
0.838
1.177
0.743
1.419
1.703
2.113
1.653
1.806
1.566
1.235
1.195
1.018
2.644
1.215
1.762
1.701
1.603
1.615
1.403
1.145
1.391
1.437
1.087
1.326
0.862
1.517
1.168
0.830
1.085
1.324
1.038
1.098
1.557
1.898
1.701
1.797
1.217
0.890
1.235
1.663
1.650
1.122
1.341
2.053
1.606
1.191
0.867
2.417
2.236
1.077
1.439
1.794
2.174
1.319
1.590
0.995
0.905
1.194
1.022
1.642
1.451
1.533
1.522
0.990
1.498
1.421
1.682
1.550
1.084
1.651
2.010
1.224
1.063
1.369
1.263
1.438
1.762
0.934
1.537
1.883
1.334
1.377
1.420
1.402
1.564
0.979
1.413
1.145
0.961
1.485
1.849
1.421
1.213
1.388
1.282
1.503
1.197
1.384
1.327
1.567
1.367
1.491
1.373
1.119
1.500
1.373
1.227
1.375
1.107
1.475
2.004
1.864
2.781
1.852
1.422
1.567
1.628
2.003
1.040
1.349
0.684
1.012
1.322
1.246
1.622
2.211
1.549
1.320
1.446
1.214
1.741
1.419
1.965
1.720
1.381
1.464
1.445
1.557
1.861
1.523
1.609
1.517
1.266
1.264
1.960
1.534
1.661
1.333
0.883
1.282
1.292
1.374
1.283
0.689
0.675
1.080
1.524
1.582
1.251
1.181
1.313
1.051
1.182
0.855
1.536
1.757
2.170
1.496
1.652
1.872
2.054
2.219
2.021
2.317
1.631
1.626
1.649
2.030
0.887
1.044
1.473
1.436
1.316
1.526
1.461
1.491
2.091
2.026
1.812
1.966
1.809
1.250
0.960
0.928
0.843
1.288
0.850
0.649
0.853
1.199
1.325
0.819
0.565
0.895
1.278
1.316
0.758
0.671
0.854
0.967
1.184
1.520
1.326
0.909
1.196
1.525
1.059
1.071
1.731
1.387
1.034
1.976
1.356
1.166
0.934
0.900
0.870
1.119
1.139
0.894
1.369
0.967
0.915
0.824
0.725
0.632
0.968
1.443
1.058
0.726
1.147
1.219
1.341
1.023
1.398
1.210
0.562
0.900
1.150
1.673
1.640
1.578
1.740
1.942
1.222
1.063
1.053
1.272
1.388
1.147
1.554
1.144
0.821
0.752
1.272
0.944
0.632
0.869
0.836
2.183
2.359
1.999
1.653
1.035
0.841
1.016
1.812
1.150
1.538
1.171
1.051
1.305
1.228
0.950
0.884
0.745
0.979
0.946
0.685
0.657
1.062
1.225
0.957
0.817
2.328
2.053
1.558
0.941
0.916
0.762
0.779
0.979
0.748
0.927
0.850
1.100
1.018
1.245
0.905
1.617
1.819
0.969
1.167
0.865
0.895
0.766
1.223
1.274
0.880
0.743
0.648
1.233
1.286
1.358
1.116
1.085
1.039
1.174
0.721
0.946
1.296
0.769
1.293
0.743
1.065
1.003
1.138
0.968
1.260
1.101
1.502
1.094
1.236
1.042
0.805
0.889
1.365
0.936
1.310
1.096
1.017
1.497
1.049
1.303
1.688
1.575
1.566
1.534
1.170
1.259
2.361
2.473
1.778
1.025
0.943
1.595
1.864
0.995
0.917
1.392
1.011
0.772
0.892
0.759
0.860
1.634
1.578
0.865
0.882
1.780
1.220
1.231
1.613
1.218
1.426
1.942
1.394
1.247
1.179
2.333
2.598
1.629
0.977
1.130
0.920
1.335
1.888
2.088
1.319
0.730
1.231
1.132
1.347
1.485
1.110
2.641
2.105
1.966
2.502
2.384
1.728
1.019
0.965
1.205
0.939
1.201
1.276
1.675
1.856
1.948
1.510
3.964
2.510
1.196
1.252
1.996
1.152
1.070
1.255
1.709
1.480
1.382
0.946
1.289
1.662
1.552
1.355
1.324
1.202
0.866
1.881
1.746
1.494
1.128
0.856
1.112
1.056
0.799
1.189
1.374
1.738
1.715
1.842
2.037
1.936
2.015
1.495
1.083
1.234
1.587
1.292
1.070
1.546
1.706
1.204
1.613
1.787
1.992
1.312
1.972
1.820
1.154
0.773
1.316
2.773
1.625
0.821
1.078
1.159
1.128
1.254
1.582
1.223
1.261
1.186
0.856
0.853
1.448
1.566
2.250
1.878
0.955
0.761
1.488
1.429
1.489
1.675
1.560
1.656
1.559
1.757
1.977
1.319
0.987
2.009
1.743
1.289
1.428
1.498
1.385
1.763
1.510
2.235
1.284
0.974
1.370
1.473
1.528
0.835
1.341
1.330
1.556
1.355
1.293
1.783
1.302
1.447
1.055
1.254
1.904
1.629
1.204
1.205
1.063
0.942
1.022
1.354
1.111
1.304
1.369
1.206
1.423
1.867
1.794
1.425
1.017
1.351
1.377
1.320
1.008
1.219
1.391
1.297
1.542
1.614
1.424
1.009
1.289
1.302
1.513
1.604
1.633
1.201
1.460
1.425
1.117
1.808
1.448
1.836
1.281
0.775
0.951
0.941
1.141
1.442
1.105
1.516
1.846
1.610
1.166
1.492
1.563
1.402
0.954
1.179
2.617
1.938
1.820
1.451
0.990
1.332
0.993
0.816
1.257
1.362
1.488
1.774
0.984
0.820
1.090
1.616
1.018
0.736
0.591
0.953
1.326
1.115
1.142
0.808
0.812
1.409
1.725
1.001
0.529
0.727
1.078
0.970
0.912
0.894
1.107
1.261
1.018
0.904
0.779
0.964
0.859
1.028
0.971
0.842
0.924
1.737
1.344
0.993
1.071
0.623
0.747
0.943
0.859
1.253
1.619
1.499
0.686
0.747
0.618
0.614
0.863
1.201
1.083
1.057
1.422
1.446
1.380
1.042
0.961
0.897
1.229
0.896
0.783
1.745
2.648
2.563
2.076
1.611
1.008
1.048
1.372
1.455
1.041
2.352
2.252
1.537
1.323
1.852
1.745
1.771
1.080
1.211
1.064
1.094
1.633
2.026
1.760
1.854
0.967
0.836
0.872
1.490
2.028
1.913
1.279
0.913
1.079
0.744
0.740
1.351
1.340
0.904
2.444
1.826
0.845
0.744
1.028
1.085
0.767
0.977
1.273
1.209
1.363
0.989
1.310
1.523
1.510
1.046
0.891
0.843
0.947
1.270
0.992
1.069
1.126
1.192
1.436
1.243
1.451
1.559
1.538
1.429
1.157
1.556
1.300
1.080
1.162
1.752
1.884
1.586
1.122
0.944
1.313
0.935
0.888
1.334
1.046
0.849
1.212
0.905
2.652
1.909
1.171
1.764
1.714
1.215
1.274
1.427
2.425
2.755
1.690
1.228
1.140
0.844
1.095
1.472
1.141
1.070
1.058
1.151
1.242
1.490
1.804
1.170
0.661
1.479
1.248
1.173
1.459
0.745
0.670
0.749
1.123
1.389
1.362
1.051
0.956
1.415
1.483
1.513
1.176
1.695
1.548
1.546
2.945
2.578
1.134
1.284
0.859
1.007
1.360
1.599
1.142
1.195
1.268
0.853
0.998
1.195
1.271
1.417
1.618
1.402
1.225
1.128
0.895
1.017
1.635
1.293
0.977
1.620
1.995
1.863
1.177
1.581
1.436
1.630
0.875
1.067
1.459
1.657
1.346
1.432
1.577
1.652
0.981
1.542
2.228
2.200
2.113
1.297
1.456
0.906
1.337
1.279
1.026
1.567
1.685
1.566
1.441
1.200
1.918
1.203
1.412
1.547
1.108
1.583
1.076
1.164
1.581
1.275
0.901
0.882
1.191
1.005
1.012
1.199
1.732
1.056
1.177
1.371
1.643
1.728
0.973
0.949
1.259
1.464
1.177
1.147
0.917
1.432
1.607
1.261
1.521
0.846
1.027
1.063
1.000
1.310
1.322
1.779
1.530
1.014
1.179
1.271
1.462
1.435
1.557
1.867
1.226
1.262
0.962
1.155
1.721
1.289
1.361
1.155
1.228
1.324
1.156
1.655
1.684
0.967
1.279
1.476
1.207
1.090
1.341
2.024
2.272
2.023
1.525
1.340
1.285
1.037
1.095
1.905
1.727
1.381
1.617
1.832
1.312
0.932
1.097
1.383
1.525
0.951
1.470
2.129
2.102
1.441
0.836
0.852
0.993
1.259
1.367
0.948
1.225
1.213
1.512
1.142
1.449
1.062
1.178
1.802
1.182
0.944
1.057
1.255
1.071
0.917
1.071
1.200
1.084
1.144
0.731
1.349
1.384
1.320
1.469
1.812
1.734
1.783
1.424
1.173
1.193
1.581
2.226
1.325
1.293
1.123
1.347
1.364
0.852
1.080
1.609
1.009
1.040
1.139
1.042
1.080
1.090
0.914
1.264
1.374
0.964
0.910
1.069
1.005
1.858
1.100
0.950
0.963
1.063
0.639
0.967
1.195
0.837
1.380
0.933
0.940
1.317
1.037
0.871
0.815
0.801
0.823
0.905
0.608
1.005
1.126
2.314
1.646
1.186
1.515
2.429
1.613
1.048
0.624
1.537
1.158
0.985
0.976
1.774
1.549
0.980
0.976
0.950
0.926
1.250
1.633
0.989
1.070
1.383
1.469
1.509
1.360
0.808
1.580
2.307
1.133
1.167
0.747
1.044
0.859
0.991
1.281
0.858
0.772
1.180
0.804
1.340
1.390
0.877
0.913
0.940
1.123
1.378
1.369
1.240
0.951
0.619
0.883
1.295
1.636
1.324
1.030
1.895
1.517
1.840
0.859
1.053
1.295
1.514
1.500
1.066
0.767
1.139
1.461
1.520
1.501
1.376
3.037
2.602
1.694
1.810
1.598
1.501
1.434
0.789
1.383
1.415
1.667
1.045
2.471
2.702
1.318
1.357
1.486
1.388
2.040
2.409
1.996
0.994
0.709
0.941
1.209
1.316
1.527
1.030
1.050
1.220
0.818
1.104
1.457
2.921
3.213
2.188
1.646
0.911
1.169
1.346
1.312
0.825
1.215
1.080
1.356
1.576
1.646
1.527
1.840
1.194
1.720
1.088
1.795
1.965
2.005
2.328
2.136
1.718
2.729
1.208
1.420
1.393
1.344
1.416
1.438
1.438
1.452
1.477
2.765
2.287
1.804
0.930
1.562
2.073
1.916
1.534
1.158
1.338
1.915
2.082
1.981
1.741
3.402
2.469
1.110
1.715
1.391
1.480
0.951
1.626
1.968
1.693
1.356
1.032
1.541
1.718
1.149
0.692
1.205
1.138
1.035
0.877
1.209
1.248
1.572
2.404
1.314
1.390
1.416
1.413
1.667
1.241
1.331
0.786
1.709
2.060
1.211
2.025
1.937
1.235
1.207
1.748
0.950
0.910
1.256
1.445
1.235
1.067
1.387
1.076
1.161
1.590
1.468
0.958
1.178
1.376
1.027
0.710
1.099
1.510
1.822
2.078
1.261
0.953
1.437
1.607
1.457
1.290
1.200
1.052
1.349
2.004
2.562
2.716
1.965
1.020
1.668
1.360
0.803
1.207
1.219
1.338
0.972
1.549
1.634
1.447
1.843
1.660
1.009
1.409
1.637
1.048
0.883
1.000
1.367
1.403
1.043
1.135
1.608
1.923
1.650
1.302
1.174
1.024
1.287
1.346
1.974
2.107
2.437
1.905
1.147
1.064
0.997
1.113
0.879
1.494
0.874
0.954
1.272
0.687
0.519
0.785
1.100
1.182
0.882
0.756
0.771
0.829
1.209
1.125
0.584
0.883
0.966
1.233
1.739
1.310
1.688
1.737
1.601
1.560
1.656
1.421
1.015
1.035
0.853
1.056
1.224
0.962
1.012
1.175
1.602
1.862
2.210
1.930
1.044
1.365
1.423
0.933
1.026
1.285
1.139
1.092
0.780
1.050
1.708
1.892
1.601
1.082
1.304
1.939
1.583
1.216
1.211
1.322
1.289
0.747
1.138
1.164
0.935
0.714
1.020
0.903
0.639
1.115
1.153
0.955
1.146
1.318
1.215
0.920
0.935
1.046
0.765
0.892
0.880
0.755
0.922
0.845
1.095
0.897
0.920
1.464
1.259
0.965
1.964
2.822
1.931
1.005
0.869
1.176
0.878
0.948
0.812
0.742
1.283
1.669
1.267
1.040
1.255
1.965
2.504
2.313
1.494
1.180
1.509
1.957
2.140
2.462
2.133
1.953
1.979
1.823
1.453
1.014
0.746
1.018
1.494
1.641
1.683
1.497
2.215
2.291
1.502
0.940
0.621
0.829
0.957
0.964
1.162
0.847
1.179
0.990
1.097
1.022
0.811
0.824
1.166
1.367
1.278
1.295
1.720
1.913
1.008
0.803
1.174
1.124
0.754
0.845
1.108
1.238
0.997
1.045
1.056
0.903
1.358
0.657
1.358
1.526
1.249
1.243
0.677
1.556
1.635
1.339
1.290
0.716
1.378
1.930
1.806
1.204
1.564
1.523
1.140
0.783
1.507
1.617
1.565
1.383
0.849
0.914
1.364
1.544
1.761
1.534
1.412
1.720
1.593
1.566
1.135
2.436
2.188
1.593
1.255
1.443
1.365
1.060
1.007
1.310
1.189
1.151
0.809
1.209
1.406
1.406
1.659
1.506
1.592
1.259
2.149
2.075
1.342
2.223
1.655
1.425
1.428
1.213
1.596
1.544
1.629
2.177
1.017
1.180
1.455
1.527
1.114
2.730
2.832
1.596
1.252
1.732
1.064
1.397
1.005
0.708
1.054
1.835
1.546
1.162
1.564
1.023
1.543
1.883
1.616
1.656
1.308
1.634
1.748
1.443
1.570
1.169
1.250
1.257
1.142
1.221
1.182
1.533
1.460
1.436
1.016
1.642
1.470
1.063
0.983
1.003
0.950
1.529
1.527
1.135
1.125
0.928
0.868
1.155
1.991
1.410
1.655
1.974
1.828
0.914
1.713
1.379
1.570
2.119
1.745
1.799
1.389
1.235
1.222
1.242
1.108
1.862
1.063
1.204
0.764
1.538
1.376
1.153
1.372
1.416
0.980
1.667
0.941
1.198
1.252
1.091
1.866
0.940
0.919
0.983
1.013
1.755
2.036
1.225
0.927
1.191
1.470
1.480
1.319
1.329
0.683
1.685
2.191
1.381
1.323
0.865
1.465
1.840
1.990
1.354
1.312
1.502
1.722
1.386
1.191
1.298
1.581
1.328
1.905
1.321
0.961
0.685
0.864
1.011
1.034
0.582
1.276
1.504
1.637
2.007
1.992
2.046
1.306
1.076
1.258
1.283
1.606
1.354
1.584
1.303
1.327
0.803
1.116
1.439
1.282
1.432
0.745
0.761
1.445
1.899
1.899
1.937
1.366
1.755
1.728
1.730
1.634
1.773
1.342
1.542
2.216
1.974
2.236
2.130
0.988
1.264
1.113
1.104
1.471
1.390
2.173
2.249
1.889
1.755
1.475
0.834
0.679
0.859
1.013
0.744
0.876
0.965
0.894
1.567
1.442
1.385
0.696
0.938
0.909
0.703
0.678
1.022
0.985
1.190
1.615
0.970
0.659
1.124
1.818
1.372
0.916
0.573
1.660
1.774
1.443
0.934
1.184
0.683
1.400
1.337
0.779
0.930
0.817
0.993
0.732
0.951
1.505
1.168
1.048
1.067
0.899
1.032
0.800
0.851
1.039
1.563
1.735
1.385
0.864
0.985
0.771
1.135
0.776
1.021
0.977
0.644
0.852
0.713
1.129
1.173
1.165
1.070
2.176
2.131
1.609
1.124
1.096
0.940
0.705
0.822
1.035
1.032
1.030
1.407
3.216
2.035
1.371
1.381
0.914
0.894
1.059
1.339
1.006
0.718
1.526
1.036
1.397
1.644
1.819
2.316
1.445
1.072
0.931
1.116
2.639
2.143
1.515
1.033
0.939
1.668
2.030
0.934
1.180
1.373
0.992
1.045
0.996
0.920
1.514
1.435
1.021
1.685
1.186
0.959
1.151
0.905
1.345
1.100
1.352
1.260
1.003
1.597
1.123
1.296
1.560
1.709
1.522
1.294
1.095
0.912
1.569
1.553
1.390
1.260
1.538
0.958
1.310
2.080
1.313
0.794
1.663
1.211
1.307
1.871
1.074
1.451
1.326
1.402
1.657
1.759
1.789
1.920
2.560
1.616
2.207
2.105
1.257
1.399
0.681
0.880
1.127
1.434
1.635
1.211
1.091
1.127
1.540
1.293
2.002
1.424
1.243
1.479
1.081
1.123
2.094
2.166
1.904
2.450
1.788
1.117
1.298
1.716
1.998
1.625
2.005
1.433
1.502
2.306
2.070
1.775
1.072
1.222
1.615
1.176
0.752
1.194
0.952
1.353
1.951
1.576
1.146
1.080
1.603
1.337
1.146
0.868
1.167
1.538
1.211
1.510
1.317
1.578
2.003
2.538
1.027
1.039
1.240
0.961
1.504
1.539
2.003
1.769
1.902
1.480
1.861
1.365
1.283
1.211
1.456
1.696
1.439
0.799
1.368
1.363
0.972
1.322
1.126
0.916
1.322
1.353
1.297
0.998
0.952
0.765
1.282
0.808
1.093
0.890
1.549
1.896
2.350
1.308
1.676
1.218
1.071
1.164
1.078
1.040
2.076
1.972
1.582
1.770
1.038
1.136
1.656
1.406
0.986
1.070
1.611
1.352
1.220
1.180
1.488
2.088
1.898
1.136
1.335
1.318
1.146
1.386
1.538
1.162
1.071
1.623
1.535
1.568
2.284
2.110
1.475
1.534
1.001
0.521
1.116
1.486
0.831
0.899
0.698
0.626
0.548
1.045
1.346
1.320
1.053
1.183
0.903
1.074
1.304
1.243
1.406
1.664
1.597
1.376
1.247
1.221
1.252
0.852
0.924
1.556
1.886
1.349
1.587
1.121
0.998
0.781
0.722
1.552
1.440
1.277
1.795
1.548
1.257
1.455
1.677
1.534
1.081
1.492
1.925
1.731
1.391
1.377
1.272
1.508
1.013
0.857
1.910
1.354
0.877
1.401
1.543
1.429
1.401
1.412
0.966
1.724
1.110
1.108
1.865
1.199
0.962
0.625
1.389
1.611
1.535
1.682
1.362
1.308
1.586
1.693
1.186
1.664
1.892
1.632
1.624
1.083
1.040
0.790
1.042
0.947
0.738
0.911
1.316
1.099
1.027
1.167
1.176
1.510
1.310
0.714
1.202
1.384
0.747
0.578
1.526
0.744
0.710
1.008
0.685
1.370
1.143
0.620
0.681
0.985
1.468
1.291
1.999
1.311
1.526
1.083
1.152
0.882
0.952
0.976
0.829
1.321
1.377
0.967
1.837
1.554
1.091
1.535
1.283
0.981
0.618
0.887
0.695
0.656
0.555
0.811
1.202
2.025
1.624
1.564
1.488
2.551
2.714
1.828
1.545
1.035
1.059
0.863
0.703
0.719
0.843
1.920
1.660
1.582
1.313
1.148
1.001
0.965
1.286
1.172
1.101
0.901
1.110
0.773
1.331
0.946
0.980
1.248
1.150
2.200
1.972
1.885
1.448
0.855
0.800
0.902
1.103
1.100
1.228
1.303
1.351
0.995
0.774
0.905
1.283
1.110
2.106
1.209
0.909
1.524
1.511
1.012
1.826
2.424
2.060
1.443
0.792
1.191
1.917
1.472
0.934
0.857
0.984
1.180
1.363
0.983
1.426
1.437
0.933
1.229
1.320
1.295
0.933
1.092
1.152
1.264
1.086
1.134
1.179
0.958
1.057
1.458
1.659
1.314
1.152
0.931
0.950
0.857
0.840
0.911
1.378
1.426
1.307
1.463
1.171
1.139
1.072
1.054
1.435
1.258
1.520
1.113
1.380
1.854
0.793
1.119
1.145
1.563
1.530
0.876
0.979
1.338
1.533
1.539
2.002
1.470
1.132
1.026
1.560
1.419
1.803
2.108
1.624
0.970
1.296
1.714
1.392
0.999
0.779
2.171
1.456
1.069
1.592
1.057
1.117
1.489
1.827
1.311
2.175
1.822
1.134
1.559
1.365
2.061
1.650
0.801
1.447
1.163
1.546
1.365
1.768
1.320
0.987
1.650
2.150
1.500
1.790
1.333
1.983
2.413
3.152
1.796
1.063
1.769
1.250
0.922
1.213
1.572
1.023
1.067
1.063
1.742
1.388
1.308
1.352
1.387
1.180
1.345
1.152
0.827
1.252
1.361
1.559
0.986
0.740
0.748
0.713
0.938
1.997
2.167
2.010
1.851
1.606
1.652
0.804
1.087
1.174
1.287
1.221
1.219
2.407
1.649
1.819
1.738
1.810
1.463
1.129
1.062
1.283
1.211
0.813
1.577
1.531
1.435
2.027
1.248
1.228
0.997
1.247
1.110
1.038
0.932
0.802
1.440
1.072
1.110
1.205
0.901
1.820
1.759
0.796
0.705
1.217
2.007
1.779
1.490
1.819
2.221
1.874
1.284
1.049
1.799
1.526
0.709
1.060
1.047
1.244
1.149
1.920
1.035
1.120
1.184
1.508
0.828
2.055
1.136
0.871
1.002
1.077
1.409
1.808
1.856
1.707
1.664
1.544
1.060
1.409
1.007
1.341
1.157
1.172
1.153
1.167
0.943
1.506
1.389
1.306
1.282
1.091
1.017
1.122
1.641
1.433
1.671
1.453
1.202
1.228
1.117
2.061
2.274
1.200
0.980
1.208
0.988
1.287
1.555
1.300
1.193
1.243
1.101
1.256
1.307
1.499
1.303
0.702
0.778
0.769
0.829
0.842
0.915
0.892
0.971
0.815
0.657
0.817
0.872
0.951
1.259
1.077
1.225
0.754
1.218
0.867
0.845
1.002
0.812
1.401
1.117
1.142
1.235
1.132
1.250
1.607
1.684
1.370
1.429
1.634
0.923
1.483
1.253
0.917
1.054
0.780
1.291
1.645
0.935
0.849
0.812
1.154
2.262
1.519
0.925
0.835
1.199
1.179
1.061
0.774
1.378
1.032
0.775
1.291
1.764
1.047
0.944
0.863
1.179
1.079
1.217
1.361
1.102
0.623
0.610
0.938
1.039
1.031
0.872
0.842
1.286
1.107
0.828
1.689
0.917
0.697
1.408
1.170
0.851
1.011
0.704
0.732
1.486
0.937
0.923
0.765
1.085
1.000
0.744
1.990
2.212
2.373
1.003
0.857
1.879
1.681
0.980
0.659
0.588
1.547
2.803
1.586
0.922
1.671
0.706
1.177
0.671
1.033
1.057
0.995
0.890
1.215
1.095
1.956
1.577
1.337
0.969
1.449
1.136
1.274
1.014
0.788
0.654
1.023
0.792
0.865
0.834
1.147
1.617
1.204
1.524
0.928
1.354
1.071
0.885
1.121
1.433
0.973
1.092
1.756
1.765
1.605
2.283
1.724
1.033
0.994
1.031
1.149
1.269
1.105
1.072
1.066
1.541
0.931
1.167
1.439
1.023
0.718
0.861
2.880
1.911
1.256
0.841
1.066
1.427
1.951
1.589
1.394
2.074
1.605
1.865
0.933
1.243
1.019
1.642
1.307
0.972
1.384
1.251
1.430
1.592
1.430
1.502
1.329
0.898
1.327
1.521
2.053
1.928
2.178
2.011
2.297
1.659
1.204
1.185
1.087
1.226
1.363
1.646
1.472
1.260
1.043
1.660
0.968
2.228
1.380
1.617
1.471
1.763
2.107
1.917
0.806
0.849
0.814
0.830
1.970
1.258
0.968
1.420
1.350
1.716
2.078
1.882
1.357
1.093
1.409
1.169
1.092
1.173
1.726
1.330
1.320
1.087
1.097
1.404
1.560
1.688
1.236
1.139
0.776
1.216
1.173
1.453
1.549
1.677
1.565
1.758
1.626
1.772
1.223
1.157
1.041
1.339
1.145
1.159
1.477
1.598
1.613
0.957
1.299
1.325
1.663
1.513
1.310
1.126
2.050
1.822
1.115
0.920
0.997
1.304
1.507
1.452
1.714
1.969
1.450
1.645
1.546
1.140
1.443
0.977
1.448
1.623
1.211
1.107
1.260
1.351
1.131
1.095
1.128
1.115
1.319
1.131
0.831
0.922
1.085
1.174
1.516
1.747
1.953
1.988
2.293
2.027
1.893
1.712
1.594
1.598
1.248
1.676
2.179
2.054
1.634
1.517
1.625
1.827
2.131
1.521
1.397
1.217
1.430
1.474
1.162
1.179
0.734
0.802
1.281
0.790
1.215
1.341
1.119
0.765
1.173
1.493
1.199
1.116
1.137
1.127
1.392
1.177
1.066
1.647
1.656
1.533
1.897
1.409
0.911
1.185
1.083
1.120
1.279
0.855
0.981
0.930
1.111
1.035
0.840
1.292
1.300
0.930
0.980
1.025
1.459
1.427
1.051
1.126
0.805
0.908
1.156
1.187
0.961
1.031
1.341
0.887
1.156
1.119
1.529
1.060
0.884
0.648
0.864
0.930
0.850
1.383
2.005
1.714
0.616
1.219
1.079
1.056
0.641
0.819
1.311
0.961
1.144
0.975
0.672
1.042
2.121
2.452
1.856
2.078
1.994
1.746
1.371
1.131
1.134
0.866
1.062
1.239
1.041
0.745
0.893
1.408
1.335
1.263
1.098
1.007
0.775
0.984
0.556
0.609
0.816
1.753
1.502
0.981
1.355
0.942
1.229
1.157
1.009
1.060
2.998
2.726
2.294
2.074
1.477
0.822
1.213
1.060
1.178
0.757
1.716
1.326
1.505
0.894
0.988
1.222
1.165
1.484
2.030
1.704
1.074
1.184
2.657
1.839
0.800
1.029
0.965
1.783
1.327
0.762
1.053
1.559
1.543
1.449
1.156
1.270
1.314
1.412
1.265
1.304
1.170
1.614
1.246
1.060
0.791
0.959
1.258
0.708
0.908
1.005
1.617
1.757
0.930
1.181
0.952
1.121
1.258
1.517
1.834
1.380
1.316
1.026
1.667
1.234
1.468
1.301
2.239
2.062
3.246
2.670
1.683
0.810
1.457
1.728
1.392
1.017
0.957
0.808
1.516
1.952
1.018
1.043
1.459
1.701
0.834
2.020
2.173
2.878
2.629
1.793
0.911
0.855
1.056
1.438
1.533
1.490
1.108
2.306
1.980
1.286
0.942
1.074
0.819
1.662
1.717
0.840
1.395
1.528
1.331
0.939
1.571
1.547
1.493
1.267
0.999
0.938
1.192
1.147
1.383
2.846
2.037
1.871
1.765
1.178
1.084
0.972
1.470
1.411
1.551
1.759
0.781
1.331
1.290
1.171
1.461
1.863
1.514
1.363
1.096
1.469
1.728
2.374
2.577
1.885
1.419
1.579
1.465
2.542
1.255
1.083
1.557
1.624
1.604
1.775
1.626
1.686
1.014
1.322
1.532
1.208
1.211
1.209
1.486
0.747
1.018
1.780
1.642
1.700
1.159
1.120
1.687
1.444
1.758
1.534
1.242
1.230
2.364
1.932
1.126
1.744
1.297
1.086
1.217
1.424
0.980
1.969
1.771
1.124
1.079
1.427
1.041
0.854
1.688
1.539
2.247
1.744
1.572
1.428
1.386
1.325
1.223
0.872
1.158
1.344
1.794
1.034
0.609
0.978
1.419
1.327
1.052
1.541
2.309
2.069
1.627
1.607
1.695
2.087
2.308
2.304
1.196
1.358
1.883
2.227
1.395
1.314
0.979
0.863
1.434
1.369
1.062
1.394
1.387
1.389
1.540
2.114
1.577
1.514
1.104
1.756
1.565
1.746
1.762
1.673
1.178
1.021
1.353
2.053
2.300
2.105
1.849
1.822
2.489
1.871
2.056
1.615
2.218
1.423
0.857
1.258
0.984
1.181
1.317
1.189
1.198
1.787
0.801
1.543
1.408
0.983
1.643
1.821
1.414
1.029
1.420
1.684
1.392
1.356
0.939
1.187
1.465
1.132
1.309
1.091
1.154
1.458
1.396
1.319
1.120
1.136
1.956
1.381
0.939
1.016
1.056
1.213
1.043
1.163
1.088
0.735
1.126
0.956
0.845
1.067
1.111
1.655
1.614
1.330
1.369
1.494
0.936
0.858
1.323
1.629
1.027
1.695
0.976
0.829
0.818
0.852
0.765
1.154
1.637
1.540
1.450
0.591
0.667
1.301
1.214
1.554
1.396
1.401
1.276
0.886
1.005
3.128
1.828
1.005
1.384
1.420
1.062
0.718
1.024
1.212
1.077
1.195
0.992
0.980
1.007
0.982
0.523
0.989
1.693
1.335
0.704
0.880
0.793
1.519
3.041
1.905
1.532
1.188
0.994
1.529
1.163
0.973
1.148
1.042
0.956
1.072
1.312
1.946
2.140
1.365
1.339
1.476
1.047
0.705
0.571
0.698
0.670
0.839
1.485
2.054
1.787
1.576
1.404
1.288
1.533
0.859
0.797
1.234
1.467
1.293
1.300
1.518
1.686
0.932
1.210
0.912
1.039
1.546
0.915
1.187
1.281
1.202
1.621
1.555
1.262
1.027
0.690
0.689
1.131
2.349
2.114
1.064
0.816
1.018
0.858
1.802
2.239
2.164
1.160
1.154
1.414
0.996
1.158
1.382
1.112
1.478
1.256
1.760
1.713
1.401
1.484
1.516
1.103
1.218
1.019
1.901
1.791
1.511
1.041
0.731
1.125
1.507
1.812
1.683
1.487
1.438
0.820
1.829
2.615
1.047
1.130
1.083
1.463
1.079
1.324
1.245
1.297
1.280
0.955
1.426
1.681
1.635
1.593
1.943
1.966
2.343
2.090
2.167
1.384
0.694
1.105
1.565
1.733
1.502
1.463
1.327
1.934
1.475
1.505
1.698
1.522
1.169
1.254
1.545
1.557
0.872
1.689
1.731
0.915
1.220
1.195
1.293
1.096
1.205
1.078
0.813
1.045
1.067
1.017
2.376
1.968
1.036
1.684
1.392
0.898
1.002
1.531
1.338
0.848
1.105
0.793
0.797
1.125
0.981
1.562
1.830
1.656
2.001
1.797
1.641
2.016
1.055
1.268
0.902
0.908
1.270
1.509
1.105
1.512
0.849
0.813
1.402
1.219
1.106
1.253
1.587
1.933
1.677
1.049
0.806
0.994
0.939
1.132
0.798
1.289
2.114
1.903
1.248
1.176
0.991
1.764
1.467
1.221
0.965
1.010
0.993
1.507
1.788
1.004
1.351
1.845
1.619
0.893
0.996
0.963
1.156
1.178
1.208
1.271
0.935
1.595
1.381
1.126
0.889
1.406
1.038
1.230
1.492
1.539
1.335
1.402
1.596
1.259
1.062
1.223
1.011
1.122
1.082
1.641
1.811
1.487
1.526
1.394
0.725
0.996
1.736
1.676
2.031
1.302
1.406
0.842
1.007
1.134
1.257
1.050
0.821
1.478
1.994
1.981
1.564
0.643
0.924
1.875
1.543
1.455
1.619
1.114
1.037
1.377
1.905
1.682
2.035
1.381
1.096
1.879
0.878
1.766
2.025
1.788
1.600
1.204
1.571
1.644
0.911
0.674
0.988
1.593
1.589
1.009
0.990
0.784
1.511
1.094
1.359
0.975
0.821
0.859
1.069
1.425
1.917
1.640
1.830
1.853
2.081
1.552
1.555
1.824
2.007
1.135
0.569
0.911
1.086
1.134
1.250
1.479
1.694
1.758
0.985
1.036
1.306
1.596
1.578
1.118
1.472
1.180
1.286
1.327
1.043
0.900
1.480
1.391
1.084
0.902
0.889
1.196
2.379
1.382
1.841
1.839
0.862
0.924
0.882
0.687
1.035
0.922
1.145
1.111
1.026
0.935
1.176
0.886
0.668
1.227
1.000
0.987
1.432
1.312
0.908
1.211
1.118
1.612
1.158
0.939
1.266
1.592
1.486
1.570
0.850
2.462
2.011
1.425
1.114
1.181
1.233
1.460
1.413
1.679
0.907
0.956
1.341
1.438
1.547
1.437
1.118
1.034
0.746
0.792
0.804
0.760
0.800
0.949
0.969
0.807
1.018
0.990
1.249
0.740
0.597
0.761
0.881
0.874
0.915
1.279
1.723
1.386
0.815
2.492
1.886
1.549
0.749
0.787
0.703
0.833
0.815
1.037
1.134
1.415
1.776
1.835
1.913
1.691
0.872
1.172
0.983
1.354
1.346
1.088
1.153
1.308
1.208
1.208
1.337
0.736
1.276
1.379
1.199
1.014
2.239
0.838
0.766
0.772
1.246
0.917
1.084
1.446
2.344
3.033
2.426
1.646
1.001
1.021
1.293
1.235
1.242
1.046
1.272
1.029
1.096
1.356
1.700
1.830
0.869
1.159
1.423
1.190
1.498
1.325
0.874
0.820
1.493
1.026
1.190
1.737
1.206
1.172
1.525
1.472
1.312
1.437
1.127
0.836
1.231
1.161
0.957
1.253
2.206
2.451
2.447
2.399
1.723
1.036
0.871
0.708
0.997
1.399
1.193
1.107
1.373
1.812
1.453
1.147
0.927
1.271
0.985
1.293
1.203
1.539
1.567
1.833
2.146
1.947
1.768
1.428
1.767
0.920
1.212
1.068
2.569
1.548
1.241
1.356
1.986
1.923
1.947
1.604
1.229
1.438
1.058
0.887
1.068
1.404
1.266
2.434
2.093
1.708
1.317
1.401
1.304
0.845
0.842
1.098
1.093
1.673
1.737
1.672
0.936
1.155
1.230
1.417
0.790
0.983
1.314
1.582
1.796
1.571
1.801
1.380
1.435
1.093
1.497
1.994
2.475
2.155
1.132
1.488
1.687
1.197
1.020
0.898
0.955
0.672
1.050
1.191
1.126
1.461
1.930
1.355
0.924
1.207
1.978
2.407
2.162
1.579
1.069
1.211
1.802
1.578
1.734
1.853
1.679
0.879
1.189
1.294
1.626
1.979
1.838
1.600
1.680
1.422
1.123
1.393
1.961
1.850
1.324
1.112
1.060
1.409
1.861
1.336
0.857
1.166
1.152
1.127
1.481
1.441
1.052
1.498
0.989
1.371
1.643
1.523
1.915
1.335
1.172
1.119
1.040
1.086
1.062
1.331
1.417
1.373
1.583
1.536
1.270
1.639
1.324
0.930
1.715
2.154
1.520
0.918
1.051
1.294
0.987
1.421
1.763
1.439
1.593
1.173
0.824
0.920
1.012
1.052
0.846
1.404
1.455
1.600
1.019
1.085
0.978
1.213
1.330
1.346
1.174
0.989
0.955
0.660
1.072
1.432
1.581
0.979
1.143
0.908
0.946
1.063
0.808
0.831
1.073
1.510
1.694
1.267
1.087
1.518
1.448
1.490
1.366
1.408
0.793
1.576
1.832
0.988
0.788
1.216
1.267
0.846
1.216
1.594
1.260
0.619
2.091
1.847
1.486
1.083
1.289
1.293
1.486
1.187
1.314
1.681
1.769
1.376
1.116
0.798
1.244
1.750
1.398
0.928
1.777
1.779
1.738
1.960
1.990
1.640
1.602
1.621
1.888
1.911
1.822
1.449
1.117
1.101
1.091
0.878
0.871
0.757
0.915
1.137
0.986
0.848
1.851
2.063
1.661
0.878
1.225
1.404
0.902
0.765
0.854
0.914
0.608
1.975
1.330
1.116
1.358
0.803
0.693
1.276
1.054
1.560
1.119
1.342
1.258
1.653
0.935
1.020
1.099
1.132
1.267
1.194
1.078
0.834
0.910
0.660
1.341
0.718
0.929
1.047
1.125
0.979
0.894
1.521
1.067
1.137
0.763
0.738
1.241
1.555
1.295
1.195
0.898
0.852
1.035
1.434
1.338
1.031
0.979
1.176
1.028
1.154
0.855
0.979
0.951
1.305
1.536
0.957
0.997
1.033
0.971
0.847
1.241
1.612
1.155
1.361
1.374
1.474
1.730
1.373
2.505
2.395
2.238
1.417
0.590
0.822
0.972
0.850
1.094
1.369
1.328
1.100
1.007
1.067
1.003
0.957
1.780
1.529
2.372
1.659
1.251
1.109
2.490
2.382
1.303
1.746
1.515
0.836
0.910
1.385
1.870
0.844
0.818
1.761
2.475
2.838
2.405
1.721
0.964
1.395
1.581
1.556
1.181
1.439
1.546
1.233
1.578
1.048
1.041
1.293
1.272
1.544
1.233
1.316
0.998
1.402
1.744
1.755
1.545
1.260
1.763
1.812
1.274
2.105
1.890
1.173
1.533
1.479
1.545
1.328
1.448
0.731
1.232
1.251
1.756
1.320
1.094
0.859
0.971
1.283
1.161
1.060
0.638
0.642
0.817
1.124
1.167
1.548
1.020
1.714
1.626
1.253
1.922
1.097
0.786
1.485
0.773
0.983
1.004
0.817
1.134
1.084
1.356
1.318
1.401
1.656
1.931
1.176
1.041
1.295
2.246
1.865
1.196
1.645
1.013
1.021
1.025
1.029
0.903
1.592
1.579
1.399
1.444
1.251
1.260
1.924
2.033
1.791
2.011
1.642
1.118
0.605
0.624
0.853
0.918
1.661
1.670
1.957
1.817
1.756
1.654
1.670
1.391
1.804
1.770
1.244
1.757
1.978
1.593
1.295
0.779
1.266
1.225
0.839
1.097
1.255
1.361
1.522
1.947
1.876
2.015
2.486
1.812
2.105
1.405
0.817
1.291
1.092
1.585
1.352
1.377
1.957
1.422
1.242
0.932
0.765
1.316
1.294
0.917
0.746
1.498
2.232
2.205
1.821
1.390
1.870
1.840
1.344
1.212
1.181
0.752
0.772
1.032
0.639
1.220
1.767
1.289
1.135
1.183
1.110
1.251
1.219
1.065
0.997
1.483
1.891
1.118
1.295
0.850
1.093
0.840
1.782
1.640
1.224
1.174
1.281
1.980
1.209
1.183
0.951
1.341
1.322
1.854
1.519
1.015
1.542
1.070
0.908
1.098
1.100
1.778
1.399
1.096
0.822
1.236
1.627
1.452
0.964
0.912
0.906
1.267
1.129
1.056
2.222
1.231
0.958
0.800
0.872
1.831
2.170
1.639
0.782
0.555
0.988
0.980
1.168
0.839
0.960
1.589
1.866
1.445
1.928
1.724
1.556
1.311
2.148
1.873
1.077
1.029
0.809
0.858
0.830
0.602
0.575
1.208
1.860
1.531
1.097
0.951
0.740
0.926
1.101
1.617
1.333
1.086
1.172
1.331
0.745
0.838
1.342
1.237
1.154
1.025
0.574
0.944
1.070
0.944
0.799
0.707
1.208
0.746
1.043
1.728
1.818
1.409
2.087
0.756
1.600
1.554
1.433
0.946
1.161
1.349
0.878
1.002
0.882
1.452
1.536
1.636
1.996
1.728
1.287
0.738
0.799
1.293
0.975
0.752
1.667
1.251
1.624
1.855
2.012
1.668
0.931
0.933
1.235
0.992
1.444
1.568
1.190
2.230
2.106
1.246
0.979
1.402
1.162
1.252
1.305
1.196
1.496
1.941
1.425
1.709
1.573
0.704
0.884
0.910
1.237
1.315
1.248
1.368
2.080
1.216
1.031
1.573
1.672
1.276
2.056
1.011
1.472
1.546
1.021
0.758
1.304
