19790101
1.462
1.214
1.280
1.118
1.267
1.347
0.933
0.915
1.020
1.177
1.671
1.895
1.874
1.670
1.866
1.753
1.256
1.102
0.745
1.543
0.746
1.156
1.680
1.703
1.278
1.270
1.602
1.419
0.884
0.762
0.982
0.795
1.186
1.190
1.135
1.218
1.501
1.254
1.311
1.431
1.370
1.450
1.697
1.495
1.512
1.619
1.931
1.163
0.858
0.828
1.277
1.034
1.641
0.974
1.022
0.894
1.364
2.149
0.914
0.906
1.430
1.364
1.077
0.674
1.124
1.273
0.979
1.121
1.084
1.109
0.970
0.933
0.898
0.787
0.790
1.212
1.024
2.143
1.302
1.128
0.715
1.057
1.030
1.561
1.066
0.961
1.284
0.937
0.640
0.637
0.829
1.109
1.213
1.132
0.554
2.473
2.280
1.711
1.055
0.834
0.708
0.867
0.705
1.006
1.166
0.781
0.755
0.528
0.859
0.910
0.853
1.499
1.780
1.998
1.860
1.996
1.573
0.823
1.499
1.139
1.172
1.184
1.304
0.949
0.901
1.067
0.730
0.619
0.803
0.862
0.832
0.768
0.845
0.760
0.776
1.117
0.816
1.046
0.595
0.775
0.538
1.131
0.926
1.724
1.058
0.998
1.531
1.210
1.433
2.221
2.417
1.488
0.860
0.850
1.095
0.924
1.343
1.555
1.978
1.727
1.189
0.941
1.083
1.178
2.256
2.201
1.496
1.290
1.035
0.878
0.665
0.662
0.652
1.110
0.896
2.025
1.701
1.530
1.198
0.770
0.984
1.464
1.393
1.286
0.881
1.185
1.225
1.125
1.225
2.037
1.923
1.607
0.971
1.215
1.207
0.869
2.197
1.753
1.245
1.411
2.639
1.103
1.458
1.021
1.339
1.177
0.914
0.805
0.737
1.018
0.952
1.146
1.153
1.067
1.555
1.237
0.990
1.151
1.126
1.132
1.120
1.128
0.981
1.747
1.115
1.167
1.232
1.552
1.178
1.315
1.070
1.120
1.167
0.944
0.925
1.232
2.007
1.454
0.874
1.270
1.158
1.563
1.640
1.952
1.336
0.955
1.319
2.789
1.264
1.079
1.260
1.758
1.505
1.687
1.286
1.537
2.025
1.947
1.141
1.245
2.721
2.297
1.325
1.373
1.978
1.473
1.652
1.730
1.210
1.510
2.003
1.359
1.245
1.093
1.310
1.497
1.680
1.160
1.000
1.485
0.922
1.586
1.117
1.237
1.155
1.887
1.489
1.547
2.752
1.830
1.586
1.608
1.095
1.547
1.635
1.312
1.092
1.894
1.487
1.279
1.456
1.695
1.585
1.728
1.220
1.067
1.178
1.262
0.929
1.468
1.521
0.907
1.660
2.085
1.361
2.190
2.109
1.193
1.157
1.078
1.763
1.938
1.447
1.013
1.117
0.943
1.373
1.239
1.289
2.955
1.556
1.456
1.563
1.197
1.392
1.596
1.591
1.838
1.772
1.382
1.238
1.106
1.968
1.309
1.399
1.958
1.963
1.502
0.876
1.442
1.108
1.431
1.402
1.141
1.490
1.369
0.957
1.031
0.892
1.416
1.467
1.019
1.908
2.063
1.777
1.946
0.835
1.478
1.567
1.355
1.492
1.640
1.456
1.437
1.468
1.758
1.420
1.299
0.578
1.215
1.269
1.265
1.156
0.943
1.326
0.961
1.162
1.549
1.770
1.322
1.454
1.847
1.710
1.654
1.521
1.256
1.152
0.902
1.217
1.571
1.657
1.534
1.565
0.816
1.427
1.572
1.079
1.534
1.446
1.382
1.845
0.986
1.104
2.938
1.875
1.320
1.030
0.578
1.215
0.983
1.253
0.974
1.281
1.387
1.507
1.449
1.896
0.943
0.622
1.365
1.222
1.178
1.213
0.856
0.965
0.622
0.529
0.837
0.737
1.081
0.939
0.752
0.806
0.808
0.822
1.125
0.620
0.681
0.871
1.151
0.666
1.011
0.842
0.740
0.677
0.826
1.268
1.858
1.630
1.290
1.162
0.961
1.103
1.524
1.720
1.609
1.649
1.326
1.215
1.185
1.349
1.570
1.027
1.336
1.302
1.374
1.386
1.029
1.112
1.145
0.940
0.843
0.569
0.827
1.262
1.439
1.243
2.572
2.454
1.514
0.838
0.868
1.001
0.815
0.908
1.223
1.059
0.992
0.828
0.734
0.789
1.054
0.955
0.794
1.094
1.248
0.973
1.033
0.988
0.925
1.378
0.961
0.801
1.239
1.201
1.097
0.790
0.604
0.736
1.421
2.044
1.104
0.639
0.924
0.817
0.591
1.057
1.007
1.060
1.346
1.758
1.371
0.900
1.065
0.819
1.240
2.033
2.018
1.208
0.917
1.782
1.616
1.231
1.336
0.687
1.344
1.134
0.996
2.184
2.505
1.696
1.104
1.133
1.375
1.333
0.962
0.976
1.071
0.923
0.841
1.290
1.326
0.841
1.078
0.942
1.335
1.160
1.357
1.272
1.388
1.139
1.478
1.863
1.802
1.185
1.266
1.085
2.700
1.651
0.772
1.009
1.117
1.074
1.288
0.719
1.042
1.186
1.446
1.487
1.337
1.631
1.225
1.677
1.088
1.913
1.369
1.121
1.120
1.399
1.078
1.460
1.419
1.360
1.503
2.980
1.765
1.070
1.213
1.090
1.139
1.403
1.135
1.389
1.984
1.917
1.139
1.553
1.362
1.900
1.549
1.467
1.019
1.945
1.703
3.270
1.401
1.424
1.527
1.641
1.269
2.496
1.961
1.603
1.584
1.369
1.710
1.220
1.876
1.516
1.416
0.963
1.384
0.977
2.547
1.868
1.222
1.650
0.908
1.249
1.605
0.996
1.386
1.015
1.120
1.130
1.254
1.206
0.839
1.315
1.148
1.850
1.401
1.614
1.129
0.888
1.635
1.258
1.572
1.883
2.171
1.693
1.319
1.277
1.345
1.754
1.854
2.259
2.195
1.464
2.146
1.826
1.286
1.917
1.203
1.743
1.301
0.731
1.329
1.329
1.496
1.832
1.451
0.949
0.656
0.825
1.085
1.204
1.832
1.839
1.345
0.924
1.211
0.931
1.538
1.778
1.166
1.184
0.961
1.005
1.539
1.826
1.659
1.229
0.906
1.138
1.264
1.532
2.046
1.681
1.842
2.293
1.557
1.694
0.905
1.263
1.388
1.167
1.722
1.433
1.569
2.128
1.662
1.548
1.461
1.108
0.790
0.803
0.904
1.051
0.928
1.576
1.664
1.609
1.297
1.255
0.895
1.261
1.214
1.193
1.185
1.391
1.289
1.553
1.777
1.423
1.354
1.331
1.496
1.150
0.526
1.271
1.107
1.520
0.971
1.178
0.510
0.647
1.379
0.826
0.773
0.897
1.211
1.253
1.332
1.207
1.170
0.928
1.701
1.353
0.852
0.803
0.620
0.809
0.933
1.251
0.877
0.906
1.004
0.950
0.721
0.759
0.662
0.669
0.910
0.697
0.722
0.722
0.714
0.771
1.260
1.509
1.663
1.287
1.877
1.780
1.232
0.624
1.340
1.150
0.771
1.248
1.318
1.018
0.977
1.340
1.719
0.914
1.104
1.192
0.949
0.812
0.768
0.686
1.079
1.126
1.349
1.215
1.164
1.414
1.299
0.782
0.649
0.878
0.626
0.753
1.434
1.795
1.583
1.663
1.407
1.330
1.193
0.957
1.534
1.086
0.734
0.982
0.965
0.899
1.446
1.559
1.297
0.971
1.040
0.886
0.769
0.923
0.944
0.744
0.921
1.006
0.818
0.861
1.029
0.811
0.515
0.532
0.777
0.588
0.888
1.243
1.660
1.107
1.158
0.899
0.882
1.005
1.515
1.514
1.592
1.235
0.953
1.291
1.339
0.864
0.779
0.970
0.748
1.754
2.049
0.864
1.038
1.022
0.911
1.279
1.803
1.012
0.775
1.694
2.071
1.036
0.637
1.086
1.040
1.059
1.190
0.804
0.898
0.566
0.657
1.208
1.268
1.516
0.747
1.876
2.181
2.033
1.604
1.651
1.146
1.115
1.046
0.919
1.010
0.558
1.262
1.196
1.371
1.841
2.917
3.243
2.426
0.999
0.637
2.328
3.035
1.766
1.133
1.017
1.216
1.305
1.418
0.769
0.958
1.113
1.215
1.165
1.196
0.992
1.589
1.184
2.110
2.224
1.495
1.420
1.210
1.225
1.331
1.553
1.246
2.673
2.692
2.052
0.926
1.013
1.208
1.168
1.256
0.910
1.222
1.601
1.182
1.463
2.397
2.230
1.561
1.116
1.323
1.629
1.317
1.143
1.515
1.702
1.267
1.270
1.337
1.651
1.475
2.651
2.018
1.252
1.734
1.500
1.963
0.974
1.194
1.321
0.846
1.436
1.332
1.673
1.649
1.344
2.688
1.608
1.722
1.692
1.351
1.447
1.708
0.702
1.116
1.598
1.518
1.656
1.647
1.209
1.633
1.448
0.685
1.052
0.972
1.534
1.203
1.229
0.870
1.051
1.473
1.132
1.731
1.877
1.512
1.564
1.232
1.371
1.466
1.623
1.656
0.818
1.581
1.728
1.318
1.132
1.807
1.222
0.924
1.109
1.492
1.003
0.924
0.786
1.260
1.584
0.906
1.131
1.010
1.323
1.221
0.980
1.238
0.972
1.398
1.978
1.533
1.601
1.224
0.758
1.509
1.205
1.240
1.036
0.921
1.308
0.885
1.299
0.848
1.103
0.863
1.509
1.676
0.988
1.332
1.861
1.502
1.375
1.485
1.238
0.619
1.269
1.069
0.799
0.758
1.153
1.384
1.256
0.997
0.897
0.762
0.976
1.042
1.313
1.102
1.238
1.466
1.079
1.277
1.183
1.402
1.561
1.408
0.883
1.290
0.919
0.980
1.082
1.303
1.149
0.697
1.080
1.537
1.261
0.988
1.165
1.243
1.246
1.311
0.998
1.606
1.740
1.606
1.017
0.883
0.928
1.353
1.110
1.102
1.001
0.933
0.847
1.208
0.860
0.818
1.046
0.858
0.969
1.445
1.139
1.564
1.292
0.680
1.069
1.111
1.115
0.948
1.072
1.362
1.045
0.836
1.136
0.771
1.005
1.439
1.415
1.323
1.017
0.952
1.263
0.748
1.120
1.197
0.998
1.550
1.442
1.138
1.179
0.896
1.056
1.212
1.186
1.789
1.521
1.397
1.864
1.446
1.533
1.448
1.152
1.482
1.147
0.515
1.097
1.044
0.832
0.976
0.701
0.793
0.939
1.158
1.422
1.256
0.877
0.787
1.522
1.083
0.821
0.813
1.141
1.140
1.183
1.244
1.526
1.762
1.877
1.683
1.183
1.078
1.975
1.568
1.875
1.746
1.800
1.371
0.993
0.844
0.952
1.381
1.281
0.767
1.171
0.840
0.513
0.592
0.905
0.830
0.895
0.842
0.485
0.679
0.539
0.859
2.069
1.918
2.253
2.115
1.844
1.491
1.038
1.019
0.811
1.152
0.927
0.770
0.867
0.803
1.013
1.508
1.141
1.129
1.050
1.091
1.206
1.042
1.943
1.639
1.106
1.335
1.179
1.488
1.644
1.101
1.588
1.868
1.764
1.815
1.925
1.167
1.016
1.256
1.205
1.102
1.279
1.210
1.496
1.177
0.839
1.354
1.047
0.848
1.243
1.128
1.086
0.998
1.350
1.517
1.008
0.913
0.716
0.873
1.095
1.253
1.292
0.873
1.000
1.108
1.297
0.765
2.035
1.085
1.492
1.135
1.115
1.179
0.609
0.925
1.061
1.262
1.164
2.134
1.479
1.038
1.031
1.376
0.936
1.018
1.334
1.239
1.627
1.400
1.043
0.969
1.165
1.439
1.156
1.190
0.593
1.084
1.209
1.625
0.948
1.391
1.792
1.344
1.291
1.132
1.321
1.508
1.056
1.270
1.438
1.477
1.224
1.229
1.797
1.380
1.332
1.425
1.170
1.278
0.950
1.347
1.346
1.438
1.069
0.539
1.031
1.237
1.175
1.218
1.147
1.191
1.502
1.114
1.495
1.186
0.931
1.594
1.347
1.486
1.249
1.829
1.474
1.330
1.992
0.780
0.966
1.683
1.457
1.303
1.173
0.912
1.253
1.490
1.844
1.220
1.147
1.171
1.266
1.736
1.254
1.265
1.677
1.899
1.707
1.435
1.731
1.194
1.494
1.120
1.042
1.332
1.951
1.280
0.960
0.582
1.332
1.329
0.977
1.214
1.998
1.329
1.421
1.694
1.325
1.349
1.441
1.717
1.650
1.246
1.201
1.056
1.227
0.999
0.700
1.194
1.216
1.015
1.253
1.828
1.531
1.212
1.759
1.217
1.607
1.959
1.312
1.817
1.393
1.064
1.183
1.233
1.767
1.234
1.544
1.543
1.317
0.971
1.022
1.204
0.914
1.034
1.152
1.126
1.262
0.913
1.066
1.189
1.200
0.899
1.317
1.382
1.733
1.353
1.561
1.086
1.007
0.751
1.239
1.134
1.488
1.813
1.903
1.228
1.329
1.166
1.156
1.157
1.653
1.131
1.060
1.470
1.569
1.184
1.850
1.659
1.452
1.157
1.425
0.927
0.914
1.016
1.010
0.874
1.372
1.268
1.576
1.686
0.986
0.848
1.344
0.964
1.272
1.052
0.676
0.939
0.788
0.837
0.997
0.790
1.059
1.465
1.361
1.734
1.538
1.204
1.634
1.717
1.072
1.024
1.425
1.122
0.918
1.473
0.521
0.916
0.771
1.229
1.654
1.351
2.137
1.778
1.877
1.823
1.072
1.311
1.517
1.034
1.719
1.203
1.331
0.837
0.976
1.087
1.038
0.966
0.907
0.797
1.065
1.071
0.872
0.846
0.880
0.790
1.205
1.226
0.877
0.679
0.740
0.914
1.194
1.136
0.606
0.791
1.200
1.329
1.084
1.152
0.731
0.895
1.033
0.861
0.622
0.682
0.836
0.970
1.099
1.091
1.813
1.079
1.517
1.055
1.495
1.370
1.110
1.233
1.262
0.788
1.439
0.845
1.007
1.377
0.881
0.684
0.892
0.814
1.854
1.904
1.056
1.334
1.687
1.304
1.573
1.425
2.254
1.188
0.983
0.889
0.999
1.366
0.861
1.096
1.194
0.738
1.205
0.951
1.425
2.704
2.245
1.424
0.994
1.203
1.642
1.649
1.476
1.289
1.064
0.932
1.189
0.814
1.027
0.775
1.098
1.514
1.230
1.731
1.362
1.190
1.539
1.382
1.933
1.722
1.882
1.863
1.720
1.265
1.144
1.573
1.495
1.745
2.374
1.604
1.973
1.386
1.381
1.345
1.623
0.792
1.349
1.119
1.298
1.068
1.342
0.880
1.600
1.887
2.453
1.942
1.542
1.212
0.941
0.860
1.495
1.321
1.278
1.418
1.428
1.410
1.140
0.822
1.105
1.859
2.111
2.104
1.956
1.541
0.896
1.297
1.586
1.153
1.502
1.063
1.147
1.120
1.714
1.597
1.532
1.449
0.980
1.151
1.750
1.456
1.801
1.739
1.925
2.022
1.742
1.423
1.399
1.229
1.609
1.775
2.053
1.687
1.234
1.640
1.441
1.379
2.165
1.383
1.592
1.055
1.116
1.462
1.134
0.990
1.431
1.567
1.480
0.903
0.944
1.390
0.715
1.557
1.233
1.462
1.735
1.245
1.146
1.414
1.552
2.017
1.910
1.499
1.451
1.358
1.611
1.768
1.902
2.791
1.251
1.456
1.066
1.391
1.064
1.278
0.831
1.307
1.254
1.536
1.064
1.399
1.375
1.321
1.514
1.867
1.487
1.130
1.879
1.721
1.392
2.022
1.273
1.902
1.196
1.205
1.330
1.672
2.090
1.333
1.070
1.389
1.553
0.839
0.975
0.963
1.371
1.511
1.200
1.235
1.150
1.480
1.302
0.976
1.683
1.161
1.487
1.777
1.472
1.112
1.441
1.510
1.510
1.488
1.466
1.203
1.039
0.987
1.000
1.425
1.015
0.758
1.097
0.942
1.862
1.309
1.399
0.658
1.034
1.026
1.207
1.247
0.684
0.898
1.211
1.118
1.307
1.377
1.296
0.977
1.034
1.024
0.953
0.952
1.134
1.023
0.657
0.964
1.115
1.112
1.024
1.339
1.450
2.136
1.697
1.920
1.193
1.051
0.955
1.008
0.836
0.687
1.055
0.971
1.200
0.754
1.002
1.220
1.326
1.349
0.916
1.175
1.101
0.935
1.760
0.979
0.967
0.982
1.383
0.845
0.907
0.716
0.934
1.366
1.516
1.292
1.341
0.908
0.686
1.001
0.901
0.708
0.936
0.740
0.916
1.281
1.031
1.167
0.639
1.031
1.378
1.249
1.108
0.822
0.646
0.821
0.750
0.718
0.900
1.005
1.482
1.372
1.863
1.323
1.297
1.096
0.705
1.076
1.297
1.609
1.890
1.192
0.753
0.778
0.995
0.557
0.625
1.160
1.488
1.261
1.200
0.618
0.815
1.488
1.534
1.437
1.020
1.024
1.090
0.640
0.906
0.575
1.397
2.411
1.147
0.703
0.920
0.752
0.859
1.273
0.982
1.208
1.639
1.007
0.874
0.880
0.820
0.529
0.847
0.784
0.790
2.282
1.458
1.452
1.036
0.974
0.779
0.665
0.679
0.565
0.849
1.243
1.433
1.066
1.071
1.243
1.206
1.068
1.171
1.876
1.017
0.888
0.909
0.789
1.113
1.301
1.368
1.198
1.124
1.238
0.925
1.384
0.990
1.271
0.978
0.872
0.955
1.018
1.189
0.792
1.101
1.120
1.092
1.020
0.865
0.969
1.372
1.930
2.252
1.215
0.946
1.537
1.518
1.745
1.866
1.364
0.771
1.103
1.394
1.430
1.380
1.278
0.992
1.326
1.395
0.965
1.114
1.087
1.310
1.769
1.333
1.808
1.958
1.491
1.578
1.691
1.151
2.020
2.508
1.866
1.274
1.390
1.430
1.252
1.678
1.540
1.572
1.570
1.059
1.298
1.030
1.250
1.175
1.295
1.097
1.130
1.723
1.924
1.000
1.388
1.531
1.547
1.281
1.450
1.330
2.972
2.956
1.745
1.982
1.990
1.804
1.597
1.274
1.219
1.542
1.194
1.166
1.287
1.276
1.178
0.936
1.164
0.972
1.308
1.513
1.581
1.511
1.317
0.841
1.135
1.745
2.057
1.248
1.188
1.143
1.342
1.458
1.102
1.245
2.491
1.928
1.123
1.771
1.687
1.211
1.498
1.245
1.363
1.456
1.308
1.391
1.310
1.032
1.174
1.761
1.106
1.495
1.476
1.769
1.063
0.922
1.147
1.461
1.655
1.225
0.722
1.252
0.987
0.977
0.742
1.364
0.862
1.067
1.269
1.348
1.264
1.050
0.991
1.008
1.265
1.263
1.549
1.573
0.949
1.001
1.104
1.095
1.247
1.533
1.414
1.085
0.921
1.194
1.595
1.109
1.357
1.211
0.988
1.326
1.192
1.074
1.132
1.706
1.969
1.682
0.893
1.262
1.389
1.521
1.637
1.522
0.784
1.115
1.481
1.283
1.284
1.358
1.862
1.541
1.179
0.899
0.812
1.548
1.448
1.594
1.143
0.995
0.546
1.569
0.880
0.631
1.144
1.282
1.611
1.261
1.409
1.015
1.086
1.044
0.994
1.512
1.068
1.181
1.092
1.132
1.153
1.203
1.528
0.951
0.888
0.854
1.440
1.053
1.396
1.486
1.745
1.037
1.012
1.095
1.296
1.051
1.077
1.116
1.482
1.397
1.046
1.734
1.892
0.872
0.898
1.280
1.023
1.035
1.135
0.826
0.946
1.105
0.901
0.846
1.021
1.112
1.332
1.073
1.416
1.070
0.922
0.946
1.135
1.238
1.016
1.193
0.605
1.137
0.992
0.931
0.989
1.146
1.337
1.416
0.743
0.619
0.531
1.301
1.153
1.152
1.409
1.241
1.368
1.258
1.243
0.869
0.620
1.357
1.038
1.146
1.522
0.940
0.685
0.715
0.791
1.200
1.360
0.855
0.912
1.105
1.644
1.456
0.681
1.213
1.103
0.803
0.694
1.148
1.298
0.971
1.076
1.098
1.236
1.475
1.561
1.305
0.816
0.956
0.682
0.818
0.991
1.316
1.827
1.137
0.814
1.103
0.946
1.174
0.959
2.015
1.621
1.400
1.322
0.899
0.867
0.790
0.762
0.672
0.916
1.103
0.652
0.936
1.071
1.007
0.811
0.880
0.810
0.743
1.075
1.273
0.975
1.079
0.863
1.163
0.868
0.976
0.784
1.088
0.882
0.818
1.022
1.007
1.813
1.781
1.498
1.680
2.385
2.545
2.510
1.733
0.859
1.310
1.244
1.357
1.130
1.454
0.962
1.080
0.879
0.976
0.992
0.833
1.268
1.263
1.026
1.022
0.825
1.361
1.740
1.714
1.364
0.923
0.835
1.503
1.053
2.183
1.270
1.013
0.945
1.285
2.500
2.090
1.658
1.396
1.422
1.670
1.487
0.828
0.844
1.191
1.470
1.077
0.953
1.029
1.162
1.337
1.197
1.523
1.586
1.279
1.474
0.963
2.542
1.760
1.025
1.011
1.420
1.414
0.968
1.985
1.572
2.222
1.871
0.950
1.136
1.639
1.183
1.183
0.969
0.898
1.194
1.283
0.985
1.302
1.458
1.848
2.196
1.290
0.748
1.018
1.005
1.543
1.031
2.226
1.071
0.916
1.033
0.916
0.946
1.421
1.260
1.561
1.254
1.384
2.144
1.649
1.591
1.203
0.897
1.255
1.094
0.898
1.673
1.164
0.933
1.114
1.184
1.107
1.930
1.142
2.039
1.189
1.176
1.376
0.891
1.118
1.253
1.635
0.981
1.840
1.148
1.485
1.167
1.192
1.426
1.668
1.167
0.931
1.169
1.148
0.869
1.383
1.093
1.201
1.564
1.726
2.121
1.490
1.044
1.414
1.123
1.295
0.816
1.237
1.335
1.103
1.346
1.463
1.382
1.092
1.538
0.843
1.190
1.079
1.338
1.151
1.120
1.141
1.104
1.219
0.995
1.315
1.717
1.431
1.511
1.042
1.074
1.427
0.836
0.954
1.440
1.417
1.080
1.317
1.572
1.509
1.133
1.375
1.348
1.265
1.011
1.188
1.069
1.983
1.032
1.816
1.501
1.052
1.912
1.576
1.091
1.162
1.332
1.634
1.636
0.893
0.884
1.711
1.651
1.516
1.536
1.265
0.959
0.879
1.007
1.240
1.651
1.826
1.045
1.129
1.740
1.321
0.939
1.224
1.181
1.350
1.017
1.305
1.392
1.658
1.646
1.278
1.428
1.228
0.977
1.075
1.100
0.940
0.805
0.981
0.697
0.772
1.053
1.851
1.667
0.872
1.063
0.903
0.942
0.840
1.400
1.032
0.866
1.091
1.233
1.140
1.111
1.062
1.199
1.735
1.585
1.350
1.099
1.281
1.167
0.851
0.616
0.692
0.851
0.858
0.933
1.166
1.032
1.482
1.426
1.744
1.397
1.250
0.767
0.855
1.321
1.331
1.679
1.336
0.908
0.555
0.930
0.706
0.997
1.461
1.045
0.949
1.030
0.956
0.668
0.758
0.762
0.848
0.871
1.482
0.667
0.868
1.106
0.831
1.099
1.204
0.939
0.844
0.867
0.594
0.908
1.414
0.933
0.661
0.925
0.858
1.075
0.724
1.837
2.130
1.168
1.062
1.095
0.957
1.284
0.852
0.741
0.944
0.735
0.894
1.881
1.645
1.211
1.011
1.141
1.203
0.803
1.009
1.031
0.750
0.627
0.473
1.063
0.829
0.755
1.273
1.396
0.976
0.809
1.236
0.978
1.042
1.399
1.045
0.802
0.775
0.940
1.370
0.886
1.316
0.940
1.334
1.340
-99.000
1.339
1.693
1.618
1.015
0.933
1.385
0.803
1.359
0.762
0.707
0.731
1.042
1.118
0.842
1.018
1.051
1.170
1.014
0.749
0.978
1.348
0.923
0.944
1.080
1.033
1.103
1.220
0.781
1.233
1.016
1.120
2.042
2.180
1.583
1.260
1.470
2.146
1.815
1.537
1.398
1.444
0.892
1.303
1.011
0.987
1.061
1.255
0.899
0.831
0.868
1.304
2.415
2.608
1.797
1.241
1.353
1.165
1.002
1.565
1.571
1.212
0.919
0.717
1.437
1.036
1.006
1.079
1.013
1.301
1.085
1.047
1.055
1.758
1.278
1.290
1.363
1.453
0.895
1.340
1.509
0.803
1.608
1.321
2.223
1.592
1.890
1.345
0.849
1.341
0.827
0.974
1.189
0.956
1.343
1.477
1.447
1.126
1.911
1.177
1.065
1.051
0.907
1.203
1.299
1.534
1.495
1.950
0.947
1.374
1.227
1.379
1.237
1.425
1.356
1.177
1.474
1.557
0.894
1.497
1.765
1.399
1.365
0.888
1.162
1.255
1.143
0.986
0.758
1.425
1.219
1.107
1.362
1.358
1.759
1.843
1.455
1.192
1.403
2.015
1.323
1.289
1.706
1.155
1.261
1.968
2.536
1.857
1.294
1.161
1.563
1.725
1.517
1.345
1.371
1.543
1.220
1.120
1.107
1.341
1.151
1.860
1.368
1.655
1.030
2.359
1.710
1.509
1.355
1.510
1.295
1.094
1.105
1.933
1.209
1.292
1.074
0.930
0.762
1.103
1.373
1.180
1.217
1.346
0.877
1.375
1.063
0.859
1.001
1.489
1.659
1.076
1.183
1.102
1.431
1.343
1.586
1.975
1.683
1.902
1.365
1.022
0.881
0.728
0.950
1.200
1.386
1.325
-99.000
-99.000
-99.000
-99.000
-99.000
-99.000
-99.000
-99.000
0.929
0.970
1.126
1.215
1.244
0.811
0.728
1.109
1.282
0.832
0.938
1.268
1.806
1.232
1.210
0.917
0.949
1.289
1.222
1.460
1.158
1.217
1.180
1.256
1.397
1.236
0.994
0.876
1.306
1.399
1.712
1.504
0.804
1.335
1.219
1.373
1.399
1.263
0.949
2.004
1.955
1.710
1.222
1.160
1.508
1.475
1.052
1.305
0.691
0.759
1.076
0.786
1.143
0.923
0.821
1.023
1.073
0.607
0.887
1.051
0.782
0.990
0.762
0.863
0.999
0.802
1.412
1.717
1.875
1.736
0.966
1.371
1.449
1.803
1.846
1.351
1.490
0.745
0.893
0.911
0.607
0.812
1.137
0.625
1.501
1.131
0.905
0.790
1.110
1.167
1.013
1.592
1.954
1.390
1.030
0.930
1.145
1.006
0.779
1.229
1.240
1.299
1.375
1.151
0.977
0.758
0.852
1.706
1.484
0.901
0.943
0.752
0.730
0.929
0.709
1.000
0.610
1.190
0.943
0.801
1.344
1.472
1.440
1.715
1.412
1.002
0.858
0.915
1.755
2.013
0.987
0.714
0.812
1.397
1.558
1.502
0.858
0.912
0.913
1.317
0.754
2.223
1.863
2.640
2.794
2.079
1.099
0.576
0.583
1.303
0.825
0.957
1.039
1.005
1.205
0.843
1.329
1.307
1.561
1.716
1.030
1.527
1.733
1.505
1.001
0.909
1.989
1.972
1.675
1.526
1.245
0.545
0.992
1.003
2.405
1.825
1.353
0.751
0.911
1.210
1.199
0.662
0.752
0.916
1.236
1.667
1.307
1.343
1.298
1.203
1.064
0.888
1.595
1.137
1.284
1.178
1.362
1.504
1.797
1.381
2.007
1.904
1.249
1.888
1.338
1.554
1.586
1.348
1.587
1.360
2.503
2.322
1.070
1.121
1.132
1.750
1.188
2.523
2.179
1.122
1.182
1.701
1.420
2.179
1.806
1.115
1.647
1.536
1.830
1.946
1.690
2.463
2.388
1.821
1.432
1.181
1.130
0.994
1.330
1.005
1.383
1.164
2.140
1.147
1.668
1.756
1.438
1.498
1.563
1.283
1.723
1.648
1.940
0.978
1.760
0.894
1.140
1.178
1.425
1.357
1.674
1.489
1.301
1.601
1.599
1.478
1.689
1.540
2.358
1.675
0.934
1.297
1.813
1.679
2.205
1.564
1.634
1.299
1.420
1.469
1.562
1.131
1.264
1.982
1.838
1.571
1.134
1.404
1.115
1.498
1.233
1.472
1.345
1.348
1.370
1.152
1.680
1.324
1.295
1.460
1.313
1.368
1.025
1.625
1.621
1.366
1.195
1.367
2.039
1.720
2.240
1.759
1.591
1.387
1.117
0.653
1.028
1.216
1.212
1.110
1.575
1.368
1.317
0.840
1.027
1.328
0.999
1.505
0.965
1.447
1.083
0.948
1.074
1.098
1.410
1.507
1.748
1.761
1.102
1.384
1.052
1.263
1.523
1.469
1.447
1.474
0.940
1.239
1.089
1.555
1.987
0.951
0.911
1.419
0.887
1.151
1.300
1.388
1.424
1.109
1.584
1.656
1.417
0.953
0.829
1.267
1.832
1.531
1.609
1.701
1.303
0.792
1.395
1.395
1.656
1.635
1.664
1.541
1.166
0.868
0.969
0.881
1.083
1.266
0.829
1.096
1.487
0.985
1.021
1.348
0.798
1.036
0.978
1.100
1.566
1.222
0.811
0.822
1.159
1.210
1.563
0.711
0.912
1.345
1.049
0.797
0.713
0.888
1.553
0.849
1.121
0.860
1.326
0.933
0.826
1.049
1.097
1.006
1.002
1.208
0.935
0.683
0.968
1.247
1.271
1.390
1.204
1.072
1.740
1.858
1.430
1.028
1.242
1.220
1.121
1.686
1.598
0.953
1.190
1.201
1.766
1.032
0.679
0.637
0.937
1.277
1.557
1.423
0.742
1.084
0.756
1.045
1.004
0.773
0.861
0.767
0.510
0.867
1.149
0.766
0.726
0.890
0.921
0.874
1.269
1.070
0.888
1.358
0.629
0.822
1.478
1.393
1.611
1.615
1.159
1.112
0.991
1.107
0.704
1.421
1.297
0.968
0.629
2.155
2.508
1.687
1.230
0.950
1.117
0.778
1.844
1.289
1.428
1.580
1.440
1.092
0.871
0.916
0.667
0.684
1.120
0.524
0.954
0.959
1.290
0.645
0.705
0.706
1.390
1.269
1.780
1.741
1.175
0.887
1.075
1.427
3.010
2.089
1.042
0.899
2.076
1.677
1.111
1.052
0.600
1.659
1.845
1.585
1.036
1.057
1.497
1.522
1.216
1.079
0.965
0.989
1.613
1.599
1.583
1.232
1.036
1.369
1.407
1.086
1.003
1.228
0.861
1.538
1.260
1.052
1.179
1.333
0.802
1.444
2.266
1.534
1.967
2.703
2.597
1.879
1.178
1.083
1.290
1.172
1.078
1.232
1.658
1.131
1.088
2.252
2.717
2.399
1.709
0.931
0.875
1.269
1.224
1.271
1.205
1.623
2.006
1.599
1.656
1.468
1.186
1.500
1.070
1.989
1.316
0.953
1.349
1.249
1.469
1.655
1.665
1.765
1.099
0.832
1.045
1.127
0.956
1.342
1.335
1.804
1.375
1.371
1.321
1.074
1.084
1.384
1.383
1.619
1.713
1.403
1.106
1.079
1.643
1.475
1.349
1.451
1.400
1.685
1.687
1.219
1.877
1.873
1.960
0.919
1.446
1.329
2.169
1.787
1.100
1.417
1.659
1.308
1.532
1.667
1.229
1.340
1.789
1.227
1.688
1.339
1.284
1.304
1.114
0.907
1.230
0.957
0.875
1.689
0.891
1.027
1.289
1.534
1.294
1.172
1.723
1.133
1.573
2.296
1.716
1.968
1.580
2.618
1.749
1.846
1.394
1.041
1.549
1.444
1.290
1.180
1.144
1.163
0.886
1.160
1.299
0.989
1.664
1.592
1.571
1.053
1.246
1.092
1.280
1.309
1.331
1.793
1.350
0.961
1.650
0.956
1.629
1.422
1.755
1.046
1.893
1.076
0.899
1.768
1.084
1.073
1.076
0.823
1.075
1.846
0.937
1.025
1.227
1.949
2.397
1.644
1.494
1.270
1.025
1.693
1.496
1.090
1.078
1.395
1.401
1.621
1.464
1.152
1.181
0.605
1.015
0.980
0.912
0.866
0.924
0.932
1.048
1.247
1.828
1.714
1.751
0.916
0.823
1.254
1.059
0.826
1.550
1.485
1.300
1.196
1.161
0.889
1.322
1.076
0.831
1.165
1.227
1.367
1.036
0.782
1.437
1.644
0.736
1.030
1.209
1.466
1.096
1.536
1.545
1.375
1.523
1.383
0.662
0.918
0.773
1.318
1.559
1.542
1.675
1.322
0.863
0.919
0.891
1.127
1.231
1.605
1.258
0.531
0.895
1.632
0.782
0.849
0.953
0.810
1.147
1.396
1.322
1.336
0.993
0.866
0.966
1.261
1.096
0.886
0.926
1.031
1.152
1.636
1.347
1.199
2.083
1.206
0.858
0.880
1.042
0.894
1.532
1.185
1.103
1.192
0.882
0.707
0.874
0.720
0.945
1.126
1.172
0.802
0.594
0.732
0.681
1.371
1.133
0.469
1.018
1.097
0.898
0.750
0.683
0.714
1.025
2.293
1.802
1.269
1.248
1.006
1.098
0.718
0.842
1.453
1.081
0.997
1.164
1.089
0.926
1.219
1.071
0.613
2.536
2.590
2.076
1.613
1.671
1.508
1.438
1.033
0.710
0.947
1.236
1.454
1.539
1.824
1.557
1.621
1.310
1.101
0.962
0.612
1.386
1.429
0.595
1.229
0.948
0.692
0.639
0.613
0.964
0.988
0.980
1.073
1.453
1.004
1.034
0.958
1.756
2.429
1.201
1.012
1.053
0.773
1.454
1.815
0.937
0.823
1.016
1.099
1.119
1.246
0.828
1.277
1.894
1.276
1.254
0.988
0.954
0.951
2.278
0.909
2.721
2.811
2.068
1.829
1.394
0.746
0.972
0.735
0.962
0.820
1.757
1.422
0.998
0.722
1.017
0.987
0.987
1.154
1.406
1.663
1.206
1.353
1.621
1.725
1.585
1.796
1.109
0.983
0.828
1.420
1.075
1.125
1.747
1.151
1.152
1.245
2.081
2.069
1.759
0.998
1.044
0.821
1.250
1.241
1.185
1.617
1.376
1.331
1.034
1.233
1.598
1.062
1.208
1.045
1.840
1.579
1.237
1.257
1.504
1.392
1.359
1.410
1.764
1.161
1.421
1.167
1.591
1.981
1.391
1.815
1.606
1.698
2.718
2.279
1.860
1.040
1.124
1.666
2.013
1.518
1.372
1.153
1.659
1.840
1.887
1.606
1.271
1.414
1.093
1.872
1.374
1.237
1.518
1.101
1.437
1.230
0.965
1.202
1.257
1.722
1.544
0.954
1.308
1.328
1.775
1.928
1.300
1.889
1.679
0.855
1.001
1.211
1.962
1.255
2.428
1.641
2.057
1.345
1.315
0.807
0.792
1.483
1.013
1.250
1.754
1.185
1.425
1.153
1.220
1.773
1.717
2.154
1.518
0.970
1.161
1.327
1.418
1.459
1.052
0.871
0.697
0.811
1.004
1.252
1.266
1.106
0.823
0.826
1.555
1.485
1.497
1.775
1.597
1.601
1.824
1.659
1.302
1.671
1.592
1.955
1.805
1.582
0.990
1.178
2.032
2.033
1.640
1.284
1.135
1.594
1.384
0.695
1.155
1.495
1.021
1.105
0.706
0.707
0.862
0.799
0.905
1.124
0.967
1.117
1.007
1.100
1.312
1.114
1.434
1.479
1.077
1.343
1.105
0.955
1.132
1.136
1.301
1.110
1.680
0.833
1.103
0.784
1.017
0.714
0.844
0.956
0.746
1.120
1.200
1.391
1.042
0.986
1.206
0.972
0.730
1.265
1.365
0.881
0.825
1.352
1.181
0.992
0.796
0.645
0.911
0.723
0.795
1.216
1.075
1.192
1.132
1.342
1.515
1.781
1.553
1.306
1.176
0.882
0.709
0.900
1.306
1.087
0.677
1.218
1.296
0.757
0.984
0.889
0.660
0.789
0.868
0.883
1.053
1.046
1.112
0.969
0.938
0.809
0.990
0.960
0.634
0.912
1.322
1.189
1.579
1.319
0.931
1.077
0.956
0.510
0.736
0.942
0.698
1.287
0.928
0.799
0.941
1.000
0.858
0.903
0.870
0.926
1.146
0.872
1.180
1.695
1.503
1.042
2.532
1.075
0.985
0.836
0.789
0.738
0.673
1.393
1.256
1.347
1.169
1.319
1.353
1.056
1.157
1.194
0.847
0.559
0.779
0.353
1.023
1.796
1.014
0.898
0.896
0.848
1.095
0.902
1.251
2.187
2.139
0.795
2.020
2.707
1.733
0.851
1.062
0.773
1.351
1.092
1.037
1.178
0.835
0.627
0.663
0.755
0.840
1.137
0.903
1.867
1.191
0.785
1.430
2.626
1.568
1.208
0.690
1.786
2.102
1.715
0.775
0.732
1.068
2.078
1.082
1.651
0.920
1.155
1.753
1.000
1.034
1.098
1.959
1.192
0.864
1.227
1.637
1.516
0.921
1.021
1.591
1.577
1.762
2.145
1.577
0.917
1.236
1.116
1.461
1.452
0.877
0.873
1.589
2.761
2.816
1.209
1.002
0.698
0.954
1.533
2.716
2.095
2.660
1.937
0.960
0.821
0.870
1.216
0.941
1.037
0.887
1.176
1.344
2.024
1.592
1.459
1.177
1.848
2.121
1.431
1.406
1.342
1.361
1.028
2.025
1.617
1.694
1.214
1.122
1.143
1.452
1.815
2.371
1.649
1.170
1.281
0.938
1.248
1.282
1.338
1.427
1.232
1.349
0.867
1.279
1.888
1.451
3.203
2.914
1.427
1.524
1.381
1.870
1.343
1.151
1.537
1.077
1.456
3.180
1.824
1.020
1.468
1.560
1.220
1.041
1.506
1.237
1.326
1.179
1.008
1.377
1.167
1.279
0.981
1.081
1.540
1.103
1.311
1.667
1.394
1.367
1.522
1.191
0.532
1.774
1.277
1.211
0.869
1.497
1.299
1.584
1.040
1.785
1.579
1.736
1.559
1.210
1.376
1.230
1.709
1.011
1.095
1.322
0.508
1.407
1.334
0.936
1.410
1.671
1.241
1.285
1.187
1.243
1.410
1.036
1.532
1.472
0.839
1.286
1.286
1.104
1.686
1.277
1.020
1.033
1.368
1.426
1.410
1.484
1.108
1.324
1.469
1.404
1.627
1.864
2.166
1.346
0.861
1.476
1.236
1.378
1.229
1.204
1.227
1.094
1.649
1.689
1.449
0.976
0.759
0.488
1.120
1.720
1.175
0.786
1.044
1.061
1.383
1.314
1.628
1.527
1.348
1.625
1.944
1.275
1.163
1.639
1.492
1.780
1.635
1.075
1.129
0.608
1.128
1.252
1.493
1.517
2.001
1.402
1.003
1.209
1.031
1.639
1.357
1.622
1.634
1.319
1.130
1.372
1.201
1.135
0.950
0.789
1.002
1.106
1.329
1.402
1.005
0.663
0.896
1.331
0.925
1.823
1.404
0.834
0.961
1.086
1.056
1.065
0.950
1.021
1.199
0.750
1.139
1.571
1.480
1.568
1.592
1.102
1.155
0.950
1.154
1.507
1.089
0.507
0.869
1.017
1.076
1.052
1.681
1.273
0.902
1.302
0.825
1.105
1.171
0.914
1.480
1.641
1.432
1.005
1.774
2.116
1.817
1.117
1.232
1.347
1.227
0.879
1.139
1.451
1.841
1.278
0.867
0.704
0.857
1.064
0.968
1.122
1.160
1.093
1.291
1.189
1.498
1.597
1.071
2.315
1.632
1.206
1.244
1.060
1.112
1.168
1.124
0.887
0.606
0.890
0.890
0.868
0.605
1.033
0.818
1.598
1.499
1.508
1.135
1.267
0.957
1.122
1.160
0.791
1.594
1.254
0.869
0.984
1.056
1.079
1.094
1.244
0.961
1.008
1.549
1.466
1.595
1.290
1.031
0.858
0.730
0.945
1.265
1.627
1.604
1.291
0.702
1.862
2.588
1.923
1.303
0.915
1.129
1.236
0.931
1.030
1.354
1.368
1.665
1.841
1.727
1.250
0.856
1.556
2.157
1.138
1.084
1.207
1.707
2.019
1.745
1.518
0.784
0.675
0.986
1.057
0.957
1.072
0.760
1.278
1.329
0.997
1.115
1.862
1.969
1.796
1.055
1.181
1.067
1.034
1.663
0.993
1.574
2.425
1.155
0.862
1.136
1.059
1.407
1.144
1.391
1.577
1.348
2.949
2.218
1.236
1.548
1.798
1.844
2.053
1.519
0.976
1.965
1.842
1.753
1.780
1.511
1.458
1.527
1.677
0.939
1.141
0.739
1.054
1.020
0.837
1.107
1.488
1.147
0.971
1.488
1.197
1.552
1.946
1.391
0.948
0.971
1.213
1.360
0.931
1.065
1.446
1.809
1.259
1.190
1.916
1.855
1.854
1.502
2.098
1.335
2.865
1.765
1.494
1.343
1.319
1.395
1.232
1.215
1.842
1.495
1.522
1.885
1.664
1.695
1.471
1.606
1.852
1.692
2.188
2.361
1.153
1.202
1.089
1.183
1.611
2.204
1.943
1.394
1.168
1.508
1.242
1.126
1.725
1.197
1.721
0.950
1.349
0.932
1.219
1.439
0.796
0.900
1.245
1.350
1.219
1.295
0.731
1.262
1.139
1.328
0.756
1.665
1.662
2.054
1.007
1.480
0.989
1.268
1.071
1.001
1.119
1.031
1.202
1.023
1.171
1.408
1.341
1.253
1.209
1.150
1.097
1.329
1.237
1.317
0.996
1.270
1.451
0.820
1.550
1.372
1.215
1.622
1.836
1.644
1.655
1.226
1.426
1.503
1.861
1.382
1.376
1.624
1.970
1.602
1.606
1.237
1.286
1.511
1.803
1.221
1.714
1.323
1.026
1.222
1.234
1.221
0.776
1.361
1.326
1.284
1.541
1.074
1.345
1.334
1.093
1.354
1.647
1.508
1.361
1.165
0.729
1.007
0.708
1.298
1.400
0.892
1.092
1.096
1.473
1.279
1.251
1.407
1.174
1.300
0.982
1.444
1.248
1.731
1.165
1.417
1.638
0.915
1.455
1.727
1.832
1.373
1.140
0.931
0.946
0.822
0.928
1.368
1.225
1.032
1.492
1.715
1.892
1.394
0.681
0.940
1.233
1.101
0.571
0.844
0.902
0.648
0.699
0.784
0.866
0.906
0.998
0.907
1.000
0.929
0.967
0.860
0.860
0.621
0.705
0.937
0.666
0.621
0.576
1.036
1.317
1.198
1.662
1.188
1.014
1.731
1.830
1.399
1.133
1.118
1.270
0.979
1.033
0.941
0.750
0.723
0.857
0.892
1.064
1.279
1.025
1.676
1.417
1.496
1.294
1.646
1.236
1.045
1.244
1.321
1.268
1.049
1.153
0.794
0.799
0.875
0.845
1.293
1.118
1.954
1.754
1.673
0.988
0.894
0.975
0.908
0.927
0.930
0.815
0.760
1.093
1.420
1.108
0.809
0.759
1.262
1.159
1.560
1.139
0.467
0.753
1.173
1.178
0.492
0.899
0.660
1.632
1.783
2.243
1.558
1.338
1.534
1.441
1.206
1.085
1.412
1.926
1.629
1.558
1.536
1.346
1.075
1.602
1.368
1.212
1.248
1.116
0.948
0.761
1.197
1.190
1.258
1.208
1.385
1.509
1.318
1.224
1.416
1.342
1.064
0.936
0.992
1.077
0.875
1.306
0.759
1.203
1.608
2.526
1.477
1.137
0.934
0.889
0.934
1.255
1.439
1.340
1.162
1.361
1.428
2.462
1.272
0.684
2.111
2.852
2.158
1.267
1.076
0.610
1.038
1.573
1.601
1.276
0.993
2.464
1.639
1.612
1.958
1.287
0.780
1.061
1.816
1.045
2.141
2.016
1.577
1.136
1.250
1.359
1.366
1.238
1.042
1.259
1.471
1.224
0.742
1.745
1.087
0.919
1.009
1.127
1.182
2.077
1.551
1.419
1.581
1.980
1.502
1.180
1.103
1.714
1.237
1.035
1.505
1.005
1.410
1.311
0.813
1.740
1.123
1.635
1.427
1.428
1.120
1.160
1.363
0.946
1.709
1.279
2.520
1.867
2.104
1.211
1.383
1.879
1.797
1.316
1.553
1.641
1.312
1.835
1.420
1.044
1.193
1.553
1.229
1.089
1.757
1.464
2.157
1.261
1.336
1.126
0.800
1.599
1.036
1.491
1.204
2.068
1.725
1.782
2.413
1.853
2.080
1.391
1.980
1.875
2.257
2.162
2.498
1.869
1.510
1.774
1.297
1.368
1.103
0.802
0.910
1.303
0.971
1.287
1.757
0.930
1.229
1.317
1.410
0.951
1.794
1.194
1.246
0.928
1.310
1.004
1.749
1.064
1.661
1.688
1.152
1.030
0.963
1.426
1.053
1.402
1.778
1.517
1.178
0.985
1.183
1.360
1.042
1.246
1.467
1.244
1.352
1.645
1.513
1.219
1.123
0.926
1.002
1.305
1.569
2.083
2.218
1.336
1.000
1.376
1.294
1.092
0.711
1.316
1.101
1.191
1.351
1.213
0.927
0.972
0.805
0.718
0.768
0.770
0.653
0.955
0.946
1.253
1.501
1.599
1.050
0.984
0.853
0.929
0.783
0.873
0.949
0.718
0.968
0.705
0.926
0.968
1.116
0.710
1.190
1.504
1.325
1.379
1.796
0.794
0.965
1.220
1.139
1.108
1.118
0.789
0.833
0.617
1.009
0.973
1.728
1.390
0.969
1.038
0.970
0.860
0.864
0.876
0.970
0.974
0.688
1.217
0.899
0.920
0.538
0.672
0.874
0.743
0.838
0.765
0.904
1.075
1.362
1.342
0.966
0.726
0.567
0.752
0.756
0.729
0.856
0.744
1.150
0.968
1.237
1.705
0.935
1.021
0.739
0.763
1.010
1.189
1.245
0.805
0.626
0.951
1.019
0.743
1.377
1.161
0.776
0.861
1.144
0.975
1.151
0.878
0.728
0.841
0.776
0.888
1.478
1.277
0.901
1.416
1.018
1.087
1.326
1.553
1.249
1.044
0.964
0.913
1.709
1.211
0.701
0.752
0.779
0.740
1.083
1.363
1.495
1.802
1.473
2.378
1.505
1.452
1.468
1.215
0.734
0.993
0.916
1.235
0.734
0.552
1.150
2.011
1.953
1.060
1.597
1.171
1.081
1.059
1.125
1.279
1.098
1.046
1.217
0.758
1.327
1.905
2.085
1.513
1.052
0.872
1.044
0.921
1.085
2.320
1.895
0.897
0.962
1.193
1.110
1.069
1.328
1.272
1.383
0.815
1.543
1.833
1.743
1.774
1.501
1.245
1.355
1.234
2.304
0.871
1.206
0.522
1.168
0.957
2.694
2.472
1.633
0.891
0.784
0.877
1.162
0.519
1.091
1.224
0.783
1.345
1.114
1.104
1.597
1.516
0.668
2.250
2.871
1.389
0.775
0.990
1.450
1.386
1.217
1.028
1.545
0.710
2.184
2.214
1.633
1.206
0.916
1.100
1.330
0.797
1.740
1.371
1.106
0.960
1.037
0.984
0.917
1.144
1.474
1.140
1.263
1.801
1.775
1.290
2.038
1.901
2.055
1.985
1.771
1.806
2.117
1.228
1.291
1.054
0.936
1.790
1.324
1.546
0.995
1.533
1.516
1.961
1.949
2.177
1.915
1.686
1.777
1.364
1.067
1.365
1.234
1.504
1.973
1.908
1.716
1.269
1.634
1.626
1.798
1.898
1.935
1.164
1.067
1.215
1.174
1.886
1.628
1.180
1.314
1.758
1.731
0.981
1.231
1.349
1.871
1.402
1.220
1.242
1.237
1.095
1.024
1.302
1.237
0.717
0.800
0.995
1.622
1.749
1.449
1.997
1.730
1.112
1.365
1.158
1.210
0.982
0.840
1.053
0.708
1.509
1.620
1.310
0.980
1.507
1.535
1.167
1.113
1.525
1.073
0.715
1.108
0.825
1.571
1.918
1.987
1.339
0.870
1.113
1.472
1.133
0.686
1.264
0.790
1.063
1.383
1.197
2.250
1.533
1.778
1.503
1.006
0.860
1.195
1.271
1.386
1.318
1.279
1.411
1.537
1.466
1.151
1.574
2.056
1.675
1.023
1.183
1.487
1.365
1.389
0.982
0.633
0.895
0.972
1.809
1.420
1.093
1.254
0.979
0.947
1.386
1.963
1.605
1.443
1.496
1.094
1.076
1.312
1.127
1.792
1.404
1.332
1.566
1.070
0.837
1.126
1.231
1.333
1.604
1.369
1.164
1.165
1.352
1.181
0.804
1.332
1.163
0.750
0.734
0.840
1.011
1.622
1.053
1.276
1.102
0.884
0.634
0.951
1.047
1.449
1.376
1.156
1.318
1.237
1.363
1.262
0.890
0.791
0.896
1.401
1.048
1.540
1.118
0.974
1.540
1.102
1.168
0.793
1.049
1.390
1.313
1.181
0.783
0.978
1.008
1.174
0.715
0.724
0.733
0.796
0.685
1.217
1.669
0.945
0.785
0.685
0.911
0.749
0.647
0.907
0.750
1.087
0.827
1.099
1.339
0.652
0.951
1.414
1.625
0.753
1.125
1.000
0.633
1.458
1.019
0.953
0.834
1.073
0.672
0.713
1.031
0.848
1.158
0.923
0.809
1.577
0.771
0.906
0.707
0.664
1.037
1.013
0.649
0.810
1.002
0.840
0.598
1.130
1.836
2.274
1.531
1.356
1.000
1.298
1.259
1.355
1.309
1.236
1.362
1.239
1.071
0.885
1.089
1.121
1.324
0.697
1.158
0.887
0.768
1.049
0.937
1.038
0.929
1.178
1.108
1.343
2.070
1.312
0.686
0.934
0.726
0.637
1.153
0.860
1.222
1.403
1.587
1.727
1.558
1.799
1.628
1.907
2.357
2.349
1.388
1.127
1.066
1.423
1.357
1.015
1.332
1.676
1.955
1.138
1.254
1.695
2.914
2.467
1.774
0.870
0.972
1.044
0.657
0.868
0.939
1.256
1.606
1.741
1.998
1.754
1.940
0.996
1.315
1.141
1.490
1.146
0.872
0.807
1.054
1.354
1.288
1.905
1.934
1.072
1.032
1.230
1.592
1.898
2.384
2.911
1.455
0.877
0.599
1.549
1.804
1.738
0.844
0.721
1.227
1.219
1.047
1.264
1.494
1.085
1.132
1.184
1.091
1.099
0.902
1.300
1.159
1.220
1.950
1.715
1.450
1.071
1.376
1.571
2.228
1.764
1.294
1.250
1.491
1.571
1.369
1.128
1.060
0.794
1.314
1.453
1.420
1.190
1.241
1.354
1.063
1.337
1.250
1.390
1.575
1.385
1.429
1.345
1.310
1.097
1.278
1.448
1.128
0.960
1.258
1.872
1.000
1.315
1.306
1.729
0.851
1.898
1.734
1.473
1.426
1.269
1.361
0.585
1.230
1.093
0.884
1.621
1.792
1.688
1.108
1.468
0.968
1.640
0.986
0.940
1.442
1.168
1.545
0.877
1.264
1.017
1.716
1.454
1.378
1.460
1.480
1.884
1.953
1.294
0.959
1.052
1.503
1.701
1.813
1.755
1.347
1.496
1.357
1.298
1.602
1.401
1.058
0.777
1.277
1.774
1.703
1.506
1.165
1.041
1.128
1.071
0.880
1.165
1.308
1.111
1.178
1.273
1.134
1.011
0.934
1.238
1.533
1.934
1.647
1.180
1.210
0.903
1.029
1.096
1.247
1.318
0.901
1.131
1.603
1.265
1.519
1.869
1.649
1.248
1.485
1.773
2.272
1.274
1.545
1.014
1.043
1.220
1.185
1.167
0.958
1.160
1.063
0.924
0.633
0.895
1.110
1.264
1.312
1.114
1.179
1.034
1.247
1.273
1.708
2.048
1.162
1.043
1.311
1.045
1.117
0.814
0.826
0.906
1.278
1.388
1.663
1.451
1.061
1.075
1.403
1.346
0.937
0.472
1.284
1.834
1.006
1.890
0.967
1.073
1.073
1.231
0.896
0.801
0.609
0.753
0.842
0.668
0.639
0.998
1.113
0.788
1.295
1.504
1.002
0.999
0.814
1.071
0.946
0.820
0.832
0.894
0.902
0.826
1.023
1.279
1.659
1.371
1.475
1.420
1.459
1.074
0.688
1.435
1.151
0.894
1.295
0.997
0.750
0.730
0.767
1.346
1.171
0.810
2.017
2.504
1.546
1.214
1.234
1.078
1.376
1.393
1.296
0.666
2.671
1.843
1.490
0.703
1.036
0.907
0.985
0.964
0.796
0.825
0.791
0.649
0.740
0.917
1.578
1.451
1.662
1.765
1.082
0.937
1.207
1.058
1.022
1.061
0.775
0.907
0.887
2.036
1.639
1.190
1.530
1.317
1.358
1.652
2.063
1.970
1.536
1.435
1.202
1.485
1.228
0.822
0.970
1.508
1.609
1.111
0.876
1.525
0.921
1.083
1.135
0.865
1.015
1.115
0.908
0.723
1.255
1.409
1.613
2.379
1.776
1.310
1.042
1.220
2.008
1.338
1.601
1.066
1.341
1.888
1.532
0.884
1.293
1.208
1.084
1.473
1.495
1.454
1.057
1.191
0.935
1.317
1.102
1.088
0.909
0.989
0.927
1.096
1.224
1.016
2.384
2.564
1.389
1.171
1.425
1.289
1.286
1.404
1.300
1.495
1.079
0.774
0.859
1.326
2.063
1.156
2.541
1.915
0.854
1.149
1.066
1.336
1.249
1.470
1.274
1.717
1.422
1.224
2.239
2.361
2.647
1.787
0.932
1.100
1.145
1.134
0.623
0.870
1.110
1.275
1.102
1.097
0.999
1.002
1.433
1.471
1.313
1.352
1.392
1.205
1.616
1.232
1.209
1.401
1.485
1.245
1.257
1.029
1.325
1.392
2.151
1.522
2.323
1.931
1.153
1.273
1.387
1.578
1.727
1.601
1.266
1.841
2.271
1.575
1.008
1.387
2.097
1.241
2.195
1.230
1.735
1.065
1.277
1.076
1.630
1.410
2.196
1.343
1.574
1.211
1.322
1.702
1.856
1.422
1.288
1.466
1.013
1.604
1.136
1.506
1.403
1.464
1.092
1.362
1.283
1.129
1.749
1.197
1.385
1.207
1.295
1.582
1.294
1.584
1.253
0.988
1.691
0.963
1.033
1.799
1.984
1.672
1.544
0.907
1.452
1.542
1.885
1.444
1.599
1.203
0.946
1.150
1.105
1.453
0.806
0.758
0.775
0.765
1.136
1.103
0.907
0.842
1.004
1.534
1.789
1.846
1.055
1.139
1.055
1.512
1.188
0.882
1.227
0.857
1.816
1.382
1.272
1.098
0.980
1.563
1.351
1.366
1.191
1.001
1.786
1.147
1.256
1.615
1.799
1.611
1.838
1.532
1.387
1.248
1.133
1.740
1.590
1.222
1.103
1.109
1.124
0.996
0.847
1.005
0.790
0.805
1.094
0.721
0.721
0.769
1.038
0.979
0.823
0.884
1.317
1.028
1.065
1.073
1.788
2.500
2.196
1.625
1.231
1.126
0.997
0.945
0.757
1.501
1.579
1.032
0.866
1.155
1.259
0.858
0.739
1.526
1.345
0.994
0.888
0.891
1.145
0.985
1.086
1.068
0.905
0.770
0.999
1.027
1.289
1.094
1.042
0.885
0.840
0.911
0.552
1.075
1.644
1.818
1.389
0.816
0.791
0.775
1.119
1.072
1.433
1.263
1.006
1.496
1.188
1.171
1.527
1.120
0.841
1.033
1.184
0.997
1.000
0.812
0.877
0.709
1.213
1.114
0.995
0.772
1.562
1.179
0.834
1.496
0.898
0.869
1.274
1.088
1.644
2.077
1.653
1.288
0.983
0.667
0.874
0.753
0.822
0.836
1.426
1.080
1.123
1.184
1.308
1.653
1.681
1.751
1.177
0.713
1.019
1.063
0.766
0.756
1.597
1.138
1.155
0.845
0.569
1.133
1.158
0.869
1.434
1.002
1.308
0.859
0.895
1.118
0.980
1.629
1.183
1.105
0.801
0.677
1.256
2.492
2.248
2.045
2.251
1.769
1.121
0.714
1.082
1.412
1.196
0.586
0.941
0.875
1.082
1.503
0.923
1.147
0.907
1.753
1.489
1.728
1.570
1.634
1.226
0.672
1.153
0.949
3.608
2.555
1.619
0.906
1.387
0.789
1.265
0.991
0.845
1.265
1.049
1.237
2.288
2.182
1.624
0.761
0.729
1.754
1.554
1.107
0.962
1.257
0.720
1.925
2.054
1.347
0.882
1.619
1.085
1.305
2.005
2.490
1.867
1.929
1.508
1.274
1.310
1.188
1.837
1.428
0.796
1.169
1.322
0.891
1.511
1.482
1.678
1.748
1.116
2.068
1.302
1.064
1.516
1.330
1.569
1.212
1.074
1.377
1.188
1.156
0.735
1.990
2.364
1.200
1.390
1.288
1.659
2.479
1.660
1.185
1.934
1.464
1.434
1.654
3.085
2.199
1.210
1.046
1.177
1.148
1.743
1.198
0.883
1.653
1.173
1.419
2.070
1.378
0.836
1.270
1.402
1.745
1.266
1.880
1.792
1.829
1.014
1.877
1.783
1.393
1.432
1.082
1.307
1.588
1.525
2.045
0.976
1.099
1.460
1.689
1.701
1.645
2.116
1.586
1.777
0.945
1.268
1.019
1.241
1.277
1.394
0.811
0.958
0.827
1.184
1.579
1.375
1.477
1.331
0.894
1.035
1.175
1.530
1.173
1.239
1.696
1.483
1.766
1.523
1.727
1.394
1.355
1.019
1.252
1.009
1.140
0.934
1.375
0.875
1.409
1.080
1.050
1.023
1.251
1.150
1.215
1.202
0.949
0.954
1.167
1.328
1.740
1.620
1.312
1.450
1.304
0.862
1.274
1.105
0.841
1.003
1.428
1.516
1.045
2.028
1.684
2.088
1.643
1.795
1.572
1.145
1.970
2.058
2.473
1.510
0.910
1.301
1.489
1.102
1.211
1.479
1.398
1.295
1.038
1.157
1.001
0.860
1.313
1.719
1.339
1.256
0.978
1.113
1.168
1.327
1.678
0.532
0.721
0.518
1.028
1.251
1.581
1.536
1.812
1.960
1.824
1.750
1.172
1.752
1.745
1.082
0.882
1.251
0.989
1.576
1.211
0.898
1.027
0.935
1.187
0.829
0.814
0.865
0.965
1.164
1.048
1.056
0.844
0.904
1.249
0.874
0.844
1.249
1.068
0.936
1.106
1.096
1.102
1.071
1.492
0.892
0.959
0.953
0.774
0.771
0.860
0.812
1.001
0.632
0.889
0.913
0.777
1.049
0.573
0.658
0.968
1.241
1.761
1.101
1.161
0.729
0.719
0.986
1.754
1.182
1.745
1.518
1.185
1.268
0.969
1.242
1.413
1.456
0.868
1.472
1.476
1.361
1.430
1.276
1.074
1.113
1.097
0.962
0.727
0.742
1.016
1.325
0.872
0.571
0.850
1.268
1.249
1.174
1.132
0.986
1.308
0.944
0.900
0.823
1.242
1.955
1.822
1.618
1.429
1.370
1.363
1.478
1.195
1.015
1.066
0.901
0.712
0.674
0.795
0.878
0.830
1.104
1.313
1.422
2.351
1.815
2.075
1.420
1.125
1.173
1.150
0.737
0.787
0.729
0.890
1.251
1.820
1.862
1.404
1.385
2.362
1.026
0.824
1.199
1.308
1.392
1.567
1.423
1.103
1.078
0.972
1.336
1.456
1.700
1.274
1.342
1.279
1.424
1.306
1.178
1.024
1.156
1.744
1.435
1.828
1.363
1.093
1.184
0.902
1.081
1.123
0.683
0.746
1.148
0.774
1.495
0.768
1.134
1.212
1.034
1.701
1.493
1.907
2.005
0.926
1.173
1.212
1.394
1.011
1.131
0.704
1.064
1.313
1.485
1.188
1.373
1.209
1.138
2.759
1.731
2.620
2.777
2.452
1.784
1.066
0.713
1.130
1.443
1.337
1.787
1.283
1.537
1.017
1.119
1.237
0.737
1.241
1.296
1.174
1.112
1.583
1.399
0.685
1.302
1.211
1.718
1.193
1.268
1.373
1.464
1.071
1.303
1.734
1.579
1.322
1.003
1.403
1.598
1.105
0.804
1.031
1.045
1.207
1.419
1.319
1.642
1.506
1.264
1.313
1.029
1.756
1.108
0.973
1.742
1.724
1.072
1.456
1.397
1.524
1.690
1.256
1.206
1.389
0.954
1.451
1.415
1.338
0.944
1.376
1.410
1.384
1.554
1.565
1.825
0.975
1.251
0.969
1.248
1.717
1.645
2.011
1.426
2.000
1.471
0.780
1.536
1.831
1.223
0.554
1.037
1.032
1.308
1.261
1.120
1.886
1.781
1.674
2.269
1.947
1.640
1.101
0.932
1.004
1.375
1.242
1.534
1.205
1.028
1.099
1.238
1.058
1.510
1.632
1.576
1.564
1.924
2.138
1.573
1.281
1.937
1.116
1.348
0.955
1.452
1.465
1.488
2.069
2.125
2.141
1.577
1.055
1.277
0.784
0.874
0.894
0.703
1.056
1.502
0.630
0.866
1.065
1.250
1.626
1.717
1.696
1.415
1.155
1.196
0.848
1.123
1.089
1.296
2.085
1.736
0.935
1.274
0.889
1.259
1.249
1.051
1.346
0.709
1.352
1.407
0.955
0.965
1.039
1.528
1.340
0.888
1.195
0.961
0.880
1.290
1.164
1.299
1.140
1.242
1.058
0.860
1.498
1.574
0.822
1.097
1.136
1.561
1.536
0.922
1.695
1.782
1.069
1.162
1.573
1.221
1.859
1.484
1.496
0.735
0.952
0.784
1.216
1.299
1.358
1.305
1.440
0.999
0.669
0.795
1.028
0.826
0.913
0.793
0.880
0.970
0.985
1.167
1.300
0.759
1.578
1.035
0.841
0.854
0.923
1.049
0.663
0.548
1.035
1.030
1.120
1.043
1.041
1.056
1.045
1.080
0.688
0.777
0.740
0.781
1.984
2.179
1.382
0.995
1.026
1.187
0.933
0.780
1.103
1.345
0.926
0.754
0.965
0.772
0.958
0.688
1.761
1.121
0.855
0.939
0.666
0.647
1.161
1.028
0.835
1.353
1.202
1.351
2.009
1.407
1.190
0.894
1.410
1.783
1.844
1.641
1.297
0.902
0.824
1.180
1.145
1.277
1.083
1.781
3.016
2.462
2.033
1.574
1.293
0.876
0.898
1.047
1.307
1.215
1.206
0.511
0.663
0.724
2.412
1.709
1.192
2.103
1.714
1.058
1.123
1.063
1.110
0.904
1.257
1.651
0.976
2.069
1.570
1.260
0.844
1.373
1.516
1.521
1.228
0.927
1.224
1.414
0.996
1.793
2.682
1.417
0.990
0.592
0.962
1.474
1.229
0.777
0.758
0.631
1.060
1.023
1.000
1.177
1.651
2.322
2.012
1.661
1.356
0.966
1.062
1.012
0.863
1.348
0.951
1.278
1.264
0.808
0.865
1.315
0.882
1.259
0.984
0.853
1.298
1.450
1.193
0.906
0.893
1.352
1.707
1.334
1.235
1.429
0.873
1.071
0.806
0.915
1.216
1.581
1.422
0.850
1.030
1.375
2.224
1.473
0.857
1.628
1.400
1.292
1.552
1.462
1.548
1.851
0.951
1.782
2.639
1.513
0.932
1.767
1.577
1.313
1.444
1.946
1.356
1.606
1.348
1.748
1.161
1.301
1.179
1.253
0.994
0.940
1.530
2.049
0.811
2.732
2.876
1.874
1.405
1.400
1.337
1.568
1.906
2.070
1.535
1.618
0.796
1.124
1.085
1.665
1.457
0.891
1.190
2.057
1.501
2.031
1.821
1.907
1.509
0.702
1.595
1.748
1.232
1.089
1.268
1.422
1.221
1.166
1.618
1.545
0.954
1.623
1.428
1.432
1.449
0.877
1.411
1.211
0.904
1.340
1.343
0.885
0.957
1.402
1.292
1.447
1.622
1.564
1.242
0.834
0.506
1.075
1.196
1.467
1.846
1.232
1.124
1.142
1.380
1.333
1.395
1.295
1.298
1.006
1.069
1.637
1.620
1.563
1.168
0.942
1.254
0.859
1.161
1.050
1.136
0.877
0.996
1.208
1.431
1.061
0.907
1.251
2.071
1.430
1.593
1.679
1.690
1.669
2.073
1.625
1.267
1.048
1.006
0.935
1.150
1.494
1.041
0.740
1.148
1.596
1.765
1.939
1.847
1.182
1.006
1.099
0.955
0.975
1.287
1.342
1.943
0.824
1.077
1.297
1.184
1.470
0.630
0.670
0.806
0.977
0.835
1.028
0.917
0.945
0.624
1.139
0.936
1.129
1.334
1.508
1.388
1.146
1.048
0.937
1.139
1.380
1.111
0.804
1.100
0.962
1.110
1.206
0.800
0.644
0.761
0.584
0.704
1.038
0.684
0.867
0.884
1.167
1.314
1.615
1.083
0.785
0.985
1.549
1.360
0.925
1.312
1.488
1.972
2.056
1.583
0.999
1.044
1.193
1.244
0.534
1.097
1.108
1.418
1.248
1.207
1.049
1.232
1.079
0.838
0.645
1.003
1.050
0.906
0.625
1.454
1.625
1.312
1.008
1.321
1.173
1.382
1.266
1.624
0.897
1.219
0.920
1.451
1.268
0.821
0.716
0.664
0.644
0.987
0.748
2.911
1.894
1.033
0.971
0.899
0.852
0.868
1.160
0.931
1.118
0.909
0.946
1.464
1.305
0.744
1.081
0.568
0.899
1.023
1.130
0.922
1.182
1.180
1.045
1.438
1.470
1.582
1.547
1.388
0.834
0.646
1.002
2.012
2.343
1.494
1.182
1.279
1.109
1.107
1.286
1.225
1.001
0.872
1.540
1.784
0.993
0.677
0.830
1.409
1.659
2.050
1.699
1.197
0.695
1.542
1.441
0.911
1.123
0.891
1.043
0.894
0.678
0.846
0.986
1.519
0.664
1.237
1.377
1.282
0.918
0.825
0.959
1.257
1.268
0.731
1.123
1.029
1.208
1.465
3.013
1.839
1.216
1.021
0.772
0.757
0.940
0.775
1.099
0.983
0.938
0.863
1.383
1.124
0.926
1.096
0.733
0.996
1.195
1.613
1.281
0.877
0.833
1.118
1.214
1.039
2.225
1.595
1.614
1.348
0.769
1.081
1.536
1.067
2.473
2.131
1.173
1.040
1.207
1.126
2.905
3.533
2.210
1.218
0.924
0.925
0.959
1.101
1.367
1.187
0.894
0.781
1.269
0.814
1.248
1.148
1.296
1.571
1.677
1.509
1.393
1.329
1.367
1.960
1.959
2.258
1.214
1.586
1.345
1.152
1.438
1.467
1.946
2.021
1.358
1.060
1.049
1.058
0.931
0.701
0.962
1.442
1.403
0.914
0.821
1.363
1.056
0.801
1.799
0.704
2.885
2.911
1.893
1.208
1.299
1.117
1.625
1.236
1.533
1.559
1.205
1.549
1.577
1.262
1.898
1.301
1.388
1.341
1.222
0.910
1.895
1.198
1.197
1.511
1.846
1.097
1.254
1.426
1.116
2.115
1.553
1.385
1.383
2.219
1.431
1.493
1.617
2.869
2.530
1.217
1.167
1.178
1.178
0.587
1.008
0.611
1.283
1.498
1.087
1.066
1.219
1.404
0.945
1.160
1.134
0.985
0.916
0.757
1.236
1.573
1.193
1.086
1.488
1.716
1.384
0.778
1.070
1.131
0.991
0.976
1.298
1.338
1.314
0.892
1.161
0.997
1.596
1.349
1.222
1.301
1.922
1.466
1.133
1.165
1.046
1.278
1.297
1.473
1.533
1.702
1.586
1.247
1.241
1.532
1.759
1.359
1.040
1.179
1.010
1.070
1.228
1.060
1.359
1.626
1.739
1.465
1.135
1.103
1.045
1.339
2.053
1.588
1.270
1.891
1.241
0.793
1.120
1.365
1.501
1.283
1.142
0.589
1.591
2.067
2.175
1.978
1.521
1.228
1.514
1.765
1.013
1.253
1.424
1.070
0.811
1.316
1.500
1.310
0.787
1.008
1.206
0.924
1.757
0.749
0.956
0.938
1.035
1.705
1.456
1.239
1.169
0.973
1.410
1.289
0.919
0.975
1.165
1.207
1.315
1.452
1.433
1.602
2.092
1.722
1.160
1.495
1.554
1.492
0.642
0.897
0.887
1.219
0.830
0.744
0.844
1.043
1.709
0.802
1.007
1.097
1.016
1.054
1.160
1.688
1.202
0.725
0.939
0.594
1.023
0.517
0.811
1.438
1.275
0.975
1.129
1.016
0.937
1.472
1.300
1.542
1.524
1.331
1.159
1.222
0.844
1.252
1.238
1.092
0.857
0.686
1.010
1.502
1.112
0.660
0.869
0.830
1.533
1.248
1.058
1.033
0.792
1.018
0.946
0.900
0.730
1.120
1.412
1.663
1.973
1.786
1.828
1.304
1.047
1.059
0.928
1.121
0.852
0.911
1.000
0.887
0.908
0.757
0.748
0.769
1.208
1.045
1.440
0.977
0.931
1.292
1.190
0.582
0.763
1.323
1.335
1.336
1.360
1.119
1.145
1.387
1.195
1.459
1.691
0.889
0.723
1.483
1.433
1.458
1.128
1.456
1.637
1.324
1.219
1.655
1.245
1.777
1.285
0.633
1.358
1.809
1.664
1.660
1.081
2.934
2.841
1.618
1.136
1.020
1.149
1.213
1.225
2.006
1.222
1.523
2.406
1.885
1.016
1.729
1.097
1.217
0.949
1.022
0.928
1.231
0.983
1.198
1.514
0.872
1.043
1.025
1.020
1.133
1.044
1.241
1.691
0.999
1.383
1.242
1.589
0.789
1.226
1.051
1.187
1.338
1.179
1.448
1.481
1.397
1.523
1.821
1.959
1.878
1.771
1.497
1.445
0.995
2.062
1.492
1.244
1.343
1.566
2.138
1.314
1.718
1.947
1.571
1.966
1.469
1.102
0.962
1.102
1.460
1.257
1.375
1.220
1.399
1.367
1.605
2.589
2.252
1.782
1.255
1.740
1.173
1.125
1.287
1.865
1.577
1.438
1.309
0.817
1.378
1.272
1.501
1.318
1.607
1.589
1.214
0.993
1.161
1.323
1.039
0.951
1.152
1.245
1.710
1.357
0.960
1.341
1.229
1.251
1.218
1.506
1.365
1.381
1.573
1.723
1.627
1.606
1.495
1.659
1.887
1.373
1.235
1.065
1.383
1.796
1.777
1.616
1.519
1.631
2.099
1.335
2.056
1.330
1.590
0.837
1.242
1.616
1.166
1.277
1.080
1.758
1.311
1.013
1.018
1.895
1.542
2.183
2.098
1.348
1.715
1.643
1.669
1.503
2.225
2.438
2.134
2.479
2.016
1.611
1.493
0.955
1.260
1.574
1.738
1.754
1.551
1.581
1.544
1.709
2.002
1.340
1.151
1.372
1.562
1.437
2.153
1.656
1.279
1.214
1.421
2.400
2.337
1.761
1.325
1.406
0.940
0.799
0.928
0.790
0.831
0.847
0.831
0.660
1.051
0.877
1.256
0.824
0.819
1.000
1.022
0.996
1.305
1.588
2.278
1.747
1.481
2.007
1.672
1.414
1.139
0.869
1.338
1.311
1.331
1.397
1.077
1.223
1.058
1.094
1.102
1.271
1.084
0.691
0.924
0.902
0.931
1.004
0.765
0.947
0.744
0.630
0.597
1.024
0.979
1.039
0.800
0.983
1.408
1.196
1.059
0.981
1.385
1.285
1.384
1.762
1.312
1.280
0.768
0.706
0.724
0.674
0.833
0.680
0.695
1.392
1.279
0.970
0.798
0.903
0.958
0.872
1.415
1.538
1.036
0.656
0.899
1.210
1.010
0.755
0.952
1.153
1.021
0.654
0.761
0.753
1.029
1.034
1.080
0.899
1.177
1.093
1.184
1.441
1.318
1.482
1.671
1.592
0.954
1.639
1.075
1.029
1.124
1.152
1.082
1.020
1.121
1.437
1.482
2.084
1.117
1.247
1.042
1.054
1.418
0.911
1.827
1.684
1.625
0.857
0.981
1.238
1.199
0.969
0.948
1.199
1.731
1.478
1.137
1.664
1.404
1.317
0.819
1.134
1.268
1.117
1.080
0.993
1.040
1.081
0.720
1.038
0.999
0.960
1.321
0.954
0.899
0.853
1.002
0.983
1.401
1.462
1.552
2.659
2.186
2.289
1.819
1.553
0.862
1.018
0.757
1.840
2.049
1.330
0.663
0.888
1.176
1.255
1.251
1.481
0.966
1.211
0.962
1.344
1.011
1.556
1.128
1.177
0.828
0.801
0.914
1.398
1.344
1.451
1.580
1.843
1.361
1.431
1.034
1.056
1.133
0.851
2.450
2.288
0.937
1.129
1.036
0.653
0.748
1.075
0.937
1.062
1.052
1.216
1.747
1.224
1.539
1.038
1.118
0.968
1.360
1.130
1.432
1.528
0.786
0.848
1.826
2.258
1.616
1.144
1.905
1.636
1.917
1.751
1.646
1.214
1.292
1.441
1.287
1.309
0.762
1.031
1.040
1.185
1.413
1.407
0.822
1.097
1.090
0.964
1.258
1.208
2.077
2.415
1.792
1.018
1.044
1.392
1.026
1.396
1.517
1.654
1.512
1.683
1.243
1.312
1.346
1.888
2.020
1.697
1.095
1.397
1.195
1.122
1.700
0.932
1.375
0.827
0.749
1.412
1.670
1.013
1.111
0.965
1.440
1.357
1.620
2.093
1.463
1.070
0.915
1.058
1.110
1.282
1.515
1.273
0.978
1.333
1.723
1.256
1.149
0.765
1.262
1.021
1.729
1.117
1.335
1.518
1.376
0.994
1.240
2.032
1.836
2.059
1.173
0.875
0.796
0.906
0.865
1.392
1.204
1.215
1.739
1.189
1.236
1.375
1.195
1.305
0.987
1.367
0.803
1.350
0.729
1.574
1.052
1.329
0.999
1.198
1.178
0.790
1.139
0.824
0.711
0.758
1.255
0.762
0.792
0.902
0.925
1.024
0.823
1.375
2.309
1.032
1.166
1.044
1.591
1.141
1.421
1.630
1.089
0.897
0.942
1.208
1.633
1.388
1.341
0.518
0.986
1.392
1.288
1.312
1.158
1.424
1.418
0.791
0.747
1.216
1.341
1.204
1.338
1.124
1.083
1.418
1.260
1.119
1.383
1.309
1.251
1.123
1.051
0.749
1.057
0.965
1.150
1.335
1.123
0.609
0.621
1.168
1.004
1.450
0.796
0.858
1.111
0.961
0.817
0.921
0.930
1.408
1.483
1.078
1.285
1.319
0.888
0.939
1.451
1.495
1.477
0.932
0.940
0.925
0.705
0.733
0.899
0.846
0.775
1.152
0.865
1.053
0.783
0.715
0.806
0.960
1.213
1.017
0.921
0.786
0.988
1.224
1.267
1.050
1.827
1.400
1.028
0.736
0.664
0.926
1.251
0.957
1.610
1.314
0.898
1.107
1.009
0.893
1.040
1.147
1.074
1.132
1.348
1.033
0.727
1.991
1.583
0.798
1.039
0.772
0.922
0.724
1.083
0.958
0.997
1.024
1.123
0.866
0.963
1.047
1.186
1.089
0.664
0.946
1.220
1.284
1.003
1.120
1.432
1.023
1.232
1.257
0.826
0.813
0.923
0.862
1.173
1.270
1.202
1.673
1.637
1.472
1.139
1.392
0.726
0.827
0.722
0.696
0.910
1.347
1.304
1.013
1.074
0.697
1.022
1.046
1.100
1.360
1.496
1.333
1.048
1.022
1.038
0.960
1.158
1.125
1.144
1.954
1.390
0.424
0.935
1.998
1.762
1.381
1.974
2.015
1.871
1.822
1.012
1.042
1.588
1.236
1.175
1.087
1.111
0.978
1.089
1.323
0.968
1.952
1.278
0.687
1.506
0.688
0.924
1.496
1.260
0.955
0.947
1.055
0.682
1.378
1.672
1.974
1.470
1.632
1.482
1.397
1.077
1.054
2.531
1.206
1.532
1.608
1.515
1.328
1.398
1.102
1.227
1.379
1.131
1.294
0.817
1.394
1.184
0.944
1.140
1.424
1.041
0.987
1.460
1.784
1.566
1.649
1.245
0.892
1.217
1.601
1.559
0.941
1.323
1.902
1.508
1.181
0.940
2.370
2.198
1.044
1.420
1.639
1.970
1.450
1.544
0.986
1.146
1.117
0.999
1.640
1.180
1.485
1.464
0.943
1.391
1.400
1.563
1.486
1.178
1.494
1.810
1.216
1.147
1.317
1.346
1.322
1.710
0.844
1.475
1.888
1.259
1.371
1.414
1.383
1.575
1.056
1.276
1.050
1.114
1.464
1.800
1.434
1.275
1.300
1.133
1.352
1.104
1.382
1.237
1.374
1.153
1.302
1.337
1.051
1.499
1.336
1.201
1.280
1.011
1.252
1.895
1.713
2.521
1.880
1.399
1.543
1.517
1.753
0.982
1.281
0.662
1.076
1.241
1.249
1.565
2.069
1.487
1.106
1.356
1.366
1.712
1.327
1.856
1.773
1.239
1.558
1.414
1.378
1.649
1.408
1.428
1.414
1.273
1.199
1.956
1.516
1.678
1.252
0.824
1.182
1.252
1.356
1.191
0.637
0.653
1.015
1.378
1.446
1.304
1.135
1.077
0.888
1.157
0.857
1.391
1.566
1.976
1.260
1.489
1.740
1.911
2.000
1.829
2.134
1.504
1.618
1.571
1.864
0.862
0.902
1.415
1.265
1.230
1.480
1.433
1.487
1.995
1.888
1.664
1.750
1.804
1.215
0.924
1.011
0.919
1.224
0.808
0.719
0.849
1.153
1.203
0.872
0.600
0.851
1.277
1.331
0.687
0.591
0.794
0.896
1.180
1.278
1.191
0.903
1.102
1.353
0.944
0.930
1.688
1.270
0.968
1.797
1.298
1.150
0.804
0.834
0.907
1.110
1.079
0.885
1.320
0.969
1.014
0.747
0.745
0.597
0.902
1.313
0.962
0.619
0.994
1.165
1.266
1.101
1.283
1.192
0.609
0.792
1.100
1.576
1.455
1.586
1.697
1.770
1.027
0.984
1.117
1.229
1.242
1.074
1.465
1.073
0.764
0.788
1.160
0.966
0.633
0.910
0.776
2.057
2.357
1.944
1.648
1.016
0.813
0.793
1.726
1.065
1.353
1.199
1.055
1.404
1.237
0.961
0.877
0.760
0.918
0.933
0.616
0.658
1.059
1.225
0.866
0.768
2.267
1.955
1.519
0.876
0.896
0.728
0.646
0.897
0.727
0.960
0.755
1.148
1.096
1.304
0.939
1.512
1.647
0.860
1.174
0.887
0.873
0.732
1.191
1.254
0.950
0.697
0.606
1.108
1.116
1.195
0.959
0.878
1.107
1.241
0.943
0.980
1.201
0.793
1.115
0.826
0.930
0.907
1.144
0.928
1.217
1.127
1.484
1.068
1.140
0.866
0.747
0.842
1.143
0.904
1.275
1.085
0.950
1.477
1.007
1.124
1.558
1.336
1.532
1.407
1.174
1.262
2.322
2.430
1.783
1.042
0.878
1.573
1.888
1.020
0.990
1.443
0.942
0.817
0.873
0.568
0.923
1.756
1.528
0.805
0.807
1.641
1.205
1.195
1.769
1.304
1.384
1.691
1.043
1.138
1.174
2.264
2.464
1.564
0.880
1.028
0.800
1.429
1.918
2.074
1.339
0.857
1.276
1.067
1.301
1.458
1.169
2.533
2.073
1.916
2.411
2.317
1.681
1.061
0.880
1.311
1.085
1.136
1.079
1.743
1.703
1.861
1.431
3.810
2.513
1.191
1.244
1.833
1.261
0.866
1.224
1.676
1.386
1.300
0.980
1.340
1.660
1.467
1.291
1.454
1.188
0.970
1.766
1.744
1.345
1.118
1.108
1.145
0.929
0.867
1.156
1.253
1.695
1.701
1.734
1.996
1.895
1.987
1.527
1.068
1.235
1.488
1.183
0.934
1.502
1.560
1.204
1.542
1.820
1.814
1.278
1.849
1.855
1.154
0.825
1.245
2.630
1.613
0.869
1.056
0.993
1.061
1.188
1.517
1.278
1.309
1.347
0.974
0.769
1.445
1.517
2.090
1.743
1.070
0.882
1.531
1.416
1.366
1.595
1.531
1.475
1.452
1.704
1.777
1.505
0.855
1.851
1.660
1.162
1.352
1.327
1.329
1.665
1.467
2.121
1.334
0.963
1.287
1.349
1.541
0.877
1.319
1.289
1.482
1.303
1.291
1.678
1.472
1.328
0.984
1.250
1.764
1.493
1.221
1.206
0.887
0.904
0.893
1.281
1.069
1.141
1.267
1.132
1.306
1.740
1.588
1.310
0.929
1.230
1.246
1.208
1.101
1.297
1.393
1.191
1.520
1.624
1.411
0.809
1.277
1.266
1.496
1.518
1.479
1.184
1.332
1.376
1.121
1.621
1.417
1.835
1.307
0.712
0.914
0.816
1.199
1.233
1.073
1.400
1.742
1.565
1.164
1.360
1.424
1.376
0.846
1.281
2.421
1.858
1.719
1.396
0.985
1.244
0.884
0.770
1.240
1.208
1.344
1.699
1.061
0.832
1.077
1.695
1.076
0.767
0.675
1.060
1.235
1.052
0.995
0.803
0.765
1.364
1.537
0.909
0.492
0.702
0.946
0.939
0.862
0.843
1.087
1.168
1.066
0.947
0.816
0.889
0.810
0.921
0.839
0.787
0.900
1.571
1.179
1.042
0.967
0.625
0.741
0.850
0.840
1.112
1.460
1.446
0.589
0.733
0.639
0.625
0.790
1.179
0.931
1.107
1.365
1.455
1.361
1.090
0.898
0.772
1.199
0.875
0.839
1.639
2.612
2.440
1.965
1.535
0.993
1.000
1.298
1.322
1.014
2.266
2.175
1.482
1.384
1.870
1.775
1.784
1.106
1.198
0.972
1.118
1.609
1.888
1.705
1.810
0.866
0.927
0.952
1.522
2.012
1.850
1.305
0.862
1.100
0.608
0.712
1.238
1.269
0.998
2.471
1.804
0.836
0.752
0.918
0.945
0.708
0.938
1.172
1.139
1.373
0.884
1.228
1.427
1.404
0.927
0.960
1.012
0.974
1.204
0.985
1.043
1.101
1.195
1.424
1.204
1.474
1.323
1.450
1.243
1.093
1.375
1.315
1.099
1.112
1.706
1.868
1.627
1.135
0.917
1.264
0.887
0.778
1.256
0.965
0.730
1.102
0.848
2.557
1.877
1.111
1.643
1.470
0.971
1.261
1.376
2.419
2.699
1.694
1.152
1.188
0.947
1.253
1.351
1.120
1.040
1.044
1.106
1.202
1.401
1.545
1.078
0.909
1.366
1.140
1.101
1.381
0.754
0.695
0.894
1.083
1.504
1.389
0.926
0.939
1.265
1.387
1.536
1.097
1.679
1.595
1.523
2.852
2.567
1.117
1.256
0.905
1.084
1.405
1.575
1.094
1.094
1.155
0.864
0.969
1.001
1.260
1.271
1.524
1.287
1.047
0.961
0.821
0.961
1.618
1.245
0.985
1.601
1.828
1.876
0.963
1.360
1.263
1.564
0.819
0.978
1.272
1.596
1.409
1.353
1.429
1.571
1.030
1.532
2.093
2.087
2.062
1.111
1.365
0.878
1.177
1.405
1.052
1.480
1.233
1.441
1.384
1.109
1.920
1.247
1.332
1.312
1.043
1.540
1.119
1.086
1.426
1.229
0.731
0.912
1.106
1.035
1.089
1.146
1.757
0.928
1.097
1.328
1.625
1.829
1.069
0.954
1.252
1.353
1.068
1.079
0.878
1.401
1.584
1.322
1.380
0.852
0.986
0.979
0.944
1.248
1.306
1.717
1.565
1.044
1.143
1.078
1.208
1.285
1.602
1.613
1.001
0.968
0.945
1.168
1.679
1.182
1.337
1.119
1.205
1.078
1.123
1.568
1.501
0.963
1.248
1.446
1.244
1.046
1.241
2.000
2.115
1.898
1.461
1.561
1.054
1.151
1.131
1.876
1.755
1.406
1.661
1.825
1.406
0.875
0.982
1.235
1.347
0.811
1.395
1.918
2.047
1.380
0.999
0.860
1.001
1.222
1.325
0.868
1.067
1.166
1.413
1.002
1.496
1.050
1.135
1.662
1.075
0.862
1.082
1.250
1.096
0.877
1.191
1.111
1.028
1.045
0.677
1.240
1.474
1.262
1.383
1.706
1.589
1.645
1.345
1.217
1.149
1.463
2.042
1.212
1.231
0.927
1.228
1.230
0.864
1.012
1.613
0.882
1.005
1.083
1.013
0.978
0.974
0.935
1.179
1.292
0.911
0.805
1.051
0.920
1.803
1.106
0.892
1.062
0.992
0.609
0.966
1.117
0.904
1.351
1.063
0.876
1.218
1.026
0.901
0.810
0.761
0.771
0.844
0.618
1.016
1.041
2.354
1.546
1.166
1.375
2.341
1.517
0.985
0.699
1.463
1.064
1.019
0.939
1.722
1.527
0.849
0.982
0.928
0.743
1.151
1.632
0.892
1.047
1.309
1.453
1.390
1.255
0.839
1.588
2.153
1.056
1.020
0.710
1.009
0.853
1.034
1.289
0.986
0.750
1.075
0.934
1.368
1.446
0.697
0.774
0.836
1.072
1.304
1.267
1.250
1.015
0.577
0.779
1.228
1.500
1.421
0.928
1.877
1.534
1.808
0.919
0.941
1.229
1.311
1.333
1.038
0.837
1.018
1.318
1.377
1.442
1.131
2.865
2.509
1.702
1.806
1.610
1.539
1.433
0.723
1.189
1.338
1.477
0.941
2.457
2.548
1.280
1.209
1.474
1.304
1.925
2.403
2.020
0.926
0.638
0.744
1.171
1.201
1.474
0.924
1.001
1.171
0.831
1.073
1.533
2.839
3.136
2.148
1.644
0.871
1.109
1.323
1.151
0.797
1.280
0.998
1.278
1.754
1.506
1.468
1.626
1.100
1.688
1.104
1.660
1.780
1.893
2.236
2.066
1.550
2.735
1.209
1.367
1.463
1.225
1.416
1.318
1.524
1.323
1.521
2.556
2.198
1.799
0.920
1.645
2.058
1.919
1.493
1.135
1.205
1.760
1.955
1.744
1.767
3.271
2.396
1.153
1.670
1.298
1.713
0.953
1.632
1.931
1.537
1.283
1.183
1.469
1.628
1.077
0.779
1.191
1.163
1.129
0.913
1.265
1.162
1.462
2.249
1.245
1.313
1.343
1.274
1.578
1.216
1.145
0.897
1.552
2.021
1.126
2.027
1.964
1.247
1.265
1.681
0.863
0.943
1.121
1.368
1.299
1.074
1.469
1.017
1.122
1.478
1.352
0.989
1.094
1.238
1.019
0.709
1.075
1.407
1.875
1.978
1.398
0.890
1.320
1.573
1.325
1.391
1.213
1.093
1.229
1.766
2.414
2.471
1.813
0.922
1.558
1.241
0.884
1.297
1.201
1.148
1.022
1.620
1.475
1.320
1.676
1.410
1.005
1.477
1.498
0.962
0.930
0.996
1.455
1.239
0.994
1.016
1.564
1.754
1.708
1.304
1.280
1.029
1.260
1.419
1.940
2.076
2.433
1.844
1.152
1.131
1.047
1.145
0.842
1.367
0.952
0.995
1.148
0.705
0.576
0.838
1.040
1.131
0.973
0.803
0.757
0.783
1.195
1.064
0.591
0.819
0.919
1.190
1.511
1.217
1.582
1.572
1.536
1.348
1.564
1.252
0.908
0.952
0.861
1.028
1.235
0.892
1.009
1.220
1.580
1.828
2.038
1.791
0.892
1.237
1.330
0.755
0.874
1.080
1.022
1.078
0.717
1.066
1.546
1.707
1.333
0.971
1.260
1.852
1.560
1.043
1.105
1.192
1.132
0.660
1.049
1.124
0.834
0.656
0.952
1.034
0.612
1.015
1.060
0.948
1.040
1.201
1.199
0.869
0.841
0.966
0.646
0.957
0.901
0.719
0.925
0.810
1.072
0.950
0.865
1.327
1.257
0.863
1.827
2.586
1.875
1.047
0.832
1.084
0.884
0.911
0.866
0.689
1.218
1.683
1.268
1.078
1.395
1.950
2.397
2.298
1.602
1.139
1.499
1.938
2.119
2.400
2.083
1.915
1.922
1.795
1.465
0.974
0.692
1.074
1.485
1.559
1.594
1.231
2.118
2.216
1.445
0.893
0.686
0.831
1.038
0.958
1.073
0.727
1.111
0.903
0.998
0.984
0.889
0.781
1.172
1.254
1.179
1.324
1.696
1.852
1.081
0.896
1.180
1.345
0.957
0.798
1.082
1.202
0.878
1.000
1.263
0.833
1.210
0.699
1.361
1.555
1.234
1.260
0.719
1.529
1.610
1.297
1.345
0.720
1.394
1.748
1.586
1.112
1.328
1.478
1.034
0.841
1.570
1.629
1.530
0.971
0.816
0.937
1.453
1.509
1.568
1.485
1.324
1.633
1.573
1.563
0.883
2.223
2.140
1.600
1.356
1.251
1.222
1.077
1.052
1.208
1.128
1.133
0.795
1.043
1.396
1.330
1.550
1.433
1.709
1.379
2.143
2.046
1.230
2.120
1.621
1.404
1.367
1.219
1.519
1.518
1.705
2.149
0.986
1.069
1.103
1.516
1.178
2.813
2.734
1.616
1.295
1.577
1.215
1.353
1.042
0.653
1.064
1.753
1.429
1.134
1.576
1.185
1.435
1.876
1.800
1.620
1.161
1.616
1.831
1.480
1.507
1.009
1.280
1.330
1.075
1.104
1.242
1.629
1.601
1.505
1.060
1.489
1.475
1.064
0.927
0.914
0.922
1.430
1.473
1.003
0.990
0.941
0.962
1.062
1.898
1.380
1.589
1.916
1.685
0.907
1.695
1.237
1.498
1.961
1.613
1.729
1.409
1.202
0.966
1.161
1.060
1.713
1.149
1.123
0.657
1.449
1.440
1.077
1.419
1.451
0.908
1.542
0.897
1.249
1.120
1.106
1.836
1.044
0.930
0.973
0.841
1.492
1.752
1.240
0.950
1.124
1.349
1.389
1.204
1.184
0.666
1.517
2.025
1.155
1.287
0.784
1.369
1.659
1.787
1.391
1.223
1.197
1.513
1.348
1.059
1.187
1.463
1.209
1.636
1.264
0.908
0.705
0.782
0.840
0.936
0.563
1.294
1.344
1.495
1.758
1.948
2.156
1.381
0.892
1.199
1.185
1.522
1.256
1.543
1.247
1.189
0.720
0.983
1.340
1.266
1.405
0.810
0.825
1.367
1.735
1.744
1.672
1.246
1.661
1.489
1.685
1.561
1.791
1.245
1.501
1.819
1.647
2.081
2.007
1.064
1.243
1.082
1.086
1.374
1.336
1.952
2.089
1.809
1.662
1.433
0.858
0.744
0.674
1.015
0.750
0.768
0.918
0.827
1.364
1.545
1.229
0.651
1.030
0.893
0.717
0.836
0.779
1.047
1.136
1.471
0.904
0.561
1.114
1.467
1.242
0.753
0.499
1.404
1.635
1.402
1.075
1.009
0.723
1.258
1.311
0.727
0.951
0.872
0.940
0.652
0.950
1.489
1.104
1.020
1.022
0.899
1.036
0.758
0.833
1.067
1.664
1.574
1.304
0.837
0.983
0.789
1.144
0.761
0.988
0.983
0.656
0.832
0.767
1.114
1.133
1.010
0.966
2.019
2.009
1.564
1.166
1.118
0.926
0.732
0.834
1.126
1.033
1.003
1.374
3.091
1.903
1.339
1.376
1.030
1.047
0.977
1.240
0.976
0.724
1.504
1.088
1.294
1.434
1.652
2.181
1.270
1.031
1.059
0.980
2.633
2.228
1.519
0.985
1.023
1.555
2.026
0.874
1.004
1.340
0.913
0.914
0.838
0.925
1.346
1.382
0.857
1.598
1.142
0.917
1.054
0.725
1.258
1.131
1.357
1.175
1.011
1.649
1.131
1.256
1.585
1.719
1.567
1.340
1.191
0.912
1.502
1.460
1.339
1.059
1.526
1.022
1.413
1.932
1.347
0.772
1.597
1.125
1.198
1.713
1.013
1.372
1.268
1.341
1.570
1.671
1.677
1.823
2.570
1.619
2.124
2.077
1.253
1.430
0.719
1.015
1.243
1.381
1.642
1.103
1.084
0.935
1.382
1.435
1.829
1.402
1.137
1.438
1.160
1.135
2.047
2.219
1.906
2.458
1.813
1.129
1.271
1.640
1.903
1.735
1.906
1.325
1.435
2.251
2.048
1.729
1.072
1.155
1.514
1.065
0.759
1.112
0.907
1.320
1.884
1.461
1.029
0.950
1.543
1.302
1.167
0.823
1.118
1.745
1.266
1.428
1.268
1.536
1.982
2.326
1.042
0.916
1.221
0.999
1.447
1.552
2.003
1.708
1.907
1.390
1.957
1.303
1.367
1.179
1.410
1.558
1.485
0.756
1.423
1.462
1.010
1.247
1.138
0.886
1.153
1.341
1.260
1.124
1.016
0.808
1.230
0.795
0.994
1.012
1.420
1.741
2.233
1.220
1.647
1.125
1.003
1.153
1.052
1.068
1.852
1.899
1.729
1.759
1.041
1.067
1.660
1.460
0.956
1.008
1.616
1.256
1.284
1.138
1.237
2.047
1.769
1.153
1.311
1.272
1.136
1.285
1.497
1.172
1.033
1.451
1.492
1.630
2.276
1.848
1.443
1.381
0.828
0.479
1.044
1.373
0.854
0.926
0.676
0.635
0.561
1.033
1.292
1.252
0.917
1.231
0.886
0.946
1.211
1.065
1.211
1.413
1.434
1.242
1.139
1.145
1.101
0.808
0.910
1.575
1.743
1.284
1.455
1.002
0.945
0.660
0.768
1.702
1.347
1.169
1.675
1.330
1.104
1.383
1.539
1.345
0.970
1.360
1.734
1.547
1.302
1.204
1.103
1.339
0.989
0.823
1.690
1.160
0.753
1.322
1.491
1.261
1.308
1.282
0.911
1.641
0.953
1.090
1.626
1.119
0.887
0.699
1.576
1.525
1.401
1.617
1.236
1.101
1.380
1.454
1.088
1.466
1.722
1.338
1.577
1.011
1.000
0.736
1.143
0.966
0.691
0.983
1.259
0.914
0.951
1.092
1.150
1.505
1.221
0.740
1.204
1.390
0.775
0.667
1.259
0.740
0.664
0.926
0.639
1.403
1.144
0.623
0.692
0.904
1.282
1.281
1.763
1.355
1.569
1.210
1.132
0.786
0.913
0.928
0.854
1.332
1.308
0.987
1.657
1.607
1.100
1.507
1.270
0.988
0.649
0.879
0.663
0.583
0.500
0.844
1.078
1.793
1.499
1.341
1.466
2.451
2.610
1.865
1.493
1.024
1.037
0.847
0.733
0.815
0.795
1.858
1.603
1.496
1.251
1.188
1.047
0.868
1.203
1.130
1.071
0.823
1.045
0.794
1.306
0.948
0.958
1.158
1.082
2.083
1.959
1.814
1.440
0.824
0.650
0.864
1.085
0.983
1.197
1.311
1.248
0.820
0.689
0.943
1.163
1.073
1.997
1.119
0.821
1.392
1.435
0.997
1.746
2.367
2.034
1.473
0.786
1.206
1.882
1.512
0.883
0.822
1.048
1.204
1.395
0.932
1.263
1.319
1.157
1.407
1.429
1.364
0.937
0.945
1.255
1.262
1.035
1.146
0.964
0.868
0.869
1.429
1.485
1.199
1.179
0.928
0.880
0.804
0.928
0.814
1.375
1.342
1.138
1.438
1.395
1.072
1.115
1.023
1.354
1.096
1.349
1.152
1.306
1.620
0.849
1.160
1.115
1.559
1.506
1.071
1.167
1.259
1.486
1.495
2.064
1.503
1.016
0.943
1.552
1.395
1.648
1.978
1.620
1.082
1.332
1.567
1.260
0.951
0.666
2.040
1.425
0.989
1.572
1.125
1.130
1.245
1.801
1.281
2.099
1.855
1.221
1.497
1.297
2.179
1.429
0.705
1.355
1.105
1.493
1.345
1.662
1.251
0.936
1.468
2.075
1.351
1.696
1.255
2.070
2.299
3.100
1.734
1.031
1.776
1.186
0.968
1.253
1.669
0.956
1.140
1.030
1.427
1.334
1.240
1.259
1.312
1.089
1.294
1.161
0.763
1.237
1.286
1.561
0.978
0.733
0.750
0.663
0.891
1.745
2.028
1.946
1.750
1.498
1.566
0.751
1.049
1.094
1.233
1.297
1.183
2.231
1.591
1.652
1.735
1.826
1.474
1.092
0.990
1.145
1.143
0.744
1.483
1.422
1.552
1.800
1.107
1.198
0.990
1.234
1.126
1.107
0.988
0.764
1.469
0.911
1.113
1.191
1.013
1.681
1.751
0.707
0.712
1.255
2.187
1.751
1.329
1.782
1.964
1.726
1.368
1.051
1.790
1.371
0.689
0.936
1.200
1.076
0.967
1.705
0.998
1.062
1.149
1.459
0.751
1.851
1.202
0.876
0.917
1.079
1.295
1.667
1.733
1.500
1.484
1.454
0.897
1.382
0.909
1.252
1.139
1.264
1.198
0.971
1.071
1.656
1.343
1.301
1.164
0.970
1.022
1.024
1.464
1.289
1.630
1.318
1.036
1.184
0.988
2.027
2.347
1.342
1.204
1.358
0.986
1.339
1.374
1.219
1.062
1.157
1.031
1.187
1.277
1.281
1.109
0.753
0.786
0.738
0.840
0.950
0.896
0.822
0.901
0.766
0.589
0.736
1.008
0.866
1.268
0.995
1.131
0.678
1.107
0.829
0.693
0.924
0.797
1.409
1.090
1.133
1.197
1.038
1.230
1.434
1.608
1.385
1.227
1.563
0.987
1.432
1.190
0.905
1.060
0.599
1.219
1.484
0.935
0.783
0.807
1.097
2.222
1.332
0.953
0.754
1.168
1.152
0.796
0.749
1.274
1.000
0.790
1.160
1.681
1.071
0.947
0.814
1.159
0.998
1.192
1.252
1.274
0.670
0.498
0.933
1.084
0.977
0.880
0.771
1.259
1.109
0.712
1.733
1.008
0.723
1.421
1.108
0.795
0.940
0.698
0.776
1.408
0.906
0.844
0.692
1.008
1.073
0.738
1.845
2.048
2.292
1.030
0.939
1.609
1.704
1.082
0.729
0.519
1.456
2.686
1.600
0.814
1.585
0.660
1.153
0.506
0.850
1.013
0.862
0.870
1.132
1.014
1.916
1.667
1.359
0.802
1.310
1.083
1.162
1.011
0.848
0.700
0.991
0.711
0.784
0.794
1.163
1.510
1.238
1.481
0.827
1.329
1.062
0.823
1.151
1.483
0.738
0.887
1.597
1.569
1.403
2.223
1.799
1.084
0.884
0.864
1.101
1.391
0.919
0.947
1.107
1.463
0.765
1.062
1.367
1.278
0.566
0.908
2.726
1.938
1.254
0.832
1.067
1.388
1.713
1.533
1.479
2.006
1.622
1.692
0.817
1.204
0.981
1.719
1.267
0.953
1.284
1.406
1.410
1.413
1.449
1.495
1.328
0.847
1.239
1.508
1.955
1.749
2.146
1.525
2.133
1.503
1.130
1.251
1.010
1.143
1.254
1.678
1.491
1.120
1.082
1.406
0.947
2.081
1.240
1.552
1.398
1.591
1.967
1.928
0.763
1.023
0.779
0.563
2.003
1.301
0.949
1.419
1.410
1.591
1.932
1.973
1.315
1.121
1.278
1.104
1.002
1.153
1.622
1.481
1.234
0.986
1.039
1.233
1.379
1.656
1.273
0.988
0.829
1.165
1.084
1.385
1.609
1.644
1.424
1.609
1.781
1.643
1.135
1.147
1.230
1.242
1.079
1.184
1.413
1.547
1.678
0.996
1.250
1.253
1.464
1.464
1.052
1.139
1.788
1.587
1.008
0.919
0.929
1.420
1.427
1.320
1.496
1.767
1.285
1.543
1.370
1.107
1.434
0.874
1.319
1.612
0.997
0.949
1.155
1.238
1.132
1.022
1.169
1.017
1.238
1.024
0.799
0.840
0.998
1.029
1.389
1.553
1.649
1.665
2.073
2.057
1.943
1.676
1.474
1.595
1.139
1.546
2.058
1.854
1.461
1.540
1.481
1.652
2.042
1.445
1.124
1.074
1.241
1.327
1.047
1.039
0.730
0.720
1.104
0.827
1.054
1.169
1.130
0.762
1.133
1.247
1.080
0.901
1.045
0.973
1.346
1.104
1.019
1.475
1.379
1.244
1.777
1.327
0.915
1.147
1.076
1.098
1.249
0.839
0.980
1.044
0.984
0.970
0.827
1.138
1.109
0.885
0.854
0.998
1.419
1.259
1.106
1.110
0.723
0.962
0.962
1.121
0.929
1.029
1.350
0.773
0.995
1.021
1.343
0.895
0.841
0.609
0.885
0.921
0.739
1.183
1.789
1.694
0.603
1.163
0.911
1.003
0.722
0.708
1.134
0.852
1.048
0.952
0.696
1.010
1.935
2.438
1.812
2.051
1.976
1.718
1.402
1.194
1.071
0.891
1.112
1.381
0.935
0.721
1.015
1.336
1.297
1.173
1.039
0.919
0.754
0.965
0.559
0.618
0.798
1.606
1.412
0.918
1.400
0.834
1.213
1.187
1.023
1.030
2.934
2.663
2.269
2.048
1.480
0.726
1.054
1.052
1.139
0.713
1.704
1.332
1.447
0.902
0.870
1.032
1.102
1.407
1.933
1.699
0.956
1.148
2.553
1.795
0.837
0.895
0.956
1.778
1.370
0.688
1.139
1.573
1.591
1.524
1.184
1.118
1.182
1.310
1.233
1.224
1.084
1.474
1.209
0.900
0.853
0.955
1.171
0.803
0.928
0.966
1.706
1.806
0.986
1.228
0.906
1.079
1.175
1.403
1.729
1.264
1.365
1.135
1.655
1.220
1.396
1.232
2.226
2.021
3.092
2.510
1.613
0.786
1.335
1.569
1.238
0.981
0.811
0.812
1.351
1.947
0.983
0.995
1.328
1.587
0.951
1.808
2.210
2.792
2.571
1.781
0.959
0.763
1.173
1.485
1.500
1.426
1.056
2.387
2.011
1.312
0.854
0.873
0.685
1.425
1.683
0.864
1.382
1.439
1.247
0.786
1.569
1.794
1.447
1.431
1.096
0.843
1.316
1.110
1.270
2.748
2.035
1.912
1.787
1.184
1.099
0.889
1.357
1.350
1.478
1.662
0.759
1.375
1.291
1.264
1.477
1.837
1.479
1.272
1.024
1.382
1.829
2.239
2.299
1.927
1.501
1.750
1.411
2.538
1.305
0.906
1.464
1.599
1.537
1.664
1.387
1.410
1.011
1.205
1.551
1.221
1.089
1.185
1.258
0.754
0.885
1.727
1.761
1.475
1.263
0.980
1.623
1.445
1.770
1.448
1.278
1.038
2.371
2.076
1.018
1.732
1.272
1.020
1.149
1.424
0.996
1.888
1.622
1.138
1.047
1.349
1.002
0.983
1.641
1.443
2.192
1.677
1.461
1.326
1.254
1.212
1.101
0.797
1.201
1.304
1.683
0.846
0.642
0.931
1.235
1.349
0.916
1.523
2.160
2.084
1.557
1.467
1.651
1.826
2.095
2.184
1.067
1.309
1.768
1.906
1.195
1.182
0.911
0.930
1.419
1.318
1.014
1.245
1.295
1.386
1.425
1.928
1.192
1.471
1.066
1.519
1.461
1.596
1.396
1.478
0.995
0.856
1.225
1.807
1.991
1.890
1.643
1.606
1.985
1.584
1.517
1.433
1.990
1.236
0.787
1.168
1.044
1.216
1.274
1.162
1.149
1.552
1.014
1.414
1.192
0.877
1.523
1.644
1.253
0.859
1.296
1.404
1.038
1.169
0.935
1.220
1.216
1.029
1.437
1.089
1.117
1.433
1.277
1.175
1.116
1.184
1.873
1.132
0.900
1.068
1.041
1.167
1.218
1.340
0.966
0.667
1.037
0.953
0.846
1.136
1.196
1.563
1.443
1.110
1.101
1.437
0.822
0.742
1.255
1.488
0.883
1.439
0.970
0.730
0.730
0.859
0.691
1.046
1.397
1.447
1.343
0.653
0.622
1.253
1.119
1.399
1.232
1.272
1.019
0.760
0.933
2.977
1.705
0.983
1.289
1.231
0.895
0.640
0.962
1.126
1.016
1.181
1.048
0.877
0.833
0.847
0.479
0.992
1.571
1.244
0.778
0.756
0.812
1.366
2.863
1.847
1.517
1.186
0.993
1.461
1.100
0.931
1.103
0.999
0.916
1.093
1.364
1.918
2.093
1.331
1.296
1.425
1.113
0.736
0.527
0.766
0.631
0.765
1.294
1.986
1.754
1.443
1.401
1.294
1.500
0.938
0.891
1.134
1.380
1.210
1.183
1.416
1.568
0.886
1.174
0.926
1.145
1.432
1.096
1.081
1.286
1.114
1.505
1.479
1.158
0.887
0.743
0.888
1.114
2.305
2.116
1.280
0.984
1.032
0.969
1.820
2.098
2.063
1.138
1.119
1.359
0.962
1.219
1.255
1.095
1.379
1.169
1.608
1.536
1.281
1.385
1.445
0.864
1.213
0.920
1.803
1.723
1.477
1.006
0.646
1.033
1.631
1.623
1.509
1.400
1.292
0.780
1.752
2.604
1.041
1.053
1.158
1.237
1.009
1.399
1.286
1.310
1.228
1.055
1.358
1.702
1.483
1.453
1.766
1.814
2.108
1.984
2.117
1.327
0.826
1.052
1.551
1.599
1.543
1.446
1.375
1.969
1.327
1.409
1.472
1.338
1.193
1.158
1.350
1.443
1.099
1.644
1.683
0.955
1.081
1.102
1.362
1.092
1.042
1.067
0.845
1.055
0.954
1.071
2.119
1.946
1.063
1.510
1.365
0.818
0.958
1.452
1.264
0.975
1.023
0.735
0.739
1.037
1.028
1.511
1.812
1.598
1.726
1.599
1.411
1.748
0.970
1.193
0.936
0.853
1.089
1.487
1.108
1.502
0.765
0.801
1.321
1.206
1.019
1.148
1.569
1.905
1.654
0.994
0.959
0.985
0.857
1.033
0.805
1.389
1.970
1.752
1.169
1.105
1.064
1.637
1.300
1.202
0.883
0.958
1.114
1.409
1.640
0.806
1.423
1.755
1.502
0.913
0.919
0.907
1.267
1.117
1.070
1.167
0.820
1.497
1.375
1.043
0.791
1.277
1.000
1.291
1.336
1.393
1.116
1.283
1.591
1.250
1.106
1.212
0.959
1.036
1.038
1.471
1.726
1.499
1.505
1.380
0.649
1.042
1.598
1.403
1.745
1.077
1.318
0.886
1.127
1.002
1.242
1.192
0.917
1.436
1.840
1.663
1.439
0.648
0.781
1.830
1.397
1.363
1.449
1.156
1.000
1.330
1.776
1.616
1.926
1.224
0.888
1.695
0.794
1.659
1.945
1.705
1.314
1.019
1.462
1.402
0.774
0.550
0.922
1.474
1.383
0.981
0.837
0.888
1.505
1.052
1.282
0.960
0.767
0.926
1.055
1.380
1.618
1.509
1.635
1.698
1.967
1.488
1.635
1.715
1.673
0.986
0.523
0.807
0.976
1.097
1.141
1.279
1.614
1.661
0.883
1.020
1.245
1.460
1.462
1.157
1.415
1.168
1.157
1.267
0.955
0.817
1.243
1.320
0.924
0.856
0.843
1.196
2.272
1.242
1.743
1.768
0.858
0.803
0.924
0.724
0.996
0.970
1.092
0.994
0.907
0.793
1.027
0.850
0.647
1.130
0.864
0.838
1.390
1.228
0.854
1.213
1.067
1.579
1.083
0.850
1.087
1.486
1.404
1.458
0.679
2.338
1.954
1.381
1.085
1.157
1.251
1.437
1.403
1.620
0.921
0.948
1.136
1.224
1.397
1.309
0.994
1.004
0.741
0.718
0.722
0.749
0.751
0.957
0.909
0.751
0.917
0.899
1.108
0.594
0.617
0.753
0.922
0.783
0.801
1.224
1.519
1.255
0.816
2.417
1.789
1.573
0.731
0.793
0.836
0.838
0.795
0.949
1.119
1.260
1.685
1.711
1.748
1.545
0.829
1.224
0.993
1.275
1.294
1.031
1.129
1.189
1.153
1.191
1.205
0.740
1.187
1.269
1.099
0.939
2.168
0.843
0.612
0.633
1.091
0.934
1.057
1.534
2.250
2.768
2.349
1.658
0.999
1.014
1.205
1.176
1.257
0.904
1.216
1.066
0.983
1.312
1.639
1.825
0.906
1.044
1.406
1.229
1.498
1.291
0.853
0.705
1.385
0.953
1.294
1.408
1.125
1.151
1.472
1.405
1.307
1.393
1.099
0.817
1.264
1.129
0.930
1.090
2.289
2.405
2.407
2.375
1.709
0.986
0.799
0.898
1.144
1.238
1.076
1.163
1.320
1.605
1.142
1.193
0.927
1.200
0.924
1.212
1.162
1.560
1.578
1.738
1.895
1.775
1.694
1.239
1.706
1.169
1.301
1.024
2.219
1.530
1.200
1.321
1.889
1.709
1.792
1.542
1.116
1.217
1.106
0.886
1.019
1.333
1.139
2.351
1.968
1.688
1.321
1.242
1.187
0.749
0.794
1.013
0.931
1.436
1.547
1.580
0.896
1.108
0.983
1.307
0.778
1.020
1.356
1.588
1.674
1.523
1.598
1.299
1.183
0.954
1.217
1.761
2.330
1.943
1.100
1.518
1.613
1.080
0.944
0.790
0.915
0.602
0.993
1.193
0.967
1.244
1.677
1.169
0.995
1.293
1.814
2.078
1.933
1.329
0.978
1.337
1.796
1.573
1.617
1.660
1.368
0.901
1.165
1.238
1.404
1.785
1.731
1.374
1.527
1.183
1.015
1.260
1.618
1.724
1.119
1.131
1.135
1.336
1.633
1.347
0.792
0.909
0.943
0.908
1.347
1.238
0.768
1.480
0.900
1.334
1.664
1.324
1.760
1.201
1.049
1.065
1.098
0.967
1.022
1.253
1.374
1.198
1.399
1.449
1.212
1.546
1.246
0.877
1.602
1.976
1.371
0.765
1.100
1.343
0.988
1.477
1.670
1.426
1.660
1.183
0.727
0.977
0.878
1.042
0.895
1.370
1.282
1.405
0.882
0.868
0.807
1.204
1.260
1.154
1.118
0.934
0.970
0.750
0.928
1.422
1.246
0.888
1.060
0.925
0.946
1.003
0.901
0.718
0.895
1.375
1.510
1.207
1.018
1.372
1.288
1.331
1.279
1.238
0.740
1.346
1.763
1.046
0.894
1.100
1.004
0.779
1.224
1.439
1.186
0.539
1.907
1.800
1.416
1.090
1.187
1.105
1.342
1.050
1.141
1.404
1.552
1.133
0.945
0.697
1.052
1.556
1.167
0.812
1.701
1.553
1.643
1.929
1.952
1.593
1.561
1.549
1.864
1.902
1.843
1.457
1.032
1.050
1.068
0.857
0.883
0.655
0.912
0.999
0.986
0.744
1.698
1.927
1.635
0.941
1.167
1.214
0.813
0.679
0.723
0.824
0.551
1.947
1.329
1.160
1.297
0.842
0.660
1.254
0.967
1.532
1.079
1.204
1.202
1.445
0.722
0.976
0.907
0.969
1.244
1.127
1.087
0.774
1.147
0.818
1.292
0.768
0.934
1.004
1.169
0.922
0.804
1.455
1.024
0.818
0.661
0.627
1.202
1.464
1.208
1.150
0.830
0.754
0.843
1.438
1.225
0.966
0.820
1.132
1.005
0.914
0.863
0.804
0.960
1.188
1.553
1.070
0.960
0.963
0.939
0.698
1.214
1.606
1.086
1.323
1.293
1.416
1.652
1.403
2.433
2.476
2.102
1.402
0.625
0.874
1.050
0.822
1.140
1.317
1.287
1.070
0.995
1.066
0.982
0.952
1.654
1.456
2.250
1.646
1.238
1.093
2.542
2.367
1.277
1.718
1.460
0.788
0.907
1.332
1.815
0.811
0.837
1.720
2.416
2.846
2.448
1.644
0.987
1.380
1.519
1.492
1.145
1.397
1.534
1.112
1.450
1.061
1.071
1.251
1.172
1.394
1.074
1.269
0.964
1.298
1.604
1.825
1.412
1.260
1.581
1.681
1.209
2.079
1.812
1.109
1.397
1.409
1.581
1.241
1.428
0.538
1.154
1.230
1.545
0.880
1.102
0.857
0.947
1.164
1.094
1.036
0.548
0.652
0.924
1.047
1.040
1.512
1.180
1.582
1.616
1.140
1.883
1.008
0.746
1.409
0.813
0.863
0.963
0.714
1.023
0.952
1.172
1.471
1.416
1.534
1.867
1.106
1.005
1.210
2.039
1.633
1.158
1.732
0.981
1.045
1.073
0.883
0.879
1.459
1.371
1.153
1.296
1.088
1.290
1.964
1.950
1.561
1.859
1.553
1.179
0.685
0.548
0.798
0.918
1.635
1.587
1.868
1.594
1.551
1.446
1.578
1.500
1.698
1.656
1.219
1.705
1.920
1.374
1.301
0.660
1.150
1.405
1.040
1.118
1.253
1.211
1.508
1.802
1.694
1.824
2.258
1.565
1.835
1.133
0.755
1.027
1.030
1.477
1.073
1.155
1.854
1.322
1.183
0.849
0.687
1.240
1.187
0.802
0.724
1.310
2.025
1.991
1.595
1.022
1.683
1.638
1.227
1.264
1.076
0.609
0.835
0.861
0.553
0.966
1.549
1.095
1.250
1.122
1.013
1.137
1.071
0.901
0.821
1.279
1.645
1.015
1.166
0.895
1.090
0.764
1.451
1.421
1.021
1.020
1.203
1.652
1.032
1.127
0.920
1.291
1.269
1.550
1.347
0.939
1.356
0.985
0.882
0.945
0.981
1.646
1.322
0.994
0.802
1.073
1.305
1.457
0.802
0.873
0.799
1.047
1.002
0.995
2.020
1.186
0.922
0.725
0.772
1.721
1.806
1.404
0.707
0.503
0.953
0.817
1.079
0.873
0.915
1.555
1.702
1.353
1.820
1.535
1.424
1.190
2.165
1.767
1.100
0.933
0.718
0.783
0.792
0.639
0.480
1.161
1.756
1.468
1.038
0.872
0.732
0.902
1.064
1.418
1.125
1.035
1.086
1.211
0.888
0.870
1.271
1.062
1.069
0.980
0.555
0.891
0.949
0.819
0.824
0.689
1.110
0.772
1.019
1.628
1.566
1.237
2.164
0.767
1.578
1.498
1.419
0.945
1.074
1.222
0.924
1.009
0.810
1.178
1.185
1.459
1.803
1.626
1.123
0.858
0.690
1.212
0.845
0.790
1.696
1.285
1.610
1.799
1.973
1.660
1.019
0.929
1.159
0.964
1.366
1.466
1.113
2.149
2.060
1.210
0.984
1.290
1.128
1.121
1.257
1.071
1.438
1.973
1.450
1.724
1.555
0.744
1.001
1.048
1.153
1.268
1.252
1.255
1.965
1.175
1.048
1.436
1.452
1.041
1.979
1.020
1.336
1.508
0.948
0.842
1.234
