19790101
1.316
1.069
1.047
0.954
1.066
1.015
0.976
0.832
0.824
1.387
1.540
1.653
1.729
1.219
1.747
1.470
1.265
0.846
0.650
0.753
0.633
0.990
1.210
1.255
1.383
1.172
1.334
1.186
0.871
0.595
0.789
0.805
0.995
1.097
1.003
0.649
1.298
1.190
1.143
1.245
1.268
1.104
1.294
1.125
1.184
1.347
1.239
1.389
0.862
0.963
1.184
1.148
1.887
0.934
1.080
0.797
1.153
1.640
1.036
0.810
1.290
1.242
1.039
0.761
0.906
1.136
0.722
0.862
0.887
1.055
1.188
0.987
0.930
0.685
0.704
0.959
0.803
1.280
1.513
0.992
0.796
0.935
1.215
1.144
1.194
0.846
1.091
0.773
0.691
0.565
0.826
0.945
0.994
1.016
0.646
2.261
2.147
1.570
1.058
0.740
0.830
0.906
0.747
0.974
1.118
0.805
0.761
0.450
0.774
0.685
0.817
1.399
1.385
1.918
1.792
1.910
1.527
0.754
1.236
1.046
0.997
0.992
0.976
0.716
0.645
1.015
0.650
0.587
0.677
0.786
0.728
0.662
0.765
0.703
0.821
1.019
0.612
0.951
0.622
0.695
0.613
0.939
0.832
1.693
1.129
0.817
1.289
0.863
1.246
1.924
2.340
1.417
0.766
0.733
1.013
0.900
1.297
1.440
2.250
1.652
1.196
0.831
0.974
1.232
1.853
2.107
1.507
1.261
1.093
0.859
1.062
0.889
0.910
0.758
0.799
1.645
1.766
1.478
1.221
0.627
0.864
1.345
0.918
0.952
0.948
1.173
0.899
1.013
0.969
1.760
1.836
1.387
0.869
0.957
1.278
1.038
1.551
1.606
1.051
1.192
2.401
1.035
1.339
1.093
1.323
0.827
0.882
0.696
0.916
0.999
1.042
0.564
0.972
0.924
1.399
1.257
0.716
1.156
1.452
1.358
0.886
0.883
0.983
1.103
1.200
1.131
1.002
0.864
0.975
1.197
1.006
1.109
0.884
0.897
1.030
1.220
1.719
1.841
0.930
1.179
1.139
1.358
1.550
1.764
1.653
1.060
0.853
2.330
1.256
0.973
1.232
1.378
1.258
1.569
1.063
0.903
1.776
1.548
1.108
1.139
1.865
2.555
1.303
1.419
1.669
1.542
1.767
1.148
1.004
1.309
1.707
1.475
0.855
1.173
1.331
1.438
1.545
1.117
1.350
1.356
1.357
1.004
1.130
1.179
0.997
1.445
1.240
1.832
2.513
1.814
1.456
1.347
1.282
1.619
1.658
1.493
1.214
1.159
1.675
1.312
1.357
1.807
1.442
1.473
1.357
0.830
1.444
1.078
0.910
1.178
1.082
0.860
1.249
2.074
1.059
1.699
1.643
1.297
1.041
0.888
1.434
1.938
1.426
0.964
0.903
0.990
1.340
1.366
0.888
2.805
1.655
1.142
1.370
1.069
1.429
1.776
1.384
1.076
1.855
1.452
1.045
1.415
1.878
1.326
1.188
1.685
1.466
1.287
0.650
1.246
0.987
1.435
1.253
1.040
1.442
1.366
0.919
0.951
0.883
1.425
1.382
1.052
1.212
1.367
1.182
1.882
0.845
1.114
1.158
1.247
1.577
1.136
1.083
1.342
1.371
1.332
1.520
1.057
0.651
0.791
1.157
0.815
1.276
0.988
1.160
1.032
0.873
1.220
1.658
0.910
1.261
1.305
1.427
1.227
1.218
1.490
1.190
1.171
1.112
1.188
1.627
1.334
1.475
0.696
1.000
1.521
0.976
1.429
1.221
1.448
1.517
0.981
0.898
1.666
1.825
1.234
1.318
0.695
1.084
1.424
1.471
1.100
1.337
1.126
1.434
1.449
1.949
1.325
0.816
1.177
1.485
1.556
1.329
0.660
1.095
0.655
0.639
0.795
0.685
1.121
0.936
0.948
0.672
0.901
0.709
1.440
0.665
0.722
0.939
0.965
0.606
0.912
0.810
0.633
0.619
0.888
1.006
1.688
1.475
1.221
0.963
0.958
0.883
1.397
1.154
1.295
1.164
1.215
0.983
1.165
1.175
1.452
1.018
1.258
1.035
1.191
0.956
0.917
0.883
1.272
0.703
0.752
0.552
0.853
0.974
1.525
0.716
2.266
2.182
1.342
0.896
0.916
0.980
0.848
0.932
1.252
0.720
0.840
0.998
0.757
0.765
0.946
0.751
0.621
1.095
1.173
0.878
0.850
1.053
1.030
1.383
1.106
0.840
1.333
0.753
1.087
0.756
0.514
1.004
1.268
1.594
1.159
0.766
0.784
0.781
0.709
1.082
1.100
0.955
1.040
1.634
1.497
0.677
1.099
1.009
1.120
2.113
1.975
1.311
0.856
1.681
1.402
0.977
1.043
0.765
1.122
1.043
0.957
1.969
2.135
1.625
1.226
1.317
1.264
1.176
0.881
0.972
1.191
0.815
1.116
1.327
1.150
0.862
0.719
0.898
0.882
0.921
1.062
0.950
1.555
1.078
1.308
1.463
1.342
1.105
1.209
0.964
2.325
1.573
1.005
0.907
0.940
1.251
1.372
0.946
0.984
0.813
1.082
1.562
1.073
1.164
1.571
1.096
1.191
1.621
1.258
1.139
1.021
1.002
1.156
1.534
1.354
1.230
1.172
2.909
1.640
0.984
0.848
1.314
1.104
1.291
1.374
1.360
1.547
1.377
0.808
1.341
1.271
1.763
1.648
1.230
1.183
1.865
1.554
2.249
1.339
1.271
1.298
1.474
1.058
1.829
1.926
1.486
1.147
1.460
1.775
1.239
1.593
1.555
1.324
0.960
1.571
0.819
1.748
1.719
1.300
1.592
1.028
1.271
1.838
0.778
1.295
0.921
1.273
0.897
1.059
1.550
1.007
1.170
1.180
1.286
1.189
1.112
1.135
1.087
1.723
1.292
1.638
1.527
1.140
1.448
1.757
1.178
1.418
1.511
1.932
1.792
1.736
1.054
1.616
1.300
1.477
1.460
1.177
1.540
1.208
0.791
1.505
1.088
1.605
1.696
1.401
1.186
0.668
0.696
0.941
1.551
1.487
1.351
1.001
1.035
0.732
0.758
1.267
1.271
0.996
1.244
1.153
1.035
1.374
1.669
1.462
1.552
1.274
1.300
1.173
1.538
1.445
1.808
1.379
2.107
1.150
1.551
1.033
0.860
1.335
1.124
1.343
1.352
1.343
1.779
1.411
1.322
1.482
1.164
1.044
0.878
1.031
0.937
0.938
1.407
1.550
1.496
1.092
1.170
0.862
1.326
1.303
1.265
1.107
1.323
1.381
1.495
1.571
1.493
1.380
1.077
1.498
1.236
0.882
1.196
1.251
1.223
0.893
1.277
0.599
0.704
0.863
0.752
0.852
0.821
1.023
1.223
1.278
1.156
1.482
1.004
1.469
1.396
1.245
0.783
0.530
0.808
0.833
1.173
0.666
0.599
1.129
0.834
0.843
0.481
0.726
0.800
0.869
0.860
0.843
0.737
0.769
0.811
1.152
1.088
1.536
0.943
1.825
1.635
1.205
0.722
0.817
0.888
1.019
1.756
1.153
1.014
1.040
1.735
1.394
0.889
1.074
1.123
0.822
0.827
0.653
0.664
0.784
1.254
0.944
0.930
1.057
1.226
1.230
0.815
0.683
0.728
1.036
0.748
0.964
1.463
1.142
1.009
1.213
1.164
1.221
0.992
1.249
0.901
0.512
0.708
0.880
0.889
1.237
1.434
1.365
0.968
0.861
0.856
0.845
0.802
0.821
0.683
0.885
0.817
0.541
0.969
1.009
0.937
0.558
0.495
0.916
0.711
0.810
1.307
1.668
1.111
1.132
1.057
0.833
1.145
1.052
1.557
1.544
1.132
0.727
1.243
1.200
0.616
0.646
0.955
0.727
1.404
1.917
0.873
0.978
0.961
0.833
1.027
1.599
1.122
0.817
1.465
1.782
1.070
0.815
1.083
0.921
1.161
0.853
0.720
1.038
0.649
0.896
1.038
1.093
1.179
0.818
1.640
1.933
1.821
1.430
1.477
1.110
1.215
0.796
0.809
0.923
0.567
1.269
1.094
1.300
1.239
2.610
2.901
2.095
0.996
0.856
1.850
2.792
1.711
1.136
1.094
0.960
1.070
1.143
0.840
0.983
1.149
1.088
1.134
1.321
1.164
1.291
1.181
1.421
2.074
1.453
1.276
1.397
1.147
1.199
1.363
0.945
1.856
2.228
1.502
0.906
0.998
0.992
0.724
1.336
0.953
1.266
1.600
1.444
1.013
2.254
1.742
1.349
1.045
1.093
1.231
1.357
1.262
1.409
1.570
1.162
1.279
1.172
1.973
1.649
1.992
1.687
0.928
1.476
1.254
1.945
1.262
1.179
1.475
1.522
1.650
1.371
1.385
1.310
1.364
2.343
1.486
1.445
1.546
1.274
1.243
1.608
0.942
0.947
1.200
1.565
1.340
1.841
0.983
1.629
1.306
1.032
1.027
0.777
1.470
0.848
1.216
0.833
1.124
0.943
1.364
1.178
1.719
1.566
1.317
1.229
1.358
1.378
1.296
1.151
0.681
1.111
1.554
1.313
1.289
1.554
1.230
0.932
0.778
1.006
1.389
0.898
1.005
1.246
1.277
0.984
1.526
0.956
1.130
0.970
0.906
1.141
0.687
1.086
2.099
1.379
1.538
1.080
0.886
1.215
1.240
1.127
0.874
0.766
1.287
0.987
1.281
1.001
0.966
0.712
1.229
1.382
1.073
1.144
1.476
0.931
0.957
0.871
1.128
0.611
1.137
0.948
0.772
0.707
0.947
0.878
0.966
0.944
0.899
0.733
0.794
0.762
1.165
1.053
1.198
1.594
0.958
1.069
0.909
1.173
1.174
1.053
0.681
0.839
0.879
0.782
0.704
1.151
1.119
0.871
1.050
1.191
1.393
1.425
1.129
1.170
1.068
1.179
0.736
1.501
1.295
1.368
1.158
0.995
0.830
1.277
0.730
1.107
0.880
0.736
0.686
1.051
0.780
0.697
0.934
0.784
0.900
1.788
1.163
1.388
1.218
0.832
1.122
0.895
1.017
0.806
1.009
1.288
0.997
0.691
0.991
0.686
1.069
1.097
1.395
1.361
1.267
0.956
1.155
1.005
0.923
1.220
0.805
0.858
0.925
1.083
1.172
0.789
0.999
1.137
0.969
1.375
1.229
1.263
1.524
1.197
1.071
0.952
1.006
1.336
1.001
0.616
1.069
0.955
0.796
0.935
0.675
0.805
1.061
1.358
1.342
1.291
0.836
0.780
1.137
0.901
0.718
0.811
0.933
0.859
0.996
1.109
1.215
1.430
1.550
1.669
1.189
0.982
1.869
1.097
1.457
1.510
1.578
1.179
0.828
0.968
0.836
0.998
1.120
0.579
0.984
0.795
0.357
0.650
0.834
0.837
0.797
0.957
0.703
0.732
0.542
0.587
1.879
1.790
2.023
2.030
1.726
1.426
1.088
1.122
1.013
1.239
1.021
0.842
1.060
0.750
0.935
1.329
0.916
1.030
0.918
0.903
0.989
0.935
1.565
1.619
0.993
1.293
1.030
1.347
1.288
0.977
1.457
1.575
1.596
1.496
1.696
0.911
0.970
1.185
1.104
0.937
1.178
1.260
1.274
1.051
0.925
1.179
1.068
0.810
1.279
0.895
0.964
0.926
1.320
1.491
0.908
1.136
0.555
0.834
0.947
1.129
1.160
1.066
0.898
1.344
0.950
0.942
1.758
0.936
1.307
1.169
1.129
1.063
0.592
1.017
1.141
1.193
0.999
1.660
1.398
1.033
1.213
0.904
1.045
1.006
1.360
1.164
1.320
1.425
1.280
0.893
1.323
1.264
1.228
1.112
0.778
0.901
1.340
1.571
0.622
1.142
1.844
1.401
1.114
1.308
1.354
0.985
1.061
0.674
1.429
1.364
1.212
1.079
1.683
1.149
1.373
1.209
1.134
1.070
0.908
1.094
1.622
1.319
1.003
0.814
0.922
1.221
1.200
1.429
1.365
1.300
1.604
1.354
1.570
1.040
0.917
1.657
1.143
1.361
1.164
1.418
1.407
1.598
1.944
1.033
0.761
1.562
1.789
0.900
1.067
1.342
1.197
1.698
1.663
1.257
1.134
1.046
1.179
1.706
1.394
1.241
1.732
1.636
1.648
1.221
1.495
0.962
1.483
1.211
1.016
1.405
1.622
1.771
0.977
0.724
1.045
0.993
1.107
1.274
1.277
0.928
1.628
1.411
1.047
1.124
1.192
1.552
1.447
1.302
1.203
1.013
1.113
1.027
0.746
0.841
1.147
1.208
1.331
1.645
1.385
0.994
1.280
1.045
1.015
1.595
1.185
1.559
1.186
1.114
1.344
0.969
1.585
1.302
1.414
1.402
1.253
1.101
0.867
1.146
0.738
0.801
1.314
1.185
1.125
0.944
1.498
1.206
0.858
0.970
1.006
1.338
1.502
1.223
1.483
0.898
0.890
0.903
1.148
1.045
1.540
1.549
1.147
1.168
0.973
1.181
0.959
0.913
1.259
1.116
0.832
1.249
1.561
1.474
1.564
1.225
1.383
1.062
1.231
0.994
0.714
1.081
1.003
0.683
0.916
1.267
1.475
1.592
0.965
1.245
1.301
1.019
1.164
1.037
0.557
0.771
0.820
0.833
1.154
0.549
1.037
0.886
1.122
1.786
1.184
1.210
1.146
1.598
0.978
0.989
1.248
0.851
0.885
1.233
0.951
0.986
0.643
0.988
1.313
1.383
1.698
1.363
1.658
1.616
1.288
1.361
1.168
1.319
1.538
1.214
1.060
1.057
1.022
0.821
0.955
0.907
1.005
0.802
0.889
0.604
1.134
0.689
0.879
0.974
0.923
1.115
0.649
1.042
0.958
0.868
1.062
0.897
0.656
0.599
0.890
1.319
0.887
0.953
0.663
0.684
0.867
0.750
0.646
0.693
0.913
1.014
0.971
1.247
1.529
1.045
1.167
1.213
1.166
1.006
0.857
1.079
1.271
1.012
1.100
0.732
0.913
0.991
0.802
0.649
0.896
0.876
1.660
1.544
0.844
0.879
1.410
1.175
1.356
1.030
2.128
1.380
0.841
0.888
1.001
1.093
0.814
1.156
1.035
0.986
1.089
1.107
0.913
2.181
2.110
1.328
0.739
0.935
1.343
1.409
1.258
1.573
0.903
1.283
0.879
0.848
0.995
1.063
1.076
1.078
1.029
1.575
1.477
1.295
1.088
1.522
1.628
1.512
1.287
1.635
1.377
0.910
0.999
1.266
1.370
1.341
2.375
1.286
1.471
1.357
0.908
0.975
1.333
1.063
1.230
1.352
1.221
1.176
1.565
1.144
1.193
1.596
2.155
1.766
1.432
0.983
0.846
0.770
0.972
1.347
1.313
1.416
1.678
1.266
1.503
0.755
1.003
1.674
1.796
1.823
1.750
1.348
0.900
1.067
1.484
1.258
1.338
0.953
1.104
1.419
1.371
1.795
1.167
1.553
1.004
1.371
1.772
1.289
1.818
1.517
1.749
1.666
1.357
1.242
1.300
0.970
1.320
1.188
1.600
1.401
1.169
1.912
1.378
0.905
1.696
1.224
1.641
1.093
1.342
1.364
1.154
1.148
0.941
1.530
0.990
0.929
1.062
1.048
0.746
1.418
0.906
1.334
1.595
1.089
1.468
1.392
1.147
1.745
1.405
1.203
1.581
1.420
1.453
1.932
1.354
2.063
1.165
1.307
1.265
1.090
1.210
1.333
0.908
1.195
0.902
1.238
0.874
1.250
1.660
1.306
1.577
1.849
1.163
1.156
1.596
1.515
0.959
2.185
1.280
1.551
1.108
1.023
1.148
1.216
1.419
1.593
0.855
1.590
1.600
0.917
0.993
0.848
1.194
1.223
0.941
1.189
1.389
1.335
1.271
0.854
1.479
1.344
1.561
1.498
1.078
1.341
1.460
1.153
1.355
1.834
1.422
1.255
1.182
0.825
0.869
1.023
1.057
0.952
0.932
0.967
1.138
1.055
1.454
0.820
0.889
0.960
1.085
1.312
0.722
0.941
1.276
1.012
0.809
0.789
1.090
0.967
0.758
0.820
1.124
0.894
1.282
1.044
0.979
1.153
1.128
1.035
1.215
1.174
1.202
1.874
1.377
1.882
0.975
1.055
1.058
0.837
0.874
0.880
1.153
0.720
1.320
0.760
0.856
1.277
1.014
1.185
0.707
1.087
1.016
0.452
1.360
1.271
1.001
0.958
1.111
0.793
0.927
0.702
0.888
1.136
1.133
1.035
1.554
0.748
0.925
0.947
0.904
0.673
0.891
0.548
0.769
1.133
0.864
0.960
0.691
1.254
1.282
1.400
1.504
1.138
1.137
0.802
0.871
0.566
1.024
1.123
1.146
1.111
1.900
1.120
0.976
1.235
0.816
0.954
1.344
1.240
1.333
1.347
0.816
0.728
0.871
0.902
0.499
1.161
1.237
1.366
1.143
0.568
0.713
1.128
1.498
1.351
0.753
0.856
0.920
0.622
0.860
0.631
1.040
2.079
1.011
0.542
0.974
0.669
0.820
1.059
1.020
1.303
1.282
0.993
0.822
0.758
0.815
0.638
0.757
0.801
0.693
1.685
1.147
1.352
1.035
0.971
0.569
0.599
0.853
0.515
0.768
1.185
1.185
0.825
0.923
1.039
0.956
0.805
0.975
1.746
1.145
0.913
0.837
0.581
1.005
1.092
1.186
1.102
1.132
1.464
0.925
1.030
0.865
1.078
0.918
0.744
0.693
1.114
0.856
1.091
1.145
1.259
0.865
1.003
0.746
0.975
0.967
1.896
2.243
1.220
0.765
1.223
1.572
1.222
1.245
1.114
0.633
1.109
1.162
1.549
1.190
1.209
0.878
1.174
1.269
0.935
1.113
0.863
1.356
1.653
1.491
1.642
1.760
1.405
1.453
1.556
1.090
1.337
2.100
1.606
0.849
1.186
1.233
1.383
0.950
1.085
1.651
1.419
0.998
1.255
1.494
1.153
1.052
1.006
1.268
1.304
1.765
1.573
0.832
1.294
1.576
1.384
1.145
0.714
0.875
2.055
2.899
1.563
1.797
1.746
1.568
1.361
1.190
1.083
1.618
1.128
1.419
1.321
1.303
1.306
1.311
1.117
1.201
1.367
1.487
1.162
1.362
1.288
0.926
1.292
1.431
2.056
1.434
1.197
1.086
1.079
1.557
1.401
1.039
2.391
1.692
0.972
1.960
1.200
1.125
1.561
1.057
1.442
1.476
1.273
1.463
1.297
1.055
0.975
1.504
0.911
1.500
0.844
1.475
1.118
1.050
1.127
1.387
1.460
0.964
0.970
1.328
0.869
1.143
0.979
1.387
1.049
1.042
1.332
1.390
1.322
1.148
0.976
0.958
1.257
1.315
1.565
1.061
1.264
0.945
1.089
1.020
0.800
1.296
1.349
1.103
0.835
1.361
1.665
1.216
1.348
1.175
1.040
1.334
1.072
1.069
1.099
1.331
1.879
1.048
0.802
1.038
1.266
1.327
1.316
1.425
0.892
0.920
1.326
0.998
1.486
1.006
1.541
1.273
1.280
0.838
0.813
1.374
1.381
1.358
1.158
1.108
0.626
1.315
0.705
0.830
1.079
1.204
1.430
1.131
1.127
0.783
1.000
0.821
0.999
0.849
1.010
1.131
1.055
1.189
0.972
1.062
1.743
1.073
0.885
0.994
0.756
1.029
1.220
1.312
1.529
1.347
0.798
1.043
0.795
1.102
0.961
0.912
0.947
1.073
0.924
0.963
1.236
1.041
1.040
1.053
0.820
1.270
1.283
0.913
1.122
1.218
0.565
0.871
0.585
0.951
0.920
0.923
0.915
0.789
1.099
1.075
1.162
1.162
0.840
1.149
0.515
0.711
0.642
0.657
0.936
1.054
1.081
1.277
0.867
0.579
0.630
0.998
0.977
1.168
1.322
1.061
1.187
1.074
1.218
0.731
0.686
1.076
1.110
1.387
1.003
0.778
0.662
0.697
0.908
1.317
1.044
0.834
0.667
1.205
1.393
1.220
0.949
1.006
0.924
0.689
0.681
1.029
0.882
0.819
1.096
0.902
1.045
1.276
1.368
1.058
1.020
0.922
0.703
0.366
0.830
0.921
1.454
1.055
0.781
1.096
0.819
1.267
0.670
1.672
1.196
1.250
1.141
0.641
0.933
0.769
0.755
0.688
0.895
0.971
0.673
0.943
0.964
0.777
0.813
0.853
0.923
0.556
0.998
1.235
0.935
0.854
0.855
1.164
0.753
0.732
0.713
0.957
1.084
0.708
0.981
1.015
1.432
1.713
1.492
1.799
2.230
2.459
2.075
1.696
0.726
1.078
0.964
1.228
0.705
1.365
0.877
0.850
0.936
1.060
0.775
0.811
1.049
1.093
1.098
0.885
0.985
1.209
1.734
1.492
1.284
0.746
0.745
1.584
0.932
1.727
1.338
1.002
0.996
1.344
2.055
1.871
1.553
1.437
1.512
1.502
1.443
0.917
1.006
1.329
1.304
0.758
1.025
1.025
0.922
1.260
0.908
1.298
1.246
1.092
1.379
0.960
1.708
1.552
1.320
0.831
1.203
1.203
0.886
1.656
1.442
1.529
1.654
0.835
0.944
1.542
1.345
1.223
1.113
1.025
0.996
0.928
1.042
1.400
1.606
1.362
1.304
1.240
0.755
1.179
0.974
1.470
1.321
1.234
1.090
1.174
0.924
1.277
1.200
1.012
1.588
0.938
1.345
1.099
2.175
1.485
1.645
1.013
0.973
1.443
0.905
0.875
1.671
1.153
0.864
1.446
1.028
1.143
1.326
1.253
1.511
1.068
1.048
1.552
1.033
1.365
1.295
1.760
1.353
1.231
1.009
1.548
1.373
1.139
1.195
1.480
0.925
1.178
1.417
1.251
0.802
1.612
0.885
1.372
1.486
1.182
1.908
1.259
1.377
1.193
1.075
1.369
1.304
1.036
0.948
0.953
1.358
1.616
1.162
1.341
1.289
1.281
1.357
1.167
1.257
1.034
1.116
1.400
1.146
1.029
1.084
1.561
1.535
1.224
1.281
1.261
1.120
1.253
1.009
1.054
1.581
1.237
0.997
1.276
1.712
1.337
1.276
1.427
1.427
1.349
1.498
1.531
1.114
1.906
1.432
1.416
1.051
0.911
1.317
1.632
1.183
1.110
1.381
1.598
1.553
1.282
1.151
1.580
1.579
1.355
1.357
1.291
0.885
0.830
0.818
1.080
1.608
1.325
1.616
0.967
1.214
1.257
0.805
1.262
1.173
1.153
0.735
0.888
1.191
1.415
1.481
1.017
1.404
0.878
0.872
1.065
0.997
0.978
0.781
1.163
1.056
0.598
0.973
1.429
1.472
1.045
0.886
0.720
1.013
1.023
1.380
0.976
0.721
0.933
1.182
1.153
0.875
1.039
1.121
1.330
1.123
0.969
0.823
1.148
1.136
0.724
0.560
0.569
0.821
1.012
0.882
1.355
0.913
1.389
1.598
0.962
0.853
0.879
0.786
0.981
1.385
1.188
1.435
1.285
1.103
0.715
0.949
0.595
1.032
1.441
1.053
1.071
0.774
1.080
1.001
0.796
0.723
0.893
0.961
1.317
0.575
0.706
0.741
0.594
1.172
1.007
0.991
0.915
0.770
0.762
0.989
1.246
0.819
0.837
0.862
0.997
0.965
0.944
1.700
2.214
1.055
1.163
1.275
0.903
1.166
0.751
0.713
0.863
0.875
0.898
1.549
1.277
1.148
0.922
1.154
0.885
0.733
0.845
0.805
0.824
0.675
0.797
1.019
0.909
0.622
1.135
1.091
0.837
0.852
1.176
0.799
0.600
1.148
0.959
0.633
0.687
0.842
1.286
0.852
1.350
1.049
1.170
1.116
-99.000
1.271
1.659
1.499
1.130
0.971
1.272
1.053
1.132
0.763
0.703
0.890
1.010
0.845
1.002
1.196
1.091
1.103
0.952
0.578
1.064
1.396
0.961
1.007
1.140
0.598
1.075
1.014
0.767
1.007
0.595
0.909
2.160
2.094
1.549
1.239
1.139
1.699
1.789
1.377
1.322
1.309
0.847
1.128
0.997
1.057
0.717
1.115
1.099
1.014
1.000
0.987
2.110
2.344
1.614
1.067
1.364
1.067
1.051
1.287
1.582
1.352
0.825
0.622
1.003
0.963
1.121
1.035
0.983
1.139
0.895
0.915
1.108
1.598
1.275
0.818
1.438
1.308
1.222
1.337
1.095
0.847
1.373
1.265
1.590
1.465
1.706
1.476
1.594
1.256
0.598
1.073
1.212
0.867
1.422
1.337
1.334
1.004
1.577
1.130
0.962
1.225
1.113
1.153
1.411
1.268
1.348
1.889
1.077
0.912
1.564
1.313
1.028
0.977
1.338
1.273
1.593
1.276
0.919
0.977
1.313
1.377
1.403
1.068
1.052
1.270
1.334
1.690
0.963
1.489
1.127
1.064
1.197
1.544
1.338
1.147
1.434
1.413
1.400
1.178
1.229
1.220
1.490
1.031
1.274
1.448
2.248
1.724
1.156
1.367
1.436
1.598
1.624
1.190
1.338
1.426
1.609
0.996
0.945
1.345
1.165
1.340
1.337
1.504
1.072
2.460
1.444
1.153
1.398
1.159
1.526
1.269
1.188
1.534
1.273
1.411
0.768
0.994
0.819
1.064
1.208
1.147
1.220
0.979
0.980
1.062
1.328
0.939
0.851
1.442
1.347
1.078
1.052
1.210
1.063
0.731
1.538
1.623
1.539
1.736
1.221
1.111
0.717
0.778
0.842
1.004
1.386
1.035
-99.000
-99.000
-99.000
-99.000
-99.000
-99.000
-99.000
-99.000
0.874
0.856
0.951
1.120
1.233
0.605
0.717
1.269
1.164
0.912
0.908
1.146
1.520
1.183
1.196
0.906
0.835
1.196
0.933
1.305
0.965
0.839
1.033
1.135
0.947
1.183
0.919
0.823
1.148
1.090
1.906
1.066
0.670
1.101
1.297
0.975
1.296
1.151
0.961
1.802
1.785
1.606
1.187
1.434
1.500
1.288
1.069
0.941
0.698
0.898
1.037
0.574
1.187
0.946
0.703
0.815
1.238
0.710
0.697
0.946
0.692
0.999
0.920
0.909
0.841
0.783
1.223
1.387
1.534
1.819
1.057
1.334
1.398
1.734
1.655
1.488
1.080
0.634
0.968
0.868
0.640
1.156
0.975
0.652
0.763
1.472
0.974
1.116
0.605
0.987
0.969
1.194
1.890
1.190
1.297
0.807
1.172
0.898
0.736
1.208
1.264
1.238
1.190
0.982
0.863
0.811
0.856
1.515
1.459
0.992
1.022
0.815
0.834
1.008
0.688
0.898
0.530
0.936
0.844
0.801
1.078
1.311
1.119
1.435
1.338
0.951
0.859
0.756
1.477
1.716
0.964
0.500
0.829
1.096
1.478
1.159
0.763
0.928
0.921
1.167
0.637
1.802
1.534
2.270
2.661
1.946
1.112
0.586
0.800
1.215
0.878
0.885
1.056
1.048
1.144
0.664
1.074
0.925
1.604
1.559
1.008
1.234
1.462
1.466
0.926
0.853
1.658
2.189
1.592
1.488
1.385
0.814
1.067
1.021
2.020
1.873
1.488
0.708
0.736
1.028
0.905
0.569
0.488
0.787
1.144
1.088
1.427
1.013
1.133
1.090
0.839
0.668
1.395
1.000
1.104
0.813
1.434
1.328
1.538
1.264
1.727
1.854
1.137
1.486
0.995
1.432
1.318
1.036
1.388
1.069
2.710
2.217
1.092
1.007
1.335
1.615
1.158
1.798
2.114
1.192
0.870
1.415
1.135
1.500
1.919
0.915
1.343
1.321
1.709
1.309
1.575
1.688
2.064
1.690
1.278
1.090
1.136
1.028
1.192
1.070
0.931
1.221
1.198
1.144
1.457
1.113
1.437
1.341
1.515
1.272
1.722
1.503
1.656
1.169
1.583
1.149
1.212
1.729
1.375
1.262
1.036
1.216
1.340
1.155
1.437
1.528
1.285
1.663
1.671
1.589
1.599
1.342
1.503
1.656
1.936
1.256
1.569
1.305
1.435
1.278
1.393
1.179
1.484
1.562
1.875
1.553
1.138
1.707
1.159
1.355
1.652
1.602
0.878
1.526
1.117
1.545
1.403
1.242
1.146
1.497
1.324
1.489
1.296
1.387
1.555
1.105
1.091
1.642
1.909
1.475
1.707
1.755
1.624
1.298
1.063
0.909
1.085
1.335
0.952
1.163
1.387
1.292
1.063
0.849
0.906
1.121
1.112
1.124
1.038
1.088
1.088
1.053
0.902
1.434
1.429
1.625
1.546
1.672
1.372
1.428
1.141
1.283
1.246
1.350
1.406
1.288
0.825
1.371
1.442
1.516
1.682
0.805
0.984
1.263
1.256
0.935
1.217
1.275
1.001
1.434
1.565
1.535
1.178
1.029
1.279
1.109
1.410
1.392
1.784
1.840
1.407
0.915
1.017
1.361
1.377
1.299
1.475
1.510
1.414
0.765
0.957
0.956
0.938
1.046
0.774
1.287
1.110
0.867
0.901
0.971
0.767
0.942
0.912
1.056
1.339
1.063
0.973
0.987
1.108
1.153
1.482
0.783
1.163
1.094
0.936
0.837
0.881
0.839
1.173
0.760
1.017
0.691
0.993
0.856
0.764
0.670
1.071
0.981
1.088
0.952
0.787
0.596
0.855
1.062
1.226
1.276
0.938
1.226
1.307
1.495
1.269
1.154
1.192
1.223
0.744
1.214
1.383
0.970
1.260
1.123
1.524
1.546
0.945
0.731
0.632
1.019
1.051
1.193
0.848
1.220
1.079
1.088
0.803
0.820
0.555
0.933
0.780
0.755
1.158
0.934
0.848
0.614
0.850
0.545
1.198
1.084
0.757
1.495
0.745
0.813
1.337
1.104
1.311
1.351
0.908
1.227
0.612
1.012
0.686
1.214
0.979
0.817
0.711
1.584
2.510
1.633
1.211
1.084
1.129
0.687
1.692
1.519
1.318
1.343
1.040
0.779
0.942
0.862
0.709
0.853
0.940
0.772
0.945
0.776
1.087
0.837
0.754
0.625
1.215
0.901
1.474
1.586
1.300
0.941
1.084
1.116
2.450
1.811
1.047
0.886
1.739
1.596
1.007
0.825
0.835
1.148
2.107
1.506
0.997
0.997
1.548
1.322
1.039
0.969
1.133
1.139
1.420
1.368
1.261
1.079
0.872
1.191
1.277
0.862
1.174
0.727
1.261
0.898
1.027
0.903
0.859
1.305
0.906
0.984
2.166
1.435
1.810
2.501
2.308
1.739
0.975
0.991
0.922
0.935
1.329
0.792
1.347
1.157
0.809
1.930
2.333
2.336
1.670
0.743
0.823
1.133
0.932
1.204
0.827
1.209
1.321
1.287
1.426
1.318
1.055
1.314
0.938
1.737
0.941
0.767
0.906
0.943
1.437
1.422
1.102
1.210
1.080
0.695
0.844
0.961
1.003
1.100
1.066
0.850
1.105
1.389
1.136
1.370
1.298
1.116
1.546
1.482
1.225
1.415
1.275
1.176
1.044
1.511
1.527
1.690
1.027
1.343
1.522
1.016
1.624
1.664
1.716
0.925
1.004
1.162
1.809
1.643
0.963
1.145
1.449
1.306
1.055
1.348
1.270
1.329
2.075
1.044
1.775
1.099
1.659
1.434
1.103
1.395
1.361
1.244
1.002
1.580
1.015
1.059
1.132
1.052
1.150
1.047
1.681
1.041
1.025
1.847
1.615
1.726
1.358
1.979
1.859
1.958
1.407
1.087
1.281
1.418
1.031
1.492
1.417
1.363
0.937
1.544
1.111
1.134
1.702
1.311
1.508
1.101
1.034
0.935
1.086
1.490
1.241
1.266
1.287
1.046
1.310
1.009
1.489
1.275
1.533
1.186
1.694
0.952
0.802
1.634
0.891
1.224
1.025
0.710
1.119
1.319
0.977
1.030
1.120
1.018
1.584
1.002
0.899
1.184
0.993
1.521
1.462
0.814
0.800
1.373
0.932
1.557
1.470
0.958
1.106
0.712
1.169
0.891
0.861
0.752
0.699
1.007
1.117
1.300
1.278
1.528
1.533
0.761
0.671
0.820
0.951
0.680
1.347
1.417
1.311
1.216
1.031
0.608
0.959
0.992
0.781
1.024
0.901
1.173
1.019
0.905
1.178
0.819
0.947
1.117
1.062
1.109
0.948
0.956
1.210
1.364
1.370
1.102
0.757
0.955
0.899
1.107
1.179
1.267
1.758
1.297
0.979
0.906
0.962
0.821
1.183
1.505
1.128
0.627
0.853
1.293
0.872
0.679
0.806
0.721
1.145
1.043
1.224
1.103
0.776
0.763
0.770
0.987
0.984
0.767
0.978
1.111
1.010
1.926
1.125
1.122
1.485
1.213
0.788
0.769
0.922
0.867
0.952
0.887
1.044
1.248
0.792
0.878
0.616
0.811
1.107
1.170
1.086
0.605
0.730
0.880
0.764
1.157
0.926
0.686
0.845
0.723
0.973
0.615
0.621
0.809
0.838
2.010
1.767
1.165
0.891
0.596
1.070
0.742
0.679
0.987
1.049
1.075
0.969
0.994
0.799
1.179
0.858
0.535
2.213
2.489
1.753
1.532
1.492
1.364
1.147
1.047
0.922
0.809
1.292
1.488
1.471
1.735
1.352
1.674
1.144
0.898
0.829
0.894
0.651
1.473
0.713
0.931
0.888
0.785
0.768
0.716
0.849
0.899
0.740
0.954
1.229
1.076
0.883
0.754
1.453
2.267
1.180
1.160
0.832
0.864
1.645
1.552
1.049
0.685
0.910
1.174
1.215
1.082
0.846
1.061
1.742
1.070
1.002
0.801
0.988
0.724
1.908
0.782
2.472
2.535
1.775
1.762
1.328
0.650
0.776
0.749
0.857
0.902
1.755
1.413
0.950
0.865
0.947
0.745
0.753
1.219
1.391
1.456
1.364
1.248
1.060
0.991
1.636
1.394
0.979
1.141
0.996
1.106
0.925
1.153
1.639
0.900
1.103
0.929
1.775
2.010
1.698
1.019
1.109
1.146
1.152
1.120
1.273
1.555
1.192
1.410
1.087
1.052
1.454
1.063
1.158
1.153
1.397
1.633
1.097
1.278
1.393
1.463
1.230
1.299
1.752
1.046
0.983
1.243
1.537
1.919
1.128
1.643
1.165
0.997
2.443
2.065
1.735
1.001
1.037
1.353
2.008
1.516
1.123
1.308
1.585
1.865
1.234
1.426
1.030
1.634
1.094
1.893
0.941
1.181
1.214
1.106
1.403
1.233
1.192
1.407
1.097
0.949
1.733
1.300
1.135
0.829
1.591
1.707
1.309
1.398
1.244
1.196
0.892
1.269
1.670
1.065
1.635
1.504
1.718
1.378
1.754
0.877
1.091
1.287
0.823
1.125
1.456
1.177
1.058
0.737
0.969
1.493
1.304
2.022
1.641
1.180
1.240
1.538
1.597
1.399
0.867
0.722
0.557
0.859
1.062
1.429
1.342
1.218
1.229
1.096
1.349
1.435
1.422
1.530
1.452
1.648
1.652
1.360
1.320
1.420
1.582
1.619
1.501
1.946
0.879
1.000
1.795
1.925
1.353
1.433
1.264
1.401
1.639
0.867
1.028
0.910
0.799
1.000
0.630
0.845
1.009
1.307
0.943
1.131
0.989
1.064
0.945
0.896
1.200
0.936
1.201
1.389
0.982
1.176
1.205
0.810
0.926
1.042
1.259
0.949
1.376
0.782
1.158
0.814
0.938
0.563
0.794
0.773
0.703
0.951
1.127
0.975
0.960
1.056
0.898
0.873
0.756
1.029
1.313
0.909
0.913
1.258
1.130
0.830
0.877
0.610
0.702
0.758
0.844
1.237
1.219
1.013
1.751
1.039
1.027
1.400
1.739
1.414
1.207
0.687
0.994
1.053
1.144
1.014
0.944
0.933
1.127
0.856
0.855
0.741
0.712
0.697
0.930
0.774
1.218
1.191
0.950
0.845
0.732
0.553
0.900
0.741
0.560
0.780
1.039
0.852
1.244
1.223
0.931
0.808
0.797
0.560
0.774
0.962
0.881
1.229
0.719
0.715
0.759
0.911
0.966
1.009
0.834
0.774
1.130
0.882
0.909
1.210
1.466
1.007
2.310
1.132
0.754
1.216
0.834
0.806
0.685
0.977
0.996
1.004
0.920
1.131
1.355
0.882
1.235
1.079
0.928
0.606
0.680
0.571
1.063
1.409
0.966
0.684
0.846
0.814
1.035
0.623
1.219
1.875
2.048
0.796
1.796
2.590
1.691
0.907
0.979
0.952
1.044
1.055
0.989
0.974
0.811
0.692
0.615
0.638
0.898
1.008
1.007
1.383
1.090
0.787
0.870
2.178
1.545
1.242
0.932
1.447
2.076
1.663
0.750
0.516
0.996
1.876
0.871
1.397
0.928
1.028
1.410
0.899
0.801
1.196
1.566
1.142
0.770
1.443
1.532
1.455
0.830
0.947
1.529
1.261
1.539
1.993
1.359
0.876
1.099
0.972
1.353
1.231
0.866
0.885
1.363
2.052
2.751
1.162
0.801
0.523
1.036
1.141
2.557
1.897
2.417
1.714
0.934
0.670
1.081
1.135
1.016
0.886
0.793
1.060
1.288
1.216
1.407
1.320
0.966
1.409
1.818
1.170
1.362
1.115
1.360
1.078
1.899
1.766
1.894
1.331
1.241
0.924
1.247
1.059
1.747
0.826
1.172
0.956
1.330
0.900
1.200
1.060
1.569
1.601
1.174
0.966
1.825
1.702
1.338
2.573
2.703
1.524
1.546
1.277
1.321
1.403
0.944
1.333
0.981
1.435
2.666
1.643
1.001
1.365
1.377
1.698
1.202
1.419
1.039
0.968
1.284
0.702
1.555
1.284
1.004
1.220
1.260
1.455
1.485
1.374
1.931
1.255
1.261
1.187
0.773
1.200
1.735
1.213
1.167
1.195
0.932
1.113
1.201
1.425
1.392
2.015
1.328
1.579
1.312
1.288
1.181
1.535
0.944
1.094
1.405
0.873
1.411
1.521
1.491
1.242
1.600
0.973
1.081
1.138
1.127
1.607
1.136
1.163
1.489
0.856
1.114
0.960
1.128
1.050
1.473
1.007
1.167
1.261
1.289
1.325
1.249
1.395
1.024
1.208
1.210
1.427
1.582
1.678
1.470
1.040
0.934
0.894
0.675
0.798
1.118
1.136
1.136
1.497
1.421
1.169
1.023
0.884
0.683
1.040
1.567
1.114
0.931
1.002
1.280
1.233
1.320
1.182
0.872
1.082
1.387
1.538
1.109
1.147
1.074
0.972
1.333
1.200
1.291
1.098
0.739
1.068
0.791
1.377
1.130
1.417
1.281
1.110
0.916
0.890
1.312
1.337
1.352
1.256
1.023
0.758
0.965
1.286
0.771
0.954
0.936
1.084
1.065
1.269
1.375
0.910
0.580
1.011
0.945
0.663
1.402
1.347
0.916
0.988
0.637
1.127
0.909
1.023
1.262
1.066
0.733
1.075
1.481
1.185
1.200
1.362
1.042
1.096
0.598
0.777
1.210
0.897
0.589
0.839
1.011
0.938
1.054
1.819
1.108
0.937
1.068
0.656
1.132
1.073
0.839
0.855
1.362
1.302
0.954
1.371
1.657
1.623
1.027
1.080
1.615
1.250
0.932
0.863
1.201
1.568
1.386
0.692
0.797
0.878
1.018
0.823
1.049
1.231
0.975
1.223
0.919
1.012
1.334
1.045
1.863
1.628
1.177
0.962
1.049
1.036
1.104
1.140
0.771
0.662
0.721
0.797
0.677
0.528
0.882
0.668
1.221
1.385
1.359
1.201
1.145
0.727
1.076
1.147
0.726
1.242
1.179
0.794
1.046
0.930
1.027
1.027
1.209
0.833
0.820
1.364
1.373
1.413
1.135
0.817
0.812
1.085
0.886
1.165
1.549
1.374
0.943
0.556
1.589
2.270
1.739
1.254
0.930
1.175
1.212
1.154
0.700
1.229
1.107
1.258
1.242
1.406
0.946
0.889
1.416
2.005
1.113
0.939
1.055
1.295
2.045
1.907
1.590
0.983
0.675
0.881
1.166
0.851
0.999
0.627
1.165
1.141
0.967
1.034
1.211
1.996
1.588
0.938
1.215
1.031
1.139
1.401
1.083
1.210
2.188
1.050
0.746
1.168
0.789
1.228
0.829
1.305
1.443
0.850
2.530
2.096
1.050
1.309
1.530
1.605
1.732
1.575
1.001
1.377
1.538
1.588
1.727
1.499
1.307
1.524
1.337
1.570
1.277
1.118
1.404
1.165
1.076
1.044
1.087
1.372
1.051
1.703
1.352
1.523
1.767
1.035
1.090
1.379
1.300
1.316
1.138
1.106
1.175
1.422
1.470
1.187
1.763
1.531
1.491
1.449
1.831
1.341
2.152
1.414
1.445
1.147
1.390
1.190
1.121
1.129
1.481
1.573
1.410
1.661
1.592
1.541
1.808
1.702
1.554
1.099
1.182
2.126
1.000
0.895
1.226
0.971
1.151
1.782
1.658
1.342
1.269
1.099
1.713
0.886
1.412
1.297
1.734
1.110
1.101
1.236
1.322
1.205
0.908
1.092
1.005
1.102
1.379
1.270
1.056
1.696
1.119
1.228
1.093
1.530
1.572
1.981
1.317
1.219
1.088
1.156
1.115
0.994
1.129
0.727
1.080
1.067
1.465
1.386
1.135
1.342
1.150
1.627
1.115
1.433
1.342
1.374
1.072
1.175
1.422
1.539
1.388
1.390
0.996
1.330
1.886
1.099
1.339
1.263
1.309
1.236
1.978
1.410
1.270
1.329
1.960
1.402
1.771
1.213
1.140
1.516
1.678
1.100
1.544
1.297
0.999
1.464
1.016
0.990
1.099
1.137
1.293
1.298
1.524
1.005
1.259
1.478
1.073
1.451
1.655
1.462
1.444
0.707
1.068
0.760
0.674
0.804
1.241
0.879
0.995
1.180
1.555
1.366
1.187
1.242
1.775
1.070
1.226
1.170
1.277
1.144
1.316
1.420
1.460
1.081
0.937
1.648
1.773
1.668
1.136
1.159
1.005
1.029
0.848
1.215
0.843
1.151
1.538
1.619
1.771
1.058
0.717
0.821
0.850
0.851
0.635
0.826
0.856
0.741
1.037
1.021
0.940
0.880
1.208
0.903
0.881
0.800
0.813
0.743
0.752
0.458
0.879
0.936
0.743
0.619
0.650
1.096
1.248
1.336
1.300
1.382
1.121
1.617
1.907
1.360
1.053
0.982
1.011
0.771
0.910
0.973
0.741
0.743
0.916
1.029
0.768
1.000
0.706
1.147
0.952
1.115
1.553
1.252
1.258
0.746
1.061
1.139
1.041
1.085
0.791
0.804
0.761
0.777
0.844
0.985
0.871
1.405
1.640
1.716
0.785
0.703
0.725
0.800
0.922
0.771
0.829
0.931
0.944
1.347
1.141
0.974
0.700
0.930
0.940
1.381
1.025
0.511
0.493
1.198
1.069
0.567
0.977
0.830
1.360
1.661
1.954
1.461
0.868
0.918
1.171
1.268
0.998
1.305
1.308
1.427
1.333
1.238
1.112
1.303
1.544
1.338
1.105
0.854
1.067
0.964
0.904
1.121
1.245
1.164
0.583
0.984
1.249
0.879
0.909
1.074
1.354
1.024
1.170
1.024
0.923
0.826
1.330
0.730
0.663
1.684
2.274
1.431
1.072
0.772
0.670
1.047
1.022
1.424
0.959
0.961
1.344
1.077
2.098
1.191
0.748
1.737
2.638
1.979
0.982
0.969
0.683
0.996
1.500
1.251
1.207
1.070
2.263
1.379
1.446
1.713
1.052
0.776
1.027
1.294
0.932
1.313
1.704
1.296
0.938
1.053
1.188
1.560
1.261
1.107
1.138
1.084
0.962
0.665
1.687
0.971
1.228
0.596
1.056
1.267
1.732
1.242
1.040
1.413
1.751
1.518
0.932
1.135
1.318
1.140
1.078
1.144
0.907
1.215
1.123
1.148
1.837
1.134
1.473
1.306
1.305
1.006
0.961
1.347
1.025
1.448
1.149
2.291
1.387
1.559
1.132
1.252
1.794
1.520
1.318
1.681
1.493
1.045
2.099
1.273
1.378
1.153
1.302
1.018
1.369
1.514
1.350
1.945
1.398
1.135
0.841
0.884
1.331
1.248
1.659
1.168
1.800
1.669
1.693
2.150
1.976
1.916
1.416
1.900
1.615
1.820
2.099
2.572
1.841
1.329
1.373
1.133
1.400
0.809
1.298
0.876
1.204
0.851
1.242
1.390
1.035
0.742
1.427
1.444
1.197
1.682
1.059
0.912
1.231
1.793
1.092
1.224
1.376
1.599
1.483
0.993
0.883
1.106
1.206
1.023
1.153
1.548
1.653
1.113
1.005
0.981
1.163
0.851
1.114
1.459
1.150
1.247
1.569
0.803
0.862
1.215
0.590
0.844
1.192
1.372
2.005
1.809
1.573
0.804
1.324
1.318
0.961
0.986
1.168
1.084
1.199
1.137
1.160
1.021
1.133
0.994
0.725
0.851
0.860
0.828
1.073
0.840
1.143
1.129
1.057
1.177
0.910
0.979
0.883
0.851
0.889
0.837
0.821
0.727
0.690
0.869
1.055
1.112
0.720
0.995
1.443
1.086
1.001
1.549
1.009
0.935
1.129
1.173
1.037
0.808
1.214
0.968
0.639
0.900
0.781
1.526
1.598
0.777
1.121
0.832
0.688
0.950
0.909
0.860
0.620
0.839
0.963
1.134
0.911
0.627
0.745
0.765
0.813
0.730
0.877
0.671
1.013
1.269
1.376
0.937
0.649
0.507
0.774
0.712
0.709
1.125
0.671
0.898
0.731
0.961
1.255
1.296
1.172
0.815
0.478
0.884
1.016
1.045
0.768
0.902
1.168
1.261
0.756
0.909
1.062
0.843
0.744
0.925
0.909
0.804
0.882
0.809
0.913
0.731
0.962
0.939
1.047
0.920
1.254
0.883
0.948
1.029
1.138
1.210
0.999
1.091
0.878
1.550
1.398
0.703
0.601
0.816
0.607
1.050
1.199
1.239
1.489
1.277
2.243
1.440
1.357
1.385
1.119
0.866
0.937
0.808
1.184
0.912
0.660
1.067
1.874
1.888
1.040
1.260
0.669
1.124
1.029
1.013
1.114
0.783
1.083
0.999
0.591
1.168
1.662
1.979
1.423
1.158
0.921
0.951
0.864
0.897
1.771
1.800
0.948
0.907
1.214
0.857
0.928
1.530
1.281
1.423
0.987
1.269
1.445
1.604
1.710
1.293
0.990
1.119
1.135
2.070
1.143
1.023
0.783
0.957
1.175
2.172
2.394
1.600
0.822
0.689
0.850
0.914
0.937
0.964
0.843
1.137
1.317
1.255
0.951
1.260
1.122
0.963
1.731
2.546
1.266
0.659
1.006
1.328
1.216
1.072
1.010
1.287
0.965
1.668
2.248
1.568
0.853
0.700
1.034
1.249
0.975
1.206
1.330
1.159
0.960
0.999
1.077
0.958
1.096
1.436
1.213
1.217
1.495
1.713
1.290
1.550
1.715
1.386
1.464
1.505
1.527
1.925
1.110
0.956
1.033
1.015
1.474
1.280
1.806
1.211
1.446
1.362
1.745
1.515
1.977
1.539
1.357
1.388
1.798
0.920
1.110
1.154
1.583
1.096
1.198
1.530
1.364
1.499
1.349
1.240
1.296
1.253
1.149
1.091
1.450
1.341
1.763
1.541
0.729
1.143
1.600
1.842
1.431
0.908
1.609
1.663
1.144
1.278
1.346
1.310
1.112
1.159
1.145
1.029
0.948
0.938
0.977
1.872
1.579
1.593
1.660
1.675
1.108
1.277
1.066
0.955
1.271
0.991
1.232
0.966
1.417
1.519
0.927
1.045
1.188
1.225
1.232
0.990
1.459
0.781
0.936
1.279
0.889
1.544
1.790
1.473
0.815
1.025
1.087
1.043
0.915
0.786
1.227
0.932
0.942
1.400
0.830
1.860
1.486
1.505
1.472
1.039
0.645
1.109
1.202
1.373
1.142
1.269
1.319
1.572
1.234
1.168
1.100
1.548
1.403
1.316
1.647
1.578
1.341
1.509
1.180
0.530
0.628
0.891
1.792
0.959
1.090
1.058
1.011
0.941
1.383
1.396
1.347
1.259
1.262
1.034
0.821
1.657
0.936
1.384
1.158
1.181
1.271
0.993
0.923
1.169
1.032
0.909
1.278
1.386
0.995
0.964
1.363
1.337
0.754
1.253
1.231
0.665
0.758
0.711
1.241
1.080
0.758
1.122
1.143
0.796
0.696
0.766
0.890
1.399
0.996
1.060
1.173
1.073
0.927
0.817
0.671
0.872
0.718
1.198
1.277
1.419
1.190
0.943
1.281
0.953
0.864
0.762
0.858
1.452
1.385
1.050
0.695
1.030
0.907
0.910
1.037
0.786
0.513
0.733
0.898
1.006
1.478
0.808
1.018
0.612
0.881
0.711
0.755
0.813
0.787
1.148
0.892
1.006
1.378
0.941
0.866
1.105
1.500
0.604
1.008
0.908
0.935
1.393
1.101
0.769
0.755
0.858
0.679
0.786
0.931
0.965
1.023
0.742
0.796
1.248
0.836
0.694
0.836
0.787
0.810
0.952
0.879
0.625
0.867
0.667
0.540
0.974
1.658
2.016
1.508
1.333
0.865
1.282
1.128
1.244
1.070
1.000
1.117
1.075
0.811
0.779
1.008
1.195
1.158
0.531
1.481
0.949
0.892
1.107
0.838
0.788
1.016
1.279
0.823
1.224
1.781
1.372
0.809
1.060
0.843
1.031
0.971
0.896
1.098
1.201
1.337
1.485
1.259
1.376
1.250
1.433
1.893
2.277
1.303
1.112
1.004
1.320
1.166
0.685
1.354
1.628
1.673
0.972
1.094
1.120
2.748
2.258
1.606
0.629
0.609
0.906
0.762
0.875
0.910
1.096
1.440
1.658
1.769
1.406
1.219
1.347
0.884
1.073
1.222
0.950
1.008
0.906
0.828
1.169
1.186
1.596
1.635
0.975
1.087
1.288
1.715
1.622
1.974
2.340
1.162
0.862
0.948
1.239
1.673
1.138
0.913
0.832
0.798
1.050
1.581
1.163
1.376
1.305
1.364
0.807
1.054
1.443
1.044
1.019
1.271
1.310
1.331
1.136
1.174
1.274
1.229
1.604
2.050
1.501
1.088
1.078
1.302
1.436
1.277
1.031
1.295
0.923
1.150
1.298
1.223
1.190
1.238
1.551
1.398
1.359
1.147
1.566
1.623
1.378
1.564
0.998
1.225
1.057
1.466
1.311
1.210
1.141
1.281
1.363
1.077
1.175
1.290
1.540
1.138
1.753
1.652
1.354
0.999
1.539
0.917
0.865
1.417
1.022
1.415
1.334
1.644
1.583
1.310
1.544
1.055
1.362
1.127
1.289
1.088
1.510
1.046
1.100
1.414
1.053
1.585
1.529
1.124
1.001
1.457
1.331
1.928
1.207
1.101
1.202
1.278
1.452
1.848
1.562
1.218
1.704
1.384
1.358
1.295
0.998
1.226
0.782
0.892
1.443
1.507
1.216
0.920
1.138
0.950
1.033
1.014
1.114
0.923
0.962
1.052
0.967
1.214
0.901
0.824
1.190
1.419
1.608
1.487
1.319
0.828
0.620
0.807
1.292
1.310
0.676
1.064
0.703
1.328
1.351
1.480
1.615
1.376
1.530
1.266
1.488
1.571
1.494
1.293
1.024
1.201
1.184
0.884
1.274
1.088
0.664
0.909
0.837
0.819
1.027
1.138
1.116
1.036
1.127
0.893
1.099
1.180
1.228
1.359
1.468
1.316
0.933
1.357
0.820
0.942
1.062
0.695
1.344
1.422
1.420
1.371
1.141
1.374
1.279
1.251
1.279
0.965
0.767
1.085
1.627
0.876
1.521
0.879
1.257
1.317
1.133
0.627
0.830
0.637
0.846
0.599
0.543
0.669
0.764
0.918
0.904
1.017
1.200
0.686
0.620
0.780
1.461
1.013
0.553
0.824
0.826
0.806
0.711
0.910
1.131
1.168
1.052
1.501
1.371
1.160
1.180
0.769
1.231
0.666
0.940
0.994
0.891
0.552
0.654
0.953
0.946
1.160
0.970
1.843
2.383
1.369
1.165
1.158
1.080
1.254
1.294
1.206
0.621
2.021
1.745
1.456
0.713
1.142
0.788
0.902
0.742
0.722
0.660
0.669
0.718
0.694
0.960
1.269
1.241
1.204
1.367
0.965
0.867
1.089
0.881
0.934
1.094
0.872
0.838
0.806
1.944
1.852
1.121
1.152
0.906
0.928
1.546
1.886
1.858
1.454
1.449
1.358
1.211
0.969
0.808
0.971
1.376
1.553
0.971
0.903
1.278
0.799
0.972
1.044
0.836
1.058
0.848
1.364
0.830
1.195
1.249
1.247
2.224
1.633
1.320
0.977
0.932
1.661
0.967
1.424
1.058
1.307
1.447
1.566
0.893
1.066
0.915
1.259
1.283
1.453
1.115
1.105
1.338
1.181
1.067
1.043
0.849
0.946
0.946
0.937
1.088
1.105
1.059
1.662
2.536
1.347
1.035
1.335
1.055
1.095
1.154
1.654
1.264
1.319
0.819
0.916
1.039
1.839
1.244
2.278
1.614
1.005
0.923
1.036
1.099
1.133
1.339
1.064
1.387
1.380
1.204
1.917
2.109
2.454
1.681
0.697
0.900
1.196
0.703
0.502
0.860
1.167
1.345
0.682
1.083
1.157
1.062
1.663
1.287
1.778
1.482
1.541
1.001
1.500
1.335
1.494
1.504
1.238
1.133
1.067
1.047
1.122
1.193
1.969
1.920
2.641
1.739
0.986
1.148
1.369
1.510
1.493
1.428
1.074
1.921
2.199
1.200
1.379
1.347
1.686
1.289
1.882
1.430
1.387
1.074
1.114
1.150
1.347
1.813
1.517
1.170
1.303
0.902
1.254
1.819
1.371
1.502
1.117
1.404
1.069
1.489
1.383
1.390
1.024
0.998
1.304
1.358
1.117
1.056
1.773
1.230
1.140
1.282
1.026
1.640
1.290
1.330
1.485
1.067
1.484
0.687
1.154
1.436
1.722
1.519
1.336
0.812
1.394
1.563
1.530
1.307
1.272
1.140
1.000
1.115
1.155
1.346
1.151
0.966
0.881
0.791
1.202
1.080
0.936
1.157
1.221
1.788
1.393
1.390
0.810
1.059
1.170
1.564
1.048
0.900
0.971
0.972
1.590
1.475
1.046
0.981
0.836
1.527
1.163
1.109
1.222
0.867
0.908
0.978
0.987
1.327
1.687
1.419
1.768
1.562
1.501
1.198
1.081
1.347
1.609
1.094
0.870
1.009
1.098
1.008
0.828
0.751
0.681
1.093
0.991
0.930
0.781
0.947
0.960
0.877
0.932
1.008
1.074
0.942
0.726
1.040
1.667
2.305
1.895
1.511
1.154
1.178
0.955
0.781
0.820
1.314
1.029
0.882
0.742
1.139
0.909
0.834
0.880
1.302
1.262
1.197
0.915
0.549
0.854
0.819
0.930
1.090
0.862
1.184
1.200
0.998
0.906
1.099
0.984
0.825
0.875
0.826
0.672
1.120
1.276
1.600
1.509
1.083
0.901
0.611
0.736
0.657
0.975
1.121
0.794
1.217
1.079
1.244
1.503
1.052
0.651
0.669
0.951
0.940
0.848
0.744
0.690
1.155
1.091
1.254
0.901
0.918
1.362
0.872
0.878
1.177
0.629
0.916
1.303
1.096
1.423
1.652
1.853
1.209
1.002
0.752
0.614
0.835
0.880
0.866
1.572
1.251
1.180
1.362
1.083
1.398
1.445
1.634
0.905
0.851
0.801
0.842
0.835
0.788
1.517
1.127
1.265
0.736
0.547
1.032
1.002
0.779
1.244
0.993
0.879
0.905
0.754
0.826
0.768
1.015
1.538
1.095
0.900
0.950
0.968
2.161
2.208
1.874
1.929
1.671
1.169
0.837
1.365
1.386
1.142
0.851
0.947
0.837
0.809
1.402
0.814
1.014
0.779
1.258
1.321
1.568
1.429
1.606
1.301
0.704
1.319
0.971
3.081
2.367
1.583
0.901
1.276
0.695
1.092
1.021
0.906
1.119
0.812
1.184
2.018
2.083
1.627
0.635
0.607
1.554
1.522
1.163
1.040
1.139
0.702
1.628
1.898
1.286
0.782
1.427
0.727
1.202
1.796
2.209
1.577
1.525
1.375
0.954
1.425
1.092
1.271
1.311
0.828
1.352
1.251
1.185
1.562
1.388
1.487
1.604
1.115
1.817
1.129
1.297
1.268
1.335
1.292
1.297
1.013
1.151
1.015
0.670
0.590
1.578
1.730
1.385
1.123
1.362
1.344
2.187
1.459
0.975
1.880
1.416
1.425
1.186
2.861
1.919
1.085
1.189
1.066
0.994
1.192
1.126
1.361
1.607
1.132
1.519
1.524
1.164
0.787
0.987
1.360
1.988
1.242
1.829
1.223
1.607
1.398
1.166
1.689
1.046
1.347
1.113
1.209
1.381
1.533
1.884
1.023
1.124
1.906
2.096
1.320
1.587
2.211
1.427
0.950
0.985
1.582
0.924
1.415
1.273
1.527
1.012
1.026
0.913
1.313
1.362
1.253
1.557
1.274
1.134
1.030
1.428
1.154
1.265
1.302
1.481
1.246
1.638
1.567
1.695
2.057
0.856
0.882
1.203
1.254
0.872
1.088
1.385
1.009
0.990
1.057
1.154
0.798
1.311
1.297
1.070
0.938
0.705
0.842
0.952
1.257
1.027
1.273
1.221
1.305
1.202
1.277
1.112
0.852
0.927
1.147
1.469
1.330
1.629
1.801
1.486
1.831
1.644
1.320
1.306
1.291
1.194
1.879
1.508
1.349
1.033
1.174
1.071
0.848
1.283
1.544
1.425
1.447
1.037
0.917
0.826
0.972
1.398
1.076
1.052
1.069
0.764
1.048
1.448
1.470
1.927
0.985
0.795
0.808
1.120
1.254
1.320
1.433
1.514
1.472
1.571
1.443
0.996
1.509
1.666
1.137
0.877
1.328
1.092
1.284
1.297
0.630
0.920
0.906
1.279
0.908
0.961
1.067
1.060
1.239
0.619
1.157
0.765
1.031
1.909
0.736
1.103
1.059
1.026
0.871
0.997
1.128
1.217
0.959
1.877
1.217
0.701
0.757
0.807
0.814
0.847
0.728
1.137
0.808
0.781
0.814
0.513
0.752
0.819
0.805
0.865
1.286
1.480
0.990
1.143
0.774
0.666
0.924
1.404
1.529
1.304
1.246
1.243
1.285
1.016
0.801
1.242
1.257
1.385
1.690
1.063
0.747
1.431
1.069
1.017
1.001
0.601
0.929
0.672
0.837
0.992
0.859
0.657
0.603
0.957
1.148
1.132
1.121
1.041
0.600
1.050
0.852
0.864
0.830
1.133
1.644
1.568
1.636
1.454
1.329
1.357
1.392
0.865
0.623
0.905
1.058
0.798
0.568
0.772
0.759
0.742
1.004
1.093
1.280
2.107
1.615
1.910
1.473
0.932
1.072
0.921
0.638
0.974
1.101
0.962
1.127
1.403
1.497
1.221
0.930
2.020
1.424
0.528
1.020
1.164
1.299
1.325
1.188
1.015
1.055
0.978
1.330
1.125
1.258
1.255
1.225
1.444
1.378
1.328
0.910
0.979
1.096
1.496
1.236
1.613
1.139
0.855
1.321
0.584
1.048
1.094
0.789
0.896
1.200
0.986
1.154
1.007
0.925
1.327
0.957
1.542
1.548
1.525
1.934
0.803
1.178
1.070
1.483
1.157
0.749
0.857
0.987
1.134
1.126
1.143
1.326
1.506
1.074
2.322
1.702
2.060
2.276
2.181
1.659
1.224
0.883
1.167
1.308
1.321
1.452
1.412
1.033
1.047
1.189
1.099
1.142
0.951
1.263
1.190
1.587
1.331
1.154
1.223
1.362
1.310
1.281
1.041
1.740
1.466
1.433
1.345
1.445
1.316
1.614
1.321
1.183
1.440
1.630
1.108
0.825
1.031
0.961
1.387
1.090
1.279
1.532
1.682
1.252
1.378
0.961
1.721
1.697
1.109
1.423
1.607
0.915
1.375
1.418
1.612
1.533
1.191
1.188
1.485
0.841
1.407
1.378
1.603
1.089
1.096
1.272
1.192
1.327
1.722
1.833
1.008
1.361
1.098
1.270
1.675
1.435
1.132
1.539
1.393
1.161
1.042
1.620
1.030
1.516
0.639
1.492
1.064
1.026
1.175
1.000
1.622
1.944
1.769
1.924
1.993
1.195
1.033
1.023
1.093
1.396
0.829
1.442
1.401
1.192
0.964
1.259
0.974
1.603
1.504
1.193
1.292
1.520
1.460
1.644
0.964
1.017
0.794
0.949
0.884
1.169
1.352
1.104
2.024
1.796
1.490
1.046
1.167
1.262
1.121
0.791
0.709
0.884
0.794
1.246
0.706
1.155
1.456
1.069
1.292
1.650
1.219
1.350
0.893
0.872
0.656
1.061
1.160
1.130
1.566
1.429
0.737
0.866
0.954
0.918
0.959
0.940
1.325
0.691
0.898
1.154
0.748
0.846
0.956
1.304
1.212
0.792
1.083
0.766
0.656
0.968
0.826
1.010
1.081
1.283
0.902
0.899
1.440
1.568
0.580
1.023
1.062
1.399
1.337
0.843
1.895
1.461
1.329
1.502
1.513
1.352
1.380
1.571
1.389
0.714
1.039
0.725
1.010
1.332
1.389
1.250
1.523
1.220
0.638
0.444
1.260
0.955
0.799
0.684
0.669
0.839
0.977
0.938
1.351
0.926
1.206
1.053
0.693
0.987
0.913
0.941
0.657
0.766
0.800
0.862
0.825
0.833
1.053
0.912
1.025
1.002
0.812
0.809
0.816
0.701
1.797
1.884
1.211
0.865
0.902
1.056
1.039
0.794
1.182
0.979
0.680
0.793
0.708
0.751
0.996
0.632
1.711
1.229
1.070
0.871
0.672
0.804
1.064
0.735
0.752
1.176
1.217
1.089
1.676
1.239
1.270
1.173
1.038
1.929
1.730
1.653
1.358
1.119
0.524
1.079
0.877
0.845
0.635
1.388
2.645
2.124
1.910
1.538
1.242
0.881
0.960
0.824
1.254
1.054
0.925
0.446
0.668
0.655
2.120
1.426
1.187
2.102
1.635
1.467
1.248
0.987
0.969
0.890
1.170
1.448
0.962
1.616
1.510
1.330
0.750
1.169
1.465
1.411
1.028
0.937
1.299
1.220
1.015
1.558
2.528
1.416
1.000
0.788
0.852
0.908
1.201
0.687
1.015
0.623
1.111
1.037
0.949
0.985
1.006
2.170
1.959
1.619
1.382
1.118
0.982
0.867
0.935
1.395
1.398
1.104
0.914
0.694
1.010
1.190
0.995
1.132
0.897
0.818
1.321
1.319
1.056
1.171
1.337
1.221
1.431
1.284
1.079
1.098
1.035
1.248
1.088
1.058
0.938
1.236
1.054
1.183
1.087
1.213
1.864
1.424
0.809
1.256
1.419
1.323
1.554
1.577
1.072
1.718
0.717
1.140
2.470
1.475
0.818
1.619
1.450
1.237
1.293
1.814
1.427
1.217
0.934
1.364
1.274
1.547
1.464
1.232
1.177
1.206
1.351
1.590
1.569
2.258
2.751
1.849
1.258
1.302
1.532
1.556
1.760
1.682
1.291
1.473
1.130
1.024
0.855
1.456
1.228
1.207
1.043
1.271
1.427
1.729
1.168
1.550
1.454
1.064
1.261
1.623
0.937
1.293
1.169
1.471
1.027
1.186
0.994
1.284
0.939
1.541
1.409
1.087
1.364
1.227
1.012
1.137
0.931
1.373
1.265
0.750
1.000
1.347
1.207
1.209
1.533
1.154
1.333
0.785
0.730
0.917
1.143
1.474
1.808
1.352
1.147
1.194
1.230
0.877
1.266
1.376
1.027
0.907
0.960
1.519
1.479
1.388
0.920
1.138
1.381
1.001
0.943
1.004
1.386
0.537
0.938
1.102
1.280
1.071
0.711
1.374
1.631
1.311
1.523
1.544
1.295
1.664
1.833
1.583
1.275
1.142
1.040
0.759
0.994
1.341
0.889
0.550
1.427
1.530
1.910
1.810
1.524
1.479
0.979
1.008
0.807
0.787
1.219
1.231
2.813
1.358
0.773
1.062
1.193
1.160
0.755
0.588
0.827
0.996
0.812
1.013
0.669
0.838
0.718
0.970
1.012
0.999
1.403
1.039
1.118
0.915
0.938
0.791
0.938
1.141
0.898
0.680
1.063
0.912
1.012
1.279
0.887
0.650
0.536
0.737
1.225
1.111
0.768
0.716
0.671
1.215
1.066
1.517
0.978
0.738
1.100
1.125
1.592
0.712
1.066
1.704
1.667
1.620
1.792
1.432
0.925
1.025
1.170
0.778
1.041
1.172
0.848
1.020
1.214
0.949
1.180
0.961
0.840
0.705
1.051
0.821
0.605
0.770
1.269
1.327
1.414
0.920
0.989
0.998
1.104
1.321
1.299
0.921
0.824
0.705
1.220
1.133
0.796
0.679
0.689
0.741
0.900
0.907
2.538
1.710
0.996
0.840
0.905
0.899
0.734
1.168
0.895
1.162
0.795
0.688
1.434
1.388
0.694
0.988
0.415
0.761
0.936
0.996
0.912
1.096
1.232
0.877
1.270
1.101
1.506
1.157
1.211
1.023
0.844
0.815
1.650
2.021
1.563
1.032
1.378
0.952
1.010
1.086
0.901
0.724
0.768
1.381
1.699
0.834
0.903
0.799
1.102
1.345
1.733
1.446
1.217
0.658
1.489
1.525
0.846
1.049
0.935
1.047
0.945
0.947
0.699
0.681
1.301
0.757
1.076
1.030
0.981
1.179
0.976
0.842
1.114
0.946
0.778
1.123
0.950
1.190
1.047
2.804
1.588
1.163
0.901
0.662
0.611
0.662
0.860
1.050
1.066
1.125
0.727
1.066
0.935
0.902
1.032
1.027
1.043
1.181
1.475
1.213
0.867
0.941
1.383
1.183
0.989
2.063
1.580
1.628
1.114
1.294
1.061
1.469
1.073
1.784
1.481
1.269
0.649
1.151
1.093
1.839
3.171
1.803
0.922
0.796
0.763
0.898
0.945
1.427
1.118
0.786
1.165
1.130
0.948
1.427
1.477
1.144
1.275
1.468
1.253
1.240
1.725
1.476
2.082
1.974
2.000
2.238
1.438
1.103
0.834
1.230
1.516
1.969
2.020
1.244
0.990
1.116
1.027
0.821
0.996
1.108
1.513
1.273
1.129
1.073
1.357
0.823
0.933
1.322
0.831
1.968
2.571
1.690
0.849
1.426
1.123
1.033
1.289
1.225
1.265
1.209
1.322
1.436
1.568
1.599
1.366
1.146
1.166
1.132
1.215
1.587
1.329
1.699
1.615
1.824
1.239
1.448
1.288
1.115
1.786
1.540
1.620
1.056
1.574
1.290
1.499
1.556
2.490
2.434
1.263
1.200
1.199
0.976
0.749
0.893
1.215
1.543
1.341
1.183
1.140
1.077
1.147
0.994
1.343
1.075
0.749
0.998
0.845
1.362
1.393
1.587
0.902
1.384
1.597
1.294
0.756
1.366
0.923
0.891
0.893
1.242
1.401
1.176
0.639
0.862
1.222
1.372
1.196
1.048
0.989
1.177
1.497
1.656
1.374
1.322
0.904
1.359
1.296
1.282
0.926
1.354
1.362
0.861
1.430
0.965
1.113
1.045
0.966
1.230
0.941
1.271
1.493
1.458
1.499
1.788
1.496
1.160
0.964
1.161
1.415
1.685
1.626
1.296
1.594
1.228
0.892
0.722
0.914
1.621
1.265
1.587
0.504
1.284
1.554
1.818
1.634
1.269
1.040
1.350
1.521
1.003
0.940
1.733
1.328
0.956
0.969
1.607
0.901
0.785
1.096
1.192
1.274
1.259
0.859
0.792
0.723
0.903
1.394
1.299
1.157
0.915
0.946
1.170
1.122
0.866
0.948
1.028
1.096
1.251
1.220
1.371
1.872
1.959
1.665
1.097
1.335
1.521
1.213
1.020
0.763
1.137
1.103
0.841
0.739
0.885
1.018
1.646
1.182
1.074
1.301
0.943
0.936
0.939
1.562
1.193
0.572
0.871
0.784
0.983
0.598
0.941
1.331
1.330
0.825
0.836
1.083
0.968
1.272
0.963
1.307
1.439
1.127
1.180
1.119
0.894
0.914
0.855
1.072
0.828
0.630
0.931
1.075
0.734
0.681
0.807
0.816
1.068
1.110
1.000
1.009
0.759
0.867
1.052
0.783
0.839
1.091
1.242
1.064
1.595
1.464
1.685
1.321
1.015
1.209
0.963
1.111
0.964
0.754
1.187
0.768
0.857
0.948
1.048
0.923
1.221
1.094
1.338
0.831
0.770
1.371
0.982
0.686
0.585
1.133
1.231
1.141
1.085
0.990
1.208
1.005
0.998
1.328
1.513
1.132
0.699
1.255
1.236
0.806
0.986
1.046
1.448
1.112
0.937
1.280
1.067
1.399
1.300
0.530
1.214
1.454
1.278
1.513
1.069
2.378
2.450
1.424
0.933
0.450
1.224
1.040
0.961
1.556
1.117
1.410
2.006
1.675
0.993
1.562
1.120
1.077
0.714
1.009
1.101
1.164
0.971
1.176
1.322
0.737
1.013
1.154
1.225
0.981
1.295
1.361
1.441
1.011
1.377
1.152
1.100
0.798
1.096
1.301
1.217
1.377
1.199
1.252
1.422
1.271
1.498
1.553
1.782
1.715
1.375
1.620
1.296
1.095
1.499
1.223
1.174
1.455
1.494
2.035
1.323
1.377
1.681
1.908
1.437
1.364
1.035
0.861
1.212
1.559
1.070
1.156
1.093
1.475
1.286
1.717
1.959
1.769
1.602
0.842
1.298
1.309
1.048
1.444
1.685
1.765
1.659
1.537
0.827
1.536
1.087
1.025
1.149
1.181
1.588
1.726
1.111
1.129
1.032
1.028
1.256
1.465
1.233
1.475
1.084
1.363
1.455
1.196
1.384
1.361
0.971
1.613
1.246
1.079
1.533
1.469
1.467
1.146
1.339
1.686
1.341
1.169
1.293
1.421
1.499
1.830
1.405
1.053
2.553
1.803
1.286
1.938
1.270
1.174
1.166
1.049
0.997
1.152
1.143
0.985
1.493
1.300
1.222
1.060
1.594
1.627
1.410
1.669
1.332
1.706
1.420
1.877
1.186
2.003
1.974
1.614
2.358
2.149
1.296
1.491
1.028
1.139
1.427
1.808
1.469
1.412
1.550
1.318
1.446
1.742
1.365
0.995
1.254
1.481
1.134
1.449
1.364
1.596
1.200
1.523
2.351
1.977
1.376
1.059
1.624
0.790
0.953
0.871
0.869
0.788
0.837
0.679
0.817
0.688
0.851
1.142
0.947
0.587
0.904
0.950
1.169
1.237
1.354
1.410
1.466
1.539
1.886
1.594
1.439
0.867
0.816
1.158
1.132
1.136
1.336
0.929
0.971
1.201
1.070
0.981
1.188
1.123
0.839
1.143
0.973
0.715
0.742
0.935
0.887
0.914
0.935
0.671
1.017
0.859
0.919
0.840
0.934
1.241
1.032
1.116
0.868
1.009
1.308
1.221
1.659
1.338
1.201
0.555
0.803
0.738
0.749
0.885
0.826
0.709
1.066
1.005
0.856
0.792
0.871
1.119
0.896
0.948
1.197
0.858
0.611
0.760
1.294
0.865
0.695
0.935
0.933
0.851
0.724
0.646
1.012
1.054
0.801
1.022
0.976
0.779
0.951
1.160
1.304
1.386
1.410
1.642
1.225
1.023
1.443
1.191
0.948
1.125
1.077
1.012
0.828
0.947
1.279
1.242
1.278
1.094
1.112
1.070
0.991
1.138
0.831
1.224
1.713
1.530
0.885
0.912
0.937
1.261
0.902
1.003
1.012
1.383
1.212
0.957
1.545
1.251
1.053
0.654
0.925
1.067
0.937
0.845
1.011
1.138
1.081
0.807
0.806
0.960
0.719
1.076
0.907
1.169
0.814
0.969
0.994
1.247
1.022
1.336
2.774
2.034
2.014
1.647
1.429
0.975
0.817
0.860
1.538
2.122
1.281
0.657
0.783
1.097
1.285
1.306
1.370
0.980
1.215
1.151
1.210
1.356
1.305
1.078
0.983
0.869
0.734
1.163
1.215
1.251
1.198
1.261
1.394
1.134
0.833
1.159
0.886
1.036
1.178
2.302
2.534
0.893
1.000
1.116
0.589
1.005
1.120
1.171
0.804
0.975
1.497
1.753
1.196
1.432
1.187
1.095
0.747
0.733
0.876
1.218
1.302
1.082
1.059
1.838
2.142
1.548
0.992
1.545
1.501
1.759
1.568
1.550
1.176
1.120
1.423
1.163
1.256
1.338
1.321
1.363
0.992
1.290
1.431
0.831
1.064
0.930
1.062
1.215
0.836
1.127
1.878
1.584
1.105
1.088
1.270
0.828
1.200
1.570
1.463
1.324
1.485
1.219
1.314
1.250
1.516
1.838
1.763
1.230
1.763
1.227
1.044
1.580
1.518
1.085
0.938
1.205
1.238
1.556
0.806
1.155
1.049
1.221
1.281
1.223
1.390
1.296
1.387
0.896
1.294
0.989
1.251
1.137
1.208
1.025
1.263
1.530
1.217
1.196
0.802
1.073
1.096
1.364
1.267
1.606
1.272
1.417
1.312
1.401
1.283
1.568
1.526
1.138
1.302
0.770
0.869
0.934
1.363
1.240
1.218
1.644
1.079
1.093
1.094
1.209
1.095
0.818
1.297
0.837
1.280
0.980
1.293
1.023
1.189
0.675
0.958
1.079
0.746
0.998
0.714
0.652
1.047
1.102
0.767
0.738
0.637
0.915
1.036
0.614
1.303
2.012
0.964
1.039
1.004
1.136
0.926
1.163
1.133
1.181
0.840
1.068
1.417
1.601
1.511
1.214
0.984
1.020
1.330
1.320
1.426
1.324
1.285
1.334
1.540
0.906
1.100
1.427
1.236
1.174
0.949
0.912
1.193
1.155
1.147
0.941
0.852
0.872
0.781
0.692
0.614
1.098
1.141
1.200
1.350
0.791
0.800
0.710
0.970
0.734
1.200
0.715
0.653
1.067
1.121
0.908
0.715
0.838
1.190
0.733
0.792
0.961
0.912
0.807
0.918
1.333
1.459
1.350
0.780
0.921
0.901
0.698
0.840
0.803
0.785
0.740
0.772
0.746
1.069
0.770
0.602
0.800
0.984
1.055
0.860
0.693
0.830
0.695
1.000
0.997
1.107
1.208
0.970
0.828
0.992
0.805
0.874
0.913
0.917
1.376
1.253
0.784
0.994
0.748
0.772
0.933
1.191
1.021
1.068
1.190
0.819
0.674
1.591
1.330
0.661
0.946
0.829
0.936
0.821
0.909
0.932
0.905
1.086
0.901
0.798
1.068
1.081
1.109
1.003
0.902
0.803
1.094
1.131
0.813
0.904
1.259
1.127
1.119
0.926
0.881
0.708
0.777
0.918
0.824
0.928
1.066
1.433
1.408
1.266
0.863
1.749
0.816
0.975
0.663
0.921
1.077
1.313
1.165
1.080
0.807
0.593
0.913
0.817
1.059
1.168
1.375
1.322
1.092
1.075
0.943
1.030
0.638
0.928
1.204
1.756
1.388
0.760
1.064
1.592
1.671
1.388
1.905
1.912
1.807
1.731
1.204
1.007
1.400
1.045
1.037
1.075
1.203
0.953
1.110
1.232
0.847
1.091
1.388
0.544
1.093
0.917
0.743
1.583
1.198
0.816
0.898
0.975
1.014
1.120
1.277
1.733
1.133
1.537
1.249
1.254
1.146
0.861
2.089
1.029
1.072
1.312
1.391
1.260
1.395
1.058
1.137
1.193
1.128
1.171
1.159
1.206
1.257
1.109
1.040
1.203
1.012
1.098
1.080
1.542
1.235
1.263
1.229
1.006
1.034
1.293
1.767
0.931
1.387
1.571
1.175
0.941
0.913
1.903
1.505
1.060
1.384
1.470
1.580
1.474
1.082
1.003
1.330
1.250
1.244
1.509
1.320
1.466
1.063
0.881
1.224
1.377
1.464
1.308
1.415
1.516
1.775
1.056
1.099
1.303
1.410
1.146
1.511
0.907
1.369
1.321
1.091
1.188
1.145
1.429
1.201
1.263
1.164
1.019
1.174
1.296
1.514
1.518
1.336
1.274
1.050
1.238
1.030
1.614
1.139
1.407
0.975
1.271
1.380
1.096
1.477
0.969
0.899
0.728
0.846
1.084
1.578
1.417
2.056
1.703
1.128
1.443
1.334
1.076
0.850
1.077
0.729
1.193
1.018
1.436
1.563
1.673
1.199
1.102
0.990
1.385
1.259
1.319
1.435
1.254
1.361
1.211
1.766
1.503
1.256
1.151
1.101
0.918
1.406
1.178
1.799
1.489
1.596
1.262
0.680
0.892
0.933
1.464
1.280
0.695
0.736
0.937
1.335
1.169
1.308
1.095
0.936
0.695
0.789
0.727
1.160
1.249
1.359
1.110
1.310
1.115
1.635
1.559
1.582
1.656
1.380
1.679
1.594
1.558
1.065
0.940
1.249
1.125
0.780
1.109
1.130
1.162
1.299
1.745
1.577
1.405
1.783
1.191
1.019
0.995
0.884
1.134
0.804
0.876
0.746
0.965
1.069
1.086
0.826
0.689
1.174
1.136
0.622
0.584
0.687
0.934
1.153
1.057
1.030
0.989
0.859
1.198
0.749
0.814
1.177
0.940
0.830
1.708
1.296
1.187
0.908
0.679
0.904
1.076
1.198
0.859
1.164
0.797
1.121
0.651
0.807
0.542
0.805
0.810
0.691
0.928
0.817
1.187
0.884
1.087
1.002
1.086
0.867
0.785
1.121
1.094
1.130
1.408
1.556
1.177
0.839
0.826
1.038
1.130
1.129
0.941
1.285
0.754
0.801
0.904
0.793
1.107
0.629
0.885
1.054
1.823
2.255
1.776
1.702
0.974
0.864
0.760
1.713
1.063
1.244
1.283
1.099
1.267
1.172
0.970
0.806
0.689
0.839
1.055
0.878
0.641
1.015
1.133
0.897
0.597
1.628
1.692
1.320
0.803
0.932
0.822
1.167
0.990
0.703
0.936
0.772
1.064
1.211
1.295
0.780
1.382
1.575
0.906
1.278
1.006
0.859
0.895
1.011
1.023
0.810
0.654
0.692
0.977
0.904
0.788
1.246
0.518
1.013
1.319
1.167
0.948
1.044
0.964
0.833
0.885
0.874
0.907
1.036
0.826
1.150
1.301
1.297
1.175
1.091
0.847
0.706
0.891
0.902
0.821
1.141
1.226
0.898
1.122
1.032
0.867
1.330
1.221
1.045
1.238
0.889
0.985
2.170
2.181
1.624
0.919
0.893
1.368
1.730
0.895
0.757
0.925
0.739
1.308
0.766
1.030
1.136
1.723
1.287
0.812
1.035
1.338
1.005
0.958
1.354
1.424
1.244
1.044
0.780
0.976
0.948
1.956
2.268
1.325
0.982
0.842
0.802
1.530
2.051
1.747
1.257
0.874
1.062
1.157
1.080
1.145
1.335
1.827
2.137
1.792
2.264
2.092
1.372
0.937
1.040
1.208
1.298
0.968
1.369
1.685
1.357
1.463
1.019
3.322
2.208
1.162
1.004
1.229
1.340
1.392
1.067
1.150
1.264
1.352
0.997
1.547
1.316
1.412
1.150
1.453
1.114
1.046
1.141
1.478
1.073
0.944
0.989
1.194
0.821
0.844
0.790
1.321
1.529
1.730
1.279
2.101
1.929
1.999
1.497
1.298
1.295
1.237
1.444
1.008
1.443
1.471
1.348
1.439
1.398
1.405
1.175
1.559
1.757
1.224
0.925
0.908
2.301
1.340
1.083
1.121
1.023
0.931
1.169
1.421
1.135
1.248
1.240
0.830
0.959
1.269
1.257
1.807
1.702
1.039
0.907
1.426
1.342
1.161
1.583
1.562
1.160
1.147
1.479
1.532
1.490
0.951
1.500
1.312
1.283
1.563
1.244
1.131
1.382
1.401
1.696
1.377
0.988
0.644
0.830
1.167
1.020
1.019
1.270
1.266
1.136
1.208
1.811
1.466
0.810
0.895
1.105
1.479
1.485
0.858
1.099
0.976
0.745
0.888
1.125
1.036
0.986
1.041
0.944
1.069
1.275
1.103
0.968
0.639
1.112
1.255
1.135
1.307
1.258
1.377
1.172
1.245
1.679
1.148
0.804
1.137
1.252
1.201
1.333
1.441
0.968
1.079
1.218
1.210
1.319
1.388
1.485
1.139
0.920
0.494
0.710
1.054
0.877
1.127
1.230
1.405
1.420
1.057
1.235
1.161
1.379
0.584
1.343
2.135
1.687
1.556
1.083
1.049
1.100
0.744
0.879
1.115
0.899
0.987
1.502
1.020
1.046
1.241
1.513
1.047
0.897
0.720
1.037
1.255
0.955
0.862
0.993
0.830
1.146
1.158
0.679
0.761
0.629
0.722
0.748
0.852
0.707
0.816
1.085
1.250
1.214
1.034
0.885
0.690
0.615
0.838
0.779
0.684
0.826
1.021
1.011
0.769
0.755
0.643
0.862
0.756
0.900
1.258
0.951
0.550
0.844
0.768
0.650
0.734
1.108
0.817
0.943
1.039
1.420
1.282
0.885
0.834
0.675
1.068
0.890
0.957
1.158
2.428
2.229
1.684
1.412
0.974
0.971
1.126
1.186
0.976
1.498
2.154
1.430
1.170
1.814
1.926
1.677
1.156
1.112
0.723
1.146
1.078
1.703
1.400
1.646
0.847
0.975
0.984
1.264
1.960
1.748
1.291
0.771
1.155
0.701
0.827
1.079
0.964
1.042
1.801
1.888
0.921
0.818
0.864
0.882
1.042
1.034
1.028
0.903
1.032
0.916
0.845
1.290
1.019
0.910
0.930
1.548
1.139
1.077
1.287
1.022
1.253
1.166
1.269
1.203
1.378
1.030
1.287
1.488
0.957
1.082
1.227
0.876
0.913
1.459
1.666
1.441
1.132
0.926
1.091
1.239
0.767
1.049
0.885
0.679
0.956
0.951
2.369
1.833
0.894
1.271
1.632
0.856
1.018
1.022
2.096
2.327
1.548
1.135
1.042
1.055
1.375
1.173
1.332
1.165
1.052
1.162
1.309
1.185
0.875
0.992
0.997
1.264
1.206
1.215
1.294
1.051
0.980
0.670
1.110
1.247
1.136
0.992
0.971
1.221
1.417
1.506
0.876
1.563
1.461
1.372
2.450
2.328
1.031
1.325
0.811
1.120
1.386
1.309
0.855
1.145
0.896
1.221
1.052
0.941
1.273
1.140
1.367
1.288
1.054
0.867
1.176
1.012
1.285
1.342
1.350
1.798
1.495
1.679
0.767
0.932
0.980
1.278
0.856
0.913
1.068
1.479
1.407
1.154
1.084
1.524
1.369
1.411
1.760
1.821
1.983
1.590
1.490
1.106
0.949
1.469
1.176
1.278
1.110
1.259
1.211
1.159
1.843
1.305
1.298
1.238
1.021
1.193
1.089
0.859
1.322
1.176
0.666
0.932
1.049
1.071
0.995
1.446
1.212
0.863
1.266
1.315
1.258
1.773
0.984
0.829
1.143
1.170
0.893
0.881
0.825
1.220
1.647
1.429
1.318
0.874
0.949
1.040
0.911
1.011
1.169
1.306
1.523
0.859
0.944
0.916
0.713
0.942
1.274
0.909
1.132
0.782
1.015
0.939
1.635
0.961
1.089
1.155
1.199
0.799
0.943
1.405
1.240
0.732
1.042
1.445
1.256
1.223
1.079
1.115
1.611
1.904
1.314
1.835
1.062
1.539
1.097
1.067
1.603
1.373
1.532
1.793
1.198
1.312
0.907
1.291
1.121
0.716
1.195
1.892
1.476
1.379
0.960
0.685
1.052
0.938
1.064
0.933
0.984
0.909
0.939
0.962
1.183
0.947
1.010
1.350
1.019
1.090
1.058
1.051
1.054
0.719
0.908
1.038
1.000
0.887
0.622
0.777
1.125
1.390
1.382
1.171
1.376
1.675
1.607
1.234
1.181
1.219
1.338
1.169
0.814
0.634
1.178
0.923
0.976
0.920
1.263
0.959
0.886
0.862
1.148
1.078
0.842
1.045
1.186
1.129
0.797
1.028
1.091
0.887
1.326
1.111
0.736
0.914
0.727
0.605
0.840
0.965
1.113
1.276
1.270
0.852
1.502
1.084
0.903
0.720
0.692
0.702
0.899
0.642
0.935
0.936
2.380
1.440
1.184
1.293
2.036
1.483
0.971
0.848
1.314
1.148
0.773
0.905
1.664
1.224
0.819
0.848
0.786
1.013
0.962
1.321
0.808
1.163
1.108
1.486
1.238
1.114
0.793
1.733
1.888
1.106
0.806
0.728
0.960
0.808
0.932
1.283
0.982
0.946
0.959
1.012
1.183
1.465
0.885
0.677
0.896
0.866
1.030
1.121
0.914
1.152
0.919
0.986
1.074
0.950
0.931
0.821
1.350
1.502
1.679
0.935
0.822
1.117
1.043
1.175
0.930
1.128
0.756
1.117
1.276
1.299
1.009
2.461
2.346
1.585
1.773
1.545
1.356
1.309
0.713
1.100
1.079
1.355
0.860
2.310
2.183
1.160
0.995
0.995
1.034
1.345
2.213
1.748
0.840
0.729
0.508
0.916
1.188
1.194
1.137
0.742
1.206
0.511
1.429
1.624
2.069
2.939
1.920
1.567
0.880
0.756
1.445
1.332
0.909
1.299
1.012
1.192
1.574
1.202
1.379
0.813
1.033
1.404
1.218
1.346
1.486
1.775
1.860
1.793
1.199
2.319
1.073
1.399
1.582
1.200
1.113
1.199
1.522
1.294
1.658
1.976
2.331
1.744
0.908
1.419
1.687
1.914
1.088
1.225
1.282
1.259
1.704
1.487
1.415
2.786
2.270
1.199
1.389
1.358
1.436
1.036
1.380
1.551
1.251
0.863
0.992
1.345
1.797
1.319
1.094
1.108
1.629
1.399
1.331
1.543
1.155
1.283
2.272
1.489
1.152
1.348
1.192
1.199
1.216
1.117
0.860
1.744
1.635
1.165
1.582
1.979
0.793
1.278
1.524
0.912
1.027
1.190
1.214
1.496
1.027
1.293
0.848
1.047
1.128
0.974
1.360
1.125
0.911
0.862
0.663
0.980
1.274
1.658
1.743
1.161
0.877
1.272
1.758
1.196
1.356
1.075
1.050
0.916
1.514
1.658
1.841
1.432
1.046
1.192
1.035
1.306
1.086
1.169
0.952
1.216
1.281
1.295
1.115
1.337
1.102
0.838
0.966
1.333
1.006
1.062
0.952
1.679
1.804
1.139
0.834
1.373
1.713
1.426
1.419
1.037
1.208
1.415
1.498
1.385
1.927
1.883
1.415
1.174
1.085
0.875
0.866
0.898
0.931
1.416
1.117
1.042
0.616
0.673
0.824
1.024
0.867
0.866
1.047
0.818
0.795
1.192
0.908
0.763
0.853
0.940
1.435
1.219
1.081
1.189
1.387
1.337
1.144
1.448
0.941
0.898
1.008
1.010
0.889
1.112
0.745
0.875
1.583
1.492
1.714
1.479
1.739
0.753
0.792
1.113
0.661
0.690
0.939
1.053
0.875
0.945
1.208
1.227
1.277
1.175
0.953
1.108
1.555
1.166
0.786
0.887
0.884
0.893
0.559
0.839
1.018
0.610
0.621
0.966
0.954
0.754
0.865
0.862
0.966
0.832
0.989
1.193
0.939
0.760
0.643
0.460
0.928
0.639
0.727
0.926
0.901
1.011
0.944
0.734
0.789
1.140
0.789
1.311
2.037
1.731
1.048
0.862
1.059
1.159
0.801
0.948
0.645
1.218
1.470
1.120
0.991
1.230
1.022
2.074
2.173
1.358
1.101
1.114
1.863
2.302
2.174
1.984
1.855
1.717
1.757
1.392
1.020
0.666
1.090
1.242
1.240
1.534
1.385
1.586
1.960
1.732
0.968
0.684
0.895
1.034
0.761
1.011
0.543
1.109
0.701
1.182
0.781
0.835
0.681
0.943
1.106
1.162
1.093
1.223
1.286
1.081
1.103
1.154
1.238
0.967
0.753
1.308
1.148
0.577
0.887
1.068
1.025
0.945
0.724
1.344
1.189
0.961
1.210
0.794
1.472
1.448
1.130
1.397
0.770
1.365
1.021
1.117
0.981
1.007
1.201
0.899
1.195
1.591
1.479
1.459
0.985
1.044
0.668
1.313
1.369
1.197
1.410
1.284
1.317
1.438
1.206
0.832
1.851
2.076
1.583
1.159
0.899
1.251
1.032
1.457
0.928
1.277
1.135
0.674
0.832
1.205
1.169
1.313
1.542
1.347
1.333
2.206
1.902
1.107
1.607
1.492
1.192
1.168
1.035
1.299
1.249
1.411
1.882
1.138
0.728
0.797
1.532
1.069
2.484
2.444
1.552
1.302
1.180
1.066
0.992
1.283
1.116
1.279
1.318
1.377
1.354
1.106
1.110
1.572
1.751
2.006
1.231
1.125
1.254
1.153
1.400
1.357
0.829
1.201
1.149
1.067
1.013
1.303
1.247
1.452
1.327
0.881
1.074
1.340
1.092
1.071
0.951
1.096
1.643
1.311
0.875
1.210
1.001
1.181
1.021
1.506
1.323
1.564
1.462
1.241
1.298
1.707
1.456
1.046
1.365
1.341
1.511
1.237
1.308
0.701
0.907
0.958
1.631
1.206
1.043
0.690
1.455
1.520
1.178
1.471
1.475
1.145
1.602
0.944
1.160
1.006
1.293
1.350
1.211
0.990
1.048
0.773
1.208
1.425
0.871
0.964
1.079
1.254
1.115
1.011
1.230
0.580
1.123
1.118
0.843
0.988
0.781
0.914
1.114
1.477
1.488
0.818
0.927
1.346
1.081
0.880
0.914
1.110
1.220
1.453
1.155
0.957
0.797
0.830
0.751
0.834
0.742
1.241
1.068
1.031
1.490
1.434
1.593
1.431
0.967
0.961
1.025
1.287
0.973
1.154
0.941
0.895
0.527
0.818
1.115
1.108
1.149
0.671
0.871
1.389
1.367
1.411
1.180
0.865
1.199
1.206
1.592
1.210
1.650
1.023
1.476
1.326
1.450
1.846
1.730
1.327
1.214
0.904
0.921
1.010
1.316
1.674
1.776
1.360
1.348
1.005
0.824
0.712
0.903
1.005
0.826
0.910
0.844
0.865
1.011
1.464
1.120
0.753
1.163
1.019
0.741
0.671
0.721
1.103
1.183
1.190
0.870
0.459
0.884
0.845
1.454
0.923
0.685
1.307
1.481
1.226
1.001
0.808
0.874
1.032
0.998
0.696
1.015
1.076
0.923
0.756
0.838
1.168
0.935
1.120
1.032
0.746
0.992
0.745
0.664
0.894
1.401
1.179
1.097
0.833
0.869
0.713
1.014
0.855
0.729
0.627
0.702
0.876
0.756
1.013
0.943
0.878
0.877
1.604
1.618
1.289
1.141
1.030
0.901
0.772
0.896
0.927
1.035
0.976
0.846
2.811
1.578
1.158
1.252
1.121
1.219
1.088
1.138
0.997
0.733
1.207
1.134
0.996
1.027
1.215
2.273
0.932
0.986
0.952
0.961
2.084
2.378
1.487
0.885
1.046
1.026
1.938
0.790
0.912
1.261
1.026
0.963
0.756
0.916
0.808
1.259
1.005
1.096
0.828
0.700
0.886
0.672
1.165
1.335
1.179
1.107
0.911
1.626
1.215
1.354
1.560
1.592
1.428
1.259
1.123
0.800
1.392
1.310
1.383
1.194
0.881
0.744
1.131
1.342
1.080
0.850
1.262
0.914
1.022
1.226
0.805
1.301
1.062
1.195
1.347
1.587
1.245
1.313
2.651
1.521
1.786
1.888
1.187
1.186
0.688
1.067
1.322
1.009
1.286
0.929
0.954
0.934
1.250
1.301
0.981
1.182
1.146
1.121
1.127
1.319
1.459
1.806
1.628
2.174
1.722
0.970
1.337
1.501
1.741
1.577
1.342
1.560
1.210
1.733
1.654
1.428
1.053
1.110
0.931
1.042
1.004
1.086
1.022
1.162
1.880
1.145
1.141
0.841
1.307
1.020
0.821
1.059
1.107
1.380
1.210
1.338
1.228
1.335
1.853
1.832
1.069
0.898
1.386
1.286
1.320
1.592
1.828
1.401
1.443
1.605
1.456
1.410
1.222
1.129
1.268
1.438
1.569
0.747
1.392
0.928
1.063
0.954
1.170
0.921
0.670
1.172
1.019
1.012
1.548
0.980
1.109
0.763
0.963
1.016
1.223
1.598
1.938
1.432
1.505
1.242
0.717
1.037
1.067
1.048
1.585
1.867
1.698
1.483
1.289
0.894
1.522
1.534
0.855
1.021
1.357
1.000
1.171
1.016
1.479
1.505
1.437
1.058
1.287
1.307
0.956
1.248
1.397
1.083
1.241
1.441
1.428
1.497
1.649
1.399
1.435
1.394
0.980
0.538
0.964
1.081
0.884
0.982
0.842
0.739
0.598
1.230
1.365
0.851
0.961
1.223
1.045
0.851
1.058
0.879
1.049
1.179
1.263
0.832
0.721
1.034
0.751
0.670
0.850
1.185
1.231
1.057
1.279
0.862
0.798
0.656
1.018
1.188
1.101
1.198
1.313
1.033
0.885
0.983
1.297
1.289
0.618
0.950
1.442
1.232
1.146
0.741
0.910
1.212
0.935
0.871
1.334
1.413
0.754
0.923
1.491
1.295
0.887
1.097
0.744
1.339
0.872
1.171
1.131
1.092
0.864
0.815
1.884
1.508
1.212
1.333
1.174
0.974
0.892
1.296
1.349
1.047
1.114
0.867
1.500
0.870
0.835
0.663
1.053
1.042
0.666
0.987
0.980
0.714
1.006
0.883
1.021
1.336
0.970
0.916
1.062
1.029
0.980
0.917
1.841
0.683
0.576
0.718
0.893
1.292
1.197
0.960
0.990
0.871
0.913
1.120
1.364
1.518
1.207
1.350
1.070
0.749
0.704
0.979
1.024
1.277
1.087
1.116
1.228
1.403
1.388
1.341
1.199
0.960
0.644
0.751
0.569
0.648
0.625
0.842
0.921
1.286
1.311
0.962
1.527
2.118
2.293
1.760
1.327
1.026
0.966
1.024
0.829
0.730
0.623
1.664
1.461
1.332
0.939
1.334
1.078
0.667
0.987
1.045
0.960
0.952
1.157
0.762
0.967
0.637
0.996
0.950
0.855
1.729
1.730
1.525
1.367
0.785
0.865
0.776
1.109
1.154
1.164
1.062
0.925
0.778
0.684
0.774
1.020
1.012
1.634
0.962
0.729
1.291
1.047
1.070
1.365
2.021
1.882
1.429
0.780
1.052
1.641
1.463
0.886
1.038
1.143
1.262
1.290
0.840
1.174
1.178
0.923
1.083
1.227
1.114
1.031
0.929
0.967
1.377
1.089
1.003
0.660
0.741
0.955
1.335
1.137
1.032
1.044
1.238
0.868
0.987
0.919
0.949
1.495
0.919
0.840
1.391
1.046
1.189
1.202
1.058
1.507
1.258
1.093
1.047
1.282
0.716
1.068
1.109
1.133
1.560
1.355
1.345
1.163
1.127
1.697
1.673
1.743
1.436
1.221
1.079
1.604
1.514
1.275
1.630
1.553
0.936
1.338
1.850
1.321
1.092
0.863
2.129
1.349
1.098
1.249
1.157
1.113
1.161
1.579
1.290
1.920
1.256
1.465
1.434
0.937
2.483
0.986
1.049
1.033
1.026
0.934
1.116
1.210
1.116
1.265
1.334
1.817
1.509
1.289
1.411
2.078
1.900
2.583
1.581
0.948
1.785
0.755
1.238
1.173
1.603
0.916
1.574
1.181
1.094
1.080
1.045
0.948
0.839
1.128
1.254
1.064
0.912
1.044
1.316
1.133
1.143
0.952
0.805
0.768
0.687
1.272
1.860
2.049
1.535
1.410
1.150
0.986
0.876
1.047
1.203
2.120
1.102
1.799
1.477
1.179
1.619
1.785
1.339
0.882
1.049
0.871
0.864
0.823
1.432
1.077
1.425
0.835
1.026
1.135
1.178
1.177
1.259
1.188
0.692
1.136
1.263
0.807
0.831
1.190
1.274
1.390
1.193
0.766
0.870
1.067
1.592
1.505
1.000
1.253
1.078
1.645
1.455
1.124
1.612
1.072
0.913
0.821
1.003
0.925
0.877
1.250
0.883
0.869
1.216
1.014
0.669
1.266
1.175
0.881
0.812
1.053
1.136
1.299
1.167
1.077
0.904
1.157
1.259
1.183
0.985
1.292
1.156
1.128
1.629
0.785
1.432
1.311
1.467
1.212
0.934
0.848
0.944
1.375
0.936
1.105
1.286
1.260
0.925
1.158
0.831
1.304
1.898
1.218
1.454
1.175
0.857
1.233
1.080
0.953
0.819
0.884
0.978
0.974
1.279
0.931
0.948
0.909
0.688
0.810
0.705
0.911
0.726
0.728
0.714
0.985
0.909
1.016
0.944
0.798
1.092
0.803
0.755
0.634
0.779
0.779
0.701
0.717
0.901
1.462
1.030
1.035
0.913
0.897
1.029
1.067
1.416
1.307
0.827
1.140
1.204
1.331
1.164
0.722
1.029
0.982
1.075
1.135
0.791
0.771
0.766
0.863
1.832
1.557
0.940
0.743
1.080
1.080
0.637
0.781
1.084
1.032
0.829
0.882
1.237
1.156
0.722
0.557
0.962
1.051
1.041
1.092
1.225
0.583
0.446
0.826
0.923
0.848
0.831
0.736
0.919
0.980
0.633
1.477
0.706
0.836
1.257
1.059
0.715
0.858
0.650
0.813
1.197
0.790
0.903
0.706
0.729
0.826
0.581
1.494
1.818
2.033
1.131
1.024
1.363
1.687
1.080
0.817
0.613
1.101
2.228
1.505
0.774
1.429
0.851
0.763
0.588
0.536
0.993
0.608
0.808
0.997
0.806
1.531
1.465
1.409
0.761
1.095
0.921
0.866
0.999
0.741
0.808
0.921
0.905
0.737
0.975
1.144
1.418
1.381
1.371
0.727
1.353
0.955
0.741
1.143
1.469
0.555
0.894
1.268
1.290
0.943
1.680
1.839
1.021
0.604
0.695
1.054
1.193
1.131
0.886
1.078
1.443
0.974
0.975
1.178
0.959
0.896
0.863
2.244
2.014
1.190
0.727
1.241
1.420
1.425
1.296
1.461
1.469
1.362
1.355
1.119
1.129
0.823
1.441
1.158
1.158
1.171
1.463
1.204
1.246
1.224
1.204
1.030
0.814
1.345
1.559
1.790
1.651
2.019
1.667
1.931
1.400
0.855
1.219
1.133
1.158
1.203
1.461
1.350
1.178
1.152
1.016
1.001
1.695
1.235
1.557
1.331
1.166
1.376
1.830
0.833
1.112
1.018
0.979
1.710
1.517
1.019
1.203
1.339
1.363
1.773
1.730
1.312
1.129
1.168
0.860
0.828
1.078
1.186
1.296
1.294
1.194
0.976
1.184
1.281
1.409
1.402
1.104
1.188
1.142
1.060
1.326
1.747
1.456
1.175
1.621
1.735
1.360
1.109
1.193
1.180
1.134
0.993
1.033
1.306
1.533
1.868
0.931
1.135
1.168
1.378
1.295
0.751
0.985
1.088
0.951
0.887
0.981
0.831
1.708
1.382
1.139
1.182
1.315
0.996
1.290
1.215
1.234
1.355
0.805
0.933
1.324
0.747
0.791
0.738
0.825
1.176
1.133
1.027
0.881
1.106
0.991
0.581
0.862
0.799
0.764
0.781
1.211
1.173
1.273
2.354
1.937
1.976
1.652
1.591
1.628
0.947
1.297
1.537
1.622
1.158
1.237
1.245
1.415
1.508
1.112
0.655
0.945
1.176
1.118
0.881
0.703
0.745
0.823
0.839
0.768
0.781
0.957
1.127
0.930
0.912
0.934
0.933
0.711
0.937
0.905
1.136
0.701
0.706
1.109
0.930
0.927
0.904
1.180
0.701
0.951
1.027
1.217
1.126
0.473
0.729
1.191
0.846
0.795
1.016
1.111
0.715
0.993
0.834
0.935
1.204
1.056
0.980
0.992
0.624
0.916
0.754
1.021
0.815
0.931
0.987
0.576
0.785
1.132
1.142
0.745
0.910
0.653
0.831
0.838
0.680
0.964
1.454
1.529
0.641
1.289
1.030
0.826
1.094
0.620
0.769
0.720
1.045
1.176
0.815
1.006
1.747
2.111
1.729
1.924
1.936
1.680
1.301
1.124
1.198
0.765
1.131
1.470
0.945
0.709
0.934
0.904
1.176
1.209
0.911
1.058
0.599
1.014
0.688
0.818
0.749
1.471
1.280
0.825
1.232
0.637
1.674
1.259
0.985
0.953
2.551
2.342
2.016
1.925
1.434
0.811
0.932
1.074
1.204
0.659
1.481
1.200
1.073
0.891
1.162
1.251
0.892
1.331
1.463
1.117
0.729
1.101
2.098
1.767
1.106
0.667
0.787
1.345
1.409
0.705
1.117
1.378
1.450
1.415
0.937
1.015
0.996
1.039
1.134
0.707
1.111
1.379
0.978
0.896
1.151
0.830
1.075
0.944
1.038
0.909
1.629
1.784
1.017
1.220
0.751
0.950
1.031
1.286
1.335
0.944
1.189
1.144
1.350
0.966
1.354
1.026
1.901
2.001
2.890
2.272
1.332
0.809
1.167
1.449
1.064
1.183
0.872
1.234
1.129
1.737
0.792
0.980
1.249
1.433
0.940
1.307
2.194
2.521
2.316
1.576
0.920
0.511
0.914
1.213
1.395
1.305
0.966
1.824
1.728
1.090
0.907
0.852
0.607
1.265
1.583
0.951
1.414
1.265
1.064
0.879
1.331
1.892
1.264
1.407
1.297
0.665
1.142
1.075
1.184
2.115
1.836
1.755
1.600
0.981
1.263
0.864
0.993
1.382
1.314
1.375
0.966
1.360
1.171
1.175
1.315
1.443
1.417
1.093
0.914
1.227
1.839
1.969
1.879
1.888
1.392
1.679
1.092
2.503
1.424
0.935
1.199
1.835
1.433
1.395
1.069
1.066
0.962
1.295
1.694
0.988
0.899
1.278
1.128
0.865
0.942
1.589
1.542
1.186
1.124
0.932
1.573
1.058
1.365
1.267
1.299
0.746
2.307
1.926
1.021
1.460
1.486
0.993
0.899
1.323
0.900
1.071
1.415
1.181
1.146
1.240
0.985
0.749
0.841
1.334
1.810
1.239
1.502
1.167
1.289
1.285
0.858
0.943
1.447
1.129
1.035
0.504
0.772
0.859
1.010
1.302
0.826
1.516
1.855
1.319
1.459
1.417
1.635
1.389
1.592
2.405
1.138
1.295
1.413
1.657
1.074
1.153
0.746
1.213
1.436
1.043
0.837
1.000
1.065
0.800
1.253
1.386
1.065
1.327
0.842
1.235
1.475
1.555
1.075
1.349
0.708
0.592
1.211
1.550
1.704
1.403
1.312
1.448
1.316
1.542
1.031
1.651
1.674
1.249
0.807
1.056
1.165
0.872
1.154
1.160
1.168
1.142
1.045
1.230
0.973
0.852
1.612
1.333
1.112
0.951
0.964
0.914
0.785
1.032
0.966
1.085
0.925
0.966
1.482
1.343
0.999
1.439
0.921
1.533
1.399
1.240
1.554
0.922
1.009
0.893
1.455
1.111
1.391
1.191
0.764
0.858
0.875
1.165
1.256
1.004
1.314
1.328
1.273
1.074
0.760
0.964
0.484
0.543
1.077
1.344
0.784
1.263
0.867
0.786
0.622
0.831
0.736
1.062
0.887
1.148
0.712
0.884
0.701
1.364
1.183
1.269
1.091
1.100
1.172
0.889
0.723
1.889
1.269
1.048
1.324
1.038
0.887
0.637
0.874
1.056
1.076
1.194
0.987
0.897
0.790
0.709
0.616
0.818
1.163
1.132
0.845
0.682
0.697
0.992
2.364
1.927
1.388
1.191
1.064
1.519
1.035
0.790
0.896
0.736
0.885
0.832
0.928
1.726
1.833
1.159
1.235
1.172
0.968
0.708
0.604
0.644
0.724
0.874
1.245
1.715
1.650
1.455
1.318
1.339
1.342
0.934
1.216
1.050
1.177
0.936
0.994
1.400
1.378
0.896
1.163
0.788
1.261
1.442
1.128
1.099
1.047
1.074
1.302
1.472
1.001
0.647
0.797
1.030
0.908
1.692
2.087
1.343
1.200
0.919
0.889
1.277
1.550
1.785
1.141
1.066
1.319
1.412
0.985
0.982
1.103
1.222
1.117
1.443
1.446
1.291
1.182
1.217
0.715
1.244
0.681
1.501
1.747
1.450
0.968
0.615
1.073
1.607
1.498
1.307
1.042
1.088
0.843
1.338
2.418
0.997
0.701
1.295
1.034
0.971
1.120
1.205
1.026
1.011
1.392
1.359
1.634
1.246
1.519
1.381
1.767
2.294
1.915
1.850
1.292
0.592
0.876
1.517
1.570
1.327
1.468
1.734
1.892
1.538
1.496
1.192
1.232
1.147
1.126
1.315
1.216
1.359
1.678
1.559
1.232
1.166
1.081
1.244
1.113
0.764
0.957
0.877
1.314
0.850
0.922
1.705
1.797
0.934
0.940
1.295
0.818
0.856
1.227
1.137
0.982
0.832
0.769
0.758
0.969
1.120
1.278
1.564
1.444
1.508
1.350
1.471
1.383
0.909
1.393
0.773
0.829
1.032
1.042
1.009
1.234
0.770
0.870
1.172
1.369
0.817
0.993
1.534
1.648
1.455
1.046
1.168
0.829
0.974
0.799
0.675
1.505
1.749
1.771
1.213
0.978
1.200
1.557
1.138
1.277
0.783
1.043
1.240
1.406
1.500
0.923
1.407
1.600
1.608
1.115
0.965
1.048
1.451
1.046
0.883
1.038
1.093
1.419
1.208
1.016
1.051
1.144
0.798
1.157
0.988
1.369
1.142
1.413
1.491
1.237
1.066
1.401
1.081
1.192
1.359
1.493
1.039
1.506
1.272
1.687
0.816
0.947
1.684
1.325
1.318
0.918
1.279
0.947
1.135
0.933
1.415
1.477
1.035
1.480
1.609
1.518
1.137
0.551
1.262
1.651
1.273
1.350
1.400
1.357
1.435
1.477
1.332
1.587
1.005
1.159
1.163
0.816
0.950
1.396
1.716
1.487
0.886
0.956
1.655
0.996
0.743
0.647
0.991
1.334
1.016
0.847
1.182
0.965
1.374
0.894
1.127
0.647
0.634
0.823
0.822
1.313
1.278
1.311
1.088
1.216
1.798
1.593
1.438
1.432
1.196
0.648
0.697
0.710
0.798
0.882
1.159
1.146
1.384
1.231
0.808
0.750
1.175
1.102
1.025
0.917
1.260
1.035
0.938
1.145
0.971
0.861
1.083
1.138
0.959
0.741
0.907
0.878
1.824
1.061
1.422
1.676
0.848
0.761
0.747
0.654
1.049
0.908
1.165
0.810
1.056
0.848
1.085
0.812
1.006
1.074
0.774
0.657
0.944
1.179
1.020
1.241
0.894
1.489
1.050
0.873
1.026
1.494
1.305
1.318
0.896
2.337
2.079
1.275
1.110
1.172
1.189
1.354
1.326
1.511
1.048
0.957
1.222
1.139
1.079
1.038
0.755
1.249
0.842
0.732
0.610
0.688
0.733
0.827
0.881
0.825
0.704
0.501
0.937
0.525
0.755
0.797
0.987
0.775
0.857
1.324
1.475
1.165
0.820
2.010
1.599
1.553
0.803
0.955
0.815
0.781
0.621
0.961
1.227
1.140
1.544
1.412
1.437
1.341
0.901
1.366
1.006
1.017
1.217
1.037
1.144
1.077
1.001
1.170
0.984
0.897
1.047
1.144
0.927
1.110
1.969
1.014
0.538
0.722
1.024
0.831
1.021
1.368
1.929
2.613
2.210
1.541
0.987
0.847
1.104
0.986
1.150
0.711
1.123
0.803
1.188
1.446
1.419
1.726
1.030
0.888
1.292
0.956
1.394
1.184
0.493
0.958
0.935
1.233
1.090
1.101
0.957
0.874
1.496
1.286
1.324
1.380
0.925
0.739
1.407
1.191
0.869
0.996
1.831
2.209
2.163
2.194
1.673
1.069
0.803
1.123
1.407
1.188
1.298
1.148
1.310
1.520
1.212
1.190
0.892
1.227
1.194
1.284
0.991
1.347
1.579
1.325
1.367
1.629
1.671
1.316
1.340
1.101
1.197
1.106
1.929
1.254
0.945
1.304
1.667
1.500
1.704
1.303
1.295
0.909
1.354
0.747
0.986
1.188
1.107
1.817
1.657
1.331
1.382
0.878
1.095
0.554
0.842
0.873
0.906
1.155
1.197
1.393
0.753
1.158
0.907
1.265
0.742
1.035
1.201
1.283
1.727
1.328
1.283
1.375
1.120
1.028
1.026
1.354
2.051
1.606
1.197
1.544
1.652
1.058
1.242
0.749
0.831
1.252
1.240
1.084
0.881
1.265
1.204
1.029
0.882
1.155
1.517
1.625
1.501
1.190
1.146
1.394
1.328
1.430
0.982
1.021
1.008
0.844
0.865
1.357
1.345
1.538
1.594
1.306
1.251
1.102
1.013
0.794
1.165
1.709
0.783
1.055
1.050
1.045
1.545
1.025
0.970
0.886
0.775
1.067
1.180
1.148
0.833
0.787
0.882
1.137
1.084
0.942
1.221
0.918
0.979
1.069
1.398
1.096
0.796
0.969
1.348
1.065
1.045
1.583
0.961
1.323
1.116
0.860
1.420
1.856
1.174
0.822
1.398
1.416
1.078
1.436
1.474
1.292
1.593
1.473
0.749
1.027
0.813
1.022
1.153
1.329
1.337
1.387
0.917
0.770
0.863
0.875
1.205
1.105
0.810
0.958
1.024
1.094
1.261
1.526
0.886
0.781
0.873
0.888
0.934
0.969
1.001
0.780
0.974
1.179
1.325
0.643
1.157
1.125
0.893
1.070
1.099
1.145
0.799
1.047
1.265
0.835
0.821
1.189
0.718
0.684
1.225
1.053
1.118
0.694
1.283
1.307
1.223
0.830
1.061
1.093
0.794
0.834
0.872
1.307
1.237
0.954
0.715
0.643
0.956
1.314
1.042
0.640
1.353
1.437
1.447
1.571
1.692
1.649
1.359
1.260
1.650
1.660
1.614
1.273
1.147
0.980
0.991
0.924
0.864
0.589
0.966
1.012
1.000
0.814
1.487
1.434
1.447
0.731
1.171
1.101
0.711
0.781
0.673
0.815
0.538
1.622
1.307
1.103
1.031
0.630
0.702
1.150
0.643
1.415
1.067
1.061
1.110
1.285
0.724
0.925
0.842
0.974
1.125
1.143
0.842
0.895
0.950
0.764
1.171
0.700
0.879
0.978
1.195
0.868
0.963
0.935
0.916
0.666
0.709
0.560
1.169
1.315
1.126
1.013
0.820
0.717
0.780
1.270
1.003
0.818
0.652
1.383
0.753
0.724
0.658
0.766
0.968
1.031
1.299
1.131
1.050
0.919
0.760
1.042
1.171
1.188
1.101
1.318
1.213
1.326
1.440
1.372
1.581
2.694
1.998
1.305
0.764
0.853
1.063
0.709
1.085
1.055
1.227
1.136
1.102
0.928
1.004
1.062
1.573
1.263
2.210
1.583
1.097
0.952
2.346
2.351
0.952
1.652
1.265
0.816
1.064
1.211
1.619
1.021
0.523
1.489
1.997
2.575
2.071
1.447
1.002
1.325
1.327
1.393
1.215
1.353
1.156
1.140
1.144
0.982
1.096
1.298
0.947
1.305
0.994
1.210
1.050
1.078
1.408
1.546
1.281
1.210
1.333
1.479
1.061
1.898
1.717
0.929
1.329
1.106
1.275
1.326
1.335
1.007
1.051
1.058
1.264
1.284
1.108
0.715
0.947
0.943
1.125
0.845
0.513
0.739
0.827
1.107
0.948
1.388
1.417
1.347
1.358
0.961
1.410
0.928
0.652
0.954
0.826
0.685
0.988
0.948
0.953
0.957
1.117
1.087
1.294
1.144
1.587
1.328
1.067
1.372
1.842
1.240
0.907
1.262
0.830
1.086
1.179
0.911
0.992
1.393
1.271
0.892
1.342
1.392
1.222
1.660
1.647
1.277
1.620
1.463
1.329
1.504
1.111
0.943
0.833
1.602
1.713
1.661
1.592
1.346
1.323
1.369
1.529
1.507
1.449
1.145
1.805
1.519
1.574
1.432
0.625
1.157
1.246
1.150
1.069
0.982
1.170
1.119
1.458
1.310
2.060
2.089
1.175
1.415
0.806
0.832
1.018
0.955
1.279
0.825
0.935
1.377
1.050
0.926
0.930
0.691
1.300
0.866
0.700
0.682
0.775
1.519
1.712
1.309
0.877
1.175
1.482
1.027
1.054
0.894
0.758
1.061
0.786
0.598
1.185
1.065
0.781
1.370
0.664
0.813
0.988
1.035
0.773
0.814
1.074
1.354
0.711
1.074
1.143
1.067
0.788
1.321
1.155
0.526
0.999
0.963
1.261
0.913
1.102
0.987
0.850
1.211
1.375
1.232
0.784
1.058
0.862
0.928
0.759
0.871
1.598
1.314
0.772
0.932
0.944
1.144
1.284
0.582
0.651
0.913
0.977
0.850
0.805
1.585
1.226
0.866
0.670
0.824
1.557
1.295
1.107
0.736
0.842
0.969
0.614
0.957
0.803
0.737
1.221
1.131
1.283
1.670
1.304
1.255
0.965
1.802
1.563
1.038
1.114
0.708
0.831
0.683
0.690
0.647
0.969
1.603
1.544
0.938
1.035
0.662
0.762
1.201
1.401
1.139
0.961
0.994
1.194
1.045
0.758
1.165
0.987
1.212
0.823
0.625
0.792
0.819
0.747
0.800
0.582
0.878
0.984
0.933
1.365
1.141
0.820
2.234
0.694
1.280
1.471
1.496
0.994
1.062
1.129
0.833
0.669
0.818
1.056
1.390
1.333
1.535
1.552
1.031
0.830
1.024
1.204
0.682
1.114
1.560
1.357
1.559
1.672
1.891
1.393
1.061
0.762
1.096
1.045
1.200
1.442
1.147
1.708
2.021
1.173
0.881
1.075
0.981
1.062
1.093
0.769
1.181
1.876
1.417
1.496
1.482
0.727
0.803
1.143
0.909
1.114
1.166
0.960
1.429
1.203
0.945
1.305
1.467
0.934
1.713
0.961
1.069
1.468
0.951
0.898
1.104
