19790101
1.380
1.154
1.115
0.950
1.117
1.031
0.925
0.872
0.852
1.265
1.567
1.697
1.610
1.316
1.682
1.514
1.262
0.913
0.533
1.000
0.659
0.998
1.284
1.321
1.352
1.160
1.410
1.229
0.863
0.730
0.884
0.775
1.075
1.071
1.127
0.769
1.330
1.149
1.163
1.320
1.339
1.106
1.328
1.088
1.240
1.427
1.409
1.328
0.937
0.913
1.185
1.057
1.707
0.873
1.028
0.802
1.144
1.826
0.953
0.846
1.279
1.328
1.046
0.797
1.008
1.228
0.787
0.858
0.963
1.078
1.095
0.952
0.938
0.685
0.698
0.969
0.806
1.464
1.492
1.010
0.758
0.941
1.114
1.309
1.131
0.853
1.106
0.839
0.661
0.629
0.846
0.993
0.994
1.012
0.724
2.264
2.122
1.578
1.032
0.701
0.722
0.815
0.748
1.011
1.123
0.782
0.760
0.464
0.813
0.713
0.837
1.374
1.424
1.868
1.805
1.915
1.434
0.715
1.345
1.054
1.038
1.097
1.025
0.824
0.757
1.022
0.627
0.603
0.724
0.790
0.816
0.712
0.816
0.722
0.773
1.031
0.601
0.961
0.602
0.636
0.555
1.019
0.867
1.672
1.071
0.868
1.373
0.976
1.297
1.905
2.309
1.380
0.764
0.681
1.078
0.711
1.311
1.428
2.215
1.648
1.210
0.864
0.926
1.265
1.865
2.058
1.474
1.259
1.013
0.873
0.862
0.786
0.843
0.940
0.852
1.745
1.692
1.481
1.188
0.601
0.882
1.321
1.124
1.081
1.134
1.159
0.923
0.916
1.054
1.798
1.845
1.427
0.943
1.043
1.229
0.974
1.624
1.587
1.081
1.117
2.457
1.018
1.375
0.940
1.309
0.961
0.935
0.895
0.980
0.734
1.158
0.696
1.022
1.007
1.359
1.271
0.766
1.162
1.404
1.392
0.923
0.922
0.945
1.218
1.184
1.150
1.157
0.901
0.983
1.217
0.999
1.060
0.834
0.873
1.083
1.216
1.726
1.671
1.036
1.106
1.193
1.383
1.553
1.751
1.822
1.175
0.947
2.400
1.364
1.005
1.295
1.411
1.386
1.722
1.075
0.919
1.829
1.710
1.179
1.146
1.933
2.453
1.182
1.370
1.759
1.620
1.767
1.375
1.159
1.244
1.692
1.441
0.956
1.133
1.326
1.504
1.586
1.056
1.225
1.539
1.107
1.094
1.093
1.150
1.052
1.554
1.238
1.664
2.605
1.821
1.547
1.496
1.261
1.463
1.557
1.458
1.294
1.333
1.689
1.285
1.356
1.813
1.369
1.476
1.278
0.897
1.279
1.122
0.901
1.210
1.172
0.829
1.337
2.077
1.279
1.917
1.883
1.321
1.081
0.804
1.441
1.987
1.425
0.970
0.851
0.942
1.394
1.312
1.000
2.885
1.709
1.204
1.408
1.089
1.397
1.689
1.401
1.373
1.975
1.512
1.066
1.317
1.872
1.291
1.368
1.779
1.575
1.359
0.738
1.354
1.008
1.592
1.249
0.950
1.407
1.400
0.904
0.938
0.987
1.498
1.321
1.041
1.344
1.470
1.381
1.913
0.895
1.205
1.284
1.208
1.456
1.219
1.191
1.355
1.431
1.423
1.407
1.125
0.669
0.899
1.160
0.802
1.459
0.946
1.287
0.959
0.983
1.310
1.598
0.989
1.329
1.441
1.498
1.254
1.266
1.391
1.138
1.092
1.116
1.336
1.717
1.318
1.537
0.653
1.118
1.583
1.039
1.437
1.450
1.427
1.594
0.929
0.998
2.000
1.914
1.298
1.376
0.816
1.259
1.224
1.310
1.025
1.287
1.171
1.451
1.386
2.006
1.289
0.830
1.313
1.372
1.560
1.264
0.687
1.070
0.722
0.587
0.856
0.580
1.100
0.952
0.812
0.692
0.940
0.698
1.315
0.579
0.747
0.939
1.127
0.629
0.843
0.875
0.740
0.664
0.949
1.103
1.710
1.554
1.180
0.983
0.999
0.897
1.537
1.296
1.357
1.303
1.175
0.976
1.181
1.262
1.380
0.990
1.304
1.136
1.282
1.024
0.934
0.919
1.333
0.770
0.768
0.582
0.854
1.035
1.380
0.736
2.320
2.155
1.307
0.829
0.855
1.012
0.798
0.919
1.163
0.772
0.848
0.948
0.748
0.775
0.938
0.851
0.620
1.002
1.147
0.863
0.879
0.993
0.964
1.452
1.078
0.824
1.320
0.870
1.059
0.701
0.485
0.973
1.240
1.663
1.057
0.744
0.709
0.900
0.769
1.072
1.035
0.977
1.214
1.677
1.486
0.656
1.040
1.003
1.120
2.108
1.978
1.248
0.865
1.682
1.433
1.125
1.236
0.680
1.114
1.119
1.078
1.955
2.183
1.601
1.137
1.280
1.206
1.166
1.103
0.789
1.182
0.773
0.954
1.356
1.077
0.853
0.818
0.892
0.951
0.904
1.025
1.127
1.441
1.038
1.319
1.441
1.567
1.076
1.259
0.867
2.379
1.533
0.906
0.901
0.984
1.113
1.358
0.874
1.037
0.785
1.211
1.531
1.300
1.293
1.557
1.281
1.141
1.763
1.333
1.177
1.033
1.172
1.232
1.439
1.344
1.212
1.269
2.975
1.642
0.961
0.912
1.200
1.267
1.226
1.308
1.439
1.659
1.410
0.818
1.443
1.218
1.686
1.603
1.413
0.947
1.895
1.521
2.510
1.369
1.292
1.331
1.264
1.064
2.087
1.899
1.711
1.343
1.437
1.769
1.256
1.556
1.507
1.443
0.896
1.615
0.767
1.853
1.741
1.387
1.623
1.047
1.247
1.708
0.862
1.436
0.971
1.284
0.908
1.216
1.376
0.873
1.176
1.167
1.312
1.273
1.061
1.118
0.926
1.809
1.431
1.651
1.719
1.339
1.518
1.608
1.215
1.258
1.548
2.037
1.876
1.854
1.026
1.761
1.317
1.376
1.597
1.140
1.575
1.254
0.720
1.437
1.090
1.732
1.892
1.451
1.132
0.663
0.698
1.107
1.393
1.547
1.430
1.017
1.023
0.809
0.782
1.232
1.427
1.187
1.204
1.172
1.050
1.427
1.654
1.520
1.506
1.219
1.380
1.191
1.589
1.579
1.848
1.504
2.127
1.281
1.612
1.025
0.884
1.387
1.100
1.391
1.416
1.399
1.931
1.418
1.359
1.430
1.064
1.011
0.828
1.061
1.033
0.896
1.463
1.552
1.423
1.089
1.234
0.913
1.305
1.220
1.168
1.144
1.300
1.334
1.438
1.518
1.444
1.307
1.148
1.584
1.190
0.802
1.409
1.247
1.308
0.897
1.209
0.544
0.663
0.926
0.748
0.849
0.856
1.109
1.153
1.223
1.113
1.307
0.944
1.556
1.393
1.103
0.889
0.462
0.854
0.805
1.190
0.685
0.771
1.013
0.785
0.772
0.535
0.690
0.746
0.970
0.732
0.815
0.786
0.732
0.774
1.199
1.087
1.692
0.997
1.790
1.701
1.216
0.699
0.978
0.986
1.019
1.609
1.214
1.025
1.100
1.806
1.474
0.936
1.059
1.157
0.864
0.855
0.669
0.673
0.763
1.291
1.001
1.052
1.120
1.265
1.305
0.824
0.701
0.745
0.916
0.714
1.064
1.528
1.289
1.097
1.201
1.151
1.265
1.016
1.356
0.913
0.569
0.771
0.902
0.934
1.293
1.429
1.286
0.968
0.922
0.850
0.827
0.840
0.920
0.731
0.928
0.908
0.612
0.940
0.977
0.885
0.480
0.554
0.854
0.788
0.744
1.322
1.633
1.116
1.129
0.976
0.879
1.145
1.131
1.604
1.547
1.100
0.783
1.240
1.200
0.715
0.654
0.906
0.709
1.467
1.942
0.804
0.977
1.067
0.812
1.054
1.642
1.127
0.763
1.430
1.746
0.998
0.768
1.112
0.872
1.093
0.813
0.793
0.848
0.517
0.775
1.067
1.081
1.099
0.773
1.762
1.990
1.847
1.450
1.560
0.977
1.144
0.833
0.829
0.893
0.757
1.222
1.060
1.299
1.335
2.562
2.888
2.084
0.964
0.730
1.953
2.803
1.667
1.095
1.016
1.151
1.178
1.235
0.879
0.855
1.212
1.012
1.083
1.402
1.154
1.332
1.115
1.414
2.049
1.448
1.247
1.385
1.123
1.369
1.396
1.055
2.189
2.271
1.631
0.812
1.025
0.971
0.869
1.273
0.907
1.253
1.663
1.412
1.288
2.327
1.942
1.262
1.250
1.061
1.398
1.295
1.209
1.352
1.635
1.232
1.137
1.305
1.989
1.676
2.166
1.732
0.982
1.642
1.321
1.901
1.336
1.102
1.480
1.367
1.621
1.289
1.488
1.589
1.395
2.479
1.491
1.534
1.534
0.982
1.310
1.554
1.040
0.902
1.302
1.587
1.363
1.739
0.927
1.788
1.393
1.096
1.113
0.895
1.537
1.034
1.333
0.851
1.101
1.083
1.199
1.368
1.755
1.656
1.494
1.237
1.282
1.352
1.474
1.352
0.759
1.268
1.824
1.268
1.149
1.664
1.289
0.955
0.869
1.162
1.412
1.012
0.812
1.259
1.268
0.956
1.515
1.119
1.187
1.062
0.917
1.118
0.727
1.112
2.168
1.434
1.444
1.011
0.840
1.255
1.296
1.162
0.962
0.807
1.359
0.905
1.306
0.945
1.077
0.710
1.296
1.531
1.003
1.159
1.622
1.239
1.010
1.052
1.127
0.675
1.212
0.984
0.784
0.706
0.978
0.957
0.961
0.965
0.845
0.699
0.900
0.805
1.207
0.893
1.219
1.451
0.905
1.177
0.917
1.279
1.272
1.121
0.729
0.898
0.862
0.829
0.758
1.169
1.135
0.844
1.124
1.149
1.185
1.380
1.276
1.146
1.085
1.242
0.857
1.526
1.427
1.553
1.160
0.895
0.826
1.260
0.771
1.023
0.906
0.801
0.756
1.100
0.831
0.686
0.895
0.798
0.886
1.707
1.344
1.377
1.301
0.864
1.178
0.976
1.017
0.817
0.940
1.246
1.063
0.709
1.110
0.646
1.041
1.236
1.343
1.311
1.143
0.967
1.118
0.881
0.988
1.277
0.897
1.005
1.036
1.177
1.146
0.851
1.022
1.101
1.040
1.456
1.251
1.351
1.615
1.075
1.122
1.287
1.088
1.419
1.029
0.606
1.078
0.912
0.808
0.967
0.670
0.908
1.043
1.316
1.359
1.201
0.808
0.817
1.299
0.874
0.759
0.777
1.024
0.897
1.033
1.188
1.199
1.445
1.672
1.685
1.124
0.962
1.972
1.180
1.650
1.563
1.604
1.233
0.836
0.864
0.790
1.127
1.174
0.670
1.098
0.783
0.439
0.622
0.820
0.887
0.783
0.858
0.638
0.718
0.602
0.574
1.920
1.678
2.048
2.021
1.719
1.409
1.012
1.097
0.829
1.279
1.035
0.828
0.958
0.795
0.962
1.402
1.010
1.082
0.902
1.007
1.051
0.995
1.551
1.587
0.971
1.271
1.158
1.352
1.350
1.058
1.468
1.582
1.571
1.565
1.807
0.966
1.094
1.131
1.182
1.007
1.206
1.212
1.359
1.107
0.859
1.317
1.133
0.877
1.298
0.926
0.932
0.902
1.333
1.503
1.019
0.908
0.521
0.862
1.044
1.069
1.146
0.931
0.997
1.241
0.937
0.755
1.960
0.975
1.368
1.163
1.092
1.196
0.683
1.048
1.088
1.256
1.071
1.568
1.440
0.994
1.213
0.969
0.995
1.054
1.301
1.136
1.347
1.473
1.231
0.799
1.284
1.393
1.155
1.002
0.770
0.884
1.362
1.620
0.882
1.160
1.889
1.451
1.146
1.292
1.387
0.653
0.973
0.738
1.377
1.399
1.124
1.150
1.675
1.248
1.391
1.229
1.150
1.140
0.945
1.204
1.752
1.299
1.040
0.793
0.871
1.173
1.238
1.379
1.355
1.228
1.527
1.152
1.607
1.129
0.962
1.612
1.160
1.399
1.112
1.645
1.415
1.445
1.948
0.702
0.748
1.579
1.709
1.112
1.166
1.311
1.185
1.701
1.800
1.243
1.058
1.131
1.203
1.641
1.466
1.095
1.720
1.777
1.715
1.184
1.590
1.096
1.587
1.231
1.052
1.562
1.632
1.356
0.907
0.743
1.014
0.983
1.030
1.273
1.374
0.984
1.721
1.410
1.188
1.142
1.064
1.605
1.507
1.227
1.118
1.030
1.191
0.989
0.799
1.056
1.131
1.124
1.283
1.728
1.422
1.039
1.371
1.133
1.170
1.716
1.229
1.523
1.206
1.114
1.271
1.087
1.637
1.301
1.490
1.436
1.252
0.994
0.856
1.154
0.791
0.878
1.212
1.240
0.996
0.817
1.426
1.232
0.827
1.000
1.118
1.338
1.484
1.191
1.463
0.864
0.879
0.875
1.136
1.182
1.533
1.667
1.280
1.157
1.080
1.182
1.110
1.049
1.352
1.010
1.079
1.242
1.559
1.354
1.364
1.249
1.484
1.162
1.273
1.018
0.801
1.012
0.943
0.652
1.032
1.272
1.492
1.586
1.072
1.178
1.245
0.988
1.228
0.947
0.568
0.770
0.846
0.737
1.080
0.611
1.091
0.949
1.192
1.698
0.997
1.111
1.123
1.707
0.901
1.052
1.520
0.982
0.932
1.398
0.872
1.008
0.741
1.049
1.418
1.360
1.804
1.304
1.748
1.703
1.308
1.392
1.262
1.146
1.602
1.169
1.192
0.935
1.025
0.828
0.937
0.957
0.927
0.808
0.914
0.634
1.144
0.715
0.920
0.928
1.033
1.105
0.723
1.050
1.076
0.848
1.105
0.946
0.498
0.656
0.999
1.206
1.021
1.001
0.640
0.740
0.895
0.881
0.621
0.714
0.909
1.063
1.098
1.259
1.427
1.183
1.203
1.288
1.275
1.149
0.929
1.080
1.258
0.915
1.243
0.751
0.997
1.050
0.841
0.699
0.918
0.778
1.716
1.643
0.916
1.058
1.487
1.157
1.415
1.094
2.103
1.194
0.915
0.867
1.093
1.168
0.986
1.082
1.019
0.945
1.138
1.118
0.839
2.304
2.052
1.311
0.708
0.932
1.427
1.480
1.307
1.485
1.179
1.255
0.932
0.684
0.890
0.842
1.047
1.226
1.138
1.488
1.548
1.304
1.216
1.492
1.691
1.611
1.517
1.782
1.437
1.008
1.062
1.219
1.511
1.395
2.330
1.340
1.610
1.468
1.074
1.152
1.502
0.957
1.383
1.238
1.122
1.107
1.495
1.039
1.314
1.695
2.178
1.753
1.413
1.050
0.994
0.698
1.061
1.421
1.431
1.319
1.797
1.364
1.401
0.776
1.079
1.705
1.882
1.887
1.786
1.341
0.849
1.114
1.443
1.303
1.460
0.944
1.065
1.400
1.528
1.782
1.289
1.312
0.870
1.301
1.718
1.275
1.742
1.517
1.825
1.724
1.231
1.181
1.314
1.053
1.383
1.289
1.640
1.474
1.246
1.750
1.409
1.029
1.695
1.380
1.545
0.972
1.167
1.362
1.035
0.978
0.970
1.598
1.162
0.964
0.964
1.099
0.932
1.423
1.070
1.405
1.581
1.125
1.370
1.357
1.220
1.807
1.500
1.208
1.513
1.436
1.417
1.806
1.637
2.318
1.181
1.322
1.218
0.940
1.290
1.375
0.893
1.156
1.002
1.263
0.831
1.351
1.588
1.264
1.555
1.870
1.212
1.063
1.701
1.526
1.019
2.037
1.228
1.744
1.114
1.189
1.020
1.428
1.441
1.616
0.832
1.586
1.537
1.062
1.026
0.942
1.370
1.270
0.980
1.228
1.353
1.320
1.314
0.915
1.427
1.263
1.501
1.546
1.098
1.302
1.568
1.073
1.342
1.737
1.353
1.198
1.234
0.895
0.877
1.192
1.109
0.934
0.940
1.017
1.321
1.110
1.368
0.748
0.898
1.052
1.122
1.389
0.584
0.855
1.097
1.090
0.934
0.953
1.248
0.977
0.793
0.860
1.072
0.887
1.141
0.936
0.965
1.090
1.104
1.028
1.126
1.189
1.261
2.008
1.593
1.881
0.966
1.055
1.088
0.965
0.886
0.874
1.144
0.729
1.255
0.843
0.897
1.294
1.002
1.142
0.758
1.114
0.922
0.679
1.200
1.245
1.044
0.951
1.289
0.791
0.954
0.696
0.910
1.169
1.341
1.085
1.450
0.777
0.931
0.977
0.747
0.666
0.851
0.534
0.789
1.212
0.865
1.112
0.657
1.173
1.296
1.335
1.370
1.141
0.994
0.851
0.745
0.536
1.011
1.086
1.219
1.173
1.972
1.155
1.173
1.096
0.820
1.007
1.411
1.285
1.512
1.338
0.707
0.719
0.937
0.769
0.559
1.193
1.243
1.364
1.164
0.617
0.805
1.204
1.489
1.312
0.799
0.943
0.937
0.558
0.816
0.638
1.397
2.054
0.978
0.572
0.955
0.629
0.850
1.130
0.968
1.285
1.389
0.948
0.807
0.815
0.838
0.608
0.782
0.781
0.737
1.787
1.141
1.323
1.014
0.968
0.612
0.642
0.789
0.549
0.790
1.200
1.245
0.876
0.945
1.038
0.914
0.812
0.986
1.777
1.102
0.898
0.862
0.694
1.031
1.020
1.111
1.095
1.131
1.438
0.911
1.132
0.871
1.134
0.877
0.751
0.736
1.157
0.873
1.012
1.170
1.196
0.751
1.016
0.719
0.976
0.803
1.939
2.206
1.178
0.808
1.289
1.490
1.333
1.471
1.181
0.677
1.162
1.211
1.460
1.259
1.245
0.914
1.166
1.319
0.996
1.079
0.907
1.388
1.674
1.382
1.666
1.758
1.359
1.464
1.582
1.048
1.531
2.203
1.666
0.851
1.220
1.250
1.305
1.260
0.986
1.734
1.398
0.902
1.354
1.405
1.091
1.129
1.246
1.271
1.239
1.768
1.585
0.801
1.403
1.470
1.391
1.274
0.864
0.967
2.181
2.856
1.544
1.818
1.792
1.590
1.383
1.189
1.101
1.595
0.985
1.282
1.298
1.440
1.245
1.162
1.325
1.095
1.365
1.491
1.187
1.492
1.357
0.969
1.183
1.447
1.991
1.181
1.157
1.123
1.155
1.518
1.542
1.030
2.403
1.725
1.060
2.001
1.345
1.057
1.430
1.121
1.462
1.444
1.308
1.448
1.288
1.040
1.115
1.739
0.910
1.534
0.988
1.586
1.048
0.970
1.233
1.392
1.490
0.985
0.789
1.313
0.832
1.020
1.039
1.308
0.806
1.054
1.391
1.302
1.317
0.996
0.963
0.993
1.203
1.259
1.520
1.047
1.176
0.916
1.076
1.036
0.825
1.408
1.382
1.123
0.907
1.343
1.674
1.120
1.317
1.112
0.984
1.359
1.109
1.117
1.015
1.422
1.962
1.210
0.695
1.174
1.361
1.486
1.366
1.436
0.831
1.017
1.319
1.049
1.353
1.045
1.612
1.354
1.252
0.866
0.653
1.441
1.388
1.480
1.200
0.998
0.514
1.316
0.667
0.766
1.146
1.174
1.492
1.208
1.236
0.793
0.966
0.797
1.001
1.045
1.052
1.090
1.059
1.147
0.993
1.197
1.542
1.061
0.817
1.076
0.913
1.012
1.279
1.344
1.547
1.253
0.862
1.103
0.947
1.098
0.862
1.021
1.087
1.149
0.973
1.042
1.593
0.972
0.893
1.075
0.861
1.171
1.314
0.879
1.261
1.265
0.734
0.948
0.706
0.937
0.955
0.957
1.099
0.853
1.036
1.015
1.211
1.187
0.867
1.114
0.485
0.901
0.784
0.777
0.976
1.031
1.111
1.262
0.868
0.621
0.573
1.036
1.029
1.183
1.272
1.050
1.163
1.059
1.230
0.738
0.643
1.097
1.024
1.315
1.095
0.799
0.675
0.706
0.767
1.287
1.127
0.857
0.658
1.296
1.459
1.268
0.894
1.185
1.008
0.645
0.665
1.127
0.991
0.922
1.045
0.912
1.020
1.257
1.429
1.169
0.929
0.994
0.687
0.539
0.884
1.073
1.578
1.058
0.797
1.076
0.816
1.202
0.753
1.719
1.219
1.357
1.211
0.582
0.921
0.789
0.774
0.660
0.915
0.989
0.667
0.935
0.951
0.841
0.779
0.861
0.885
0.603
1.028
1.205
0.830
0.863
0.857
1.139
0.832
0.725
0.762
0.891
0.971
0.755
1.102
1.035
1.589
1.695
1.480
1.746
2.271
2.458
2.152
1.695
0.764
1.139
0.971
1.182
0.889
1.383
0.868
0.897
0.886
0.970
0.747
0.894
1.158
1.130
1.058
0.881
0.924
1.222
1.655
1.487
1.287
0.781
0.774
1.593
0.942
1.881
1.222
1.035
1.034
1.327
2.241
1.922
1.568
1.484
1.470
1.571
1.407
0.965
0.955
1.323
1.411
0.763
1.043
1.030
1.079
1.213
0.844
1.422
1.324
1.149
1.476
0.883
1.912
1.580
1.194
0.866
1.195
1.194
1.050
1.781
1.426
1.719
1.717
0.879
0.874
1.573
1.302
1.333
1.019
0.967
0.938
0.958
1.057
1.364
1.491
1.444
1.416
1.292
0.692
1.147
1.031
1.473
1.392
1.574
1.055
1.217
0.928
1.225
1.157
1.090
1.577
1.407
1.423
1.184
2.184
1.548
1.592
1.064
1.014
1.382
0.949
0.829
1.619
1.124
0.932
1.343
0.917
1.044
1.418
1.368
1.655
1.058
1.119
1.517
1.055
1.296
1.309
1.671
1.151
1.362
1.080
1.553
1.341
1.106
1.333
1.484
1.005
1.093
1.273
1.332
0.796
1.568
0.945
1.348
1.453
0.963
1.993
1.356
1.245
1.262
1.107
1.419
1.327
0.956
1.077
1.043
1.303
1.496
1.314
1.289
1.416
1.246
1.427
1.274
1.218
1.029
1.062
1.184
1.258
0.928
1.085
1.429
1.589
1.260
1.207
1.231
1.117
1.251
0.986
0.986
1.543
1.177
1.053
1.206
1.587
1.329
1.280
1.424
1.437
1.324
1.501
1.399
1.132
2.518
1.393
1.396
1.272
0.939
1.522
1.714
1.203
1.127
1.495
1.600
1.589
1.231
1.006
1.605
1.536
1.411
1.360
1.241
0.947
0.859
0.905
1.032
1.620
1.516
1.397
0.984
1.361
1.254
0.805
1.244
1.211
1.269
0.855
0.974
1.163
1.414
1.485
1.072
1.406
1.097
0.903
1.108
1.030
1.000
0.734
1.160
0.955
0.652
0.980
1.554
1.556
0.961
0.896
0.743
1.071
0.911
1.362
0.879
0.660
0.974
1.174
1.130
0.915
1.001
1.068
1.457
1.252
1.008
0.878
1.074
1.112
0.736
0.577
0.552
0.847
0.864
0.801
1.324
0.965
1.392
1.456
1.192
1.036
0.888
0.802
0.883
1.367
1.196
1.533
1.279
1.017
0.711
0.940
0.579
0.950
1.513
1.056
1.029
0.924
1.120
1.123
0.779
0.763
0.615
0.967
1.422
0.583
0.784
0.765
0.685
1.131
1.050
0.913
0.820
0.819
0.675
0.922
1.336
0.889
0.791
0.893
0.959
0.990
0.884
1.746
2.276
1.088
1.146
1.264
0.918
1.189
0.747
0.770
0.893
0.912
0.829
1.669
1.428
1.143
0.996
1.170
0.965
0.765
0.877
0.821
0.899
0.697
0.685
0.994
0.888
0.644
1.189
1.194
0.855
1.017
1.198
0.863
0.714
1.229
0.990
0.536
0.610
0.793
1.324
0.801
1.263
0.974
1.182
1.139
-99.000
0.973
1.620
1.508
1.067
0.931
1.308
0.901
1.181
0.764
0.738
0.962
1.048
1.013
1.039
1.155
1.010
1.065
1.004
0.622
1.051
1.385
0.868
0.935
1.084
0.820
1.112
1.001
0.793
0.949
0.698
0.895
2.040
2.068
1.522
1.232
1.289
1.802
1.786
1.406
1.311
1.317
0.797
1.153
0.951
1.032
0.748
1.193
1.174
0.955
0.875
1.117
2.178
2.327
1.651
1.129
1.383
1.146
1.018
1.409
1.532
1.401
0.874
0.665
1.072
1.026
1.216
1.057
0.961
1.180
0.941
0.902
1.119
1.622
1.283
1.045
1.433
1.297
1.159
1.358
1.093
0.783
1.431
1.297
1.836
1.466
1.700
1.496
1.406
1.269
0.544
0.853
1.208
0.845
1.603
1.295
1.507
1.048
1.590
1.126
0.993
1.222
0.896
1.210
1.346
1.284
1.381
2.066
1.008
0.993
1.555
1.237
0.935
1.124
1.324
1.269
1.570
1.340
0.856
0.816
1.484
1.329
1.375
0.963
1.255
1.306
1.371
1.519
0.882
1.438
1.298
1.054
1.150
1.462
1.426
1.196
1.423
1.334
1.440
1.587
1.262
1.339
1.641
1.027
1.269
1.661
2.264
1.757
1.154
1.267
1.489
1.603
1.522
1.059
1.230
1.307
1.477
1.036
0.982
1.317
1.178
1.324
1.337
1.551
0.964
2.606
1.466
1.375
1.379
1.307
1.330
1.097
1.208
1.548
1.215
1.459
0.879
0.996
0.820
1.037
1.244
1.120
1.142
0.999
0.931
1.146
1.259
0.925
0.908
1.417
1.410
0.996
1.101
1.187
1.157
0.940
1.637
1.716
1.638
1.830
1.257
1.017
0.693
0.723
0.860
0.998
1.388
1.068
-99.000
-99.000
-99.000
-99.000
-99.000
-99.000
-99.000
-99.000
0.903
0.879
0.991
1.125
1.216
0.717
0.628
1.156
1.127
0.908
0.914
1.168
1.557
1.220
1.238
0.876
1.019
1.266
1.013
1.379
1.036
0.946
1.035
1.208
1.045
1.213
0.899
0.747
1.153
1.243
1.780
1.137
0.571
1.118
1.202
1.043
1.283
1.147
0.923
1.875
1.758
1.644
1.005
1.337
1.538
1.445
1.029
1.014
0.683
0.816
1.038
0.640
1.159
1.019
0.687
0.842
1.175
0.580
0.712
0.964
0.725
0.977
0.920
1.068
0.853
0.774
1.308
1.525
1.673
1.719
1.057
1.400
1.424
1.746
1.745
1.468
1.227
0.734
0.930
0.917
0.605
1.064
0.999
0.630
1.048
1.375
0.890
1.190
0.713
1.005
0.963
1.180
1.727
1.215
1.274
0.846
1.206
0.929
0.742
1.185
1.294
1.198
1.149
1.013
0.860
0.756
0.860
1.513
1.365
1.066
1.005
0.802
0.766
1.030
0.655
0.793
0.609
0.931
0.802
0.864
1.084
1.348
1.222
1.561
1.396
0.927
0.877
0.805
1.434
1.785
0.926
0.533
0.708
1.136
1.469
1.293
0.779
0.927
0.889
1.210
0.698
1.808
1.519
2.282
2.620
1.935
1.073
0.524
0.673
1.169
0.794
0.898
1.094
1.103
1.124
0.676
1.054
0.981
1.570
1.606
0.947
1.313
1.487
1.422
0.939
0.847
1.756
2.136
1.559
1.474
1.444
0.742
1.018
1.041
2.005
1.834
1.431
0.802
0.873
1.050
1.104
0.542
0.474
0.826
1.111
0.993
1.405
1.138
1.131
1.167
0.945
0.807
1.500
1.107
1.169
0.828
1.361
1.365
1.503
1.340
1.740
1.894
1.139
1.653
1.050
1.511
1.376
1.053
1.430
1.021
2.615
2.174
1.060
0.998
1.428
1.594
1.222
1.935
2.063
1.154
1.003
1.455
1.247
1.681
1.895
0.883
1.435
1.382
1.733
1.387
1.528
2.009
2.139
1.702
1.270
1.132
1.205
0.945
1.156
1.073
0.978
1.256
1.506
1.189
1.509
0.649
1.342
1.344
1.536
1.329
1.732
1.498
1.775
1.127
1.492
1.071
1.133
1.613
1.598
1.200
1.159
1.127
1.198
1.412
1.528
1.446
1.315
1.591
1.800
1.660
1.643
1.234
1.566
1.690
2.146
1.344
1.642
1.245
1.422
1.335
1.524
1.120
1.492
1.663
1.834
1.621
1.191
1.757
1.197
1.463
1.681
1.542
0.956
1.466
1.176
1.538
1.439
1.224
1.091
1.534
1.408
1.413
1.133
1.351
1.537
1.111
1.113
1.634
2.012
1.616
1.839
1.723
1.620
1.063
1.045
0.773
1.066
1.316
0.975
1.209
1.544
1.313
1.216
0.812
1.091
1.160
1.145
1.127
1.180
1.088
1.153
1.142
0.996
1.260
1.468
1.589
1.485
1.729
1.256
1.642
1.015
1.253
1.294
1.431
1.348
1.243
0.805
1.407
1.182
1.589
1.806
0.780
1.025
1.380
1.083
0.949
1.202
1.200
1.109
1.451
1.626
1.481
1.292
1.004
1.248
1.119
1.522
1.419
1.748
1.915
1.352
0.789
1.064
1.329
1.401
1.272
1.498
1.499
1.426
0.740
0.976
0.870
1.014
1.047
0.830
1.202
1.186
0.947
0.903
1.111
0.781
0.939
0.834
1.135
1.410
1.105
1.015
0.983
1.126
1.171
1.630
0.782
1.064
1.057
0.911
0.795
0.854
0.893
1.314
0.706
1.047
0.884
1.056
0.868
0.726
0.742
1.075
0.922
1.103
0.936
0.786
0.612
0.965
1.245
1.232
1.221
0.961
1.159
1.464
1.612
1.329
1.023
1.220
1.245
0.778
1.428
1.458
0.895
1.325
1.112
1.665
1.487
0.905
0.626
0.695
1.069
1.202
1.235
0.776
1.325
1.066
1.104
0.842
0.857
0.577
0.896
0.622
0.820
1.153
1.003
0.870
0.722
0.892
0.634
1.159
1.102
0.813
1.416
0.691
0.674
1.372
1.118
1.361
1.310
0.965
1.157
0.644
0.997
0.606
1.264
1.091
0.889
0.731
1.673
2.541
1.679
1.143
1.019
1.179
0.732
1.660
1.397
1.391
1.355
1.073
0.950
0.945
0.857
0.653
0.696
1.058
0.670
1.002
0.787
1.200
0.809
0.741
0.641
1.297
0.906
1.613
1.651
1.236
0.914
1.119
1.183
2.423
1.798
0.747
0.915
1.754
1.546
0.991
0.870
0.760
1.360
2.037
1.499
0.925
0.991
1.470
1.334
1.074
1.131
1.125
1.111
1.470
1.464
1.354
1.095
0.788
1.158
1.221
0.853
0.990
0.866
1.329
1.177
1.167
0.934
0.961
1.384
1.057
1.108
2.136
1.363
1.835
2.533
2.326
1.729
0.960
0.918
1.038
0.962
1.134
0.779
1.401
1.112
0.805
2.020
2.457
2.337
1.652
0.807
0.864
1.087
0.983
1.233
0.883
1.283
1.356
1.355
1.473
1.323
1.087
1.260
0.898
1.875
1.067
0.775
0.930
1.069
1.454
1.755
1.248
1.561
1.040
0.597
0.868
0.848
1.073
1.174
1.098
1.131
1.154
1.337
1.075
1.305
1.269
0.969
1.532
1.463
1.264
1.440
0.994
1.074
0.885
1.527
1.614
1.794
1.114
1.494
1.637
1.066
1.919
1.633
1.800
0.965
1.048
1.115
1.824
1.639
0.891
1.300
1.510
1.506
0.966
1.443
1.276
1.302
2.141
1.060
1.758
1.005
1.430
1.351
1.092
1.269
1.363
1.258
0.920
1.555
1.034
0.993
1.206
1.133
1.173
1.022
1.590
1.001
0.994
2.148
1.619
1.810
1.381
2.213
1.791
1.755
1.311
1.143
1.195
1.496
1.057
1.301
1.406
1.379
0.892
1.296
1.156
1.141
1.658
1.319
1.493
0.991
1.016
0.983
1.143
1.495
1.239
1.407
1.331
1.190
1.450
0.994
1.542
1.315
1.584
1.047
1.821
0.937
0.696
1.642
0.870
1.132
0.998
0.696
1.068
1.508
0.991
1.090
1.153
1.098
1.818
1.099
0.935
1.232
0.953
1.501
1.500
0.945
0.926
1.375
0.927
1.649
1.456
0.979
1.055
0.631
1.153
0.931
0.861
0.840
0.676
1.067
1.131
1.270
1.487
1.619
1.542
0.796
0.747
0.836
1.052
0.633
1.376
1.348
1.264
1.141
1.122
0.707
1.001
1.005
0.714
0.993
0.951
1.225
0.956
0.852
1.318
0.954
0.898
1.045
1.051
1.340
1.148
1.100
1.307
1.352
1.425
1.132
0.729
0.929
0.848
1.155
1.291
1.350
1.776
1.278
0.992
0.946
0.936
0.935
1.196
1.500
1.123
0.567
0.838
1.455
0.899
0.738
0.896
0.687
1.130
1.157
1.320
1.089
0.835
0.758
0.919
1.083
1.048
0.840
1.021
1.117
0.992
1.841
1.240
1.164
1.613
1.214
0.864
0.798
1.069
0.870
1.119
0.950
0.947
1.211
0.736
0.799
0.684
0.767
1.098
1.074
1.126
0.646
0.681
0.823
0.736
1.177
0.938
0.633
0.896
0.969
0.981
0.648
0.560
0.825
0.801
2.056
1.737
1.248
0.968
0.639
1.081
0.724
0.739
1.111
1.087
1.044
0.923
1.085
0.938
1.132
0.882
0.499
2.279
2.501
1.799
1.542
1.524
1.407
1.226
1.101
0.895
0.915
1.270
1.540
1.473
1.746
1.476
1.602
1.239
0.937
0.841
0.782
0.663
1.440
0.657
1.024
0.858
0.762
0.686
0.758
0.880
0.925
0.855
0.974
1.248
1.026
0.923
0.696
1.531
2.274
1.110
1.122
0.726
0.827
1.589
1.555
1.026
0.616
1.016
1.147
1.112
1.141
0.749
1.083
1.743
1.249
1.116
0.859
0.989
0.745
1.947
0.799
2.574
2.480
1.749
1.749
1.276
0.624
0.826
0.629
0.884
0.908
1.755
1.405
0.942
0.875
1.044
0.877
0.767
1.170
1.372
1.400
1.244
1.333
1.177
1.160
1.491
1.562
1.036
1.134
0.900
1.186
0.989
1.167
1.668
0.961
1.124
1.154
1.814
1.997
1.733
0.995
1.076
1.157
1.181
1.138
1.210
1.642
1.229
1.366
1.011
1.076
1.520
1.069
1.171
1.087
1.348
1.571
1.219
1.237
1.494
1.408
1.255
1.315
1.639
1.190
1.097
1.257
1.554
1.846
1.186
1.699
1.079
1.029
2.268
2.080
1.755
0.893
0.982
1.436
2.009
1.450
1.147
1.203
1.461
1.809
1.522
1.471
1.105
1.538
1.200
1.905
1.046
1.082
1.246
1.055
1.396
1.338
1.402
1.322
1.129
1.183
1.759
1.329
1.212
0.942
1.525
1.716
1.273
1.559
1.421
0.989
0.943
1.158
1.726
1.047
1.767
1.566
1.980
1.450
1.785
0.867
1.068
1.276
0.781
1.092
1.397
1.224
1.121
1.063
1.123
1.547
1.151
2.072
1.566
1.164
1.201
1.673
1.613
1.495
0.856
0.757
0.596
0.879
1.063
1.449
1.350
1.164
1.023
1.012
1.459
1.465
1.431
1.571
1.428
1.619
1.792
1.491
1.342
1.501
1.561
1.672
1.579
1.811
1.060
1.047
1.750
1.817
1.389
1.302
1.227
1.434
1.651
0.865
1.203
0.921
0.915
1.054
0.638
0.850
1.048
1.144
0.866
1.115
0.995
1.115
0.912
0.905
1.231
1.016
1.252
1.442
0.997
1.137
1.123
0.811
0.978
1.048
1.266
0.958
1.413
0.896
1.179
0.755
0.992
0.598
0.802
0.868
0.719
1.007
1.154
1.053
1.014
0.964
0.926
0.940
0.751
1.135
1.323
0.804
0.887
1.268
1.108
0.856
0.831
0.585
0.777
0.740
0.683
1.226
1.167
0.909
1.731
1.082
1.120
1.425
1.577
1.348
1.279
0.603
0.904
1.083
1.265
1.065
0.885
0.973
1.177
0.749
0.903
0.748
0.711
0.716
0.854
0.744
1.142
1.236
1.004
0.866
0.800
0.566
0.963
0.754
0.558
0.769
1.114
0.939
1.244
1.242
0.903
0.795
0.821
0.581
0.755
0.974
0.832
1.267
0.791
0.769
0.800
1.004
0.934
0.910
0.849
0.739
1.119
0.887
0.970
1.244
1.394
1.008
2.407
1.194
0.843
1.157
0.785
0.744
0.649
1.022
1.034
1.072
0.843
1.205
1.325
0.943
1.152
1.095
0.930
0.582
0.710
0.504
1.146
1.592
1.051
0.772
0.842
0.854
1.003
0.701
1.177
1.881
2.007
0.808
1.856
2.610
1.682
0.806
0.965
0.862
1.186
1.055
1.013
1.013
0.866
0.716
0.621
0.628
0.858
1.113
1.013
1.424
1.031
0.716
1.053
2.363
1.539
1.184
0.869
1.562
2.078
1.662
0.828
0.430
0.922
1.953
0.925
1.482
0.939
1.058
1.448
0.941
0.827
1.244
1.702
1.182
0.861
1.434
1.563
1.450
0.772
0.807
1.499
1.354
1.566
1.982
1.159
0.900
1.111
0.985
1.305
1.270
1.003
0.907
1.378
2.201
2.683
1.056
0.819
0.645
0.970
1.333
2.648
1.898
2.431
1.705
0.838
0.570
0.956
1.083
0.832
0.842
0.848
0.999
1.361
1.601
1.479
1.406
0.884
1.521
2.052
1.312
1.453
1.151
1.363
1.096
1.748
1.686
1.753
1.182
1.236
1.042
1.369
0.965
1.903
0.592
1.176
1.161
1.225
1.009
1.224
1.299
1.550
1.503
1.179
0.921
1.719
1.777
1.536
2.769
2.695
1.448
1.523
1.282
1.358
1.247
1.264
1.452
0.976
1.511
2.701
1.655
0.996
1.371
1.303
1.530
1.130
1.479
1.164
1.136
1.101
0.806
1.496
1.219
1.048
1.199
1.161
1.324
1.318
1.229
1.756
1.310
1.297
1.222
0.835
1.124
1.890
1.289
1.356
1.193
0.914
1.140
1.234
1.491
1.415
1.863
1.388
1.545
1.329
1.223
1.171
1.562
1.146
1.209
1.380
0.729
1.423
1.514
1.454
1.292
1.604
1.040
1.052
1.259
1.181
1.575
1.123
1.219
1.497
0.885
1.069
1.159
1.176
1.194
1.509
0.940
1.100
1.244
1.354
1.285
1.325
1.527
0.976
1.156
1.263
1.509
1.686
1.749
1.566
0.998
1.030
0.871
0.682
0.995
1.172
1.153
1.141
1.421
1.502
1.251
1.045
0.841
0.655
1.033
1.708
1.238
0.978
1.139
1.223
1.255
1.268
1.217
1.084
1.144
1.418
1.716
1.114
1.143
1.159
1.051
1.410
1.152
1.209
1.042
0.626
1.043
0.917
1.356
1.344
1.585
1.334
1.008
1.009
0.906
1.449
1.554
1.305
1.259
1.071
0.855
1.076
1.195
0.984
1.022
0.876
1.061
1.098
1.251
1.284
0.893
0.552
1.091
1.041
0.715
1.542
1.349
0.920
0.964
0.751
1.041
0.921
0.988
1.231
1.076
0.715
1.010
1.502
1.208
1.307
1.384
1.040
1.066
0.734
0.888
1.213
0.952
0.704
0.870
1.007
1.028
1.056
1.803
1.215
0.934
1.160
0.705
1.081
1.026
0.880
1.097
1.542
1.337
0.879
1.410
1.865
1.640
1.071
1.126
1.568
1.263
0.909
0.955
1.244
1.710
1.320
0.731
0.754
0.843
1.028
0.788
1.169
1.147
0.970
1.203
0.985
1.215
1.363
1.013
1.927
1.626
1.155
1.006
1.028
1.051
1.200
1.122
0.813
0.640
0.780
0.837
0.713
0.535
0.914
0.745
1.314
1.319
1.354
1.222
1.099
0.756
1.159
1.077
0.680
1.300
1.174
0.713
1.065
1.087
1.013
1.050
1.265
0.849
0.859
1.409
1.424
1.443
1.155
0.788
0.810
1.107
0.942
1.204
1.599
1.442
1.057
0.579
1.628
2.276
1.721
1.231
0.869
1.093
1.220
1.073
0.841
1.254
1.146
1.325
1.443
1.473
1.050
0.963
1.411
1.976
1.057
0.963
1.197
1.375
2.078
1.857
1.548
0.954
0.579
0.893
1.181
0.925
0.896
0.719
1.233
1.127
0.950
1.033
1.362
1.905
1.598
0.899
1.241
1.065
1.133
1.466
1.055
1.332
2.211
0.973
0.765
1.137
0.801
1.461
0.914
1.314
1.488
1.105
2.563
2.083
1.081
1.342
1.497
1.649
1.825
1.467
1.011
1.507
1.477
1.639
1.731
1.502
1.323
1.492
1.364
1.402
1.249
0.849
1.353
1.326
1.007
1.078
1.119
1.399
1.005
1.767
1.352
1.384
1.800
0.818
0.954
1.354
1.221
1.275
1.076
0.974
1.255
1.532
1.470
1.090
1.755
1.563
1.637
1.380
2.014
1.414
2.184
1.434
1.481
1.188
1.304
1.244
1.166
1.177
1.588
1.488
1.436
1.867
1.483
1.513
1.731
1.586
1.805
1.176
1.279
2.228
1.013
0.960
1.240
1.031
1.288
1.873
2.156
1.428
1.401
1.225
1.793
0.867
1.485
1.342
1.733
1.113
1.163
1.184
1.286
1.322
0.823
1.064
1.005
1.169
1.403
1.292
1.011
1.535
1.020
1.229
0.923
1.673
1.531
1.980
1.334
1.417
1.058
1.108
0.971
0.899
0.975
0.957
1.061
0.982
1.375
1.393
1.072
1.294
1.079
1.576
1.086
1.488
1.317
1.187
1.010
1.212
1.474
1.349
1.488
1.382
0.990
1.434
1.840
1.033
1.355
1.315
1.390
1.327
2.023
1.366
1.361
1.379
1.907
1.467
1.705
1.078
1.160
1.435
1.725
0.948
1.687
1.421
1.109
1.410
1.116
0.929
1.083
1.116
1.239
1.300
1.546
0.957
1.312
1.440
1.016
1.351
1.663
1.489
1.419
0.936
1.064
0.684
0.685
0.903
1.274
0.798
1.056
1.137
1.432
1.486
1.120
1.221
1.605
1.081
1.119
1.168
1.187
1.127
1.279
1.484
1.509
1.062
1.112
1.590
1.681
1.493
1.098
1.111
1.011
0.877
0.892
1.279
0.804
1.014
1.491
1.642
1.603
1.131
0.649
0.779
1.023
0.838
0.529
0.844
0.843
0.812
0.943
0.985
0.842
0.814
1.114
0.951
0.977
0.881
0.934
0.679
0.745
0.515
0.856
0.991
0.694
0.606
0.609
1.093
1.221
1.259
1.401
1.206
1.041
1.572
1.903
1.351
1.064
0.950
1.094
0.878
0.895
0.967
0.718
0.716
0.952
0.959
0.839
1.040
0.817
1.323
0.943
1.222
1.477
1.284
1.267
0.838
1.146
1.146
1.110
0.957
0.723
0.790
0.781
0.882
0.852
1.079
0.961
1.510
1.625
1.697
0.841
0.702
0.736
0.870
0.927
0.742
0.814
0.931
1.026
1.381
1.177
0.914
0.585
1.083
1.022
1.453
1.078
0.424
0.505
1.134
1.096
0.488
0.976
0.667
1.441
1.682
2.028
1.464
1.038
1.014
1.196
1.218
1.162
1.401
1.470
1.442
1.362
1.330
1.191
1.335
1.679
1.289
1.205
0.729
1.148
0.902
0.790
1.163
1.171
1.145
0.728
0.943
1.232
1.059
1.009
1.152
1.227
0.995
1.148
1.016
0.919
0.748
1.272
0.837
0.837
1.540
2.243
1.403
0.996
0.768
0.821
1.046
1.068
1.386
1.147
0.952
1.324
1.192
2.117
1.171
0.731
1.822
2.664
1.972
0.996
1.006
0.540
0.974
1.551
1.250
1.171
1.022
2.158
1.404
1.472
1.817
1.012
0.858
1.061
1.339
0.937
1.531
1.735
1.427
0.998
1.091
1.269
1.539
1.247
1.160
1.135
1.182
0.879
0.656
1.772
0.983
1.134
0.770
0.996
1.217
1.726
1.204
1.118
1.524
1.788
1.502
1.028
1.071
1.335
1.049
1.098
1.163
0.837
1.336
1.228
1.081
1.783
0.988
1.588
1.419
1.350
0.936
0.904
1.261
0.991
1.535
1.225
2.262
1.464
1.690
1.247
1.323
1.843
1.551
1.341
1.555
1.539
1.114
2.043
1.399
1.377
1.150
1.390
1.022
1.513
1.580
1.343
2.011
1.335
1.166
0.853
0.984
1.358
1.094
1.672
1.187
1.789
1.759
1.728
2.193
1.855
2.035
1.386
1.820
1.700
1.918
2.187
2.461
1.812
1.365
1.529
1.154
1.487
1.012
1.236
0.769
1.177
0.901
1.274
1.419
0.991
0.708
1.329
1.371
1.058
1.676
1.045
1.100
1.171
1.692
1.082
1.246
1.431
1.678
1.496
0.904
0.888
1.099
1.239
0.958
1.139
1.611
1.502
1.181
1.029
1.086
1.177
0.891
1.156
1.373
1.098
1.269
1.539
0.991
0.955
1.147
0.681
0.779
1.257
1.405
2.053
1.935
1.542
0.927
1.387
1.298
0.988
0.910
1.208
1.135
1.175
1.153
1.137
0.956
1.088
0.941
0.592
0.823
0.866
0.763
1.040
0.949
1.283
1.281
1.088
1.146
0.946
0.921
0.906
0.869
0.870
0.935
0.858
0.801
0.681
0.871
1.105
1.121
0.680
1.066
1.395
1.113
1.124
1.560
0.962
0.946
1.244
1.144
0.976
0.913
1.254
0.908
0.525
0.892
0.822
1.581
1.651
0.754
1.049
0.876
0.753
0.762
0.916
0.923
0.706
0.776
0.811
1.058
0.894
0.568
0.654
0.805
0.738
0.863
0.872
0.698
1.020
1.177
1.302
0.925
0.681
0.562
0.847
0.685
0.700
1.078
0.580
0.881
0.797
1.102
1.398
1.231
1.270
0.815
0.524
0.876
0.973
1.060
0.807
0.979
1.103
1.179
0.777
1.050
1.124
0.866
0.773
0.971
0.913
0.980
0.875
0.789
0.899
0.740
0.960
0.862
1.081
0.860
1.280
0.985
1.000
1.055
1.300
1.331
0.948
1.084
0.882
1.578
1.307
0.730
0.619
0.818
0.621
1.060
1.230
1.381
1.546
1.309
2.148
1.282
1.346
1.394
1.127
0.821
0.806
0.859
1.208
0.889
0.647
1.082
1.922
1.869
0.961
1.330
0.808
1.188
0.976
1.099
1.140
0.838
1.143
1.077
0.700
1.198
1.699
1.981
1.411
1.098
0.848
1.018
0.878
0.898
1.882
1.783
0.899
0.926
1.239
0.912
1.012
1.426
1.229
1.399
0.945
1.373
1.537
1.577
1.564
1.422
1.020
1.193
1.128
2.136
0.991
1.120
0.708
1.046
1.119
2.283
2.332
1.562
0.762
0.725
0.936
0.773
0.864
0.992
1.030
0.993
1.340
1.305
1.007
1.282
1.207
0.900
1.851
2.629
1.255
0.683
1.017
1.340
1.200
1.208
0.970
1.214
0.828
1.815
2.137
1.557
0.936
0.638
0.927
1.266
1.011
1.355
1.256
1.136
0.949
0.964
1.080
0.969
1.086
1.432
1.143
1.211
1.573
1.682
1.197
1.578
1.729
1.774
1.667
1.572
1.607
1.821
1.160
1.201
1.039
0.955
1.459
1.203
1.717
1.125
1.412
1.399
1.829
1.631
2.031
1.647
1.407
1.405
1.815
0.980
0.971
1.215
1.495
1.283
1.432
1.746
1.299
1.531
1.496
1.300
1.545
1.437
1.181
1.089
1.644
1.125
1.879
1.648
0.770
1.194
1.601
1.688
1.368
0.974
1.474
1.727
1.223
1.263
1.295
1.298
1.021
1.129
1.184
1.007
0.976
0.847
0.921
1.858
1.639
1.541
1.737
1.659
1.156
1.199
1.130
1.013
1.173
0.933
1.233
0.877
1.456
1.520
0.953
1.148
1.260
1.273
1.265
1.025
1.464
0.858
0.848
1.193
0.876
1.526
1.736
1.520
0.920
0.937
1.084
1.092
0.918
0.760
1.315
1.015
1.019
1.399
0.917
2.049
1.454
1.575
1.544
0.991
0.636
1.169
1.209
1.352
1.176
1.176
1.233
1.669
1.353
1.151
1.164
1.576
1.384
1.255
1.429
1.474
1.325
1.488
1.098
0.582
0.662
0.912
1.739
1.043
1.065
1.160
1.020
0.915
1.384
1.589
1.371
1.305
1.233
1.005
0.887
1.629
1.065
1.511
1.150
1.237
1.359
0.916
0.976
1.094
1.013
0.958
1.291
1.364
1.031
1.038
1.426
1.346
0.686
1.129
1.162
0.611
0.707
0.757
0.992
1.139
0.872
1.166
1.120
0.818
0.556
0.818
0.914
1.333
1.115
1.098
1.176
1.081
1.062
0.909
0.730
0.860
0.712
1.262
1.187
1.383
1.079
0.955
1.111
0.878
0.960
0.794
0.983
1.406
1.353
1.075
0.622
0.977
1.020
1.022
0.955
0.790
0.527
0.767
0.829
1.030
1.587
0.881
1.055
0.635
0.834
0.661
0.723
0.799
0.773
1.116
0.885
1.082
1.455
0.914
0.878
1.164
1.543
0.608
1.036
0.946
0.918
1.437
1.046
0.841
0.822
0.965
0.676
0.741
0.954
0.965
1.059
0.788
0.786
1.323
0.757
0.751
0.828
0.799
0.859
0.934
0.898
0.601
0.917
0.725
0.539
1.046
1.688
2.119
1.498
1.328
0.857
1.307
1.049
1.290
1.167
1.059
1.229
1.092
0.874
0.796
1.051
1.184
1.164
0.571
1.329
1.009
0.896
1.130
0.893
0.841
0.987
1.220
0.865
1.229
1.854
1.336
0.792
0.972
0.825
0.988
1.068
0.784
1.097
1.257
1.408
1.555
1.310
1.490
1.375
1.437
1.954
2.203
1.287
1.088
1.007
1.315
1.224
0.725
1.328
1.692
1.742
1.022
1.057
1.198
2.694
2.226
1.572
0.671
0.674
0.940
0.753
0.894
0.914
1.249
1.495
1.638
1.764
1.451
1.418
1.259
1.023
1.126
1.285
1.011
0.848
0.949
0.922
1.246
1.149
1.683
1.679
0.957
1.060
1.123
1.592
1.671
2.088
2.373
1.175
0.841
0.897
1.323
1.729
1.368
0.990
0.776
0.918
1.040
1.499
1.135
1.378
1.188
1.226
0.949
1.085
1.397
0.970
1.108
1.264
1.362
1.516
1.572
0.999
1.191
1.280
1.618
2.034
1.591
1.190
1.136
1.227
1.404
1.282
0.871
1.389
0.812
1.235
1.415
1.221
1.048
1.207
1.547
1.211
1.194
1.155
1.448
1.607
1.495
1.579
0.994
1.228
1.077
1.402
1.325
1.378
1.219
1.289
1.455
1.026
1.165
1.334
1.645
1.041
1.832
1.689
1.371
0.935
1.638
0.843
0.782
1.292
0.927
1.470
1.451
1.636
1.544
1.281
1.483
1.019
1.313
1.204
1.149
1.147
1.380
1.064
0.934
1.353
1.028
1.579
1.394
1.232
0.958
1.374
1.449
1.932
1.138
1.152
1.209
1.257
1.484
1.861
1.523
1.188
1.539
1.344
1.299
1.286
1.093
1.274
0.787
0.925
1.568
1.595
1.328
0.914
1.098
1.001
1.091
0.929
1.157
0.977
1.069
1.125
0.998
1.188
0.960
0.825
1.333
1.443
1.802
1.574
1.247
0.952
0.720
0.774
1.246
1.251
0.726
0.948
0.920
1.313
1.303
1.484
1.541
1.396
1.334
1.253
1.483
1.629
1.293
1.447
0.983
1.169
1.246
0.972
1.226
1.027
0.779
0.925
0.735
0.738
0.958
1.103
1.128
0.989
1.096
1.047
1.026
1.286
1.187
1.469
1.681
1.189
1.008
1.447
0.872
0.966
1.061
0.756
1.251
1.383
1.431
1.379
1.330
1.326
1.180
1.240
1.317
0.856
0.740
1.146
1.646
0.838
1.728
0.790
1.202
1.370
1.181
0.735
0.820
0.602
0.885
0.688
0.599
0.611
0.935
1.033
0.807
1.064
1.261
0.760
0.828
0.767
1.334
1.071
0.617
0.843
0.859
0.766
0.768
0.956
1.088
1.297
1.144
1.525
1.363
1.253
1.005
0.771
1.318
0.761
0.881
1.028
0.943
0.652
0.686
0.909
1.031
1.113
0.867
1.921
2.407
1.412
1.157
1.191
1.052
1.251
1.267
1.150
0.596
2.210
1.736
1.449
0.763
1.091
0.829
0.928
0.744
0.696
0.685
0.749
0.740
0.691
0.931
1.352
1.285
1.347
1.461
0.957
0.914
1.082
0.898
1.032
1.132
0.871
0.819
0.781
1.953
1.747
1.105
1.200
0.877
1.236
1.535
1.958
1.868
1.449
1.441
1.295
1.259
1.103
0.906
0.872
1.465
1.553
0.985
0.902
1.377
0.804
1.094
1.059
0.854
0.999
0.805
1.176
0.747
1.161
1.229
1.300
2.210
1.626
1.287
1.043
1.061
1.708
0.950
1.346
1.035
1.293
1.536
1.522
0.948
1.119
1.014
1.239
1.388
1.437
1.235
1.129
1.349
1.135
1.261
1.017
0.852
0.877
0.975
0.947
1.002
1.074
1.004
1.833
2.510
1.341
1.040
1.330
1.128
1.117
1.283
1.612
1.259
1.142
0.856
0.931
1.116
1.896
1.196
2.331
1.646
0.988
0.783
0.985
1.356
1.280
1.468
1.101
1.450
1.330
1.330
2.034
2.144
2.527
1.689
0.755
1.015
1.072
0.833
0.536
0.746
1.165
1.195
0.688
1.015
1.367
0.894
1.704
1.506
1.820
1.447
1.603
0.952
1.614
1.309
1.433
1.400
1.269
1.088
1.223
0.721
1.110
1.272
1.997
1.791
2.521
1.737
1.011
1.010
1.443
1.497
1.533
1.417
1.069
1.846
2.256
1.236
1.272
1.267
1.903
1.317
2.079
1.297
1.508
1.129
1.077
1.028
1.499
1.825
1.727
1.219
1.389
1.029
1.231
1.829
1.594
1.620
1.100
1.401
1.070
1.424
1.328
1.539
1.145
1.141
1.212
1.341
1.083
1.098
1.740
1.096
1.206
1.268
1.078
1.553
1.287
1.598
1.434
0.998
1.563
0.817
1.051
1.527
1.851
1.662
1.399
0.854
1.424
1.492
1.549
1.329
1.360
1.130
0.994
1.172
1.066
1.424
1.141
1.005
0.887
0.730
1.318
1.111
0.890
1.119
1.310
1.813
1.418
1.502
0.841
1.076
1.072
1.576
1.143
0.938
0.959
0.860
1.672
1.420
1.076
1.044
0.842
1.539
1.091
1.229
1.268
0.938
1.326
1.036
1.082
1.337
1.735
1.408
1.943
1.620
1.492
1.193
1.070
1.432
1.598
1.115
0.946
0.953
1.164
0.956
0.895
0.791
0.663
1.025
0.893
0.926
0.728
0.937
0.982
0.948
0.909
0.933
1.028
0.877
0.740
1.132
1.739
2.353
2.000
1.666
1.168
1.074
0.961
0.752
0.767
1.346
1.153
0.918
0.714
1.247
0.918
0.795
0.806
1.412
1.266
1.065
0.861
0.636
0.929
0.841
0.968
1.100
0.824
0.989
1.305
1.110
1.103
1.150
0.881
0.774
0.834
0.781
0.573
1.103
1.356
1.587
1.435
1.049
0.896
0.651
0.763
0.763
1.160
1.364
0.862
1.249
1.130
1.203
1.546
1.107
0.635
0.839
1.028
0.831
0.874
0.724
0.740
1.095
1.022
1.161
0.866
0.878
1.460
0.958
0.848
1.238
0.671
0.989
1.338
1.093
1.458
1.895
1.769
1.223
1.023
0.748
0.709
0.942
0.926
0.866
1.512
1.181
1.162
1.416
1.139
1.555
1.456
1.606
0.907
0.664
0.884
0.924
0.818
0.822
1.523
1.185
1.217
0.741
0.409
1.061
1.076
0.824
1.294
1.026
0.975
0.971
0.913
0.856
0.912
1.188
1.431
1.077
0.958
0.932
1.054
2.201
2.136
1.846
1.991
1.643
1.118
0.758
1.100
1.396
1.102
0.742
0.815
0.747
0.834
1.436
0.813
1.124
0.734
1.349
1.385
1.583
1.460
1.576
1.205
0.654
1.295
1.050
3.220
2.339
1.505
0.898
1.300
0.712
1.177
1.056
0.845
1.271
0.835
1.144
2.048
2.087
1.610
0.669
0.579
1.566
1.468
1.097
0.991
1.155
0.678
1.740
1.887
1.271
0.768
1.393
0.749
1.191
1.854
2.304
1.681
1.544
1.405
1.172
1.475
1.040
1.391
1.311
0.962
1.300
1.232
1.233
1.558
1.453
1.453
1.628
1.205
1.886
1.065
1.214
1.410
1.295
1.267
1.270
1.002
1.165
0.868
0.577
0.578
1.671
1.863
1.287
1.261
1.376
1.484
2.291
1.470
0.944
2.085
1.378
1.434
1.294
2.892
1.927
0.971
1.263
1.094
0.935
1.368
1.161
1.213
1.682
1.064
1.501
1.447
1.317
0.691
1.060
1.034
1.932
1.261
1.881
1.218
1.801
1.205
1.447
1.653
1.076
1.378
1.098
1.236
1.441
1.434
1.840
1.138
1.099
1.852
1.957
1.533
1.527
2.172
1.467
1.214
0.934
1.462
0.975
1.426
1.309
1.478
0.936
1.039
0.837
1.225
1.429
1.294
1.415
1.247
1.171
1.011
1.445
1.225
1.362
1.209
1.518
1.439
1.635
1.561
1.806
2.022
0.985
0.863
1.207
1.231
1.008
1.089
1.376
1.009
1.086
1.036
1.042
0.827
1.291
1.236
1.032
0.998
0.712
0.874
1.133
1.333
1.279
1.346
1.327
1.340
1.258
1.178
1.126
0.944
0.947
0.974
1.433
1.442
1.491
1.860
1.483
1.912
1.707
1.432
1.492
1.270
1.240
1.913
1.697
1.361
0.957
1.125
0.889
0.903
1.280
1.514
1.429
1.488
0.974
0.880
0.812
0.919
1.341
1.153
1.055
1.063
0.867
1.104
1.338
1.418
1.799
0.877
0.943
0.695
1.071
1.285
1.358
1.447
1.662
1.496
1.579
1.537
1.040
1.532
1.755
1.101
0.890
1.243
1.071
1.371
1.188
0.846
0.913
0.938
1.294
0.921
0.942
1.060
0.960
1.220
0.692
0.999
0.774
0.997
1.788
0.644
0.987
1.121
1.039
0.879
1.103
1.175
1.202
0.900
1.741
1.091
0.726
0.867
0.766
0.918
0.939
0.778
1.118
0.739
0.809
0.803
0.431
0.818
0.802
0.832
0.851
1.232
1.644
0.992
1.079
0.757
0.726
0.873
1.262
1.392
1.478
1.321
1.234
1.273
1.057
0.954
1.342
1.354
1.261
1.785
1.230
0.848
1.391
1.069
1.090
1.032
0.757
0.927
0.615
0.816
1.033
1.022
0.692
0.534
0.943
1.172
1.177
1.180
1.074
0.641
1.123
0.890
0.873
0.821
1.111
1.658
1.583
1.595
1.501
1.382
1.333
1.432
0.892
0.741
0.967
1.094
0.826
0.610
0.818
0.779
0.695
0.978
1.144
1.390
2.107
1.581
1.912
1.409
0.994
1.215
0.971
0.525
0.838
0.831
1.013
1.153
1.495
1.635
1.262
1.049
2.158
1.200
0.600
1.108
1.219
1.233
1.384
1.285
1.002
1.074
0.999
1.341
1.223
1.368
1.297
1.235
1.355
1.328
1.371
0.912
0.874
1.058
1.494
1.233
1.780
1.162
0.925
1.217
0.640
1.109
1.098
0.767
0.978
1.163
0.875
1.165
1.052
1.039
1.276
1.065
1.633
1.379
1.733
1.930
0.755
1.203
0.981
1.437
1.173
0.711
0.839
0.781
1.080
1.241
1.094
1.335
1.463
1.037
2.351
1.647
2.186
2.326
2.189
1.654
1.125
0.930
1.196
1.344
1.286
1.622
1.401
1.080
0.999
1.048
1.101
1.104
1.118
1.168
1.212
1.620
1.341
1.217
1.214
1.387
1.351
1.458
1.012
1.592
1.529
1.484
1.354
1.429
1.406
1.585
1.277
1.133
1.376
1.525
1.125
0.752
1.080
0.907
1.198
1.287
1.315
1.392
1.435
1.235
1.345
0.943
1.867
1.494
0.912
1.446
1.625
0.877
1.342
1.347
1.498
1.617
1.206
1.349
1.396
0.986
1.483
1.342
1.532
1.120
1.217
1.282
1.276
1.352
1.609
1.829
1.011
1.335
1.051
1.265
1.788
1.519
1.289
1.589
1.785
1.327
0.949
1.647
1.180
1.548
0.696
1.395
1.079
1.130
1.274
1.025
1.674
1.961
1.712
2.005
2.052
1.106
0.900
0.897
1.091
1.402
0.858
1.508
1.331
1.302
0.962
1.248
1.010
1.654
1.457
1.298
1.362
1.609
1.572
1.622
1.019
1.364
0.879
1.087
0.972
1.285
1.301
1.231
1.982
1.855
1.745
1.048
1.253
1.151
1.031
0.873
0.708
0.862
0.840
1.269
0.681
0.988
1.413
1.144
1.234
1.650
1.260
1.416
1.026
0.995
0.627
1.093
1.160
1.243
1.642
1.490
0.795
0.951
0.932
1.072
1.008
0.908
1.379
0.602
0.951
1.245
0.818
0.932
0.991
1.363
1.223
0.878
1.040
0.771
0.758
0.946
0.889
1.146
0.997
1.309
0.911
0.903
1.371
1.549
0.640
1.027
1.036
1.490
1.397
0.863
1.888
1.559
1.452
1.393
1.567
1.345
1.512
1.498
1.527
0.693
1.071
0.797
1.058
1.242
1.252
1.267
1.574
1.173
0.631
0.568
1.331
0.884
0.768
0.698
0.710
0.716
0.940
0.932
1.282
0.863
1.323
0.954
0.617
0.962
0.932
1.002
0.698
0.797
0.843
0.892
0.945
0.845
1.049
0.934
1.026
0.933
0.710
0.829
0.737
0.745
1.888
2.015
1.172
0.926
0.860
1.087
1.002
0.732
1.190
1.034
0.752
0.779
0.745
0.731
0.874
0.675
1.664
1.109
0.985
0.902
0.697
0.726
1.117
0.837
0.802
1.168
1.242
1.158
1.769
1.303
1.195
1.123
1.146
1.999
1.801
1.582
1.306
1.035
0.603
1.037
0.914
0.970
0.765
1.400
2.626
2.211
1.946
1.532
1.239
0.807
0.890
0.866
1.201
1.026
0.967
0.390
0.706
0.658
2.117
1.440
1.126
2.075
1.612
1.299
1.213
1.054
0.916
0.808
1.233
1.478
0.980
1.731
1.492
1.306
0.709
1.204
1.524
1.369
0.932
0.895
1.308
1.303
1.045
1.668
2.543
1.431
0.987
0.671
0.947
1.017
1.165
0.745
0.949
0.580
1.057
1.097
0.987
1.114
1.193
2.164
1.930
1.612
1.320
1.006
0.966
0.861
0.913
1.398
1.490
1.190
1.134
0.755
0.947
1.206
0.889
1.185
1.022
0.709
1.335
1.357
0.998
1.149
1.291
1.254
1.414
1.464
1.197
1.132
0.929
1.286
1.069
0.878
1.100
1.312
1.113
1.015
1.204
1.212
2.217
1.651
1.015
1.322
1.394
1.355
1.492
1.554
1.316
1.767
0.804
1.165
2.572
1.437
0.868
1.720
1.338
1.194
1.303
1.887
1.307
1.273
1.066
1.326
1.188
1.117
1.560
1.321
1.144
1.106
1.408
1.670
1.459
2.442
2.806
1.836
1.457
1.368
1.457
1.544
1.712
1.708
1.376
1.336
1.118
1.063
0.775
1.503
1.216
1.125
0.986
1.547
1.427
1.692
1.065
1.653
1.491
0.995
1.316
1.544
0.977
1.305
1.319
1.456
1.096
1.056
1.056
1.306
1.030
1.456
1.185
1.016
1.401
0.964
0.905
1.126
0.973
1.260
1.225
0.757
1.022
1.349
1.191
1.200
1.565
1.281
1.354
0.760
0.634
0.965
1.130
1.462
1.802
1.224
1.144
1.170
1.327
1.049
1.320
1.314
1.141
0.914
1.024
1.615
1.611
1.395
1.033
1.158
1.250
0.910
0.978
0.917
1.301
0.577
1.023
1.160
1.401
1.007
0.744
1.264
1.684
1.342
1.567
1.551
1.349
1.555
1.885
1.629
1.330
1.181
1.037
0.830
1.011
1.302
0.921
0.604
1.381
1.609
1.810
1.864
1.608
1.276
0.841
1.038
0.839
0.802
1.177
1.306
2.733
1.230
0.939
1.034
1.177
1.208
0.715
0.614
0.782
0.992
0.800
1.062
0.659
0.896
0.742
0.974
1.015
1.058
1.398
1.161
1.122
0.926
0.954
0.848
0.978
1.223
0.975
0.656
1.076
1.032
0.993
1.279
0.888
0.647
0.613
0.684
1.218
1.154
0.743
0.799
0.796
1.199
1.080
1.676
0.986
0.682
1.106
1.308
1.462
0.764
1.112
1.621
1.747
1.708
1.731
1.246
0.763
1.018
1.206
0.760
1.171
1.088
1.068
1.060
1.240
0.979
1.122
0.995
0.775
0.650
0.985
0.850
0.582
0.647
1.324
1.477
1.324
0.969
1.027
1.007
1.151
1.302
1.331
0.964
0.864
0.739
1.242
1.153
0.790
0.760
0.738
0.692
0.863
0.870
2.547
1.652
1.012
0.760
0.867
0.806
0.766
1.201
0.840
1.091
0.822
0.690
1.396
1.391
0.715
1.027
0.426
0.822
0.937
0.987
0.878
1.115
1.151
0.994
1.338
1.194
1.509
1.285
1.262
0.946
0.698
0.904
1.781
2.110
1.532
0.973
1.267
0.998
1.029
1.147
0.989
0.750
0.831
1.428
1.668
0.897
0.722
0.804
1.224
1.448
1.794
1.448
1.091
0.675
1.539
1.489
0.824
1.140
0.826
1.095
0.924
1.009
0.767
0.698
1.342
0.781
1.071
1.100
1.117
1.142
0.988
0.859
1.118
1.052
0.722
1.155
0.938
1.236
1.148
2.736
1.514
1.138
0.925
0.651
0.673
0.805
0.813
0.966
0.947
1.094
0.780
1.109
0.896
0.850
1.119
0.909
1.001
1.124
1.533
1.224
0.820
0.832
1.381
1.175
0.964
2.100
1.583
1.620
1.173
1.272
1.114
1.534
1.076
1.997
1.716
1.475
0.729
1.214
1.117
2.064
3.208
1.817
0.898
0.748
0.877
0.867
1.039
1.386
1.078
0.850
1.258
1.191
0.874
1.346
1.432
1.206
1.438
1.632
1.284
1.262
1.547
1.443
2.049
1.975
2.059
2.380
1.290
1.014
0.818
1.270
1.430
2.012
1.912
1.328
1.066
1.214
1.064
0.872
0.996
1.072
1.478
1.329
0.994
1.091
1.393
0.931
0.882
1.337
0.855
2.120
2.628
1.719
0.908
1.341
1.034
1.216
1.248
1.300
1.329
1.206
1.281
1.497
1.561
1.657
1.409
1.221
1.203
1.255
1.157
1.499
1.427
1.413
1.603
1.773
1.047
1.342
1.167
0.989
1.830
1.467
1.568
1.209
1.631
1.173
1.458
1.742
2.584
2.502
1.073
1.224
1.173
1.062
0.770
0.894
1.206
1.553
1.287
1.170
1.185
1.237
1.136
0.980
1.274
1.056
0.873
0.993
0.747
1.374
1.471
1.510
0.919
1.546
1.661
1.257
0.739
1.308
1.022
0.865
0.898
1.236
1.292
1.249
0.710
0.943
1.181
1.422
1.209
1.096
1.016
1.232
1.539
1.581
1.399
1.185
0.912
1.410
1.384
1.299
1.218
1.388
1.304
0.981
1.409
1.359
1.244
0.971
1.152
1.099
0.931
1.305
1.471
1.356
1.524
1.679
1.470
1.055
0.971
1.067
1.389
1.796
1.590
1.263
1.648
1.192
0.838
0.768
0.924
1.596
1.230
1.505
0.393
1.355
1.619
1.963
1.731
1.325
1.129
1.405
1.426
1.071
0.935
1.616
1.457
0.903
0.989
1.608
1.012
0.735
1.095
1.097
1.126
1.410
0.937
0.821
0.773
0.909
1.473
1.349
1.073
0.936
0.956
1.264
1.085
0.918
0.961
1.072
1.043
1.294
1.279
1.355
1.866
2.075
1.649
1.125
1.304
1.689
1.316
0.983
0.782
1.102
1.116
0.805
0.666
0.904
1.004
1.690
1.050
1.022
1.322
0.945
0.921
0.954
1.575
1.179
0.561
0.915
0.698
0.999
0.555
0.953
1.442
1.295
0.842
0.978
1.022
0.978
1.264
1.034
1.378
1.348
1.162
1.209
1.133
0.916
1.054
0.934
1.058
0.865
0.652
0.972
1.174
0.813
0.624
0.834
0.828
1.138
1.156
0.979
1.026
0.771
0.848
0.983
0.802
0.848
1.140
1.350
1.210
1.663
1.525
1.710
1.344
1.008
1.128
0.947
1.112
0.966
0.870
1.101
0.690
0.788
0.938
0.912
0.902
1.282
1.044
1.343
0.834
0.842
1.309
1.092
0.624
0.476
1.199
1.242
1.108
0.998
1.084
1.168
1.101
1.012
1.418
1.533
0.974
0.600
1.336
1.240
1.013
0.977
1.197
1.467
1.187
1.009
1.468
1.130
1.515
1.229
0.558
1.198
1.530
1.364
1.508
1.000
2.426
2.471
1.445
1.014
0.687
1.170
1.069
0.929
1.797
1.128
1.428
2.004
1.655
0.942
1.567
1.055
1.049
0.718
1.033
1.102
1.147
0.946
1.300
1.358
0.774
0.981
1.081
0.961
0.833
1.238
1.284
1.519
1.029
1.369
1.258
1.283
0.830
1.261
1.223
1.140
1.385
1.192
1.358
1.406
1.245
1.580
1.608
1.789
1.757
1.451
1.685
1.312
1.091
1.700
1.265
1.185
1.312
1.545
1.971
1.196
1.496
1.745
1.870
1.559
1.402
0.975
0.770
1.259
1.471
1.114
1.238
1.055
1.499
1.251
1.707
2.193
1.791
1.636
0.812
1.395
1.186
1.072
1.255
1.702
1.711
1.734
1.558
0.918
1.492
1.129
1.177
1.209
1.190
1.645
1.503
1.059
1.148
1.138
1.092
1.232
1.466
1.285
1.553
1.214
1.241
1.460
1.185
1.276
1.389
1.000
1.650
1.329
1.179
1.540
1.600
1.591
1.210
1.515
1.730
1.336
1.127
1.195
1.335
1.570
1.742
1.436
1.062
2.397
1.813
1.247
1.977
1.290
1.235
0.997
1.104
1.178
1.189
1.370
0.967
1.658
1.306
1.283
0.987
1.569
1.597
1.749
1.760
1.488
1.803
1.424
1.868
1.213
2.088
1.854
1.599
2.381
2.162
1.437
1.580
1.054
1.073
1.525
1.788
1.530
1.441
1.681
1.393
1.526
1.776
1.445
1.083
1.220
1.637
1.180
1.643
1.411
1.560
1.040
1.484
2.410
2.145
1.509
1.027
1.520
0.768
1.028
0.870
0.824
0.887
0.742
0.698
0.885
0.762
0.923
1.202
0.894
0.529
0.947
0.907
1.103
1.194
1.336
1.628
1.649
1.488
1.908
1.681
1.554
0.901
0.843
1.253
1.162
1.117
1.329
1.002
1.014
1.220
1.057
1.033
1.231
1.146
0.841
1.097
1.019
0.696
0.756
0.815
0.994
0.862
0.922
0.558
1.034
0.907
0.882
0.871
0.960
1.384
1.132
1.063
0.866
1.139
1.351
1.261
1.687
1.278
1.387
0.739
0.780
0.860
0.697
0.880
0.790
0.660
1.198
1.053
0.969
0.770
0.889
1.204
0.910
1.007
1.217
0.983
0.603
0.765
1.321
0.855
0.674
0.945
0.998
0.975
0.778
0.646
1.005
1.096
0.880
1.043
0.968
0.752
1.024
1.122
1.349
1.388
1.386
1.582
1.204
1.054
1.448
1.175
0.992
1.052
1.110
0.989
0.803
0.934
1.258
1.222
1.395
1.025
1.120
1.060
1.058
1.289
0.822
1.423
1.634
1.483
0.820
1.010
0.922
1.211
0.949
0.977
1.014
1.489
1.275
0.946
1.586
1.364
1.152
0.695
0.975
1.113
0.924
0.798
1.049
1.238
1.074
0.771
0.835
1.074
0.779
1.102
1.014
1.090
0.930
0.955
0.967
1.250
1.075
1.433
2.715
1.997
1.985
1.613
1.426
0.893
0.895
0.816
1.671
2.113
1.286
0.682
0.784
1.110
1.293
1.298
1.410
1.006
1.166
1.148
1.237
1.263
1.308
1.053
0.915
0.891
0.717
1.068
1.210
1.273
1.264
1.358
1.505
1.131
0.899
1.090
0.731
1.105
1.178
2.381
2.443
0.901
0.996
1.015
0.550
1.006
0.947
1.154
0.799
0.972
1.543
1.785
1.158
1.446
1.137
0.915
0.800
0.889
0.950
1.358
1.398
0.941
0.950
1.813
2.204
1.588
1.009
1.699
1.531
1.783
1.521
1.586
1.172
1.157
1.463
1.197
1.285
1.137
1.394
1.331
0.840
1.291
1.370
0.843
0.996
0.825
1.070
1.136
0.948
1.175
2.001
1.567
1.061
1.093
1.285
1.006
1.323
1.487
1.520
1.416
1.524
1.164
1.316
1.273
1.659
1.914
1.606
0.947
1.733
1.385
1.105
1.562
1.291
1.123
0.880
1.098
1.250
1.503
0.930
1.094
0.989
1.285
1.304
1.405
1.584
1.367
1.318
0.885
1.228
0.928
1.224
1.337
1.177
0.983
1.273
1.631
1.305
1.194
0.764
1.119
0.984
1.372
1.234
1.602
1.351
1.434
1.117
1.271
1.344
1.623
1.718
1.135
1.197
0.801
0.825
0.853
1.412
1.120
1.260
1.617
1.133
1.149
1.124
1.193
1.127
0.846
1.332
0.847
1.275
1.011
1.351
0.984
1.249
0.698
1.033
1.120
0.766
1.055
0.715
0.638
1.054
1.203
0.788
0.681
0.693
0.907
1.018
0.661
1.362
2.205
1.097
1.038
1.018
1.327
0.962
1.198
1.258
1.247
0.748
0.942
1.283
1.576
1.353
1.225
0.867
1.055
1.124
1.255
1.337
1.172
1.277
1.336
1.440
0.869
1.057
1.429
1.045
1.284
1.075
1.046
1.231
1.201
1.135
0.999
1.003
1.025
0.848
0.730
0.659
1.089
1.094
1.147
1.287
0.849
0.726
0.639
1.055
0.728
1.208
0.704
0.718
1.167
1.043
0.900
0.792
0.898
1.294
0.886
0.943
1.082
1.105
0.752
0.853
1.326
1.401
1.340
0.812
0.903
0.939
0.729
0.826
0.832
0.790
0.749
0.871
0.802
1.030
0.722
0.598
0.819
0.985
1.118
0.880
0.794
0.838
0.773
1.018
1.123
1.061
1.380
1.036
0.821
0.949
0.743
0.874
1.031
0.897
1.427
1.297
0.825
1.026
0.902
0.875
0.944
1.194
1.059
1.083
1.210
0.893
0.727
1.745
1.404
0.741
0.972
0.829
0.947
0.762
0.898
0.937
0.874
1.079
0.937
0.771
1.071
1.029
1.097
0.976
0.866
0.931
1.125
1.166
0.887
0.919
1.296
1.040
1.166
1.053
0.797
0.792
0.848
0.915
0.822
1.035
1.062
1.493
1.440
1.354
0.871
1.722
0.769
0.951
0.529
0.828
0.969
1.193
1.131
0.975
0.814
0.509
0.861
0.844
1.104
1.148
1.312
1.283
1.098
1.085
0.972
1.070
0.736
1.009
1.127
1.753
1.356
0.664
0.932
1.679
1.718
1.374
1.912
1.907
1.795
1.720
1.085
0.996
1.415
1.060
1.060
0.974
1.159
0.945
1.129
1.268
0.951
1.262
1.309
0.629
1.156
0.813
0.898
1.392
1.158
0.847
0.936
0.851
0.966
1.188
1.474
1.779
1.198
1.559
1.306
1.255
1.210
0.956
2.034
1.066
1.368
1.352
1.358
1.395
1.375
1.017
1.242
1.158
1.159
1.166
1.029
1.094
1.111
1.176
1.099
1.340
1.047
1.029
1.107
1.592
1.378
1.258
1.317
1.015
1.054
1.395
1.658
0.939
1.309
1.655
1.276
0.940
0.879
2.091
1.466
1.031
1.423
1.501
1.717
1.629
1.166
1.047
1.150
1.128
1.210
1.641
1.367
1.392
1.137
0.826
0.898
1.439
1.462
1.318
1.345
1.612
1.679
1.097
1.018
1.300
1.328
1.118
1.543
0.911
1.442
1.503
1.030
1.174
1.299
1.639
1.337
1.236
1.148
1.049
1.147
1.308
1.554
1.525
1.365
1.104
1.119
1.290
1.010
1.672
1.198
1.328
1.015
1.155
1.422
1.077
1.372
1.041
0.925
0.781
0.906
1.217
1.759
1.564
2.157
1.788
1.189
1.525
1.336
1.228
0.902
1.110
0.702
1.190
0.985
1.419
1.594
1.823
1.281
1.093
0.910
1.504
1.342
1.327
1.540
1.386
1.332
1.377
1.783
1.586
1.319
1.241
1.104
1.145
1.453
1.151
1.797
1.536
1.592
1.262
0.722
0.886
0.967
1.454
1.265
0.630
0.712
0.915
1.293
1.138
1.233
1.112
0.996
0.757
0.876
0.883
1.227
1.350
1.540
1.129
1.385
1.144
1.690
1.690
1.660
1.767
1.405
1.644
1.566
1.737
1.162
1.010
1.315
1.169
0.920
1.262
1.209
1.386
1.504
1.692
1.599
1.438
1.867
1.232
0.890
0.991
0.854
1.175
0.826
0.784
0.743
1.009
1.086
0.988
0.768
0.772
1.203
1.217
0.601
0.585
0.719
0.912
1.165
1.080
1.057
0.908
0.905
1.244
0.805
0.789
1.255
0.997
0.853
1.668
1.233
1.215
0.915
0.586
0.888
1.149
1.110
0.820
1.227
0.756
1.127
0.686
0.853
0.541
0.870
0.975
0.789
0.736
1.010
1.183
0.850
1.017
1.074
1.137
0.775
0.765
1.060
1.158
1.040
1.540
1.595
1.340
0.919
0.853
1.149
1.090
1.110
0.942
1.273
0.866
0.752
0.838
0.842
1.039
0.688
0.931
0.988
1.795
2.329
1.784
1.641
1.015
0.819
0.809
1.709
1.007
1.260
1.232
1.076
1.335
1.208
0.982
0.819
0.723
0.872
1.032
0.784
0.666
1.035
1.196
0.904
0.648
1.882
1.753
1.287
0.914
0.917
0.773
1.118
0.982
0.784
1.018
0.791
1.102
1.215
1.259
0.821
1.394
1.563
0.810
1.301
1.009
0.900
0.924
1.015
1.011
0.848
0.727
0.585
0.976
0.917
0.905
1.215
0.705
0.955
1.316
1.116
0.832
1.124
0.886
0.926
0.851
0.926
0.839
1.060
0.859
0.980
1.222
1.329
1.171
1.136
0.884
0.675
0.794
0.816
0.977
1.325
1.132
0.926
1.143
1.020
0.867
1.373
1.139
1.164
1.294
1.061
1.094
2.101
2.176
1.609
0.938
0.902
1.363
1.767
0.880
0.752
0.934
0.710
1.197
0.778
0.944
1.005
1.724
1.281
0.794
0.977
1.428
1.068
0.948
1.494
1.277
1.285
1.233
1.076
0.973
1.003
1.985
2.241
1.356
0.916
0.959
0.719
1.521
2.109
1.845
1.254
0.867
1.216
1.155
1.090
1.316
1.335
1.914
2.065
1.797
2.268
2.135
1.465
0.859
0.939
1.316
1.272
1.077
1.317
1.643
1.340
1.610
1.161
3.373
2.186
1.113
0.966
1.295
1.278
1.204
1.204
1.205
1.273
1.352
0.794
1.514
1.409
1.436
1.153
1.558
1.162
1.009
1.102
1.514
1.159
0.975
0.956
1.105
0.880
0.791
0.902
1.332
1.618
1.668
1.426
2.034
1.873
2.008
1.631
1.231
1.249
1.357
1.258
0.860
1.464
1.477
1.332
1.523
1.510
1.489
1.227
1.733
1.823
1.225
0.774
0.966
2.286
1.360
0.995
1.197
0.991
0.896
1.180
1.482
1.159
1.295
1.269
0.860
0.890
1.385
1.445
1.881
1.611
1.124
0.892
1.499
1.317
1.095
1.525
1.522
1.167
1.190
1.633
1.580
1.584
0.957
1.574
1.282
1.184
1.463
1.275
1.153
1.544
1.405
1.846
1.410
0.914
0.783
1.044
1.385
1.024
1.177
1.201
1.156
1.191
1.274
1.787
1.555
0.725
0.913
1.091
1.517
1.454
0.981
1.156
0.932
0.800
0.875
1.086
1.006
0.973
1.059
0.942
1.191
1.495
1.157
1.005
0.669
1.055
1.272
1.192
1.176
1.324
1.416
1.136
1.311
1.724
1.261
0.753
1.257
1.239
1.312
1.375
1.254
0.920
1.180
1.293
1.138
1.286
1.420
1.567
1.203
0.759
0.550
0.724
1.099
0.879
1.192
1.369
1.506
1.472
1.121
1.205
1.153
1.403
0.654
1.406
2.134
1.807
1.578
1.236
1.092
1.115
0.771
0.916
1.188
0.965
1.028
1.579
0.986
0.927
1.283
1.582
1.129
0.809
0.668
1.050
1.219
0.964
0.865
0.889
0.846
1.104
1.269
0.628
0.752
0.681
0.801
0.802
0.956
0.743
0.892
1.144
1.180
1.081
0.950
0.888
0.696
0.705
0.833
0.765
0.681
0.965
1.080
1.109
0.779
0.742
0.623
0.840
0.753
0.903
1.269
1.062
0.500
0.703
0.747
0.639
0.757
1.104
0.882
1.042
1.030
1.467
1.293
0.958
0.818
0.668
1.111
0.849
0.878
1.249
2.383
2.197
1.678
1.379
0.881
1.005
1.133
1.159
0.955
1.676
2.136
1.367
1.239
1.809
1.856
1.661
1.135
1.098
0.859
1.134
1.137
1.627
1.397
1.630
0.778
0.861
0.929
1.329
1.985
1.777
1.270
0.751
1.070
0.676
0.820
1.144
1.045
1.050
1.939
1.732
0.810
0.764
0.885
0.886
0.937
0.995
1.037
0.926
1.257
0.908
1.014
1.320
1.146
0.973
0.910
1.487
1.151
1.112
1.353
1.023
1.235
1.117
1.319
1.179
1.337
1.039
1.367
1.275
1.004
1.153
1.264
0.926
1.029
1.448
1.676
1.449
1.080
0.830
1.151
1.176
0.910
1.200
0.898
0.736
0.996
0.982
2.359
1.800
0.936
1.369
1.556
0.905
1.049
1.180
2.097
2.424
1.556
1.059
1.068
1.022
1.295
1.253
1.339
1.199
1.076
1.106
1.329
1.186
0.840
1.014
1.221
1.250
1.198
1.170
1.326
0.976
0.928
0.911
1.127
1.360
1.190
0.752
0.997
1.185
1.421
1.513
0.959
1.658
1.409
1.451
2.504
2.390
1.020
1.331
0.814
1.219
1.362
1.491
0.694
1.171
0.966
1.095
1.132
0.967
1.216
1.240
1.416
1.318
1.167
0.866
1.046
1.044
1.278
1.185
1.260
1.678
1.542
1.706
0.842
0.999
1.005
1.460
0.875
0.914
1.096
1.515
1.462
1.019
1.150
1.606
1.183
1.392
1.886
1.911
1.987
1.470
1.455
1.069
0.927
1.435
1.186
1.314
0.948
1.303
1.255
1.223
1.953
1.236
1.296
1.210
0.952
1.218
1.058
0.943
1.354
1.239
0.649
0.985
1.085
1.131
1.058
1.360
1.423
0.938
1.252
1.295
1.339
1.755
1.080
0.929
1.162
1.222
0.856
0.903
0.781
1.335
1.659
1.343
1.393
0.857
0.994
1.000
0.947
1.049
1.219
1.444
1.514
0.984
0.993
0.921
0.846
1.071
1.330
0.955
1.089
0.832
0.838
1.073
1.502
0.986
1.167
1.232
1.169
0.712
1.027
1.368
1.458
0.787
1.109
1.452
1.330
1.255
1.053
1.257
1.685
1.827
1.284
1.945
0.907
1.534
1.150
1.332
1.709
1.490
1.615
1.832
1.334
1.208
0.958
1.253
1.178
0.723
1.320
1.923
1.539
1.282
1.007
0.790
1.026
0.920
1.052
0.781
1.034
1.051
1.167
0.984
1.301
0.949
1.044
1.496
1.050
1.021
1.041
1.082
1.133
0.727
0.892
0.989
1.005
0.873
0.596
0.912
1.349
1.445
1.403
1.387
1.440
1.574
1.537
1.276
1.169
1.249
1.479
1.077
0.942
0.576
1.193
0.987
1.008
0.874
1.336
0.992
0.959
0.863
1.069
0.999
0.678
1.051
1.176
1.143
0.896
0.926
1.164
0.893
1.434
1.070
0.798
1.012
0.845
0.565
0.805
0.998
1.107
1.314
1.122
0.931
1.517
1.173
0.920
0.769
0.677
0.717
0.896
0.638
0.954
0.927
2.435
1.461
1.197
1.226
2.087
1.402
0.898
0.781
1.394
1.097
0.786
0.929
1.610
1.219
0.814
0.929
0.783
0.855
0.979
1.455
0.784
1.114
1.126
1.479
1.304
1.050
0.832
1.741
1.876
1.084
0.815
0.713
0.944
0.785
0.995
1.270
0.963
0.881
1.054
1.034
1.243
1.477
0.879
0.700
0.947
0.836
1.119
1.264
0.964
1.175
0.863
0.950
1.095
1.042
1.168
0.833
1.543
1.445
1.636
0.944
0.936
1.188
1.085
1.169
0.998
1.043
0.927
1.203
1.276
1.300
1.059
2.497
2.300
1.563
1.776
1.548
1.381
1.318
0.656
1.084
1.119
1.455
0.821
2.477
2.229
1.111
0.995
1.181
1.037
1.431
2.267
1.625
0.810
0.690
0.606
0.990
1.086
1.266
1.128
1.076
1.290
0.529
1.291
1.624
2.200
2.932
1.933
1.544
0.769
0.770
1.273
1.081
0.957
1.306
0.956
1.192
1.662
1.250
1.345
0.920
1.184
1.723
1.183
1.406
1.472
1.870
1.967
1.838
1.293
2.450
1.036
1.439
1.585
1.166
1.247
1.265
1.577
1.250
1.691
2.033
2.242
1.713
0.857
1.517
1.731
1.845
1.154
1.157
1.112
1.366
1.779
1.482
1.568
2.903
2.258
1.131
1.410
1.289
1.451
0.962
1.465
1.670
1.571
0.710
1.056
1.319
1.695
1.154
1.159
1.201
1.336
1.421
1.250
1.516
1.203
1.365
2.254
1.379
1.218
1.363
1.194
1.345
1.100
1.168
0.765
1.784
1.710
1.135
1.650
1.995
0.886
1.284
1.552
0.938
1.000
1.190
1.307
1.485
0.932
1.177
0.861
1.086
1.276
1.060
1.306
1.127
0.981
0.962
0.597
1.033
1.402
1.712
1.759
1.313
0.847
1.256
1.706
1.118
1.325
1.097
1.127
1.052
1.580
1.808
1.933
1.427
1.086
1.326
1.169
1.289
1.187
1.141
0.843
1.210
1.391
1.342
1.114
1.462
1.167
0.996
1.110
1.361
0.966
1.077
0.946
1.631
1.552
1.129
0.783
1.360
1.705
1.526
1.376
1.051
1.221
1.436
1.516
1.510
1.890
1.998
1.479
1.175
1.017
0.912
0.964
0.808
0.953
1.320
1.143
0.922
0.550
0.561
0.795
1.030
0.852
0.901
1.018
0.767
0.735
1.159
0.971
0.712
0.779
0.935
1.354
1.213
1.067
1.305
1.382
1.326
1.021
1.385
0.838
0.893
1.027
0.855
0.908
1.145
0.794
1.004
1.608
1.570
1.773
1.596
1.654
0.737
0.964
1.193
0.674
0.703
0.985
1.070
0.972
0.945
1.197
1.286
1.318
1.229
0.895
1.234
1.648
1.276
0.865
0.885
0.975
0.980
0.632
0.888
1.021
0.703
0.603
1.007
1.050
0.692
0.938
0.899
0.956
0.941
1.029
1.185
0.915
0.746
0.763
0.495
0.949
0.534
0.711
0.935
0.891
0.959
0.945
0.767
0.876
1.248
0.814
1.394
2.094
1.761
0.898
0.896
1.055
1.119
0.881
1.050
0.729
1.213
1.549
1.142
0.980
1.349
1.365
2.114
2.186
1.462
1.015
1.181
1.779
2.129
2.171
1.931
1.828
1.749
1.761
1.374
0.929
0.606
0.996
1.312
1.454
1.600
1.306
1.658
1.971
1.627
0.889
0.703
0.826
1.019
0.862
1.070
0.656
1.152
0.600
1.148
0.852
0.839
0.631
0.961
1.249
1.157
1.238
1.346
1.470
1.034
0.950
1.126
1.222
0.952
0.835
1.191
1.148
0.627
0.882
1.167
1.033
0.982
0.742
1.511
1.199
1.021
1.196
0.741
1.489
1.525
1.145
1.381
0.685
1.342
0.990
1.249
0.994
1.065
1.292
0.985
1.131
1.472
1.452
1.441
0.954
0.973
0.738
1.486
1.434
1.298
1.392
1.360
1.367
1.353
1.406
0.811
1.877
1.966
1.516
1.116
1.222
1.266
1.100
1.348
1.044
1.261
0.977
0.711
0.780
1.306
1.175
1.409
1.488
1.320
1.489
2.042
1.893
1.153
1.778
1.442
1.329
1.222
1.062
1.283
1.394
1.455
2.087
1.113
0.742
0.883
1.542
1.084
2.595
2.436
1.544
1.269
1.262
1.077
1.112
1.195
1.064
1.258
1.324
1.365
1.432
1.239
1.139
1.529
1.656
1.972
1.274
1.186
1.200
1.229
1.356
1.305
0.976
1.350
1.134
0.999
0.982
1.277
1.405
1.618
1.421
0.952
1.285
1.360
1.004
1.013
0.980
1.044
1.647
1.327
0.857
1.129
1.048
1.183
1.108
1.666
1.351
1.544
1.605
1.165
1.185
1.778
1.433
1.147
1.615
1.370
1.624
1.226
1.305
0.773
1.014
1.052
1.716
1.079
1.118
0.688
1.495
1.541
1.153
1.486
1.503
1.090
1.652
0.896
1.194
1.118
1.344
1.462
1.283
0.860
0.998
0.806
1.365
1.600
1.069
0.862
1.105
1.248
1.199
1.090
1.303
0.608
1.183
1.315
0.869
1.035
0.778
0.992
1.217
1.583
1.480
0.860
0.950
1.223
1.103
0.867
1.033
1.297
1.229
1.543
1.246
0.968
0.744
0.780
0.760
0.854
0.705
1.271
1.114
1.151
1.658
1.694
1.860
1.420
0.854
1.044
1.076
1.389
1.032
1.305
1.015
0.936
0.613
0.851
1.197
1.190
1.260
0.720
0.907
1.393
1.488
1.467
1.174
0.957
1.264
1.225
1.555
1.208
1.727
1.074
1.457
1.316
1.581
1.954
1.847
1.208
1.223
0.964
0.924
1.175
1.326
1.700
1.706
1.425
1.450
1.007
0.818
0.609
0.848
0.830
0.795
0.902
0.903
0.829
1.171
1.487
1.074
0.646
1.144
0.997
0.674
0.663
0.656
1.102
1.173
1.227
0.856
0.507
1.011
0.881
1.349
0.850
0.640
1.276
1.397
1.273
1.122
0.834
0.803
1.041
1.011
0.668
0.957
1.044
0.964
0.716
0.864
1.180
1.068
1.072
1.049
0.748
1.022
0.760
0.715
0.970
1.534
1.343
1.152
0.805
1.014
0.703
0.971
0.814
0.882
0.608
0.780
0.881
0.705
1.040
1.044
0.921
0.906
1.621
1.638
1.267
1.101
1.066
0.923
0.833
0.870
1.022
1.046
1.005
1.007
2.787
1.626
1.202
1.276
1.111
1.025
0.926
1.190
0.893
0.728
1.254
1.030
0.970
1.209
1.357
2.039
0.880
0.979
1.032
0.951
2.208
2.324
1.422
1.066
0.920
1.136
1.927
0.823
0.932
1.342
0.888
0.902
0.710
0.850
1.017
1.323
0.980
0.948
0.848
0.669
0.772
0.671
1.147
1.306
1.210
1.148
0.876
1.633
1.175
1.290
1.588
1.610
1.442
1.135
1.170
0.720
1.467
1.348
1.401
1.219
0.860
0.696
1.116
1.308
1.018
0.923
1.359
1.134
1.178
1.384
0.926
1.208
1.120
1.210
1.389
1.641
1.110
1.511
2.592
1.506
1.876
1.899
1.146
1.183
0.661
0.995
1.244
1.089
1.370
0.892
1.156
0.925
1.315
1.271
0.986
1.155
1.131
1.167
1.158
1.223
1.725
1.952
1.676
2.228
1.700
0.958
1.310
1.491
1.706
1.649
1.571
1.374
1.239
1.832
1.728
1.504
0.989
1.148
1.130
0.984
0.921
1.077
0.989
1.192
1.868
1.224
1.145
0.818
1.384
1.004
0.767
0.970
1.036
1.537
1.183
1.335
1.180
1.276
1.985
1.769
0.958
0.803
1.200
1.207
1.285
1.522
1.864
1.458
1.433
1.364
1.790
1.345
1.252
1.097
1.321
1.349
1.487
0.758
1.508
1.104
1.008
0.949
1.176
0.853
0.619
1.222
1.075
0.943
1.487
0.895
1.175
0.756
0.835
0.972
1.276
1.656
2.036
1.318
1.521
1.251
0.808
1.025
1.132
1.215
1.739
1.876
1.742
1.589
1.187
0.948
1.549
1.528
0.853
1.028
1.507
1.096
1.322
1.019
1.386
1.635
1.549
1.125
1.338
1.310
1.034
1.229
1.527
1.170
1.165
1.438
1.382
1.609
1.770
1.421
1.421
1.355
0.979
0.434
0.957
1.167
0.849
0.995
0.844
0.659
0.621
1.165
1.429
0.857
0.979
1.266
1.030
0.892
1.067
0.902
1.068
1.263
1.412
0.929
0.832
1.064
0.742
0.780
0.821
1.350
1.401
1.067
1.294
0.802
0.791
0.597
0.962
1.449
1.155
1.148
1.373
1.088
0.941
1.074
1.354
1.221
0.722
1.063
1.498
1.304
1.150
0.840
0.996
1.251
0.946
0.812
1.371
1.289
0.748
0.951
1.501
1.183
0.928
1.128
0.773
1.380
0.948
1.117
1.193
1.083
0.887
0.852
1.778
1.611
1.249
1.429
1.200
1.000
0.994
1.275
1.246
1.172
1.296
0.956
1.570
0.906
0.887
0.706
1.039
0.959
0.654
0.940
1.038
0.625
0.954
0.955
0.980
1.474
1.101
0.874
1.092
0.970
0.903
0.802
1.856
0.782
0.629
0.760
0.822
1.254
1.194
0.946
0.923
0.857
0.959
0.986
1.506
1.485
1.302
1.328
1.123
0.757
0.688
0.989
1.020
1.309
1.133
1.102
1.288
1.504
1.360
1.326
1.221
0.976
0.642
0.773
0.616
0.588
0.538
0.797
0.925
1.379
1.308
1.061
1.507
2.199
2.331
1.769
1.310
1.064
0.980
1.054
0.798
0.758
0.622
1.706
1.499
1.417
1.073
1.280
0.997
0.766
1.060
1.061
0.969
0.911
1.034
0.735
1.014
0.610
0.904
1.006
0.988
1.765
1.724
1.555
1.348
0.828
0.782
0.752
1.135
1.030
1.220
1.217
0.938
0.784
0.656
0.792
1.110
0.955
1.652
0.979
0.736
1.291
1.235
1.073
1.525
2.117
1.899
1.414
0.790
1.092
1.696
1.453
0.855
0.844
1.132
1.245
1.291
0.815
1.133
1.302
1.049
1.242
1.261
0.943
0.942
0.886
1.162
1.348
1.037
1.034
0.728
0.783
0.866
1.473
1.277
1.034
1.117
1.088
0.894
0.761
1.004
0.962
1.472
1.089
0.877
1.458
1.255
1.083
1.287
1.098
1.449
1.204
0.880
0.920
1.272
0.903
0.964
1.141
1.191
1.614
1.481
1.324
1.309
1.168
1.711
1.649
1.830
1.398
1.270
0.992
1.644
1.253
1.495
1.764
1.544
0.912
1.308
1.786
1.381
0.995
0.885
2.025
1.190
1.001
1.279
1.215
1.129
1.014
1.555
1.189
1.881
1.405
1.331
1.514
1.008
2.272
1.140
0.977
1.115
0.956
1.145
1.170
1.290
1.052
1.237
1.366
1.871
1.444
1.351
1.494
2.159
1.922
2.743
1.499
0.949
1.722
1.012
1.232
1.207
1.650
1.002
1.576
1.156
1.045
1.154
1.119
1.080
1.073
1.071
1.272
1.028
0.909
1.149
1.389
1.178
1.135
0.892
0.765
0.728
0.754
1.435
1.848
2.159
1.618
1.432
1.325
0.944
0.925
1.147
1.259
1.972
1.076
1.948
1.557
1.308
1.710
1.860
1.580
0.957
1.064
0.918
0.868
0.859
1.378
1.124
1.438
0.910
0.951
1.151
1.203
1.198
1.233
1.291
0.574
0.989
1.299
0.850
0.972
1.166
1.142
1.380
1.327
0.692
0.911
1.132
1.717
1.640
1.003
1.366
1.307
1.598
1.363
1.075
1.582
1.027
0.822
0.728
1.111
0.954
0.905
1.270
0.880
0.900
1.299
1.169
0.739
1.485
1.074
0.905
0.858
1.044
1.104
1.336
1.256
1.147
1.032
1.292
1.159
1.253
0.879
1.287
1.154
1.155
1.553
0.771
1.391
1.602
1.461
1.233
1.030
0.888
0.950
1.362
1.138
1.203
1.387
1.225
0.899
1.186
0.885
1.452
2.005
1.225
1.403
1.252
0.898
1.321
1.103
1.106
0.844
0.975
0.894
1.051
1.296
0.847
0.849
0.712
0.688
0.809
0.653
0.916
0.790
0.721
0.765
0.970
0.866
0.990
1.094
0.796
1.239
0.755
1.064
0.598
0.860
0.811
0.740
0.835
0.948
1.492
1.024
1.034
1.026
0.948
0.974
1.142
1.571
1.369
0.814
1.251
1.142
1.298
1.221
0.780
1.051
0.924
0.905
1.243
0.762
0.836
0.785
0.935
1.949
1.466
0.966
0.829
1.085
1.102
0.585
0.774
1.093
1.019
0.835
0.899
1.282
1.171
0.760
0.597
0.992
1.059
1.008
1.167
1.270
0.618
0.448
0.877
0.998
0.909
0.813
0.803
0.990
1.024
0.623
1.619
0.803
0.866
1.304
1.053
0.798
0.936
0.670
0.803
1.172
0.767
0.901
0.597
0.808
0.865
0.565
1.562
1.823
2.051
1.075
1.002
1.400
1.655
1.103
0.805
0.619
1.110
2.264
1.487
0.776
1.480
0.747
0.859
0.503
0.607
0.980
0.563
0.866
1.032
0.842
1.580
1.526
1.373
0.688
1.133
0.921
0.931
1.039
0.709
0.757
0.962
0.857
0.731
0.907
1.185
1.461
1.306
1.280
0.707
1.319
0.911
0.589
1.127
1.461
0.728
0.871
1.238
1.226
0.981
1.844
1.860
1.048
0.569
0.694
1.135
1.123
1.019
0.868
1.234
1.366
0.971
0.920
1.169
1.060
0.819
0.874
2.238
1.925
1.126
0.661
1.251
1.321
1.505
1.306
1.421
1.580
1.418
1.467
0.966
1.187
0.798
1.498
1.125
1.117
1.098
1.491
1.251
1.275
1.315
1.337
1.153
0.830
1.364
1.588
1.804
1.697
1.938
1.589
1.908
1.371
0.885
1.186
1.132
1.103
1.242
1.479
1.281
1.256
1.149
1.110
0.954
1.769
1.291
1.506
1.350
1.279
1.542
1.851
0.828
1.178
0.914
0.915
1.907
1.403
0.965
1.178
1.429
1.414
1.805
1.891
1.505
1.043
1.134
0.846
0.841
1.090
1.319
1.407
1.322
1.212
0.923
1.149
1.317
1.567
1.476
1.093
1.074
1.166
1.025
1.360
1.744
1.508
1.240
1.547
1.688
1.361
1.073
1.125
1.199
1.154
1.032
1.062
1.333
1.527
1.917
0.941
1.189
1.197
1.361
1.370
0.705
1.023
1.073
1.012
0.909
0.989
0.833
1.704
1.451
1.207
1.247
1.325
0.995
1.301
1.269
1.170
1.307
0.862
1.063
1.408
0.797
0.783
0.808
0.872
1.193
1.118
1.015
0.953
1.193
1.049
0.623
0.821
0.836
0.824
0.854
1.241
1.230
1.339
2.211
2.069
1.965
1.645
1.556
1.557
0.980
1.401
1.678
1.607
1.162
1.328
1.194
1.475
1.513
1.193
0.778
1.139
1.092
1.160
0.961
0.687
0.623
0.854
0.846
0.778
0.774
1.029
1.181
0.827
0.993
0.953
1.032
0.745
0.952
0.989
1.141
0.783
0.748
1.229
1.053
0.962
1.031
1.154
0.739
1.039
1.006
1.174
1.046
0.548
0.850
1.183
0.879
0.851
1.057
1.073
0.786
0.926
0.773
0.883
1.328
1.017
1.086
1.069
0.573
0.970
0.850
1.025
0.854
0.927
1.050
0.545
0.808
1.017
1.211
0.814
0.870
0.656
0.888
0.836
0.641
1.006
1.450
1.487
0.592
1.270
0.924
0.884
1.199
0.685
0.979
0.754
1.034
1.163
0.789
1.001
1.719
2.185
1.736
1.979
1.965
1.712
1.356
1.159
1.170
0.856
1.112
1.402
0.980
0.705
0.931
1.030
1.148
1.174
0.979
1.083
0.656
0.999
0.630
0.780
0.746
1.450
1.276
0.898
1.292
0.775
1.716
1.286
0.994
0.997
2.585
2.335
2.042
1.942
1.422
0.778
0.925
1.014
1.195
0.674
1.615
1.146
1.176
0.924
1.020
1.102
0.901
1.320
1.549
1.354
0.774
1.144
2.182
1.632
0.956
0.861
0.866
1.445
1.324
0.699
1.136
1.444
1.463
1.439
1.000
1.052
1.007
1.035
1.180
0.919
1.115
1.276
1.035
0.937
1.176
0.815
1.095
0.919
1.021
0.826
1.592
1.763
0.957
1.199
0.747
0.970
1.025
1.350
1.412
1.007
1.286
1.186
1.414
1.040
1.359
1.030
2.103
1.897
2.833
2.215
1.333
0.731
1.216
1.458
1.190
1.189
0.910
1.148
1.127
1.815
0.783
0.985
1.281
1.412
0.939
1.352
2.256
2.560
2.315
1.539
0.836
0.584
0.984
1.270
1.329
1.271
1.005
2.034
1.779
1.123
0.943
0.898
0.538
0.926
1.573
0.945
1.282
1.254
1.095
0.831
1.316
1.897
1.265
1.545
1.179
0.720
1.080
1.020
1.126
2.383
1.830
1.769
1.645
1.038
1.064
0.785
1.091
1.387
1.225
1.475
1.011
1.398
1.257
1.106
1.404
1.546
1.360
1.109
0.911
1.281
1.790
1.892
1.937
1.894
1.348
1.773
1.152
2.407
1.399
0.884
1.320
1.845
1.423
1.450
1.234
1.126
0.945
1.254
1.607
1.013
0.923
1.324
1.099
0.695
1.016
1.561
1.503
1.266
1.195
0.848
1.519
1.080
1.561
1.272
1.235
0.815
2.337
2.041
0.982
1.557
1.392
0.967
0.962
1.449
0.880
1.274
1.242
1.184
1.087
1.213
0.930
0.857
1.047
1.236
1.997
1.390
1.495
1.118
1.263
1.197
0.784
0.906
1.411
1.157
1.155
0.621
0.744
0.868
1.034
1.328
1.037
1.558
1.871
1.506
1.481
1.455
1.780
1.435
1.714
2.317
0.972
1.296
1.392
1.675
1.054
1.123
0.745
1.179
1.394
1.086
0.913
1.024
1.115
0.982
1.268
1.532
0.938
1.271
0.928
1.157
1.413
1.499
1.000
1.351
0.758
0.620
1.225
1.566
1.709
1.486
1.289
1.527
1.336
1.546
1.038
1.508
1.782
1.103
0.766
1.099
1.038
0.959
1.232
1.158
1.212
1.266
1.082
1.255
0.956
0.880
1.603
1.365
1.144
0.946
1.147
1.056
0.889
1.092
0.886
1.060
1.045
1.012
1.483
1.217
1.003
1.432
0.963
1.458
1.245
1.190
1.641
0.926
1.001
0.891
1.420
1.084
1.395
1.240
0.802
0.704
0.913
1.125
1.177
1.002
1.261
1.316
1.177
1.032
0.711
1.052
0.544
0.629
1.150
1.436
0.816
1.301
0.902
0.712
0.696
0.798
0.722
0.969
1.066
1.242
0.852
0.848
0.680
1.474
1.164
1.292
1.093
1.172
1.259
0.837
0.773
2.315
1.424
0.983
1.377
1.161
0.867
0.656
0.852
1.057
1.078
1.181
1.065
0.871
0.774
0.709
0.542
0.853
1.204
1.120
0.823
0.598
0.720
1.058
2.255
1.621
1.352
1.161
1.088
1.451
1.012
0.880
0.978
0.690
0.880
0.830
0.872
1.819
1.802
1.133
1.214
1.268
0.996
0.686
0.555
0.588
0.682
0.795
1.199
1.712
1.619
1.279
1.315
1.236
1.333
0.897
1.254
0.953
1.242
0.939
0.966
1.361
1.353
0.842
1.081
0.768
1.201
1.337
1.074
1.066
1.160
1.085
1.339
1.438
0.972
0.644
0.910
1.243
0.942
1.720
2.000
1.276
1.108
0.899
0.932
1.323
1.585
1.792
1.093
1.070
1.308
1.326
0.927
1.066
1.088
1.267
1.113
1.495
1.442
1.288
1.256
1.262
0.834
1.222
0.726
1.629
1.658
1.431
0.955
0.807
0.993
1.573
1.531
1.263
1.149
1.060
0.845
1.357
2.399
0.932
0.770
1.214
0.933
1.068
1.241
1.242
1.028
0.993
1.253
1.355
1.632
1.319
1.505
1.526
1.705
2.136
1.799
1.823
1.204
0.650
0.929
1.505
1.471
1.386
1.426
1.545
1.926
1.550
1.459
1.245
1.195
1.143
1.175
1.289
1.216
1.254
1.643
1.564
1.106
1.117
1.012
1.235
1.141
0.871
1.030
0.913
1.260
0.864
1.022
1.654
1.786
0.910
0.983
1.307
0.801
0.895
1.317
1.141
0.956
0.894
0.717
0.773
0.965
1.144
1.340
1.662
1.475
1.550
1.454
1.466
1.469
1.023
1.310
0.818
0.853
0.939
1.029
0.989
1.261
0.738
0.887
1.152
1.271
0.868
1.034
1.555
1.715
1.525
1.046
1.167
0.868
0.964
0.803
0.724
1.472
1.725
1.781
1.258
0.970
1.159
1.618
1.177
1.597
0.808
0.944
1.045
1.365
1.480
1.054
1.412
1.608
1.571
0.944
0.968
1.093
1.428
1.079
1.060
1.174
0.943
1.453
1.512
1.086
0.935
1.188
0.863
1.222
1.105
1.373
1.114
1.288
1.516
1.249
1.172
1.426
1.037
1.119
1.150
1.554
1.092
1.507
1.286
1.565
0.832
0.955
1.663
1.243
1.423
0.949
1.219
0.912
1.050
0.843
1.368
1.358
0.992
1.473
1.592
1.360
1.202
0.618
1.114
1.609
1.374
1.414
1.354
1.291
1.322
1.375
1.367
1.603
1.299
1.169
1.052
0.936
0.875
1.464
1.786
1.517
0.971
1.000
1.598
1.138
0.872
0.725
1.007
1.343
1.135
0.908
1.292
0.944
1.346
0.942
1.126
0.585
0.614
0.778
0.998
1.352
1.246
1.318
1.249
1.215
1.745
1.525
1.573
1.484
1.150
0.740
0.601
0.785
0.834
0.962
1.066
1.205
1.457
1.248
0.899
0.875
1.182
1.175
0.946
0.980
1.345
1.039
0.973
1.192
0.943
0.814
1.113
1.142
0.874
0.813
0.885
0.964
1.864
1.089
1.463
1.715
0.749
0.814
0.857
0.656
0.996
0.866
1.178
0.844
0.926
0.824
1.209
0.702
0.902
1.027
0.803
0.709
1.014
1.294
1.029
1.240
0.893
1.540
0.938
0.863
1.090
1.511
1.390
1.310
0.795
2.187
1.970
1.270
1.059
1.215
1.206
1.384
1.302
1.386
0.990
0.873
1.142
1.136
1.149
1.078
0.776
1.121
0.881
0.665
0.603
0.689
0.778
0.872
0.894
0.878
0.766
0.634
1.005
0.518
0.724
0.805
0.981
0.840
0.949
1.285
1.498
1.131
0.897
1.950
1.565
1.445
0.724
0.934
0.685
0.831
0.726
0.940
1.172
1.161
1.563
1.506
1.516
1.338
0.840
1.322
1.059
1.111
1.213
1.025
1.119
1.138
1.051
1.172
1.006
0.887
1.072
1.201
0.985
0.865
1.950
0.904
0.488
0.743
1.072
0.833
0.992
1.408
1.958
2.513
2.088
1.512
0.950
0.875
1.113
1.080
1.177
0.780
1.179
1.017
1.186
1.285
1.451
1.672
1.028
1.001
1.297
0.867
1.266
1.230
0.440
0.951
0.999
1.117
1.067
1.319
1.045
0.964
1.453
1.408
1.317
1.391
0.966
0.647
1.420
1.132
0.754
1.113
2.036
2.104
2.122
2.132
1.562
1.016
0.866
0.933
1.299
1.188
1.191
1.035
1.397
1.536
1.172
1.208
0.858
1.216
1.033
1.272
0.864
1.373
1.580
1.464
1.542
1.575
1.666
1.342
1.425
1.057
1.298
0.987
1.829
1.215
0.987
1.257
1.857
1.550
1.765
1.401
1.279
0.980
1.313
0.781
1.076
1.296
1.183
1.902
1.515
1.373
1.422
0.872
1.082
0.594
0.891
0.831
0.891
1.139
1.266
1.458
0.754
1.160
0.821
1.257
0.712
1.106
1.296
1.223
1.751
1.416
1.325
1.370
1.072
1.101
1.090
1.406
2.154
1.548
1.237
1.430
1.526
1.079
1.179
0.725
0.812
1.084
1.157
1.143
0.850
1.252
1.322
1.078
0.865
1.267
1.556
1.517
1.561
1.240
1.057
1.354
1.379
1.507
1.028
1.169
1.087
0.826
0.910
1.372
1.310
1.564
1.719
1.361
1.306
1.061
0.936
0.870
1.270
1.640
0.828
1.078
1.050
1.054
1.560
1.141
0.911
0.964
0.782
1.050
1.172
1.117
0.929
0.963
0.852
1.179
1.139
1.026
1.388
0.991
1.040
1.009
1.285
0.996
0.828
1.012
1.293
1.116
1.109
1.479
0.978
1.346
1.109
0.920
1.369
1.763
1.194
0.837
1.272
1.374
1.075
1.503
1.462
1.488
1.188
1.477
0.695
1.004
1.033
1.039
1.081
1.348
1.240
1.371
0.947
0.721
0.891
0.965
1.229
1.060
0.881
0.959
0.958
1.034
1.236
1.541
0.905
0.941
0.935
0.889
0.907
1.042
0.986
0.751
0.977
1.214
1.387
0.919
1.230
1.175
1.023
1.030
1.152
1.253
0.661
0.939
1.181
0.815
0.854
1.151
0.759
0.707
1.230
1.143
1.047
0.634
1.369
1.313
1.296
0.924
1.139
1.109
1.080
0.909
0.937
1.331
1.256
0.974
0.783
0.623
0.986
1.302
1.075
0.694
1.338
1.395
1.445
1.652
1.708
1.542
1.425
1.286
1.640
1.703
1.653
1.284
1.141
0.952
1.053
0.867
0.879
0.570
0.976
0.981
0.971
0.762
1.412
1.415
1.439
0.726
1.276
1.115
0.745
0.747
0.660
0.809
0.511
1.630
1.329
1.010
1.145
0.556
0.695
1.108
0.726
1.435
0.993
1.114
1.112
1.265
0.714
0.957
0.768
1.033
1.209
1.248
1.015
0.871
1.064
0.804
1.220
0.759
0.949
0.957
1.168
0.845
0.849
1.123
0.889
0.733
0.626
0.583
1.178
1.370
1.100
1.038
0.796
0.717
0.925
1.202
1.057
0.897
0.743
1.368
0.793
0.821
0.672
0.612
0.972
1.120
1.348
1.006
0.964
0.846
0.971
0.910
1.137
1.310
1.063
1.331
1.238
1.336
1.469
1.366
1.802
2.494
1.955
1.266
0.731
0.872
1.106
0.758
1.009
1.077
1.344
1.088
1.070
1.065
1.004
0.959
1.633
1.265
2.152
1.510
1.106
1.040
2.403
2.332
0.985
1.592
1.291
0.748
1.069
1.198
1.620
1.012
0.603
1.457
2.056
2.380
2.087
1.389
0.954
1.362
1.370
1.410
1.105
1.378
1.204
1.095
1.292
1.107
1.145
1.340
0.927
1.339
1.041
1.278
1.046
1.109
1.448
1.567
1.248
1.162
1.316
1.501
1.056
1.725
1.637
0.724
1.296
1.245
1.273
1.241
1.288
1.037
1.031
1.102
1.232
1.268
0.988
0.810
0.939
1.016
1.135
0.905
0.535
0.707
0.802
1.083
0.931
1.374
1.470
1.382
1.510
1.007
1.394
0.985
0.655
0.939
0.808
0.721
1.017
0.955
0.868
0.915
1.129
1.040
1.391
1.285
1.665
1.155
1.092
1.281
1.832
1.269
0.990
1.369
0.851
1.130
1.170
0.935
0.915
1.404
1.280
0.902
1.334
1.246
1.246
1.746
1.814
1.294
1.686
1.512
1.255
1.418
1.027
0.913
0.889
1.489
1.644
1.792
1.536
1.356
1.312
1.361
1.529
1.501
1.465
1.161
1.707
1.642
1.462
1.378
0.623
1.289
1.025
1.142
1.082
1.036
1.168
1.199
1.490
1.308
1.835
2.051
1.349
1.529
0.729
0.925
0.904
0.996
1.351
0.863
0.916
1.438
1.137
0.974
1.060
0.659
1.327
0.981
0.776
0.685
0.880
1.606
1.721
1.363
0.930
1.234
1.493
0.969
1.135
0.927
0.672
0.979
0.779
0.572
1.046
1.242
0.807
1.369
0.798
0.892
1.107
1.053
0.846
0.820
1.176
1.430
0.687
1.122
1.140
1.031
0.768
1.228
1.254
0.634
0.994
1.005
1.376
0.953
1.124
1.061
0.963
1.127
1.334
1.203
0.817
1.151
0.848
0.943
0.630
0.839
1.544
1.320
0.847
0.842
0.885
1.090
1.332
0.683
0.649
0.821
1.094
0.835
0.846
1.684
1.297
0.840
0.650
0.785
1.446
1.361
1.126
0.736
0.740
0.970
0.649
1.024
0.814
0.833
1.410
1.304
1.356
1.691
1.302
1.304
1.005
1.753
1.519
0.977
1.057
0.742
0.850
0.728
0.637
0.590
1.013
1.600
1.483
0.857
1.002
0.684
0.813
1.151
1.431
1.131
0.931
1.070
1.170
0.968
0.722
1.171
1.020
1.188
0.864
0.520
0.856
0.861
0.796
0.852
0.605
0.891
0.860
1.002
1.426
1.211
0.893
2.200
0.528
1.316
1.437
1.436
0.966
0.957
1.125
0.843
0.782
0.960
1.037
1.285
1.342
1.588
1.507
1.091
0.751
0.912
1.202
0.728
1.029
1.495
1.353
1.544
1.672
1.784
1.362
0.984
0.716
1.130
1.018
1.226
1.401
1.146
1.768
1.942
1.075
0.846
1.069
0.947
1.170
1.161
0.803
1.192
1.886
1.343
1.574
1.423
0.863
0.913
1.115
0.980
1.175
1.236
1.030
1.449
1.133
0.948
1.273
1.447
1.056
1.665
0.920
1.090
1.404
0.978
0.959
1.043
